0.00000e+00 1.97998e+01 2.00601e+01 1.98664e+01 2.29981e-02
6.49296e-01 1.98126e+01 2.00503e+01 1.98491e+01 2.20908e-02
1.29859e+00 1.98624e+01 2.01701e+01 1.98647e+01 2.33989e-02
1.94789e+00 1.99346e+01 2.04121e+01 1.98992e+01 2.73178e-02
2.59718e+00 1.99960e+01 2.07653e+01 1.99206e+01 2.08663e-02
3.24648e+00 1.99924e+01 2.12017e+01 1.98724e+01 2.82533e-02
3.89577e+00 1.99153e+01 2.16380e+01 1.97303e+01 2.08509e-02
4.54507e+00 1.98499e+01 2.20934e+01 1.96182e+01 1.69573e-02
5.19437e+00 1.99372e+01 2.25430e+01 1.97853e+01 6.13277e-03
5.84366e+00 2.01379e+01 2.30463e+01 2.01933e+01 2.48788e-03
6.49296e+00 2.03942e+01 2.35351e+01 2.06566e+01 5.63732e-03
7.14225e+00 2.07098e+01 2.40652e+01 2.11104e+01 1.18555e-02
7.79155e+00 2.10420e+01 2.43007e+01 2.15263e+01 2.04836e-02
8.44085e+00 2.13602e+01 2.47665e+01 2.18974e+01 3.39443e-02
9.09014e+00 2.16676e+01 2.51285e+01 2.22517e+01 3.18424e-02
9.73944e+00 2.19519e+01 2.53676e+01 2.25757e+01 2.75385e-02
1.03887e+01 2.21714e+01 2.57415e+01 2.28110e+01 4.04042e-02
1.10380e+01 2.23374e+01 2.61083e+01 2.29727e+01 4.87860e-02
1.16873e+01 2.24974e+01 2.65157e+01 2.30613e+01 5.28240e-02
1.23366e+01 2.27106e+01 2.68638e+01 2.31145e+01 5.97967e-02
1.29859e+01 2.28178e+01 2.71277e+01 2.31032e+01 6.42332e-02
1.36352e+01 2.28881e+01 2.73669e+01 2.31672e+01 5.54568e-02
1.42845e+01 2.30052e+01 2.74784e+01 2.33469e+01 5.76447e-02
1.49338e+01 2.31713e+01 2.76223e+01 2.36003e+01 5.17994e-02
1.55831e+01 2.33380e+01 2.76908e+01 2.38448e+01 5.53272e-02
1.62324e+01 2.34769e+01 2.77420e+01 2.40498e+01 6.08608e-02
1.68817e+01 2.35808e+01 2.77594e+01 2.42080e+01 6.32039e-02
1.75310e+01 2.36413e+01 2.77969e+01 2.43000e+01 6.18261e-02
1.81803e+01 2.36341e+01 2.78670e+01 2.43021e+01 6.49679e-02
1.88296e+01 2.35684e+01 2.78967e+01 2.42465e+01 5.16735e-02
1.94789e+01 2.35086e+01 2.78744e+01 2.41627e+01 4.44760e-02
2.01282e+01 2.35659e+01 2.77347e+01 2.41138e+01 4.96897e-02
2.07775e+01 2.36513e+01 2.75191e+01 2.40387e+01 6.89025e-02
2.14268e+01 2.36706e+01 2.73000e+01 2.38658e+01 6.83498e-02
2.20761e+01 2.35823e+01 2.69739e+01 2.35768e+01 7.09304e-02
2.27254e+01 2.34536e+01 2.64741e+01 2.33379e+01 6.43998e-02
2.33746e+01 2.33939e+01 2.61382e+01 2.32714e+01 6.52318e-02
2.40239e+01 2.33556e+01 2.57511e+01 2.32421e+01 7.31164e-02
2.46732e+01 2.33482e+01 2.53490e+01 2.32217e+01 7.08553e-02
2.53225e+01 2.33223e+01 2.49457e+01 2.31389e+01 6.83269e-02
2.59718e+01 2.32429e+01 2.46467e+01 2.29914e+01 6.62584e-02
2.66211e+01 2.30933e+01 2.43073e+01 2.28241e+01 6.02709e-02
2.72704e+01 2.29412e+01 2.41246e+01 2.26511e+01 6.74747e-02
2.79197e+01 2.28430e+01 2.39952e+01 2.25442e+01 5.84266e-02
2.85690e+01 2.26947e+01 2.37901e+01 2.23905e+01 5.48352e-02
2.92183e+01 2.25305e+01 2.37397e+01 2.21816e+01 5.73037e-02
2.98676e+01 2.24132e+01 2.36746e+01 2.19941e+01 6.13128e-02
3.05169e+01 2.23412e+01 2.34837e+01 2.18741e+01 6.63624e-02
3.11662e+01 2.22134e+01 2.33510e+01 2.17725e+01 6.08539e-02
3.18155e+01 2.20170e+01 2.32068e+01 2.16760e+01 4.59240e-02
3.24648e+01 2.18903e+01 2.30698e+01 2.17255e+01 5.11269e-02
3.31141e+01 2.18385e+01 2.28971e+01 2.17926e+01 3.10311e-02
3.37634e+01 2.18078e+01 2.28183e+01 2.18160e+01 3.74792e-02
3.44127e+01 2.17965e+01 2.27179e+01 2.18498e+01 3.18541e-02
3.50620e+01 2.17249e+01 2.25818e+01 2.17901e+01 3.44926e-02
3.57113e+01 2.16608e+01 2.24483e+01 2.16594e+01 4.41961e-02
3.63606e+01 2.16567e+01 2.24199e+01 2.16086e+01 4.01600e-02
3.70099e+01 2.15749e+01 2.23985e+01 2.14781e+01 4.57950e-02
3.76592e+01 2.14445e+01 2.22744e+01 2.12972e+01 4.58766e-02
3.83085e+01 2.12707e+01 2.22358e+01 2.11483e+01 5.55549e-02
3.89577e+01 2.11066e+01 2.21473e+01 2.10441e+01 6.55337e-02
3.96070e+01 2.09640e+01 2.23206e+01 2.09923e+01 6.57253e-02
4.02563e+01 2.09214e+01 2.22168e+01 2.10766e+01 8.51125e-02
4.09056e+01 2.10229e+01 2.24458e+01 2.12513e+01 7.82743e-02
4.15549e+01 2.11785e+01 2.28809e+01 2.14066e+01 7.65412e-02
4.22042e+01 2.13607e+01 2.31026e+01 2.15864e+01 6.36246e-02
4.28535e+01 2.15596e+01 2.33715e+01 2.17993e+01 6.17457e-02
4.35028e+01 2.17605e+01 2.35681e+01 2.20028e+01 6.72616e-02
4.41521e+01 2.20585e+01 2.40007e+01 2.23424e+01 5.88502e-02
4.48014e+01 2.23455e+01 2.41235e+01 2.26767e+01 4.71744e-02
4.54507e+01 2.25998e+01 2.46624e+01 2.29340e+01 4.82079e-02
4.61000e+01 2.28077e+01 2.48152e+01 2.31205e+01 4.21524e-02
4.67493e+01 2.29614e+01 2.52323e+01 2.32427e+01 4.96061e-02
4.73986e+01 2.31270e+01 2.51840e+01 2.34192e+01 4.44144e-02
4.80479e+01 2.32623e+01 2.54355e+01 2.36451e+01 3.76803e-02
4.86972e+01 2.32849e+01 2.57876e+01 2.38063e+01 4.17188e-02
4.93465e+01 2.33482e+01 2.58665e+01 2.40334e+01 4.77833e-02
4.99958e+01 2.35167e+01 2.59954e+01 2.42480e+01 5.46385e-02
5.06451e+01 2.36350e+01 2.60685e+01 2.43886e+01 6.39037e-02
5.12944e+01 2.37071e+01 2.60623e+01 2.44286e+01 7.03021e-02
5.19437e+01 2.37731e+01 2.62321e+01 2.44306e+01 6.80281e-02
5.25930e+01 2.37884e+01 2.64391e+01 2.43655e+01 7.00878e-02
5.32423e+01 2.38139e+01 2.65034e+01 2.42586e+01 8.14527e-02
5.38916e+01 2.39239e+01 2.65457e+01 2.42525e+01 6.62914e-02
5.45408e+01 2.40080e+01 2.66142e+01 2.42282e+01 7.12738e-02
5.51901e+01 2.40703e+01 2.67009e+01 2.41663e+01 7.75279e-02
5.58394e+01 2.41615e+01 2.69130e+01 2.40987e+01 7.92478e-02
5.64887e+01 2.43473e+01 2.70979e+01 2.41401e+01 8.87509e-02
5.71380e+01 2.46095e+01 2.74437e+01 2.42986e+01 8.67898e-02
5.77873e+01 2.49351e+01 2.77425e+01 2.45474e+01 8.19001e-02
5.84366e+01 2.53031e+01 2.79575e+01 2.48633e+01 8.83549e-02
5.90859e+01 2.57513e+01 2.82404e+01 2.52917e+01 8.50155e-02
5.97352e+01 2.62347e+01 2.84277e+01 2.57205e+01 7.52010e-02
6.03845e+01 2.66502e+01 2.89113e+01 2.60846e+01 8.27812e-02
6.10338e+01 2.70105e+01 2.93272e+01 2.64108e+01 7.71165e-02
6.16831e+01 2.73177e+01 2.97627e+01 2.67263e+01 8.61784e-02
6.23324e+01 2.76089e+01 3.02704e+01 2.70380e+01 7.74919e-02
6.29817e+01 2.79772e+01 3.07154e+01 2.74207e+01 8.11018e-02
6.36310e+01 2.82706e+01 3.11864e+01 2.77667e+01 8.14568e-02
6.42803e+01 2.84821e+01 3.16067e+01 2.80202e+01 8.83358e-02
6.49296e+01 2.86039e+01 3.21045e+01 2.81428e+01 9.66561e-02
6.55789e+01 2.87091e+01 3.24769e+01 2.82289e+01 1.03587e-01
6.62282e+01 2.90184e+01 3.28871e+01 2.86294e+01 1.01065e-01
6.68775e+01 2.93447e+01 3.33423e+01 2.91086e+01 8.76990e-02
6.75268e+01 2.95998e+01 3.38430e+01 2.94892e+01 8.21667e-02
6.81761e+01 2.97753e+01 3.41397e+01 2.97339e+01 6.65808e-02
6.88254e+01 2.98826e+01 3.44167e+01 2.98853e+01 7.51964e-02
6.94747e+01 3.00186e+01 3.49407e+01 2.99956e+01 7.18235e-02
7.01239e+01 3.00924e+01 3.53596e+01 2.99946e+01 7.75840e-02
7.07732e+01 3.01023e+01 3.57474e+01 2.99181e+01 7.61767e-02
7.14225e+01 3.00618e+01 3.60774e+01 2.98325e+01 7.76976e-02
7.20718e+01 2.99428e+01 3.63819e+01 2.97293e+01 7.60170e-02
7.27211e+01 2.97489e+01 3.66783e+01 2.95570e+01 8.63775e-02
7.33704e+01 2.95668e+01 3.70148e+01 2.93368e+01 8.10324e-02
7.40197e+01 2.94230e+01 3.74492e+01 2.91155e+01 8.24169e-02
7.46690e+01 2.92191e+01 3.77382e+01 2.88600e+01 9.36417e-02
7.53183e+01 2.91400e+01 3.80208e+01 2.88086e+01 9.59214e-02
7.59676e+01 2.93697e+01 3.83286e+01 2.92006e+01 8.79046e-02
7.66169e+01 2.95753e+01 3.86804e+01 2.95215e+01 6.05044e-02
7.72662e+01 2.96677e+01 3.90065e+01 2.96673e+01 5.93605e-02
7.79155e+01 2.97703e+01 3.93764e+01 2.97627e+01 6.20344e-02
7.85648e+01 2.99294e+01 3.97612e+01 2.98383e+01 5.56060e-02
7.92141e+01 3.00641e+01 4.00864e+01 2.98974e+01 5.65336e-02
7.98634e+01 3.01477e+01 4.03349e+01 2.99544e+01 5.04706e-02
8.05127e+01 3.01360e+01 4.06393e+01 2.99475e+01 4.48844e-02
8.11620e+01 2.99830e+01 4.08931e+01 2.98144e+01 3.42081e-02
8.18113e+01 2.96872e+01 4.10726e+01 2.95748e+01 3.71714e-02
8.24606e+01 2.93215e+01 4.11867e+01 2.93086e+01 3.85970e-02
8.31099e+01 2.89269e+01 4.13244e+01 2.89164e+01 3.41482e-02
8.37592e+01 2.84560e+01 4.15495e+01 2.83902e+01 2.79885e-02
8.44085e+01 2.79368e+01 4.18689e+01 2.79456e+01 2.31717e-02
8.50577e+01 2.75921e+01 4.18859e+01 2.77455e+01 2.97478e-02
8.57070e+01 2.73490e+01 4.19387e+01 2.74785e+01 4.78011e-02
8.63563e+01 2.70264e+01 4.21363e+01 2.70364e+01 4.67594e-02
8.70056e+01 2.66753e+01 4.24132e+01 2.66257e+01 4.83852e-02
8.76549e+01 2.62885e+01 4.28120e+01 2.62638e+01 4.72046e-02
8.83042e+01 2.58705e+01 4.32684e+01 2.58671e+01 6.23198e-02
8.89535e+01 2.54691e+01 4.38262e+01 2.54459e+01 6.62352e-02
8.96028e+01 2.51838e+01 4.44564e+01 2.50916e+01 6.46709e-02
9.02521e+01 2.51349e+01 4.50036e+01 2.50002e+01 7.06160e-02
9.09014e+01 2.51691e+01 4.56551e+01 2.50741e+01 5.79487e-02
9.15507e+01 2.52294e+01 4.62893e+01 2.51821e+01 4.43334e-02
9.22000e+01 2.54081e+01 4.69954e+01 2.53533e+01 3.20001e-02
9.28493e+01 2.54822e+01 4.76389e+01 2.53227e+01 3.52464e-02
9.34986e+01 2.55169e+01 4.83765e+01 2.52347e+01 2.94880e-02
9.41479e+01 2.55902e+01 4.90227e+01 2.52747e+01 2.97047e-02
9.47972e+01 2.56982e+01 4.96931e+01 2.54411e+01 2.62099e-02
9.54465e+01 2.57544e+01 5.01184e+01 2.56725e+01 3.68300e-02
9.60958e+01 2.57940e+01 5.05218e+01 2.59431e+01 4.30767e-02
9.67451e+01 2.57930e+01 5.09616e+01 2.61367e+01 4.15007e-02
9.73944e+01 2.56615e+01 5.13884e+01 2.62106e+01 3.71143e-02
9.80437e+01 2.53635e+01 5.16720e+01 2.61870e+01 2.74727e-02
9.86930e+01 2.51116e+01 5.19623e+01 2.61315e+01 2.36314e-02
9.93423e+01 2.49887e+01 5.21867e+01 2.59892e+01 1.29866e-02
9.99916e+01 2.48122e+01 5.23178e+01 2.56489e+01 1.44695e-02
1.00641e+02 2.43416e+01 5.23104e+01 2.48991e+01 8.02706e-03
1.01290e+02 2.36097e+01 5.22645e+01 2.37653e+01 5.98031e-03
1.01939e+02 2.27697e+01 5.22997e+01 2.26009e+01 1.35048e-02
1.02589e+02 2.22015e+01 5.22955e+01 2.19215e+01 2.23984e-02
1.03238e+02 2.19953e+01 5.22996e+01 2.16423e+01 3.00529e-02
1.03887e+02 2.18434e+01 5.21847e+01 2.15080e+01 3.73644e-02
1.04537e+02 2.18976e+01 5.20119e+01 2.16712e+01 3.51039e-02
1.05186e+02 2.21023e+01 5.20067e+01 2.18799e+01 2.51952e-02
1.05835e+02 2.23522e+01 5.20768e+01 2.21944e+01 4.20010e-02
1.06485e+02 2.25250e+01 5.23459e+01 2.25192e+01 4.65317e-02
1.07134e+02 2.26381e+01 5.26664e+01 2.27739e+01 4.86350e-02
1.07783e+02 2.27165e+01 5.30034e+01 2.29498e+01 5.60274e-02
1.08432e+02 2.27580e+01 5.33227e+01 2.29977e+01 4.69520e-02
1.09082e+02 2.27275e+01 5.36264e+01 2.29432e+01 4.87173e-02
1.09731e+02 2.26501e+01 5.39005e+01 2.29021e+01 5.24908e-02
1.10380e+02 2.27574e+01 5.42730e+01 2.29553e+01 4.29986e-02
1.11030e+02 2.29330e+01 5.47076e+01 2.30303e+01 3.76709e-02
1.11679e+02 2.30550e+01 5.51039e+01 2.30435e+01 4.24223e-02
1.12328e+02 2.30363e+01 5.55309e+01 2.29788e+01 4.88977e-02
1.12977e+02 2.28013e+01 5.58938e+01 2.26975e+01 5.55043e-02
1.13627e+02 2.26945e+01 5.63366e+01 2.25284e+01 5.98293e-02
1.14276e+02 2.26672e+01 5.67025e+01 2.23453e+01 6.10449e-02
1.14925e+02 2.23875e+01 5.69866e+01 2.19654e+01 6.16820e-02
1.15575e+02 2.23930e+01 5.73183e+01 2.19233e+01 5.60134e-02
1.16224e+02 2.26969e+01 5.74765e+01 2.23058e+01 6.31695e-02
1.16873e+02 2.30952e+01 5.76924e+01 2.28515e+01 6.57285e-02
1.17523e+02 2.34134e+01 5.79051e+01 2.33647e+01 6.28334e-02
1.18172e+02 2.37068e+01 5.80824e+01 2.38141e+01 6.78259e-02
1.18821e+02 2.39619e+01 5.81562e+01 2.41538e+01 6.22936e-02
1.19470e+02 2.40772e+01 5.82222e+01 2.42664e+01 7.31624e-02
1.20120e+02 2.41426e+01 5.82875e+01 2.43524e+01 7.90167e-02
1.20769e+02 2.40393e+01 5.82524e+01 2.42656e+01 6.38043e-02
1.21418e+02 2.41044e+01 5.81924e+01 2.41717e+01 6.34872e-02
1.22068e+02 2.41345e+01 5.82470e+01 2.39932e+01 5.93718e-02
1.22717e+02 2.40160e+01 5.82342e+01 2.36878e+01 6.16695e-02
1.23366e+02 2.37462e+01 5.82127e+01 2.33698e+01 7.47132e-02
1.24015e+02 2.34300e+01 5.80007e+01 2.30909e+01 6.48860e-02
1.24665e+02 2.32111e+01 5.77730e+01 2.29533e+01 7.50615e-02
1.25314e+02 2.32070e+01 5.75233e+01 2.30878e+01 8.36003e-02
1.25963e+02 2.31182e+01 5.74085e+01 2.30943e+01 9.05864e-02
1.26613e+02 2.30609e+01 5.72336e+01 2.30650e+01 8.82937e-02
1.27262e+02 2.33025e+01 5.71007e+01 2.33452e+01 8.76114e-02
1.27911e+02 2.36380e+01 5.69098e+01 2.39498e+01 9.12117e-02
1.28561e+02 2.39385e+01 5.69274e+01 2.46035e+01 8.61630e-02
1.29210e+02 2.41043e+01 5.67999e+01 2.50076e+01 7.53796e-02
1.29859e+02 2.40784e+01 5.64852e+01 2.51184e+01 7.21922e-02
1.30508e+02 2.38294e+01 5.62449e+01 2.49496e+01 6.33704e-02
1.31158e+02 2.35817e+01 5.59339e+01 2.47288e+01 6.87162e-02
1.31807e+02 2.34713e+01 5.57298e+01 2.45857e+01 7.68722e-02
1.32456e+02 2.35473e+01 5.54334e+01 2.44958e+01 6.99989e-02
1.33106e+02 2.38122e+01 5.53573e+01 2.44332e+01 6.75794e-02
1.33755e+02 2.40315e+01 5.49592e+01 2.42687e+01 6.26947e-02
1.34404e+02 2.40516e+01 5.48639e+01 2.38689e+01 6.41643e-02
1.35054e+02 2.39338e+01 5.47925e+01 2.34147e+01 7.16476e-02
1.35703e+02 2.37966e+01 5.47348e+01 2.31485e+01 6.90527e-02
1.36352e+02 2.36478e+01 5.47535e+01 2.31013e+01 7.72236e-02
1.37001e+02 2.34329e+01 5.47962e+01 2.30241e+01 7.86092e-02
1.37651e+02 2.31822e+01 5.48534e+01 2.28427e+01 8.79354e-02
1.38300e+02 2.29949e+01 5.49458e+01 2.28095e+01 9.45844e-02
1.38949e+02 2.31616e+01 5.51197e+01 2.30831e+01 1.03285e-01
1.39599e+02 2.34637e+01 5.53793e+01 2.34633e+01 9.32788e-02
1.40248e+02 2.36829e+01 5.55766e+01 2.37747e+01 8.84301e-02
1.40897e+02 2.38842e+01 5.57314e+01 2.40496e+01 8.16670e-02
1.41546e+02 2.41107e+01 5.58975e+01 2.43199e+01 8.68500e-02
1.42196e+02 2.41934e+01 5.59623e+01 2.44250e+01 1.02737e-01
1.42845e+02 2.42508e+01 5.60154e+01 2.44848e+01 9.18079e-02
1.43494e+02 2.42005e+01 5.61015e+01 2.43925e+01 1.03237e-01
1.44144e+02 2.40985e+01 5.61459e+01 2.42236e+01 9.34498e-02
1.44793e+02 2.41526e+01 5.60915e+01 2.41820e+01 8.93290e-02
1.45442e+02 2.42955e+01 5.61667e+01 2.43950e+01 9.17225e-02
1.46092e+02 2.43251e+01 5.62014e+01 2.46117e+01 8.48879e-02
1.46741e+02 2.43388e+01 5.62052e+01 2.47509e+01 8.78429e-02
1.47390e+02 2.44734e+01 5.62277e+01 2.48558e+01 1.00004e-01
1.48039e+02 2.46166e+01 5.61283e+01 2.48621e+01 1.01468e-01
1.48689e+02 2.47191e+01 5.60853e+01 2.48349e+01 1.09123e-01
1.49338e+02 2.47505e+01 5.63138e+01 2.47680e+01 1.06789e-01
1.49987e+02 2.45458e+01 5.61442e+01 2.45465e+01 1.02962e-01
1.50637e+02 2.40010e+01 5.59398e+01 2.40204e+01 1.03108e-01
1.51286e+02 2.38459e+01 5.57553e+01 2.37905e+01 9.96231e-02
1.51935e+02 2.35162e+01 5.56199e+01 2.34601e+01 9.87204e-02
1.52585e+02 2.30441e+01 5.55420e+01 2.30864e+01 9.64937e-02
1.53234e+02 2.27871e+01 5.56505e+01 2.31333e+01 1.05697e-01
1.53883e+02 2.25061e+01 5.56090e+01 2.30282e+01 1.09708e-01
1.54532e+02 2.22326e+01 5.56479e+01 2.28089e+01 1.20308e-01
1.55182e+02 2.21404e+01 5.59209e+01 2.26777e+01 1.13132e-01
1.55831e+02 2.19845e+01 5.61895e+01 2.23559e+01 9.32197e-02
1.56480e+02 2.19518e+01 5.65566e+01 2.22380e+01 9.41219e-02
1.57130e+02 2.18803e+01 5.68979e+01 2.22462e+01 8.68923e-02
1.57779e+02 2.19142e+01 5.72779e+01 2.24642e+01 8.27782e-02
1.58428e+02 2.20957e+01 5.74500e+01 2.28407e+01 8.83981e-02
1.59077e+02 2.20841e+01 5.73644e+01 2.29748e+01 9.29202e-02
1.59727e+02 2.17846e+01 5.69889e+01 2.27456e+01 8.86786e-02
1.60376e+02 2.16652e+01 5.68115e+01 2.25608e+01 8.60523e-02
1.61025e+02 2.15906e+01 5.68979e+01 2.22100e+01 8.53168e-02
1.61675e+02 2.16702e+01 5.70791e+01 2.18743e+01 9.84970e-02
1.62324e+02 2.20137e+01 5.73382e+01 2.19432e+01 1.02337e-01
1.62973e+02 2.22237e+01 5.74553e+01 2.19838e+01 9.58002e-02
1.63623e+02 2.23640e+01 5.77523e+01 2.20277e+01 1.00668e-01
1.64272e+02 2.24347e+01 5.80821e+01 2.20263e+01 9.38154e-02
1.64921e+02 2.24185e+01 5.83541e+01 2.19859e+01 9.16547e-02
1.65570e+02 2.24570e+01 5.87200e+01 2.21282e+01 9.03180e-02
1.66220e+02 2.25398e+01 5.87189e+01 2.23454e+01 9.50115e-02
1.66869e+02 2.25076e+01 5.89131e+01 2.23495e+01 1.00138e-01
1.67518e+02 2.24640e+01 5.90200e+01 2.22987e+01 1.03136e-01
1.68168e+02 2.26786e+01 5.94271e+01 2.26205e+01 9.12212e-02
1.68817e+02 2.27762e+01 5.96494e+01 2.26799e+01 9.76742e-02
1.69466e+02 2.28300e+01 5.98668e+01 2.25352e+01 9.73273e-02
1.70115e+02 2.25769e+01 6.00481e+01 2.21045e+01 9.12213e-02
1.70765e+02 2.21991e+01 5.98702e+01 2.17249e+01 9.06150e-02
1.71414e+02 2.18961e+01 5.98990e+01 2.14905e+01 6.97064e-02
1.72063e+02 2.16196e+01 5.99216e+01 2.12910e+01 6.83917e-02
1.72713e+02 2.13838e+01 6.00807e+01 2.11237e+01 7.58939e-02
1.73362e+02 2.14190e+01 6.01080e+01 2.13957e+01 7.47747e-02
1.74011e+02 2.12299e+01 6.01065e+01 2.13961e+01 7.74027e-02
1.74661e+02 2.09201e+01 5.99236e+01 2.13510e+01 6.73751e-02
1.75310e+02 2.07768e+01 5.99820e+01 2.13208e+01 5.77559e-02
1.75959e+02 2.06056e+01 5.98286e+01 2.10379e+01 5.83573e-02
1.76608e+02 2.03455e+01 5.96194e+01 2.06376e+01 6.19075e-02
1.77258e+02 2.02878e+01 5.94336e+01 2.04177e+01 6.46389e-02
1.77907e+02 2.01900e+01 5.92903e+01 2.02228e+01 6.38256e-02
1.78556e+02 1.99470e+01 5.90200e+01 2.00682e+01 5.77339e-02
1.79206e+02 1.97608e+01 5.86557e+01 1.98104e+01 6.23963e-02
1.79855e+02 1.95038e+01 5.83523e+01 1.93927e+01 8.03394e-02
1.80504e+02 1.91733e+01 5.80753e+01 1.90660e+01 7.24033e-02
1.81154e+02 1.90335e+01 5.79954e+01 1.89600e+01 9.03350e-02
1.81803e+02 1.90743e+01 5.77299e+01 1.90228e+01 9.40820e-02
1.82452e+02 1.91663e+01 5.77184e+01 1.92036e+01 8.85377e-02
1.83101e+02 1.95988e+01 5.78116e+01 1.96803e+01 9.77963e-02
1.83751e+02 2.01055e+01 5.79800e+01 2.01016e+01 9.94311e-02
1.84400e+02 2.04459e+01 5.81334e+01 2.04003e+01 1.02156e-01
1.85049e+02 2.09075e+01 5.84349e+01 2.07865e+01 1.00070e-01
1.85699e+02 2.13150e+01 5.86361e+01 2.10535e+01 8.68751e-02
1.86348e+02 2.14298e+01 5.87164e+01 2.12128e+01 8.50802e-02
1.86997e+02 2.13382e+01 5.87723e+01 2.11468e+01 8.88006e-02
1.87646e+02 2.10663e+01 5.88014e+01 2.08592e+01 9.13361e-02
1.88296e+02 2.11611e+01 5.88035e+01 2.10647e+01 8.96924e-02
1.88945e+02 2.13000e+01 5.89268e+01 2.13137e+01 8.27243e-02
1.89594e+02 2.12733e+01 5.88484e+01 2.14380e+01 8.17234e-02
1.90244e+02 2.13860e+01 5.86350e+01 2.15954e+01 8.05841e-02
1.90893e+02 2.15200e+01 5.84556e+01 2.16685e+01 8.87259e-02
1.91542e+02 2.17309e+01 5.83043e+01 2.19357e+01 8.42143e-02
1.92192e+02 2.16631e+01 5.82697e+01 2.19976e+01 8.19479e-02
1.92841e+02 2.14428e+01 5.80980e+01 2.17627e+01 8.00498e-02
1.93490e+02 2.16582e+01 5.79161e+01 2.19407e+01 8.57044e-02
1.94139e+02 2.17432e+01 5.76747e+01 2.20550e+01 9.58161e-02
1.94789e+02 2.15382e+01 5.73839e+01 2.18476e+01 1.10748e-01
1.95438e+02 2.12386e+01 5.71627e+01 2.14326e+01 1.08605e-01
1.96087e+02 2.10082e+01 5.69713e+01 2.08728e+01 1.07649e-01
1.96737e+02 2.08770e+01 5.69034e+01 2.03968e+01 1.11334e-01
1.97386e+02 2.08651e+01 5.68124e+01 2.04103e+01 1.05487e-01
1.98035e+02 2.09564e+01 5.66387e+01 2.08180e+01 1.03144e-01
1.98685e+02 2.09947e+01 5.64097e+01 2.11015e+01 1.21234e-01
1.99334e+02 2.09926e+01 5.61839e+01 2.12158e+01 1.27961e-01
1.99983e+02 2.12181e+01 5.58361e+01 2.15275e+01 1.25140e-01
2.00632e+02 2.13843e+01 5.54357e+01 2.19790e+01 1.12991e-01
2.01282e+02 2.15551e+01 5.51764e+01 2.23403e+01 1.12777e-01
2.01931e+02 2.17012e+01 5.49227e+01 2.22155e+01 1.15841e-01
2.02580e+02 2.16976e+01 5.46613e+01 2.18802e+01 1.18064e-01
2.03230e+02 2.18514e+01 5.42623e+01 2.18911e+01 1.21393e-01
2.03879e+02 2.17708e+01 5.40066e+01 2.18172e+01 1.27332e-01
2.04528e+02 2.15944e+01 5.36069e+01 2.17618e+01 1.33144e-01
2.05177e+02 2.18803e+01 5.32225e+01 2.20852e+01 1.34199e-01
2.05827e+02 2.19290e+01 5.28436e+01 2.22192e+01 1.36329e-01
2.06476e+02 2.17776e+01 5.27397e+01 2.21866e+01 1.26640e-01
2.07125e+02 2.17197e+01 5.30123e+01 2.20935e+01 1.30400e-01
2.07775e+02 2.17321e+01 5.29204e+01 2.21162e+01 1.30697e-01
2.08424e+02 2.18737e+01 5.27481e+01 2.21728e+01 1.40332e-01
2.09073e+02 2.22031e+01 5.30201e+01 2.23189e+01 1.41077e-01
2.09723e+02 2.24185e+01 5.29027e+01 2.23025e+01 1.33672e-01
2.10372e+02 2.24051e+01 5.30363e+01 2.21146e+01 1.22094e-01
2.11021e+02 2.22374e+01 5.36630e+01 2.17051e+01 1.19762e-01
2.11670e+02 2.18528e+01 5.41911e+01 2.11851e+01 1.16832e-01
2.12320e+02 2.18017e+01 5.46075e+01 2.12910e+01 1.11658e-01
2.12969e+02 2.18681e+01 5.46383e+01 2.13895e+01 1.15184e-01
2.13618e+02 2.18166e+01 5.47303e+01 2.13401e+01 1.03267e-01
2.14268e+02 2.16725e+01 5.47567e+01 2.11887e+01 9.80969e-02
2.14917e+02 2.16025e+01 5.52389e+01 2.09794e+01 9.42897e-02
2.15566e+02 2.15018e+01 5.51083e+01 2.07776e+01 9.70210e-02
2.16215e+02 2.13404e+01 5.51055e+01 2.06896e+01 9.68743e-02
2.16865e+02 2.14073e+01 5.45733e+01 2.09972e+01 9.23483e-02
2.17514e+02 2.12211e+01 5.40161e+01 2.09705e+01 1.00200e-01
2.18163e+02 2.07857e+01 5.36490e+01 2.06226e+01 1.00559e-01
2.18813e+02 2.03074e+01 5.35031e+01 2.01633e+01 1.11693e-01
2.19462e+02 1.97983e+01 5.32234e+01 1.97003e+01 1.09335e-01
2.20111e+02 1.95492e+01 5.29689e+01 1.94935e+01 1.13287e-01
2.20761e+02 1.94784e+01 5.27062e+01 1.96849e+01 1.02217e-01
2.21410e+02 1.96641e+01 5.28137e+01 2.00201e+01 1.01647e-01
2.22059e+02 1.98119e+01 5.21987e+01 2.01723e+01 9.11718e-02
2.22708e+02 1.97792e+01 5.14760e+01 2.03107e+01 9.07395e-02
2.23358e+02 1.97004e+01 5.07780e+01 2.04705e+01 9.45463e-02
2.24007e+02 1.97633e+01 5.01724e+01 2.04028e+01 9.33513e-02
2.24656e+02 1.97049e+01 4.95436e+01 2.02001e+01 9.83968e-02
2.25306e+02 1.97881e+01 4.96676e+01 2.02353e+01 8.50490e-02
2.25955e+02 1.95967e+01 4.91989e+01 1.99131e+01 6.93829e-02
2.26604e+02 1.93082e+01 4.86715e+01 1.96459e+01 6.05253e-02
2.27254e+02 1.90404e+01 4.82822e+01 1.94005e+01 4.12030e-02
2.27903e+02 1.90563e+01 4.82994e+01 1.92497e+01 3.29447e-02
2.28552e+02 1.90279e+01 4.82317e+01 1.91763e+01 2.67856e-02
2.29201e+02 1.88053e+01 4.76771e+01 1.89125e+01 2.14429e-02
2.29851e+02 1.84909e+01 4.71193e+01 1.85632e+01 1.79707e-02
2.30500e+02 1.80572e+01 4.67826e+01 1.82199e+01 1.70376e-02
2.31149e+02 1.77442e+01 4.63444e+01 1.79242e+01 1.15543e-02
2.31799e+02 1.75815e+01 4.63165e+01 1.76396e+01 1.67251e-02
2.32448e+02 1.75715e+01 4.62206e+01 1.74270e+01 8.38381e-03
2.33097e+02 1.77336e+01 4.63279e+01 1.75019e+01 2.80527e-02
2.33746e+02 1.81315e+01 4.62779e+01 1.77603e+01 4.11103e-02
2.34396e+02 1.85412e+01 4.57074e+01 1.80099e+01 5.88334e-02
2.35045e+02 1.85056e+01 4.55811e+01 1.81488e+01 7.00824e-02
2.35694e+02 1.83885e+01 4.56227e+01 1.82771e+01 7.30611e-02
2.36344e+02 1.84246e+01 4.57888e+01 1.84308e+01 7.06173e-02
2.36993e+02 1.85028e+01 4.56869e+01 1.86953e+01 7.01919e-02
2.37642e+02 1.86097e+01 4.54798e+01 1.89498e+01 7.46413e-02
2.38292e+02 1.87371e+01 4.51836e+01 1.91987e+01 7.46080e-02
2.38941e+02 1.89969e+01 4.52369e+01 1.93629e+01 8.34177e-02
2.39590e+02 1.93996e+01 4.52669e+01 1.94746e+01 7.97400e-02
2.40239e+02 1.96574e+01 4.54064e+01 1.95485e+01 7.43198e-02
2.40889e+02 1.96075e+01 4.56515e+01 1.96344e+01 7.28097e-02
2.41538e+02 1.94060e+01 4.57126e+01 1.98183e+01 7.78565e-02
2.42187e+02 1.94567e+01 4.57661e+01 2.00387e+01 7.51289e-02
2.42837e+02 1.94799e+01 4.57625e+01 2.02043e+01 7.01403e-02
2.43486e+02 1.90967e+01 4.61661e+01 1.98427e+01 9.10081e-02
2.44135e+02 1.87277e+01 4.66807e+01 1.90549e+01 8.80276e-02
2.44785e+02 1.87679e+01 4.70807e+01 1.88312e+01 8.67380e-02
2.45434e+02 1.91743e+01 4.70972e+01 1.92045e+01 9.29310e-02
2.46083e+02 1.95811e+01 4.73763e+01 1.96013e+01 1.06057e-01
2.46732e+02 1.99509e+01 4.74746e+01 1.98726e+01 8.67173e-02
2.47382e+02 2.01123e+01 4.77684e+01 1.99222e+01 8.15184e-02
2.48031e+02 2.01478e+01 4.80468e+01 2.00053e+01 7.91029e-02
2.48680e+02 1.98888e+01 4.83936e+01 1.98285e+01 9.06409e-02
2.49330e+02 1.95218e+01 4.82886e+01 1.95995e+01 9.32909e-02
2.49979e+02 1.91178e+01 4.80401e+01 1.92526e+01 8.21923e-02
2.50628e+02 1.87659e+01 4.77264e+01 1.88009e+01 8.72624e-02
2.51277e+02 1.84993e+01 4.72875e+01 1.82762e+01 9.69643e-02
2.51927e+02 1.82514e+01 4.68605e+01 1.77279e+01 9.00637e-02
2.52576e+02 1.79301e+01 4.66797e+01 1.73239e+01 1.00121e-01
2.53225e+02 1.76876e+01 4.63625e+01 1.71242e+01 1.05120e-01
2.53875e+02 1.77265e+01 4.58822e+01 1.73270e+01 1.00995e-01
2.54524e+02 1.77923e+01 4.53171e+01 1.75818e+01 9.48135e-02
2.55173e+02 1.80038e+01 4.48002e+01 1.79210e+01 1.03416e-01
2.55823e+02 1.80577e+01 4.43892e+01 1.80999e+01 1.02894e-01
2.56472e+02 1.78578e+01 4.42671e+01 1.79234e+01 9.09801e-02
2.57121e+02 1.79133e+01 4.42062e+01 1.79798e+01 8.74929e-02
2.57770e+02 1.81024e+01 4.39779e+01 1.80844e+01 9.11053e-02
2.58420e+02 1.80569e+01 4.37004e+01 1.78837e+01 9.48073e-02
2.59069e+02 1.77604e+01 4.33808e+01 1.73401e+01 1.09994e-01
2.59718e+02 1.73799e+01 4.30325e+01 1.69986e+01 1.18809e-01
2.60368e+02 1.75001e+01 4.24191e+01 1.72941e+01 1.23628e-01
2.61017e+02 1.80259e+01 4.18863e+01 1.80345e+01 1.12551e-01
2.61666e+02 1.85228e+01 4.14506e+01 1.85798e+01 1.16611e-01
2.62316e+02 1.88468e+01 4.11927e+01 1.88878e+01 1.14290e-01
2.62965e+02 1.92270e+01 4.09564e+01 1.94682e+01 1.06604e-01
2.63614e+02 1.93663e+01 4.08585e+01 1.98498e+01 9.69165e-02
2.64263e+02 1.93071e+01 4.08873e+01 2.00388e+01 9.95719e-02
2.64913e+02 1.90187e+01 4.03271e+01 1.98554e+01 8.72566e-02
2.65562e+02 1.86898e+01 3.97106e+01 1.93593e+01 8.65680e-02
2.66211e+02 1.87081e+01 3.93448e+01 1.91025e+01 7.79035e-02
2.66861e+02 1.87723e+01 3.90628e+01 1.88573e+01 8.47439e-02
2.67510e+02 1.86887e+01 3.85772e+01 1.85494e+01 8.48606e-02
2.68159e+02 1.84711e+01 3.88768e+01 1.81698e+01 9.36224e-02
2.68808e+02 1.83145e+01 3.91568e+01 1.79613e+01 9.43536e-02
2.69458e+02 1.84989e+01 3.94999e+01 1.80662e+01 1.01087e-01
2.70107e+02 1.83309e+01 3.91049e+01 1.79705e+01 9.36372e-02
2.70756e+02 1.80714e+01 3.94557e+01 1.80111e+01 9.11094e-02
2.71406e+02 1.81873e+01 4.02578e+01 1.82689e+01 9.00114e-02
2.72055e+02 1.83375e+01 4.04975e+01 1.84666e+01 9.45190e-02
2.72704e+02 1.82339e+01 3.96388e+01 1.84363e+01 9.59494e-02
2.73354e+02 1.86418e+01 3.96205e+01 1.86055e+01 9.88107e-02
2.74003e+02 1.88879e+01 3.95048e+01 1.86030e+01 9.48545e-02
2.74652e+02 1.88779e+01 3.95636e+01 1.85307e+01 1.08338e-01
2.75301e+02 1.85704e+01 3.95595e+01 1.82937e+01 1.06878e-01
2.75951e+02 1.83116e+01 3.98721e+01 1.81802e+01 1.18685e-01
2.76600e+02 1.81669e+01 4.05048e+01 1.82447e+01 1.18284e-01
2.77249e+02 1.81434e+01 4.13309e+01 1.83593e+01 1.25366e-01
2.77899e+02 1.81689e+01 4.15768e+01 1.84314e+01 1.21507e-01
2.78548e+02 1.83652e+01 4.19489e+01 1.85594e+01 1.30825e-01
2.79197e+02 1.87522e+01 4.21727e+01 1.89365e+01 1.19773e-01
2.79846e+02 1.91369e+01 4.21837e+01 1.92004e+01 1.01350e-01
2.80496e+02 1.93221e+01 4.23953e+01 1.93312e+01 1.03173e-01
2.81145e+02 1.92836e+01 4.28246e+01 1.91531e+01 9.16559e-02
2.81794e+02 1.89884e+01 4.30646e+01 1.88961e+01 9.48408e-02
2.82444e+02 1.86017e+01 4.33244e+01 1.86510e+01 8.17038e-02
2.83093e+02 1.84644e+01 4.36358e+01 1.85840e+01 8.39333e-02
2.83742e+02 1.83553e+01 4.36087e+01 1.83951e+01 9.10064e-02
2.84392e+02 1.81663e+01 4.36025e+01 1.83211e+01 1.03038e-01
2.85041e+02 1.84017e+01 4.37013e+01 1.85489e+01 9.06298e-02
2.85690e+02 1.88837e+01 4.37725e+01 1.88678e+01 8.26263e-02
2.86339e+02 1.90814e+01 4.35065e+01 1.89996e+01 7.83474e-02
2.86989e+02 1.89304e+01 4.31533e+01 1.87155e+01 7.69767e-02
2.87638e+02 1.84816e+01 4.29704e+01 1.81285e+01 7.89792e-02
2.88287e+02 1.83088e+01 4.33166e+01 1.80231e+01 7.95902e-02
2.88937e+02 1.82674e+01 4.35219e+01 1.80849e+01 8.56869e-02
2.89586e+02 1.81879e+01 4.33658e+01 1.79459e+01 9.05114e-02
2.90235e+02 1.79311e+01 4.33435e+01 1.76853e+01 8.67309e-02
2.90885e+02 1.79313e+01 4.32101e+01 1.73963e+01 7.67861e-02
2.91534e+02 1.79117e+01 4.30631e+01 1.73394e+01 6.80085e-02
2.92183e+02 1.78680e+01 4.36066e+01 1.75891e+01 7.87536e-02
2.92832e+02 1.79986e+01 4.40148e+01 1.79723e+01 9.41775e-02
2.93482e+02 1.81677e+01 4.42996e+01 1.84300e+01 9.09025e-02
2.94131e+02 1.82294e+01 4.45234e+01 1.87763e+01 8.84945e-02
2.94780e+02 1.83718e+01 4.49509e+01 1.90200e+01 9.35193e-02
2.95430e+02 1.85507e+01 4.53806e+01 1.90807e+01 8.51947e-02
2.96079e+02 1.86561e+01 4.60657e+01 1.89833e+01 9.45942e-02
2.96728e+02 1.87828e+01 4.63934e+01 1.89627e+01 9.69486e-02
2.97377e+02 1.91659e+01 4.69711e+01 1.91307e+01 1.07419e-01
2.98027e+02 1.95035e+01 4.70581e+01 1.92153e+01 1.15107e-01
2.98676e+02 2.00422e+01 4.75170e+01 1.96642e+01 1.23228e-01
2.99325e+02 2.03487e+01 4.77741e+01 1.98384e+01 1.14522e-01
2.99975e+02 2.03940e+01 4.80419e+01 1.97791e+01 1.25252e-01
3.00624e+02 2.02556e+01 4.80501e+01 1.97662e+01 1.26229e-01
3.01273e+02 2.01303e+01 4.83670e+01 1.98857e+01 1.14687e-01
3.01923e+02 2.03933e+01 4.88932e+01 2.03487e+01 1.08064e-01
3.02572e+02 2.06091e+01 4.92283e+01 2.05045e+01 1.09901e-01
3.03221e+02 2.10456e+01 4.98688e+01 2.08421e+01 1.19864e-01
3.03870e+02 2.11249e+01 4.99666e+01 2.09662e+01 1.04031e-01
3.04520e+02 2.09716e+01 4.99161e+01 2.09169e+01 1.00880e-01
3.05169e+02 2.08452e+01 5.02498e+01 2.07290e+01 9.48440e-02
3.05818e+02 2.07518e+01 5.02719e+01 2.04128e+01 9.92144e-02
3.06468e+02 2.06043e+01 5.01731e+01 2.01439e+01 9.71403e-02
3.07117e+02 2.02266e+01 5.07837e+01 1.97906e+01 9.45769e-02
3.07766e+02 2.00994e+01 5.09995e+01 1.99063e+01 9.20289e-02
3.08416e+02 1.99262e+01 5.11530e+01 1.97948e+01 1.02815e-01
3.09065e+02 2.01689e+01 5.15191e+01 1.98655e+01 9.27431e-02
3.09714e+02 2.01147e+01 5.15724e+01 1.97276e+01 7.45590e-02
3.10363e+02 1.97839e+01 5.19689e+01 1.95512e+01 6.81150e-02
3.11013e+02 1.93751e+01 5.22359e+01 1.90772e+01 6.80204e-02
3.11662e+02 1.92533e+01 5.22823e+01 1.89436e+01 6.28922e-02
3.12311e+02 1.93233e+01 5.20927e+01 1.88997e+01 6.56006e-02
3.12961e+02 1.94870e+01 5.18637e+01 1.89726e+01 5.52434e-02
3.13610e+02 1.94848e+01 5.16840e+01 1.90202e+01 5.69621e-02
3.14259e+02 1.91426e+01 5.16528e+01 1.87705e+01 5.87670e-02
3.14908e+02 1.85581e+01 5.21263e+01 1.82745e+01 5.91854e-02
3.15558e+02 1.81727e+01 5.28899e+01 1.78788e+01 6.53203e-02
3.16207e+02 1.80737e+01 5.33717e+01 1.78310e+01 7.34200e-02
3.16856e+02 1.76916e+01 5.39055e+01 1.74761e+01 7.29843e-02
3.17506e+02 1.76188e+01 5.43371e+01 1.73520e+01 7.50196e-02
3.18155e+02 1.78482e+01 5.47853e+01 1.77100e+01 6.42336e-02
3.18804e+02 1.79361e+01 5.53119e+01 1.78836e+01 6.06880e-02
3.19454e+02 1.79051e+01 5.60692e+01 1.78454e+01 5.18943e-02
3.20103e+02 1.81754e+01 5.66899e+01 1.81545e+01 4.12289e-02
3.20752e+02 1.83326e+01 5.74839e+01 1.81644e+01 4.32832e-02
3.21401e+02 1.83980e+01 5.82260e+01 1.80521e+01 4.51434e-02
3.22051e+02 1.85008e+01 5.89441e+01 1.80478e+01 4.08057e-02
3.22700e+02 1.85797e+01 5.96420e+01 1.81278e+01 4.14985e-02
3.23349e+02 1.84425e+01 6.05391e+01 1.79166e+01 4.61038e-02
3.23999e+02 1.83951e+01 6.10443e+01 1.79050e+01 3.70610e-02
