0.000000 -1.023434 -0.356550 0.374967 1.146798
0.100100 -1.025838 -0.413886 0.302573 1.146820
0.200200 -1.021847 -0.468625 0.228314 1.147130
0.300300 -1.011485 -0.520423 0.152656 1.147713
0.400400 -0.994832 -0.568968 0.076071 1.148566
0.500501 -0.972020 -0.613971 -0.000962 1.149689
0.600601 -0.943233 -0.655183 -0.077965 1.151100
0.700701 -0.908702 -0.692386 -0.154469 1.152822
0.800801 -0.868621 -0.725339 -0.230003 1.154782
0.900901 -0.823218 -0.753827 -0.304100 1.156901
1.001001 -0.772826 -0.777727 -0.376328 1.159199
1.101101 -0.717829 -0.796969 -0.446284 1.161726
1.201201 -0.658575 -0.811459 -0.513560 1.164445
1.301301 -0.595407 -0.821099 -0.577748 1.167264
1.401401 -0.528681 -0.825801 -0.638442 1.170068
1.501502 -0.458804 -0.825548 -0.695289 1.172799
1.601602 -0.386210 -0.820367 -0.747967 1.175421
1.701702 -0.311318 -0.810254 -0.796129 1.177817
1.801802 -0.234566 -0.795242 -0.839459 1.179883
1.901902 -0.156420 -0.775425 -0.877699 1.181570
2.002002 -0.077350 -0.750908 -0.910598 1.182808
2.102102 0.002164 -0.721871 -0.937998 1.183614
2.202202 0.081638 -0.688520 -0.959771 1.184013
2.302302 0.160605 -0.651093 -0.975843 1.184054
2.402402 0.238613 -0.609889 -0.986231 1.183872
2.502503 0.315225 -0.565189 -0.990942 1.183541
2.602603 0.390031 -0.517306 -0.990049 1.183185
2.702703 0.462649 -0.466565 -0.983658 1.182924
2.802803 0.532684 -0.413260 -0.971828 1.182788
2.902903 0.599742 -0.357679 -0.954611 1.182754
3.003003 0.663446 -0.300129 -0.932095 1.182810
3.103103 0.723421 -0.240920 -0.904377 1.182911
3.203203 0.779329 -0.180381 -0.871607 1.183043
3.303303 0.830939 -0.118868 -0.834056 1.183317
3.403403 0.878059 -0.056735 -0.792027 1.183855
3.503504 0.920500 0.005681 -0.745803 1.184726
3.603604 0.958093 0.068048 -0.695676 1.185975
3.703704 0.990686 0.130041 -0.641942 1.187628
3.803804 1.018180 0.191347 -0.584927 1.189724
3.903904 1.040517 0.251668 -0.524972 1.192312
4.004004 1.057667 0.310716 -0.462421 1.195423
4.104104 1.069622 0.368222 -0.397621 1.199075
4.204204 1.076363 0.423916 -0.330905 1.203229
4.304304 1.077845 0.477522 -0.262594 1.207780
4.404404 1.074140 0.528814 -0.193039 1.212718
4.504505 1.065351 0.577586 -0.122593 1.218034
4.604605 1.051523 0.623609 -0.051589 1.223622
4.704705 1.032751 0.666683 0.019635 1.229401
4.804805 1.009164 0.706631 0.090746 1.235303
4.904905 0.980966 0.743334 0.161419 1.241328
5.005005 0.948397 0.776707 0.231350 1.247499
5.105105 0.911704 0.806684 0.300252 1.253832
5.205205 0.871143 0.833220 0.367855 1.260343
5.305305 0.826962 0.856272 0.433903 1.267020
5.405405 0.779390 0.875792 0.498143 1.273816
5.505506 0.728671 0.891752 0.560342 1.280690
5.605606 0.675081 0.904175 0.620302 1.287650
5.705706 0.618893 0.913091 0.677840 1.294693
5.805806 0.560351 0.918506 0.732763 1.301764
5.905906 0.499673 0.920384 0.784847 1.308726
6.006006 0.437095 0.918728 0.833901 1.315486
6.106106 0.372868 0.913560 0.879751 1.321962
6.206206 0.307243 0.904921 0.922242 1.328085
6.306306 0.240497 0.892921 0.961291 1.333877
6.406406 0.172908 0.877716 0.996874 1.339418
6.506507 0.104744 0.859500 1.029021 1.344841
6.606607 0.036255 0.838435 1.057741 1.350223
6.706707 -0.032331 0.814625 1.082979 1.355545
6.806807 -0.100790 0.788180 1.104695 1.360785
6.906907 -0.168905 0.759228 1.122879 1.365948
7.007007 -0.236461 0.727877 1.137494 1.370989
7.107107 -0.303245 0.694227 1.148496 1.375846
7.207207 -0.369059 0.658417 1.155903 1.380518
7.307307 -0.433711 0.620586 1.159738 1.385000
7.407407 -0.497023 0.580878 1.160041 1.389297
7.507508 -0.558837 0.539457 1.156898 1.393458
7.607608 -0.618974 0.496451 1.150326 1.397441
7.707708 -0.677265 0.451995 1.140365 1.401221
7.807808 -0.733582 0.406249 1.127114 1.404837
7.907908 -0.787769 0.359349 1.110624 1.408261
8.008008 -0.839653 0.311422 1.090918 1.411419
8.108108 -0.889092 0.262612 1.068065 1.414288
8.208208 -0.935949 0.213060 1.042139 1.416845
8.308308 -0.980079 0.162908 1.013202 1.419039
8.408408 -1.021385 0.112305 0.981370 1.420890
8.508509 -1.059799 0.061402 0.946784 1.422443
8.608609 -1.095207 0.010344 0.909535 1.423671
8.708709 -1.127467 -0.040726 0.869695 1.424504
8.808809 -1.156429 -0.091660 0.827334 1.424855
8.908909 -1.181993 -0.142309 0.782563 1.424697
9.009009 -1.204087 -0.192523 0.735516 1.424035
9.109109 -1.222660 -0.242159 0.686337 1.422883
9.209209 -1.237648 -0.291069 0.635167 1.421243
9.309309 -1.249022 -0.339114 0.582161 1.419143
9.409409 -1.256830 -0.386176 0.527513 1.416694
9.509510 -1.261062 -0.432124 0.471383 1.413935
9.609610 -1.261661 -0.476812 0.413915 1.410838
9.709710 -1.258565 -0.520089 0.355255 1.407368
9.809810 -1.251662 -0.561776 0.295542 1.403423
9.909910 -1.240844 -0.601690 0.234924 1.398898
10.010010 -1.226104 -0.639687 0.173583 1.393794
10.110110 -1.207479 -0.675642 0.111712 1.388156
10.210210 -1.184927 -0.709382 0.049499 1.381928
10.310310 -1.158340 -0.740691 -0.012860 1.374969
10.410410 -1.127718 -0.769403 -0.075153 1.367251
10.510511 -1.093139 -0.795398 -0.137161 1.358832
10.610611 -1.054634 -0.818518 -0.198652 1.349699
10.710711 -1.012228 -0.838593 -0.259385 1.339823
10.810811 -0.965991 -0.855475 -0.319112 1.329214
10.910911 -0.916024 -0.869033 -0.377580 1.317910
11.011011 -0.862461 -0.879159 -0.434540 1.305981
11.111111 -0.805470 -0.885769 -0.489744 1.293529
11.211211 -0.745220 -0.888772 -0.542936 1.280644
11.311311 -0.681845 -0.888020 -0.593816 1.267324
11.411411 -0.615505 -0.883380 -0.642078 1.253583
11.511512 -0.546424 -0.874774 -0.687440 1.239509
11.611612 -0.474849 -0.862139 -0.729618 1.225197
11.711712 -0.401030 -0.845390 -0.768295 1.210697
11.811812 -0.325242 -0.824442 -0.803137 1.196042
11.911912 -0.247824 -0.799303 -0.833879 1.181379
12.012012 -0.169150 -0.770042 -0.860301 1.166917
12.112112 -0.089609 -0.736719 -0.882165 1.152822
12.212212 -0.009609 -0.699416 -0.899243 1.139260
12.312312 0.070416 -0.658197 -0.911262 1.126312
12.412412 0.150009 -0.613190 -0.918015 1.114117
12.512513 0.228707 -0.564640 -0.919440 1.102949
12.612613 0.306038 -0.512794 -0.915471 1.093025
12.712713 0.381472 -0.457838 -0.905918 1.084354
12.812813 0.454447 -0.399979 -0.890588 1.076872
12.912913 0.524427 -0.339525 -0.869442 1.070621
13.013013 0.590853 -0.276807 -0.842451 1.065576
13.113113 0.653145 -0.212184 -0.809606 1.061641
13.213213 0.710757 -0.146068 -0.770998 1.058749
13.313313 0.763224 -0.078920 -0.726840 1.056899
13.413413 0.810156 -0.011222 -0.677439 1.056126
13.513514 0.851247 0.056538 -0.623180 1.056490
13.613614 0.886206 0.123870 -0.564459 1.057979
13.713714 0.914738 0.190283 -0.501669 1.060484
13.813814 0.936601 0.255291 -0.435247 1.063877
13.913914 0.951597 0.318408 -0.365657 1.068000
14.014014 0.959662 0.379190 -0.293426 1.072770
14.114114 0.960847 0.437236 -0.219112 1.078152
14.214214 0.955241 0.492175 -0.143272 1.084089
14.314314 0.942945 0.543649 -0.066452 1.090466
14.414414 0.924127 0.591348 0.010807 1.097187
14.514515 0.899103 0.635058 0.087973 1.104276
14.614615 0.868246 0.674632 0.164545 1.111780
14.714715 0.831836 0.709871 0.240040 1.119593
14.814815 0.790166 0.740602 0.313992 1.127583
14.914915 0.743565 0.766689 0.385955 1.135633
15.015015 0.692409 0.788061 0.455530 1.143669
15.115115 0.637132 0.804717 0.522361 1.151681
15.215215 0.578167 0.816692 0.586138 1.159665
15.315315 0.515960 0.824058 0.646591 1.167632
15.415415 0.450912 0.826857 0.703444 1.175520
15.515516 0.383461 0.825214 0.756502 1.183349
15.615616 0.314055 0.819323 0.805652 1.191216
15.715716 0.243109 0.809362 0.850782 1.199166
15.815816 0.171003 0.795473 0.891767 1.207174
15.915916 0.098113 0.777842 0.928541 1.215259
16.016016 0.024799 0.756690 0.961095 1.223478
16.116116 -0.048601 0.732175 0.989358 1.231776
16.216216 -0.121764 0.704431 1.013239 1.240042
16.316316 -0.194380 0.673657 1.032742 1.248260
16.416416 -0.266169 0.640099 1.047958 1.256498
16.516517 -0.336875 0.604000 1.058993 1.264819
16.616617 -0.406243 0.565553 1.065887 1.273185
16.716717 -0.473993 0.524899 1.068595 1.281438
16.816817 -0.539868 0.482205 1.067124 1.289470
16.916917 -0.603669 0.437690 1.061594 1.297294
17.017017 -0.665241 0.391586 1.052179 1.304977
17.117117 -0.724428 0.344104 1.039024 1.312545
17.217217 -0.781068 0.295436 1.022250 1.319979
17.317317 -0.835022 0.245775 1.001988 1.327270
17.417417 -0.886163 0.195306 0.978378 1.334411
17.517518 -0.934422 0.144221 0.951609 1.341456
17.617618 -0.979750 0.092703 0.921881 1.348469
17.717718 -1.022048 0.040916 0.889325 1.355417
17.817818 -1.061189 -0.010980 0.854045 1.362218
17.917918 -1.097077 -0.062825 0.816169 1.368816
18.018018 -1.129641 -0.114463 0.775842 1.375181
18.118118 -1.158875 -0.165749 0.733246 1.381345
18.218218 -1.184794 -0.216545 0.688574 1.387358
18.318318 -1.207351 -0.266712 0.641967 1.393181
18.418418 -1.226508 -0.316112 0.593572 1.398777
18.518519 -1.242192 -0.364602 0.543516 1.404061
18.618619 -1.254365 -0.412047 0.491943 1.408979
18.718719 -1.263081 -0.458343 0.439031 1.413577
18.818819 -1.268360 -0.503377 0.384945 1.417853
18.918919 -1.270187 -0.547026 0.329829 1.421759
19.019019 -1.268583 -0.589183 0.273840 1.425282
19.119119 -1.263640 -0.629776 0.217149 1.428481
19.219219 -1.255421 -0.668721 0.159914 1.431378
19.319319 -1.243914 -0.705901 0.102280 1.433904
19.419419 -1.229118 -0.741198 0.044394 1.435993
19.519520 -1.211109 -0.774544 -0.013589 1.437667
19.619620 -1.189992 -0.805887 -0.071518 1.438975
19.719720 -1.165833 -0.835155 -0.129243 1.439915
19.819820 -1.138719 -0.862289 -0.186621 1.440504
19.919920 -1.108759 -0.887254 -0.243512 1.440786
20.020020 -1.076061 -0.910011 -0.299781 1.440797
20.120120 -1.040750 -0.930541 -0.355299 1.440592
20.220220 -1.002944 -0.948823 -0.409944 1.440213
20.320320 -0.962766 -0.964843 -0.463595 1.439709
20.420420 -0.920348 -0.978599 -0.516143 1.439132
20.520521 -0.875775 -0.990043 -0.567457 1.438463
20.620621 -0.829096 -0.999085 -0.617377 1.437611
20.720721 -0.780365 -1.005632 -0.665741 1.436481
20.820821 -0.729675 -1.009630 -0.712401 1.435024
20.920921 -0.677127 -1.011032 -0.757215 1.433199
21.021021 -0.622822 -1.009781 -0.800027 1.430947
21.121121 -0.566846 -1.005792 -0.840654 1.428157
21.221221 -0.509332 -0.999042 -0.878958 1.424806
21.321321 -0.450451 -0.989574 -0.914856 1.420959
21.421421 -0.390348 -0.977379 -0.948218 1.416602
21.521522 -0.329171 -0.962451 -0.978913 1.411714
21.621622 -0.267088 -0.944813 -1.006836 1.406317
21.721722 -0.204270 -0.924513 -1.031906 1.400457
21.821822 -0.140892 -0.901583 -1.054024 1.394155
21.921922 -0.077126 -0.876045 -1.073076 1.387406
22.022022 -0.013158 -0.847967 -1.089002 1.380270
22.122122 0.050827 -0.817399 -1.101710 1.372767
22.222222 0.114638 -0.784381 -1.111098 1.364893
22.322322 0.178073 -0.748962 -1.117066 1.356647
22.422422 0.240939 -0.711243 -1.119584 1.348104
22.522523 0.303038 -0.671337 -1.118639 1.339358
22.622623 0.364148 -0.629304 -1.114125 1.330377
22.722723 0.424038 -0.585213 -1.105946 1.321136
22.822823 0.482464 -0.539146 -1.094004 1.311600
22.922923 0.539194 -0.491220 -1.078264 1.301798
23.023023 0.594024 -0.441597 -1.058769 1.291845
23.123123 0.646757 -0.390443 -1.035573 1.281855
23.223223 0.697169 -0.337918 -1.008698 1.271890
23.323323 0.745029 -0.284181 -0.978165 1.261996
23.423423 0.790093 -0.229403 -0.943993 1.252196
23.523524 0.832075 -0.173754 -0.906169 1.242450
23.623624 0.870623 -0.117411 -0.864637 1.232626
23.723724 0.905321 -0.060573 -0.819310 1.222516
23.823824 0.935854 -0.003475 -0.770241 1.212067
23.923924 0.961960 0.053619 -0.717553 1.201301
24.024024 0.983386 0.110434 -0.661399 1.190249
24.124124 0.999912 0.166679 -0.601973 1.178973
24.224224 1.011293 0.222049 -0.539474 1.167497
24.324324 1.017259 0.276210 -0.474111 1.155806
24.424424 1.017510 0.328801 -0.406108 1.143836
24.524525 1.011867 0.379471 -0.335777 1.131644
24.624625 1.000192 0.427859 -0.263467 1.119314
24.724725 0.982297 0.473567 -0.189544 1.106842
24.824825 0.958031 0.516184 -0.114416 1.094240
24.924925 0.927280 0.555288 -0.038540 1.081517
25.025025 0.889941 0.590425 0.037582 1.068648
25.125125 0.845951 0.621127 0.113395 1.055600
25.225225 0.795394 0.646986 0.188300 1.042449
25.325325 0.738449 0.667625 0.261661 1.029319
25.425425 0.675289 0.682618 0.332784 1.016232
25.525526 0.606230 0.691621 0.400966 1.003309
25.625626 0.531690 0.694339 0.465481 0.990693
25.725726 0.452129 0.690463 0.525552 0.978450
25.825826 0.368124 0.679757 0.580402 0.966670
25.925926 0.280344 0.662026 0.629229 0.955406
26.026026 0.189571 0.637157 0.671248 0.944711
26.126126 0.096702 0.605142 0.705713 0.934654
26.226226 0.002741 0.566097 0.731954 0.925327
26.326326 -0.091223 0.520326 0.749475 0.916937
26.426426 -0.184054 0.468286 0.757938 0.909746
26.526527 -0.274631 0.410587 0.757218 0.904093
26.626627 -0.361833 0.347907 0.747276 0.900213
26.726727 -0.444537 0.280947 0.728102 0.898152
26.826827 -0.521666 0.210501 0.699845 0.897902
26.926927 -0.592269 0.137448 0.662869 0.899483
27.027027 -0.655526 0.062716 0.617704 0.902888
27.127127 -0.710741 -0.012765 0.564987 0.908034
27.227227 -0.757477 -0.088077 0.505551 0.914938
27.327327 -0.795550 -0.162368 0.440352 0.923674
27.427427 -0.824879 -0.234859 0.370332 0.934200
27.527528 -0.845499 -0.304857 0.296421 0.946399
27.627628 -0.857573 -0.371759 0.219531 0.960120
27.727728 -0.861345 -0.435048 0.140534 0.975157
27.827828 -0.857225 -0.494340 0.060266 0.991382
27.927928 -0.845707 -0.549351 -0.020505 1.008676
28.028028 -0.827163 -0.599782 -0.101084 1.026720
28.128128 -0.802002 -0.645399 -0.180835 1.045203
28.228228 -0.770746 -0.686096 -0.259190 1.063935
28.328328 -0.733846 -0.721750 -0.335624 1.082635
28.428428 -0.691756 -0.752281 -0.409659 1.101033
28.528529 -0.644945 -0.777656 -0.480872 1.118902
28.628629 -0.593916 -0.797925 -0.548912 1.136101
28.728729 -0.539200 -0.813217 -0.613514 1.152588
28.828829 -0.481259 -0.823617 -0.674411 1.168240
28.928929 -0.420536 -0.829226 -0.731370 1.182949
29.029029 -0.357482 -0.830203 -0.784230 1.196682
29.129129 -0.292521 -0.826707 -0.832849 1.209401
29.229229 -0.226040 -0.818861 -0.877069 1.221015
29.329329 -0.158417 -0.806811 -0.916770 1.231466
29.429429 -0.090027 -0.790756 -0.951906 1.240776
29.529530 -0.021226 -0.770924 -0.982480 1.249016
29.629630 0.047652 -0.747542 -1.008512 1.256259
29.729730 0.116295 -0.720811 -1.030008 1.262541
29.829830 0.184406 -0.690919 -1.046969 1.267880
29.929930 0.251692 -0.658032 -1.059371 1.272251
30.030030 0.317854 -0.622275 -1.067132 1.275550
30.130130 0.382607 -0.583810 -1.070227 1.277735
30.230230 0.445664 -0.542806 -1.068640 1.278768
30.330330 0.506729 -0.499413 -1.062327 1.278564
30.430430 0.565521 -0.453815 -1.051293 1.277097
30.530531 0.621756 -0.406196 -1.035546 1.274336
30.630631 0.675133 -0.356738 -1.015077 1.270216
30.730731 0.725332 -0.305628 -0.989864 1.264653
30.830831 0.772034 -0.253070 -0.959911 1.257581
30.930931 0.814961 -0.199296 -0.925293 1.249018
31.031031 0.853810 -0.144548 -0.886075 1.238957
31.131131 0.888247 -0.089074 -0.842306 1.227354
31.231231 0.917944 -0.033146 -0.794069 1.214193
31.331331 0.942570 0.022945 -0.741470 1.199476
31.431431 0.961798 0.078885 -0.684652 1.183228
31.531532 0.975348 0.134341 -0.623816 1.165546
31.631632 0.982941 0.188957 -0.559194 1.146550
31.731732 0.984300 0.242356 -0.491051 1.126372
31.831832 0.979097 0.294119 -0.419660 1.105103
31.931932 0.967051 0.343808 -0.345360 1.082896
32.032032 0.947951 0.390968 -0.268567 1.059997
32.132132 0.921542 0.435094 -0.189730 1.036602
32.232232 0.887552 0.475617 -0.109363 1.012877
32.332332 0.845705 0.511905 -0.028058 0.988965
32.432432 0.795795 0.543288 0.053480 0.965044
32.532533 0.737615 0.568994 0.134424 0.941222
32.632633 0.671153 0.588283 0.213820 0.917738
32.732733 0.596716 0.600550 0.290636 0.895097
32.832833 0.514721 0.605171 0.363719 0.873763
32.932933 0.425749 0.601546 0.431817 0.854158
33.033033 0.330614 0.589157 0.493590 0.836686
33.133133 0.230399 0.567651 0.547696 0.821756
33.233233 0.126484 0.536938 0.592888 0.809826
33.333333 0.020476 0.497196 0.628083 0.801318
33.433433 -0.085848 0.448872 0.652405 0.796548
33.533534 -0.190606 0.392583 0.665117 0.795508
33.633634 -0.291900 0.329232 0.665834 0.798081
33.733734 -0.387970 0.260028 0.654687 0.804208
33.833834 -0.477286 0.186323 0.632175 0.813735
33.933934 -0.558628 0.109519 0.599120 0.826441
34.034034 -0.631030 0.030981 0.556501 0.841933
34.134134 -0.693793 -0.048020 0.505396 0.859698
34.234234 -0.746595 -0.126321 0.447047 0.879325
34.334334 -0.789330 -0.202908 0.382683 0.900366
34.434434 -0.822169 -0.276945 0.313532 0.922476
34.534535 -0.845492 -0.347766 0.240763 0.945391
34.634635 -0.859728 -0.414841 0.165420 0.968808
34.734735 -0.865461 -0.477803 0.088453 0.992544
34.834835 -0.863335 -0.536415 0.010696 1.016466
34.934935 -0.853987 -0.590530 -0.067137 1.040446
35.035035 -0.838079 -0.640096 -0.144438 1.064407
35.135135 -0.816210 -0.685096 -0.220694 1.088238
35.235235 -0.788906 -0.725519 -0.295460 1.111777
35.335335 -0.756697 -0.761414 -0.368369 1.134917
35.435435 -0.720107 -0.792886 -0.439125 1.157607
35.535536 -0.679607 -0.820033 -0.507471 1.179765
35.635636 -0.635592 -0.842917 -0.573164 1.201250
35.735736 -0.588444 -0.861624 -0.636004 1.221950
35.835836 -0.538551 -0.876287 -0.695844 1.241819
35.935936 -0.486296 -0.887082 -0.752601 1.260875
36.036036 -0.432047 -0.894208 -0.806231 1.279172
36.136136 -0.376115 -0.897816 -0.856674 1.296698
36.236236 -0.318775 -0.898020 -0.903855 1.313397
36.336336 -0.260287 -0.894940 -0.947717 1.329223
36.436436 -0.200903 -0.888721 -0.988240 1.344174
36.536537 -0.140862 -0.879518 -1.025431 1.358272
36.636637 -0.080382 -0.867450 -1.059266 1.371487
36.736737 -0.019664 -0.852616 -1.089707 1.383763
36.836837 0.041095 -0.835146 -1.116764 1.395105
36.936937 0.101714 -0.815209 -1.140506 1.405583
37.037037 0.162025 -0.792961 -1.160999 1.415259
37.137137 0.221870 -0.768539 -1.178292 1.424167
37.237237 0.281094 -0.742042 -1.192384 1.432278
37.337337 0.339527 -0.713523 -1.203208 1.439480
37.437437 0.397018 -0.683073 -1.210757 1.445733
37.537538 0.453425 -0.650801 -1.215054 1.451032
37.637638 0.508608 -0.616810 -1.216121 1.455365
37.737738 0.562423 -0.581194 -1.213963 1.458702
37.837838 0.614705 -0.544027 -1.208537 1.460955
37.937938 0.665330 -0.505420 -1.199889 1.462138
38.038038 0.714228 -0.465526 -1.188157 1.462379
38.138138 0.761316 -0.424477 -1.173448 1.461767
38.238238 0.806450 -0.382363 -1.155757 1.460252
38.338338 0.849471 -0.339268 -1.135066 1.457765
38.438438 0.890274 -0.295307 -1.111436 1.454333
38.538539 0.928778 -0.250603 -1.084963 1.450026
38.638639 0.964898 -0.205275 -1.055729 1.444898
38.738739 0.998555 -0.159441 -1.023822 1.439008
38.838839 1.029700 -0.113222 -0.989363 1.432460
38.938939 1.058254 -0.066736 -0.952436 1.425303
39.039039 1.084107 -0.020096 -0.913100 1.417548
39.139139 1.107132 0.026580 -0.871403 1.409181
39.239239 1.127157 0.073168 -0.827367 1.400133
39.339339 1.144061 0.119537 -0.781059 1.390402
39.439439 1.157760 0.165557 -0.732583 1.380035
39.539540 1.168160 0.211089 -0.682040 1.369063
39.639640 1.175134 0.255987 -0.629515 1.357482
39.739740 1.178532 0.300092 -0.575095 1.345261
39.839840 1.178217 0.343235 -0.518883 1.332383
39.939940 1.173999 0.385225 -0.460972 1.318775
40.040040 1.165698 0.425861 -0.401478 1.304375
40.140140 1.153180 0.464940 -0.340552 1.289174
40.240240 1.136337 0.502261 -0.278368 1.273192
40.340340 1.114996 0.537576 -0.215104 1.256374
40.440440 1.088992 0.570628 -0.150961 1.238672
40.540541 1.058268 0.601189 -0.086185 1.220159
40.640641 1.022765 0.629020 -0.021042 1.200899
40.740741 0.982472 0.653887 0.044178 1.181004
40.840841 0.937363 0.675529 0.109156 1.160562
40.940941 0.887349 0.693617 0.173537 1.139565
41.041041 0.832337 0.707775 0.236912 1.117970
41.141141 0.772331 0.717665 0.298837 1.095829
41.241241 0.707397 0.722949 0.358821 1.073228
41.341341 0.637613 0.723251 0.416310 1.050217
41.441441 0.563196 0.718267 0.470736 1.026980
41.541542 0.484404 0.707667 0.521457 1.003672
41.641642 0.401560 0.691106 0.567763 0.980424
41.741742 0.315143 0.668347 0.608954 0.957511
41.841842 0.225739 0.639186 0.644285 0.935211
41.941942 0.134034 0.603414 0.672926 0.913730
42.042042 0.040874 0.560935 0.694059 0.893329
42.142142 -0.052732 0.511841 0.706976 0.874401
42.242242 -0.145641 0.456362 0.711043 0.857356
42.342342 -0.236576 0.394845 0.705664 0.842515
42.442442 -0.324199 0.327874 0.690500 0.830299
42.542543 -0.407135 0.256223 0.665433 0.821103
42.642643 -0.483931 0.180756 0.630393 0.815020
42.742743 -0.553339 0.102555 0.585761 0.812291
42.842843 -0.614438 0.022836 0.532363 0.813306
42.942943 -0.666452 -0.057200 0.471118 0.818157
43.043043 -0.708707 -0.136379 0.403001 0.826604
43.143143 -0.740793 -0.213587 0.329120 0.838281
43.243243 -0.762699 -0.287848 0.250731 0.852896
43.343343 -0.774617 -0.358328 0.169075 0.870067
43.443443 -0.776953 -0.424366 0.085339 0.889396
43.543544 -0.770244 -0.485450 0.000626 0.910460
43.643644 -0.755129 -0.541228 -0.084082 0.932854
43.743744 -0.732433 -0.591562 -0.167933 0.956350
43.843844 -0.703067 -0.636500 -0.250243 0.980845
43.943944 -0.667928 -0.676200 -0.330483 1.006277
44.044044 -0.627776 -0.710809 -0.408222 1.032471
44.144144 -0.583215 -0.740407 -0.483070 1.059103
44.244244 -0.534840 -0.765145 -0.554736 1.085925
44.344344 -0.483295 -0.785330 -0.623089 1.112905
44.444444 -0.429111 -0.801198 -0.688003 1.139913
44.544545 -0.372724 -0.812923 -0.749347 1.166742
44.644645 -0.314548 -0.820711 -0.807048 1.193245
44.744745 -0.254961 -0.824774 -0.861074 1.219305
44.844845 -0.194302 -0.825314 -0.911406 1.244813
44.944945 -0.132885 -0.822568 -0.958096 1.269734
45.045045 -0.070992 -0.816757 -1.001203 1.294040
45.145145 -0.008865 -0.808049 -1.040743 1.317637
45.245245 0.053274 -0.796667 -1.076824 1.340547
45.345345 0.115228 -0.782805 -1.109537 1.362767
45.445445 0.176819 -0.766610 -1.138929 1.384238
45.545546 0.237901 -0.748294 -1.165151 1.405033
45.645646 0.298354 -0.728063 -1.188377 1.425248
45.745746 0.358059 -0.706063 -1.208696 1.444880
45.845846 0.416926 -0.682453 -1.226241 1.463980
45.945946 0.474876 -0.657379 -1.241137 1.482591
46.046046 0.531805 -0.630929 -1.253415 1.500646
46.146146 0.587635 -0.603205 -1.263139 1.518121
46.246246 0.642286 -0.574301 -1.270368 1.534987
46.346346 0.695686 -0.544303 -1.275156 1.551215
46.446446 0.747795 -0.513319 -1.277607 1.566835
46.546547 0.798561 -0.481436 -1.277795 1.581847
46.646647 0.847927 -0.448731 -1.275771 1.596224
46.746747 0.895840 -0.415277 -1.271586 1.609943
46.846847 0.942251 -0.381146 -1.265294 1.622985
46.946947 0.987121 -0.346410 -1.256957 1.635343
47.047047 1.030429 -0.311143 -1.246653 1.647039
47.147147 1.072137 -0.275411 -1.234436 1.658059
47.247247 1.112228 -0.239278 -1.220377 1.668420
47.347347 1.150712 -0.202816 -1.204575 1.678175
47.447447 1.187578 -0.166083 -1.187100 1.687345
47.547548 1.222823 -0.129139 -1.168023 1.695952
47.647648 1.256458 -0.092038 -1.147427 1.704039
47.747748 1.288510 -0.054836 -1.125403 1.711665
47.847848 1.318983 -0.017580 -1.102018 1.718857
47.947948 1.347834 0.019684 -1.077295 1.725574
48.048048 1.374980 0.056909 -1.051227 1.731729
48.148148 1.400322 0.094047 -1.023798 1.737213
48.248248 1.423822 0.131048 -0.995037 1.741994
48.348348 1.445470 0.167866 -0.964999 1.746077
48.448448 1.465202 0.204448 -0.933697 1.749402
48.548549 1.482970 0.240745 -0.901161 1.751927
48.648649 1.498769 0.276710 -0.867444 1.753663
48.748749 1.512566 0.312293 -0.832583 1.754587
48.848849 1.524347 0.347449 -0.796628 1.754699
48.948949 1.534123 0.382135 -0.759640 1.754028
49.049049 1.541866 0.416304 -0.721661 1.752557
49.149149 1.547583 0.449914 -0.682748 1.750309
49.249249 1.551284 0.482926 -0.642962 1.747312
49.349349 1.552934 0.515288 -0.602340 1.743542
49.449449 1.552494 0.546945 -0.560923 1.738971
49.549550 1.549935 0.577844 -0.518754 1.733582
49.649650 1.545250 0.607938 -0.475890 1.727384
49.749750 1.538418 0.637177 -0.432379 1.720370
49.849850 1.529456 0.665522 -0.388285 1.712577
49.949950 1.518412 0.692949 -0.343676 1.704074
50.050050 1.505298 0.719420 -0.298615 1.694892
50.150150 1.490115 0.744891 -0.253158 1.685050
50.250250 1.472819 0.769292 -0.207358 1.674516
50.350350 1.453357 0.792551 -0.161269 1.663247
50.450450 1.431694 0.814597 -0.114952 1.651221
50.550551 1.407836 0.835382 -0.068474 1.638461
50.650651 1.381776 0.854847 -0.021906 1.624976
50.750751 1.353460 0.872903 0.024682 1.610721
50.850851 1.322875 0.889484 0.071211 1.595698
50.950951 1.289994 0.904507 0.117599 1.579888
51.051051 1.254777 0.917879 0.163756 1.563261
51.151151 1.217204 0.929512 0.209587 1.545803
51.251251 1.177256 0.939318 0.254991 1.527504
51.351351 1.134943 0.947222 0.299863 1.508391
51.451451 1.090304 0.953169 0.344101 1.488522
51.551552 1.043355 0.957081 0.387590 1.467930
51.651652 0.994129 0.958888 0.430210 1.446665
51.751752 0.942641 0.958495 0.471829 1.424748
51.851852 0.888860 0.955752 0.512276 1.402127
51.951952 0.832748 0.950481 0.551352 1.378721
52.052052 0.774300 0.942524 0.588855 1.354490
52.152152 0.713582 0.931781 0.624603 1.329490
52.252252 0.650643 0.918111 0.658372 1.303732
52.352352 0.585544 0.901368 0.689922 1.277231
52.452452 0.518379 0.881414 0.718998 1.250026
52.552553 0.449235 0.858058 0.745282 1.222097
52.652653 0.378245 0.831137 0.768453 1.193473
52.752753 0.305581 0.800488 0.788157 1.164196
52.852853 0.231434 0.765889 0.803953 1.134234
52.952953 0.156032 0.727047 0.815273 1.103455
53.053053 0.079695 0.683727 0.821549 1.071810
53.153153 0.002850 0.635785 0.822247 1.039385
53.253253 -0.073984 0.583126 0.816819 1.006331
53.353353 -0.150182 0.525731 0.804727 0.972900
53.453453 -0.224993 0.463629 0.785395 0.939372
53.553554 -0.297502 0.396889 0.758166 0.906005
53.653654 -0.366638 0.325728 0.722442 0.873181
53.753754 -0.431133 0.250516 0.677666 0.841347
53.853854 -0.489475 0.171792 0.623303 0.810929
53.953954 -0.539901 0.090354 0.558942 0.782351
54.054054 -0.580445 0.007319 0.484423 0.756066
54.154154 -0.609074 -0.075811 0.400033 0.732629
54.254254 -0.623829 -0.157164 0.306596 0.712646
54.354354 -0.623144 -0.234583 0.205628 0.696865
54.454454 -0.606028 -0.305776 0.099289 0.686023
54.554555 -0.572215 -0.368512 -0.009742 0.680680
54.654655 -0.522365 -0.420896 -0.118471 0.681215
54.754755 -0.457950 -0.461526 -0.223871 0.687636
54.854855 -0.381058 -0.489571 -0.323157 0.699511
54.954955 -0.294295 -0.504936 -0.414077 0.716261
55.055055 -0.200453 -0.508164 -0.495047 0.737213
55.155155 -0.102167 -0.500138 -0.565056 0.761488
55.255255 -0.001819 -0.482062 -0.623719 0.788297
55.355355 0.098567 -0.455322 -0.671177 0.817014
55.455455 0.197382 -0.421298 -0.707903 0.847100
55.555556 0.293438 -0.381375 -0.734719 0.878274
55.655656 0.385868 -0.336748 -0.752469 0.910221
55.755756 0.473987 -0.288374 -0.761830 0.942448
55.855856 0.557386 -0.237135 -0.763616 0.974690
55.955956 0.635910 -0.183833 -0.758735 1.006904
56.056056 0.709484 -0.129111 -0.747964 1.038984
56.156156 0.778087 -0.073498 -0.731968 1.070793
56.256256 0.841677 -0.017426 -0.711276 1.102106
56.356356 0.900278 0.038738 -0.686384 1.132750
56.456456 0.954076 0.094683 -0.657844 1.162749
56.556557 1.003265 0.150159 -0.626143 1.192117
56.656657 1.047953 0.204947 -0.591650 1.220761
56.756757 1.088299 0.258875 -0.554720 1.248650
56.856857 1.124527 0.311811 -0.515707 1.275829
56.956957 1.156806 0.363640 -0.474899 1.302291
57.057057 1.185248 0.414251 -0.432532 1.327968
57.157157 1.209986 0.463554 -0.388829 1.352826
57.257257 1.231147 0.511475 -0.343992 1.376830
57.357357 1.248783 0.557919 -0.298187 1.399874
57.457457 1.262995 0.602821 -0.251580 1.421915
57.557558 1.273904 0.646135 -0.204331 1.442938
57.657658 1.281632 0.687823 -0.156587 1.462942
57.757758 1.286324 0.727869 -0.108488 1.481955
57.857858 1.288125 0.766268 -0.060160 1.500017
57.957958 1.287160 0.803009 -0.011720 1.517149
58.058058 1.283533 0.838077 0.036729 1.533356
58.158158 1.277337 0.871455 0.085088 1.548632
58.258258 1.268610 0.903093 0.133262 1.562916
58.358358 1.257409 0.932957 0.181158 1.576168
58.458458 1.243822 0.961037 0.228694 1.588391
58.558559 1.227929 0.987323 0.275789 1.599586
58.658659 1.209821 1.011814 0.322370 1.609769
58.758759 1.189571 1.034500 0.368361 1.618938
58.858859 1.167250 1.055371 0.413693 1.627091
58.958959 1.142966 1.074453 0.458311 1.634279
59.059059 1.116773 1.091726 0.502144 1.640487
59.159159 1.088722 1.107167 0.545123 1.645689
59.259259 1.058870 1.120761 0.587179 1.649876
59.359359 1.027275 1.132494 0.628248 1.653037
59.459459 0.994022 1.142384 0.668282 1.655211
59.559560 0.959168 1.150416 0.707217 1.656386
59.659660 0.922763 1.156571 0.744987 1.656549
59.759760 0.884888 1.160863 0.781544 1.655730
59.859860 0.845632 1.163327 0.816860 1.653990
59.959960 0.805085 1.163994 0.850901 1.651387
60.060060 0.763340 1.162909 0.883650 1.647993
60.160160 0.720492 1.160121 0.915094 1.643894
60.260260 0.676595 1.155619 0.945173 1.639082
60.360360 0.631697 1.149384 0.973822 1.633540
60.460460 0.585859 1.141412 1.000988 1.627277
60.560561 0.539138 1.131689 1.026607 1.620282
60.660661 0.491598 1.120217 1.050626 1.612567
60.760761 0.443308 1.107002 1.072998 1.604151
60.860861 0.394328 1.092024 1.093649 1.595017
60.960961 0.344715 1.075250 1.112489 1.585126
61.061061 0.294542 1.056680 1.129457 1.574484
61.161161 0.243879 1.036294 1.144471 1.563073
61.261261 0.192808 1.014108 1.157485 1.550923
61.361361 0.141424 0.990190 1.168508 1.538145
61.461461 0.089812 0.964557 1.177492 1.524770
61.561562 0.038059 0.937229 1.184395 1.510841
61.661662 -0.013744 0.908219 1.189157 1.496377
61.761762 -0.065503 0.877512 1.191682 1.481359
61.861862 -0.117116 0.845101 1.191877 1.465770
61.961962 -0.168465 0.810941 1.189588 1.449526
62.062062 -0.219421 0.774989 1.184653 1.432534
62.162162 -0.269851 0.737254 1.176975 1.414791
62.262262 -0.319624 0.697786 1.166514 1.396359
62.362362 -0.368594 0.656617 1.153188 1.377262
62.462462 -0.416603 0.613780 1.136912 1.357517
62.562563 -0.463479 0.569316 1.117599 1.337147
62.662663 -0.509041 0.523272 1.095163 1.316175
62.762763 -0.553094 0.475710 1.069523 1.294640
62.862863 -0.595446 0.426715 1.040632 1.272618
62.962963 -0.635884 0.376376 1.008432 1.250177
63.063063 -0.674168 0.324788 0.972850 1.227366
63.163163 -0.710054 0.272070 0.933839 1.204265
63.263263 -0.743250 0.218345 0.891323 1.180911
63.363363 -0.773449 0.163762 0.845242 1.157357
63.463463 -0.800305 0.108494 0.795536 1.133639
63.563564 -0.823472 0.052747 0.742191 1.109836
63.663664 -0.842572 -0.003239 0.685209 1.086025
63.763764 -0.857126 -0.059185 0.624557 1.062186
63.863864 -0.866653 -0.114763 0.560270 1.038345
63.963964 -0.870743 -0.169602 0.492494 1.014647
64.064064 -0.869025 -0.223289 0.421459 0.991307
64.164164 -0.861053 -0.275347 0.347419 0.968467
64.264264 -0.846412 -0.325253 0.270716 0.946303
64.364364 -0.824809 -0.372461 0.191812 0.925110
64.464464 -0.795962 -0.416376 0.111254 0.905153
64.564565 -0.759617 -0.456346 0.029677 0.886651
64.664665 -0.715583 -0.491670 -0.052166 0.869781
64.764765 -0.663754 -0.521611 -0.133405 0.854661
64.864865 -0.604194 -0.545448 -0.213053 0.841400
64.964965 -0.537114 -0.562463 -0.290007 0.830036
65.065065 -0.463045 -0.572129 -0.363149 0.820743
65.165165 -0.382717 -0.574022 -0.431329 0.813645
65.265265 -0.297013 -0.567810 -0.493398 0.808744
65.365365 -0.207047 -0.553397 -0.548317 0.806082
65.465465 -0.114049 -0.530806 -0.595109 0.805554
65.565566 -0.019375 -0.500302 -0.633011 0.807081
65.665666 0.075561 -0.462338 -0.661453 0.810546
65.765766 0.169372 -0.417602 -0.680190 0.815927
65.865866 0.260747 -0.366927 -0.689232 0.823204
65.965966 0.348430 -0.311104 -0.688578 0.832063
66.066066 0.431283 -0.250998 -0.678414 0.842170
66.166166 0.508348 -0.187544 -0.659175 0.853289
66.266266 0.578869 -0.121694 -0.631473 0.865250
66.366366 0.642225 -0.054355 -0.595977 0.877837
66.466466 0.697973 0.013614 -0.553438 0.890868
66.566567 0.745858 0.081417 -0.504682 0.904233
66.666667 0.785674 0.148324 -0.450485 0.917726
66.766767 0.817380 0.213690 -0.391652 0.931217
66.866867 0.841063 0.276945 -0.328992 0.944627
66.966967 0.856807 0.337572 -0.263243 0.957795
67.067067 0.864860 0.395159 -0.195146 0.970677
67.167167 0.865557 0.449372 -0.125405 0.983285
67.267267 0.859135 0.499874 -0.054651 0.995477
67.367367 0.845924 0.546415 0.016519 1.007189
67.467467 0.826441 0.588892 0.087550 1.018559
67.567568 0.801152 0.627217 0.157948 1.029657
67.667668 0.770445 0.661285 0.227259 1.040447
67.767768 0.734685 0.691000 0.295056 1.050857
67.867868 0.694246 0.716297 0.360953 1.060824
67.967968 0.649551 0.737184 0.424613 1.070352
68.068068 0.600914 0.753575 0.485667 1.079280
68.168168 0.548663 0.765412 0.543772 1.087463
68.268268 0.493188 0.772728 0.598650 1.094863
68.368368 0.434877 0.775573 0.650051 1.101453
68.468468 0.374115 0.774013 0.697745 1.107206
68.568569 0.311248 0.768058 0.741461 1.112004
68.668669 0.246618 0.757708 0.780919 1.115696
68.768769 0.180609 0.743066 0.815939 1.118268
68.868869 0.113619 0.724311 0.846427 1.119811
68.968969 0.046027 0.701591 0.872266 1.120355
69.069069 -0.021796 0.675045 0.893331 1.119911
69.169169 -0.089478 0.644808 0.909494 1.118465
69.269269 -0.156645 0.611026 0.920637 1.116003
69.369369 -0.222929 0.573887 0.926706 1.112577
69.469469 -0.287940 0.533546 0.927578 1.108143
69.569570 -0.351260 0.490124 0.923072 1.102573
69.669670 -0.412454 0.443783 0.913040 1.095766
69.769770 -0.471048 0.394683 0.897303 1.087573
69.869870 -0.526578 0.343050 0.875773 1.077936
69.969970 -0.578543 0.289126 0.848355 1.066777
70.070070 -0.626333 0.233147 0.814857 1.053870
70.170170 -0.669312 0.175406 0.775136 1.039029
70.270270 -0.706859 0.116267 0.729157 1.022173
70.370370 -0.738312 0.056151 0.676926 1.003238
70.470470 -0.762926 -0.004458 0.618459 0.982124
70.570571 -0.779948 -0.064998 0.553869 0.958809
70.670671 -0.788598 -0.124814 0.483369 0.933333
70.770771 -0.788008 -0.183140 0.407241 0.905728
70.870871 -0.777244 -0.239071 0.325894 0.876054
70.970971 -0.755343 -0.291544 0.239919 0.844453
71.071071 -0.721350 -0.339315 0.150150 0.811187
71.171171 -0.674313 -0.380906 0.057721 0.776608
71.271271 -0.613277 -0.414536 -0.035836 0.741103
71.371371 -0.537520 -0.438151 -0.128449 0.705268
71.471471 -0.446825 -0.449507 -0.217385 0.670048
71.571572 -0.341745 -0.446283 -0.299182 0.636764
71.671672 -0.223892 -0.426209 -0.369578 0.606934
71.771772 -0.096368 -0.387462 -0.423667 0.582157
71.871872 0.035787 -0.329582 -0.456732 0.564366
71.971972 0.165939 -0.254148 -0.465391 0.555622
72.072072 0.286923 -0.164760 -0.448450 0.557296
72.172172 0.392449 -0.066467 -0.407314 0.569508
72.272272 0.478247 0.035225 -0.345625 0.591116
72.372372 0.542870 0.135451 -0.268514 0.620608
72.472472 0.587072 0.230647 -0.181217 0.656271
72.572573 0.612823 0.318654 -0.088146 0.696320
72.672673 0.622617 0.398402 0.007269 0.739208
72.772773 0.618956 0.469574 0.102570 0.783663
72.872873 0.604160 0.532314 0.196047 0.828735
72.972973 0.580197 0.586989 0.286565 0.873673
73.073073 0.548779 0.634126 0.373406 0.917991
73.173173 0.511317 0.674278 0.456133 0.961329
73.273273 0.469013 0.708039 0.534533 1.003503
73.373373 0.422853 0.735969 0.608525 1.044393
73.473473 0.373610 0.758512 0.678054 1.083827
73.573574 0.321942 0.776112 0.743156 1.121730
73.673674 0.268430 0.789236 0.803962 1.158147
73.773774 0.213550 0.798303 0.860626 1.193134
73.873874 0.157696 0.803678 0.913297 1.226734
73.973974 0.101187 0.805631 0.962067 1.258909
74.074074 0.044291 0.804378 1.006996 1.289584
74.174174 -0.012754 0.800134 1.048167 1.318723
74.274274 -0.069737 0.793081 1.085643 1.346277
74.374374 -0.126473 0.783413 1.119526 1.372250
74.474474 -0.182799 0.771315 1.149923 1.396663
74.574575 -0.238576 0.756976 1.176965 1.419569
74.674675 -0.293684 0.740576 1.200785 1.441037
74.774775 -0.348007 0.722243 1.221457 1.461062
74.874875 -0.401425 0.702078 1.239011 1.479595
74.974975 -0.453834 0.680184 1.253498 1.496620
75.075075 -0.505175 0.656722 1.265077 1.512252
75.175175 -0.555415 0.631856 1.273934 1.526642
75.275275 -0.604501 0.605706 1.280183 1.539861
75.375375 -0.652362 0.578354 1.283869 1.551899
75.475475 -0.698922 0.549872 1.285025 1.562735
75.575576 -0.744116 0.520338 1.283701 1.572370
75.675676 -0.787901 0.489839 1.279970 1.580840
75.775776 -0.830239 0.458460 1.273915 1.588189
75.875876 -0.871102 0.426285 1.265622 1.594471
75.975976 -0.910483 0.393403 1.255197 1.599770
76.076076 -0.948326 0.359874 1.242677 1.604082
76.176176 -0.984514 0.325735 1.228009 1.607288
76.276276 -1.018968 0.291037 1.211198 1.609347
76.376376 -1.051614 0.255840 1.192261 1.610228
76.476476 -1.082359 0.220195 1.171188 1.609865
76.576577 -1.111136 0.184164 1.148004 1.608245
76.676677 -1.137932 0.147819 1.122792 1.605429
76.776777 -1.162738 0.111230 1.095634 1.601483
76.876877 -1.185500 0.074459 1.066568 1.596409
76.976977 -1.206168 0.037570 1.035636 1.590219
77.077077 -1.224665 0.000627 1.002857 1.582885
77.177177 -1.240870 -0.036305 0.968219 1.574333
77.277277 -1.254715 -0.073154 0.931755 1.564554
77.377377 -1.266150 -0.109850 0.893519 1.553570
77.477477 -1.275145 -0.146322 0.853577 1.541428
77.577578 -1.281672 -0.182498 0.811998 1.528178
77.677678 -1.285660 -0.218300 0.768828 1.513828
77.777778 -1.286985 -0.253638 0.724082 1.498318
77.877878 -1.285534 -0.288416 0.677790 1.481614
77.977978 -1.281269 -0.322550 0.630029 1.463771
78.078078 -1.274157 -0.355955 0.580885 1.444855
78.178178 -1.264120 -0.388531 0.530424 1.424888
78.278278 -1.251022 -0.420152 0.478695 1.403828
78.378378 -1.234715 -0.450684 0.425755 1.381631
78.478478 -1.215072 -0.479984 0.371681 1.358282
78.578579 -1.191915 -0.507883 0.316551 1.333721
78.678679 -1.165071 -0.534197 0.260459 1.307897
78.778779 -1.134448 -0.558764 0.203540 1.280866
78.878879 -1.099932 -0.581400 0.145941 1.252667
78.978979 -1.061355 -0.601874 0.087823 1.223290
79.079079 -1.018509 -0.619911 0.029373 1.192692
79.179179 -0.971128 -0.635169 -0.029185 1.160767
79.279279 -0.918982 -0.647295 -0.087577 1.127470
79.379379 -0.861863 -0.655896 -0.145469 1.092780
79.479479 -0.799574 -0.660542 -0.202460 1.056705
79.579580 -0.731979 -0.660780 -0.258077 1.019327
79.679680 -0.658992 -0.656125 -0.311759 0.980797
79.779780 -0.580549 -0.646005 -0.362818 0.941274
79.879880 -0.496658 -0.629785 -0.410423 0.900969
79.979980 -0.407525 -0.606874 -0.453638 0.860326
80.080080 -0.313543 -0.576682 -0.491379 0.819954
80.180180 -0.215276 -0.538517 -0.522284 0.780464
80.280280 -0.113575 -0.491609 -0.544662 0.742452
80.380380 -0.009792 -0.435410 -0.556692 0.706812
80.480480 0.094119 -0.369660 -0.556439 0.674634
80.580581 0.195495 -0.294410 -0.541792 0.646865
80.680681 0.290921 -0.210412 -0.510930 0.624466
80.780781 0.376602 -0.119470 -0.463089 0.608732
80.880881 0.448833 -0.024331 -0.398800 0.600903
80.980981 0.504368 0.071670 -0.319731 0.601457
81.081081 0.541021 0.164974 -0.228712 0.610106
81.181181 0.558157 0.252334 -0.129431 0.626070
81.281281 0.556485 0.331206 -0.025771 0.648102
81.381381 0.537790 0.399973 0.078713 0.674828
81.481481 0.504583 0.457975 0.181110 0.705086
81.581582 0.459531 0.505253 0.279289 0.737870
81.681682 0.405067 0.542198 0.371768 0.772185
81.781782 0.343304 0.569386 0.457565 0.807109
81.881882 0.276136 0.587621 0.536173 0.842040
81.981982 0.205164 0.597760 0.607394 0.876548
82.082082 0.131687 0.600593 0.671188 0.910245
82.182182 0.056774 0.596834 0.727608 0.942787
82.282282 -0.018695 0.587150 0.776798 0.973915
82.382382 -0.093987 0.572251 0.819081 1.003592
82.482482 -0.168517 0.552786 0.854817 1.031835
82.582583 -0.241799 0.529285 0.884299 1.058581
82.682683 -0.313446 0.502240 0.907846 1.083826
82.782783 -0.383153 0.472120 0.925817 1.107628
82.882883 -0.450664 0.439321 0.938518 1.130008
82.982983 -0.515757 0.404191 0.946216 1.150957
83.083083 -0.578260 0.367053 0.949192 1.170503
83.183183 -0.638044 0.328210 0.947731 1.188703
83.283283 -0.695013 0.287938 0.942114 1.205625
83.383383 -0.749016 0.246458 0.932502 1.221198
83.483483 -0.799885 0.203963 0.919011 1.235313
83.583584 -0.847517 0.160660 0.901822 1.247950
83.683684 -0.891808 0.116740 0.881100 1.259082
83.783784 -0.932677 0.072387 0.857017 1.268702
83.883884 -0.970049 0.027778 0.829739 1.276806
83.983984 -1.003886 -0.016919 0.799456 1.283434
84.084084 -1.034163 -0.061542 0.766356 1.288635
84.184184 -1.060831 -0.105936 0.730598 1.292423
84.284284 -1.083909 -0.149960 0.692385 1.294891
84.384384 -1.103361 -0.193468 0.651874 1.296062
84.484484 -1.119043 -0.236301 0.609153 1.295825
84.584585 -1.130871 -0.278307 0.564351 1.294147
84.684685 -1.138858 -0.319356 0.517648 1.291103
84.784785 -1.143046 -0.359327 0.469234 1.286798
84.884885 -1.143418 -0.398086 0.419270 1.281274
84.984985 -1.139910 -0.435481 0.367901 1.274516
85.085085 -1.132526 -0.471383 0.315297 1.266582
85.185185 -1.121301 -0.505673 0.261639 1.257568
85.285285 -1.106282 -0.538240 0.207113 1.247580
85.385385 -1.087416 -0.568921 0.151885 1.236614
85.485485 -1.064622 -0.597533 0.096126 1.224625
85.585586 -1.037911 -0.623933 0.040032 1.211674
85.685686 -1.007240 -0.647937 -0.016196 1.197755
85.785786 -0.972547 -0.669339 -0.072340 1.182833
85.885886 -0.933846 -0.687968 -0.128166 1.166960
85.985986 -0.891193 -0.703669 -0.183429 1.150227
86.086086 -0.844569 -0.716216 -0.237851 1.132623
86.186186 -0.793904 -0.725318 -0.291110 1.114053
86.286286 -0.739141 -0.730653 -0.342838 1.094405
86.386386 -0.680208 -0.731844 -0.392603 1.073506
86.486486 -0.617113 -0.728531 -0.439932 1.051250
86.586587 -0.549992 -0.720440 -0.484358 1.027680
86.686687 -0.478984 -0.707224 -0.525317 1.002771
86.786787 -0.404257 -0.688477 -0.562146 0.976438
86.886887 -0.326131 -0.663899 -0.594195 0.948784
86.986987 -0.245024 -0.633191 -0.620731 0.919932
87.087087 -0.161435 -0.595986 -0.640871 0.889931
87.187187 -0.076017 -0.551874 -0.653552 0.858762
87.287287 0.010355 -0.500542 -0.657648 0.826529
87.387387 0.096522 -0.441854 -0.652038 0.793539
87.487487 0.181025 -0.375825 -0.635542 0.760215
87.587588 0.262041 -0.302721 -0.607020 0.727171
87.687688 0.337381 -0.223178 -0.565502 0.695289
87.787788 0.404446 -0.138265 -0.510248 0.665617
87.887888 0.460111 -0.049558 -0.440746 0.639074
87.987988 0.500903 0.040660 -0.357115 0.616513
88.088088 0.523411 0.129310 -0.260556 0.598807
88.188188 0.524895 0.212702 -0.153617 0.586818
88.288288 0.503981 0.286970 -0.040182 0.581347
88.388388 0.460858 0.348557 0.074976 0.582669
88.488488 0.397455 0.394800 0.186829 0.590544
88.588589 0.317231 0.424348 0.290792 0.604373
88.688689 0.224461 0.437157 0.383310 0.623230
88.788789 0.123607 0.434293 0.462117 0.646097
88.888889 0.018762 0.417555 0.526195 0.672001
88.988989 -0.086644 0.389008 0.575417 0.699957
89.089089 -0.189929 0.350778 0.610343 0.729135
89.189189 -0.289101 0.304909 0.631999 0.758928
89.289289 -0.382744 0.253189 0.641541 0.788779
89.389389 -0.469927 0.197187 0.640245 0.818308
89.489489 -0.550105 0.138243 0.629400 0.847272
89.589590 -0.622891 0.077448 0.610107 0.875341
89.689690 -0.688041 0.015710 0.583343 0.902184
89.789790 -0.745419 -0.046195 0.550004 0.927518
89.889890 -0.794918 -0.107601 0.510864 0.951028
89.989990 -0.836555 -0.167933 0.466685 0.972533
90.090090 -0.870546 -0.226722 0.418251 0.992063
90.190190 -0.897171 -0.283582 0.366292 1.009706
90.290290 -0.916751 -0.338206 0.311468 1.025587
90.390390 -0.929632 -0.390348 0.254382 1.039855
90.490490 -0.936088 -0.439781 0.195554 1.052573
90.590591 -0.936292 -0.486263 0.135436 1.063690
90.690691 -0.930315 -0.529521 0.074442 1.073042
90.790791 -0.918344 -0.569355 0.012985 1.080597
90.890891 -0.900666 -0.605637 -0.048536 1.086440
90.990991 -0.877530 -0.638236 -0.109745 1.090618
91.091091 -0.849094 -0.666963 -0.170271 1.093066
91.191191 -0.815500 -0.691625 -0.229742 1.093694
91.291291 -0.777029 -0.712133 -0.287819 1.092587
91.391391 -0.733964 -0.728416 -0.344172 1.089838
91.491491 -0.686533 -0.740346 -0.398454 1.085452
91.591592 -0.634983 -0.747814 -0.450318 1.079451
91.691692 -0.579583 -0.750725 -0.499424 1.071881
91.791792 -0.520649 -0.749037 -0.545456 1.062852
91.891892 -0.458540 -0.742755 -0.588127 1.052538
91.991992 -0.393584 -0.731830 -0.627106 1.041031
92.092092 -0.326116 -0.716196 -0.662033 1.028385
92.192192 -0.256513 -0.695831 -0.692571 1.014709
92.292292 -0.185165 -0.670669 -0.718316 1.000031
92.392392 -0.112485 -0.640595 -0.738780 0.984282
92.492492 -0.038965 -0.605604 -0.753554 0.967532
92.592593 0.034841 -0.565781 -0.762295 0.949956
92.692693 0.108321 -0.521167 -0.764556 0.931609
92.792793 0.180795 -0.471860 -0.759908 0.912578
92.892893 0.251483 -0.417996 -0.747887 0.892916
92.992993 0.319479 -0.359731 -0.727955 0.872577
93.093093 0.383755 -0.297340 -0.699629 0.851563
93.193193 0.443169 -0.231234 -0.662508 0.829931
93.293293 0.496449 -0.161976 -0.616279 0.807773
93.393393 0.542271 -0.090325 -0.560843 0.785342
93.493493 0.579358 -0.017255 -0.496420 0.763142
93.593594 0.606348 0.056076 -0.423397 0.741665
93.693694 0.621578 0.128272 -0.342225 0.721063
93.793794 0.623404 0.197660 -0.253727 0.701484
93.893894 0.610544 0.262350 -0.159305 0.683351
93.993994 0.582025 0.320267 -0.060854 0.667103
94.094094 0.537217 0.369171 0.039233 0.653015
94.194194 0.476251 0.406928 0.138086 0.641462
94.294294 0.400226 0.431773 0.232513 0.632986
94.394394 0.311076 0.442413 0.319258 0.628031
94.494494 0.211521 0.438212 0.395267 0.626902
94.594595 0.104843 0.419200 0.457895 0.629594
94.694695 -0.005339 0.386100 0.505119 0.635804
94.794795 -0.115344 0.340376 0.535826 0.645189
94.894895 -0.221747 0.284025 0.549803 0.657363
94.994995 -0.321605 0.219282 0.547540 0.671800
95.095095 -0.412618 0.148494 0.530200 0.688052
95.195195 -0.493216 0.073945 0.499462 0.705828
95.295295 -0.562348 -0.002324 0.457110 0.724700
95.395395 -0.619305 -0.078542 0.404863 0.744057
95.495495 -0.663729 -0.153167 0.344427 0.763300
95.595596 -0.695493 -0.224863 0.277431 0.781820
95.695696 -0.714710 -0.292496 0.205437 0.799105
95.795796 -0.721789 -0.355157 0.129963 0.814866
95.895896 -0.717361 -0.412148 0.052425 0.828988
95.995996 -0.702091 -0.462901 -0.025892 0.841356
96.096096 -0.676618 -0.506913 -0.103817 0.851792
96.196196 -0.641623 -0.543779 -0.180264 0.860158
96.296296 -0.597851 -0.573191 -0.254224 0.866374
96.396396 -0.546109 -0.594945 -0.324775 0.870445
96.496496 -0.487168 -0.608833 -0.391014 0.872297
96.596597 -0.421770 -0.614626 -0.452036 0.871775
96.696697 -0.350773 -0.612230 -0.507021 0.868871
96.796797 -0.275088 -0.601613 -0.555177 0.863616
96.896897 -0.195663 -0.582765 -0.595719 0.856026
96.996997 -0.113520 -0.555743 -0.627885 0.846154
97.097097 -0.029759 -0.520663 -0.650922 0.834071
97.197197 0.054419 -0.477697 -0.664073 0.819847
97.297297 0.137685 -0.427083 -0.666560 0.803529
97.397397 0.218582 -0.369247 -0.657742 0.785332
97.497497 0.295510 -0.304800 -0.637101 0.765589
97.597598 0.366701 -0.234508 -0.604186 0.744651
97.697698 0.430206 -0.159367 -0.558694 0.722921
97.797798 0.483833 -0.080631 -0.500456 0.700751
97.897898 0.525206 0.000087 -0.429621 0.678540
97.997998 0.551933 0.080745 -0.346880 0.656868
98.098098 0.561701 0.158864 -0.253557 0.636425
98.198198 0.552257 0.231478 -0.151653 0.617712
98.298298 0.521932 0.295279 -0.044094 0.601288
98.398398 0.470129 0.346861 0.065192 0.587864
98.498498 0.397566 0.383066 0.171520 0.578115
98.598599 0.306409 0.401279 0.269728 0.572419
98.698699 0.200278 0.399814 0.354665 0.570745
98.798799 0.084184 0.378395 0.421877 0.572931
98.898899 -0.036064 0.338306 0.468272 0.578818
98.998999 -0.154593 0.282057 0.492303 0.588062
99.099099 -0.266067 0.212898 0.493819 0.599978
99.199199 -0.366132 0.134567 0.474103 0.613950
99.299299 -0.451485 0.050812 0.435315 0.629222
99.399399 -0.519931 -0.034869 0.380194 0.645052
99.499499 -0.570370 -0.119358 0.311887 0.660940
99.599600 -0.602467 -0.200018 0.233537 0.676398
99.699700 -0.616515 -0.274692 0.148184 0.691017
99.799800 -0.613331 -0.341692 0.058683 0.704537
99.899900 -0.593957 -0.399668 -0.032360 0.716636
100.000000 -0.559566 -0.447532 -0.122578 0.726928
