0.000000 0.743143 0.753197 -0.277437 1.093864
0.100100 0.726722 0.737141 -0.357692 1.095192
0.200200 0.705093 0.715803 -0.435358 1.095019
0.300300 0.678404 0.689327 -0.509870 1.093330
0.400400 0.646829 0.657887 -0.580680 1.090134
0.500501 0.610563 0.621676 -0.647248 1.085448
0.600601 0.569832 0.580916 -0.709048 1.079315
0.700701 0.524883 0.535858 -0.765563 1.071790
0.800801 0.475938 0.486720 -0.816207 1.062830
0.900901 0.423248 0.433752 -0.860380 1.052394
1.001001 0.367145 0.377285 -0.897566 1.040559
1.101101 0.308010 0.317702 -0.927278 1.027448
1.201201 0.246229 0.255390 -0.948949 1.013093
1.301301 0.182227 0.190773 -0.961957 0.997478
1.401401 0.116487 0.124335 -0.965647 0.980562
1.501502 0.049578 0.056649 -0.959447 0.962396
1.601602 -0.017841 -0.011624 -0.942831 0.943071
1.701702 -0.085020 -0.079730 -0.915202 0.922595
1.801802 -0.151098 -0.146799 -0.876040 0.901014
1.901902 -0.215089 -0.211842 -0.824981 0.878484
2.002002 -0.275871 -0.273721 -0.761761 0.855166
2.102102 -0.332222 -0.331204 -0.686415 0.831404
2.202202 -0.382792 -0.382923 -0.599230 0.807612
2.302302 -0.426158 -0.427435 -0.500849 0.784322
2.402402 -0.460903 -0.463299 -0.392417 0.762278
2.502503 -0.485585 -0.489047 -0.275493 0.742197
2.602603 -0.498943 -0.503390 -0.152209 0.724923
2.702703 -0.499979 -0.505302 -0.025231 0.711299
2.802803 -0.487993 -0.494052 0.102342 0.701925
2.902903 -0.462757 -0.469387 0.227082 0.697162
3.003003 -0.424687 -0.431704 0.345481 0.697198
3.103103 -0.374795 -0.382003 0.454225 0.701938
3.203203 -0.314662 -0.321865 0.550541 0.711130
3.303303 -0.246359 -0.253369 0.632566 0.724589
3.403403 -0.172093 -0.178741 0.699288 0.742002
3.503504 -0.093981 -0.100118 0.750402 0.762862
3.603604 -0.013949 -0.019450 0.786218 0.786583
3.703704 0.066344 0.061580 0.807501 0.812558
3.803804 0.145535 0.141589 0.815357 0.840259
3.903904 0.222561 0.219490 0.811081 0.869230
4.004004 0.296620 0.294466 0.796006 0.899066
4.104104 0.367136 0.365924 0.771437 0.929410
4.204204 0.433684 0.433427 0.738552 0.959896
4.304304 0.495944 0.496644 0.698388 0.990132
4.404404 0.553761 0.555412 0.651985 1.019911
4.504505 0.607067 0.609655 0.600293 1.049077
4.604605 0.655790 0.659296 0.544090 1.077388
4.704705 0.699917 0.704316 0.484097 1.104670
4.804805 0.739479 0.744742 0.420967 1.130789
4.904905 0.774576 0.780672 0.355315 1.155710
5.005005 0.805342 0.812236 0.287696 1.179437
5.105105 0.831915 0.839571 0.218600 1.201977
5.205205 0.854440 0.862820 0.148460 1.223342
5.305305 0.873043 0.882110 0.077660 1.243525
5.405405 0.887829 0.897541 0.006541 1.262483
5.505506 0.898904 0.909222 -0.064584 1.280189
5.605606 0.906409 0.917291 -0.135433 1.296665
5.705706 0.910474 0.921879 -0.205746 1.311929
5.805806 0.911191 0.923077 -0.275281 1.325941
5.905906 0.908596 0.920919 -0.343792 1.338593
6.006006 0.902748 0.915464 -0.411051 1.349811
6.106106 0.893715 0.906780 -0.476836 1.359540
6.206206 0.881570 0.894937 -0.540938 1.367732
6.306306 0.866436 0.880060 -0.603184 1.374426
6.406406 0.848470 0.862307 -0.663436 1.379718
6.506507 0.827853 0.841858 -0.721592 1.383749
6.606607 0.804730 0.818862 -0.777538 1.386611
6.706707 0.779185 0.793401 -0.831119 1.388299
6.806807 0.751305 0.765562 -0.882181 1.388808
6.906907 0.721186 0.735441 -0.930586 1.388155
7.007007 0.688902 0.703112 -0.976168 1.386311
7.107107 0.654518 0.668641 -1.018744 1.383226
7.207207 0.618134 0.632124 -1.058173 1.378913
7.307307 0.579845 0.593660 -1.094307 1.373376
7.407407 0.539756 0.553353 -1.127009 1.366633
7.507508 0.497991 0.511327 -1.156170 1.358742
7.607608 0.454641 0.467675 -1.181609 1.349674
7.707708 0.409810 0.422497 -1.203150 1.339409
7.807808 0.363628 0.375926 -1.220673 1.328002
7.907908 0.316211 0.328080 -1.233992 1.315433
8.008008 0.267674 0.279070 -1.242867 1.301633
8.108108 0.218155 0.229035 -1.247101 1.286588
8.208208 0.167806 0.178129 -1.246487 1.270283
8.308308 0.116790 0.126513 -1.240784 1.252673
8.408408 0.065296 0.074379 -1.229820 1.233797
8.508509 0.013533 0.021936 -1.213452 1.213726
8.608609 -0.038273 -0.030590 -1.191442 1.192449
8.708709 -0.089869 -0.082943 -1.163495 1.169904
8.808809 -0.140961 -0.134829 -1.129291 1.146013
8.908909 -0.191220 -0.185917 -1.088579 1.120774
9.009009 -0.240278 -0.235837 -1.041157 1.094240
9.109109 -0.287723 -0.284173 -0.986849 1.066494
9.209209 -0.333082 -0.330448 -0.925475 1.037615
9.309309 -0.375834 -0.374136 -0.856930 1.007749
9.409409 -0.415434 -0.414685 -0.781264 0.977202
9.509510 -0.451226 -0.451434 -0.698508 0.946208
9.609610 -0.482428 -0.483589 -0.608710 0.914944
9.709710 -0.508148 -0.510249 -0.512062 0.883616
9.809810 -0.527326 -0.530340 -0.408892 0.852365
9.909910 -0.538795 -0.542677 -0.299814 0.821393
10.010010 -0.541445 -0.546131 -0.185894 0.791188
10.110110 -0.534217 -0.539621 -0.068653 0.762425
10.210210 -0.515983 -0.521993 0.049917 0.735667
10.310310 -0.485661 -0.492135 0.167226 0.711356
10.410410 -0.442691 -0.449461 0.280096 0.690249
10.510511 -0.387181 -0.394054 0.384942 0.673326
10.610611 -0.319824 -0.326589 0.477905 0.661317
10.710711 -0.242085 -0.248522 0.555257 0.654736
10.810811 -0.156244 -0.162137 0.613934 0.653924
10.910911 -0.065163 -0.070314 0.651954 0.658965
11.011011 0.028045 0.023805 0.668664 0.669675
11.111111 0.120398 0.117199 0.664741 0.685647
11.211211 0.209327 0.207262 0.641849 0.706219
11.311311 0.292784 0.291906 0.602142 0.730415
11.411411 0.369312 0.369642 0.548147 0.757292
11.511512 0.438047 0.439579 0.482563 0.786119
11.611612 0.498584 0.501288 0.407931 0.816262
11.711712 0.550798 0.554630 0.326488 0.847105
11.811812 0.594781 0.599684 0.240166 0.878103
11.911912 0.630890 0.636798 0.150665 0.908974
12.012012 0.659631 0.666476 0.059409 0.939592
12.112112 0.681507 0.689217 -0.032455 0.969807
12.212212 0.697034 0.705537 -0.124005 0.999508
12.312312 0.706653 0.715878 -0.214488 1.028516
12.412412 0.710838 0.720713 -0.303308 1.056747
12.512513 0.710141 0.720598 -0.390029 1.084289
12.612613 0.705040 0.716014 -0.474313 1.111184
12.712713 0.695855 0.707283 -0.555825 1.137280
12.812813 0.682849 0.694667 -0.634263 1.162383
12.912913 0.666335 0.678483 -0.709419 1.186430
13.013013 0.646576 0.658995 -0.781095 1.209315
13.113113 0.623794 0.636424 -0.849089 1.230897
13.213213 0.598211 0.610997 -0.913244 1.251075
13.313313 0.570070 0.582956 -0.973463 1.269822
13.413413 0.539611 0.552545 -1.029692 1.287148
13.513514 0.507069 0.520000 -1.081914 1.303095
13.613614 0.472646 0.485527 -1.130083 1.317657
13.713714 0.436508 0.449291 -1.174111 1.330766
13.813814 0.398812 0.411451 -1.213902 1.342349
13.913914 0.359705 0.372156 -1.249350 1.352318
14.014014 0.319349 0.331568 -1.280404 1.360645
14.114114 0.277909 0.289853 -1.307047 1.367341
14.214214 0.235540 0.247170 -1.329251 1.372400
14.314314 0.192389 0.203665 -1.346950 1.375779
14.414414 0.148601 0.159485 -1.360090 1.377448
14.514515 0.104333 0.114789 -1.368699 1.377461
14.614615 0.059738 0.069732 -1.372828 1.375895
14.714715 0.014961 0.024460 -1.372409 1.372709
14.814815 -0.029852 -0.020879 -1.367357 1.367842
14.914915 -0.074545 -0.066130 -1.357587 1.361239
15.015015 -0.118962 -0.111134 -1.343048 1.352878
15.115115 -0.162939 -0.155726 -1.323732 1.342783
15.215215 -0.206313 -0.199740 -1.299634 1.330981
15.315315 -0.248911 -0.243003 -1.270759 1.317511
15.415415 -0.290546 -0.285325 -1.237048 1.302350
15.515516 -0.331030 -0.326516 -1.198511 1.285543
15.615616 -0.370184 -0.366395 -1.155221 1.267209
15.715716 -0.407807 -0.404758 -1.107213 1.247420
15.815816 -0.443666 -0.441369 -1.054467 1.226192
15.915916 -0.477522 -0.475989 -0.997010 1.203587
16.016016 -0.509133 -0.508370 -0.934912 1.179711
16.116116 -0.538187 -0.538197 -0.868164 1.154560
16.216216 -0.564313 -0.565095 -0.796737 1.128083
16.316316 -0.587151 -0.588701 -0.720707 1.100333
16.416416 -0.606355 -0.608663 -0.640256 1.071478
16.516517 -0.621548 -0.624600 -0.555610 1.041705
16.616617 -0.632243 -0.636014 -0.466984 1.011098
16.716717 -0.637805 -0.642266 -0.374613 0.979610
16.816817 -0.637578 -0.642688 -0.278884 0.947275
16.916917 -0.630972 -0.636679 -0.180409 0.914349
17.017017 -0.617420 -0.623661 -0.079993 0.881226
17.117117 -0.596301 -0.602999 0.021351 0.848316
17.217217 -0.566961 -0.574024 0.122343 0.816037
17.317317 -0.528824 -0.536141 0.221374 0.784925
17.417417 -0.481447 -0.488890 0.316465 0.755615
17.517518 -0.424710 -0.432134 0.405331 0.728980
17.617618 -0.358861 -0.366107 0.485408 0.706000
17.717718 -0.284499 -0.291393 0.553857 0.687465
17.817818 -0.202752 -0.209114 0.607795 0.673982
17.917918 -0.115387 -0.121040 0.644744 0.666078
18.018018 -0.024709 -0.029490 0.662979 0.664094
18.118118 0.066673 0.062903 0.661930 0.668247
18.218218 0.156160 0.153508 0.642160 0.678469
18.318318 0.241415 0.239953 0.604998 0.694177
18.418418 0.320561 0.320326 0.552508 0.714586
18.518519 0.392208 0.393206 0.487087 0.738709
18.618619 0.455525 0.457733 0.411298 0.765629
18.718719 0.510251 0.513629 0.327737 0.794722
18.818819 0.556416 0.560908 0.238674 0.825338
18.918919 0.594226 0.599763 0.146027 0.856823
19.019019 0.624091 0.630599 0.051429 0.888701
19.119119 0.646594 0.653997 -0.043772 0.920713
19.219219 0.662309 0.670530 -0.138503 0.952600
19.319319 0.671706 0.680665 -0.231899 0.984008
19.419419 0.675248 0.684867 -0.323259 1.014642
19.519520 0.673470 0.683673 -0.412058 1.044396
19.619620 0.666902 0.677618 -0.497909 1.073237
19.719720 0.655987 0.667145 -0.580494 1.101079
19.819820 0.641146 0.652679 -0.659585 1.127879
19.919920 0.622789 0.634633 -0.735036 1.153648
20.020020 0.601282 0.613377 -0.806745 1.178393
20.120120 0.576973 0.589263 -0.874670 1.202155
20.220220 0.550171 0.562603 -0.938787 1.224962
20.320320 0.521161 0.533684 -0.999106 1.246852
20.420420 0.490205 0.502772 -1.055662 1.267874
20.520521 0.457509 0.470077 -1.108436 1.287989
20.620621 0.423237 0.435761 -1.157347 1.307084
20.720721 0.387541 0.399978 -1.202320 1.325045
20.820821 0.350583 0.362892 -1.243329 1.341814
20.920921 0.312519 0.324662 -1.280361 1.357350
21.021021 0.273492 0.285431 -1.313386 1.371587
21.121121 0.233629 0.245327 -1.342325 1.384414
21.221221 0.193071 0.204491 -1.367185 1.395811
21.321321 0.151963 0.163075 -1.388061 1.405845
21.421421 0.110437 0.121206 -1.404969 1.414506
21.521522 0.068612 0.079010 -1.417916 1.421773
21.621622 0.026612 0.036611 -1.426949 1.427667
21.721722 -0.015445 -0.005874 -1.432137 1.432232
21.821822 -0.057448 -0.048329 -1.433519 1.435483
21.921922 -0.099284 -0.090641 -1.431110 1.437411
22.022022 -0.140849 -0.132705 -1.424984 1.438065
22.122122 -0.182036 -0.174410 -1.415175 1.437455
22.222222 -0.222735 -0.215649 -1.401692 1.435568
22.322322 -0.262837 -0.256308 -1.384544 1.432389
22.422422 -0.302244 -0.296290 -1.363809 1.427975
22.522523 -0.340861 -0.335496 -1.339577 1.422396
22.622623 -0.378568 -0.373806 -1.311830 1.415607
22.722723 -0.415240 -0.411094 -1.280552 1.407564
22.822823 -0.450744 -0.447224 -1.245721 1.398214
22.922923 -0.484958 -0.482075 -1.207371 1.387561
23.023023 -0.517782 -0.515544 -1.165603 1.375686
23.123123 -0.549114 -0.547527 -1.120514 1.362668
23.223223 -0.578830 -0.577898 -1.072166 1.348536
23.323323 -0.606793 -0.606519 -1.020607 1.333305
23.423423 -0.632850 -0.633235 -0.965877 1.316968
23.523524 -0.656808 -0.657850 -0.907978 1.299457
23.623624 -0.678416 -0.680112 -0.846865 1.280618
23.723724 -0.697364 -0.699706 -0.782465 1.260221
23.823824 -0.713395 -0.716373 -0.714823 1.238182
23.923924 -0.726268 -0.729869 -0.644047 1.214484
24.024024 -0.735727 -0.739933 -0.570274 1.189121
24.124124 -0.741507 -0.746298 -0.493680 1.162116
24.224224 -0.743296 -0.748645 -0.414459 1.133461
24.324324 -0.740718 -0.746595 -0.332837 1.103108
24.424424 -0.733329 -0.739694 -0.249087 1.070963
24.524525 -0.720728 -0.727536 -0.163599 1.037074
24.624625 -0.702491 -0.709688 -0.076868 1.001529
24.724725 -0.678087 -0.685610 0.010496 0.964351
24.824825 -0.646947 -0.654722 0.097712 0.925608
24.924925 -0.608470 -0.616407 0.183769 0.885418
25.025025 -0.561999 -0.569993 0.267349 0.843925
25.125125 -0.506878 -0.514806 0.346740 0.801361
25.225225 -0.442625 -0.450345 0.419798 0.758260
25.325325 -0.368979 -0.376325 0.483824 0.715438
25.425425 -0.285944 -0.292728 0.535366 0.673848
25.525526 -0.194223 -0.200238 0.570411 0.634970
25.625626 -0.095511 -0.100536 0.584499 0.600724
25.725726 0.007214 0.003395 0.573171 0.573226
25.825826 0.109444 0.107020 0.533155 0.554693
25.925926 0.205501 0.204606 0.463597 0.546824
26.026026 0.289569 0.290254 0.367105 0.550330
26.126126 0.357056 0.359283 0.249555 0.564669
26.226226 0.405573 0.409223 0.118637 0.588241
26.326326 0.435098 0.440001 -0.017973 0.619059
26.426426 0.447286 0.453249 -0.153988 0.655143
26.526527 0.444674 0.451500 -0.285021 0.694855
26.626627 0.429888 0.437390 -0.408323 0.736777
26.726727 0.405242 0.413248 -0.522316 0.779622
26.826827 0.372757 0.381113 -0.626241 0.822419
26.926927 0.334158 0.342727 -0.719923 0.864530
27.027027 0.290873 0.299535 -0.803519 0.905523
27.127127 0.244048 0.252697 -0.877333 0.945054
27.227227 0.194646 0.203192 -0.941876 0.983008
27.327327 0.143463 0.151826 -0.997773 1.019404
27.427427 0.091126 0.099239 -1.045579 1.054224
27.527528 0.038137 0.045941 -1.085789 1.087429
27.627628 -0.015092 -0.007647 -1.118866 1.118994
27.727728 -0.068217 -0.061178 -1.145208 1.148868
27.827828 -0.120956 -0.114360 -1.165251 1.177081
27.927928 -0.173072 -0.166952 -1.179413 1.203678
28.028028 -0.224343 -0.218728 -1.187921 1.228547
28.128128 -0.274571 -0.269488 -1.190982 1.251580
28.228228 -0.323592 -0.319062 -1.188865 1.272758
28.328328 -0.371234 -0.367275 -1.181740 1.291981
28.428428 -0.417334 -0.413964 -1.169757 1.309147
28.528529 -0.461741 -0.458972 -1.153072 1.324174
28.628629 -0.504326 -0.502170 -1.131878 1.337037
28.728729 -0.544991 -0.543455 -1.106409 1.347776
28.828829 -0.583614 -0.582703 -1.076829 1.356359
28.928929 -0.620074 -0.619792 -1.043293 1.362752
29.029029 -0.654276 -0.654624 -1.005987 1.366975
29.129129 -0.686120 -0.687096 -0.965086 1.369033
29.229229 -0.715479 -0.717079 -0.920719 1.368881
29.329329 -0.742233 -0.744452 -0.873027 1.366491
29.429429 -0.766296 -0.769125 -0.822195 1.361898
29.529530 -0.787596 -0.791025 -0.768425 1.355178
29.629630 -0.806063 -0.810079 -0.711915 1.346398
29.729730 -0.821600 -0.826188 -0.652842 1.335595
29.829830 -0.834094 -0.839238 -0.591377 1.322785
29.929930 -0.843401 -0.849080 -0.527676 1.307939
30.030030 -0.849312 -0.855504 -0.461876 1.290948
30.130130 -0.851642 -0.858320 -0.394153 1.271756
30.230230 -0.850191 -0.857325 -0.324706 1.250306
30.330330 -0.844709 -0.852266 -0.253746 1.226489
30.430430 -0.834963 -0.842904 -0.181530 1.200251
30.530531 -0.820692 -0.828974 -0.108358 1.171527
30.630631 -0.801584 -0.810158 -0.034577 1.140215
30.730731 -0.777276 -0.786086 0.039398 1.106183
30.830831 -0.747384 -0.756366 0.113058 1.069324
30.930931 -0.711556 -0.720640 0.185785 1.029636
31.031031 -0.669381 -0.678484 0.256814 0.987099
31.131131 -0.620375 -0.629404 0.325175 0.941676
31.231231 -0.564049 -0.572898 0.389643 0.893412
31.331331 -0.499913 -0.508458 0.448646 0.842452
31.431431 -0.427529 -0.435629 0.500153 0.789118
31.531532 -0.346634 -0.354127 0.541579 0.734077
31.631632 -0.257258 -0.263959 0.569549 0.678411
31.731732 -0.160005 -0.165707 0.579750 0.623835
31.831832 -0.056555 -0.061031 0.566753 0.572828
31.931932 0.049561 0.046536 0.524766 0.529152
32.032032 0.152235 0.150852 0.449291 0.497789
32.132132 0.243123 0.243484 0.339761 0.483561
32.232232 0.313847 0.315921 0.202211 0.489076
32.332332 0.359461 0.363083 0.048296 0.513200
32.432432 0.380052 0.384972 -0.109287 0.551894
32.532533 0.379088 0.385029 -0.260963 0.600047
32.632633 0.361306 0.368006 -0.401328 0.653479
32.732733 0.331291 0.338525 -0.528312 0.709554
32.832833 0.292626 0.300206 -0.641640 0.766457
32.932933 0.247948 0.255719 -0.741890 0.822965
33.033033 0.199187 0.207021 -0.829985 0.878299
33.133133 0.147744 0.155537 -0.906960 0.931985
33.233233 0.094663 0.102328 -0.973889 0.983815
33.333333 0.040704 0.048170 -1.031771 1.033696
33.433433 -0.013570 -0.006363 -1.081486 1.081590
33.533534 -0.067741 -0.060842 -1.123673 1.127356
33.633634 -0.121482 -0.114934 -1.158892 1.170896
33.733734 -0.174544 -0.168384 -1.187736 1.212244
33.833834 -0.226735 -0.220992 -1.210733 1.251447
33.933934 -0.277910 -0.272609 -1.228361 1.288573
34.034034 -0.327939 -0.323102 -1.240988 1.323628
34.134134 -0.376709 -0.372354 -1.248898 1.356578
34.234234 -0.424134 -0.420277 -1.252395 1.387449
34.334334 -0.470136 -0.466788 -1.251730 1.416244
34.434434 -0.514659 -0.511832 -1.247166 1.443007
34.534535 -0.557667 -0.555368 -1.238965 1.467808
34.634635 -0.599116 -0.597352 -1.227333 1.490676
34.734735 -0.638986 -0.637761 -1.212498 1.511686
34.834835 -0.677269 -0.676586 -1.194680 1.530922
34.934935 -0.713954 -0.713814 -1.174071 1.548452
35.035035 -0.749042 -0.749446 -1.150862 1.564358
35.135135 -0.782521 -0.783467 -1.125207 1.578686
35.235235 -0.814360 -0.815846 -1.097219 1.591438
35.335335 -0.844539 -0.846562 -1.067018 1.602636
35.435435 -0.873050 -0.875607 -1.034735 1.612321
35.535536 -0.899873 -0.902958 -1.000473 1.620509
35.635636 -0.924960 -0.928566 -0.964303 1.627165
35.735736 -0.948266 -0.952386 -0.926299 1.632262
35.835836 -0.969767 -0.974394 -0.886553 1.635808
35.935936 -0.989460 -0.994585 -0.845175 1.637850
36.036036 -1.007356 -1.012969 -0.802281 1.638453
36.136136 -1.023433 -1.029525 -0.757960 1.637632
36.236236 -1.037648 -1.044207 -0.712280 1.635367
36.336336 -1.049957 -1.056971 -0.665311 1.631636
36.436436 -1.060333 -1.067788 -0.617136 1.626448
36.536537 -1.068757 -1.076640 -0.567844 1.619828
36.636637 -1.075180 -1.083476 -0.517509 1.611753
36.736737 -1.079537 -1.088229 -0.466199 1.602181
36.836837 -1.081787 -1.090860 -0.413997 1.591110
36.936937 -1.081927 -1.091361 -0.361007 1.578594
37.037037 -1.079942 -1.089720 -0.307326 1.564677
37.137137 -1.075803 -1.085904 -0.253051 1.549379
37.237237 -1.069436 -1.079840 -0.198272 1.532664
37.337337 -1.060708 -1.071392 -0.143075 1.514415
37.437437 -1.049527 -1.060465 -0.087566 1.494577
37.537538 -1.035813 -1.046980 -0.031866 1.473123
37.637638 -1.019479 -1.030845 0.023895 1.450017
37.737738 -1.000414 -1.011949 0.079571 1.425202
37.837838 -0.978458 -0.990129 0.134996 1.398556
37.937938 -0.953516 -0.965286 0.189988 1.370060
38.038038 -0.925569 -0.937403 0.244360 1.339819
38.138138 -0.894564 -0.906421 0.297903 1.307895
38.238238 -0.860329 -0.872166 0.350344 1.274198
38.338338 -0.822667 -0.834438 0.401365 1.238613
38.438438 -0.781448 -0.793101 0.450623 1.201137
38.538539 -0.736568 -0.748048 0.497743 1.161832
38.638639 -0.687901 -0.699149 0.542272 1.120748
38.738739 -0.635325 -0.646277 0.583686 1.077961
38.838839 -0.578754 -0.589341 0.621392 1.033638
38.938939 -0.518070 -0.528216 0.654636 0.987906
39.039039 -0.453142 -0.462764 0.682463 0.940874
39.139139 -0.383872 -0.392876 0.703677 0.892676
39.239239 -0.310205 -0.318489 0.716736 0.843429
39.339339 -0.232297 -0.239746 0.719870 0.793507
39.439439 -0.150585 -0.157076 0.711016 0.743567
39.539540 -0.065891 -0.071293 0.687718 0.694536
39.639640 0.020360 0.016182 0.647110 0.647633
39.739740 0.105850 0.103026 0.586194 0.604518
39.839840 0.187065 0.185703 0.502487 0.567426
39.939940 0.259185 0.259347 0.394889 0.538865
40.040040 0.316588 0.318263 0.265201 0.521393
40.140140 0.354191 0.357273 0.119092 0.516989
40.240240 0.369136 0.373428 -0.034625 0.526221
40.340340 0.361519 0.366759 -0.186303 0.547647
40.440440 0.334123 0.340026 -0.327965 0.578633
40.540541 0.291283 0.297576 -0.454673 0.616543
40.640641 0.237363 0.243810 -0.564286 0.658941
40.740741 0.176118 0.182520 -0.656690 0.703969
40.840841 0.110458 0.116657 -0.732811 0.750214
40.940941 0.042503 0.048370 -0.793884 0.796491
41.041041 -0.026201 -0.020767 -0.841242 0.841906
41.141141 -0.094532 -0.089610 -0.876319 0.885946
41.241241 -0.161685 -0.157337 -0.900480 0.928311
41.341341 -0.227083 -0.223356 -0.914878 0.968740
41.441441 -0.290337 -0.287266 -0.920658 1.007188
41.541542 -0.351165 -0.348775 -0.918775 1.043604
41.641642 -0.409358 -0.407667 -0.910025 1.077921
41.741742 -0.464805 -0.463824 -0.895194 1.110201
41.841842 -0.517430 -0.517165 -0.874956 1.140500
41.941942 -0.567159 -0.567611 -0.849847 1.168799
42.042042 -0.613948 -0.615116 -0.820359 1.195111
42.142142 -0.657811 -0.659687 -0.786983 1.219526
42.242242 -0.698770 -0.701347 -0.750156 1.242136
42.342342 -0.736828 -0.740094 -0.710238 1.262970
42.442442 -0.772028 -0.775972 -0.667586 1.282119
42.542543 -0.804422 -0.809028 -0.622529 1.299678
42.642643 -0.833978 -0.839230 -0.575299 1.315597
42.742743 -0.860740 -0.866620 -0.526159 1.329943
42.842843 -0.884827 -0.891318 -0.475405 1.342899
42.942943 -0.906296 -0.913377 -0.423264 1.354542
43.043043 -0.925121 -0.932772 -0.369908 1.364824
43.143143 -0.941263 -0.949461 -0.315500 1.373678
43.243243 -0.954727 -0.963449 -0.260213 1.381104
43.343343 -0.965497 -0.974718 -0.204212 1.387070
43.443443 -0.973559 -0.983254 -0.147658 1.391548
43.543544 -0.978884 -0.989025 -0.090708 1.394493
43.643644 -0.981444 -0.992001 -0.033521 1.395859
43.743744 -0.981266 -0.992212 0.023741 1.395683
43.843844 -0.978425 -0.989728 0.080920 1.394068
43.943944 -0.973000 -0.984631 0.137867 1.391127
44.044044 -0.965013 -0.976941 0.194431 1.386892
44.144144 -0.954406 -0.966598 0.250446 1.381276
44.244244 -0.941138 -0.953561 0.305743 1.374227
44.344344 -0.925264 -0.937883 0.360174 1.365820
44.444444 -0.906778 -0.919556 0.413567 1.356048
44.544545 -0.885621 -0.898521 0.465720 1.344827
44.644645 -0.861757 -0.874740 0.516427 1.332101
44.744745 -0.835158 -0.848182 0.565472 1.317824
44.844845 -0.805786 -0.818808 0.612616 1.301936
44.944945 -0.773647 -0.786622 0.657633 1.284439
45.045045 -0.738741 -0.751622 0.700271 1.265327
45.145145 -0.701030 -0.713769 0.740223 1.244523
45.245245 -0.660543 -0.673088 0.777216 1.222060
45.345345 -0.617298 -0.629598 0.810933 1.197941
45.445445 -0.571282 -0.583281 0.840976 1.172101
45.545546 -0.522573 -0.534213 0.867021 1.144636
45.645646 -0.471273 -0.482497 0.888727 1.115679
45.745746 -0.417443 -0.428191 0.905617 1.085241
45.845846 -0.361201 -0.371409 0.917223 1.053427
45.945946 -0.302692 -0.312296 0.923008 1.020341
46.046046 -0.242053 -0.250986 0.922216 0.985934
46.146146 -0.179509 -0.187699 0.914066 0.950248
46.246246 -0.115376 -0.122749 0.897663 0.913334
46.346346 -0.050086 -0.056568 0.872021 0.875288
46.446446 0.015755 0.010240 0.836179 0.836390
46.546547 0.081340 0.076868 0.789043 0.796940
46.646647 0.145590 0.142229 0.729430 0.757293
46.746747 0.207065 0.204877 0.656221 0.717967
46.846847 0.263887 0.262920 0.568510 0.679681
46.946947 0.313690 0.313969 0.465892 0.643454
47.047047 0.353658 0.355172 0.348864 0.610678
47.147147 0.380578 0.383270 0.219163 0.582896
47.247247 0.391368 0.395122 0.080331 0.561910
47.347347 0.383776 0.388416 -0.062141 0.549557
47.447447 0.356965 0.362258 -0.201416 0.547013
47.547548 0.312082 0.317759 -0.330483 0.554603
47.647648 0.252133 0.257921 -0.443663 0.571779
47.747748 0.181182 0.186830 -0.537636 0.597315
47.847848 0.103337 0.108631 -0.611363 0.629479
47.947948 0.022105 0.026874 -0.665384 0.666293
48.048048 -0.059773 -0.055661 -0.701143 0.705884
48.148148 -0.140279 -0.136920 -0.720480 0.746671
48.248248 -0.218034 -0.215495 -0.725564 0.787668
48.348348 -0.292161 -0.290484 -0.718529 0.828265
48.448448 -0.362067 -0.361277 -0.701109 0.867852
48.548549 -0.427414 -0.427521 -0.674858 0.906029
48.648649 -0.488067 -0.489070 -0.641202 0.942623
48.748749 -0.543962 -0.545850 -0.601308 0.977454
48.848849 -0.595126 -0.597883 -0.556197 1.010443
48.948949 -0.641668 -0.645272 -0.506781 1.041605
49.049049 -0.683662 -0.688089 -0.453792 1.070882
49.149149 -0.721251 -0.726471 -0.397894 1.098309
49.249249 -0.754588 -0.760570 -0.339670 1.123942
49.349349 -0.783766 -0.790478 -0.279591 1.147744
49.449449 -0.808874 -0.816280 -0.218080 1.169680
49.549550 -0.830012 -0.838076 -0.155516 1.189738
49.649650 -0.847305 -0.855989 -0.092250 1.207955
49.749750 -0.860857 -0.870122 -0.028596 1.224339
49.849850 -0.870811 -0.880620 0.035160 1.238967
49.949950 -0.877344 -0.887657 0.098760 1.251967
50.050050 -0.880582 -0.891360 0.161970 1.263401
50.150150 -0.880632 -0.891837 0.224574 1.273310
50.250250 -0.877546 -0.889137 0.286359 1.281660
50.350350 -0.871364 -0.883301 0.347113 1.288403
50.450450 -0.862143 -0.874384 0.406637 1.293519
50.550551 -0.849981 -0.862483 0.464753 1.297051
50.650651 -0.834957 -0.847679 0.521283 1.299019
50.750751 -0.817101 -0.829999 0.576024 1.299367
50.850851 -0.796482 -0.809512 0.628794 1.298105
50.950951 -0.773152 -0.786270 0.679402 1.295211
51.051051 -0.747152 -0.760312 0.727638 1.290646
51.151151 -0.718536 -0.731692 0.773303 1.284393
51.251251 -0.687363 -0.700468 0.816190 1.276436
51.351351 -0.653715 -0.666722 0.856112 1.266803
51.451451 -0.617697 -0.630559 0.892903 1.255559
51.551552 -0.579397 -0.592065 0.926363 1.242735
51.651652 -0.538912 -0.551339 0.956301 1.228378
51.751752 -0.496331 -0.508468 0.982482 1.212500
51.851852 -0.451708 -0.463505 1.004580 1.195014
51.951952 -0.405098 -0.416503 1.022214 1.175798
52.052052 -0.356592 -0.367550 1.035015 1.154775
52.152152 -0.306337 -0.316796 1.042688 1.131990
52.252252 -0.254484 -0.264388 1.044852 1.107420
52.352352 -0.201208 -0.210501 1.041092 1.081050
52.452452 -0.146725 -0.155350 1.030980 1.052892
52.552553 -0.091281 -0.099181 1.013960 1.022881
52.652653 -0.035188 -0.042305 0.989487 0.991016
52.752753 0.021166 0.014889 0.956963 0.957313
52.852853 0.077297 0.071918 0.915635 0.921702
52.952953 0.132569 0.128145 0.864548 0.883990
53.053053 0.186169 0.182755 0.802788 0.844113
53.153153 0.237069 0.234711 0.729576 0.802229
53.253253 0.283964 0.282703 0.644205 0.758654
53.353353 0.325212 0.325071 0.546186 0.713970
53.453453 0.358709 0.359690 0.435321 0.668995
53.553554 0.381745 0.383819 0.311959 0.624792
53.653654 0.391109 0.394199 0.177631 0.583020
53.753754 0.383211 0.387180 0.035722 0.545926
53.853854 0.354602 0.359232 -0.107838 0.516158
53.953954 0.303141 0.308133 -0.244144 0.496435
54.054054 0.229526 0.234513 -0.362366 0.488864
54.154154 0.138192 0.142788 -0.452511 0.494218
54.254254 0.036380 0.040239 -0.508582 0.511466
54.354354 -0.068047 -0.065189 -0.530075 0.538386
54.454454 -0.168664 -0.166976 -0.520724 0.572260
54.554555 -0.261270 -0.260834 -0.486208 0.610487
54.654655 -0.343676 -0.344511 -0.432478 0.651029
54.754755 -0.415050 -0.417130 -0.364744 0.692316
54.854855 -0.475314 -0.478585 -0.287178 0.733102
54.954955 -0.524892 -0.529279 -0.203111 0.772594
55.055055 -0.564450 -0.569870 -0.115144 0.810317
55.155155 -0.594642 -0.601005 -0.025260 0.845839
55.255255 -0.616177 -0.623390 0.064996 0.878927
55.355355 -0.629789 -0.637761 0.154413 0.909515
55.455455 -0.636172 -0.644810 0.242051 0.937594
55.555556 -0.636062 -0.645278 0.327211 0.963341
55.655656 -0.630079 -0.639787 0.409334 0.986854
55.755756 -0.618644 -0.628762 0.487898 1.008021
55.855856 -0.602233 -0.612678 0.562520 1.026882
55.955956 -0.581370 -0.592064 0.632965 1.043636
56.056056 -0.556485 -0.567355 0.699010 1.058387
56.156156 -0.527943 -0.538917 0.760435 1.071175
56.256256 -0.496023 -0.507031 0.816965 1.081920
56.356356 -0.461005 -0.471977 0.868362 1.090568
56.456456 -0.423228 -0.434099 0.914532 1.097239
56.556557 -0.383007 -0.393714 0.955385 1.102028
56.656657 -0.340596 -0.351078 0.990729 1.104901
56.756757 -0.296259 -0.306455 1.020427 1.105873
56.856857 -0.250281 -0.260135 1.044416 1.105041
56.956957 -0.202922 -0.212380 1.062577 1.102431
57.057057 -0.154430 -0.163437 1.074712 1.097983
57.157157 -0.105064 -0.113569 1.080655 1.091674
57.257257 -0.055096 -0.063049 1.080228 1.083469
57.357357 -0.004806 -0.012158 1.073146 1.073226
57.457457 0.045497 0.038793 1.059195 1.060881
57.557558 0.095479 0.089467 1.038192 1.046405
57.657658 0.144779 0.139501 1.009967 1.029784
57.757758 0.193006 0.188499 0.974393 1.011051
57.857858 0.239736 0.236036 0.931366 0.990267
57.957958 0.284492 0.281628 0.880760 0.967465
58.058058 0.326734 0.324731 0.822445 0.942667
58.158158 0.365835 0.364711 0.756299 0.915881
58.258258 0.401034 0.400802 0.682159 0.887024
58.358358 0.431466 0.432126 0.599976 0.856077
58.458458 0.456165 0.457710 0.509889 0.823148
58.558559 0.474006 0.476411 0.412209 0.788394
58.658659 0.483717 0.486941 0.307534 0.752111
58.758759 0.483806 0.487785 0.196831 0.714664
58.858859 0.472610 0.477249 0.081635 0.676603
58.958959 0.448467 0.453638 -0.035681 0.638892
59.059059 0.409606 0.415139 -0.151667 0.602595
59.159159 0.354601 0.360276 -0.261490 0.569138
59.259259 0.282946 0.288495 -0.358786 0.540385
59.359359 0.195732 0.200849 -0.436060 0.518459
59.459459 0.096410 0.100775 -0.486016 0.505630
59.559560 -0.009327 -0.006007 -0.503152 0.503274
59.659660 -0.114427 -0.112381 -0.485790 0.511581
59.759760 -0.212162 -0.211522 -0.436843 0.529704
59.859860 -0.297703 -0.298509 -0.362497 0.556002
59.959960 -0.368579 -0.370792 -0.270088 0.588460
60.060060 -0.424363 -0.427895 -0.166453 0.625208
60.160160 -0.465944 -0.470676 -0.057137 0.664758
60.260260 -0.494631 -0.500433 0.053826 0.705684
60.360360 -0.511940 -0.518679 0.163602 0.746911
60.460460 -0.519421 -0.526968 0.270266 0.787742
60.560561 -0.518468 -0.526700 0.372558 0.827660
60.660661 -0.510342 -0.519145 0.469705 0.866362
60.760761 -0.496146 -0.505416 0.561265 0.903673
60.860861 -0.476781 -0.486421 0.646969 0.939412
60.960961 -0.452995 -0.462916 0.726660 0.973412
61.061061 -0.425473 -0.435592 0.800342 1.005641
61.161161 -0.394782 -0.405025 0.868040 1.036046
61.261261 -0.361443 -0.371740 0.929892 1.064674
61.361361 -0.325951 -0.336241 0.986177 1.091718
61.461461 -0.288691 -0.298917 1.037072 1.117235
61.561562 -0.249997 -0.260109 1.082775 1.141296
61.661662 -0.210157 -0.220108 1.123455 1.163944
61.761762 -0.169412 -0.179158 1.159229 1.185162
61.861862 -0.127980 -0.137482 1.190214 1.204943
61.961962 -0.086050 -0.095270 1.216437 1.223193
62.062062 -0.043798 -0.052699 1.237916 1.239811
62.162162 -0.001394 -0.009944 1.254774 1.254815
62.262262 0.041002 0.032834 1.267206 1.268294
62.362362 0.083247 0.075487 1.275348 1.280289
62.462462 0.125207 0.117881 1.279322 1.290829
62.562563 0.166757 0.159888 1.279248 1.299942
62.662663 0.207781 0.201391 1.275238 1.307656
62.762763 0.248170 0.242277 1.267409 1.314006
62.862863 0.287827 0.282448 1.255905 1.319060
62.962963 0.326657 0.321806 1.240855 1.322870
63.063063 0.364565 0.360257 1.222355 1.325461
63.163163 0.401466 0.397712 1.200525 1.326880
63.263263 0.437263 0.434073 1.175437 1.327129
63.363363 0.471862 0.469245 1.147171 1.326215
63.463463 0.505164 0.503126 1.115786 1.324124
63.563564 0.537076 0.535623 1.081367 1.320870
63.663664 0.567501 0.566637 1.043988 1.316453
63.763764 0.596306 0.596033 1.003661 1.310790
63.863864 0.623363 0.623681 0.960420 1.303827
63.963964 0.648574 0.649482 0.914364 1.295584
64.064064 0.671860 0.673356 0.865621 1.286120
64.164164 0.693103 0.695182 0.814274 1.275426
64.264264 0.712188 0.714843 0.760416 1.263505
64.364364 0.729030 0.732252 0.704187 1.250423
64.464464 0.743522 0.747301 0.645714 1.236216
64.564565 0.755527 0.759850 0.585105 1.220877
64.664665 0.764879 0.769731 0.522468 1.204367
64.764765 0.771379 0.776742 0.457906 1.186605
64.864865 0.774812 0.780663 0.391548 1.167509
64.964965 0.774920 0.781236 0.323536 1.146955
65.065065 0.771501 0.778252 0.254074 1.124919
65.165165 0.764321 0.771474 0.183401 1.101360
65.265265 0.753091 0.760607 0.111782 1.076180
65.365365 0.737535 0.745371 0.039548 1.049333
65.465465 0.717305 0.725412 -0.032907 1.020701
65.565566 0.692063 0.700384 -0.105102 0.990220
65.665666 0.661447 0.669916 -0.176446 0.957827
65.765766 0.625147 0.633692 -0.246240 0.923584
65.865866 0.582860 0.591398 -0.313634 0.887606
65.965966 0.534128 0.542565 -0.377508 0.849813
66.066066 0.478505 0.486733 -0.436451 0.810164
66.166166 0.415661 0.423553 -0.488731 0.768784
66.266266 0.345418 0.352834 -0.532213 0.725986
66.366366 0.267797 0.274577 -0.564177 0.682205
66.466466 0.183234 0.189201 -0.581296 0.638183
66.566567 0.092882 0.097845 -0.579645 0.595138
66.666667 -0.001048 0.002713 -0.554653 0.554661
66.766767 -0.094740 -0.092367 -0.501965 0.519111
66.866867 -0.182434 -0.181591 -0.418717 0.491509
66.966967 -0.256749 -0.257494 -0.305331 0.474816
67.067067 -0.310453 -0.312725 -0.167630 0.471463
67.167167 -0.338943 -0.342557 -0.016294 0.482176
67.267267 -0.341591 -0.346273 0.136441 0.505178
67.367367 -0.321571 -0.327012 0.280394 0.537556
67.467467 -0.284120 -0.290027 0.409443 0.576614
67.567568 -0.234381 -0.240500 0.521035 0.619881
67.667668 -0.176551 -0.182674 0.614879 0.665294
67.767768 -0.113825 -0.119781 0.691874 0.711332
67.867868 -0.048526 -0.054184 0.753471 0.756974
67.967968 0.017679 0.012422 0.801354 0.801645
68.068068 0.083616 0.078842 0.836900 0.844754
68.168168 0.148452 0.144225 0.861375 0.885892
68.268268 0.211595 0.207962 0.876038 0.924913
68.368368 0.272632 0.269629 0.881994 0.961739
68.468468 0.331266 0.328920 0.880205 0.996337
68.568569 0.387252 0.385581 0.871409 1.028586
68.668669 0.440384 0.439400 0.856217 1.058356
68.768769 0.490549 0.490259 0.835281 1.085673
68.868869 0.537713 0.538118 0.809258 1.110678
68.968969 0.581837 0.582935 0.778682 1.133443
69.069069 0.622885 0.624669 0.744014 1.154016
69.169169 0.660819 0.663281 0.705648 1.172417
69.269269 0.695607 0.698735 0.663946 1.188664
69.369369 0.727254 0.731034 0.619266 1.202830
69.469469 0.755716 0.760131 0.571897 1.214896
69.569570 0.780900 0.785931 0.522068 1.224764
69.669670 0.802725 0.808349 0.470015 1.232359
69.769770 0.821076 0.827270 0.415949 1.237560
69.869870 0.835886 0.842622 0.360109 1.240321
69.969970 0.847064 0.854314 0.302727 1.240570
70.070070 0.854432 0.862162 0.244004 1.238110
70.170170 0.857819 0.865993 0.184165 1.232767
70.270270 0.857099 0.865679 0.123465 1.224444
70.370370 0.852141 0.861083 0.062176 1.213044
70.470470 0.842772 0.852030 0.000587 1.198424
70.570571 0.828837 0.838361 -0.060982 1.180483
70.670671 0.810187 0.819922 -0.122182 1.159139
70.770771 0.786630 0.796517 -0.182617 1.134272
70.870871 0.757946 0.767920 -0.241835 1.105743
70.970971 0.723903 0.733894 -0.299316 1.073418
71.071071 0.684261 0.694192 -0.354450 1.037184
71.171171 0.638740 0.648524 -0.406504 0.996904
71.271271 0.586979 0.596522 -0.454543 0.952362
71.371371 0.528596 0.537788 -0.497403 0.903350
71.471471 0.463230 0.471950 -0.533628 0.849752
71.571572 0.390550 0.398660 -0.561339 0.791556
71.671672 0.310239 0.317579 -0.577939 0.728778
71.771772 0.222111 0.228495 -0.579735 0.661541
71.871872 0.126572 0.131783 -0.561723 0.590695
71.971972 0.025330 0.029126 -0.517173 0.518612
72.072072 -0.077161 -0.075036 -0.437141 0.450196
72.172172 -0.170843 -0.170597 -0.312188 0.394654
72.272272 -0.237830 -0.239485 -0.141014 0.365788
72.372372 -0.260711 -0.263956 0.055872 0.375186
72.472472 -0.239067 -0.243357 0.244404 0.419653
72.572573 -0.187498 -0.192308 0.404151 0.485258
72.672673 -0.120570 -0.125516 0.532354 0.560083
72.772773 -0.047172 -0.051999 0.633479 0.637358
72.872873 0.027992 0.023451 0.712919 0.713853
72.972973 0.102557 0.098412 0.775102 0.788026
73.073073 0.175337 0.171663 0.823502 0.859282
73.173173 0.245752 0.242599 0.860713 0.927402
73.273273 0.313561 0.310962 0.888766 0.992433
73.373373 0.378689 0.376666 0.909223 1.054499
73.473473 0.441116 0.439685 0.923212 1.113655
73.573574 0.500893 0.500061 0.931669 1.170026
73.673674 0.558129 0.557900 0.935417 1.223832
73.773774 0.612942 0.613318 0.935125 1.275271
73.873874 0.665449 0.666427 0.931334 1.324511
73.973974 0.715722 0.717300 0.924439 1.371628
74.074074 0.763812 0.765984 0.914744 1.416650
74.174174 0.809779 0.812539 0.902527 1.459629
74.274274 0.853669 0.857010 0.888015 1.500595
74.374374 0.895547 0.899462 0.871428 1.539618
74.474474 0.935482 0.939961 0.852969 1.576773
74.574575 0.973554 0.978588 0.832828 1.612156
74.674675 1.009844 1.015424 0.811181 1.645869
74.774775 1.044394 1.050511 0.788153 1.677950
74.874875 1.077220 1.083863 0.763841 1.708395
74.974975 1.108349 1.115508 0.738343 1.737224
75.075075 1.137876 1.145540 0.711792 1.764560
75.175175 1.165912 1.174070 0.684324 1.790555
75.275275 1.192521 1.201165 0.656035 1.815292
75.375375 1.217728 1.226846 0.626989 1.838785
75.475475 1.241546 1.251128 0.597244 1.861037
75.575576 1.264000 1.274035 0.566856 1.882070
75.675676 1.285129 1.295607 0.535890 1.901929
75.775776 1.304979 1.315890 0.504405 1.920667
75.875876 1.323598 1.334931 0.472458 1.938342
75.975976 1.341049 1.352793 0.440109 1.955034
76.076076 1.357345 1.369490 0.407394 1.970751
76.176176 1.372442 1.384978 0.374334 1.985419
76.276276 1.386333 1.399249 0.340960 1.999018
76.376376 1.399018 1.412302 0.307302 2.011538
76.476476 1.410477 1.424118 0.273389 2.022943
76.576577 1.420715 1.434701 0.239253 2.033234
76.676677 1.429778 1.444097 0.204932 2.042469
76.776777 1.437712 1.452352 0.170463 2.050707
76.876877 1.444527 1.459478 0.135875 2.057960
76.976977 1.450242 1.465491 0.101197 2.064245
77.077077 1.454853 1.470389 0.066455 2.069555
77.177177 1.458332 1.474143 0.031674 2.073845
77.277277 1.460685 1.476758 -0.003117 2.077119
77.377377 1.461931 1.478255 -0.037893 2.079403
77.477477 1.462102 1.478664 -0.072627 2.080736
77.577578 1.461229 1.478017 -0.107297 2.081163
77.677678 1.459322 1.476324 -0.141878 2.080693
77.777778 1.456360 1.473564 -0.176342 2.079296
77.877878 1.452334 1.469727 -0.210664 2.076957
77.977978 1.447273 1.464844 -0.244823 2.073718
78.078078 1.441213 1.458947 -0.278800 2.069625
78.178178 1.434164 1.452051 -0.312571 2.064698
78.278278 1.426112 1.444139 -0.346111 2.058914
78.378378 1.417042 1.435195 -0.379390 2.052250
78.478478 1.406947 1.425214 -0.412381 2.044699
78.578579 1.395805 1.414171 -0.445050 2.036227
78.678679 1.383594 1.402046 -0.477366 2.026806
78.778779 1.370334 1.388857 -0.509305 2.016465
78.878879 1.356035 1.374616 -0.540845 2.005222
78.978979 1.340688 1.359312 -0.571952 1.993064
79.079079 1.324268 1.342920 -0.602587 1.979958
79.179179 1.306729 1.325393 -0.632698 1.965837
79.279279 1.288041 1.306701 -0.662238 1.950660
79.379379 1.268181 1.286818 -0.691161 1.934396
79.479479 1.247126 1.265725 -0.719417 1.917015
79.579580 1.224874 1.243416 -0.746968 1.898515
79.679680 1.201428 1.219894 -0.773775 1.878909
79.779780 1.176782 1.195154 -0.799793 1.858193
79.879880 1.150927 1.169186 -0.824974 1.836358
79.979980 1.123890 1.142017 -0.849292 1.813458
80.080080 1.095710 1.113687 -0.872729 1.789563
80.180180 1.066392 1.084200 -0.895243 1.764693
80.280280 1.035903 1.053523 -0.916757 1.738807
80.380380 1.004235 1.021645 -0.937209 1.711902
80.480480 0.971376 0.988557 -0.956532 1.683975
80.580581 0.937264 0.954193 -0.974600 1.654929
80.680681 0.901820 0.918473 -0.991264 1.624647
80.780781 0.865029 0.881380 -1.006426 1.593110
80.880881 0.826896 0.842921 -1.020007 1.560349
80.980981 0.787380 0.803052 -1.031859 1.526301
81.081081 0.746411 0.761700 -1.041783 1.490848
81.181181 0.703926 0.718801 -1.049565 1.453882
81.281281 0.659848 0.674275 -1.054945 1.415258
81.381381 0.614108 0.628050 -1.057639 1.374836
81.481481 0.566667 0.580087 -1.057374 1.332536
81.581582 0.517500 0.530356 -1.053853 1.288290
81.681682 0.466556 0.478802 -1.046673 1.241955
81.781782 0.413768 0.425357 -1.035314 1.193318
81.881882 0.359114 0.369993 -1.019236 1.142235
81.981982 0.302598 0.312710 -0.997808 1.088565
82.082082 0.244239 0.253522 -0.970225 1.032116
82.182182 0.184102 0.192488 -0.935466 0.972647
82.282282 0.122337 0.129751 -0.892277 0.909923
82.382382 0.059263 0.065623 -0.839265 0.843910
82.482482 -0.004578 0.000641 -0.774666 0.774680
82.582583 -0.068262 -0.064278 -0.696078 0.702364
82.682683 -0.130166 -0.127512 -0.600487 0.627525
82.782783 -0.187400 -0.186165 -0.484268 0.551626
82.882883 -0.234706 -0.234949 -0.343440 0.477744
82.982983 -0.262807 -0.264499 -0.175859 0.412254
83.083083 -0.257900 -0.260817 0.012140 0.366995
83.183183 -0.208464 -0.212093 0.196730 0.356572
83.283283 -0.119959 -0.123624 0.345033 0.385643
83.383383 -0.012543 -0.015689 0.442289 0.442745
83.483483 0.096963 0.094662 0.495080 0.513290
83.583584 0.200656 0.199352 0.515854 0.588311
83.683684 0.296042 0.295795 0.514636 0.663314
83.783784 0.382878 0.383696 0.498309 0.736295
83.883884 0.461688 0.463555 0.471434 0.806405
83.983984 0.533248 0.536135 0.437105 0.873416
84.084084 0.598338 0.602210 0.397455 0.937356
84.184184 0.657633 0.662453 0.353950 0.998302
84.284284 0.711800 0.717530 0.307687 1.056494
84.384384 0.761360 0.767962 0.259442 1.112090
84.484484 0.806648 0.814086 0.209753 1.165081
84.584585 0.848013 0.856250 0.159056 1.215561
84.684685 0.885836 0.894839 0.107708 1.263742
84.784785 0.920476 0.930211 0.055985 1.309848
84.884885 0.952205 0.962641 0.004100 1.354027
84.984985 0.981225 0.992333 -0.047782 1.396356
85.085085 1.007763 1.019514 -0.099529 1.436976
85.185185 1.032040 1.044409 -0.151038 1.476045
85.285285 1.054264 1.067226 -0.202232 1.513718
85.385385 1.074562 1.088092 -0.253041 1.550051
85.485485 1.093026 1.107102 -0.303404 1.585066
85.585586 1.109792 1.124391 -0.353280 1.618858
85.685686 1.124951 1.140053 -0.402630 1.651468
85.785786 1.138573 1.154156 -0.451414 1.682915
85.885886 1.150758 1.166802 -0.499614 1.713268
85.985986 1.161611 1.178099 -0.547222 1.742616
86.086086 1.171191 1.188104 -0.594214 1.770980
86.186186 1.179519 1.196838 -0.640556 1.798332
86.286286 1.186606 1.204313 -0.686209 1.824633
86.386386 1.192445 1.210522 -0.731125 1.849819
86.486486 1.197046 1.215474 -0.775267 1.873856
86.586587 1.200464 1.219225 -0.818628 1.896780
86.686687 1.202726 1.221801 -0.861185 1.918590
86.786787 1.203840 1.223211 -0.902905 1.939256
86.886887 1.203854 1.223503 -0.943785 1.958814
86.986987 1.202814 1.222724 -0.983824 1.977302
87.087087 1.200738 1.220892 -1.023000 1.994712
87.187187 1.197623 1.218002 -1.061274 2.011003
87.287287 1.193477 1.214065 -1.098621 2.026157
87.387387 1.188337 1.209116 -1.135036 2.040199
87.487487 1.182236 1.203190 -1.170519 2.053160
87.587588 1.175220 1.196331 -1.205079 2.065082
87.687688 1.167342 1.188596 -1.238740 2.076035
87.787788 1.158653 1.180035 -1.271525 2.086082
87.887888 1.149165 1.170659 -1.303417 2.095213
87.987988 1.138866 1.160458 -1.334372 2.103385
88.088088 1.127747 1.149420 -1.364350 2.110552
88.188188 1.115807 1.137546 -1.393317 2.116688
88.288288 1.103064 1.124853 -1.421265 2.121800
88.388388 1.089524 1.111347 -1.448169 2.125876
88.488488 1.075191 1.097033 -1.474002 2.128896
88.588589 1.060077 1.081920 -1.498746 2.130857
88.688689 1.044192 1.066022 -1.522383 2.131757
88.788789 1.027554 1.049355 -1.544904 2.131606
88.888889 1.010186 1.031941 -1.566309 2.130423
88.988989 0.992100 1.013795 -1.586582 2.128212
89.089089 0.973312 0.994930 -1.605712 2.124978
89.189189 0.953842 0.975368 -1.623700 2.120745
89.289289 0.933704 0.955123 -1.640529 2.115514
89.389389 0.912915 0.934212 -1.656195 2.109300
89.489489 0.891497 0.912658 -1.670701 2.102131
89.589590 0.869454 0.890463 -1.684011 2.093984
89.689690 0.846776 0.867618 -1.696072 2.084814
89.789790 0.823454 0.844113 -1.706821 2.074570
89.889890 0.799469 0.819928 -1.716171 2.063172
89.989990 0.774814 0.795056 -1.724060 2.050569
90.090090 0.749508 0.769515 -1.730477 2.036778
90.190190 0.723576 0.743332 -1.735423 2.021830
90.290290 0.697047 0.716535 -1.738912 2.005770
90.390390 0.669952 0.689156 -1.740963 1.988649
90.490490 0.642309 0.661214 -1.741564 1.970485
90.590591 0.614121 0.632709 -1.740655 1.951242
90.690691 0.585372 0.603627 -1.738126 1.930831
90.790791 0.556066 0.573970 -1.733914 1.909216
90.890891 0.526224 0.543760 -1.727997 1.886415
90.990991 0.495862 0.513012 -1.720337 1.862423
91.091091 0.464980 0.481726 -1.710837 1.837179
91.191191 0.433578 0.449901 -1.699384 1.810609
91.291291 0.401678 0.417560 -1.685938 1.782720
91.391391 0.369305 0.384725 -1.670460 1.753521
91.491491 0.336473 0.351413 -1.652858 1.722976
91.591592 0.303201 0.317641 -1.633043 1.691052
91.691692 0.269513 0.283432 -1.610926 1.657725
91.791792 0.235440 0.248818 -1.586442 1.623004
91.891892 0.201021 0.213837 -1.559555 1.586930
91.991992 0.166291 0.178526 -1.530164 1.549492
92.092092 0.131286 0.142918 -1.498137 1.510655
92.192192 0.096051 0.107060 -1.463353 1.470405
92.292292 0.060635 0.070998 -1.425620 1.428674
92.392392 0.025094 0.034788 -1.384661 1.385325
92.492492 -0.010496 -0.001495 -1.340250 1.340292
92.592593 -0.046044 -0.037760 -1.292192 1.293564
92.692693 -0.081435 -0.073895 -1.240171 1.245036
92.792793 -0.116529 -0.109758 -1.183838 1.194612
92.892893 -0.151138 -0.145162 -1.122756 1.142145
92.992993 -0.185009 -0.179857 -1.056340 1.087397
93.093093 -0.217810 -0.213512 -0.983940 1.030129
93.193193 -0.249100 -0.245683 -0.904826 0.970114
93.293293 -0.278276 -0.275769 -0.818150 0.907113
93.393393 -0.304538 -0.302967 -0.723020 0.841005
93.493493 -0.326820 -0.326204 -0.618565 0.771909
93.593594 -0.343545 -0.343894 -0.503755 0.700040
93.693694 -0.352151 -0.353454 -0.377276 0.625522
93.793794 -0.348687 -0.350899 -0.238202 0.549047
93.893894 -0.327217 -0.330218 -0.087382 0.473023
93.993994 -0.278964 -0.282503 0.069571 0.403074
94.094094 -0.193750 -0.197344 0.215388 0.350536
94.194194 -0.070568 -0.073496 0.316417 0.332417
94.294294 0.069120 0.067539 0.344162 0.357473
94.394394 0.197195 0.197278 0.306410 0.414357
94.494494 0.302007 0.303761 0.230123 0.486246
94.594595 0.384339 0.387639 0.135788 0.562511
94.694695 0.448169 0.452859 0.034526 0.638067
94.794795 0.497358 0.503286 -0.068053 0.710840
94.894895 0.534969 0.541999 -0.169140 0.780104
94.994995 0.563260 0.571268 -0.267326 0.845619
95.095095 0.583968 0.592847 -0.361936 0.907461
95.195195 0.598483 0.608140 -0.452718 0.965903
95.295295 0.607822 0.618172 -0.539580 1.021142
95.395395 0.612696 0.623663 -0.622470 1.073230
95.495495 0.613656 0.625170 -0.701370 1.122199
95.595596 0.611119 0.623115 -0.776257 1.168038
95.695696 0.605435 0.617850 -0.847127 1.210750
95.795796 0.596938 0.609715 -0.914044 1.250425
95.895896 0.585945 0.599031 -0.977119 1.287218
95.995996 0.572719 0.586063 -1.036446 1.321248
96.096096 0.557462 0.571016 -1.092075 1.352572
96.196196 0.540354 0.554074 -1.144052 1.381244
96.296296 0.521562 0.535404 -1.192436 1.407333
96.396396 0.501245 0.515169 -1.237306 1.430934
96.496496 0.479530 0.493497 -1.278696 1.452085
96.596597 0.456516 0.470488 -1.316587 1.470771
96.696697 0.432313 0.446253 -1.351017 1.487038
96.796797 0.407027 0.420900 -1.382027 1.500942
96.896897 0.380752 0.394524 -1.409639 1.512516
96.996997 0.353578 0.367216 -1.433881 1.521801
97.097097 0.325588 0.339061 -1.454770 1.528832
97.197197 0.296860 0.310137 -1.472312 1.533627
97.297297 0.267464 0.280514 -1.486483 1.536182
97.397397 0.237477 0.250271 -1.497308 1.536543
97.497497 0.206978 0.219488 -1.504837 1.534780
97.597598 0.176039 0.188238 -1.509093 1.530942
97.697698 0.144731 0.156592 -1.510087 1.525068
97.797798 0.113117 0.124615 -1.507776 1.517140
97.897898 0.081261 0.092371 -1.502093 1.507123
97.997998 0.049231 0.059927 -1.492993 1.495006
98.098098 0.017098 0.027356 -1.480426 1.480777
98.198198 -0.015064 -0.005271 -1.464240 1.464327
98.298298 -0.047177 -0.037872 -1.444275 1.445542
98.398398 -0.079149 -0.070358 -1.420405 1.424347
98.498498 -0.110885 -0.102632 -1.392491 1.400664
98.598599 -0.142269 -0.134580 -1.360335 1.374360
98.698699 -0.173168 -0.166068 -1.323662 1.345231
98.798799 -0.203429 -0.196943 -1.282211 1.313101
98.898899 -0.232884 -0.227038 -1.235774 1.277857
98.998999 -0.261343 -0.256161 -1.184127 1.239385
99.099099 -0.288565 -0.284071 -1.126952 1.197492
99.199199 -0.314277 -0.310494 -1.063943 1.152021
99.299299 -0.338126 -0.335076 -0.994697 1.102736
99.399399 -0.359672 -0.357376 -0.918741 1.049365
99.499499 -0.378380 -0.376854 -0.835603 0.991676
99.599600 -0.393539 -0.392798 -0.744700 0.929377
99.699700 -0.404195 -0.404248 -0.645362 0.862138
99.799800 -0.409059 -0.409902 -0.536874 0.789672
99.899900 -0.406213 -0.407831 -0.418411 0.711620
100.000000 -0.392730 -0.395079 -0.289202 0.627665
