0.000000 -0.822636 -0.364585 0.116553 0.907324
0.100100 -0.806942 -0.372023 0.197046 0.910156
0.200200 -0.783405 -0.375838 0.275576 0.911548
0.300300 -0.752303 -0.376014 0.351395 0.911496
0.400400 -0.713932 -0.372547 0.423765 0.909981
0.500501 -0.668656 -0.365468 0.491981 0.907036
0.600601 -0.616868 -0.354819 0.555344 0.902679
0.700701 -0.558923 -0.340616 0.613095 0.896827
0.800801 -0.495247 -0.322907 0.664484 0.889425
0.900901 -0.426378 -0.301798 0.708819 0.880514
1.001001 -0.352892 -0.277402 0.745375 0.870097
1.101101 -0.275443 -0.249871 0.773440 0.858204
1.201201 -0.194796 -0.219410 0.792364 0.844942
1.301301 -0.111792 -0.186253 0.801463 0.830380
1.401401 -0.027371 -0.150659 0.799963 0.814486
1.501502 0.057378 -0.112960 0.787156 0.797288
1.601602 0.141187 -0.073570 0.762373 0.778819
1.701702 0.222605 -0.032997 0.725040 0.759160
1.801802 0.300036 0.008128 0.674940 0.738669
1.901902 0.371737 0.049068 0.612127 0.717841
2.002002 0.435747 0.088966 0.536803 0.697100
2.102102 0.489820 0.126810 0.449381 0.676718
2.202202 0.531483 0.161418 0.350708 0.656906
2.302302 0.558239 0.191476 0.242323 0.637977
2.402402 0.567846 0.215633 0.126609 0.620465
2.502503 0.558473 0.232562 0.006780 0.604998
2.602603 0.528981 0.241094 -0.113185 0.592248
2.702703 0.479051 0.240289 -0.228652 0.582675
2.802803 0.409592 0.229670 -0.334695 0.576658
2.902903 0.323064 0.209465 -0.426697 0.574732
3.003003 0.223061 0.180506 -0.500810 0.577191
3.103103 0.113901 0.144120 -0.554260 0.583908
3.203203 0.000209 0.101972 -0.585501 0.594314
3.303303 -0.113490 0.055962 -0.594566 0.607881
3.403403 -0.223207 0.007994 -0.582804 0.624136
3.503504 -0.325730 -0.040229 -0.552266 0.642429
3.603604 -0.418607 -0.087257 -0.505397 0.662021
3.703704 -0.500113 -0.131912 -0.444818 0.682185
3.803804 -0.569144 -0.173272 -0.373168 0.702284
3.903904 -0.625043 -0.210629 -0.292937 0.721703
4.004004 -0.667560 -0.243471 -0.206464 0.739960
4.104104 -0.696770 -0.271455 -0.115906 0.756710
4.204204 -0.713156 -0.294438 -0.023240 0.771897
4.304304 -0.717407 -0.312405 0.069787 0.785582
4.404404 -0.710228 -0.325389 0.161667 0.797770
4.504505 -0.692431 -0.333501 0.251093 0.808537
4.604605 -0.664819 -0.336879 0.336915 0.817915
4.704705 -0.628199 -0.335683 0.418126 0.825922
4.804805 -0.583318 -0.330065 0.493784 0.832482
4.904905 -0.530892 -0.320165 0.562993 0.837445
5.005005 -0.471731 -0.306194 0.624996 0.840776
5.105105 -0.406688 -0.288391 0.679129 0.842485
5.205205 -0.336607 -0.266999 0.724756 0.842534
5.305305 -0.262360 -0.242283 0.761303 0.840902
5.405405 -0.184867 -0.214544 0.788281 0.837611
5.505506 -0.105064 -0.184086 0.805191 0.832622
5.605606 -0.023939 -0.151245 0.811582 0.825902
5.705706 0.057456 -0.116415 0.807198 0.817571
5.805806 0.138020 -0.080028 0.791864 0.807777
5.905906 0.216572 -0.042532 0.765321 0.796510
6.006006 0.291824 -0.004424 0.727326 0.783699
6.106106 0.362363 0.033725 0.677751 0.769279
6.206206 0.426656 0.071270 0.616629 0.753223
6.306306 0.483169 0.107497 0.544371 0.735763
6.406406 0.530199 0.141593 0.461546 0.717067
6.506507 0.565856 0.172634 0.368923 0.697209
6.606607 0.588207 0.199597 0.267734 0.676393
6.706707 0.595368 0.221388 0.159732 0.654973
6.806807 0.585570 0.236853 0.047294 0.633426
6.906907 0.557232 0.244798 -0.066521 0.612257
7.007007 0.509239 0.244084 -0.177852 0.592058
7.107107 0.441405 0.233836 -0.282114 0.573678
7.207207 0.354753 0.213588 -0.374176 0.558102
7.307307 0.251673 0.183416 -0.448714 0.546192
7.407407 0.136180 0.144154 -0.500872 0.538700
7.507508 0.013718 0.097456 -0.527061 0.536171
7.607608 -0.109408 0.045683 -0.525676 0.538880
7.707708 -0.226870 -0.008429 -0.497233 0.546609
7.807808 -0.333211 -0.062131 -0.444392 0.558904
7.907908 -0.424350 -0.113002 -0.371262 0.575046
8.008008 -0.497751 -0.159154 -0.282582 0.594087
8.108108 -0.552371 -0.199305 -0.183220 0.615147
8.208208 -0.588456 -0.232773 -0.077682 0.637572
8.308308 -0.607094 -0.259340 0.030165 0.660855
8.408408 -0.609551 -0.278994 0.137198 0.684261
8.508509 -0.597334 -0.291929 0.240919 0.707158
8.608609 -0.572244 -0.298571 0.339434 0.729262
8.708709 -0.536015 -0.299396 0.431313 0.750320
8.808809 -0.490203 -0.294862 0.515444 0.770016
8.908909 -0.436344 -0.285480 0.591073 0.788202
9.009009 -0.375850 -0.271747 0.657655 0.804749
9.109109 -0.309998 -0.254128 0.714792 0.819517
9.209209 -0.239953 -0.233054 0.762160 0.832334
9.309309 -0.166797 -0.208937 0.799519 0.843034
9.409409 -0.091594 -0.182225 0.826895 0.851675
9.509510 -0.015331 -0.153339 0.844322 0.858270
9.609610 0.061073 -0.122673 0.851859 0.862811
9.709710 0.136736 -0.090619 0.849642 0.865332
9.809810 0.210813 -0.057560 0.837831 0.865862
9.909910 0.282471 -0.023871 0.816584 0.864390
10.010010 0.350837 0.010071 0.785966 0.860773
10.110110 0.415074 0.043876 0.746202 0.855002
10.210210 0.474384 0.077144 0.697674 0.847196
10.310310 0.527910 0.109455 0.640728 0.837378
10.410410 0.574797 0.140378 0.575799 0.825616
10.510511 0.614145 0.169445 0.503396 0.811969
10.610611 0.644996 0.196156 0.424099 0.796465
10.710711 0.666308 0.219953 0.338605 0.779101
10.810811 0.677006 0.240234 0.247789 0.759900
10.910911 0.675986 0.256343 0.152763 0.738922
11.011011 0.662058 0.267542 0.054901 0.716180
11.111111 0.634215 0.273104 -0.044031 0.691919
11.211211 0.591462 0.272227 -0.141822 0.666370
11.311311 0.532975 0.264089 -0.235725 0.639821
11.411411 0.458370 0.247938 -0.322354 0.612771
11.511512 0.367923 0.223188 -0.397663 0.585932
11.611612 0.262976 0.189599 -0.457057 0.560362
11.711712 0.146163 0.147386 -0.495436 0.537162
11.811812 0.021852 0.097487 -0.507675 0.517412
11.911912 -0.103559 0.041861 -0.489644 0.502223
12.012012 -0.222062 -0.016430 -0.439690 0.492858
12.112112 -0.325086 -0.073523 -0.359386 0.490148
12.212212 -0.405197 -0.125424 -0.253810 0.494303
12.312312 -0.457597 -0.168748 -0.130872 0.504973
12.412412 -0.480618 -0.201247 0.000523 0.521052
12.512513 -0.475436 -0.221949 0.131952 0.541029
12.612613 -0.445160 -0.230947 0.256486 0.563284
12.712713 -0.394041 -0.229146 0.369082 0.586513
12.812813 -0.326569 -0.217842 0.466407 0.609621
12.912913 -0.247017 -0.198487 0.546522 0.631744
13.013013 -0.159350 -0.172619 0.608720 0.652480
13.113113 -0.066986 -0.141657 0.652948 0.671487
13.213213 0.027181 -0.106848 0.679405 0.688293
13.313313 0.120639 -0.069341 0.688647 0.702565
13.413413 0.211210 -0.030201 0.681564 0.714179
13.513514 0.297011 0.009602 0.659195 0.723081
13.613614 0.376324 0.049178 0.622527 0.729094
13.713714 0.447597 0.087690 0.572635 0.732081
13.813814 0.509382 0.124330 0.510686 0.731934
13.913914 0.560434 0.158339 0.438036 0.728720
14.014014 0.599752 0.189022 0.356277 0.722749
14.114114 0.626291 0.215666 0.266995 0.714170
14.214214 0.639058 0.237555 0.171908 0.703121
14.314314 0.637165 0.253983 0.072950 0.689788
14.414414 0.619695 0.264187 -0.027708 0.674229
14.514515 0.585896 0.267414 -0.127549 0.656546
14.614615 0.535277 0.262946 -0.223621 0.636921
14.714715 0.467724 0.250138 -0.312498 0.615622
14.814815 0.383652 0.228467 -0.390168 0.592973
14.914915 0.284341 0.197684 -0.452133 0.569519
15.015015 0.172333 0.158018 -0.493587 0.546165
15.115115 0.051612 0.110254 -0.509461 0.523804
15.215215 -0.071943 0.056104 -0.495451 0.503780
15.315315 -0.190487 -0.001659 -0.448631 0.487399
15.415415 -0.294804 -0.059213 -0.368789 0.475837
15.515516 -0.375701 -0.112019 -0.259902 0.470371
15.615616 -0.425650 -0.155574 -0.129737 0.471394
15.715716 -0.440808 -0.186415 0.011036 0.478732
15.815816 -0.421646 -0.202749 0.150996 0.491622
15.915916 -0.372075 -0.204479 0.280164 0.508668
16.016016 -0.298347 -0.192957 0.391279 0.528529
16.116116 -0.207462 -0.170364 0.480045 0.550007
16.216216 -0.105981 -0.139094 0.544430 0.571824
16.316316 0.000329 -0.101538 0.584300 0.593057
16.416416 0.106652 -0.059920 0.600865 0.613191
16.516517 0.209151 -0.016146 0.595841 0.631689
16.616617 0.304799 0.028155 0.571308 0.648142
16.716717 0.391244 0.071601 0.529553 0.662288
16.816817 0.466596 0.113010 0.472828 0.673832
16.916917 0.529363 0.151363 0.403391 0.682540
17.017017 0.578364 0.185771 0.323514 0.688242
17.117117 0.612628 0.215438 0.235443 0.690768
17.217217 0.631493 0.239680 0.141503 0.690111
17.317317 0.634463 0.257879 0.044059 0.686284
17.417417 0.621086 0.269423 -0.054454 0.679192
17.517518 0.591189 0.273789 -0.151452 0.668881
17.617618 0.544891 0.270545 -0.244167 0.655529
17.717718 0.482585 0.259337 -0.329615 0.639367
17.817818 0.404868 0.239822 -0.404395 0.620458
17.917918 0.312782 0.211765 -0.464648 0.598812
18.018018 0.208234 0.175224 -0.506113 0.574643
18.118118 0.094303 0.130709 -0.524331 0.548545
18.218218 -0.024366 0.079437 -0.515111 0.521769
18.318318 -0.141327 0.023476 -0.474832 0.495973
18.418418 -0.248050 -0.034007 -0.401187 0.472902
18.518519 -0.334175 -0.088561 -0.294830 0.454358
18.618619 -0.388982 -0.134744 -0.161248 0.442113
18.718719 -0.404187 -0.167169 -0.011486 0.437544
18.818819 -0.376882 -0.181996 0.139398 0.441129
18.918919 -0.310806 -0.178114 0.276014 0.452226
19.019019 -0.214922 -0.157184 0.386360 0.469225
19.119119 -0.100480 -0.122750 0.463736 0.490117
19.219219 0.021628 -0.079098 0.506575 0.513169
19.319319 0.142447 -0.030268 0.516557 0.536692
19.419419 0.255274 0.020322 0.497205 0.559277
19.519520 0.355371 0.069918 0.452946 0.579945
19.619620 0.439607 0.116403 0.388412 0.598054
19.719720 0.506103 0.158194 0.308187 0.613306
19.819820 0.553816 0.194114 0.216530 0.625522
19.919920 0.582278 0.223282 0.117366 0.634568
20.020020 0.591298 0.244988 0.014323 0.640201
20.120120 0.581215 0.258773 -0.089152 0.642434
20.220220 0.552686 0.264337 -0.189740 0.641355
20.320320 0.506451 0.261420 -0.284183 0.636862
20.420420 0.443569 0.249895 -0.369197 0.628894
20.520521 0.365540 0.229819 -0.441502 0.617543
20.620621 0.274432 0.201495 -0.497868 0.603146
20.720721 0.172828 0.165424 -0.534958 0.586017
20.820821 0.064039 0.122402 -0.549385 0.566487
20.920921 -0.047607 0.073693 -0.537998 0.545104
21.021021 -0.156555 0.021165 -0.498177 0.522626
21.121121 -0.255844 -0.032542 -0.428353 0.500002
21.221221 -0.337419 -0.083920 -0.329297 0.478885
21.321321 -0.392754 -0.128709 -0.205004 0.461355
21.421421 -0.413964 -0.162261 -0.063205 0.449099
21.521522 -0.396008 -0.180421 0.084346 0.443270
21.621622 -0.339083 -0.180811 0.223502 0.444548
21.721722 -0.249032 -0.163535 0.340816 0.452677
21.821822 -0.135840 -0.131098 0.426660 0.466559
21.921922 -0.011067 -0.087561 0.476571 0.484675
22.022022 0.114673 -0.037370 0.490568 0.505177
22.122122 0.232905 0.015359 0.471925 0.526492
22.222222 0.337660 0.067236 0.425757 0.547543
22.322322 0.425191 0.115702 0.357768 0.567602
22.422422 0.493366 0.158909 0.273446 0.586033
22.522523 0.540952 0.195484 0.177716 0.602018
22.622623 0.567440 0.224433 0.075063 0.614811
22.722723 0.573066 0.245127 -0.030330 0.624028
22.822823 0.558506 0.257181 -0.134622 0.629440
22.922923 0.524861 0.260440 -0.234273 0.631024
23.023023 0.473428 0.254861 -0.325919 0.628738
23.123123 0.405584 0.240431 -0.406175 0.622321
23.223223 0.323021 0.217254 -0.471561 0.611483
23.323323 0.228010 0.185673 -0.518599 0.596161
23.423423 0.123485 0.146288 -0.543670 0.576390
23.523524 0.013301 0.100085 -0.543170 0.552474
23.623624 -0.097405 0.048667 -0.513956 0.525364
23.723724 -0.201888 -0.005623 -0.453273 0.496232
23.823824 -0.291431 -0.059364 -0.359805 0.466815
23.923924 -0.355421 -0.107789 -0.235429 0.439738
24.024024 -0.382659 -0.144976 -0.087244 0.418399
24.124124 -0.364130 -0.164735 0.070874 0.405896
24.224224 -0.297642 -0.162748 0.219372 0.403982
24.324324 -0.191166 -0.138897 0.338408 0.412743
24.424424 -0.060407 -0.097504 0.415037 0.430595
24.524525 0.077338 -0.045264 0.446137 0.455047
24.624625 0.208213 0.011306 0.435825 0.483139
24.724725 0.323179 0.067108 0.391666 0.512201
24.824825 0.417425 0.118655 0.322118 0.540447
24.924925 0.489076 0.163805 0.234991 0.566788
25.025025 0.537794 0.201285 0.136783 0.590295
25.125125 0.564141 0.230397 0.032854 0.610260
25.225225 0.569188 0.250810 -0.072317 0.626188
25.325325 0.554369 0.262469 -0.174957 0.637828
25.425425 0.521455 0.265556 -0.271864 0.645248
25.525526 0.472263 0.260346 -0.360244 0.648528
25.625626 0.408610 0.247154 -0.437531 0.647673
25.725726 0.332315 0.226298 -0.501184 0.642518
25.825826 0.245445 0.198219 -0.548765 0.632990
25.925926 0.150480 0.163571 -0.578060 0.619317
26.026026 0.050223 0.123091 -0.586572 0.601449
26.126126 -0.051915 0.077751 -0.571681 0.579275
26.226226 -0.151571 0.028989 -0.531152 0.553115
26.326326 -0.243265 -0.021180 -0.463390 0.523791
26.426426 -0.320068 -0.069955 -0.367820 0.492574
26.526527 -0.373280 -0.113479 -0.245685 0.461060
26.626627 -0.392865 -0.146682 -0.101985 0.431578
26.726727 -0.369194 -0.163626 0.052320 0.407204
26.826827 -0.297156 -0.159027 0.199158 0.391478
26.926927 -0.181649 -0.131093 0.316448 0.387713
27.027027 -0.038718 -0.083361 0.385929 0.396724
27.127127 0.110030 -0.023661 0.400618 0.416126
27.227227 0.245599 0.039161 0.365670 0.442229
27.327327 0.356173 0.098118 0.292815 0.471409
27.427427 0.436681 0.148859 0.194861 0.500819
27.527528 0.486487 0.189172 0.082985 0.528528
27.627628 0.507255 0.218216 -0.033972 0.553245
27.727728 0.501704 0.235951 -0.149239 0.574154
27.827828 0.473065 0.242835 -0.257682 0.590897
27.927928 0.424457 0.239466 -0.355237 0.603076
28.028028 0.358771 0.226457 -0.438461 0.610121
28.128128 0.279080 0.204596 -0.504512 0.611782
28.228228 0.188659 0.174853 -0.551064 0.608143
28.328328 0.090950 0.138318 -0.576122 0.599433
28.428428 -0.010363 0.096200 -0.577760 0.585805
28.528529 -0.111099 0.049910 -0.554039 0.567268
28.628629 -0.206279 0.001256 -0.503365 0.543993
28.728729 -0.289981 -0.047387 -0.425147 0.516802
28.828829 -0.355120 -0.092919 -0.320159 0.487079
28.928929 -0.393245 -0.131301 -0.191288 0.456588
29.029029 -0.395139 -0.157494 -0.045322 0.427777
29.129129 -0.352887 -0.165987 0.105111 0.403892
29.229229 -0.264065 -0.152468 0.241058 0.388698
29.329329 -0.136408 -0.116444 0.341079 0.385359
29.429429 0.011899 -0.062812 0.389582 0.394792
29.529530 0.158895 -0.000225 0.383469 0.415086
29.629630 0.287179 0.062595 0.331011 0.442672
29.729730 0.387403 0.119408 0.245585 0.473974
29.829830 0.456725 0.166755 0.140227 0.506032
29.929930 0.496060 0.203190 0.025453 0.536666
30.030030 0.508316 0.228558 -0.090849 0.564692
30.130130 0.497140 0.243404 -0.203047 0.589595
30.230230 0.466127 0.248546 -0.307186 0.611075
30.330330 0.418551 0.244857 -0.400422 0.628870
30.430430 0.357484 0.233277 -0.480750 0.642910
30.530531 0.285655 0.214664 -0.546551 0.652991
30.630631 0.205555 0.189824 -0.596460 0.658825
30.730731 0.119721 0.159670 -0.629626 0.660497
30.830831 0.030636 0.125139 -0.645453 0.658185
30.930931 -0.059244 0.087187 -0.643534 0.652110
31.031031 -0.147417 0.046832 -0.623698 0.642592
31.131131 -0.231331 0.005167 -0.586094 0.630116
31.231231 -0.308204 -0.036615 -0.530882 0.614952
31.331331 -0.374935 -0.077160 -0.458381 0.597196
31.431431 -0.428097 -0.114882 -0.369472 0.577040
31.531532 -0.463861 -0.147903 -0.265730 0.554666
31.631632 -0.478217 -0.174065 -0.149913 0.530532
31.731732 -0.467325 -0.191001 -0.026388 0.505540
31.831832 -0.427942 -0.196249 0.098494 0.480987
31.931932 -0.358289 -0.187563 0.216109 0.458535
32.032032 -0.259404 -0.163506 0.315702 0.440105
32.132132 -0.136515 -0.124232 0.385579 0.427482
32.232232 0.000153 -0.072302 0.415865 0.422104
32.332332 0.136724 -0.012714 0.401915 0.424725
32.432432 0.259004 0.048218 0.345862 0.434775
32.532533 0.356001 0.104486 0.255810 0.450658
32.632633 0.421766 0.151624 0.143097 0.470482
32.732733 0.454889 0.187057 0.019140 0.492220
32.832833 0.457364 0.209914 -0.106259 0.514331
32.932933 0.432972 0.220456 -0.225512 0.535650
33.033033 0.386150 0.219593 -0.333165 0.555277
33.133133 0.321466 0.208578 -0.425445 0.572581
33.233233 0.243136 0.188710 -0.499670 0.586854
33.333333 0.155168 0.161358 -0.554066 0.597580
33.433433 0.061371 0.127927 -0.587552 0.604441
33.533534 -0.034635 0.089835 -0.599563 0.607244
33.633634 -0.129350 0.048530 -0.590004 0.605963
33.733734 -0.219273 0.005483 -0.558909 0.600408
33.833834 -0.300759 -0.037737 -0.506526 0.590296
33.933934 -0.370015 -0.079391 -0.433727 0.575616
34.034034 -0.423123 -0.117552 -0.342165 0.556712
34.134134 -0.455919 -0.150036 -0.234365 0.534135
34.234234 -0.463960 -0.174337 -0.114057 0.508587
34.334334 -0.442747 -0.187597 0.013169 0.481031
34.434434 -0.388323 -0.186723 0.139044 0.452762
34.534535 -0.298585 -0.168775 0.251744 0.425456
34.634635 -0.176018 -0.132142 0.336023 0.401691
34.734735 -0.030719 -0.078223 0.375640 0.384925
34.834835 0.118764 -0.012737 0.358852 0.378209
34.934935 0.249346 0.054716 0.285293 0.382830
35.035035 0.341958 0.113900 0.167931 0.397630
35.135135 0.387830 0.157594 0.027163 0.419506
35.235235 0.388034 0.182803 -0.117214 0.444665
35.335335 0.349608 0.189877 -0.250286 0.470023
35.435435 0.281817 0.181055 -0.362642 0.493671
35.535536 0.193789 0.159278 -0.449222 0.514513
35.635636 0.093637 0.127581 -0.507958 0.532039
35.735736 -0.011759 0.088778 -0.538462 0.545858
35.835836 -0.116552 0.045395 -0.541202 0.555468
35.935936 -0.215632 -0.000203 -0.517473 0.560603
36.036036 -0.304472 -0.045776 -0.469257 0.561249
36.136136 -0.379036 -0.089188 -0.399124 0.557604
36.236236 -0.435503 -0.128321 -0.310056 0.549785
36.336336 -0.470196 -0.161016 -0.205608 0.537852
36.436436 -0.479705 -0.185061 -0.090298 0.522033
36.536537 -0.461056 -0.198213 0.030139 0.502762
36.636637 -0.412118 -0.198304 0.148366 0.480810
36.736737 -0.332276 -0.183470 0.255157 0.457355
36.836837 -0.223480 -0.152563 0.339219 0.433922
36.936937 -0.091828 -0.105902 0.387725 0.412284
37.037037 0.050543 -0.046520 0.388906 0.394926
37.137137 0.185417 0.019130 0.336036 0.384273
37.237237 0.292022 0.081778 0.232423 0.382080
37.337337 0.353719 0.131849 0.093071 0.388798
37.437437 0.363653 0.162668 -0.060146 0.402892
37.537538 0.325370 0.171978 -0.205728 0.421623
37.637638 0.249242 0.161359 -0.327805 0.442283
37.737738 0.148012 0.134566 -0.417313 0.462780
37.837838 0.033727 0.095999 -0.470557 0.481432
37.937938 -0.083277 0.049971 -0.487469 0.497050
38.038038 -0.194490 0.000412 -0.470154 0.508794
38.138138 -0.292928 -0.049179 -0.421936 0.515999
38.238238 -0.372870 -0.095659 -0.347103 0.518327
38.338338 -0.429580 -0.136167 -0.250721 0.515695
38.438438 -0.458948 -0.167986 -0.138499 0.507971
38.538539 -0.457555 -0.188521 -0.017140 0.495168
38.638639 -0.423025 -0.195369 0.105263 0.477703
38.738739 -0.354216 -0.186332 0.218829 0.456152
38.838839 -0.252464 -0.159889 0.311607 0.431742
38.938939 -0.123490 -0.116074 0.370027 0.406993
39.039039 0.020933 -0.057395 0.380181 0.385059
39.139139 0.161547 0.009804 0.332217 0.369542
39.239239 0.273906 0.075104 0.227202 0.363711
39.339339 0.336769 0.126818 0.081217 0.368907
39.439439 0.341394 0.156658 -0.079144 0.383869
39.539540 0.293585 0.162542 -0.227945 0.405674
39.639640 0.207530 0.147363 -0.347699 0.430905
39.739740 0.098710 0.116149 -0.430056 0.456270
39.839840 -0.019364 0.074247 -0.473249 0.479429
39.939940 -0.136111 0.026484 -0.479575 0.499219
40.040040 -0.243696 -0.023123 -0.453259 0.515137
40.140140 -0.336270 -0.071319 -0.398954 0.526619
40.240240 -0.409385 -0.115388 -0.321557 0.533207
40.340340 -0.459631 -0.153004 -0.226239 0.534654
40.440440 -0.484334 -0.182106 -0.118415 0.530814
40.540541 -0.481399 -0.200798 -0.003940 0.521614
40.640641 -0.449379 -0.207333 0.110634 0.507117
40.740741 -0.387689 -0.200144 0.217696 0.487598
40.840841 -0.296930 -0.177888 0.308093 0.463393
40.940941 -0.180000 -0.139849 0.370734 0.435202
41.041041 -0.044092 -0.086843 0.393011 0.404900
41.141141 0.096964 -0.022492 0.362476 0.375895
41.241241 0.220962 0.045195 0.271736 0.353139
41.341341 0.300068 0.103460 0.127173 0.341932
41.441441 0.312983 0.138849 -0.045133 0.345361
41.541542 0.258727 0.144523 -0.208238 0.362201
41.641642 0.155621 0.123106 -0.333153 0.387767
41.741742 0.028068 0.082665 -0.407542 0.416787
41.841842 -0.103467 0.031787 -0.431533 0.444901
41.941942 -0.224788 -0.022484 -0.411452 0.469391
42.042042 -0.326884 -0.074905 -0.355772 0.488915
42.142142 -0.404050 -0.121634 -0.272832 0.502482
42.242242 -0.452673 -0.159777 -0.170581 0.509451
42.342342 -0.470508 -0.187047 -0.056767 0.509497
42.442442 -0.456272 -0.201553 0.060836 0.502502
42.542543 -0.409598 -0.201703 0.173959 0.488586
42.642643 -0.331292 -0.186234 0.273406 0.468175
42.742743 -0.224111 -0.154456 0.348583 0.442259
42.842843 -0.094026 -0.106732 0.387204 0.412504
42.942943 0.047395 -0.045611 0.376112 0.381820
43.043043 0.180165 0.022428 0.304448 0.354473
43.143143 0.275774 0.085468 0.172133 0.336133
43.243243 0.306331 0.128191 0.000114 0.332071
43.343343 0.262117 0.139647 -0.172063 0.343238
43.443443 0.159312 0.120091 -0.306948 0.366087
43.543544 0.026696 0.078462 -0.386691 0.395473
43.643644 -0.110484 0.025303 -0.411147 0.426484
43.743744 -0.235544 -0.030957 -0.388631 0.455492
43.843844 -0.338849 -0.084453 -0.329674 0.480245
43.943944 -0.415268 -0.131288 -0.244333 0.499382
44.044044 -0.462302 -0.168847 -0.141616 0.512140
44.144144 -0.479219 -0.195414 -0.029635 0.518378
44.244244 -0.466208 -0.209769 0.084156 0.518107
44.344344 -0.423995 -0.210972 0.192596 0.511248
44.444444 -0.354136 -0.198391 0.288326 0.497899
44.544545 -0.259198 -0.171714 0.363367 0.478231
44.644645 -0.143592 -0.131257 0.408930 0.452848
44.744745 -0.014810 -0.078546 0.415759 0.423372
44.844845 0.115040 -0.017025 0.374532 0.392172
44.944945 0.227276 0.046588 0.278920 0.362796
45.045045 0.296902 0.101163 0.132757 0.340601
45.145145 0.300592 0.133094 -0.041867 0.331395
45.245245 0.232299 0.133119 -0.206269 0.337980
45.345345 0.110640 0.102722 -0.324202 0.357631
45.445445 -0.033398 0.052069 -0.379557 0.384565
45.545546 -0.172959 -0.007089 -0.375262 0.413263
45.645646 -0.291187 -0.065602 -0.323373 0.440072
45.745746 -0.379364 -0.117425 -0.237640 0.462794
45.845846 -0.433866 -0.158867 -0.130576 0.480134
45.945946 -0.454079 -0.187771 -0.013092 0.491545
46.046046 -0.440780 -0.202817 0.105365 0.496511
46.146146 -0.395795 -0.203277 0.216204 0.494691
46.246246 -0.322092 -0.188967 0.311240 0.486129
46.346346 -0.223750 -0.160157 0.382212 0.470957
46.446446 -0.106606 -0.117797 0.420537 0.449547
46.546547 0.020603 -0.064040 0.417573 0.422957
46.646647 0.144782 -0.002978 0.365347 0.393000
46.746747 0.246688 0.058119 0.259343 0.362618
46.846847 0.301232 0.107754 0.105297 0.336807
46.946947 0.285140 0.131888 -0.072101 0.322332
47.047047 0.193806 0.121118 -0.229885 0.324156
47.147147 0.051438 0.078615 -0.328059 0.341246
47.247247 -0.103670 0.017924 -0.352355 0.367727
47.347347 -0.240873 -0.046469 -0.312309 0.397134
47.447447 -0.343687 -0.104419 -0.226572 0.424687
47.547548 -0.405901 -0.150120 -0.113581 0.447429
47.647648 -0.426916 -0.180626 0.011180 0.463690
47.747748 -0.408720 -0.194554 0.134991 0.472362
47.847848 -0.354688 -0.191423 0.246951 0.472685
47.947948 -0.269475 -0.171437 0.337057 0.464344
48.048048 -0.159294 -0.135507 0.395585 0.447464
48.148148 -0.032851 -0.085573 0.412752 0.422808
48.248248 0.097060 -0.025348 0.379119 0.392167
48.348348 0.211324 0.038337 0.287966 0.359238
48.448448 0.283004 0.093887 0.141142 0.329889
48.548549 0.283285 0.125447 -0.039549 0.312332
48.648649 0.201243 0.120407 -0.207912 0.313407
48.748749 0.060543 0.080472 -0.316829 0.332448
48.848849 -0.096372 0.020394 -0.348993 0.362629
48.948949 -0.236352 -0.044072 -0.315208 0.396435
49.049049 -0.342988 -0.102552 -0.235622 0.428574
49.149149 -0.411003 -0.149584 -0.128936 0.455986
49.249249 -0.440490 -0.182640 -0.009890 0.476955
49.349349 -0.433793 -0.200715 0.110090 0.490493
49.449449 -0.394268 -0.203607 0.221772 0.496071
49.549550 -0.325855 -0.191570 0.317148 0.493420
49.649650 -0.233088 -0.165184 0.388641 0.482346
49.749750 -0.121755 -0.125575 0.428798 0.463099
49.849850 0.000279 -0.074725 0.430092 0.436535
49.949950 0.121745 -0.016011 0.384836 0.403952
50.050050 0.225543 0.044504 0.286725 0.367508
50.150150 0.286606 0.096178 0.136642 0.331759
50.250250 0.275393 0.123190 -0.045558 0.305111
50.350350 0.177379 0.111056 -0.211572 0.297589
50.450450 0.019046 0.061265 -0.306265 0.312913
50.550551 -0.146774 -0.007242 -0.311403 0.344335
50.650651 -0.281491 -0.074919 -0.246510 0.381598
50.750751 -0.370625 -0.130717 -0.140241 0.417274
50.850851 -0.413499 -0.170319 -0.015778 0.447481
50.950951 -0.414571 -0.192762 0.110619 0.470386
51.051051 -0.379590 -0.198472 0.227566 0.485042
51.151151 -0.314552 -0.188475 0.326548 0.491019
51.251251 -0.225417 -0.164025 0.400428 0.487914
51.351351 -0.118594 -0.126655 0.442606 0.475401
51.451451 -0.001900 -0.078608 0.447171 0.454031
51.551552 0.114598 -0.023130 0.408552 0.424950
51.651652 0.216967 0.034793 0.321906 0.389755
51.751752 0.285173 0.086897 0.186529 0.351665
51.851852 0.293195 0.120292 0.013911 0.317217
51.951952 0.219302 0.119678 -0.160285 0.296829
52.052052 0.072495 0.079062 -0.279983 0.299828
52.152152 -0.099111 0.012385 -0.309557 0.325272
52.252252 -0.247350 -0.058393 -0.259363 0.363127
52.352352 -0.350812 -0.118970 -0.160092 0.403549
52.452452 -0.407331 -0.163796 -0.038430 0.440709
52.552553 -0.422273 -0.191990 0.087658 0.472079
52.652653 -0.402465 -0.204430 0.206789 0.496519
52.752753 -0.354303 -0.202492 0.311491 0.513381
52.852853 -0.283688 -0.187731 0.396510 0.522439
52.952953 -0.196074 -0.161715 0.457730 0.523559
53.053053 -0.096843 -0.126089 0.491672 0.516738
53.153153 0.008241 -0.082744 0.495329 0.502260
53.253253 0.112575 -0.033916 0.465672 0.480285
53.353353 0.207936 0.017410 0.400081 0.451227
53.453453 0.283421 0.066896 0.297257 0.416130
53.553554 0.324110 0.107967 0.159101 0.376852
53.653654 0.310948 0.130827 -0.003930 0.337372
53.753754 0.226581 0.123345 -0.163852 0.305615
53.853854 0.074674 0.078641 -0.272322 0.293121
53.953954 -0.102504 0.007336 -0.288703 0.306448
54.054054 -0.250900 -0.067021 -0.218318 0.339272
54.154154 -0.344367 -0.127144 -0.097612 0.379845
54.254254 -0.383115 -0.167294 0.039919 0.419950
54.354354 -0.377021 -0.187987 0.173492 0.455613
54.454454 -0.336563 -0.191614 0.291647 0.484818
54.554555 -0.270808 -0.180885 0.388144 0.506668
54.654655 -0.187384 -0.158378 0.459454 0.520860
54.754755 -0.092791 -0.126441 0.503437 0.527301
54.854855 0.007061 -0.087306 0.518706 0.526050
54.954955 0.106432 -0.043195 0.504223 0.517140
55.055055 0.199256 0.003468 0.459327 0.500696
55.155155 0.278561 0.049806 0.383779 0.476826
55.255255 0.335991 0.092146 0.278591 0.446087
55.355355 0.361150 0.125522 0.147304 0.409736
55.455455 0.341063 0.143002 -0.001462 0.369832
55.555556 0.262675 0.135769 -0.148436 0.330854
55.655656 0.122482 0.096119 -0.257775 0.301146
55.755756 -0.054632 0.026630 -0.284434 0.290855
55.855856 -0.212775 -0.052245 -0.211531 0.304546
55.955956 -0.306796 -0.115858 -0.072109 0.335778
56.056056 -0.329990 -0.153084 0.086033 0.373805
56.156156 -0.297124 -0.164529 0.230857 0.410667
56.256256 -0.225839 -0.154851 0.346695 0.441792
56.356356 -0.131073 -0.129187 0.427143 0.465102
56.456456 -0.024643 -0.092118 0.470107 0.479680
56.556557 0.083804 -0.047640 0.475340 0.485016
56.656657 0.185753 0.000506 0.443868 0.481169
56.756757 0.273032 0.048559 0.377644 0.468530
56.856857 0.336901 0.092379 0.279444 0.447353
56.956957 0.367492 0.126986 0.154142 0.418253
57.057057 0.353667 0.146117 0.010952 0.382819
57.157157 0.284333 0.142104 -0.132749 0.344472
57.257257 0.154752 0.107592 -0.246092 0.309977
57.357357 -0.018016 0.042257 -0.286170 0.289834
57.457457 -0.183361 -0.037546 -0.225254 0.292865
57.557558 -0.286866 -0.105083 -0.086090 0.317405
57.657658 -0.312481 -0.144497 0.078799 0.353176
57.757758 -0.275327 -0.155190 0.229612 0.390654
57.857858 -0.197224 -0.143017 0.347515 0.424403
57.957958 -0.096282 -0.114458 0.426178 0.451662
58.058058 0.013935 -0.075066 0.464899 0.471126
58.158158 0.123126 -0.029464 0.465468 0.482378
58.258258 0.223004 0.018377 0.430763 0.485413
58.358358 0.306307 0.064832 0.364163 0.480253
58.458458 0.366122 0.106281 0.269836 0.467068
58.558559 0.395339 0.138796 0.153252 0.446142
58.658659 0.386459 0.157864 0.022318 0.418055
58.758759 0.332103 0.158237 -0.110565 0.384130
58.858859 0.227405 0.134414 -0.225482 0.347307
58.958959 0.076755 0.082968 -0.292184 0.313283
59.059059 -0.093359 0.008866 -0.275499 0.291023
59.159159 -0.229749 -0.067743 -0.163295 0.289895
59.259259 -0.285929 -0.120919 0.007166 0.310529
59.359359 -0.259183 -0.139427 0.177858 0.343874
59.459459 -0.176067 -0.127998 0.312091 0.380505
59.559560 -0.064368 -0.096146 0.397705 0.414194
59.659660 0.055725 -0.052348 0.434860 0.441530
59.759760 0.170461 -0.003165 0.428183 0.460877
59.859860 0.270134 0.046347 0.383388 0.471282
59.959960 0.347200 0.091978 0.306518 0.472188
60.060060 0.395321 0.129923 0.204202 0.463526
60.160160 0.408749 0.156428 0.084182 0.445682
60.260260 0.381910 0.167459 -0.043763 0.419300
60.360360 0.309892 0.158566 -0.165878 0.385605
60.460460 0.190750 0.125327 -0.261423 0.347037
60.560561 0.032737 0.065964 -0.300339 0.309236
60.660661 -0.132241 -0.011882 -0.249788 0.282883
60.760761 -0.245128 -0.084323 -0.105007 0.279686
60.860861 -0.261920 -0.123937 0.082259 0.301213
60.960961 -0.193860 -0.123917 0.245840 0.336711
61.061061 -0.079017 -0.094570 0.353414 0.374284
61.161161 0.050380 -0.048720 0.401157 0.407233
61.261261 0.173720 0.003769 0.396176 0.432606
61.361361 0.278207 0.055955 0.347590 0.448719
61.461461 0.355253 0.102647 0.264577 0.454689
61.561562 0.398404 0.139533 0.156388 0.450169
61.661662 0.402332 0.162650 0.032990 0.435218
61.761762 0.362712 0.168100 -0.093622 0.410588
61.861862 0.276511 0.151834 -0.207481 0.377571
61.961962 0.145117 0.110483 -0.285879 0.339105
62.062062 -0.017470 0.044562 -0.298103 0.301921
62.162162 -0.171489 -0.034315 -0.215269 0.277357
62.262262 -0.254552 -0.098479 -0.046320 0.276841
62.362362 -0.233762 -0.122755 0.143193 0.300363
62.462462 -0.135293 -0.106858 0.288677 0.336240
62.562563 -0.003290 -0.065327 0.367504 0.373280
62.662663 0.130367 -0.012184 0.383578 0.405310
62.762763 0.247236 0.042826 0.348546 0.429469
62.862863 0.336954 0.093216 0.274763 0.444659
62.962963 0.393270 0.134383 0.173636 0.450411
63.063063 0.412024 0.162708 0.055966 0.446509
63.163163 0.390441 0.175075 -0.067012 0.433112
63.263263 0.327084 0.168649 -0.182473 0.410759
63.363363 0.222861 0.141029 -0.274423 0.380610
63.463463 0.083914 0.091124 -0.321835 0.344852
63.563564 -0.071361 0.022220 -0.299331 0.308521
63.663664 -0.202742 -0.052113 -0.188159 0.281468
63.763764 -0.254653 -0.105509 -0.006165 0.275714
63.863864 -0.202542 -0.115951 0.179182 0.294234
63.963964 -0.079675 -0.086568 0.305845 0.327694
64.064064 0.065025 -0.034956 0.357280 0.364828
64.164164 0.199198 0.023496 0.344092 0.398285
64.264264 0.306336 0.078973 0.282969 0.424441
64.364364 0.378631 0.125540 0.189249 0.441517
64.464464 0.412457 0.159373 0.076177 0.448691
64.564565 0.406314 0.177758 -0.044254 0.445699
64.664665 0.359795 0.178445 -0.160091 0.432348
64.764765 0.274020 0.159596 -0.258076 0.408853
64.864865 0.153359 0.120276 -0.322332 0.376674
64.964965 0.008452 0.061452 -0.332815 0.338546
65.065065 -0.136285 -0.010536 -0.267245 0.300174
65.165165 -0.234207 -0.077708 -0.116753 0.272988
65.265265 -0.231635 -0.111022 0.080879 0.269299
65.365365 -0.125645 -0.095041 0.243972 0.290416
65.465465 0.028431 -0.043883 0.320566 0.324803
65.565566 0.177314 0.019757 0.312944 0.360228
65.665666 0.293164 0.080145 0.244548 0.390093
65.765766 0.365078 0.128661 0.138713 0.411190
65.865866 0.390049 0.160684 0.014742 0.422107
65.965966 0.368561 0.173575 -0.111019 0.422245
66.066066 0.303361 0.165855 -0.223475 0.411676
66.166166 0.199565 0.136946 -0.306997 0.390932
66.266266 0.066431 0.087671 -0.344042 0.361198
66.366366 -0.078051 0.022180 -0.315189 0.325466
66.466466 -0.200010 -0.048037 -0.205011 0.290415
66.566567 -0.247828 -0.099631 -0.023529 0.268140
66.666667 -0.184683 -0.106311 0.166736 0.270574
66.766767 -0.039618 -0.066376 0.286157 0.296414
66.866867 0.121886 -0.002878 0.309701 0.332836
66.966967 0.255952 0.062223 0.258039 0.368737
67.067067 0.345579 0.116786 0.160054 0.398348
67.167167 0.387134 0.155205 0.039222 0.418927
67.267267 0.382346 0.175087 -0.086554 0.429343
67.367367 0.335192 0.175575 -0.202771 0.429297
67.467467 0.251033 0.156652 -0.296445 0.418852
67.567568 0.137162 0.119089 -0.354469 0.398301
67.667668 0.004777 0.065150 -0.362907 0.368740
67.767768 -0.127310 0.000292 -0.307887 0.333170
67.867868 -0.227496 -0.063717 -0.181011 0.297623
67.967968 -0.251463 -0.105707 0.002646 0.272791
68.068068 -0.170352 -0.103140 0.182985 0.270447
68.168168 -0.015169 -0.056103 0.285921 0.291768
68.268268 0.148211 0.011535 0.290192 0.326054
68.368368 0.276496 0.077259 0.221049 0.362328
68.468468 0.355130 0.129367 0.110729 0.393845
68.568569 0.383714 0.163361 -0.015874 0.417343
68.668669 0.367224 0.178221 -0.140935 0.431832
68.768769 0.312149 0.174376 -0.251305 0.437033
68.868869 0.225836 0.153077 -0.336510 0.433213
68.968969 0.116532 0.116134 -0.387107 0.420617
69.069069 -0.005619 0.066174 -0.393797 0.399358
69.169169 -0.126427 0.007666 -0.348139 0.370464
69.269269 -0.225260 -0.051660 -0.244922 0.336745
69.369369 -0.272857 -0.098769 -0.088679 0.303431
69.469469 -0.237421 -0.115344 0.091801 0.279465
69.569570 -0.111963 -0.087797 0.235248 0.274929
69.669670 0.059085 -0.024845 0.284893 0.292014
69.769770 0.212509 0.047546 0.237899 0.322516
69.869870 0.313334 0.108676 0.129105 0.355889
69.969970 0.355375 0.149655 -0.005274 0.385637
70.070070 0.345267 0.168793 -0.139566 0.408875
70.170170 0.292832 0.167301 -0.257110 0.424082
70.270270 0.208254 0.147473 -0.346589 0.430397
70.370370 0.101897 0.112215 -0.399783 0.427553
70.470470 -0.015197 0.065001 -0.410096 0.415493
70.570571 -0.130114 0.010252 -0.371868 0.394108
70.670671 -0.226247 -0.045645 -0.281865 0.364306
70.770771 -0.281247 -0.092907 -0.142552 0.328714
70.870871 -0.267202 -0.116932 0.029295 0.293135
70.970971 -0.163286 -0.101039 0.187907 0.268664
71.071071 0.009776 -0.041742 0.263392 0.266859
71.171171 0.180053 0.036686 0.222243 0.288369
71.271271 0.288561 0.103370 0.100015 0.322422
71.371371 0.323474 0.144104 -0.050098 0.357647
71.471471 0.297210 0.157811 -0.192043 0.387452
71.571572 0.226954 0.148299 -0.306359 0.409092
71.671672 0.128337 0.120335 -0.382855 0.421342
71.771772 0.015069 0.078667 -0.415836 0.423480
71.871872 -0.099801 0.028243 -0.402349 0.415503
71.971972 -0.202551 -0.025396 -0.341234 0.397633
72.072072 -0.277227 -0.075329 -0.233896 0.370455
72.172172 -0.304075 -0.112017 -0.087635 0.335692
72.272272 -0.260362 -0.122331 0.076774 0.297737
72.372372 -0.131741 -0.092064 0.212202 0.266198
72.472472 0.053797 -0.020786 0.248846 0.255442
72.572573 0.212603 0.061314 0.159001 0.272472
72.672673 0.282745 0.118653 -0.001801 0.306638
72.772773 0.266172 0.140141 -0.165152 0.343165
72.872873 0.190268 0.130735 -0.293663 0.373540
72.972973 0.081444 0.098965 -0.372834 0.394249
73.073073 -0.039361 0.052898 -0.398665 0.404081
73.173173 -0.155028 -0.000180 -0.371844 0.402867
73.273273 -0.250018 -0.053155 -0.295883 0.391001
73.373373 -0.308577 -0.098264 -0.177499 0.369298
73.473473 -0.313992 -0.126274 -0.029559 0.339720
73.573574 -0.250415 -0.126239 0.123159 0.306288
73.673674 -0.113117 -0.088475 0.236372 0.276577
73.773774 0.066878 -0.016057 0.253134 0.262312
73.873874 0.215297 0.063581 0.152451 0.271361
73.973974 0.274021 0.117300 -0.015011 0.298450
74.074074 0.244273 0.133667 -0.180620 0.331903
74.174174 0.156148 0.118490 -0.305357 0.362857
74.274274 0.039333 0.081916 -0.376146 0.386967
74.374374 -0.083650 0.033252 -0.392284 0.402480
74.474474 -0.195982 -0.019773 -0.357750 0.408393
74.574575 -0.284059 -0.070340 -0.279001 0.404325
74.674675 -0.335916 -0.111885 -0.164979 0.390609
74.774775 -0.340215 -0.137493 -0.028159 0.368026
74.874875 -0.286781 -0.139601 0.112475 0.338205
74.974975 -0.170588 -0.110813 0.226509 0.304444
75.075075 -0.004511 -0.048746 0.269279 0.273693
75.175175 0.159963 0.032289 0.199188 0.257501
75.275275 0.244540 0.096957 0.030987 0.264879
75.375375 0.217188 0.117756 -0.154327 0.291297
75.475475 0.111941 0.097039 -0.288412 0.324236
75.575576 -0.023603 0.051019 -0.349962 0.354448
75.675676 -0.155543 -0.005324 -0.343519 0.377130
75.775776 -0.262935 -0.061023 -0.281731 0.390168
75.875876 -0.332649 -0.108019 -0.179336 0.393046
75.975976 -0.355951 -0.139927 -0.052015 0.385987
76.076076 -0.326844 -0.151166 0.082580 0.369456
76.176176 -0.242909 -0.136912 0.202546 0.344637
76.276276 -0.109337 -0.094369 0.279331 0.314461
76.376376 0.052059 -0.026759 0.278991 0.285065
76.476476 0.191857 0.049318 0.178040 0.266344
76.576577 0.246867 0.103272 0.000290 0.267597
76.676677 0.195676 0.113111 -0.179376 0.288546
76.776777 0.074680 0.083263 -0.298867 0.319110
76.876877 -0.067561 0.031174 -0.341650 0.349659
76.976977 -0.197618 -0.027492 -0.317328 0.374841
77.077077 -0.296942 -0.082070 -0.242575 0.392113
77.177177 -0.355887 -0.125546 -0.134506 0.400636
77.277277 -0.369380 -0.152990 -0.009247 0.399916
77.377377 -0.335327 -0.160712 0.117034 0.389832
77.477477 -0.254597 -0.145982 0.226556 0.370753
77.577578 -0.132510 -0.107338 0.298127 0.343453
77.677678 0.016053 -0.046601 0.306415 0.310354
77.777778 0.157505 0.026365 0.227323 0.277811
77.877878 0.233837 0.087328 0.060577 0.256857
77.977978 0.194416 0.104708 -0.134115 0.258356
78.078078 0.059315 0.071054 -0.265665 0.281326
78.178178 -0.101746 0.009027 -0.296594 0.313691
78.278278 -0.236681 -0.056519 -0.244466 0.344929
78.378378 -0.323536 -0.110895 -0.140893 0.369897
78.478478 -0.356480 -0.146893 -0.013259 0.385787
78.578579 -0.336634 -0.161178 0.116570 0.391010
78.678679 -0.269021 -0.152581 0.229790 0.385301
78.778779 -0.161689 -0.121377 0.308625 0.368952
78.878879 -0.027642 -0.069845 0.334897 0.343218
78.978979 0.110865 -0.004173 0.290633 0.311088
79.079079 0.215586 0.061543 0.164860 0.278287
79.179179 0.233619 0.101722 -0.022663 0.255810
79.279279 0.136267 0.091256 -0.196668 0.256075
79.379379 -0.030165 0.035188 -0.274770 0.278652
79.479479 -0.188079 -0.036149 -0.244628 0.310682
79.579580 -0.293762 -0.098109 -0.142757 0.341029
79.679680 -0.336335 -0.139230 -0.008844 0.364121
79.779780 -0.319452 -0.155845 0.127245 0.377530
79.879880 -0.251706 -0.147669 0.243207 0.379884
79.979980 -0.144440 -0.116270 0.320762 0.370499
80.080080 -0.013057 -0.065222 0.343409 0.349791
80.180180 0.119812 -0.001296 0.295620 0.318980
80.280280 0.217939 0.061934 0.168273 0.282221
80.380380 0.228898 0.099440 -0.020906 0.250439
80.480480 0.116306 0.082405 -0.193820 0.240591
80.580581 -0.067597 0.015244 -0.250188 0.259607
80.680681 -0.222694 -0.061583 -0.181724 0.293953
80.780781 -0.301751 -0.118141 -0.046853 0.327423
80.880881 -0.303433 -0.144704 0.101752 0.351233
80.980981 -0.241186 -0.140904 0.229633 0.361602
81.081081 -0.132301 -0.109873 0.313194 0.357304
81.181181 0.002629 -0.056978 0.333762 0.338601
81.281281 0.135593 0.008806 0.275524 0.307207
81.381381 0.222863 0.070420 0.131346 0.268102
81.481481 0.203356 0.097093 -0.068851 0.235629
81.581582 0.052365 0.059967 -0.218663 0.232705
81.681682 -0.137907 -0.018969 -0.222685 0.262615
81.781782 -0.266100 -0.091407 -0.114739 0.303857
81.881882 -0.309417 -0.135331 0.033495 0.339375
81.981982 -0.280578 -0.147967 0.175478 0.362506
82.082082 -0.197952 -0.132343 0.284421 0.370938
82.182182 -0.080086 -0.093160 0.342740 0.364092
82.282282 0.052273 -0.036682 0.336528 0.342534
82.382382 0.171466 0.027486 0.254460 0.308068
82.482482 0.235126 0.081783 0.095546 0.266649
82.582583 0.187066 0.096015 -0.101836 0.233630
82.682683 0.017311 0.046657 -0.226490 0.231893
82.782783 -0.168487 -0.036088 -0.197858 0.262370
82.882883 -0.275891 -0.103713 -0.067566 0.302386
82.982983 -0.293379 -0.138153 0.088287 0.336083
83.083083 -0.240684 -0.139826 0.224646 0.357695
83.183183 -0.140689 -0.114155 0.317626 0.365666
83.283283 -0.015057 -0.067654 0.352576 0.359324
83.383383 0.112893 -0.008215 0.318741 0.338242
83.483483 0.212895 0.052508 0.210312 0.303830
83.583584 0.241781 0.094865 0.036375 0.262260
83.683684 0.150950 0.088991 -0.148340 0.229587
83.783784 -0.041953 0.021554 -0.224774 0.229669
83.883884 -0.210814 -0.063268 -0.143469 0.262733
83.983984 -0.280106 -0.119624 0.013733 0.304890
84.084084 -0.259933 -0.138382 0.170046 0.340045
84.184184 -0.179319 -0.125260 0.288535 0.362074
84.284284 -0.064191 -0.088186 0.352386 0.368881
84.384384 0.062384 -0.035352 0.353205 0.360410
84.484484 0.176386 0.023966 0.286521 0.337314
84.584585 0.247913 0.077018 0.153683 0.301681
84.684685 0.237005 0.103720 -0.026003 0.260010
84.784785 0.109246 0.078032 -0.185666 0.229119
84.884885 -0.090418 -0.000674 -0.213599 0.231949
84.984985 -0.234371 -0.081437 -0.095714 0.265938
85.085085 -0.271182 -0.126178 0.072856 0.307845
85.185185 -0.224475 -0.132645 0.222364 0.342679
85.285285 -0.127449 -0.109716 0.323965 0.365013
85.385385 -0.006994 -0.066857 0.367384 0.373484
85.485485 0.114630 -0.012829 0.349432 0.367977
85.585586 0.215783 0.043241 0.270512 0.348724
85.685686 0.271477 0.089886 0.136413 0.316840
85.785786 0.251163 0.110861 -0.032987 0.276516
85.885886 0.128211 0.085530 -0.183146 0.239365
85.985986 -0.068090 0.009176 -0.216504 0.227144
86.086086 -0.218007 -0.074353 -0.097067 0.249955
86.186186 -0.251080 -0.119381 0.082148 0.289899
86.286286 -0.193205 -0.121994 0.236365 0.328754
86.386386 -0.086806 -0.094507 0.334318 0.358099
86.486486 0.036639 -0.049006 0.369747 0.374776
86.586587 0.154341 0.004591 0.344844 0.377835
86.686687 0.247364 0.057386 0.265179 0.367154
86.786787 0.296891 0.099935 0.139789 0.343033
86.886887 0.282195 0.120590 -0.014259 0.307213
86.986987 0.183732 0.104882 -0.160813 0.265742
87.087087 0.005999 0.042446 -0.229497 0.233466
87.187187 -0.170770 -0.045307 -0.150373 0.232007
87.287287 -0.238998 -0.105256 0.030035 0.262870
87.387387 -0.195043 -0.116931 0.202851 0.304734
87.487487 -0.089778 -0.092701 0.316793 0.342069
87.587588 0.035858 -0.048372 0.364226 0.369170
87.687688 0.156076 0.004256 0.350939 0.384104
87.787788 0.253468 0.056335 0.285903 0.386212
87.887888 0.314310 0.100256 0.179839 0.375745
87.987988 0.326065 0.128424 0.046242 0.353482
88.088088 0.276752 0.132343 -0.094891 0.321108
88.188188 0.158771 0.102990 -0.209976 0.282675
88.288288 -0.014197 0.036669 -0.244874 0.248011
88.388388 -0.174561 -0.047014 -0.149679 0.234703
88.488488 -0.227665 -0.101911 0.038073 0.252323
88.588589 -0.164072 -0.105561 0.211999 0.288108
88.688689 -0.040578 -0.071797 0.314999 0.325616
88.788789 0.094503 -0.020079 0.342688 0.356046
88.888889 0.213185 0.035672 0.307760 0.376081
88.988989 0.299379 0.086082 0.225381 0.384492
89.089089 0.342746 0.124184 0.110730 0.380996
89.189189 0.335847 0.144021 -0.019865 0.365964
89.289289 0.273049 0.139755 -0.146390 0.339878
89.389389 0.153530 0.106155 -0.240773 0.304651
89.489489 -0.008490 0.042178 -0.262808 0.266307
89.589590 -0.161783 -0.037999 -0.170754 0.238274
89.689690 -0.218030 -0.094523 0.018787 0.238379
89.789790 -0.146827 -0.096448 0.201108 0.267030
89.889890 -0.009192 -0.056294 0.301399 0.306748
89.989990 0.133764 0.000935 0.316356 0.343475
90.090090 0.250849 0.058560 0.266819 0.370873
90.190190 0.328524 0.107131 0.174520 0.387120
90.290290 0.360836 0.140946 0.057908 0.391691
90.390390 0.344995 0.155937 -0.066340 0.384368
90.490490 0.280296 0.148775 -0.180795 0.365221
90.590591 0.169347 0.116884 -0.264382 0.335019
90.690691 0.022830 0.059855 -0.289057 0.296070
90.790791 -0.127268 -0.014932 -0.220296 0.254854
90.890891 -0.208770 -0.079471 -0.045437 0.227958
90.990991 -0.150208 -0.090107 0.156537 0.234916
91.091091 0.005457 -0.043965 0.265778 0.269445
91.191191 0.164125 0.023131 0.261831 0.309883
91.291291 0.278625 0.084861 0.182479 0.343703
91.391391 0.336442 0.129566 0.064635 0.366276
91.491491 0.337324 0.152423 -0.064596 0.375757
91.591592 0.285390 0.151421 -0.183748 0.371671
91.691692 0.187765 0.126106 -0.273081 0.354586
91.791792 0.056018 0.077582 -0.311105 0.325490
91.891892 -0.087405 0.011020 -0.273560 0.287395
91.991992 -0.196391 -0.057588 -0.141422 0.248769
92.092092 -0.197802 -0.093252 0.060136 0.226799
92.192192 -0.065296 -0.065433 0.218976 0.237688
92.292292 0.111990 0.003662 0.248314 0.272425
92.392392 0.247419 0.073429 0.173123 0.310772
92.492492 0.315130 0.123624 0.047521 0.341831
92.592593 0.317651 0.148440 -0.089022 0.361748
92.692693 0.264662 0.147384 -0.210408 0.368835
92.792793 0.168045 0.122023 -0.297046 0.362443
92.892893 0.042542 0.075514 -0.331635 0.342774
92.992993 -0.090631 0.013754 -0.297027 0.310851
93.093093 -0.195763 -0.050708 -0.179445 0.270361
93.193193 -0.213629 -0.091212 0.010345 0.232516
93.293293 -0.092835 -0.071081 0.185196 0.219017
93.393393 0.100388 0.003874 0.219193 0.241119
93.493493 0.240391 0.079857 0.119275 0.279985
93.593594 0.287374 0.125824 -0.031881 0.315329
93.693694 0.254183 0.137041 -0.176174 0.338270
93.793794 0.163697 0.117532 -0.281699 0.346359
93.893894 0.039361 0.073708 -0.328910 0.339358
93.993994 -0.092938 0.013870 -0.303244 0.317469
94.094094 -0.198084 -0.048894 -0.195456 0.282544
94.194194 -0.223930 -0.090999 -0.015655 0.242220
94.294294 -0.116378 -0.077353 0.164609 0.215925
94.394394 0.081988 -0.002246 0.210106 0.225547
94.494494 0.228111 0.077872 0.101149 0.261400
94.594595 0.265879 0.122256 -0.063072 0.299360
94.694695 0.216428 0.127074 -0.209703 0.327054
94.794795 0.112321 0.100082 -0.304989 0.340074
94.894895 -0.016749 0.050945 -0.333053 0.337343
94.994995 -0.141470 -0.009485 -0.285757 0.319000
95.095095 -0.226718 -0.066628 -0.162412 0.286737
95.195195 -0.225946 -0.097625 0.017576 0.246762
95.295295 -0.097707 -0.072035 0.178958 0.216245
95.395395 0.104386 0.010197 0.192470 0.219192
95.495495 0.230647 0.087496 0.051942 0.252094
95.595596 0.233017 0.119139 -0.124206 0.289686
95.695696 0.148662 0.107138 -0.258126 0.316556
95.795796 0.021297 0.064544 -0.319693 0.326838
95.895896 -0.111570 0.005231 -0.298412 0.318630
95.995996 -0.212054 -0.055024 -0.193827 0.292513
96.096096 -0.233435 -0.093941 -0.021607 0.252554
96.196196 -0.125815 -0.079422 0.153802 0.213991
96.296296 0.080875 0.000470 0.191818 0.208171
96.396396 0.220281 0.082881 0.053531 0.241368
96.496496 0.225255 0.116575 -0.128139 0.284164
96.596597 0.141248 0.105167 -0.264633 0.317871
96.696697 0.016970 0.064387 -0.329198 0.335864
96.796797 -0.111649 0.008407 -0.316851 0.336051
96.896897 -0.213599 -0.049314 -0.230357 0.317995
96.996997 -0.254833 -0.092560 -0.081011 0.282966
97.097097 -0.193940 -0.097773 0.095408 0.237224
97.197197 -0.012109 -0.039670 0.198849 0.203129
97.297297 0.175157 0.053983 0.111065 0.214312
97.397397 0.221303 0.106671 -0.080729 0.258594
97.497497 0.151828 0.105249 -0.239655 0.302595
97.597598 0.030967 0.069243 -0.323437 0.332212
97.697698 -0.098393 0.016053 -0.328908 0.343685
97.797798 -0.206230 -0.040670 -0.262309 0.336141
97.897898 -0.264665 -0.087384 -0.134408 0.309433
97.997998 -0.240979 -0.106428 0.032009 0.265372
98.098098 -0.102102 -0.073083 0.174411 0.214907
98.198198 0.110163 0.018634 0.157883 0.193417
98.298298 0.204060 0.091455 -0.034762 0.226302
98.398398 0.140426 0.096460 -0.216573 0.275550
98.498498 0.009759 0.057399 -0.306384 0.311867
98.598599 -0.125737 -0.000094 -0.301888 0.327026
98.698699 -0.227610 -0.057627 -0.216282 0.319226
98.798799 -0.262695 -0.097929 -0.069069 0.288737
98.898899 -0.193811 -0.098611 0.100536 0.239571
98.998999 -0.002320 -0.034002 0.189820 0.192856
99.099099 0.176677 0.063198 0.061766 0.197544
99.199199 0.169156 0.097033 -0.150763 0.246493
99.299299 0.048874 0.069137 -0.279757 0.292288
99.399399 -0.093613 0.013634 -0.303509 0.317910
99.499499 -0.209228 -0.046280 -0.237282 0.319720
99.599600 -0.263080 -0.092323 -0.102211 0.296954
99.699700 -0.219174 -0.103389 0.066989 0.251424
99.799800 -0.048240 -0.052254 0.184261 0.197509
99.899900 0.154202 0.048683 0.091121 0.185611
100.000000 0.168573 0.093353 -0.131019 0.233018
