0.000000 0.728560 0.734045 -0.155641 1.045871
0.100100 0.664979 0.783182 -0.185563 1.044033
0.200200 0.597302 0.827418 -0.214313 1.042747
0.300300 0.525939 0.866465 -0.241707 1.042016
0.400400 0.451327 0.900063 -0.267572 1.041827
0.500501 0.373945 0.928027 -0.291752 1.042204
0.600601 0.294287 0.950208 -0.314105 1.043150
0.700701 0.212834 0.966422 -0.334475 1.044578
0.800801 0.130093 0.976550 -0.352731 1.046420
0.900901 0.046591 0.980590 -0.368779 1.048678
1.001001 -0.037149 0.978550 -0.382532 1.051318
1.101101 -0.120611 0.970497 -0.393925 1.054319
1.201201 -0.203295 0.956587 -0.402932 1.057706
1.301301 -0.284717 0.936981 -0.409531 1.061468
1.401401 -0.364391 0.911802 -0.413685 1.065504
1.501502 -0.441858 0.881232 -0.415384 1.069744
1.601602 -0.516671 0.845485 -0.414632 1.074110
1.701702 -0.588414 0.804809 -0.411453 1.078537
1.801802 -0.656778 0.759591 -0.405942 1.083108
1.901902 -0.721523 0.710260 -0.398222 1.087955
2.002002 -0.782407 0.657195 -0.388397 1.093123
2.102102 -0.839137 0.600707 -0.376535 1.098535
2.202202 -0.891408 0.541087 -0.362695 1.104052
2.302302 -0.938955 0.478655 -0.346954 1.109560
2.402402 -0.981610 0.413781 -0.329426 1.115031
2.502503 -1.019254 0.346846 -0.310236 1.120458
2.602603 -1.051811 0.278228 -0.289516 1.125849
2.702703 -1.079166 0.208282 -0.267383 1.131138
2.802803 -1.101238 0.137362 -0.243958 1.136270
2.902903 -1.118097 0.065836 -0.219395 1.141320
3.003003 -1.129830 -0.005948 -0.193843 1.146353
3.103103 -1.136476 -0.077660 -0.167436 1.151366
3.203203 -1.138011 -0.148978 -0.140293 1.156264
3.303303 -1.134510 -0.219594 -0.112546 1.161034
3.403403 -1.126121 -0.289220 -0.084330 1.165722
3.503504 -1.112952 -0.357573 -0.055774 1.170313
3.603604 -1.095075 -0.424367 -0.027000 1.174737
3.703704 -1.072556 -0.489316 0.001870 1.178902
3.803804 -1.045474 -0.552135 0.030715 1.182714
3.903904 -1.013896 -0.612530 0.059408 1.186047
4.004004 -0.977922 -0.670218 0.087824 1.188797
4.104104 -0.937695 -0.724939 0.115837 1.190893
4.204204 -0.893469 -0.776515 0.143337 1.192396
4.304304 -0.845536 -0.824814 0.170220 1.193409
4.404404 -0.794157 -0.869692 0.196387 1.193992
4.504505 -0.739616 -0.911044 0.221748 1.194238
4.604605 -0.682176 -0.948758 0.246213 1.194206
4.704705 -0.622096 -0.982725 0.269697 1.193938
4.804805 -0.559603 -1.012797 0.292103 1.193414
4.904905 -0.494911 -1.038795 0.313325 1.192562
5.005005 -0.428273 -1.060608 0.333276 1.191377
5.105105 -0.359959 -1.078152 0.351877 1.189873
5.205205 -0.290236 -1.091330 0.369045 1.188037
5.305305 -0.219376 -1.100061 0.384701 1.185856
5.405405 -0.147667 -1.104301 0.398778 1.183347
5.505506 -0.075396 -1.103978 0.411200 1.180482
5.605606 -0.002854 -1.099035 0.421893 1.177234
5.705706 0.069654 -1.089512 0.430820 1.173666
5.805806 0.141826 -1.075474 0.437953 1.169855
5.905906 0.213353 -1.056906 0.443234 1.165773
6.006006 0.283909 -1.033767 0.446589 1.161344
6.106106 0.353152 -1.006033 0.447950 1.156494
6.206206 0.420732 -0.973710 0.447258 1.151159
6.306306 0.486338 -0.936931 0.444512 1.145406
6.406406 0.549631 -0.895805 0.439693 1.139250
6.506507 0.610238 -0.850395 0.432762 1.132627
6.606607 0.667796 -0.800820 0.423700 1.125516
6.706707 0.721961 -0.747251 0.412515 1.117935
6.806807 0.772396 -0.689892 0.399225 1.109922
6.906907 0.818743 -0.628948 0.383849 1.101479
7.007007 0.860637 -0.564646 0.366408 1.092600
7.107107 0.897765 -0.497274 0.346960 1.083349
7.207207 0.929848 -0.427164 0.325584 1.073821
7.307307 0.956574 -0.354647 0.302354 1.064061
7.407407 0.977642 -0.280086 0.277355 1.054115
7.507508 0.992779 -0.203876 0.250693 1.044041
7.607608 1.001756 -0.126452 0.222495 1.033929
7.707708 1.004323 -0.048269 0.192893 1.023818
7.807808 1.000305 0.030182 0.162045 1.013795
7.907908 0.989547 0.108378 0.130125 1.003933
8.008008 0.971887 0.185767 0.097316 0.994256
8.108108 0.947238 0.261770 0.063828 0.984814
8.208208 0.915648 0.335804 0.029890 0.975740
8.308308 0.877250 0.407287 -0.004248 0.967196
8.408408 0.832068 0.475562 -0.038331 0.959148
8.508509 0.780192 0.539952 -0.072083 0.951548
8.608609 0.721926 0.599859 -0.105221 0.944500
8.708709 0.657625 0.654682 -0.137454 0.938069
8.808809 0.587660 0.703792 -0.168473 0.932229
8.908909 0.512544 0.746652 -0.197985 0.927032
9.009009 0.432859 0.782762 -0.225696 0.922509
9.109109 0.349244 0.811657 -0.251316 0.918651
9.209209 0.262396 0.832895 -0.274554 0.915394
9.309309 0.173073 0.846096 -0.295133 0.912654
9.409409 0.082132 0.851139 -0.312858 0.910529
9.509510 -0.009547 0.847949 -0.327547 0.909063
9.609610 -0.101081 0.836533 -0.339049 0.908272
9.709710 -0.191583 0.817023 -0.347261 0.908197
9.809810 -0.280187 0.789648 -0.352121 0.908866
9.909910 -0.366043 0.754690 -0.353590 0.910258
10.010010 -0.448291 0.712423 -0.351623 0.912223
10.110110 -0.526166 0.663301 -0.346262 0.914722
10.210210 -0.599025 0.607936 -0.337632 0.917831
10.310310 -0.666253 0.546931 -0.325856 0.921525
10.410410 -0.727342 0.480948 -0.311102 0.925809
10.510511 -0.781859 0.410681 -0.293560 0.930666
10.610611 -0.829430 0.336820 -0.273431 0.936038
10.710711 -0.869736 0.260064 -0.250928 0.941827
10.810811 -0.902543 0.181113 -0.226280 0.947939
10.910911 -0.927703 0.100678 -0.199735 0.954287
11.011011 -0.945088 0.019446 -0.171533 0.960725
11.111111 -0.954757 -0.061900 -0.141948 0.967234
11.211211 -0.956777 -0.142702 -0.111244 0.973736
11.311311 -0.951248 -0.222333 -0.079680 0.980129
11.411411 -0.938366 -0.300199 -0.047518 0.986361
11.511512 -0.918394 -0.375751 -0.015014 0.992402
11.611612 -0.891698 -0.448505 0.017581 0.998294
11.711712 -0.858595 -0.517985 0.050031 1.003990
11.811812 -0.819359 -0.583712 0.082102 1.009361
11.911912 -0.774296 -0.645231 0.113568 1.014275
12.012012 -0.723824 -0.702187 0.144220 1.018718
12.112112 -0.668372 -0.754248 0.173854 1.022662
12.212212 -0.608379 -0.801118 0.202282 1.026076
12.312312 -0.544326 -0.842566 0.229330 1.028981
12.412412 -0.476663 -0.878342 0.254826 1.031323
12.512513 -0.405833 -0.908184 0.278590 1.033011
12.612613 -0.332285 -0.931825 0.300443 1.033913
12.712713 -0.256509 -0.949079 0.320229 1.033970
12.812813 -0.179012 -0.959777 0.337793 1.033113
12.912913 -0.100314 -0.963782 0.352994 1.031282
13.013013 -0.020969 -0.961108 0.365740 1.028559
13.113113 0.058473 -0.951761 0.375938 1.024986
13.213213 0.137448 -0.935650 0.383455 1.020475
13.313313 0.215373 -0.912739 0.388177 1.014968
13.413413 0.291660 -0.883102 0.390030 1.008493
13.513514 0.365710 -0.846858 0.388954 1.001098
13.613614 0.436878 -0.804076 0.384866 0.992734
13.713714 0.504500 -0.754877 0.377696 0.983368
13.813814 0.567881 -0.699433 0.367390 0.972971
13.913914 0.626373 -0.638047 0.353951 0.961628
14.014014 0.679408 -0.571178 0.337459 0.949589
14.114114 0.726351 -0.499260 0.317967 0.936990
14.214214 0.766551 -0.422773 0.295550 0.923952
14.314314 0.799374 -0.342282 0.270313 0.910618
14.414414 0.824105 -0.258391 0.242364 0.897026
14.514515 0.840049 -0.171805 0.211854 0.883222
14.614615 0.846551 -0.083350 0.178988 0.869271
14.714715 0.843015 0.006034 0.144021 0.855250
14.814815 0.828884 0.095278 0.107269 0.841209
14.914915 0.803745 0.183196 0.069116 0.827251
15.015015 0.767425 0.268503 0.030026 0.813595
15.115115 0.719787 0.349777 -0.009480 0.800330
15.215215 0.661018 0.425577 -0.048814 0.787683
15.315315 0.591473 0.494351 -0.087318 0.775788
15.415415 0.511724 0.554515 -0.124284 0.764719
15.515516 0.422811 0.604649 -0.158986 0.754749
15.615616 0.325974 0.643324 -0.190660 0.745973
15.715716 0.222805 0.669360 -0.218576 0.738553
15.815816 0.115207 0.681869 -0.242062 0.732674
15.915916 0.005280 0.680190 -0.260499 0.728386
16.016016 -0.104696 0.664149 -0.273425 0.725821
16.116116 -0.212391 0.634027 -0.280543 0.725124
16.216216 -0.315480 0.590362 -0.281657 0.726213
16.316316 -0.411808 0.534155 -0.276777 0.729049
16.416416 -0.499521 0.466857 -0.266138 0.733694
16.516517 -0.577004 0.390069 -0.250077 0.740018
16.616617 -0.642995 0.305568 -0.229056 0.747851
16.716717 -0.696629 0.215244 -0.203653 0.757031
16.816817 -0.737321 0.120969 -0.174484 0.767281
16.916917 -0.764822 0.024573 -0.142211 0.778319
17.017017 -0.779191 -0.072202 -0.107512 0.789880
17.117117 -0.780706 -0.167744 -0.071056 0.801679
17.217217 -0.769955 -0.260611 -0.033498 0.813554
17.317317 -0.747677 -0.349532 0.004544 0.825357
17.417417 -0.714630 -0.433371 0.042502 0.836847
17.517518 -0.671732 -0.511190 0.079857 0.847890
17.617618 -0.620012 -0.582243 0.116143 0.858435
17.717718 -0.560512 -0.645934 0.150949 0.868441
17.817818 -0.494186 -0.701684 0.183889 0.877722
17.917918 -0.421940 -0.748951 0.214596 0.886009
18.018018 -0.344737 -0.787319 0.242744 0.893106
18.118118 -0.263578 -0.816546 0.268065 0.898933
18.218218 -0.179518 -0.836641 0.290381 0.903612
18.318318 -0.093563 -0.847686 0.309547 0.907273
18.418418 -0.006661 -0.849690 0.325402 0.909892
18.518519 0.080261 -0.842625 0.337776 0.911346
18.618619 0.166269 -0.826516 0.346515 0.911508
18.718719 0.250427 -0.801472 0.351499 0.910287
18.818819 0.331799 -0.767689 0.352641 0.907630
18.918919 0.409454 -0.725440 0.349884 0.903512
19.019019 0.482455 -0.675058 0.343193 0.897913
19.119119 0.549871 -0.616954 0.332565 0.890837
19.219219 0.610831 -0.551688 0.318064 0.882405
19.319319 0.664399 -0.479827 0.299745 0.872644
19.419419 0.709612 -0.402002 0.277683 0.861547
19.519520 0.745527 -0.318981 0.252010 0.849157
19.619620 0.771246 -0.231662 0.222916 0.835571
19.719720 0.785979 -0.141106 0.190670 0.820993
19.819820 0.788982 -0.048509 0.155604 0.805642
19.919920 0.779565 0.044786 0.118114 0.789733
20.020020 0.757022 0.137254 0.078662 0.773375
20.120120 0.720960 0.227206 0.037831 0.756860
20.220220 0.671232 0.312770 -0.003686 0.740534
20.320320 0.607819 0.391873 -0.045095 0.724598
20.420420 0.531084 0.462288 -0.085478 0.709273
20.520521 0.441919 0.521780 -0.123820 0.694894
20.620621 0.341843 0.568263 -0.159058 0.681967
20.720721 0.232868 0.599789 -0.190091 0.670902
20.820821 0.117530 0.614691 -0.215840 0.662001
20.920921 -0.001118 0.611859 -0.235348 0.655562
21.021021 -0.119655 0.590846 -0.247849 0.651802
21.121121 -0.234491 0.551918 -0.252823 0.650783
21.221221 -0.342209 0.496356 -0.250167 0.652733
21.321321 -0.439814 0.426212 -0.240153 0.657850
21.421421 -0.524746 0.343852 -0.223243 0.665905
21.521522 -0.595019 0.251938 -0.200117 0.676437
21.621622 -0.649463 0.153352 -0.171678 0.689052
21.721722 -0.687582 0.050946 -0.138938 0.703326
21.821822 -0.709480 -0.052636 -0.102930 0.718838
21.921922 -0.715778 -0.155031 -0.064671 0.735225
22.022022 -0.707334 -0.254200 -0.025091 0.752043
22.122122 -0.685296 -0.348452 0.014958 0.768943
22.222222 -0.651068 -0.436475 0.054729 0.785745
22.322322 -0.606149 -0.517290 0.093586 0.802349
22.422422 -0.551964 -0.590153 0.130995 0.818599
22.522523 -0.489753 -0.654369 0.166475 0.834129
22.622623 -0.420692 -0.709367 0.199600 0.848542
22.722723 -0.346020 -0.754823 0.230032 0.861628
22.822823 -0.266939 -0.790560 0.257495 0.873239
22.922923 -0.184620 -0.816581 0.281786 0.883342
23.023023 -0.100159 -0.832922 0.302727 0.891871
23.123123 -0.014577 -0.839529 0.320123 0.898610
23.223223 0.071125 -0.836360 0.333782 0.903309
23.323323 0.155955 -0.823508 0.343569 0.905829
23.423423 0.238927 -0.801118 0.349367 0.906054
23.523524 0.319074 -0.769430 0.351101 0.903937
23.623624 0.395504 -0.728903 0.348793 0.899656
23.723724 0.467305 -0.679958 0.342446 0.893301
23.823824 0.533572 -0.623051 0.332079 0.884968
23.923924 0.593435 -0.558751 0.317758 0.874836
24.024024 0.646046 -0.487694 0.299582 0.863117
24.124124 0.690418 -0.410499 0.277616 0.849857
24.224224 0.725416 -0.327802 0.251909 0.834950
24.324324 0.749935 -0.240442 0.222591 0.818389
24.424424 0.762975 -0.149467 0.189890 0.800331
24.524525 0.763677 -0.056142 0.154145 0.781098
24.624625 0.751119 0.038083 0.115752 0.760939
24.724725 0.724379 0.131511 0.075203 0.740051
24.824825 0.682801 0.222166 0.033144 0.718800
24.924925 0.626054 0.307796 -0.009616 0.697692
25.025025 0.554018 0.385799 -0.052100 0.677119
25.125125 0.467047 0.453280 -0.093132 0.657471
25.225225 0.366211 0.507147 -0.131339 0.639185
25.325325 0.253511 0.544405 -0.165222 0.622850
25.425425 0.132027 0.562549 -0.193284 0.609304
25.525526 0.005732 0.559735 -0.214126 0.599321
25.625626 -0.120688 0.535040 -0.226581 0.593441
25.725726 -0.242116 0.488638 -0.229826 0.591783
25.825826 -0.353526 0.422153 -0.223614 0.594304
25.925926 -0.450650 0.338663 -0.208386 0.601002
26.026026 -0.530047 0.241912 -0.184985 0.611303
26.126126 -0.589397 0.136031 -0.154595 0.624334
26.226226 -0.627822 0.025332 -0.118721 0.639450
26.326326 -0.645707 -0.086195 -0.078962 0.656203
26.426426 -0.644278 -0.195133 -0.036846 0.674187
26.526527 -0.625107 -0.298680 0.006278 0.692826
26.626627 -0.590067 -0.394625 0.049234 0.711570
26.726727 -0.541152 -0.481259 0.091021 0.729891
26.826827 -0.480405 -0.557337 0.130805 0.747344
26.926927 -0.409971 -0.622138 0.167937 0.763764
27.027027 -0.331840 -0.675192 0.201890 0.778949
27.127127 -0.247794 -0.716128 0.232212 0.792567
27.227227 -0.159562 -0.744845 0.258565 0.804432
27.327327 -0.068772 -0.761430 0.280700 0.814431
27.427427 0.023052 -0.766094 0.298432 0.822492
27.527528 0.114482 -0.759160 0.311639 0.828582
27.627628 0.204171 -0.741007 0.320231 0.832662
27.727728 0.290842 -0.712077 0.324158 0.834698
27.827828 0.373297 -0.672954 0.323436 0.834763
27.927928 0.450325 -0.624167 0.318057 0.832789
28.028028 0.520637 -0.566168 0.307972 0.828526
28.128128 0.583006 -0.499615 0.293220 0.821882
28.228228 0.636324 -0.425379 0.273945 0.812958
28.328328 0.679544 -0.344461 0.250349 0.801940
28.428428 0.711556 -0.257934 0.222651 0.788933
28.528529 0.731132 -0.166972 0.191090 0.773918
28.628629 0.737067 -0.072968 0.155992 0.756919
28.728729 0.728463 0.022409 0.117842 0.738273
28.828829 0.704622 0.117243 0.077257 0.718475
28.928929 0.664890 0.209348 0.034961 0.697945
29.029029 0.608819 0.296213 -0.008157 0.677104
29.129129 0.536338 0.374985 -0.051013 0.656410
29.229229 0.447988 0.442534 -0.092311 0.636436
29.329329 0.345151 0.495619 -0.130564 0.617911
29.429429 0.230183 0.531082 -0.164151 0.601646
29.529530 0.106504 0.546154 -0.191414 0.588444
29.629630 -0.021422 0.538866 -0.210819 0.579034
29.729730 -0.148336 0.508517 -0.221187 0.574035
29.829830 -0.268644 0.455822 -0.221819 0.573713
29.929930 -0.377006 0.382972 -0.212632 0.577939
30.030030 -0.469100 0.293628 -0.194281 0.586529
30.130130 -0.542091 0.192331 -0.168020 0.599237
30.230230 -0.594621 0.083772 -0.135417 0.615572
30.330330 -0.626571 -0.027687 -0.098127 0.634813
30.430430 -0.638959 -0.138292 -0.057769 0.656301
30.530531 -0.633313 -0.244981 -0.015785 0.679227
30.630631 -0.611437 -0.345385 0.026600 0.702747
30.730731 -0.575587 -0.437887 0.068375 0.726444
30.830831 -0.528040 -0.521472 0.108752 0.750057
30.930931 -0.470936 -0.595594 0.147152 0.773412
31.031031 -0.406258 -0.660103 0.183172 0.796451
31.131131 -0.335807 -0.715190 0.216573 0.819248
31.231231 -0.261071 -0.761068 0.247179 0.841712
31.331331 -0.183280 -0.797939 0.274853 0.863622
31.431431 -0.103527 -0.826101 0.299521 0.884802
31.531532 -0.022757 -0.845843 0.321130 0.905037
31.631632 0.058191 -0.857544 0.339678 0.924202
31.731732 0.138589 -0.861694 0.355230 0.942291
31.831832 0.217817 -0.858811 0.367875 0.959340
31.931932 0.295346 -0.849392 0.377714 0.975379
32.032032 0.370722 -0.833901 0.384845 0.990419
32.132132 0.443524 -0.812723 0.389343 1.004400
32.232232 0.513381 -0.786234 0.391290 1.017267
32.332332 0.579988 -0.754842 0.390787 1.029022
32.432432 0.643036 -0.718889 0.387914 1.039603
32.532533 0.702231 -0.678689 0.382740 1.048922
32.632633 0.757324 -0.634581 0.375352 1.056940
32.732733 0.808047 -0.586868 0.365819 1.063568
32.832833 0.854203 -0.535887 0.354238 1.068795
32.932933 0.895610 -0.481975 0.340707 1.072613
33.033033 0.932089 -0.425457 0.325317 1.075005
33.133133 0.963469 -0.366657 0.308166 1.075954
33.233233 0.989484 -0.305861 0.289317 1.075329
33.333333 1.009884 -0.243372 0.268842 1.073020
33.433433 1.024451 -0.179520 0.246830 1.068949
33.533534 1.032987 -0.114654 0.223382 1.063065
33.633634 1.035346 -0.049143 0.198614 1.055369
33.733734 1.031281 0.016629 0.172631 1.045762
33.833834 1.020474 0.082248 0.145536 1.034076
33.933934 1.002706 0.147263 0.117464 1.020247
34.034034 0.977872 0.211197 0.088582 1.004333
34.134134 0.945894 0.273543 0.059069 0.986423
34.234234 0.906658 0.333742 0.029122 0.966572
34.334334 0.860025 0.391167 -0.001043 0.944805
34.434434 0.805806 0.445085 -0.031177 0.921085
34.534535 0.743750 0.494610 -0.060983 0.895278
34.634635 0.673699 0.538751 -0.090108 0.867319
34.734735 0.595668 0.576432 -0.118135 0.837287
34.834835 0.509748 0.606384 -0.144561 0.805259
34.934935 0.416175 0.627114 -0.168772 0.771335
35.035035 0.315439 0.636891 -0.190017 0.735689
35.135135 0.208385 0.633678 -0.207366 0.698551
35.235235 0.096401 0.615055 -0.219648 0.660175
35.335335 -0.018244 0.578458 -0.225484 0.621120
35.435435 -0.132059 0.521514 -0.223356 0.582498
35.535536 -0.240020 0.442405 -0.211694 0.546028
35.635636 -0.335396 0.340675 -0.189153 0.514129
35.735736 -0.409892 0.218191 -0.155010 0.489538
35.835836 -0.454789 0.080285 -0.109803 0.474695
35.935936 -0.463715 -0.063792 -0.055980 0.471418
36.036036 -0.435353 -0.202715 0.002335 0.480241
36.136136 -0.374091 -0.326450 0.060525 0.500177
36.236236 -0.287849 -0.428592 0.114751 0.528881
36.336336 -0.185293 -0.506745 0.162590 0.563525
36.436436 -0.074053 -0.561528 0.202955 0.601655
36.536537 0.040071 -0.595173 0.235697 0.641397
36.636637 0.153021 -0.610536 0.261209 0.681469
36.736737 0.262138 -0.610481 0.280129 0.721024
36.836837 0.365727 -0.597540 0.293138 0.759434
36.936937 0.462692 -0.573796 0.300844 0.796136
37.037037 0.552419 -0.541100 0.303855 0.830833
37.137137 0.634547 -0.501000 0.302700 0.863295
37.237237 0.708910 -0.454802 0.297853 0.893373
37.337337 0.775516 -0.403664 0.289762 0.921049
37.437437 0.834377 -0.348533 0.278792 0.946248
37.537538 0.885508 -0.290213 0.265253 0.968869
37.637638 0.928994 -0.229423 0.249439 0.988881
37.737738 0.964993 -0.166821 0.231628 1.006327
37.837838 0.993622 -0.102982 0.212063 1.021205
37.937938 1.014990 -0.038428 0.190963 1.033513
38.038038 1.029188 0.026360 0.168528 1.043227
38.138138 1.036253 0.090927 0.144939 1.050283
38.238238 1.036259 0.154837 0.120378 1.054656
38.338338 1.029307 0.217668 0.095023 1.056353
38.438438 1.015414 0.278991 0.069043 1.055305
38.538539 0.994586 0.338369 0.042608 1.051432
38.638639 0.966888 0.395367 0.015893 1.044720
38.738739 0.932329 0.449515 -0.010916 1.035095
38.838839 0.890960 0.500335 -0.037629 1.022527
38.938939 0.842990 0.547402 -0.064045 1.007166
39.039039 0.788556 0.590220 -0.089950 0.989076
39.139139 0.727752 0.628213 -0.115107 0.968258
39.239239 0.660690 0.660740 -0.139250 0.944711
39.339339 0.587495 0.687063 -0.162073 0.918408
39.439439 0.508349 0.706344 -0.183222 0.889331
39.539540 0.423557 0.717681 -0.202298 0.857550
39.639640 0.333531 0.720021 -0.218825 0.823138
39.739740 0.238786 0.711992 -0.232186 0.786042
39.839840 0.140129 0.692025 -0.241639 0.746274
39.939940 0.038830 0.658520 -0.246346 0.704161
40.040040 -0.063244 0.609771 -0.245330 0.660308
40.140140 -0.163356 0.543740 -0.237331 0.615357
40.240240 -0.257447 0.458427 -0.220876 0.570281
40.340340 -0.339629 0.352511 -0.194436 0.526704
40.440440 -0.401798 0.226383 -0.156754 0.487096
40.540541 -0.433922 0.083880 -0.107563 0.454856
40.640641 -0.426209 -0.065837 -0.048684 0.434003
40.740741 -0.373521 -0.208267 0.015202 0.427930
40.840841 -0.279388 -0.327515 0.077373 0.437390
40.940941 -0.155701 -0.412440 0.131483 0.460041
41.041041 -0.017552 -0.460067 0.173769 0.492103
41.141141 0.122212 -0.473775 0.203300 0.529839
41.241241 0.255054 -0.459667 0.220937 0.570227
41.341341 0.376117 -0.424026 0.228255 0.611034
41.441441 0.483028 -0.372292 0.226932 0.650704
41.541542 0.574911 -0.308919 0.218526 0.688264
41.641642 0.651721 -0.237424 0.204382 0.723107
41.741742 0.713845 -0.160581 0.185633 0.754864
41.841842 0.761750 -0.080555 0.163193 0.783188
41.941942 0.796058 0.000889 0.137847 0.807906
42.042042 0.817541 0.082294 0.110290 0.829041
42.142142 0.826804 0.162436 0.081098 0.846503
42.242242 0.824399 0.240251 0.050774 0.860193
42.342342 0.810872 0.314786 0.019780 0.870055
42.442442 0.786752 0.385168 -0.011457 0.876050
42.542543 0.752567 0.450577 -0.042530 0.878171
42.642643 0.708851 0.510232 -0.073045 0.876437
42.742743 0.656183 0.563391 -0.102618 0.870928
42.842843 0.595129 0.609288 -0.130856 0.861704
42.942943 0.526285 0.647141 -0.157355 0.848839
43.043043 0.450227 0.676035 -0.181663 0.832303
43.143143 0.367594 0.694952 -0.203278 0.812038
43.243243 0.279179 0.702799 -0.221641 0.788031
43.343343 0.185925 0.698259 -0.236085 0.760177
43.443443 0.089103 0.680012 -0.245879 0.728568
43.543544 -0.009583 0.646830 -0.250257 0.693620
43.643644 -0.107903 0.597264 -0.248276 0.655750
43.743744 -0.202817 0.529710 -0.238789 0.615425
43.843844 -0.290066 0.442716 -0.220501 0.573373
43.943944 -0.363717 0.335477 -0.192071 0.530779
44.044044 -0.415777 0.208840 -0.152438 0.489614
44.144144 -0.436598 0.067030 -0.101551 0.453236
44.244244 -0.416333 -0.080508 -0.041331 0.426055
44.344344 -0.349073 -0.218465 0.023366 0.412462
44.444444 -0.238459 -0.329045 0.085066 0.415174
44.544545 -0.098474 -0.399383 0.136399 0.433369
44.644645 0.052565 -0.426656 0.173100 0.463425
44.744745 0.199462 -0.416537 0.194711 0.501199
44.844845 0.332965 -0.377719 0.202967 0.542893
44.944945 0.448723 -0.318437 0.200278 0.585547
45.045045 0.545469 -0.245508 0.189044 0.627334
45.145145 0.623545 -0.164095 0.171308 0.667145
45.245245 0.683952 -0.078004 0.148707 0.704265
45.345345 0.727809 0.009981 0.122506 0.738115
45.445445 0.756325 0.097749 0.093724 0.768353
45.545546 0.770709 0.183672 0.063199 0.794810
45.645646 0.772195 0.266502 0.031623 0.817502
45.745746 0.761906 0.345236 -0.000423 0.836474
45.845846 0.740832 0.419052 -0.032451 0.851757
45.945946 0.709939 0.487275 -0.064033 0.863452
46.046046 0.669991 0.549236 -0.094781 0.871511
46.146146 0.621684 0.604295 -0.124328 0.875855
46.246246 0.565758 0.651892 -0.152329 0.876498
46.346346 0.502899 0.691431 -0.178437 0.873398
46.446446 0.433782 0.722291 -0.202295 0.866484
46.546547 0.359156 0.743886 -0.223549 0.855765
46.646647 0.279796 0.755554 -0.241809 0.841201
46.746747 0.196524 0.756489 -0.256624 0.822650
46.846847 0.110310 0.745858 -0.267504 0.800019
46.946947 0.022334 0.722859 -0.273937 0.773347
47.047047 -0.065971 0.686585 -0.275325 0.742667
47.147147 -0.152797 0.635926 -0.270928 0.707920
47.247247 -0.235771 0.569728 -0.259890 0.669120
47.347347 -0.311712 0.486931 -0.241251 0.626472
47.447447 -0.376271 0.386728 -0.213947 0.580441
47.547548 -0.423424 0.269048 -0.176905 0.531950
47.647648 -0.444961 0.135591 -0.129353 0.482812
47.747748 -0.430157 -0.008257 -0.071498 0.436136
47.847848 -0.367496 -0.150282 -0.006037 0.397083
47.947948 -0.251053 -0.269187 0.059875 0.372927
48.048048 -0.090635 -0.340032 0.114950 0.370202
48.148148 0.086452 -0.349541 0.149345 0.389816
48.248248 0.251073 -0.304665 0.160675 0.426233
48.348348 0.386832 -0.223340 0.152986 0.472149
48.448448 0.489606 -0.122316 0.132001 0.521632
48.548549 0.561554 -0.013233 0.102567 0.570997
48.648649 0.606819 0.096654 0.068192 0.618241
48.748749 0.629446 0.203030 0.031237 0.662118
48.848849 0.633143 0.303351 -0.006678 0.702094
48.948949 0.621082 0.396141 -0.044433 0.738000
49.049049 0.595859 0.480534 -0.081246 0.769780
49.149149 0.559598 0.556007 -0.116547 0.797419
49.249249 0.514039 0.622208 -0.149898 0.820883
49.349349 0.460636 0.678870 -0.180945 0.840114
49.449449 0.400666 0.725796 -0.209391 0.855078
49.549550 0.335271 0.762821 -0.234972 0.865745
49.649650 0.265480 0.789745 -0.257435 0.872038
49.749750 0.192300 0.806465 -0.276564 0.873986
49.849850 0.116723 0.812958 -0.292179 0.871719
49.949950 0.039706 0.809084 -0.304060 0.865243
50.050050 -0.037784 0.794506 -0.311909 0.854374
50.150150 -0.114693 0.768852 -0.315400 0.838907
50.250250 -0.189845 0.731816 -0.314212 0.818734
50.350350 -0.261904 0.683116 -0.308004 0.793793
50.450450 -0.329318 0.622498 -0.296409 0.764076
50.550551 -0.390215 0.549743 -0.279019 0.729613
50.650651 -0.442238 0.464666 -0.255352 0.690430
50.750751 -0.482328 0.367244 -0.224870 0.646587
50.850851 -0.506533 0.257943 -0.187064 0.598418
50.950951 -0.509612 0.138169 -0.141566 0.546659
51.051051 -0.484615 0.011177 -0.088421 0.492742
51.151151 -0.423014 -0.116052 -0.028830 0.439591
51.251251 -0.316282 -0.229875 0.033443 0.392422
51.351351 -0.162518 -0.307856 0.090106 0.359592
51.451451 0.021758 -0.325932 0.129041 0.351222
51.551552 0.201834 -0.277258 0.141594 0.371023
51.651652 0.347645 -0.179389 0.129292 0.412012
51.751752 0.449238 -0.057454 0.100065 0.463820
51.851852 0.510426 0.070342 0.061571 0.518916
51.951952 0.539029 0.194019 0.019004 0.573199
52.052052 0.542480 0.308855 -0.024531 0.624722
52.152152 0.526764 0.412891 -0.067243 0.672667
52.252252 0.496388 0.505496 -0.108107 0.716670
52.352352 0.454706 0.586605 -0.146515 0.756525
52.452452 0.404293 0.656447 -0.182108 0.792173
52.552553 0.347248 0.715499 -0.214706 0.823783
52.652653 0.285222 0.764236 -0.244204 0.851495
52.752753 0.219517 0.803038 -0.270523 0.875351
52.852853 0.151234 0.832296 -0.293620 0.895433
52.952953 0.081313 0.852342 -0.313463 0.911788
53.053053 0.010577 0.863498 -0.330029 0.924478
53.153153 -0.060228 0.866143 -0.343337 0.933655
53.253253 -0.130417 0.860522 -0.353361 0.939346
53.353353 -0.199347 0.846845 -0.360070 0.941561
53.453453 -0.266390 0.825335 -0.363441 0.940335
53.553554 -0.330887 0.796080 -0.363394 0.935567
53.653654 -0.392136 0.759130 -0.359825 0.927105
53.753754 -0.449408 0.714583 -0.352647 0.914853
53.853854 -0.502000 0.662678 -0.341828 0.898884
53.953954 -0.549169 0.603695 -0.327348 0.879313
54.054054 -0.589990 0.537816 -0.309114 0.856087
54.154154 -0.623315 0.465186 -0.286986 0.829024
54.254254 -0.647880 0.386096 -0.260854 0.798037
54.354354 -0.662281 0.301031 -0.230661 0.763178
54.454454 -0.664716 0.210622 -0.196337 0.724401
54.554555 -0.653005 0.115835 -0.157875 0.681731
54.654655 -0.624518 0.018204 -0.115407 0.635352
54.754755 -0.576070 -0.079838 -0.069317 0.585693
54.854855 -0.503983 -0.174353 -0.020479 0.533683
54.954955 -0.404356 -0.258942 0.029326 0.481055
55.055055 -0.274494 -0.323465 0.076667 0.431108
55.155155 -0.116285 -0.353157 0.115542 0.389348
55.255255 0.057555 -0.331904 0.137551 0.363858
55.355355 0.220682 -0.252909 0.135508 0.361976
55.455455 0.344788 -0.128681 0.109308 0.383908
55.555556 0.417292 0.015812 0.066362 0.422832
55.655656 0.442412 0.159308 0.015572 0.470478
55.755756 0.430673 0.290063 -0.036718 0.520541
55.855856 0.392452 0.403348 -0.086891 0.569437
55.955956 0.335998 0.498126 -0.133117 0.615422
56.056056 0.267311 0.574926 -0.174557 0.657621
56.156156 0.190703 0.634771 -0.210855 0.695530
56.256256 0.109305 0.678702 -0.241869 0.728756
56.356356 0.025529 0.707840 -0.267610 0.757169
56.456456 -0.058723 0.723243 -0.288156 0.780745
56.556557 -0.141907 0.725819 -0.303586 0.799447
56.656657 -0.222742 0.716521 -0.314044 0.813412
56.756757 -0.300142 0.696284 -0.319703 0.822865
56.856857 -0.373088 0.665818 -0.320656 0.827845
56.956957 -0.440611 0.625758 -0.316982 0.828365
57.057057 -0.501781 0.576753 -0.308767 0.824479
57.157157 -0.555657 0.519436 -0.296091 0.816234
57.257257 -0.601257 0.454452 -0.279031 0.803676
57.357357 -0.637491 0.382458 -0.257652 0.786800
57.457457 -0.663089 0.304158 -0.232003 0.765522
57.557558 -0.676622 0.220398 -0.202161 0.739771
57.657658 -0.676442 0.132256 -0.168254 0.709490
57.757758 -0.660661 0.041158 -0.130503 0.674684
57.857858 -0.627122 -0.050929 -0.089290 0.635490
57.957958 -0.573265 -0.141212 -0.045243 0.592132
58.058058 -0.496251 -0.225567 0.000547 0.545111
58.158158 -0.393475 -0.297872 0.046176 0.495664
58.258258 -0.263608 -0.349048 0.088388 0.446247
58.358358 -0.109099 -0.366286 0.121835 0.401138
58.458458 0.058739 -0.334861 0.138893 0.367251
58.558559 0.215410 -0.246197 0.132013 0.352763
58.658659 0.330323 -0.110115 0.099662 0.362176
58.758759 0.386339 0.046419 0.049225 0.392219
58.858859 0.387455 0.197353 -0.008589 0.434906
58.958959 0.347847 0.328332 -0.065804 0.482835
59.059059 0.281390 0.434554 -0.118164 0.531019
59.159159 0.198714 0.516206 -0.163897 0.576904
59.259259 0.107217 0.575309 -0.202495 0.619258
59.359359 0.011889 0.614252 -0.234010 0.657425
59.459459 -0.083818 0.635491 -0.258786 0.691263
59.559560 -0.177462 0.641088 -0.277193 0.720641
59.659660 -0.267239 0.632748 -0.289572 0.745411
59.759760 -0.351738 0.611972 -0.296256 0.765505
59.859860 -0.429775 0.580015 -0.297520 0.780796
59.959960 -0.500306 0.537987 -0.293612 0.791166
60.060060 -0.562452 0.486994 -0.284802 0.796635
60.160160 -0.615464 0.428146 -0.271387 0.797343
60.260260 -0.658587 0.362471 -0.253633 0.793380
60.360360 -0.690996 0.290956 -0.231773 0.784761
60.460460 -0.711705 0.214575 -0.206013 0.771367
60.560561 -0.719659 0.134408 -0.176583 0.753097
60.660661 -0.713768 0.051722 -0.143782 0.729940
60.760761 -0.692699 -0.031985 -0.107954 0.701790
60.860861 -0.654946 -0.114830 -0.069561 0.668564
60.960961 -0.598782 -0.194325 -0.029259 0.630205
61.061061 -0.522197 -0.267023 0.011975 0.586630
61.161161 -0.423389 -0.328110 0.052605 0.538221
61.261261 -0.301241 -0.370662 0.090163 0.486072
61.361361 -0.156446 -0.384369 0.120565 0.432147
61.461461 0.004669 -0.355144 0.137302 0.380789
61.561562 0.163254 -0.268346 0.131472 0.340509
61.661662 0.283560 -0.122215 0.096194 0.323413
61.761762 0.330639 0.055323 0.036134 0.337177
61.861862 0.301857 0.221705 -0.032807 0.375961
61.961962 0.221755 0.352378 -0.096933 0.427483
62.062062 0.115780 0.443806 -0.150468 0.482711
62.162162 0.000304 0.500871 -0.192446 0.536570
62.262262 -0.115461 0.529710 -0.223625 0.586457
62.362362 -0.226412 0.535806 -0.245228 0.631258
62.462462 -0.329701 0.523594 -0.258465 0.670565
62.562563 -0.423719 0.496607 -0.264413 0.704323
62.662663 -0.507549 0.457673 -0.264002 0.732644
62.762763 -0.580618 0.409052 -0.258000 0.755649
62.862863 -0.642586 0.352634 -0.247074 0.773507
62.962963 -0.693165 0.290001 -0.231783 0.786321
63.063063 -0.732066 0.222518 -0.212600 0.794124
63.163163 -0.759055 0.151453 -0.189973 0.796989
63.263263 -0.773903 0.078007 -0.164323 0.794992
63.363363 -0.776337 0.003354 -0.136054 0.788175
63.463463 -0.765905 -0.071303 -0.105551 0.776425
63.563564 -0.742116 -0.144663 -0.073227 0.759622
63.663664 -0.704521 -0.215269 -0.039565 0.737737
63.763764 -0.652632 -0.281437 -0.005128 0.710747
63.863864 -0.585837 -0.341081 0.029390 0.678531
63.963964 -0.503623 -0.391632 0.063090 0.641087
64.064064 -0.405693 -0.429781 0.094751 0.598561
64.164164 -0.292085 -0.451029 0.122639 0.551164
64.264264 -0.163952 -0.449265 0.144204 0.499514
64.364364 -0.024980 -0.416245 0.155638 0.445092
64.464464 0.115519 -0.341900 0.151455 0.391381
64.564565 0.237534 -0.217940 0.124994 0.345751
64.664665 0.307594 -0.049254 0.072325 0.319798
64.764765 0.295859 0.131622 0.000773 0.323817
64.864865 0.208380 0.280240 -0.071531 0.356474
64.964965 0.079265 0.375914 -0.130714 0.405809
65.065065 -0.061513 0.422406 -0.173020 0.460594
65.165165 -0.197497 0.431149 -0.199986 0.514674
65.265265 -0.321147 0.412202 -0.214169 0.564725
65.365365 -0.429356 0.373136 -0.217939 0.609159
65.465465 -0.521100 0.319657 -0.213312 0.647478
65.565566 -0.596238 0.255944 -0.201868 0.679528
65.665666 -0.655108 0.185238 -0.184913 0.705459
65.765766 -0.698053 0.110042 -0.163468 0.725334
65.865866 -0.725408 0.032409 -0.138381 0.739200
65.965966 -0.737445 -0.045875 -0.110383 0.747070
66.066066 -0.734472 -0.123193 -0.080152 0.749032
66.166166 -0.716741 -0.197991 -0.048327 0.745153
66.266266 -0.684377 -0.268696 -0.015535 0.735398
66.366366 -0.637484 -0.333635 0.017563 0.719727
66.466466 -0.576153 -0.390945 0.050235 0.698078
66.566567 -0.500548 -0.438471 0.081625 0.670423
66.666667 -0.410951 -0.473607 0.110682 0.636738
66.766767 -0.307964 -0.493106 0.136054 0.597081
66.866867 -0.192814 -0.492758 0.155909 0.551630
66.966967 -0.068088 -0.467109 0.167703 0.500951
67.067067 0.060811 -0.409262 0.167847 0.446504
67.167167 0.182787 -0.311303 0.151372 0.391451
67.267267 0.276459 -0.168440 0.112727 0.342796
67.367367 0.308817 0.009031 0.050137 0.312991
67.467467 0.254628 0.182730 -0.026027 0.314489
67.567568 0.129232 0.306888 -0.095512 0.346415
67.667668 -0.025363 0.367303 -0.145567 0.395910
67.767768 -0.177871 0.376022 -0.175392 0.451435
67.867868 -0.314453 0.349270 -0.188820 0.506481
67.967968 -0.430806 0.299475 -0.189880 0.557973
68.068068 -0.526501 0.235091 -0.181748 0.604569
68.168168 -0.602481 0.161803 -0.166771 0.645737
68.268268 -0.660171 0.083559 -0.146714 0.681420
68.368368 -0.701101 0.003178 -0.122927 0.711803
68.468468 -0.726496 -0.077262 -0.096420 0.736928
68.568569 -0.737411 -0.156147 -0.067997 0.756822
68.668669 -0.734965 -0.232182 -0.038350 0.771721
68.768769 -0.720128 -0.304271 -0.008069 0.781812
68.868869 -0.693834 -0.371489 0.022329 0.787343
68.968969 -0.656829 -0.432927 0.052365 0.788411
69.069069 -0.609629 -0.487594 0.081569 0.784888
69.169169 -0.552833 -0.534532 0.109468 0.776745
69.269269 -0.487157 -0.572820 0.135584 0.764086
69.369369 -0.413277 -0.601374 0.159383 0.746894
69.469469 -0.331909 -0.618927 0.180253 0.725069
69.569570 -0.243945 -0.624021 0.197481 0.698505
69.669670 -0.150532 -0.614942 0.210207 0.667083
69.769770 -0.053279 -0.589711 0.217393 0.630759
69.869870 0.045505 -0.545835 0.217678 0.589399
69.969970 0.142306 -0.480610 0.209414 0.543223
70.070070 0.231651 -0.391320 0.190608 0.493077
70.170170 0.304733 -0.275602 0.158820 0.440503
70.270270 0.347481 -0.133678 0.111696 0.388702
70.370370 0.339890 0.026038 0.048995 0.344389
70.470470 0.262457 0.178483 -0.023035 0.318230
70.570571 0.117321 0.283593 -0.088626 0.319443
70.670671 -0.059137 0.315790 -0.131632 0.347199
70.770771 -0.225372 0.283478 -0.148071 0.391251
70.870871 -0.360618 0.210024 -0.143318 0.441243
70.970971 -0.460899 0.115353 -0.124341 0.491116
71.071071 -0.528729 0.012190 -0.096468 0.537595
71.171171 -0.568289 -0.091824 -0.063360 0.579136
71.271271 -0.583926 -0.192074 -0.027545 0.615322
71.371371 -0.579269 -0.285693 0.009243 0.645956
71.471471 -0.557309 -0.370794 0.045762 0.670951
71.571572 -0.520678 -0.446133 0.081075 0.690444
71.671672 -0.471558 -0.510744 0.114434 0.704501
71.771772 -0.411765 -0.563751 0.145186 0.713053
71.871872 -0.343038 -0.604474 0.172767 0.716179
71.971972 -0.266992 -0.632208 0.196627 0.713887
72.072072 -0.185176 -0.646149 0.216187 0.706070
72.172172 -0.099216 -0.645401 0.230822 0.692579
72.272272 -0.010913 -0.628936 0.239823 0.673197
72.372372 0.077590 -0.595572 0.242363 0.647663
72.472472 0.163603 -0.543993 0.237471 0.615700
72.572573 0.243615 -0.472983 0.224069 0.577294
72.672673 0.312739 -0.381339 0.200848 0.532508
72.772773 0.363804 -0.268245 0.166247 0.481609
72.872873 0.386105 -0.134713 0.118798 0.425838
72.972973 0.364029 0.013109 0.058154 0.368878
73.073073 0.278187 0.156550 -0.011875 0.319432
73.173173 0.120120 0.256080 -0.077566 0.293296
73.273273 -0.077193 0.269801 -0.117092 0.304075
73.373373 -0.253755 0.201482 -0.121485 0.346043
73.473473 -0.379550 0.089494 -0.100282 0.402646
73.573574 -0.456100 -0.035508 -0.065528 0.462149
73.673674 -0.493566 -0.158099 -0.024917 0.518868
73.773774 -0.501495 -0.271551 0.017309 0.570559
73.873874 -0.487175 -0.373118 0.058830 0.616456
73.973974 -0.455959 -0.461837 0.098346 0.656402
74.074074 -0.411878 -0.537568 0.135103 0.690562
74.174174 -0.357942 -0.600441 0.168630 0.719088
74.274274 -0.296534 -0.650768 0.198632 0.742217
74.374374 -0.229601 -0.688922 0.224914 0.760209
74.474474 -0.158707 -0.715097 0.247281 0.773110
74.574575 -0.085222 -0.729455 0.265555 0.780953
74.674675 -0.010420 -0.732230 0.279607 0.783868
74.774775 0.064504 -0.723573 0.289286 0.781924
74.874875 0.138367 -0.703519 0.294401 0.775085
74.974975 0.209903 -0.671926 0.294677 0.763137
75.075075 0.277687 -0.628524 0.289763 0.745732
75.175175 0.340065 -0.573058 0.279274 0.722519
75.275275 0.395105 -0.505374 0.262816 0.693240
75.375375 0.440459 -0.425459 0.239975 0.657729
75.475475 0.473123 -0.333457 0.210287 0.615840
75.575576 0.489129 -0.229926 0.173275 0.567572
75.675676 0.482896 -0.116241 0.128501 0.513043
75.775776 0.446557 0.004224 0.075895 0.452980
75.875876 0.369552 0.123458 0.016703 0.389987
75.975976 0.240114 0.223360 -0.044162 0.330900
76.076076 0.056877 0.268870 -0.093461 0.290277
76.176176 -0.142950 0.223157 -0.110580 0.287161
76.276276 -0.294891 0.098856 -0.089183 0.323553
76.376376 -0.375113 -0.052988 -0.044752 0.381471
76.476476 -0.398395 -0.198606 0.007172 0.445213
76.576577 -0.383987 -0.326360 0.058772 0.507357
76.676677 -0.345657 -0.434282 0.106903 0.565250
76.776777 -0.292060 -0.523291 0.150416 0.617865
76.876877 -0.228741 -0.595064 0.188992 0.664937
76.976977 -0.159443 -0.651375 0.222663 0.706605
77.077077 -0.086735 -0.693799 0.251589 0.743086
77.177177 -0.012476 -0.723777 0.276001 0.774717
77.277277 0.061960 -0.742405 0.296082 0.801666
77.377377 0.135500 -0.750577 0.311988 0.824052
77.477477 0.207262 -0.749065 0.323865 0.841988
77.577578 0.276458 -0.738408 0.331781 0.855426
77.677678 0.342361 -0.719054 0.335783 0.864292
77.777778 0.404314 -0.691485 0.335942 0.868607
77.877878 0.461629 -0.656065 0.332278 0.868292
77.977978 0.513589 -0.613103 0.324786 0.863223
78.078078 0.559493 -0.562977 0.313490 0.853376
78.178178 0.598572 -0.506047 0.298394 0.838696
78.278278 0.629993 -0.442704 0.279505 0.819147
78.378378 0.652886 -0.373429 0.256854 0.794785
78.478478 0.665976 -0.298621 0.230376 0.765357
78.578579 0.667611 -0.218753 0.199964 0.730440
78.678679 0.655921 -0.134606 0.165595 0.689763
78.778779 0.628537 -0.047348 0.127306 0.643046
78.878879 0.582470 0.041172 0.085288 0.590119
78.978979 0.513831 0.127873 0.040052 0.531016
79.079079 0.417261 0.207199 -0.007199 0.465929
79.179179 0.286569 0.268710 -0.053527 0.396474
79.279279 0.118203 0.292438 -0.091873 0.328531
79.379379 -0.074623 0.244835 -0.107050 0.277439
79.479479 -0.234045 0.103780 -0.080514 0.268384
79.579580 -0.295425 -0.083507 -0.019189 0.307599
79.679680 -0.269566 -0.250765 0.049581 0.371493
79.779780 -0.197005 -0.377708 0.110965 0.440213
79.879880 -0.103936 -0.467332 0.161566 0.505277
79.979980 -0.003634 -0.526392 0.201676 0.563715
80.080080 0.097026 -0.560945 0.232429 0.614896
80.180180 0.194296 -0.575422 0.254878 0.658654
80.280280 0.285951 -0.573162 0.269920 0.695082
80.380380 0.370610 -0.556858 0.278350 0.724515
80.480480 0.447275 -0.528568 0.280786 0.747181
80.580581 0.515143 -0.489914 0.277712 0.763225
80.680681 0.573501 -0.442258 0.269527 0.772749
80.780781 0.621556 -0.386706 0.256518 0.775677
80.880881 0.658384 -0.324221 0.238897 0.771790
80.980981 0.682910 -0.255734 0.216833 0.760777
81.081081 0.693979 -0.182266 0.190519 0.742378
81.181181 0.690298 -0.104991 0.160181 0.716374
81.281281 0.670217 -0.025303 0.126069 0.682440
81.381381 0.631473 0.054979 0.088489 0.640009
81.481481 0.571354 0.133256 0.047968 0.588645
81.581582 0.486551 0.205538 0.005468 0.528212
81.681682 0.372722 0.265093 -0.037181 0.458888
81.781782 0.224930 0.299300 -0.075983 0.382031
81.881882 0.042494 0.283035 -0.101402 0.303639
81.981982 -0.146409 0.175046 -0.092690 0.246309
82.082082 -0.247245 -0.026897 -0.032583 0.250829
82.182182 -0.214670 -0.222124 0.048103 0.312628
82.282282 -0.113726 -0.355360 0.116833 0.390978
82.382382 0.006811 -0.434735 0.168263 0.466211
82.482482 0.127567 -0.475511 0.204896 0.533260
82.582583 0.241234 -0.488558 0.229642 0.591285
82.682683 0.344904 -0.481031 0.244746 0.640508
82.782783 0.437274 -0.457650 0.251794 0.681214
82.882883 0.517690 -0.421730 0.251949 0.713679
82.982983 0.585864 -0.375839 0.246146 0.738295
83.083083 0.641716 -0.322059 0.235172 0.755531
83.183183 0.685181 -0.262089 0.219670 0.765780
83.283283 0.715934 -0.197296 0.200106 0.769110
83.383383 0.733325 -0.128866 0.176826 0.765271
83.483483 0.736684 -0.058016 0.150179 0.754071
83.583584 0.725366 0.013937 0.120561 0.735449
83.683684 0.698459 0.085527 0.088376 0.709204
83.783784 0.654778 0.154984 0.054099 0.675042
83.883884 0.592882 0.220024 0.018358 0.632659
83.983984 0.510880 0.277442 -0.017944 0.581631
84.084084 0.406422 0.322385 -0.053350 0.521495
84.184184 0.276950 0.346892 -0.085244 0.451998
84.284284 0.121317 0.336932 -0.108432 0.374164
84.384384 -0.052556 0.267793 -0.112043 0.295007
84.484484 -0.200063 0.107613 -0.076088 0.239573
84.584585 -0.224577 -0.111526 0.003878 0.250775
84.684685 -0.125516 -0.279144 0.085494 0.317781
84.784785 0.014329 -0.370780 0.144988 0.398377
84.884885 0.154197 -0.409820 0.184272 0.475063
84.984985 0.282149 -0.415069 0.208501 0.543473
85.085085 0.395253 -0.397947 0.221554 0.603053
85.185185 0.493187 -0.365375 0.226036 0.654083
85.285285 0.576447 -0.321861 0.223766 0.697106
85.385385 0.645790 -0.270556 0.216086 0.732760
85.485485 0.701932 -0.213724 0.203990 0.761577
85.585586 0.745386 -0.153046 0.188213 0.783867
85.685686 0.776497 -0.089859 0.169329 0.799809
85.785786 0.795568 -0.025305 0.147829 0.809582
85.885886 0.802788 0.039593 0.124141 0.813294
85.985986 0.798231 0.103875 0.098644 0.810983
86.086086 0.781828 0.166574 0.071700 0.802585
86.186186 0.753508 0.226693 0.043679 0.788081
86.286286 0.713252 0.283173 0.014984 0.767555
86.386386 0.660799 0.334750 -0.013944 0.740883
86.486486 0.595668 0.379828 -0.042575 0.707745
86.586587 0.517324 0.416383 -0.070224 0.667780
86.686687 0.425204 0.441704 -0.095947 0.620570
86.786787 0.318791 0.451930 -0.118350 0.565575
86.886887 0.198103 0.441434 -0.135266 0.502400
86.986987 0.064920 0.401783 -0.143147 0.431434
87.087087 -0.073816 0.319652 -0.135665 0.355009
87.187187 -0.194986 0.177028 -0.101885 0.282381
87.287287 -0.237809 -0.025981 -0.031296 0.241262
87.387387 -0.146684 -0.211873 0.055965 0.263701
87.487487 0.017119 -0.306685 0.120839 0.330077
87.587588 0.181559 -0.328282 0.157685 0.406936
87.687688 0.324826 -0.308193 0.174834 0.480689
87.787788 0.444584 -0.264935 0.178998 0.547619
87.887888 0.543009 -0.208663 0.174457 0.607317
87.987988 0.622861 -0.145133 0.163902 0.660215
88.088088 0.686576 -0.077796 0.149083 0.706869
88.188188 0.736095 -0.008837 0.131176 0.747744
88.288288 0.772948 0.060268 0.111015 0.783202
88.388388 0.798426 0.128474 0.089224 0.813603
88.488488 0.813538 0.194991 0.066283 0.839202
88.588589 0.819092 0.259193 0.042573 0.860177
88.688689 0.815812 0.320572 0.018414 0.876729
88.788789 0.804261 0.378671 -0.005920 0.888967
88.888889 0.784949 0.433083 -0.030185 0.897004
88.988989 0.758279 0.483399 -0.054152 0.900885
89.089089 0.724623 0.529225 -0.077607 0.900656
89.189189 0.684365 0.570188 -0.100339 0.896403
89.289289 0.637741 0.605799 -0.122118 0.888043
89.389389 0.584970 0.635521 -0.142702 0.875465
89.489489 0.526345 0.658826 -0.161836 0.858651
89.589590 0.462147 0.675089 -0.179230 0.837525
89.689690 0.392726 0.683646 -0.194570 0.812073
89.789790 0.318461 0.683668 -0.207470 0.782216
89.889890 0.239769 0.674048 -0.217433 0.747734
89.989990 0.157176 0.653231 -0.223770 0.708158
90.090090 0.071511 0.619264 -0.225586 0.662941
90.190190 -0.015809 0.569907 -0.221775 0.611741
90.290290 -0.102436 0.502214 -0.210796 0.554208
90.390390 -0.184201 0.412259 -0.190418 0.490047
90.490490 -0.253195 0.295222 -0.157414 0.419574
90.590591 -0.293533 0.146919 -0.107420 0.345378
90.690691 -0.273258 -0.027700 -0.036789 0.277111
90.790791 -0.148522 -0.184379 0.045080 0.241012
90.890891 0.057503 -0.237669 0.101324 0.264688
90.990991 0.246068 -0.185597 0.114045 0.328637
91.091091 0.379553 -0.086572 0.099159 0.401731
91.191191 0.465015 0.024979 0.071122 0.471085
91.291291 0.514543 0.135194 0.037362 0.533317
91.391391 0.537282 0.238619 0.001560 0.587889
91.491491 0.539405 0.333004 -0.034346 0.634846
91.591592 0.525339 0.417451 -0.069243 0.674567
91.691692 0.498480 0.491759 -0.102464 0.707678
91.791792 0.461303 0.555878 -0.133561 0.734601
91.891892 0.415721 0.609853 -0.162217 0.755684
91.991992 0.363317 0.653780 -0.188196 0.771262
92.092092 0.305314 0.687571 -0.211252 0.781408
92.192192 0.242799 0.711125 -0.231157 0.786183
92.292292 0.176777 0.724295 -0.247679 0.785619
92.392392 0.108189 0.726775 -0.260539 0.779607
92.492492 0.038013 0.718307 -0.269466 0.768129
92.592593 -0.032710 0.698573 -0.274158 0.751157
92.692693 -0.102817 0.666953 -0.274176 0.728403
92.792793 -0.170905 0.622685 -0.268982 0.699497
92.892893 -0.235211 0.564948 -0.257955 0.664102
92.992993 -0.293355 0.492708 -0.240285 0.621735
93.093093 -0.341960 0.404753 -0.214919 0.571797
93.193193 -0.375950 0.299893 -0.180519 0.513674
93.293293 -0.387026 0.177363 -0.135350 0.446729
93.393393 -0.361138 0.039000 -0.077679 0.371451
93.493493 -0.273978 -0.103260 -0.007875 0.292897
93.593594 -0.095108 -0.202587 0.061350 0.232058
93.693694 0.135971 -0.168309 0.088289 0.233690
93.793794 0.289500 -0.021595 0.058554 0.296151
93.893894 0.347454 0.139732 0.006612 0.374558
93.993994 0.346957 0.280109 -0.047424 0.448430
94.094094 0.312929 0.394472 -0.097285 0.512832
94.194194 0.259161 0.484504 -0.141220 0.567320
94.294294 0.193589 0.552770 -0.178839 0.612385
94.394394 0.121094 0.601457 -0.210135 0.648514
94.494494 0.044985 0.632281 -0.235193 0.676105
94.594595 -0.032294 0.646682 -0.254143 0.695579
94.694695 -0.108787 0.645799 -0.267082 0.707265
94.794795 -0.182806 0.630402 -0.274014 0.711272
94.894895 -0.252758 0.601124 -0.274905 0.707679
94.994995 -0.317002 0.558404 -0.269638 0.696427
95.095095 -0.373711 0.502535 -0.258011 0.677326
95.195195 -0.420725 0.433760 -0.239740 0.650102
95.295295 -0.455303 0.352315 -0.214441 0.614339
95.395395 -0.473657 0.258514 -0.181577 0.569343
95.495495 -0.470430 0.153205 -0.140544 0.514323
95.595596 -0.437529 0.038705 -0.090827 0.448530
95.695696 -0.361883 -0.078572 -0.032623 0.371749
95.795796 -0.222773 -0.179094 0.030159 0.287423
95.895896 -0.004921 -0.203471 0.077345 0.217731
95.995996 0.202171 -0.068743 0.061515 0.222222
96.096096 0.264139 0.131715 -0.004769 0.295197
96.196196 0.228418 0.293314 -0.073077 0.378877
96.296296 0.152596 0.407471 -0.130113 0.454145
96.396396 0.061543 0.483278 -0.175053 0.517676
96.496496 -0.033696 0.528961 -0.209143 0.569803
96.596597 -0.127546 0.550593 -0.233748 0.611603
96.696697 -0.216802 0.552166 -0.249847 0.643673
96.796797 -0.299298 0.536488 -0.258142 0.666361
96.896897 -0.373336 0.505676 -0.259153 0.679888
96.996997 -0.437413 0.461417 -0.253266 0.684383
97.097097 -0.490001 0.405103 -0.240752 0.679832
97.197197 -0.529505 0.338035 -0.221834 0.666223
97.297297 -0.554122 0.261545 -0.196710 0.643546
97.397397 -0.561492 0.177020 -0.165504 0.611556
97.497497 -0.548327 0.086170 -0.128302 0.569692
97.597598 -0.509996 -0.008411 -0.085298 0.517148
97.697698 -0.439841 -0.102057 -0.037130 0.453050
97.797798 -0.328196 -0.185153 0.014187 0.377088
97.897898 -0.162399 -0.234642 0.061988 0.292016
97.997998 0.054506 -0.193182 0.083707 0.217478
98.098098 0.211194 -0.004131 0.038249 0.214669
98.198198 0.196462 0.203772 -0.044211 0.286487
98.298298 0.097202 0.338642 -0.113276 0.370078
98.398398 -0.022716 0.411832 -0.162221 0.443213
98.498498 -0.141132 0.441109 -0.194029 0.502138
98.598599 -0.249572 0.438053 -0.211679 0.546795
98.698699 -0.344030 0.410161 -0.217357 0.577783
98.798799 -0.422057 0.362607 -0.212625 0.595672
98.898899 -0.481608 0.299192 -0.198591 0.600750
98.998999 -0.520638 0.223078 -0.176113 0.593164
99.099099 -0.536622 0.137190 -0.145879 0.572770
99.199199 -0.526002 0.044659 -0.108473 0.538924
99.299299 -0.483876 -0.050286 -0.064671 0.490761
99.399399 -0.403165 -0.140698 -0.015912 0.427306
99.499499 -0.273390 -0.212613 0.034255 0.348023
99.599600 -0.083146 -0.231858 0.074676 0.257386
99.699700 0.134651 -0.117829 0.068659 0.191647
99.799800 0.195189 0.119349 -0.011986 0.229099
99.899900 0.097802 0.288285 -0.093818 0.318552
100.000000 -0.036419 0.371338 -0.149037 0.401784
