0.000000 0.876673 0.107994 0.099090 0.888840
0.100100 0.856705 0.197289 0.143696 0.890795
0.200200 0.825237 0.283911 0.186361 0.892386
0.300300 0.782745 0.366712 0.226521 0.893577
0.400400 0.729846 0.444610 0.263656 0.894353
0.500501 0.667289 0.516592 0.297285 0.894718
0.600601 0.595945 0.581739 0.326984 0.894701
0.700701 0.516794 0.639226 0.352378 0.894347
0.800801 0.430825 0.688230 0.373099 0.893574
0.900901 0.339121 0.728016 0.388823 0.892297
1.001001 0.242908 0.758056 0.399345 0.890578
1.101101 0.143483 0.777976 0.404536 0.888529
1.201201 0.042158 0.787418 0.404281 0.886141
1.301301 -0.059710 0.786081 0.398493 0.883338
1.401401 -0.160709 0.773761 0.387139 0.880005
1.501502 -0.259395 0.750461 0.370294 0.876125
1.601602 -0.354310 0.716355 0.348117 0.871714
1.701702 -0.443945 0.671656 0.320796 0.866671
1.801802 -0.526795 0.616754 0.288603 0.860924
1.901902 -0.601408 0.552261 0.251925 0.854488
2.002002 -0.666345 0.478934 0.211219 0.847353
2.102102 -0.720338 0.397777 0.167063 0.839657
2.202202 -0.762214 0.309973 0.120119 0.831554
2.302302 -0.790986 0.216872 0.071127 0.823256
2.402402 -0.805962 0.120022 0.020911 0.815118
2.502503 -0.806587 0.021070 -0.029659 0.807408
2.602603 -0.792648 -0.078233 -0.079679 0.800475
2.702703 -0.764227 -0.176074 -0.128226 0.794662
2.802803 -0.721591 -0.270603 -0.174370 0.790142
2.902903 -0.665273 -0.359965 -0.217189 0.786978
3.003003 -0.596178 -0.442377 -0.255817 0.785219
3.103103 -0.515510 -0.516159 -0.289458 0.784829
3.203203 -0.424808 -0.579855 -0.317445 0.785790
3.303303 -0.325979 -0.632421 -0.339341 0.788271
3.403403 -0.221070 -0.673142 -0.354881 0.792422
3.503504 -0.112146 -0.701569 -0.363941 0.798266
3.603604 -0.001255 -0.717551 -0.366547 0.805752
3.703704 0.109639 -0.721219 -0.362863 0.814768
3.803804 0.218709 -0.713007 -0.353203 0.825206
3.903904 0.324326 -0.693592 -0.337994 0.836957
4.004004 0.425078 -0.663811 -0.317735 0.849877
4.104104 0.519784 -0.624619 -0.292972 0.863804
4.204204 0.607448 -0.576993 -0.264254 0.878490
4.304304 0.687220 -0.521897 -0.232116 0.893602
4.404404 0.758547 -0.460404 -0.197135 0.908971
4.504505 0.821055 -0.393581 -0.159873 0.924443
4.604605 0.874409 -0.322390 -0.120839 0.939749
4.704705 0.918432 -0.247779 -0.080525 0.954670
4.804805 0.953068 -0.170654 -0.039399 0.969028
4.904905 0.978446 -0.091889 0.002102 0.982753
5.005005 0.994794 -0.012294 0.043573 0.995824
5.105105 1.002396 0.067391 0.084653 1.008219
5.205205 1.001577 0.146490 0.125011 1.019924
5.305305 0.992670 0.224386 0.164350 1.030899
5.405405 0.975986 0.300503 0.202390 1.041063
5.505506 0.951875 0.374312 0.238879 1.050352
5.605606 0.920763 0.445346 0.273600 1.058770
5.705706 0.883077 0.513176 0.306355 1.066315
5.805806 0.839196 0.577380 0.336947 1.072917
5.905906 0.789436 0.637508 0.365164 1.078411
6.006006 0.734164 0.693157 0.390816 1.082683
6.106106 0.673785 0.743949 0.413732 1.085643
6.206206 0.608718 0.789531 0.433752 1.087216
6.306306 0.539469 0.829650 0.450772 1.087448
6.406406 0.466583 0.864134 0.464732 1.086463
6.506507 0.390630 0.892890 0.475613 1.084460
6.606607 0.312148 0.915802 0.483382 1.081567
6.706707 0.231632 0.932665 0.487960 1.077786
6.806807 0.149596 0.943300 0.489280 1.073121
6.906907 0.066578 0.947573 0.487303 1.067610
7.007007 -0.016870 0.945321 0.481970 1.061231
7.107107 -0.100171 0.936375 0.473227 1.053934
7.207207 -0.182722 0.920676 0.461072 1.045762
7.307307 -0.263895 0.898184 0.445516 1.036754
7.407407 -0.343047 0.868910 0.426598 1.026972
7.507508 -0.419532 0.832955 0.404401 1.016544
7.607608 -0.492635 0.790355 0.378980 1.005473
7.707708 -0.561626 0.741212 0.350424 0.993788
7.807808 -0.625806 0.685768 0.318890 0.981632
7.907908 -0.684398 0.624248 0.284532 0.969043
8.008008 -0.736559 0.556905 0.247524 0.955997
8.108108 -0.781487 0.484131 0.208104 0.942557
8.208208 -0.818376 0.406417 0.166563 0.928793
8.308308 -0.846389 0.324332 0.123235 0.914742
8.408408 -0.864830 0.238612 0.078530 0.900574
8.508509 -0.873099 0.150119 0.032919 0.886522
8.608609 -0.870545 0.059803 -0.013082 0.872694
8.708709 -0.856539 -0.031262 -0.058891 0.859130
8.808809 -0.830553 -0.121850 -0.103856 0.845844
8.908909 -0.792334 -0.210607 -0.147272 0.832969
9.009009 -0.741899 -0.296076 -0.188397 0.820712
9.109109 -0.679529 -0.376743 -0.226472 0.809311
9.209209 -0.605759 -0.451040 -0.260722 0.798972
9.309309 -0.521464 -0.517457 -0.290420 0.789956
9.409409 -0.427952 -0.574679 -0.314959 0.782686
9.509510 -0.326711 -0.621456 -0.333777 0.777403
9.609610 -0.219427 -0.656656 -0.346379 0.774160
9.709710 -0.108018 -0.679395 -0.352409 0.772941
9.809810 0.005442 -0.688977 -0.351617 0.773533
9.909910 0.118763 -0.685038 -0.343927 0.775672
10.010010 0.229747 -0.667765 -0.329543 0.779290
10.110110 0.336323 -0.637751 -0.308873 0.784374
10.210210 0.436521 -0.595707 -0.282377 0.790667
10.310310 0.528478 -0.542462 -0.250575 0.797710
10.410410 0.610685 -0.479233 -0.214161 0.805274
10.510511 0.682020 -0.407496 -0.173947 0.813303
10.610611 0.741535 -0.328721 -0.130731 0.821597
10.710711 0.788516 -0.244412 -0.085316 0.829924
10.810811 0.822564 -0.156113 -0.038512 0.838132
10.910911 0.843557 -0.065354 0.008894 0.846132
11.011011 0.851634 0.026387 0.056155 0.853891
11.111111 0.847167 0.117723 0.102581 0.861437
11.211211 0.830658 0.207366 0.147538 0.868770
11.311311 0.802595 0.294100 0.190430 0.875738
11.411411 0.763605 0.376809 0.230719 0.882218
11.511512 0.714521 0.454514 0.267947 0.888211
11.611612 0.656252 0.526351 0.301717 0.893725
11.711712 0.589712 0.591524 0.331669 0.898702
11.811812 0.515847 0.649315 0.357484 0.903052
11.911912 0.435743 0.699220 0.378958 0.906857
12.012012 0.350541 0.740902 0.395977 0.910281
12.112112 0.261341 0.774079 0.408452 0.913417
12.212212 0.169235 0.798573 0.416346 0.916353
12.312312 0.075278 0.814200 0.419619 0.919059
12.412412 -0.019479 0.820939 0.418312 0.921577
12.512513 -0.114007 0.819013 0.412592 0.924127
12.612613 -0.207341 0.808673 0.402634 0.926853
12.712713 -0.298514 0.790031 0.388543 0.929637
12.812813 -0.386571 0.763216 0.370435 0.932286
12.912913 -0.470628 0.728559 0.348521 0.934749
13.013013 -0.549812 0.686409 0.323026 0.936908
13.113113 -0.623254 0.637137 0.294180 0.938579
13.213213 -0.690152 0.581210 0.262263 0.939627
13.313313 -0.749816 0.519224 0.227614 0.940014
13.413413 -0.801654 0.451848 0.190605 0.939759
13.513514 -0.845181 0.379815 0.151633 0.938926
13.613614 -0.879919 0.303862 0.111099 0.937514
13.713714 -0.905371 0.224729 0.069408 0.935423
13.813814 -0.921089 0.143210 0.026984 0.932546
13.913914 -0.926669 0.060142 -0.015721 0.928751
14.014014 -0.921873 -0.023573 -0.058238 0.924012
14.114114 -0.906610 -0.106993 -0.100079 0.918371
14.214214 -0.880847 -0.189145 -0.140747 0.911854
14.314314 -0.844587 -0.269011 -0.179720 0.904430
14.414414 -0.797958 -0.345544 -0.216472 0.896101
14.514515 -0.741343 -0.417721 -0.250499 0.887034
14.614615 -0.675276 -0.484537 -0.281314 0.877446
14.714715 -0.600261 -0.544886 -0.308378 0.867359
14.814815 -0.516936 -0.597644 -0.331148 0.856773
14.914915 -0.426131 -0.641692 -0.349095 0.845709
15.015015 -0.328898 -0.675997 -0.361743 0.834268
15.115115 -0.226530 -0.699650 -0.368693 0.822654
15.215215 -0.120496 -0.711862 -0.369617 0.811100
15.315315 -0.012463 -0.712002 -0.364274 0.799874
15.415415 0.095746 -0.699516 -0.352475 0.789132
15.515516 0.202162 -0.674204 -0.334214 0.779179
15.615616 0.304747 -0.636250 -0.309688 0.770449
15.715716 0.401436 -0.586074 -0.279216 0.763279
15.815816 0.490158 -0.524339 -0.243239 0.757860
15.915916 0.569028 -0.452108 -0.202395 0.754426
16.016016 0.636439 -0.370811 -0.157495 0.753233
16.116116 0.690943 -0.282031 -0.109420 0.754266
16.216216 0.731373 -0.187537 -0.059131 0.757346
16.316316 0.757130 -0.089299 -0.007666 0.762417
16.416416 0.768201 0.010657 0.043940 0.769530
16.516517 0.764978 0.110400 0.094721 0.778686
16.616617 0.748024 0.208142 0.143793 0.789645
16.716717 0.717992 0.302223 0.190339 0.801923
16.816817 0.675853 0.391194 0.233669 0.815114
16.916917 0.622940 0.473916 0.273267 0.829051
17.017017 0.560729 0.549550 0.308779 0.843663
17.117117 0.490656 0.617458 0.339951 0.858816
17.217217 0.414081 0.677159 0.366605 0.874304
17.317317 0.332332 0.728368 0.388663 0.889957
17.417417 0.246667 0.770952 0.406120 0.905619
17.517518 0.158285 0.805001 0.419081 0.921254
17.617618 0.068284 0.830727 0.427710 0.936859
17.717718 -0.022367 0.848286 0.432135 0.952276
17.817818 -0.112785 0.857835 0.432481 0.967285
17.917918 -0.202163 0.859622 0.428915 0.981727
18.018018 -0.289768 0.853965 0.421635 0.995488
18.118118 -0.374975 0.841293 0.410893 1.008570
18.218218 -0.457241 0.822073 0.396954 1.021003
18.318318 -0.536043 0.796671 0.380031 1.032691
18.418418 -0.610913 0.765463 0.360340 1.043548
18.518519 -0.681386 0.728783 0.338074 1.053426
18.618619 -0.747063 0.687001 0.313443 1.062224
18.718719 -0.807675 0.640590 0.286701 1.069996
18.818819 -0.862946 0.589970 0.258078 1.076728
18.918919 -0.912577 0.535520 0.227781 1.082341
19.019019 -0.956340 0.477651 0.196031 1.086814
19.119119 -0.994117 0.416814 0.163066 1.090227
19.219219 -1.025772 0.353434 0.129109 1.092608
19.319319 -1.051071 0.287887 0.094364 1.093862
19.419419 -1.069800 0.220565 0.059041 1.093895
19.519520 -1.081881 0.151892 0.023361 1.092742
19.619620 -1.087296 0.082305 -0.012451 1.090478
19.719720 -1.085971 0.012230 -0.048175 1.087108
19.819820 -1.077881 -0.057899 -0.083588 1.082666
19.919920 -1.063060 -0.127644 -0.118467 1.077229
20.020020 -1.041548 -0.196563 -0.152589 1.070861
20.120120 -1.013444 -0.264216 -0.185733 1.063661
20.220220 -0.978851 -0.330152 -0.217676 1.055714
20.320320 -0.937909 -0.393923 -0.248195 1.047115
20.420420 -0.890800 -0.455076 -0.277068 1.037972
20.520521 -0.837646 -0.513112 -0.304046 1.028289
20.620621 -0.778523 -0.567458 -0.328839 1.017960
20.720721 -0.713559 -0.617511 -0.351148 1.006872
20.820821 -0.642999 -0.662683 -0.370683 0.994989
20.920921 -0.567167 -0.702378 -0.387157 0.982295
21.021021 -0.486439 -0.735959 -0.400263 0.968746
21.121121 -0.401237 -0.762709 -0.409655 0.954219
21.221221 -0.312152 -0.782011 -0.415050 0.938747
21.321321 -0.219932 -0.793370 -0.416230 0.922526
21.421421 -0.125387 -0.796199 -0.412937 0.905633
21.521522 -0.029447 -0.789925 -0.404924 0.888151
21.621622 0.066811 -0.774087 -0.392011 0.870257
21.721722 0.162175 -0.748339 -0.374082 0.852202
21.821822 0.255283 -0.712391 -0.351055 0.834212
21.921922 0.344621 -0.666053 -0.322912 0.816493
22.022022 0.428585 -0.609420 -0.289779 0.799406
22.122122 0.505431 -0.542752 -0.251878 0.783252
22.222222 0.573334 -0.466546 -0.209553 0.768303
22.322322 0.630452 -0.381627 -0.163319 0.754839
22.422422 0.675179 -0.289251 -0.113897 0.743307
22.522523 0.706149 -0.191029 -0.062179 0.734170
22.622623 0.722078 -0.088783 -0.009159 0.727573
22.722723 0.722103 0.015381 0.044043 0.723608
22.822823 0.705844 0.119161 0.096233 0.722271
22.922923 0.673603 0.220219 0.146232 0.723617
23.023023 0.626392 0.316363 0.192971 0.727799
23.123123 0.565678 0.405671 0.235542 0.734875
23.223223 0.493201 0.486523 0.273204 0.744709
23.323323 0.410907 0.557677 0.305421 0.757054
23.423423 0.320846 0.618268 0.331854 0.771573
23.523524 0.225020 0.667721 0.352310 0.787787
23.623624 0.125332 0.705655 0.366689 0.805058
23.723724 0.023577 0.731844 0.374966 0.822649
23.823824 -0.078540 0.746520 0.377344 0.840148
23.923924 -0.179483 0.750178 0.374154 0.857305
24.024024 -0.277925 0.743433 0.365775 0.873915
24.124124 -0.372730 0.727008 0.352635 0.889842
24.224224 -0.462920 0.701615 0.335146 0.904921
24.324324 -0.547626 0.667946 0.313705 0.918943
24.424424 -0.626059 0.626658 0.288687 0.931660
24.524525 -0.697632 0.578526 0.260518 0.943002
24.624625 -0.761867 0.524336 0.229621 0.952941
24.724725 -0.818287 0.464792 0.196382 0.961348
24.824825 -0.866483 0.400602 0.161182 0.968119
24.924925 -0.906100 0.332470 0.124399 0.973154
25.025025 -0.936785 0.261085 0.086402 0.976318
25.125125 -0.958209 0.187143 0.047563 0.977471
25.225225 -0.970190 0.111379 0.008267 0.976598
25.325325 -0.972623 0.034543 -0.031099 0.973733
25.425425 -0.965317 -0.042613 -0.070139 0.968800
25.525526 -0.948217 -0.119313 -0.108456 0.961828
25.625626 -0.921317 -0.194751 -0.145638 0.952871
25.725726 -0.884570 -0.268080 -0.181249 0.941903
25.825826 -0.838001 -0.338400 -0.214830 0.928931
25.925926 -0.781660 -0.404739 -0.245889 0.913929
26.026026 -0.715680 -0.466047 -0.273895 0.896892
26.126126 -0.640310 -0.521195 -0.298284 0.877847
26.226226 -0.555954 -0.568976 -0.318461 0.856876
26.326326 -0.463269 -0.608173 -0.333836 0.834229
26.426426 -0.363158 -0.637543 -0.343820 0.810282
26.526527 -0.256818 -0.655883 -0.347858 0.785585
26.626627 -0.145721 -0.661903 -0.345365 0.760675
26.726727 -0.031672 -0.654195 -0.335713 0.735987
26.826827 0.083028 -0.631450 -0.318348 0.712016
26.926927 0.195545 -0.592687 -0.292911 0.689430
27.027027 0.302514 -0.537390 -0.259308 0.668987
27.127127 0.400136 -0.465659 -0.217780 0.651441
27.227227 0.484513 -0.378624 -0.169099 0.637734
27.327327 0.552060 -0.278511 -0.114582 0.628862
27.427427 0.599767 -0.168449 -0.055978 0.625483
27.527528 0.625665 -0.052289 0.004648 0.627864
27.627628 0.629135 0.065731 0.065100 0.635900
27.727728 0.610875 0.181486 0.123305 0.649083
27.827828 0.572887 0.291403 0.177541 0.666811
27.927928 0.517959 0.392728 0.226540 0.688359
28.028028 0.448972 0.483406 0.269396 0.712623
28.128128 0.368870 0.562146 0.305598 0.738555
28.228228 0.280557 0.628396 0.335008 0.765392
28.328328 0.186571 0.681944 0.357648 0.792318
28.428428 0.089138 0.722898 0.373682 0.818636
28.528529 -0.009798 0.751608 0.383387 0.843799
28.628629 -0.108579 0.768641 0.387137 0.867453
28.728729 -0.205807 0.774740 0.385379 0.889435
28.828829 -0.300289 0.770561 0.378510 0.909510
28.928929 -0.391010 0.756771 0.366921 0.927482
29.029029 -0.477128 0.734106 0.351029 0.943283
29.129129 -0.557913 0.703268 0.331230 0.956852
29.229229 -0.632683 0.664881 0.307878 0.968062
29.329329 -0.700848 0.619580 0.281324 0.976837
29.429429 -0.761940 0.568052 0.251945 0.983215
29.529530 -0.815595 0.511003 0.220119 0.987305
29.629630 -0.861491 0.449117 0.186211 0.989216
29.729730 -0.899306 0.383043 0.150569 0.989012
29.829830 -0.928723 0.313417 0.113534 0.986735
29.929930 -0.949389 0.240863 0.075442 0.982367
30.030030 -0.960863 0.166005 0.036634 0.975785
30.130130 -0.962793 0.089523 -0.002525 0.966949
30.230230 -0.954846 0.012152 -0.041644 0.955831
30.330330 -0.936639 -0.065320 -0.080300 0.942341
30.430430 -0.907888 -0.142027 -0.118037 0.926480
30.530531 -0.868333 -0.217010 -0.154351 0.908251
30.630631 -0.817710 -0.289188 -0.188679 0.887626
30.730731 -0.755787 -0.357326 -0.220377 0.864559
30.830831 -0.682462 -0.420023 -0.248724 0.839069
30.930931 -0.597893 -0.475743 -0.272945 0.811361
31.031031 -0.502417 -0.522705 -0.292146 0.781660
31.131131 -0.396635 -0.558845 -0.305303 0.750224
31.231231 -0.281645 -0.581863 -0.311296 0.717491
31.331331 -0.159199 -0.589246 -0.308931 0.684100
31.431431 -0.031952 -0.578388 -0.297009 0.650974
31.531532 0.096296 -0.546921 -0.274510 0.619477
31.631632 0.220433 -0.493046 -0.240773 0.591318
31.731732 0.334110 -0.416167 -0.195811 0.568478
31.831832 0.430115 -0.317544 -0.140629 0.552820
31.931932 0.501696 -0.200997 -0.077516 0.545992
32.032032 0.544113 -0.072813 -0.009921 0.549053
32.132132 0.555626 0.059541 0.058255 0.561836
32.232232 0.537714 0.188812 0.123381 0.583103
32.332332 0.494234 0.309210 0.182694 0.610946
32.432432 0.430274 0.416908 0.234495 0.643379
32.532533 0.350907 0.509782 0.277953 0.678433
32.632633 0.260791 0.587167 0.312961 0.714648
32.732733 0.163945 0.649537 0.339962 0.751233
32.832833 0.063501 0.697770 0.359563 0.787528
32.932933 -0.038155 0.732908 0.372416 0.822985
33.033033 -0.139192 0.756050 0.379172 0.857180
33.133133 -0.238226 0.768292 0.380461 0.889817
33.233233 -0.334217 0.770739 0.376901 0.920757
33.333333 -0.426401 0.764420 0.369054 0.949924
33.433433 -0.514198 0.750261 0.357422 0.977263
33.533534 -0.597092 0.728976 0.342397 1.002577
33.633634 -0.674667 0.701220 0.324333 1.025708
33.733734 -0.746653 0.667679 0.303595 1.046640
33.833834 -0.812847 0.628979 0.280512 1.065374
33.933934 -0.873102 0.585706 0.255391 1.081935
34.034034 -0.927245 0.538355 0.228494 1.096275
34.134134 -0.975076 0.487362 0.200052 1.108294
34.234234 -1.016474 0.433174 0.170301 1.117972
34.334334 -1.051295 0.376205 0.139460 1.125256
34.434434 -1.079457 0.316872 0.107745 1.130152
34.534535 -1.100917 0.255592 0.075371 1.132708
34.634635 -1.115583 0.192756 0.042543 1.132912
34.734735 -1.123432 0.128761 0.009465 1.130826
34.834835 -1.124460 0.064005 -0.023661 1.126529
34.934935 -1.118648 -0.001120 -0.056631 1.120081
35.035035 -1.106004 -0.066218 -0.089246 1.111573
35.135135 -1.086486 -0.130881 -0.121294 1.101043
35.235235 -1.059992 -0.194681 -0.152552 1.088465
35.335335 -1.026458 -0.257164 -0.182784 1.073853
35.435435 -0.985864 -0.317853 -0.211746 1.057258
35.535536 -0.938161 -0.376223 -0.239168 1.038697
35.635636 -0.883240 -0.431667 -0.264733 1.018103
35.735736 -0.821035 -0.483520 -0.288099 0.995435
35.835836 -0.751579 -0.531065 -0.308902 0.970732
35.935936 -0.675016 -0.573551 -0.326764 0.944130
36.036036 -0.591597 -0.610163 -0.341283 0.915838
36.136136 -0.501599 -0.639933 -0.351978 0.886005
36.236236 -0.405403 -0.661719 -0.358284 0.854746
36.336336 -0.303598 -0.674250 -0.359582 0.822243
36.436436 -0.197085 -0.676183 -0.355232 0.788832
36.536537 -0.087142 -0.666108 -0.344577 0.755001
36.636637 0.024492 -0.642461 -0.326905 0.721265
36.736737 0.135454 -0.603668 -0.301531 0.688247
36.836837 0.242630 -0.548483 -0.267975 0.656897
36.936937 0.342175 -0.476319 -0.226129 0.628568
37.037037 0.429571 -0.387453 -0.176362 0.604776
37.137137 0.499963 -0.283402 -0.119691 0.587031
37.237237 0.548663 -0.167183 -0.057892 0.576483
37.337337 0.571907 -0.043291 0.006550 0.573581
37.437437 0.568117 0.082627 0.070671 0.578427
37.537538 0.538137 0.204743 0.131539 0.590605
37.637638 0.484825 0.318030 0.186727 0.609151
37.737738 0.412292 0.418763 0.234542 0.632738
37.837838 0.325011 0.504590 0.274003 0.659789
37.937938 0.227489 0.574632 0.304890 0.689138
38.038038 0.123794 0.629220 0.327573 0.720102
38.138138 0.017198 0.669220 0.342661 0.752043
38.238238 -0.089762 0.695549 0.350748 0.784136
38.338338 -0.195103 0.709249 0.352467 0.815679
38.438438 -0.297329 0.711604 0.348547 0.846328
38.538539 -0.395366 0.703930 0.339714 0.875921
38.638639 -0.488438 0.687428 0.326622 0.904329
38.738739 -0.576020 0.663210 0.309864 0.931484
38.838839 -0.657813 0.632339 0.289998 0.957428
38.938939 -0.733598 0.595714 0.267494 0.982138
39.039039 -0.803214 0.554095 0.242749 1.005535
39.139139 -0.866538 0.508157 0.216113 1.027530
39.239239 -0.923433 0.458469 0.187884 1.047962
39.339339 -0.973886 0.405599 0.158352 1.066790
39.439439 -1.017970 0.350096 0.127795 1.084049
39.539540 -1.055764 0.292446 0.096457 1.099757
39.639640 -1.087308 0.233084 0.064558 1.113883
39.739740 -1.112627 0.172406 0.032298 1.126368
39.839840 -1.131761 0.110789 -0.000131 1.137171
39.939940 -1.144692 0.048584 -0.032550 1.146184
40.040040 -1.151415 -0.013865 -0.064783 1.153319
40.140140 -1.151988 -0.076222 -0.096660 1.158546
40.240240 -1.146501 -0.138159 -0.128019 1.161870
40.340340 -1.134957 -0.199345 -0.158690 1.163206
40.440440 -1.117365 -0.259449 -0.188506 1.162477
40.540541 -1.093855 -0.318159 -0.217314 1.159728
40.640641 -1.064546 -0.375161 -0.244959 1.154993
40.740741 -1.029593 -0.430153 -0.271294 1.148344
40.840841 -0.989121 -0.482816 -0.296163 1.139817
40.940941 -0.943166 -0.532777 -0.319377 1.129343
41.041041 -0.891742 -0.579621 -0.340726 1.116807
41.141141 -0.834945 -0.622947 -0.360007 1.102180
41.241241 -0.772911 -0.662332 -0.377014 1.085456
41.341341 -0.705758 -0.697297 -0.391507 1.066581
41.441441 -0.633713 -0.727393 -0.403268 1.045618
41.541542 -0.557008 -0.752095 -0.412041 1.022586
41.641642 -0.475902 -0.770803 -0.417531 0.997473
41.741742 -0.390776 -0.782942 -0.419465 0.970389
41.841842 -0.302087 -0.787864 -0.417534 0.941446
41.941942 -0.210372 -0.784777 -0.411362 0.910687
42.042042 -0.116329 -0.772847 -0.400556 0.878220
42.142142 -0.020880 -0.751267 -0.384751 0.844317
42.242242 0.074806 -0.719191 -0.363573 0.809331
42.342342 0.169238 -0.675671 -0.336613 0.773615
42.442442 0.260536 -0.619911 -0.303559 0.737779
42.542543 0.346331 -0.551278 -0.264205 0.702607
42.642643 0.423567 -0.469216 -0.218422 0.668790
42.742743 0.488747 -0.373942 -0.166495 0.637516
42.842843 0.538171 -0.266749 -0.109271 0.610511
42.942943 0.567951 -0.149953 -0.048125 0.589381
43.043043 0.574485 -0.027141 0.014927 0.575319
43.143143 0.555485 0.096791 0.077272 0.569125
43.243243 0.510950 0.216234 0.136045 0.571257
43.343343 0.443085 0.325792 0.188600 0.581407
43.443443 0.355937 0.421221 0.232973 0.598660
43.543544 0.254520 0.499833 0.268041 0.621659
43.643644 0.143921 0.560556 0.293512 0.648911
43.743744 0.028766 0.603779 0.309817 0.679238
43.843844 -0.087215 0.630864 0.317839 0.711770
43.943944 -0.201254 0.643622 0.318640 0.745844
44.044044 -0.311390 0.643830 0.313227 0.780763
44.144144 -0.416208 0.633030 0.302458 0.815743
44.244244 -0.514785 0.612722 0.287146 0.850226
44.344344 -0.606678 0.584456 0.268104 0.884040
44.444444 -0.691607 0.549490 0.245989 0.916935
44.544545 -0.769370 0.508843 0.221332 0.948598
44.644645 -0.839918 0.463438 0.194606 0.978830
44.744745 -0.903294 0.414089 0.166226 1.007492
44.844845 -0.959575 0.361504 0.136548 1.034463
44.944945 -1.008950 0.306330 0.105894 1.059732
45.045045 -1.051615 0.249137 0.074545 1.083291
45.145145 -1.087691 0.190398 0.042737 1.105056
45.245245 -1.117430 0.130566 0.010687 1.125083
45.345345 -1.141052 0.070036 -0.021412 1.143400
45.445445 -1.158693 0.009156 -0.053390 1.159958
45.545546 -1.170646 -0.051754 -0.085098 1.174875
45.645646 -1.177224 -0.112410 -0.116407 1.188294
45.745746 -1.178608 -0.172552 -0.147193 1.200232
45.845846 -1.175037 -0.231952 -0.177353 1.210771
45.945946 -1.166733 -0.290399 -0.206788 1.219983
46.046046 -1.153775 -0.347668 -0.235389 1.227794
46.146146 -1.136292 -0.403556 -0.263057 1.234186
46.246246 -1.114398 -0.457857 -0.289693 1.239128
46.346346 -1.088207 -0.510372 -0.315202 1.242588
46.446446 -1.057898 -0.560936 -0.339509 1.244614
46.546547 -1.023612 -0.609369 -0.362528 1.245206
46.646647 -0.985456 -0.655477 -0.384165 1.244330
46.746747 -0.943545 -0.699063 -0.404325 1.241952
46.846847 -0.897997 -0.739929 -0.422915 1.238042
46.946947 -0.848946 -0.777884 -0.439842 1.232588
47.047047 -0.796560 -0.812755 -0.455027 1.225613
47.147147 -0.740975 -0.844332 -0.468369 1.217091
47.247247 -0.682362 -0.872428 -0.479782 1.207038
47.347347 -0.620934 -0.896890 -0.489197 1.195527
47.447447 -0.556881 -0.917522 -0.496525 1.182582
47.547548 -0.490408 -0.934126 -0.501674 1.168233
47.647648 -0.421751 -0.946520 -0.504563 1.152544
47.747748 -0.351170 -0.954540 -0.505123 1.135613
47.847848 -0.278926 -0.957970 -0.503254 1.117485
47.947948 -0.205278 -0.956484 -0.498805 1.098093
48.048048 -0.130515 -0.949663 -0.491574 1.077283
48.148148 -0.054982 -0.937027 -0.481335 1.054858
48.248248 0.020887 -0.918201 -0.467918 1.030765
48.348348 0.096576 -0.892855 -0.451180 1.005028
48.448448 0.171475 -0.860523 -0.430913 0.977542
48.548549 0.244859 -0.820766 -0.406929 0.948264
48.648649 0.315885 -0.773232 -0.379093 0.917269
48.748749 0.383525 -0.717522 -0.347249 0.884596
48.848849 0.446572 -0.653310 -0.311294 0.850379
48.948949 0.503614 -0.580403 -0.271199 0.814889
49.049049 0.552894 -0.498640 -0.226970 0.778363
49.149149 0.592403 -0.408150 -0.178772 0.741274
49.249249 0.619795 -0.309408 -0.126968 0.704273
49.349349 0.632255 -0.203317 -0.072158 0.668050
49.449449 0.626691 -0.091550 -0.015353 0.633529
49.549550 0.600043 0.023168 0.041903 0.601951
49.649650 0.549844 0.136834 0.097441 0.574932
49.749750 0.474812 0.244160 0.148498 0.554177
49.849850 0.375961 0.339107 0.192037 0.541497
49.949950 0.257110 0.415906 0.225305 0.538373
50.050050 0.124385 0.470232 0.246401 0.545255
50.150150 -0.014831 0.500219 0.254740 0.561543
50.250250 -0.153418 0.506427 0.250966 0.585653
50.350350 -0.285655 0.491326 0.236626 0.615624
50.450450 -0.407644 0.458432 0.213712 0.649620
50.550551 -0.517284 0.411531 0.184264 0.686217
50.650651 -0.613710 0.354062 0.150080 0.724240
50.750751 -0.696779 0.288850 0.112610 0.762637
50.850851 -0.766954 0.218270 0.073045 0.800747
50.950951 -0.824919 0.144206 0.032313 0.838052
51.051051 -0.871441 0.068140 -0.008869 0.874146
51.151151 -0.907362 -0.008753 -0.049941 0.908777
51.251251 -0.933506 -0.085546 -0.090473 0.941773
51.351351 -0.950723 -0.161513 -0.130135 0.973085
51.451451 -0.959853 -0.236096 -0.168686 1.002753
51.551552 -0.961624 -0.308856 -0.205936 1.030787
51.651652 -0.956717 -0.379458 -0.241750 1.057231
51.751752 -0.945719 -0.447628 -0.276016 1.082100
51.851852 -0.929064 -0.513101 -0.308621 1.105296
51.951952 -0.907121 -0.575634 -0.339460 1.126701
52.052052 -0.880273 -0.635034 -0.368452 1.146257
52.152152 -0.848970 -0.691200 -0.395570 1.164037
52.252252 -0.813577 -0.744013 -0.420770 1.180047
52.352352 -0.774434 -0.793372 -0.444019 1.194294
52.452452 -0.731870 -0.839201 -0.465292 1.206810
52.552553 -0.686151 -0.881383 -0.484545 1.217548
52.652653 -0.637554 -0.919838 -0.501751 1.226512
52.752753 -0.586346 -0.954492 -0.516883 1.233703
52.852853 -0.532744 -0.985211 -0.529887 1.239046
52.952953 -0.476924 -1.011782 -0.540661 1.242366
53.053053 -0.419092 -1.034039 -0.549130 1.243551
53.153153 -0.359497 -1.051892 -0.555262 1.242590
53.253253 -0.298393 -1.065269 -0.559032 1.239497
53.353353 -0.236045 -1.074132 -0.560434 1.234328
53.453453 -0.172716 -1.078429 -0.559455 1.227122
53.553554 -0.108658 -1.078046 -0.556050 1.217859
53.653654 -0.044142 -1.072900 -0.550188 1.206553
53.753754 0.020552 -1.062894 -0.541835 1.193211
53.853854 0.085126 -1.047860 -0.530921 1.177767
53.953954 0.149248 -1.027582 -0.517351 1.160108
54.054054 0.212548 -1.001804 -0.501013 1.140089
54.154154 0.274602 -0.970286 -0.481805 1.117586
54.254254 0.334935 -0.932781 -0.459627 1.092483
54.354354 0.393025 -0.889108 -0.434410 1.064750
54.454454 0.448286 -0.839105 -0.406102 1.034396
54.554555 0.500038 -0.782599 -0.374648 1.001430
54.654655 0.547506 -0.719448 -0.340016 0.965909
54.754755 0.589745 -0.649488 -0.302167 0.927868
54.854855 0.625562 -0.572519 -0.261061 0.887276
54.954955 0.653552 -0.488451 -0.216721 0.844206
55.055055 0.672028 -0.397343 -0.169262 0.798844
55.155155 0.678815 -0.299410 -0.118904 0.751382
55.255255 0.671332 -0.195277 -0.066094 0.702274
55.355355 0.646560 -0.086238 -0.011644 0.652390
55.455455 0.601045 0.025411 0.043099 0.603124
55.555556 0.531452 0.135844 0.096014 0.556878
55.655656 0.435006 0.239114 0.143925 0.516837
55.755756 0.310910 0.326777 0.182480 0.486566
55.855856 0.163266 0.389267 0.206997 0.470141
55.955956 0.002101 0.419188 0.214203 0.470750
56.056056 -0.159343 0.414485 0.203710 0.488555
56.156156 -0.309306 0.379164 0.178155 0.520744
56.256256 -0.440576 0.320517 0.141623 0.562934
56.356356 -0.550647 0.246161 0.098130 0.611095
56.456456 -0.640285 0.162493 0.050906 0.662541
56.556557 -0.711573 0.074068 0.002170 0.715421
56.656657 -0.766748 -0.016089 -0.046642 0.768333
56.756757 -0.808055 -0.105994 -0.094630 0.820453
56.856857 -0.837625 -0.194377 -0.141253 0.871407
56.956957 -0.857180 -0.280443 -0.186191 0.920909
57.057057 -0.868080 -0.363675 -0.229247 0.968698
57.157157 -0.871497 -0.443767 -0.270324 1.014648
57.257257 -0.868413 -0.520537 -0.309380 1.058686
57.357357 -0.859562 -0.593836 -0.346373 1.100664
57.457457 -0.845624 -0.663605 -0.381309 1.140548
57.557558 -0.827210 -0.729844 -0.414217 1.178357
57.657658 -0.804847 -0.792579 -0.445138 1.214129
57.757758 -0.779016 -0.851877 -0.474129 1.247942
57.857858 -0.750142 -0.907826 -0.501258 1.279891
57.957958 -0.718582 -0.960498 -0.526578 1.310038
58.058058 -0.684638 -1.009957 -0.550138 1.338430
58.158158 -0.648572 -1.056255 -0.571977 1.365093
58.258258 -0.610585 -1.099392 -0.592105 1.389987
58.358358 -0.570871 -1.139383 -0.610540 1.413099
58.458458 -0.529626 -1.176283 -0.627319 1.434460
58.558559 -0.487028 -1.210135 -0.642474 1.454097
58.658659 -0.443245 -1.241000 -0.656044 1.472053
58.758759 -0.398426 -1.268914 -0.668055 1.488349
58.858859 -0.352709 -1.293910 -0.678531 1.503001
58.958959 -0.306236 -1.316072 -0.687521 1.516084
59.059059 -0.259125 -1.335411 -0.695037 1.527595
59.159159 -0.211483 -1.351931 -0.701087 1.537520
59.259259 -0.163420 -1.365646 -0.705683 1.545861
59.359359 -0.115039 -1.376565 -0.708836 1.552615
59.459459 -0.066445 -1.384742 -0.710577 1.557833
59.559560 -0.017738 -1.390180 -0.710913 1.561510
59.659660 0.030988 -1.392877 -0.709849 1.563634
59.759760 0.079637 -1.392871 -0.707408 1.564243
59.859860 0.128118 -1.390226 -0.703628 1.563405
59.959960 0.176345 -1.385001 -0.698542 1.561181
60.060060 0.224236 -1.377265 -0.692191 1.557649
60.160160 0.271714 -1.367099 -0.684619 1.552897
60.260260 0.318689 -1.354490 -0.675825 1.546915
60.360360 0.365067 -1.339419 -0.665804 1.539679
60.460460 0.410756 -1.321884 -0.654558 1.531191
60.560561 0.455656 -1.301868 -0.642085 1.521433
60.660661 0.499670 -1.279372 -0.628390 1.510409
60.760761 0.542698 -1.254399 -0.613479 1.498130
60.860861 0.584622 -1.226919 -0.597343 1.484564
60.960961 0.625307 -1.196881 -0.579962 1.469656
61.061061 0.664630 -1.164272 -0.561337 1.453397
61.161161 0.702445 -1.129058 -0.541457 1.435750
61.261261 0.738622 -1.091245 -0.520331 1.416729
61.361361 0.773069 -1.050907 -0.498002 1.396441
61.461461 0.805639 -1.008048 -0.474480 1.374899
61.561562 0.836180 -0.962680 -0.449778 1.352128
61.661662 0.864510 -0.914796 -0.423902 1.328127
61.761762 0.890402 -0.864359 -0.396844 1.302849
61.861862 0.913603 -0.811337 -0.368601 1.276246
61.961962 0.933775 -0.755655 -0.339151 1.248188
62.062062 0.950535 -0.697238 -0.308475 1.218530
62.162162 0.963538 -0.636091 -0.276593 1.187233
62.262262 0.972461 -0.572277 -0.243553 1.154340
62.362362 0.976896 -0.505848 -0.209403 1.119847
62.462462 0.976369 -0.436877 -0.174203 1.083746
62.562563 0.970345 -0.365475 -0.138037 1.046039
62.662663 0.958215 -0.291802 -0.101016 1.006741
62.762763 0.939289 -0.216091 -0.063296 0.965901
62.862863 0.912838 -0.138682 -0.025085 0.923654
62.962963 0.878003 -0.060038 0.013336 0.880154
63.063063 0.833778 0.019206 0.051593 0.835593
63.163163 0.779087 0.098158 0.089176 0.790293
63.263263 0.712692 0.175570 0.125386 0.744631
63.363363 0.633354 0.249713 0.159278 0.699188
63.463463 0.539930 0.318189 0.189570 0.654756
63.563564 0.431762 0.377831 0.214611 0.612562
63.663664 0.309089 0.424546 0.232323 0.574238
63.763764 0.173630 0.453334 0.240238 0.541640
63.863864 0.029595 0.459086 0.235958 0.517023
63.963964 -0.115977 0.438059 0.217924 0.502829
64.064064 -0.254133 0.389432 0.186164 0.500897
64.164164 -0.376078 0.315963 0.142529 0.511450
64.264264 -0.475635 0.223537 0.090334 0.533252
64.364364 -0.550522 0.119346 0.033367 0.564297
64.464464 -0.601576 0.009847 -0.025118 0.602181
64.564565 -0.631401 -0.100112 -0.082773 0.644625
64.664665 -0.643205 -0.207292 -0.138106 0.689751
64.764765 -0.640087 -0.309718 -0.190263 0.736095
64.864865 -0.624800 -0.406292 -0.238822 0.782614
64.964965 -0.599620 -0.496451 -0.283608 0.828517
65.065065 -0.566522 -0.580071 -0.324657 0.873402
65.165165 -0.527107 -0.657220 -0.362085 0.916998
65.265265 -0.482611 -0.728027 -0.396020 0.959046
65.365365 -0.434079 -0.792731 -0.426635 0.999432
65.465465 -0.382327 -0.851529 -0.454072 1.038007
65.565566 -0.328049 -0.904670 -0.478493 1.074709
65.665666 -0.271822 -0.952393 -0.500050 1.109500
65.765766 -0.214150 -0.995003 -0.518922 1.142441
65.865866 -0.155459 -1.032804 -0.535288 1.173621
65.965966 -0.096084 -1.065940 -0.549236 1.202963
66.066066 -0.036316 -1.094536 -0.560846 1.230396
66.166166 0.023579 -1.118759 -0.570217 1.255916
66.266266 0.083370 -1.138799 -0.577455 1.279558
66.366366 0.142848 -1.154804 -0.582649 1.301329
66.466466 0.201827 -1.166921 -0.585882 1.321249
66.566567 0.260147 -1.175320 -0.587250 1.339372
66.666667 0.317648 -1.180103 -0.586811 1.355688
66.766767 0.374192 -1.181393 -0.584636 1.370222
66.866867 0.429654 -1.179325 -0.580801 1.383018
66.966967 0.483903 -1.173978 -0.575351 1.394065
67.067067 0.536834 -1.165477 -0.568357 1.403409
67.167167 0.588358 -1.153961 -0.559893 1.411124
67.267267 0.638352 -1.139482 -0.549993 1.417182
67.367367 0.686712 -1.122121 -0.538702 1.421594
67.467467 0.733396 -1.102050 -0.526111 1.424492
67.567568 0.778342 -1.079398 -0.512290 1.425959
67.667668 0.821459 -1.054239 -0.497279 1.426009
67.767768 0.862638 -1.026619 -0.481109 1.424625
67.867868 0.901768 -0.996588 -0.463809 1.421792
67.967968 0.938762 -0.964220 -0.445424 1.417533
68.068068 0.973454 -0.929513 -0.425959 1.411753
68.168168 1.005671 -0.892467 -0.405424 1.404365
68.268268 1.035284 -0.853132 -0.383850 1.395345
68.368368 1.062156 -0.811560 -0.361270 1.384674
68.468468 1.086141 -0.767805 -0.337721 1.372327
68.568569 1.107026 -0.721880 -0.313218 1.358206
68.668669 1.124558 -0.673790 -0.287778 1.342178
68.768769 1.138553 -0.623601 -0.261443 1.324210
68.868869 1.148874 -0.571420 -0.234275 1.304345
68.968969 1.155332 -0.517337 -0.206329 1.282576
69.069069 1.157699 -0.461444 -0.177663 1.258873
69.169169 1.155704 -0.403832 -0.148338 1.233181
69.269269 1.149047 -0.344612 -0.118426 1.205442
69.369369 1.137447 -0.283931 -0.088015 1.175649
69.469469 1.120502 -0.221940 -0.057202 1.143702
69.569570 1.097682 -0.158808 -0.026101 1.109417
69.669670 1.068415 -0.094769 0.005139 1.072622
69.769770 1.032005 -0.030125 0.036331 1.033084
69.869870 0.987763 0.034719 0.067232 0.990657
69.969970 0.934868 0.099222 0.097526 0.945164
70.070070 0.872213 0.162646 0.126780 0.896260
70.170170 0.798580 0.223972 0.154411 0.843645
70.270270 0.712723 0.281802 0.179645 0.787184
70.370370 0.613270 0.334161 0.201403 0.726861
70.470470 0.498740 0.378155 0.218133 0.662816
70.570571 0.367944 0.409563 0.227620 0.595765
70.670671 0.220674 0.422109 0.226648 0.527487
70.770771 0.059418 0.406541 0.210615 0.461698
70.870871 -0.106594 0.350770 0.173811 0.405724
70.970971 -0.255825 0.244902 0.112262 0.371519
71.071071 -0.357272 0.094446 0.030334 0.370787
71.171171 -0.392678 -0.074156 -0.057553 0.403742
71.271271 -0.370206 -0.233111 -0.137612 0.458617
71.371371 -0.309448 -0.369114 -0.204030 0.523098
71.471471 -0.226908 -0.480020 -0.256538 0.589676
71.571572 -0.133209 -0.568047 -0.296801 0.654609
71.671672 -0.034698 -0.636248 -0.326698 0.716064
71.771772 0.064830 -0.687359 -0.347815 0.773072
71.871872 0.163031 -0.723857 -0.361535 0.825382
71.971972 0.258473 -0.747980 -0.369072 0.873211
72.072072 0.350287 -0.761568 -0.371411 0.916861
72.172172 0.437916 -0.766057 -0.369313 0.956559
72.272272 0.520970 -0.762555 -0.363362 0.992437
72.372372 0.599271 -0.752106 -0.354101 1.024781
72.472472 0.672741 -0.735611 -0.341995 1.053881
72.572573 0.741317 -0.713782 -0.327409 1.079922
72.672673 0.804943 -0.687208 -0.310648 1.103038
72.772773 0.863565 -0.656380 -0.291965 1.123309
72.872873 0.917131 -0.621730 -0.271584 1.140804
72.972973 0.965564 -0.583619 -0.249692 1.155540
73.073073 1.008821 -0.542399 -0.226471 1.167564
73.173173 1.046840 -0.498381 -0.202084 1.176901
73.273273 1.079601 -0.451878 -0.176691 1.183618
73.373373 1.107076 -0.403180 -0.150442 1.187773
73.473473 1.129144 -0.352533 -0.123469 1.189323
73.573574 1.145723 -0.300189 -0.095904 1.188273
73.673674 1.156799 -0.246422 -0.067887 1.184701
73.773774 1.162348 -0.191494 -0.039555 1.178680
73.873874 1.162313 -0.135665 -0.011043 1.170256
73.973974 1.156534 -0.079186 0.017514 1.159374
74.074074 1.144786 -0.022317 0.045971 1.145926
74.174174 1.126856 0.034652 0.074169 1.129826
74.274274 1.102487 0.091401 0.101932 1.110956
74.374374 1.071464 0.147578 0.129069 1.089254
74.474474 1.033562 0.202784 0.155366 1.064665
74.574575 0.988587 0.256579 0.180587 1.037183
74.674675 0.936336 0.308458 0.204465 1.006816
74.774775 0.876494 0.357806 0.226671 0.973471
74.874875 0.808653 0.403851 0.246788 0.936974
74.974975 0.732448 0.445679 0.264333 0.897208
75.075075 0.647735 0.482286 0.278784 0.854330
75.175175 0.554485 0.512476 0.289531 0.808649
75.275275 0.452659 0.534652 0.295754 0.760410
75.375375 0.342329 0.546650 0.296353 0.709818
75.475475 0.224019 0.545680 0.289928 0.657274
75.575576 0.099131 0.528248 0.274767 0.603630
75.675676 -0.029384 0.490178 0.248882 0.550528
75.775776 -0.156026 0.426856 0.210195 0.500731
75.875876 -0.271517 0.334444 0.157208 0.458572
75.975976 -0.362544 0.212752 0.090493 0.429989
76.076076 -0.414385 0.068588 0.014264 0.420265
76.176176 -0.417924 -0.083506 -0.063594 0.430904
76.276276 -0.375867 -0.226855 -0.134700 0.459220
76.376376 -0.299537 -0.350052 -0.193797 0.499816
76.476476 -0.201703 -0.448749 -0.239303 0.547107
76.576577 -0.092748 -0.523425 -0.271984 0.597119
76.676677 0.020180 -0.576829 -0.293600 0.647564
76.776777 0.132592 -0.612184 -0.306024 0.697137
76.876877 0.241776 -0.632328 -0.310841 0.744927
76.976977 0.346134 -0.639741 -0.309397 0.790445
77.077077 0.444706 -0.636426 -0.302764 0.833347
77.177177 0.536884 -0.623951 -0.291774 0.873322
77.277277 0.622395 -0.603726 -0.277159 0.910318
77.377377 0.701165 -0.576968 -0.259545 0.944398
77.477477 0.773251 -0.544718 -0.239461 0.975693
77.577578 0.838782 -0.507863 -0.217353 1.004351
77.677678 0.897851 -0.467109 -0.193579 1.030437
77.777778 0.950481 -0.423024 -0.168424 1.053912
77.877878 0.996739 -0.376116 -0.142149 1.074783
77.977978 1.036816 -0.326891 -0.114999 1.093193
78.078078 1.070919 -0.275797 -0.087194 1.109295
78.178178 1.099186 -0.223216 -0.058922 1.123168
78.278278 1.121659 -0.169476 -0.030349 1.134796
78.378378 1.138377 -0.114883 -0.001628 1.144161
78.478478 1.149406 -0.059732 0.027093 1.151276
78.578579 1.154748 -0.004304 0.055670 1.156097
78.678679 1.154409 0.051129 0.083965 1.158588
78.778779 1.148514 0.106299 0.111847 1.158833
78.878879 1.137152 0.160946 0.139189 1.156888
78.978979 1.120345 0.214804 0.165854 1.152745
79.079079 1.098069 0.267594 0.191700 1.146346
79.179179 1.070228 0.319008 0.216564 1.137565
79.279279 1.036779 0.368730 0.240282 1.126325
79.379379 0.997691 0.416424 0.262683 1.112564
79.479479 0.952943 0.461733 0.283582 1.096228
79.579580 0.902560 0.504289 0.302792 1.077314
79.679680 0.846595 0.543701 0.320117 1.055845
79.779780 0.785081 0.579519 0.335328 1.031814
79.879880 0.718056 0.611240 0.348171 1.005208
79.979980 0.645680 0.638371 0.358401 0.976151
80.080080 0.568165 0.660384 0.365759 0.944827
80.180180 0.485698 0.676588 0.369903 0.911319
80.280280 0.398460 0.686082 0.370379 0.875591
80.380380 0.306807 0.687892 0.366711 0.837736
80.480480 0.211277 0.680881 0.358343 0.797901
80.580581 0.112603 0.663512 0.344527 0.756060
80.680681 0.011943 0.633956 0.324387 0.712229
80.780781 -0.088887 0.590410 0.297093 0.666895
80.880881 -0.187205 0.531044 0.261846 0.620981
80.980981 -0.279038 0.453836 0.217810 0.575561
81.081081 -0.358593 0.357132 0.164432 0.532137
81.181181 -0.417990 0.240803 0.102042 0.493066
81.281281 -0.447519 0.107733 0.032597 0.461457
81.381381 -0.437847 -0.034376 -0.039499 0.440967
81.481481 -0.384375 -0.172793 -0.107515 0.434926
81.581582 -0.290884 -0.293224 -0.164339 0.444523
81.681682 -0.168717 -0.385072 -0.205128 0.467786
81.781782 -0.031906 -0.444358 -0.228552 0.500707
81.881882 0.107453 -0.472903 -0.236147 0.539397
81.981982 0.241122 -0.475318 -0.230682 0.580760
82.082082 0.364297 -0.456686 -0.214993 0.622492
82.182182 0.474470 -0.421597 -0.191550 0.662991
82.282282 0.570563 -0.373909 -0.162379 0.701226
82.382382 0.652508 -0.316896 -0.129153 0.736797
82.482482 0.720699 -0.253180 -0.093193 0.769541
82.582583 0.775628 -0.184795 -0.055513 0.799268
82.682683 0.817934 -0.113398 -0.016928 0.825930
82.782783 0.848358 -0.040355 0.021903 0.849600
82.882883 0.867572 0.033213 0.060440 0.870309
82.982983 0.876173 0.106364 0.098233 0.888055
83.083083 0.874776 0.178291 0.134899 0.902895
83.183183 0.863997 0.248291 0.170111 0.914919
83.283283 0.844430 0.315751 0.203585 0.924233
83.383383 0.816468 0.380049 0.235023 0.930748
83.483483 0.780429 0.440567 0.264126 0.934308
83.583584 0.736740 0.496743 0.290628 0.934882
83.683684 0.685810 0.548010 0.314261 0.932422
83.783784 0.628076 0.593812 0.334760 0.926907
83.883884 0.563988 0.633572 0.351856 0.918313
83.983984 0.494062 0.666737 0.365290 0.906682
84.084084 0.418858 0.692732 0.374798 0.892073
84.184184 0.338957 0.710902 0.380074 0.874488
84.284284 0.255075 0.720650 0.380850 0.854076
84.384384 0.167990 0.721230 0.376781 0.830877
84.484484 0.078581 0.711625 0.367395 0.804714
84.584585 -0.012014 0.690856 0.352248 0.775568
84.684685 -0.102344 0.658058 0.330969 0.743677
84.784785 -0.190608 0.612388 0.303221 0.709432
84.884885 -0.274485 0.552913 0.268641 0.673219
84.984985 -0.350941 0.478726 0.226919 0.635477
85.085085 -0.416157 0.389417 0.178037 0.597101
85.185185 -0.465385 0.285373 0.122430 0.559473
85.285285 -0.493022 0.168318 0.061260 0.524552
85.385385 -0.492721 0.042011 -0.003235 0.494520
85.485485 -0.458880 -0.086894 -0.067377 0.471869
85.585586 -0.389264 -0.208792 -0.126147 0.459384
85.685686 -0.286709 -0.312871 -0.174165 0.458720
85.785786 -0.159618 -0.390234 -0.207308 0.469827
85.885886 -0.019710 -0.436783 -0.224071 0.491300
85.985986 0.121793 -0.453455 -0.225495 0.520867
86.086086 0.256529 -0.444148 -0.213990 0.555758
86.186186 0.379298 -0.413802 -0.192339 0.593375
86.286286 0.487378 -0.367270 -0.163157 0.631700
86.386386 0.579606 -0.308709 -0.128625 0.669170
86.486486 0.655872 -0.241589 -0.090522 0.704789
86.586587 0.716805 -0.168787 -0.050285 0.738124
86.686687 0.763157 -0.092540 -0.009020 0.768800
86.786787 0.795664 -0.014609 0.032412 0.796458
86.886887 0.815303 0.063561 0.073321 0.821058
86.986987 0.823014 0.140796 0.113154 0.842603
87.087087 0.819552 0.216109 0.151447 0.860991
87.187187 0.805528 0.288621 0.187779 0.876036
87.287287 0.781577 0.357563 0.221790 0.887640
87.387387 0.748415 0.422273 0.253178 0.895845
87.487487 0.706723 0.482151 0.281671 0.900703
87.587588 0.657188 0.536657 0.307027 0.902310
87.687688 0.600531 0.585323 0.329044 0.900838
87.787788 0.537442 0.627689 0.347521 0.896442
87.887888 0.468484 0.663159 0.362181 0.889063
87.987988 0.394191 0.691028 0.372692 0.878524
88.088088 0.315170 0.710541 0.378698 0.864646
88.188188 0.232139 0.720935 0.379846 0.847300
88.288288 0.145974 0.721476 0.375804 0.826478
88.388388 0.057687 0.711304 0.366184 0.802105
88.488488 -0.031498 0.689464 0.350560 0.774109
88.588589 -0.120046 0.654971 0.328506 0.742505
88.688689 -0.206011 0.606782 0.299586 0.707373
88.788789 -0.286888 0.543882 0.263407 0.668951
88.888889 -0.359417 0.465399 0.219688 0.627726
88.988989 -0.419232 0.370717 0.168332 0.584399
89.089089 -0.460631 0.260028 0.109724 0.540218
89.189189 -0.476429 0.135233 0.045194 0.497308
89.289289 -0.458250 0.001218 -0.022343 0.458796
89.389389 -0.398673 -0.132416 -0.087609 0.429127
89.489489 -0.295524 -0.251090 -0.143052 0.413333
89.589590 -0.156199 -0.338701 -0.180817 0.414501
89.689690 0.002489 -0.384794 -0.196406 0.432027
89.789790 0.161333 -0.388792 -0.190488 0.462032
89.889890 0.305984 -0.357426 -0.167219 0.499342
89.989990 0.428836 -0.300061 -0.131764 0.539721
90.090090 0.527546 -0.225498 -0.088735 0.580541
90.190190 0.602647 -0.140680 -0.041651 0.620250
90.290290 0.656004 -0.050678 0.006991 0.657995
90.390390 0.689948 0.040885 0.055458 0.693380
90.490490 0.706694 0.131466 0.102560 0.726098
90.590591 0.708144 0.219216 0.147450 0.755821
90.690691 0.695858 0.302718 0.189483 0.782151
90.790791 0.671410 0.380933 0.228205 0.804971
90.890891 0.636356 0.453127 0.263321 0.824386
90.990991 0.592040 0.518715 0.294599 0.840456
91.091091 0.539560 0.577130 0.321804 0.853089
91.191191 0.479909 0.627851 0.344720 0.862173
91.291291 0.414156 0.670567 0.363242 0.867831
91.391391 0.343315 0.705006 0.377282 0.870196
91.491491 0.268303 0.730829 0.386711 0.869278
91.591592 0.190037 0.747720 0.391416 0.865105
91.691692 0.109452 0.755386 0.391293 0.857729
91.791792 0.027524 0.753609 0.386280 0.847288
91.891892 -0.054726 0.742247 0.376355 0.834007
91.991992 -0.136218 0.721056 0.361448 0.817998
92.092092 -0.215766 0.689762 0.341478 0.799334
92.192192 -0.292054 0.648175 0.316415 0.778168
92.292292 -0.363545 0.596060 0.286215 0.754567
92.392392 -0.428389 0.533153 0.250836 0.728483
92.492492 -0.484521 0.459491 0.210401 0.700115
92.592593 -0.529616 0.375457 0.165221 0.669894
92.692693 -0.560827 0.281690 0.115766 0.638184
92.792793 -0.574933 0.179444 0.062838 0.605554
92.892893 -0.568285 0.070867 0.007716 0.572738
92.992993 -0.536950 -0.040613 -0.047651 0.540588
93.093093 -0.477491 -0.149747 -0.100411 0.510396
93.193193 -0.388045 -0.249206 -0.146727 0.483954
93.293293 -0.269843 -0.329847 -0.181990 0.463394
93.393393 -0.128903 -0.382315 -0.201724 0.451080
93.493493 0.023674 -0.399901 -0.203060 0.449127
93.593594 0.174108 -0.380844 -0.185788 0.458119
93.693694 0.309468 -0.328533 -0.152288 0.476336
93.793794 0.420715 -0.250310 -0.106761 0.501053
93.893894 0.503746 -0.155061 -0.053952 0.529826
93.993994 0.558184 -0.050841 0.002006 0.560498
94.094094 0.585670 0.055943 0.057922 0.591180
94.194194 0.589018 0.160515 0.111500 0.620596
94.294294 0.571581 0.259486 0.161174 0.648085
94.394394 0.536600 0.350539 0.205926 0.673218
94.494494 0.487069 0.432115 0.245108 0.695728
94.594595 0.425605 0.503117 0.278292 0.715341
94.694695 0.354512 0.562734 0.305178 0.731766
94.794795 0.275929 0.610459 0.325615 0.744864
94.894895 0.191847 0.645991 0.339549 0.754588
94.994995 0.104093 0.669101 0.346955 0.760860
95.095095 0.014412 0.679717 0.347883 0.763705
95.195195 -0.075512 0.677951 0.342474 0.763288
95.295295 -0.164033 0.663855 0.330839 0.759648
95.395395 -0.249456 0.637361 0.313026 0.752624
95.495495 -0.329968 0.598430 0.289108 0.742011
95.595596 -0.403559 0.547047 0.259176 0.727525
95.695696 -0.467999 0.483348 0.223413 0.708916
95.795796 -0.520874 0.407788 0.182172 0.686139
95.895896 -0.559548 0.321198 0.136009 0.659364
95.995996 -0.580972 0.224814 0.085708 0.628821
96.096096 -0.581551 0.120494 0.032398 0.594786
96.196196 -0.557277 0.011192 -0.022211 0.557832
96.296296 -0.504005 -0.098466 -0.075548 0.519061
96.396396 -0.418222 -0.201446 -0.123846 0.480446
96.496496 -0.298396 -0.287499 -0.161792 0.444829
96.596597 -0.147980 -0.343220 -0.182713 0.416032
96.696697 0.020653 -0.355160 -0.180360 0.398867
96.796797 0.185979 -0.316156 -0.152154 0.397107
96.896897 0.324423 -0.231132 -0.101791 0.411137
96.996997 0.420626 -0.115430 -0.037876 0.437819
97.097097 0.471213 0.013330 0.030422 0.472382
97.197197 0.480931 0.141346 0.096292 0.510437
97.297297 0.457486 0.259917 0.155677 0.548713
97.397397 0.408805 0.364391 0.206596 0.585307
97.497497 0.341786 0.452696 0.248339 0.619213
97.597598 0.261967 0.524191 0.280855 0.649833
97.697698 0.173756 0.579010 0.304433 0.676848
97.797798 0.080641 0.617573 0.319462 0.699969
97.897898 -0.014533 0.640466 0.326385 0.718983
97.997998 -0.109372 0.648436 0.325703 0.733835
98.098098 -0.201820 0.642264 0.317918 0.744517
98.198198 -0.289989 0.622547 0.303429 0.750818
98.298298 -0.372113 0.589896 0.282637 0.752548
98.398398 -0.446502 0.545035 0.255997 0.749642
98.498498 -0.511479 0.488730 0.223984 0.742049
98.598599 -0.565220 0.421749 0.187080 0.729620
98.698699 -0.605667 0.344908 0.145807 0.712077
98.798799 -0.630604 0.259303 0.100836 0.689251
98.898899 -0.637713 0.166440 0.053050 0.661207
98.998999 -0.624398 0.068346 0.003616 0.628138
99.099099 -0.587598 -0.032186 -0.045885 0.590265
99.199199 -0.524165 -0.131076 -0.093214 0.548288
99.299299 -0.430980 -0.222216 -0.135093 0.503363
99.399399 -0.306160 -0.296540 -0.166799 0.457703
99.499499 -0.151849 -0.341297 -0.181925 0.415498
99.599600 0.021356 -0.341112 -0.173150 0.383138
99.699700 0.190072 -0.284569 -0.135816 0.368175
99.799800 0.323519 -0.175551 -0.073449 0.375336
99.899900 0.400654 -0.035304 0.002047 0.402212
100.000000 0.420058 0.110899 0.077691 0.441342
