0.000000 -0.245080 1.033187 -0.121121 1.068743
0.100100 -0.331584 1.015193 -0.163922 1.080479
0.200200 -0.415588 0.989617 -0.205486 1.092831
0.300300 -0.496566 0.956897 -0.245554 1.105679
0.400400 -0.574061 0.917514 -0.283900 1.118918
0.500501 -0.647681 0.871985 -0.320330 1.132458
0.600601 -0.717109 0.820848 -0.354686 1.146228
0.700701 -0.782086 0.764653 -0.386841 1.160172
0.800801 -0.842348 0.703884 -0.416664 1.174143
0.900901 -0.897673 0.639020 -0.444045 1.187998
1.001001 -0.947951 0.570592 -0.468929 1.201699
1.101101 -0.993135 0.499126 -0.491293 1.215242
1.201201 -1.033149 0.425089 -0.511099 1.228544
1.301301 -1.067908 0.348918 -0.528306 1.241482
1.401401 -1.097330 0.271031 -0.542873 1.253914
1.501502 -1.121405 0.191847 -0.554794 1.265761
1.601602 -1.140157 0.111780 -0.564082 1.276966
1.701702 -1.153563 0.031214 -0.570725 1.287404
1.801802 -1.161621 -0.049471 -0.574723 1.296965
1.901902 -1.164390 -0.129906 -0.576103 1.305594
2.002002 -1.161917 -0.209729 -0.574889 1.313216
2.102102 -1.154327 -0.288605 -0.571144 1.319837
2.202202 -1.141755 -0.366209 -0.564935 1.325468
2.302302 -1.124362 -0.442242 -0.556339 1.330144
2.402402 -1.102373 -0.516441 -0.545469 1.333969
2.502503 -1.075973 -0.588547 -0.532417 1.337002
2.602603 -1.045386 -0.658336 -0.517293 1.339339
2.702703 -1.010835 -0.725600 -0.500207 1.341077
2.802803 -0.972489 -0.790109 -0.481244 1.342238
2.902903 -0.930491 -0.851621 -0.460474 1.342799
3.003003 -0.885002 -0.909903 -0.437975 1.342749
3.103103 -0.836172 -0.964714 -0.413823 1.342053
3.203203 -0.784174 -1.015835 -0.388104 1.340699
3.303303 -0.729258 -1.063138 -0.360940 1.338789
3.403403 -0.671676 -1.106513 -0.332456 1.336431
3.503504 -0.611661 -1.145834 -0.302769 1.333692
3.603604 -0.549439 -1.180973 -0.271989 1.330623
3.703704 -0.485237 -1.211799 -0.240229 1.327261
3.803804 -0.419293 -1.238209 -0.207606 1.323657
3.903904 -0.351850 -1.260123 -0.174241 1.319874
4.004004 -0.283154 -1.277464 -0.140256 1.315964
4.104104 -0.213453 -1.290160 -0.105773 1.311969
4.204204 -0.142992 -1.298111 -0.070913 1.307886
4.304304 -0.072016 -1.301170 -0.035798 1.303653
4.404404 -0.000790 -1.299297 -0.000558 1.299297
4.504505 0.070414 -1.292464 0.034671 1.294845
4.604605 0.141319 -1.280579 0.069753 1.290240
4.704705 0.211636 -1.263587 0.104545 1.285446
4.804805 0.281068 -1.241463 0.138900 1.280438
4.904905 0.349328 -1.214265 0.172675 1.275259
5.005005 0.416131 -1.182092 0.205730 1.269973
5.105105 0.481196 -1.145056 0.237926 1.264639
5.205205 0.544247 -1.103290 0.269126 1.259318
5.305305 0.605002 -1.056924 0.299191 1.254046
5.405405 0.663164 -1.006080 0.327973 1.248819
5.505506 0.718443 -0.950910 0.355330 1.243644
5.605606 0.770585 -0.891629 0.381135 1.238575
5.705706 0.819338 -0.828465 0.405264 1.233656
5.805806 0.864422 -0.761630 0.427578 1.228873
5.905906 0.905508 -0.691311 0.447914 1.224126
6.006006 0.942303 -0.617749 0.466128 1.219354
6.106106 0.974529 -0.541226 0.482082 1.214510
6.206206 1.001931 -0.462054 0.495649 1.209556
6.306306 1.024350 -0.380614 0.506752 1.204556
6.406406 1.041707 -0.297321 0.515350 1.199641
6.506507 1.054004 -0.212610 0.521445 1.195003
6.606607 1.061218 -0.126902 0.525025 1.190772
6.706707 1.063255 -0.040604 0.526044 1.186963
6.806807 1.060050 0.045867 0.524469 1.183587
6.906907 1.051595 0.132082 0.520297 1.180681
7.007007 1.037863 0.217606 0.513515 1.178223
7.107107 1.018838 0.301990 0.504113 1.176163
7.207207 0.994605 0.384803 0.492134 1.174524
7.307307 0.965274 0.465614 0.477632 1.173321
7.407407 0.931001 0.544011 0.460686 1.172580
7.507508 0.892012 0.619623 0.441406 1.172373
7.607608 0.848479 0.692043 0.419877 1.172662
7.707708 0.800611 0.760896 0.396203 1.173421
7.807808 0.748709 0.825878 0.370532 1.174706
7.907908 0.693034 0.886660 0.342995 1.176480
8.008008 0.633837 0.942894 0.313715 1.178650
8.108108 0.571431 0.994308 0.282846 1.181179
8.208208 0.506144 1.040657 0.250550 1.184029
8.308308 0.438304 1.081701 0.216992 1.187128
8.408408 0.368285 1.117306 0.182354 1.190487
8.508509 0.296477 1.147407 0.146831 1.194153
8.608609 0.223241 1.171881 0.110600 1.198071
8.708709 0.148931 1.190590 0.073838 1.202139
8.808809 0.073910 1.203404 0.036722 1.206230
8.908909 -0.001453 1.210290 -0.000563 1.210291
9.009009 -0.076785 1.211287 -0.037834 1.214308
9.109109 -0.151726 1.206475 -0.074912 1.218283
9.209209 -0.225923 1.195936 -0.111622 1.222197
9.309309 -0.299042 1.179815 -0.147800 1.226064
9.409409 -0.370789 1.158369 -0.183300 1.230001
9.509510 -0.440868 1.131792 -0.217975 1.234030
9.609610 -0.508978 1.100223 -0.251677 1.238099
9.709710 -0.574820 1.063811 -0.284257 1.242141
9.809810 -0.638072 1.022661 -0.315557 1.246013
9.909910 -0.698417 0.976897 -0.345419 1.249571
10.010010 -0.755608 0.926761 -0.373720 1.252795
10.110110 -0.809442 0.872546 -0.400362 1.255717
10.210210 -0.859663 0.814474 -0.425216 1.258251
10.310310 -0.905955 0.752716 -0.448127 1.260220
10.410410 -0.948100 0.687544 -0.468987 1.261570
10.510511 -0.985961 0.619296 -0.487728 1.262350
10.610611 -1.019357 0.548274 -0.504260 1.262525
10.710711 -1.048101 0.474779 -0.518490 1.262047
10.810811 -1.072053 0.399141 -0.530350 1.260905
10.910911 -1.091111 0.321709 -0.539789 1.259123
11.011011 -1.105212 0.242841 -0.546776 1.256754
11.111111 -1.114338 0.162906 -0.551302 1.253883
11.211211 -1.118469 0.082268 -0.553356 1.250577
11.311311 -1.117516 0.001283 -0.552895 1.246810
11.411411 -1.111417 -0.079682 -0.549888 1.242567
11.511512 -1.100192 -0.160252 -0.544344 1.237907
11.611612 -1.083879 -0.240055 -0.536284 1.232892
11.711712 -1.062495 -0.318706 -0.525714 1.227536
11.811812 -1.036053 -0.395812 -0.512642 1.221832
11.911912 -1.004682 -0.471008 -0.497130 1.215883
12.012012 -0.968575 -0.543955 -0.479276 1.209847
12.112112 -0.927904 -0.614309 -0.459163 1.203832
12.212212 -0.882860 -0.681736 -0.436886 1.197946
12.312312 -0.833593 -0.745868 -0.412519 1.192211
12.412412 -0.780316 -0.806378 -0.386168 1.186703
12.512513 -0.723348 -0.863039 -0.357990 1.181620
12.612613 -0.662990 -0.915617 -0.328134 1.177107
12.712713 -0.599457 -0.963760 -0.296707 1.173123
12.812813 -0.532961 -1.007091 -0.263814 1.169562
12.912913 -0.463800 -1.045332 -0.229601 1.166425
13.013013 -0.392279 -1.078186 -0.194220 1.163654
13.113113 -0.318710 -1.105332 -0.157825 1.161139
13.213213 -0.243444 -1.126505 -0.120590 1.158801
13.313313 -0.166877 -1.141536 -0.082710 1.156630
13.413413 -0.089423 -1.150328 -0.044391 1.154653
13.513514 -0.011506 -1.152855 -0.005841 1.152927
13.613614 0.066448 -1.149071 0.032727 1.151456
13.713714 0.144007 -1.138896 0.071101 1.150165
13.813814 0.220725 -1.122278 0.109060 1.148965
13.913914 0.296142 -1.099183 0.146376 1.147749
14.014014 0.369810 -1.069689 0.182827 1.146482
14.114114 0.441295 -1.033959 0.218199 1.145174
14.214214 0.510169 -0.992175 0.252280 1.143822
14.314314 0.575989 -0.944511 0.284851 1.142368
14.414414 0.638334 -0.891198 0.315703 1.140777
14.514515 0.696856 -0.832589 0.344665 1.139126
14.614615 0.751249 -0.769086 0.371584 1.137516
14.714715 0.801139 -0.701014 0.396276 1.135904
14.814815 0.846158 -0.628715 0.418558 1.134221
14.914915 0.885961 -0.552577 0.438261 1.132405
15.015015 0.920264 -0.473039 0.455243 1.130442
15.115115 0.948857 -0.390597 0.469400 1.128376
15.215215 0.971569 -0.305762 0.480648 1.126259
15.315315 0.988277 -0.219068 0.488925 1.124158
15.415415 0.998825 -0.131037 0.494155 1.122057
15.515516 1.003175 -0.042219 0.496319 1.120033
15.615616 1.001396 0.046830 0.495450 1.118239
15.715716 0.993555 0.135569 0.491582 1.116773
15.815816 0.979689 0.223456 0.484733 1.115657
15.915916 0.959923 0.309972 0.474965 1.114955
16.016016 0.934456 0.394618 0.462376 1.114775
16.116116 0.903422 0.476882 0.447032 1.115090
16.216216 0.866943 0.556241 0.428995 1.115809
16.316316 0.825268 0.632235 0.408386 1.116945
16.416416 0.778748 0.704486 0.385379 1.118600
16.516517 0.727758 0.772661 0.360160 1.120871
16.616617 0.672615 0.836387 0.332886 1.123729
16.716717 0.613579 0.895228 0.303686 1.127004
16.816817 0.550972 0.948815 0.272718 1.130573
16.916917 0.485216 0.996932 0.240191 1.134461
17.017017 0.416765 1.039460 0.206330 1.138746
17.117117 0.346053 1.076284 0.171350 1.143460
17.217217 0.273494 1.107286 0.135455 1.148577
17.317317 0.199504 1.132398 0.098851 1.154079
17.417417 0.124495 1.151594 0.061742 1.159948
17.517518 0.048877 1.164960 0.024332 1.166239
17.617618 -0.026957 1.172631 -0.013186 1.173015
17.717718 -0.102638 1.174658 -0.050629 1.180221
17.817818 -0.177804 1.171067 -0.087818 1.187739
17.917918 -0.252107 1.161942 -0.124581 1.195487
18.018018 -0.325217 1.147423 -0.160754 1.203406
18.118118 -0.396841 1.127742 -0.196193 1.211519
18.218218 -0.466720 1.103168 -0.230769 1.219862
18.318318 -0.534582 1.073888 -0.264348 1.228370
18.418418 -0.600176 1.040101 -0.296805 1.236978
18.518519 -0.663240 1.001977 -0.328011 1.245567
18.618619 -0.723545 0.959727 -0.357853 1.254054
18.718719 -0.780944 0.913658 -0.386257 1.262473
18.818819 -0.835278 0.864040 -0.413146 1.270805
18.918919 -0.886375 0.811106 -0.438433 1.278975
19.019019 -0.934104 0.755122 -0.462054 1.286955
19.119119 -0.978408 0.696397 -0.483981 1.294793
19.219219 -1.019220 0.635216 -0.504181 1.302501
19.319319 -1.056409 0.571805 -0.522589 1.309985
19.419419 -1.089857 0.506396 -0.539145 1.317157
19.519520 -1.119536 0.439261 -0.553838 1.324027
19.619620 -1.145461 0.370678 -0.566673 1.330639
19.719720 -1.167607 0.300897 -0.577639 1.336978
19.819820 -1.185980 0.230167 -0.586738 1.343051
19.919920 -1.200624 0.158737 -0.593992 1.348896
20.020020 -1.211581 0.086844 -0.599423 1.354540
20.120120 -1.218926 0.014714 -0.603066 1.360031
20.220220 -1.222727 -0.057435 -0.604956 1.365406
20.320320 -1.223068 -0.129398 -0.605134 1.370703
20.420420 -1.220044 -0.200983 -0.603647 1.375969
20.520521 -1.213690 -0.271994 -0.600512 1.381173
20.620621 -1.203981 -0.342229 -0.595718 1.386208
20.720721 -1.190900 -0.411480 -0.589255 1.390963
20.820821 -1.174475 -0.479552 -0.581138 1.395379
20.920921 -1.154755 -0.546253 -0.571390 1.399406
21.021021 -1.131774 -0.611385 -0.560028 1.402973
21.121121 -1.105531 -0.674729 -0.547052 1.405960
21.221221 -1.076107 -0.736104 -0.532502 1.408337
21.321321 -1.043651 -0.795380 -0.516452 1.410163
21.421421 -1.008257 -0.852387 -0.498949 1.411416
21.521522 -0.970017 -0.906960 -0.480036 1.412071
21.621622 -0.929057 -0.958958 -0.459778 1.412142
21.721722 -0.885521 -1.008267 -0.438244 1.411668
21.821822 -0.839537 -1.054754 -0.415499 1.410662
21.921922 -0.791222 -1.098279 -0.391601 1.409113
22.022022 -0.740733 -1.138749 -0.366627 1.407071
22.122122 -0.688207 -1.176047 -0.340644 1.404548
22.222222 -0.633774 -1.210043 -0.313718 1.401532
22.322322 -0.577569 -1.240608 -0.285914 1.398013
22.422422 -0.519761 -1.267684 -0.257317 1.394054
22.522523 -0.460531 -1.291231 -0.228016 1.389733
22.622623 -0.400016 -1.311111 -0.198078 1.385013
22.722723 -0.338365 -1.327190 -0.167578 1.379857
22.822823 -0.275731 -1.339329 -0.136591 1.374222
22.922923 -0.212293 -1.347451 -0.105206 1.368124
23.023023 -0.148244 -1.351565 -0.073518 1.361657
23.123123 -0.083778 -1.351683 -0.041624 1.354916
23.223223 -0.019085 -1.347776 -0.009616 1.347946
23.323323 0.045644 -1.339810 0.022410 1.340774
23.423423 0.110211 -1.327735 0.054356 1.333409
23.523524 0.174405 -1.311454 0.086119 1.325800
23.623624 0.237994 -1.290798 0.117582 1.317811
23.723724 0.300709 -1.265539 0.148614 1.309237
23.823824 0.362290 -1.235606 0.179085 1.300019
23.923924 0.422476 -1.201000 0.208867 1.290160
24.024024 0.481002 -1.161741 0.237828 1.279675
24.124124 0.537599 -1.117888 0.265835 1.268603
24.224224 0.591980 -1.069481 0.292746 1.256953
24.324324 0.643825 -1.016546 0.318404 1.244692
24.424424 0.692779 -0.959095 0.342631 1.231748
24.524525 0.738528 -0.897248 0.365274 1.218156
24.624625 0.780758 -0.831167 0.386176 1.203973
24.724725 0.819095 -0.760982 0.405152 1.189184
24.824825 0.853159 -0.686865 0.422015 1.173781
24.924925 0.882553 -0.609026 0.436568 1.157758
25.025025 0.906841 -0.527699 0.448595 1.141080
25.125125 0.925563 -0.443169 0.457869 1.123704
25.225225 0.938332 -0.355822 0.464197 1.105692
25.325325 0.944785 -0.266113 0.467401 1.087151
25.425425 0.944481 -0.174538 0.467263 1.068102
25.525526 0.937066 -0.081680 0.463606 1.048663
25.625626 0.922215 0.011789 0.456271 1.028981
25.725726 0.899570 0.105122 0.445079 1.009144
25.825826 0.868831 0.197472 0.429883 0.989273
25.925926 0.829727 0.287879 0.410547 0.969469
26.026026 0.782071 0.375275 0.386981 0.949853
26.126126 0.725792 0.458488 0.359147 0.930577
26.226226 0.660977 0.536259 0.327090 0.911840
26.326326 0.587958 0.607323 0.290972 0.893981
26.426426 0.507295 0.670435 0.251072 0.877421
26.526527 0.419796 0.724453 0.207789 0.862691
26.626627 0.326427 0.768259 0.161600 0.850230
26.726727 0.228288 0.800737 0.113049 0.840283
26.826827 0.126692 0.820946 0.062787 0.833034
26.926927 0.023141 0.828270 0.011556 0.828673
27.027027 -0.080745 0.822421 -0.039843 0.827335
27.127127 -0.183311 0.803413 -0.090590 0.829025
27.227227 -0.282968 0.771755 -0.139900 0.833816
27.327327 -0.378303 0.728362 -0.187073 0.841796
27.427427 -0.468084 0.674320 -0.231499 0.852879
27.527528 -0.551302 0.610853 -0.272680 0.866850
27.627628 -0.627193 0.539294 -0.310236 0.883434
27.727728 -0.695210 0.460987 -0.343898 0.902271
27.827828 -0.755108 0.377312 -0.373544 0.923086
27.927928 -0.806852 0.289580 -0.399155 0.945617
28.028028 -0.850385 0.198925 -0.420705 0.969391
28.128128 -0.885775 0.106383 -0.438226 0.993960
28.228228 -0.913282 0.012913 -0.451848 1.019028
28.328328 -0.933130 -0.080643 -0.461680 1.044214
28.428428 -0.945583 -0.173540 -0.467853 1.069172
28.528529 -0.950953 -0.265115 -0.470522 1.093613
28.628629 -0.949632 -0.354805 -0.469880 1.117352
28.728729 -0.942083 -0.442146 -0.466156 1.140314
28.828829 -0.928685 -0.526717 -0.459538 1.162352
28.928929 -0.909807 -0.608157 -0.450208 1.183339
29.029029 -0.885858 -0.686181 -0.438370 1.203228
29.129129 -0.857220 -0.760548 -0.424211 1.221972
29.229229 -0.824219 -0.831013 -0.407892 1.239474
29.329329 -0.787182 -0.897379 -0.389576 1.255673
29.429429 -0.746469 -0.959525 -0.369442 1.270587
29.529530 -0.702449 -1.017386 -0.347670 1.284283
29.629630 -0.655467 -1.070922 -0.324432 1.296829
29.729730 -0.605830 -1.120081 -0.299881 1.308259
29.829830 -0.553823 -1.164813 -0.274156 1.318586
29.929930 -0.499697 -1.205041 -0.247382 1.327787
30.030030 -0.443672 -1.240631 -0.219668 1.335764
30.130130 -0.385981 -1.271503 -0.191129 1.342473
30.230230 -0.326860 -1.297587 -0.161882 1.347878
30.330330 -0.266526 -1.318774 -0.132034 1.351900
30.430430 -0.205212 -1.335008 -0.101701 1.354512
30.530531 -0.143150 -1.346232 -0.070997 1.355682
30.630631 -0.080568 -1.352360 -0.040035 1.355349
30.730731 -0.017697 -1.353285 -0.008930 1.353430
30.830831 0.045221 -1.348921 0.022200 1.349861
30.930931 0.107941 -1.339255 0.053232 1.344652
31.031031 0.170209 -1.324250 0.084041 1.337786
31.131131 0.231759 -1.303837 0.114496 1.329215
31.231231 0.292317 -1.277973 0.144460 1.318914
31.331331 0.351598 -1.246625 0.173794 1.306867
31.431431 0.409306 -1.209783 0.202350 1.293078
31.531532 0.465147 -1.167495 0.229983 1.277614
31.631632 0.518818 -1.119824 0.256543 1.260552
31.731732 0.570004 -1.066844 0.281874 1.241979
31.831832 0.618345 -1.008597 0.305799 1.221938
31.931932 0.663486 -0.945175 0.328140 1.200519
32.032032 0.705076 -0.876741 0.348726 1.177887
32.132132 0.742711 -0.803432 0.367355 1.154155
32.232232 0.775927 -0.725387 0.383799 1.129403
32.332332 0.804197 -0.642761 0.397797 1.103683
32.432432 0.826961 -0.555775 0.409070 1.077074
32.532533 0.843546 -0.464680 0.417288 1.049584
32.632633 0.853305 -0.369865 0.422128 1.021333
32.732733 0.855720 -0.271905 0.423336 0.992674
32.832833 0.850201 -0.171467 0.420618 0.963931
32.932933 0.836108 -0.069342 0.413658 0.935414
33.033033 0.812792 0.033499 0.402136 0.907451
33.133133 0.779666 0.135888 0.385760 0.880429
33.233233 0.736304 0.236442 0.364319 0.854855
33.333333 0.682455 0.333575 0.337690 0.831295
33.433433 0.618085 0.425503 0.305854 0.810326
33.533534 0.543311 0.510196 0.268871 0.792325
33.633634 0.458654 0.585534 0.226996 0.777650
33.733734 0.365184 0.649544 0.180759 0.766773
33.833834 0.264415 0.700481 0.130910 0.760084
33.933934 0.158244 0.737009 0.078386 0.757871
34.034034 0.048814 0.758184 0.024248 0.760141
34.134134 -0.061609 0.763559 -0.030383 0.766643
34.234234 -0.170760 0.753400 -0.084387 0.777104
34.334334 -0.276542 0.728450 -0.136726 0.791081
34.434434 -0.377176 0.689957 -0.186520 0.808141
34.534535 -0.471263 0.639508 -0.233077 0.827879
34.634635 -0.557746 0.578751 -0.275872 0.849788
34.734735 -0.635980 0.509443 -0.314588 0.873480
34.834835 -0.705650 0.433285 -0.349067 0.898625
34.934935 -0.766680 0.351831 -0.379272 0.924895
35.035035 -0.819217 0.266493 -0.405276 0.952042
35.135135 -0.863502 0.178485 -0.427198 0.979791
35.235235 -0.899805 0.088843 -0.445170 1.007829
35.335335 -0.928498 -0.001534 -0.459378 1.035924
35.435435 -0.950029 -0.091883 -0.470042 1.063926
35.535536 -0.964824 -0.181561 -0.477373 1.091666
35.635636 -0.973240 -0.270017 -0.481549 1.118925
35.735736 -0.975648 -0.356787 -0.482751 1.145528
35.835836 -0.972463 -0.441490 -0.481186 1.171383
35.935936 -0.964132 -0.523837 -0.477075 1.196477
36.036036 -0.951106 -0.603610 -0.470641 1.220840
36.136136 -0.933752 -0.680612 -0.462065 1.244439
36.236236 -0.912376 -0.754657 -0.451498 1.267197
36.336336 -0.887272 -0.825592 -0.439087 1.289051
36.436436 -0.858747 -0.893316 -0.424983 1.309988
36.536537 -0.827101 -0.957765 -0.409334 1.330024
36.636637 -0.792582 -1.018857 -0.392264 1.349121
36.736737 -0.755409 -1.076503 -0.373880 1.367219
36.836837 -0.715817 -1.130669 -0.354298 1.384317
36.936937 -0.674065 -1.181387 -0.333648 1.400485
37.037037 -0.630387 -1.228692 -0.312045 1.415784
37.137137 -0.584992 -1.272606 -0.289590 1.430246
37.237237 -0.538046 -1.313101 -0.266369 1.443843
37.337337 -0.489681 -1.350078 -0.242445 1.456461
37.437437 -0.440049 -1.383506 -0.217894 1.468063
37.537538 -0.389308 -1.413386 -0.192793 1.478645
37.637638 -0.337609 -1.439717 -0.167219 1.488195
37.737738 -0.285093 -1.462479 -0.141239 1.496687
37.837838 -0.231887 -1.481601 -0.114918 1.504034
37.937938 -0.178134 -1.497108 -0.088325 1.510254
38.038038 -0.123985 -1.509135 -0.061536 1.515469
38.138138 -0.069576 -1.517777 -0.034619 1.519765
38.238238 -0.015031 -1.523002 -0.007632 1.523095
38.338338 0.039531 -1.524757 0.019362 1.525393
38.438438 0.093985 -1.523085 0.046303 1.526684
38.538539 0.148214 -1.518065 0.073134 1.527035
38.638639 0.202104 -1.509761 0.099797 1.526494
38.738739 0.255545 -1.498244 0.126239 1.525115
38.838839 0.308438 -1.483623 0.152410 1.522990
38.938939 0.360679 -1.465959 0.178258 1.520165
39.039039 0.412158 -1.445277 0.203730 1.516643
39.139139 0.462757 -1.421584 0.228768 1.512409
39.239239 0.512343 -1.394841 0.253304 1.507395
39.339339 0.560797 -1.365069 0.277280 1.501596
39.439439 0.608010 -1.332329 0.300643 1.495046
39.539540 0.653871 -1.296674 0.323338 1.487770
39.639640 0.698252 -1.258128 0.345301 1.479755
39.739740 0.741009 -1.216698 0.366460 1.470966
39.839840 0.781998 -1.172405 0.386745 1.461378
39.939940 0.821044 -1.125237 0.406070 1.450919
40.040040 0.857968 -1.075196 0.424344 1.439522
40.140140 0.892607 -1.022325 0.441489 1.427168
40.240240 0.924806 -0.966692 0.457427 1.413859
40.340340 0.954360 -0.908327 0.472056 1.399535
40.440440 0.981055 -0.847272 0.485271 1.384134
40.540541 1.004738 -0.783644 0.496997 1.367700
40.640641 1.025240 -0.717564 0.507149 1.350265
40.740741 1.042411 -0.649181 0.515653 1.331899
40.840841 1.056074 -0.578641 0.522422 1.312647
40.940941 1.065971 -0.506066 0.527328 1.292467
41.041041 1.071803 -0.431590 0.530223 1.271286
41.141141 1.073317 -0.355403 0.530982 1.249104
41.241241 1.070262 -0.277731 0.529480 1.225946
41.341341 1.062341 -0.198825 0.525571 1.201800
41.441441 1.049330 -0.118993 0.519144 1.176759
41.541542 1.030961 -0.038585 0.510066 1.150885
41.641642 1.006928 0.042006 0.498187 1.124215
41.741742 0.977012 0.122321 0.483396 1.096899
41.841842 0.940980 0.201838 0.465579 1.069087
41.941942 0.898541 0.279944 0.444592 1.040869
42.042042 0.849452 0.355942 0.420315 1.012388
42.142142 0.793587 0.429062 0.392685 0.983908
42.242242 0.730879 0.498439 0.361669 0.955736
42.342342 0.661285 0.563070 0.327245 0.928135
42.442442 0.584944 0.621907 0.289483 0.901514
42.542543 0.502151 0.673818 0.248528 0.876329
42.642643 0.413249 0.717451 0.204549 0.852849
42.742743 0.318920 0.751584 0.157884 0.831575
42.842843 0.220190 0.775240 0.109040 0.813247
42.942943 0.118250 0.787432 0.058606 0.798416
43.043043 0.014490 0.787180 0.007270 0.787346
43.143143 -0.089472 0.773777 -0.044167 0.780184
43.243243 -0.191861 0.747064 -0.094827 0.777114
43.343343 -0.290853 0.707268 -0.143810 0.778142
43.443443 -0.384720 0.655074 -0.190257 0.783154
43.543544 -0.471895 0.591539 -0.233396 0.791882
43.643644 -0.551094 0.518031 -0.272589 0.803968
43.743744 -0.621465 0.436241 -0.307416 0.819164
43.843844 -0.682608 0.347982 -0.337678 0.837300
43.943944 -0.734476 0.255005 -0.363351 0.858199
44.044044 -0.777169 0.158855 -0.384487 0.881508
44.144144 -0.810816 0.060874 -0.401146 0.906667
44.244244 -0.835752 -0.037750 -0.413496 0.933212
44.344344 -0.852620 -0.135998 -0.421854 0.960947
44.444444 -0.861997 -0.233034 -0.426506 0.989571
44.544545 -0.864376 -0.328160 -0.427695 1.018704
44.644645 -0.860305 -0.420819 -0.425693 1.048059
44.744745 -0.850333 -0.510572 -0.420771 1.077404
44.844845 -0.834977 -0.597070 -0.413184 1.106526
44.944945 -0.814780 -0.680086 -0.403203 1.135322
45.045045 -0.790245 -0.759456 -0.391074 1.163701
45.145145 -0.761780 -0.835022 -0.377001 1.191511
45.245245 -0.729836 -0.906749 -0.361206 1.218739
45.345345 -0.694812 -0.974617 -0.343886 1.245351
45.445445 -0.657027 -1.038580 -0.325200 1.271255
45.545546 -0.616851 -1.098732 -0.305331 1.296512
45.645646 -0.574630 -1.155203 -0.284449 1.321213
45.745746 -0.530625 -1.208045 -0.262684 1.345340
45.845846 -0.485095 -1.257374 -0.240164 1.368936
45.945946 -0.438274 -1.303301 -0.217005 1.392038
46.046046 -0.390332 -1.345835 -0.193291 1.414565
46.146146 -0.341440 -1.385030 -0.169107 1.436484
46.246246 -0.291755 -1.420933 -0.144530 1.457759
46.346346 -0.241423 -1.453593 -0.119632 1.478354
46.446446 -0.190589 -1.483122 -0.094485 1.498300
46.546547 -0.139380 -1.509595 -0.069153 1.517593
46.646647 -0.087912 -1.533063 -0.043692 1.536203
46.746747 -0.036292 -1.553576 -0.018156 1.554106
46.846847 0.015378 -1.571187 0.007406 1.571280
46.946947 0.067003 -1.585963 0.032946 1.587720
47.047047 0.118495 -1.597995 0.058420 1.603447
47.147147 0.169770 -1.607338 0.083787 1.618449
47.247247 0.220752 -1.614074 0.109010 1.632743
47.347347 0.271377 -1.618323 0.134057 1.646385
47.447447 0.321582 -1.620166 0.158895 1.659397
47.547548 0.371308 -1.619686 0.183498 1.671803
47.647648 0.420508 -1.616986 0.207840 1.683647
47.747748 0.469143 -1.612180 0.231903 1.694992
47.847848 0.517171 -1.605347 0.255665 1.705863
47.947948 0.564532 -1.596504 0.279099 1.716222
48.048048 0.611154 -1.585621 0.302167 1.725980
48.148148 0.656953 -1.572650 0.324827 1.735030
48.248248 0.701872 -1.557617 0.347053 1.743342
48.348348 0.745868 -1.540577 0.368823 1.750921
48.448448 0.788872 -1.521527 0.390101 1.757710
48.548549 0.830824 -1.500485 0.410860 1.763669
48.648649 0.871685 -1.477507 0.431079 1.768810
48.748749 0.911401 -1.452623 0.450732 1.773112
48.848849 0.949933 -1.425883 0.469799 1.776577
48.948949 0.987254 -1.397355 0.488267 1.779235
49.049049 1.023314 -1.367074 0.506112 1.781071
49.149149 1.058088 -1.335101 0.523321 1.782108
49.249249 1.091552 -1.301503 0.539882 1.782377
49.349349 1.123652 -1.266306 0.555768 1.781854
49.449449 1.154333 -1.229535 0.570952 1.780513
49.549550 1.183543 -1.191224 0.585409 1.778340
49.649650 1.211249 -1.151423 0.599121 1.775344
49.749750 1.237404 -1.110173 0.612067 1.771519
49.849850 1.261993 -1.067540 0.624238 1.766901
49.949950 1.285021 -1.023610 0.635637 1.761559
50.050050 1.306469 -0.978443 0.646254 1.755522
50.150150 1.326308 -0.932094 0.656076 1.748808
50.250250 1.344473 -0.884591 0.665069 1.741386
50.350350 1.360889 -0.835959 0.673197 1.733217
50.450450 1.375495 -0.786236 0.680430 1.724279
50.550551 1.388261 -0.735482 0.686752 1.714593
50.650651 1.399146 -0.683753 0.692144 1.704169
50.750751 1.408065 -0.631084 0.696564 1.692961
50.850851 1.414969 -0.577533 0.699987 1.680971
50.950951 1.419790 -0.523152 0.702379 1.668181
51.051051 1.422447 -0.467994 0.703700 1.654560
51.151151 1.422871 -0.412122 0.703918 1.640094
51.251251 1.420994 -0.355603 0.702996 1.624771
51.351351 1.416771 -0.298518 0.700914 1.608613
51.451451 1.410183 -0.240954 0.697662 1.591668
51.551552 1.401186 -0.182998 0.693218 1.573964
51.651652 1.389745 -0.124744 0.687565 1.555538
51.751752 1.375802 -0.066286 0.680674 1.536406
51.851852 1.359231 -0.007722 0.672483 1.516510
51.951952 1.339881 0.050836 0.662917 1.495769
52.052052 1.317628 0.109262 0.651915 1.474136
52.152152 1.292423 0.167422 0.639452 1.451650
52.252252 1.264172 0.225166 0.625482 1.428306
52.352352 1.232778 0.282327 0.609957 1.404100
52.452452 1.198159 0.338726 0.592837 1.379048
52.552553 1.160177 0.394150 0.574052 1.353108
52.652653 1.118730 0.448372 0.553553 1.326278
52.752753 1.073713 0.501137 0.531288 1.298563
52.852853 1.024966 0.552134 0.507177 1.269896
52.952953 0.972255 0.600963 0.481104 1.240120
53.053053 0.915400 0.647201 0.452981 1.209139
53.153153 0.854314 0.690413 0.422764 1.176967
53.253253 0.788941 0.730125 0.390425 1.143653
53.353353 0.719286 0.765837 0.355968 1.109321
53.453453 0.645373 0.796970 0.319403 1.074098
53.553554 0.567227 0.822822 0.280743 1.038074
53.653654 0.484959 0.842638 0.240044 1.001421
53.753754 0.398767 0.855558 0.197401 0.964345
53.853854 0.308922 0.860546 0.152951 0.927020
53.953954 0.215846 0.856389 0.106901 0.889618
54.054054 0.120176 0.841727 0.059566 0.852346
54.154154 0.022862 0.815144 0.011416 0.815545
54.254254 -0.074760 0.775218 -0.036888 0.779688
54.354354 -0.170909 0.720741 -0.084465 0.745528
54.454454 -0.263315 0.650825 -0.130192 0.714043
54.554555 -0.349219 0.565068 -0.172705 0.686355
54.654655 -0.425500 0.463907 -0.210458 0.663742
54.754755 -0.488858 0.348793 -0.241819 0.647391
54.854855 -0.536147 0.222315 -0.265232 0.638142
54.954955 -0.565038 0.088263 -0.279543 0.636556
55.055055 -0.574446 -0.048804 -0.284215 0.642766
55.155155 -0.564511 -0.184221 -0.279318 0.656223
55.255255 -0.536694 -0.313828 -0.265572 0.676060
55.355355 -0.493411 -0.434428 -0.244173 0.701286
55.455455 -0.437480 -0.543937 -0.216515 0.730845
55.555556 -0.371841 -0.641435 -0.184052 0.763923
55.655656 -0.299099 -0.726714 -0.148074 0.799687
55.755756 -0.221358 -0.799867 -0.109621 0.837140
55.855856 -0.140417 -0.861499 -0.069583 0.875636
55.955956 -0.057753 -0.912583 -0.028691 0.914859
56.056056 0.025515 -0.954058 0.012501 0.954481
56.156156 0.108542 -0.986793 0.053575 0.994189
56.256256 0.190673 -1.011497 0.094206 1.033614
56.356356 0.271410 -1.028863 0.134149 1.072483
56.456456 0.350413 -1.039704 0.173234 1.110758
56.556557 0.427443 -1.044738 0.211345 1.148413
56.656657 0.502299 -1.044501 0.248380 1.185318
56.756757 0.574854 -1.039515 0.284277 1.221418
56.856857 0.645060 -1.030314 0.319013 1.256749
56.956957 0.712873 -1.017325 0.352566 1.291294
57.057057 0.778242 -1.000879 0.384909 1.324981
57.157157 0.841147 -0.981293 0.416034 1.357773
57.257257 0.901580 -0.958851 0.445937 1.389641
57.357357 0.959494 -0.933757 0.474593 1.420482
57.457457 1.014883 -0.906231 0.502000 1.450257
57.557558 1.067767 -0.876492 0.528169 1.478961
57.657658 1.118175 -0.844744 0.553112 1.506599
57.757758 1.166158 -0.811188 0.576857 1.533204
57.857858 1.211782 -0.776010 0.599433 1.558822
57.957958 1.255094 -0.739375 0.620867 1.583481
58.058058 1.296135 -0.701421 0.641177 1.607191
58.158158 1.334933 -0.662276 0.660378 1.629955
58.258258 1.371477 -0.622031 0.678463 1.651722
58.358358 1.405769 -0.580785 0.695434 1.672461
58.458458 1.437843 -0.538642 0.711309 1.692185
58.558559 1.467729 -0.495699 0.726100 1.710897
58.658659 1.495472 -0.452049 0.739832 1.728622
58.758759 1.521096 -0.407778 0.752515 1.745364
58.858859 1.544629 -0.362964 0.764164 1.761127
58.958959 1.566139 -0.317693 0.774812 1.775965
59.059059 1.585637 -0.272032 0.784464 1.789869
59.159159 1.603129 -0.226043 0.793125 1.802821
59.259259 1.618632 -0.179793 0.800801 1.814822
59.359359 1.632161 -0.133340 0.807500 1.825865
59.459459 1.643767 -0.086747 0.813248 1.835992
59.559560 1.653463 -0.040071 0.818052 1.845198
59.659660 1.661260 0.006634 0.821915 1.853475
59.759760 1.667200 0.053315 0.824860 1.860858
59.859860 1.671350 0.099922 0.826919 1.867402
59.959960 1.673772 0.146409 0.828123 1.873162
60.060060 1.674537 0.192734 0.828508 1.878203
60.160160 1.673727 0.238860 0.828113 1.882602
60.260260 1.671351 0.284746 0.826943 1.886354
60.360360 1.667413 0.330349 0.825001 1.889450
60.460460 1.661932 0.375629 0.822295 1.891900
60.560561 1.654917 0.420545 0.818830 1.893698
60.660661 1.646390 0.465060 0.814617 1.894857
60.760761 1.636379 0.509138 0.809670 1.895396
60.860861 1.624886 0.552737 0.803989 1.895302
60.960961 1.611896 0.595809 0.797568 1.894548
61.061061 1.597428 0.638318 0.790415 1.893140
61.161161 1.581482 0.680217 0.782531 1.891067
61.261261 1.564091 0.721477 0.773932 1.888354
61.361361 1.545338 0.762091 0.764659 1.885088
61.461461 1.525253 0.802030 0.754727 1.881292
61.561562 1.503871 0.841268 0.744154 1.876999
61.661662 1.481215 0.879775 0.732950 1.872223
61.761762 1.457283 0.917503 0.721114 1.866947
61.861862 1.432073 0.954408 0.708646 1.861157
61.961962 1.405548 0.990416 0.695527 1.854790
62.062062 1.377667 1.025448 0.681737 1.847776
62.162162 1.348439 1.059457 0.667281 1.840110
62.262262 1.317909 1.092422 0.652181 1.831832
62.362362 1.286096 1.124302 0.636445 1.822954
62.462462 1.253019 1.155055 0.620084 1.813481
62.562563 1.218697 1.184637 0.603107 1.803420
62.662663 1.183148 1.213004 0.585523 1.792779
62.762763 1.146396 1.240114 0.567343 1.781568
62.862863 1.108480 1.265941 0.548587 1.769826
62.962963 1.069434 1.290451 0.529272 1.757579
63.063063 1.029280 1.313599 0.509409 1.744837
63.163163 0.988051 1.335347 0.489013 1.731627
63.263263 0.945764 1.355638 0.468094 1.717945
63.363363 0.902439 1.374411 0.446662 1.703792
63.463463 0.858091 1.391594 0.424723 1.689155
63.563564 0.812746 1.407130 0.402290 1.674040
63.663664 0.766430 1.420950 0.379377 1.658445
63.763764 0.719143 1.432932 0.355983 1.642311
63.863864 0.670898 1.442966 0.332115 1.625593
63.963964 0.621736 1.450989 0.307793 1.608310
64.064064 0.571715 1.456962 0.283046 1.590506
64.164164 0.520874 1.460797 0.257892 1.572178
64.264264 0.469259 1.462410 0.232356 1.553331
64.364364 0.416937 1.461764 0.206469 1.534020
64.464464 0.363971 1.458792 0.180264 1.514280
64.564565 0.310419 1.453399 0.153768 1.494113
64.664665 0.256342 1.445456 0.127012 1.473495
64.764765 0.201803 1.434805 0.100028 1.452376
64.864865 0.146879 1.421277 0.072852 1.430703
64.964965 0.091657 1.404668 0.045528 1.408391
65.065065 0.036243 1.384844 0.018110 1.385436
65.165165 -0.019238 1.361652 -0.009343 1.361820
65.265265 -0.074649 1.334890 -0.036761 1.337481
65.365365 -0.129830 1.304390 -0.064066 1.312400
65.465465 -0.184594 1.269921 -0.091165 1.286501
65.565566 -0.238731 1.231285 -0.117954 1.259750
65.665666 -0.291997 1.188278 -0.144313 1.232109
65.765766 -0.344133 1.140766 -0.170114 1.203625
65.865866 -0.394852 1.088635 -0.195214 1.174369
65.965966 -0.443773 1.031627 -0.219425 1.144262
66.066066 -0.490457 0.969487 -0.242531 1.113227
66.166166 -0.534423 0.902035 -0.264291 1.081260
66.266266 -0.575138 0.829153 -0.284445 1.048422
66.366366 -0.611973 0.750734 -0.302679 1.014754
66.466466 -0.644218 0.666737 -0.318643 0.980351
66.566567 -0.671095 0.577237 -0.331952 0.945390
66.666667 -0.691652 0.482359 -0.342135 0.910005
66.766767 -0.704866 0.382412 -0.348686 0.874446
66.866867 -0.709622 0.277936 -0.351052 0.839076
66.966967 -0.704626 0.169704 -0.348595 0.804249
67.067067 -0.688635 0.058887 -0.340697 0.770558
67.167167 -0.660468 -0.052898 -0.326776 0.738782
67.267267 -0.618897 -0.163522 -0.306223 0.709610
67.367367 -0.563097 -0.270305 -0.278629 0.683943
67.467467 -0.493059 -0.370170 -0.243990 0.663072
67.567568 -0.409462 -0.459756 -0.202642 0.648150
67.667668 -0.313804 -0.535702 -0.155324 0.639981
67.767768 -0.208509 -0.595100 -0.103237 0.638966
67.867868 -0.096759 -0.636012 -0.047954 0.645115
67.967968 0.017894 -0.657835 0.008769 0.658137
68.068068 0.132033 -0.660869 0.065239 0.677080
68.168168 0.242699 -0.646408 0.119993 0.700817
68.268268 0.347604 -0.616556 0.171899 0.728368
68.368368 0.445188 -0.573675 0.220185 0.758800
68.468468 0.534507 -0.520125 0.264382 0.791281
68.568569 0.615012 -0.457992 0.304220 0.824952
68.668669 0.686463 -0.389119 0.339580 0.859046
68.768769 0.749009 -0.315194 0.370534 0.893117
68.868869 0.803064 -0.237702 0.397288 0.926958
68.968969 0.849066 -0.157834 0.420058 0.960351
69.069069 0.887471 -0.076566 0.439070 0.993101
69.169169 0.918727 0.005304 0.454544 1.025035
69.269269 0.943278 0.087121 0.466702 1.056018
69.369369 0.961618 0.168350 0.475785 1.086012
69.469469 0.974127 0.248538 0.481985 1.114901
69.569570 0.981090 0.327292 0.485440 1.142501
69.669670 0.982800 0.404273 0.486296 1.168681
69.769770 0.979491 0.479169 0.484668 1.193277
69.869870 0.971451 0.551729 0.480700 1.216222
69.969970 0.958932 0.621723 0.474515 1.237439
70.070070 0.942074 0.688879 0.466183 1.256735
70.170170 0.921032 0.752951 0.455781 1.273959
70.270270 0.896014 0.813748 0.443411 1.289046
70.370370 0.867220 0.871089 0.429172 1.301943
70.470470 0.834818 0.924780 0.413148 1.312566
70.570571 0.798999 0.974656 0.395433 1.320879
70.670671 0.759963 1.020577 0.376125 1.326873
70.770771 0.717885 1.062382 0.355313 1.330512
70.870871 0.672937 1.099904 0.333079 1.331756
70.970971 0.625293 1.132984 0.309512 1.330580
71.071071 0.575140 1.161478 0.284702 1.326979
71.171171 0.522659 1.185226 0.258740 1.320939
71.271271 0.468013 1.204014 0.231706 1.312392
71.371371 0.411377 1.217626 0.203687 1.301281
71.471471 0.352950 1.225878 0.174781 1.287594
71.571572 0.292953 1.228600 0.145098 1.271351
71.671672 0.231604 1.225562 0.114745 1.252521
71.771772 0.169129 1.216445 0.083834 1.231004
71.871872 0.105797 1.201003 0.052498 1.206796
71.971972 0.041917 1.179107 0.020891 1.180037
72.072072 -0.022174 1.150616 -0.010822 1.150880
72.172172 -0.086109 1.115301 -0.042459 1.119426
72.272272 -0.149464 1.072830 -0.073810 1.085703
72.372372 -0.211766 1.022980 -0.104640 1.049896
72.472472 -0.272461 0.965524 -0.134677 1.012230
72.572573 -0.330890 0.900152 -0.163593 0.972895
72.672673 -0.386235 0.826506 -0.190985 0.932076
72.772773 -0.437496 0.744215 -0.216357 0.889983
72.872873 -0.483427 0.652964 -0.239093 0.846894
72.972973 -0.522478 0.552520 -0.258427 0.803147
73.073073 -0.552783 0.442933 -0.273434 0.759292
73.173173 -0.572080 0.324641 -0.282997 0.716069
73.273273 -0.577811 0.198776 -0.285849 0.674602
73.373373 -0.567163 0.067421 -0.280597 0.636360
73.473473 -0.537198 -0.066060 -0.265789 0.602984
73.573574 -0.485700 -0.196725 -0.240327 0.576509
73.673674 -0.412099 -0.318272 -0.203928 0.559204
73.773774 -0.318096 -0.423933 -0.157433 0.552892
73.873874 -0.207868 -0.507917 -0.102909 0.558372
73.973974 -0.087280 -0.566649 -0.043255 0.574961
74.074074 0.037386 -0.599396 0.018420 0.600843
74.174174 0.160636 -0.607964 0.079397 0.633820
74.274274 0.278418 -0.595523 0.137672 0.671653
74.374374 0.388205 -0.565809 0.191993 0.712533
74.474474 0.488663 -0.522414 0.241700 0.755068
74.574575 0.579342 -0.468507 0.286571 0.798285
74.674675 0.660326 -0.406737 0.326646 0.841524
74.774775 0.731897 -0.339159 0.362065 0.884190
74.874875 0.794417 -0.267389 0.393006 0.925770
74.974975 0.848367 -0.192737 0.419708 0.965934
75.075075 0.894455 -0.116303 0.442520 1.004689
75.175175 0.933426 -0.038953 0.461811 1.042148
75.275275 0.965876 0.038656 0.477876 1.078321
75.375375 0.992246 0.116006 0.490932 1.113114
75.475475 1.012929 0.192674 0.501175 1.146440
75.575576 1.028317 0.268318 0.508798 1.178264
75.675676 1.038818 0.342669 0.514003 1.208620
75.775776 1.044814 0.415517 0.516979 1.237562
75.875876 1.046671 0.486700 0.517907 1.265158
75.975976 1.044758 0.556111 0.516969 1.291525
76.076076 1.039319 0.623623 0.514287 1.316655
76.176176 1.030465 0.689064 0.509915 1.340403
76.276276 1.018371 0.752318 0.503940 1.362724
76.376376 1.003214 0.813285 0.496448 1.383594
76.476476 0.985127 0.871854 0.487507 1.402949
76.576577 0.964277 0.927953 0.477199 1.420790
76.676677 0.940880 0.981580 0.465630 1.437207
76.776777 0.915145 1.032741 0.452904 1.452297
76.876877 0.887216 1.081400 0.439093 1.466077
76.976977 0.857237 1.127533 0.424266 1.478576
77.077077 0.825319 1.171088 0.408480 1.489783
77.177177 0.791540 1.211970 0.391773 1.499631
77.277277 0.756013 1.250148 0.374201 1.508129
77.377377 0.718867 1.285614 0.355828 1.515317
77.477477 0.680233 1.318385 0.336717 1.521261
77.577578 0.640239 1.348484 0.316934 1.526028
77.677678 0.598986 1.375893 0.296528 1.529638
77.777778 0.556549 1.400538 0.275535 1.532048
77.877878 0.513010 1.422366 0.253997 1.533238
77.977978 0.468482 1.441403 0.231969 1.533274
78.078078 0.423075 1.457684 0.209506 1.532229
78.178178 0.376884 1.471202 0.186654 1.530136
78.278278 0.329986 1.481895 0.163453 1.526964
78.378378 0.282462 1.489697 0.139941 1.522684
78.478478 0.234400 1.494567 0.116162 1.517289
78.578579 0.185881 1.496420 0.092158 1.510734
78.678679 0.136995 1.495180 0.067971 1.502981
78.778779 0.087843 1.490856 0.043653 1.494079
78.878879 0.038526 1.483436 0.019252 1.484061
78.978979 -0.010855 1.472865 -0.005181 1.472914
79.079079 -0.060195 1.459056 -0.029594 1.460597
79.179179 -0.109378 1.441867 -0.053929 1.447015
79.279279 -0.158278 1.421196 -0.078126 1.432115
79.379379 -0.206763 1.396953 -0.102117 1.415859
79.479479 -0.254687 1.369052 -0.125831 1.398215
79.579580 -0.301904 1.337445 -0.149196 1.379190
79.679680 -0.348258 1.302101 -0.172134 1.358816
79.779780 -0.393578 1.262968 -0.194562 1.337104
79.879880 -0.437680 1.219987 -0.216387 1.314061
79.979980 -0.480391 1.173187 -0.237524 1.289791
80.080080 -0.521540 1.122623 -0.257889 1.264434
80.180180 -0.560910 1.068281 -0.277374 1.238055
80.280280 -0.598220 1.010065 -0.295842 1.210628
80.380380 -0.633192 0.947942 -0.313152 1.182197
80.480480 -0.665513 0.881894 -0.329151 1.152816
80.580581 -0.694746 0.811798 -0.343623 1.122393
80.680681 -0.720379 0.737538 -0.356315 1.090811
80.780781 -0.741950 0.659157 -0.366998 1.058143
80.880881 -0.758995 0.576794 -0.375441 1.024559
80.980981 -0.770878 0.490550 -0.381331 0.990104
81.081081 -0.776812 0.400563 -0.384279 0.954755
81.181181 -0.775932 0.307109 -0.383856 0.918548
81.281281 -0.767225 0.210607 -0.379560 0.881508
81.381381 -0.749588 0.111707 -0.370847 0.843734
81.481481 -0.721937 0.011371 -0.357179 0.805542
81.581582 -0.683163 -0.089075 -0.338009 0.767396
81.681682 -0.632051 -0.187827 -0.312733 0.729773
81.781782 -0.567397 -0.282455 -0.280758 0.693214
81.881882 -0.488450 -0.369850 -0.241710 0.658632
81.981982 -0.395091 -0.446174 -0.195530 0.627216
82.082082 -0.288131 -0.506936 -0.142619 0.600287
82.182182 -0.169766 -0.547340 -0.084063 0.579196
82.282282 -0.043887 -0.563109 -0.021786 0.565237
82.382382 0.084031 -0.551791 0.041504 0.559693
82.482482 0.207781 -0.513340 0.102734 0.563245
82.582583 0.321517 -0.450119 0.159014 0.575557
82.682683 0.420827 -0.366595 0.208158 0.595665
82.782783 0.503269 -0.268271 0.248960 0.622278
82.882883 0.568137 -0.160494 0.281067 0.653863
82.982983 0.615985 -0.047838 0.304754 0.688913
83.083083 0.648202 0.066085 0.320709 0.726214
83.183183 0.666570 0.178635 0.329811 0.764853
83.283283 0.672945 0.287997 0.332979 0.804159
83.383383 0.668897 0.392903 0.330990 0.843416
83.483483 0.655791 0.492493 0.324518 0.881999
83.583584 0.634950 0.586272 0.314219 0.919571
83.683684 0.607516 0.673953 0.300657 0.955868
83.783784 0.574493 0.755421 0.284329 0.990730
83.883884 0.536748 0.830661 0.265665 1.024048
83.983984 0.495058 0.899775 0.245047 1.055805
84.084084 0.450099 0.962918 0.222812 1.086023
84.184184 0.402433 1.020235 0.199237 1.114687
84.284284 0.352583 1.071977 0.174580 1.141896
84.384384 0.300977 1.118326 0.149053 1.167672
84.484484 0.247948 1.159321 0.122822 1.191884
84.584585 0.193816 1.195084 0.096045 1.214502
84.684685 0.138891 1.225855 0.068874 1.235619
84.784785 0.083445 1.251899 0.041446 1.255361
84.884885 0.027715 1.273405 0.013876 1.273782
84.984985 -0.028095 1.290500 -0.013734 1.290879
85.085085 -0.083798 1.303378 -0.041291 1.306722
85.185185 -0.139226 1.312262 -0.068714 1.321415
85.285285 -0.194239 1.317373 -0.095931 1.335067
85.385385 -0.248694 1.318824 -0.122872 1.347680
85.485485 -0.302455 1.316687 -0.149471 1.359223
85.585586 -0.355413 1.311124 -0.175673 1.369754
85.685686 -0.407449 1.302232 -0.201419 1.379272
85.785786 -0.458449 1.290082 -0.226653 1.387753
85.885886 -0.508321 1.274807 -0.251329 1.395238
85.985986 -0.556991 1.256563 -0.275411 1.401799
86.086086 -0.604359 1.235427 -0.298850 1.407423
86.186186 -0.650302 1.211416 -0.321583 1.412033
86.286286 -0.694684 1.184537 -0.343545 1.415534
86.386386 -0.737351 1.154768 -0.364658 1.417798
86.486486 -0.778161 1.122125 -0.384853 1.418735
86.586587 -0.817025 1.086705 -0.404086 1.418360
86.686687 -0.853822 1.048568 -0.422296 1.416630
86.786787 -0.888402 1.007736 -0.439410 1.413461
86.886887 -0.920676 0.964314 -0.455383 1.408871
86.986987 -0.950548 0.918404 -0.470169 1.402878
87.087087 -0.977881 0.870066 -0.483698 1.395432
87.187187 -1.002488 0.819330 -0.495879 1.386428
87.287287 -1.024205 0.766255 -0.506630 1.375797
87.387387 -1.042906 0.710949 -0.515890 1.363541
87.487487 -1.058470 0.653527 -0.523597 1.349670
87.587588 -1.070785 0.594122 -0.529698 1.334220
87.687688 -1.079776 0.532895 -0.534154 1.317275
87.787788 -1.085349 0.470004 -0.536920 1.298911
87.887888 -1.087303 0.405569 -0.537895 1.279080
87.987988 -1.085359 0.339705 -0.536941 1.257660
88.088088 -1.079218 0.272551 -0.533912 1.234527
88.188188 -1.068590 0.204289 -0.528662 1.209587
88.288288 -1.053225 0.135145 -0.521069 1.182819
88.388388 -1.032814 0.065380 -0.510980 1.154157
88.488488 -1.007008 -0.004701 -0.498221 1.123526
88.588589 -0.975465 -0.074726 -0.482624 1.090890
88.688689 -0.937813 -0.144253 -0.464005 1.056221
88.788789 -0.893680 -0.212752 -0.442179 1.019534
88.888889 -0.842694 -0.279585 -0.416962 0.980897
88.988989 -0.784419 -0.343957 -0.388138 0.940357
89.089089 -0.718419 -0.404898 -0.355493 0.898022
89.189189 -0.644311 -0.461213 -0.318835 0.854113
89.289289 -0.561709 -0.511377 -0.277973 0.808884
89.389389 -0.470385 -0.553509 -0.232796 0.762777
89.489489 -0.370373 -0.585294 -0.183319 0.716485
89.589590 -0.262035 -0.603712 -0.129720 0.670789
89.689690 -0.146439 -0.605071 -0.072529 0.626750
89.789790 -0.025878 -0.585145 -0.012878 0.585858
89.889890 0.095598 -0.539566 0.047228 0.550001
89.989990 0.211722 -0.465164 0.104690 0.521694
90.090090 0.314450 -0.361833 0.155528 0.503975
90.190190 0.395494 -0.233769 0.195642 0.499339
90.290290 0.448942 -0.089368 0.222104 0.508788
90.390390 0.473172 0.060990 0.234112 0.531432
90.490490 0.470551 0.208089 0.232833 0.564739
90.590591 0.445651 0.345527 0.220532 0.605498
90.690691 0.403460 0.469730 0.199674 0.650612
90.790791 0.348675 0.579433 0.172583 0.697927
90.890891 0.285214 0.674851 0.141197 0.746129
90.990991 0.216026 0.756821 0.106977 0.794286
91.091091 0.143253 0.826297 0.070982 0.841622
91.191191 0.068478 0.884278 0.033994 0.887576
91.291291 -0.007101 0.931956 -0.003393 0.931989
91.391391 -0.082606 0.970448 -0.040745 0.974809
91.491491 -0.157399 1.000655 -0.077745 1.015938
91.591592 -0.231008 1.023399 -0.114160 1.055340
91.691692 -0.303090 1.039429 -0.149821 1.093034
91.791792 -0.373412 1.049466 -0.184612 1.129114
91.891892 -0.441835 1.054203 -0.218464 1.163739
91.991992 -0.508248 1.054183 -0.251322 1.196988
92.092092 -0.572569 1.049857 -0.283145 1.228904
92.192192 -0.634761 1.041660 -0.313916 1.259571
92.292292 -0.694781 1.029931 -0.343613 1.289010
92.392392 -0.752562 1.014912 -0.372202 1.317167
92.492492 -0.808098 0.996891 -0.399681 1.344083
92.592593 -0.861431 0.976179 -0.426070 1.369862
92.692693 -0.912558 0.952993 -0.451369 1.394522
92.792793 -0.961492 0.927539 -0.475582 1.418088
92.892893 -1.008227 0.899987 -0.498708 1.440558
92.992993 -1.052719 0.870457 -0.520724 1.461871
93.093093 -1.094936 0.839067 -0.541616 1.481981
93.193193 -1.134861 0.805941 -0.561372 1.500863
93.293293 -1.172475 0.771196 -0.579987 1.518495
93.393393 -1.207805 0.734967 -0.597471 1.534907
93.493493 -1.240939 0.697421 -0.613869 1.550213
93.593594 -1.271943 0.658697 -0.629214 1.564491
93.693694 -1.300763 0.618861 -0.643477 1.577668
93.793794 -1.327330 0.577971 -0.656627 1.589659
93.893894 -1.351644 0.536119 -0.668662 1.600461
93.993994 -1.373700 0.493389 -0.679579 1.610066
94.094094 -1.393445 0.449847 -0.689354 1.618412
94.194194 -1.410854 0.405568 -0.697973 1.625472
94.294294 -1.425957 0.360644 -0.705451 1.631281
94.394394 -1.438781 0.315160 -0.711801 1.635872
94.494494 -1.449348 0.269198 -0.717036 1.639274
94.594595 -1.457649 0.222833 -0.721148 1.641478
94.694695 -1.463640 0.176132 -0.724118 1.642441
94.794795 -1.467304 0.129167 -0.725937 1.642148
94.894895 -1.468639 0.082014 -0.726604 1.640603
94.994995 -1.467623 0.034747 -0.726107 1.637790
95.095095 -1.464259 -0.012559 -0.724449 1.633719
95.195195 -1.458593 -0.059830 -0.721652 1.628452
95.295295 -1.450624 -0.106988 -0.717715 1.621997
95.395395 -1.440281 -0.153954 -0.712604 1.614285
95.495495 -1.427473 -0.200639 -0.706273 1.605228
95.595596 -1.412080 -0.246942 -0.698663 1.594704
95.695696 -1.393984 -0.292755 -0.689716 1.582595
95.795796 -1.373120 -0.337969 -0.679400 1.568843
95.895896 -1.349466 -0.382478 -0.667702 1.553440
95.995996 -1.322982 -0.426167 -0.654605 1.536361
96.096096 -1.293590 -0.468900 -0.640069 1.517541
96.196196 -1.261215 -0.510532 -0.624056 1.496914
96.296296 -1.225791 -0.550910 -0.606535 1.474432
96.396396 -1.187275 -0.589878 -0.587485 1.450075
96.496496 -1.145583 -0.627247 -0.566862 1.423774
96.596597 -1.100586 -0.662783 -0.544604 1.395408
96.696697 -1.052204 -0.696258 -0.520671 1.364920
96.796797 -1.000367 -0.727422 -0.495029 1.332265
96.896897 -0.944985 -0.755983 -0.467632 1.297377
96.996997 -0.885977 -0.781615 -0.438441 1.260201
97.097097 -0.823256 -0.803941 -0.407412 1.220678
97.197197 -0.756727 -0.822515 -0.374499 1.178735
97.297297 -0.686280 -0.836793 -0.339647 1.134267
97.397397 -0.611865 -0.846189 -0.302831 1.087254
97.497497 -0.533478 -0.850043 -0.264049 1.037734
97.597598 -0.451132 -0.847526 -0.223308 0.985742
97.697698 -0.364897 -0.837623 -0.180642 0.931340
97.797798 -0.274911 -0.818991 -0.136119 0.874557
97.897898 -0.181488 -0.789935 -0.089894 0.815485
97.997998 -0.085276 -0.748409 -0.042287 0.754438
98.098098 0.012543 -0.691874 0.006117 0.692015
98.198198 0.109870 -0.617000 0.054279 0.629052
98.298298 0.203024 -0.520005 0.100380 0.567186
98.398398 0.285797 -0.397439 0.141348 0.509526
98.498498 0.348553 -0.247972 0.172416 0.461201
98.598599 0.378525 -0.076086 0.187267 0.429114
98.698699 0.364426 0.104073 0.180314 0.419703
98.798799 0.304846 0.271264 0.150859 0.435056
98.898899 0.210645 0.408382 0.104270 0.471190
98.998999 0.097222 0.509486 0.048167 0.520911
99.099099 -0.023053 0.576925 -0.011332 0.577496
99.199199 -0.142484 0.616356 -0.070415 0.636518
99.299299 -0.256896 0.633422 -0.127019 0.695236
99.399399 -0.364249 0.632826 -0.180132 0.752059
99.499499 -0.463702 0.618403 -0.229339 0.806250
99.599600 -0.555010 0.593070 -0.274517 0.857396
99.699700 -0.638237 0.559084 -0.315698 0.905311
99.799800 -0.713635 0.518234 -0.353007 0.949976
99.899900 -0.781460 0.471892 -0.386569 0.991361
100.000000 -0.841927 0.421117 -0.416492 1.029391
