0.000000 0.702934 -0.145799 0.474171 0.860356
0.100100 0.764581 -0.124116 0.383584 0.864364
0.200200 0.817420 -0.101019 0.288642 0.872751
0.300300 0.861142 -0.076811 0.190538 0.885308
0.400400 0.895687 -0.051797 0.090456 0.901732
0.500501 0.921275 -0.026278 -0.010484 0.921710
0.600601 0.938303 -0.000528 -0.111279 0.944879
0.700701 0.947209 0.025215 -0.211062 0.970766
0.800801 0.948548 0.050744 -0.309113 0.998934
0.900901 0.943009 0.075893 -0.404875 1.029052
1.001001 0.931251 0.100529 -0.497918 1.060781
1.101101 0.913937 0.124551 -0.587939 1.093831
1.201201 0.891733 0.147894 -0.674763 1.127992
1.301301 0.865234 0.170509 -0.758280 1.163053
1.401401 0.834924 0.192358 -0.838396 1.198753
1.501502 0.801265 0.213419 -0.915086 1.234891
1.601602 0.764672 0.233680 -0.988356 1.271289
1.701702 0.725518 0.253140 -1.058245 1.307799
1.801802 0.684205 0.271826 -1.124909 1.344413
1.901902 0.641099 0.289780 -1.188545 1.381166
2.002002 0.596493 0.307031 -1.249307 1.418041
2.102102 0.550602 0.323595 -1.307279 1.454941
2.202202 0.503602 0.339479 -1.362507 1.491739
2.302302 0.455656 0.354693 -1.415056 1.528336
2.402402 0.406928 0.369263 -1.465040 1.564700
2.502503 0.357564 0.383217 -1.512584 1.600818
2.602603 0.307695 0.396584 -1.557816 1.636687
2.702703 0.257426 0.409382 -1.600817 1.672267
2.802803 0.206851 0.421629 -1.641670 1.707524
2.902903 0.156063 0.433362 -1.680526 1.742505
3.003003 0.105142 0.444614 -1.717524 1.777252
3.103103 0.054150 0.455409 -1.752759 1.811765
3.203203 0.003144 0.465756 -1.786274 1.846000
3.303303 -0.047829 0.475675 -1.818152 1.879955
3.403403 -0.098725 0.485192 -1.848498 1.913662
3.503504 -0.149506 0.494325 -1.877384 1.947121
3.603604 -0.200138 0.503083 -1.904852 1.980305
3.703704 -0.250589 0.511472 -1.930928 2.013177
3.803804 -0.300826 0.519498 -1.955636 2.045699
3.903904 -0.350818 0.527161 -1.978982 2.077821
4.004004 -0.400537 0.534464 -2.000981 2.109504
4.104104 -0.449957 0.541414 -2.021662 2.140726
4.204204 -0.499068 0.548031 -2.041106 2.171525
4.304304 -0.547865 0.554341 -2.059409 2.201957
4.404404 -0.596344 0.560363 -2.076643 2.232057
4.504505 -0.644506 0.566117 -2.092891 2.261873
4.604605 -0.692351 0.571621 -2.108218 2.291437
4.704705 -0.739877 0.576889 -2.122678 2.320772
4.804805 -0.787078 0.581928 -2.136302 2.349876
4.904905 -0.833939 0.586740 -2.149095 2.378724
5.005005 -0.880458 0.591334 -2.161091 2.407321
5.105105 -0.926632 0.595718 -2.172325 2.435677
5.205205 -0.972460 0.599898 -2.182822 2.463791
5.305305 -1.017936 0.603883 -2.192607 2.491665
5.405405 -1.063064 0.607678 -2.201712 2.519308
5.505506 -1.107838 0.611290 -2.210154 2.546715
5.605606 -1.152254 0.614721 -2.217947 2.573880
5.705706 -1.196322 0.617983 -2.225134 2.600829
5.805806 -1.240055 0.621088 -2.231760 2.627592
5.905906 -1.283449 0.624039 -2.237835 2.654161
6.006006 -1.326493 0.626835 -2.243358 2.680515
6.106106 -1.369176 0.629475 -2.248326 2.706630
6.206206 -1.411488 0.631958 -2.252739 2.732490
6.306306 -1.453441 0.634295 -2.256633 2.758118
6.406406 -1.495039 0.636490 -2.260027 2.783520
6.506507 -1.536272 0.638543 -2.262919 2.808678
6.606607 -1.577138 0.640456 -2.265320 2.833588
6.706707 -1.617640 0.642234 -2.267245 2.858255
6.806807 -1.657785 0.643882 -2.268716 2.882691
6.906907 -1.697573 0.645403 -2.269745 2.906896
7.007007 -1.737003 0.646800 -2.270341 2.930866
7.107107 -1.776086 0.648079 -2.270525 2.954619
7.207207 -1.814836 0.649248 -2.270327 2.978177
7.307307 -1.853258 0.650310 -2.269761 3.001547
7.407407 -1.891359 0.651270 -2.268843 3.024738
7.507508 -1.929146 0.652133 -2.267588 3.047759
7.607608 -1.966630 0.652904 -2.266017 3.070627
7.707708 -2.003814 0.653585 -2.264140 3.093344
7.807808 -2.040709 0.654182 -2.261975 3.115923
7.907908 -2.077323 0.654699 -2.259535 3.138375
8.008008 -2.113655 0.655137 -2.256826 3.160697
8.108108 -2.149709 0.655498 -2.253856 3.182891
8.208208 -2.185501 0.655788 -2.250647 3.204978
8.308308 -2.221048 0.656014 -2.247222 3.226983
8.408408 -2.256343 0.656175 -2.243577 3.248890
8.508509 -2.291375 0.656269 -2.239705 3.270683
8.608609 -2.326156 0.656299 -2.235621 3.292375
8.708709 -2.360691 0.656268 -2.231335 3.313971
8.808809 -2.394974 0.656177 -2.226843 3.335461
8.908909 -2.429010 0.656026 -2.222155 3.356848
9.009009 -2.462802 0.655817 -2.217275 3.378135
9.109109 -2.496348 0.655552 -2.212206 3.399317
9.209209 -2.529640 0.655227 -2.206942 3.420379
9.309309 -2.562667 0.654843 -2.201479 3.441307
9.409409 -2.595444 0.654402 -2.195832 3.462116
9.509510 -2.627978 0.653908 -2.190009 3.482815
9.609610 -2.660273 0.653362 -2.184017 3.503408
9.709710 -2.692338 0.652768 -2.177866 3.523903
9.809810 -2.724181 0.652128 -2.171565 3.544309
9.909910 -2.755804 0.651442 -2.165118 3.564627
10.010010 -2.787195 0.650709 -2.158516 3.584839
10.110110 -2.818355 0.649929 -2.151764 3.604944
10.210210 -2.849300 0.649107 -2.144876 3.624962
10.310310 -2.880035 0.648245 -2.137859 3.644896
10.410410 -2.910570 0.647345 -2.130719 3.664756
10.510511 -2.940909 0.646408 -2.123464 3.684547
10.610611 -2.971056 0.645436 -2.116097 3.704271
10.710711 -3.001006 0.644428 -2.108617 3.723921
10.810811 -3.030757 0.643385 -2.101023 3.743492
10.910911 -3.060309 0.642306 -2.093317 3.762981
11.011011 -3.089650 0.641190 -2.085494 3.782373
11.111111 -3.118788 0.640038 -2.077559 3.801676
11.211211 -3.147722 0.638851 -2.069514 3.820886
11.311311 -3.176446 0.637628 -2.061357 3.839996
11.411411 -3.204962 0.636370 -2.053089 3.859006
11.511512 -3.233275 0.635078 -2.044717 3.877919
11.611612 -3.261396 0.633755 -2.036248 3.896749
11.711712 -3.289328 0.632402 -2.027685 3.915497
11.811812 -3.317060 0.631016 -2.019024 3.934149
11.911912 -3.344580 0.629596 -2.010257 3.952688
12.012012 -3.371893 0.628144 -2.001390 3.971119
12.112112 -3.398999 0.626660 -1.992425 3.989443
12.212212 -3.425901 0.625143 -1.983363 4.007659
12.312312 -3.452606 0.623598 -1.974211 4.025776
12.412412 -3.479112 0.622022 -1.964968 4.043789
12.512513 -3.505410 0.620415 -1.955631 4.061688
12.612613 -3.531486 0.618775 -1.946193 4.079453
12.712713 -3.557334 0.617101 -1.936653 4.097080
12.812813 -3.582950 0.615392 -1.927008 4.114559
12.912913 -3.608327 0.613648 -1.917258 4.131884
13.013013 -3.633479 0.611872 -1.907410 4.149068
13.113113 -3.658414 0.610065 -1.897471 4.166121
13.213213 -3.683121 0.608226 -1.887436 4.183029
13.313313 -3.707594 0.606354 -1.877303 4.199784
13.413413 -3.731839 0.604451 -1.867076 4.216391
13.513514 -3.755860 0.602516 -1.856759 4.232856
13.613614 -3.779653 0.600551 -1.846350 4.249170
13.713714 -3.803211 0.598554 -1.835848 4.265328
13.813814 -3.826530 0.596525 -1.825253 4.281322
13.913914 -3.849618 0.594466 -1.814568 4.297163
14.014014 -3.872504 0.592380 -1.803809 4.312879
14.114114 -3.895198 0.590271 -1.792981 4.328484
14.214214 -3.917711 0.588140 -1.782091 4.343986
14.314314 -3.940051 0.585988 -1.771142 4.359395
14.414414 -3.962215 0.583816 -1.760136 4.374708
14.514515 -3.984201 0.581623 -1.749071 4.389920
14.614615 -4.006007 0.579408 -1.737947 4.405027
14.714715 -4.027629 0.577172 -1.726763 4.420026
14.814815 -4.049061 0.574915 -1.715519 4.434910
14.914915 -4.070303 0.572635 -1.704213 4.449677
15.015015 -4.091362 0.570335 -1.692851 4.464334
15.115115 -4.112233 0.568014 -1.681431 4.478874
15.215215 -4.132921 0.565673 -1.669957 4.493304
15.315315 -4.153424 0.563312 -1.658427 4.507619
15.415415 -4.173734 0.560929 -1.646839 4.521811
15.515516 -4.193858 0.558527 -1.635197 4.535887
15.615616 -4.213791 0.556104 -1.623501 4.549840
15.715716 -4.233535 0.553662 -1.611750 4.563671
15.815816 -4.253092 0.551200 -1.599949 4.577385
15.915916 -4.272460 0.548718 -1.588094 4.590975
16.016016 -4.291643 0.546218 -1.576190 4.604447
16.116116 -4.310651 0.543700 -1.564241 4.617810
16.216216 -4.329478 0.541164 -1.552245 4.631059
16.316316 -4.348127 0.538611 -1.540204 4.644194
16.416416 -4.366611 0.536043 -1.528123 4.657230
16.516517 -4.384931 0.533459 -1.516003 4.670168
16.616617 -4.403089 0.530860 -1.503846 4.683007
16.716717 -4.421088 0.528247 -1.491653 4.695753
16.816817 -4.438924 0.525619 -1.479423 4.708398
16.916917 -4.456591 0.522976 -1.467155 4.720938
17.017017 -4.474087 0.520318 -1.454849 4.733368
17.117117 -4.491404 0.517643 -1.442503 4.745680
17.217217 -4.508546 0.514953 -1.430119 4.757878
17.317317 -4.525516 0.512249 -1.417699 4.769964
17.417417 -4.542306 0.509528 -1.405240 4.781931
17.517518 -4.558919 0.506792 -1.392743 4.793779
17.617618 -4.575361 0.504042 -1.380213 4.805515
17.717718 -4.591640 0.501279 -1.367651 4.817148
17.817818 -4.607748 0.498501 -1.355056 4.828667
17.917918 -4.623668 0.495708 -1.342423 4.840055
18.018018 -4.639387 0.492898 -1.329749 4.851298
18.118118 -4.654904 0.490070 -1.317035 4.862395
18.218218 -4.670237 0.487228 -1.304286 4.873363
18.318318 -4.685404 0.484374 -1.291508 4.884222
18.418418 -4.700406 0.481506 -1.278702 4.894972
18.518519 -4.715235 0.478626 -1.265866 4.905603
18.618619 -4.729879 0.475731 -1.252998 4.916104
18.718719 -4.744332 0.472821 -1.240096 4.926467
18.818819 -4.758590 0.469897 -1.227160 4.936689
18.918919 -4.772650 0.466957 -1.214190 4.946767
19.019019 -4.786512 0.464002 -1.201187 4.956697
19.119119 -4.800175 0.461032 -1.188150 4.966481
19.219219 -4.813649 0.458049 -1.175084 4.976127
19.319319 -4.826933 0.455052 -1.161988 4.985637
19.419419 -4.840024 0.452041 -1.148862 4.995003
19.519520 -4.852921 0.449016 -1.135707 5.004227
19.619620 -4.865626 0.445978 -1.122523 5.013310
19.719720 -4.878150 0.442928 -1.109315 5.022262
19.819820 -4.890503 0.439866 -1.096083 5.031093
19.919920 -4.902689 0.436794 -1.082831 5.039809
20.020020 -4.914705 0.433711 -1.069558 5.048405
20.120120 -4.926558 0.430617 -1.056266 5.056887
20.220220 -4.938257 0.427515 -1.042957 5.065265
20.320320 -4.949796 0.424403 -1.029630 5.073533
20.420420 -4.961170 0.421281 -1.016285 5.081685
20.520521 -4.972380 0.418149 -1.002923 5.089722
20.620621 -4.983437 0.415008 -0.989546 5.097654
20.720721 -4.994345 0.411860 -0.976156 5.105486
20.820821 -5.005103 0.408703 -0.962753 5.113217
20.920921 -5.015713 0.405538 -0.949336 5.120848
21.021021 -5.026175 0.402366 -0.935908 5.128378
21.121121 -5.036487 0.399185 -0.922468 5.135806
21.221221 -5.046662 0.395998 -0.909019 5.143144
21.321321 -5.056721 0.392806 -0.895564 5.150413
21.421421 -5.066662 0.389609 -0.882105 5.157613
21.521522 -5.076478 0.386406 -0.868639 5.164733
21.621622 -5.086167 0.383198 -0.855168 5.171774
21.721722 -5.095730 0.379984 -0.841691 5.178735
21.821822 -5.105165 0.376765 -0.828208 5.185614
21.921922 -5.114475 0.373541 -0.814721 5.192414
22.022022 -5.123655 0.370311 -0.801229 5.199128
22.122122 -5.132702 0.367076 -0.787731 5.205756
22.222222 -5.141626 0.363836 -0.774230 5.212306
22.322322 -5.150438 0.360592 -0.760727 5.218788
22.422422 -5.159143 0.357345 -0.747225 5.225208
22.522523 -5.167727 0.354093 -0.733720 5.231551
22.622623 -5.176169 0.350836 -0.720210 5.237797
22.722723 -5.184462 0.347572 -0.706694 5.243936
22.822823 -5.192601 0.344302 -0.693173 5.249966
22.922923 -5.200591 0.341026 -0.679648 5.255889
23.023023 -5.208432 0.337745 -0.666118 5.261706
23.123123 -5.216109 0.334456 -0.652582 5.267402
23.223223 -5.223603 0.331160 -0.639039 5.272956
23.323323 -5.230902 0.327856 -0.625487 5.278358
23.423423 -5.237999 0.324543 -0.611926 5.283598
23.523524 -5.244890 0.321220 -0.598355 5.288675
23.623624 -5.251593 0.317891 -0.584779 5.293605
23.723724 -5.258117 0.314554 -0.571197 5.298396
23.823824 -5.264469 0.311211 -0.557612 5.303057
23.923924 -5.270665 0.307863 -0.544025 5.307603
24.024024 -5.276720 0.304510 -0.530438 5.312050
24.124124 -5.282636 0.301153 -0.516852 5.316397
24.224224 -5.288398 0.297792 -0.503266 5.320630
24.324324 -5.293997 0.294425 -0.489680 5.324742
24.424424 -5.299440 0.291053 -0.476093 5.328737
24.524525 -5.304741 0.287677 -0.462509 5.332630
24.624625 -5.309904 0.284297 -0.448927 5.336426
24.724725 -5.314928 0.280914 -0.435349 5.340122
24.824825 -5.319818 0.277528 -0.421774 5.343723
24.924925 -5.324584 0.274139 -0.408204 5.347240
25.025025 -5.329224 0.270748 -0.394638 5.350671
25.125125 -5.333731 0.267353 -0.381078 5.354007
25.225225 -5.338097 0.263955 -0.367522 5.357241
25.325325 -5.342321 0.260554 -0.353971 5.360371
25.425425 -5.346414 0.257150 -0.340426 5.363409
25.525526 -5.350385 0.253745 -0.326887 5.366364
25.625626 -5.354238 0.250337 -0.313356 5.369239
25.725726 -5.357965 0.246927 -0.299832 5.372025
25.825826 -5.361558 0.243515 -0.286314 5.374717
25.925926 -5.365028 0.240101 -0.272805 5.377323
26.026026 -5.368366 0.236685 -0.259303 5.379834
26.126126 -5.371553 0.233266 -0.245809 5.382231
26.226226 -5.374587 0.229844 -0.232321 5.384514
26.326326 -5.377480 0.226420 -0.218842 5.386692
26.426426 -5.380241 0.222994 -0.205372 5.388775
26.526527 -5.382871 0.219566 -0.191911 5.390764
26.626627 -5.385364 0.216137 -0.178460 5.392653
26.726727 -5.387713 0.212705 -0.165018 5.394435
26.826827 -5.389912 0.209271 -0.151586 5.396103
26.926927 -5.391967 0.205835 -0.138163 5.397663
27.027027 -5.393881 0.202398 -0.124752 5.399119
27.127127 -5.395642 0.198959 -0.111351 5.400457
27.227227 -5.397247 0.195517 -0.097961 5.401675
27.327327 -5.398694 0.192073 -0.084582 5.402772
27.427427 -5.399987 0.188628 -0.071215 5.403749
27.527528 -5.401126 0.185181 -0.057860 5.404609
27.627628 -5.402112 0.181732 -0.044517 5.405351
27.727728 -5.402947 0.178282 -0.031188 5.405977
27.827828 -5.403637 0.174831 -0.017871 5.406494
27.927928 -5.404178 0.171379 -0.004568 5.406897
28.028028 -5.404550 0.167925 0.008721 5.407165
28.128128 -5.404745 0.164469 0.021996 5.407292
28.228228 -5.404769 0.161011 0.035256 5.407281
28.328328 -5.404633 0.157553 0.048501 5.407146
28.428428 -5.404342 0.154093 0.061731 5.406890
28.528529 -5.403887 0.150633 0.074945 5.406505
28.628629 -5.403262 0.147171 0.088142 5.405984
28.728729 -5.402479 0.143709 0.101324 5.405340
28.828829 -5.401561 0.140247 0.114488 5.404594
28.928929 -5.400515 0.136785 0.127637 5.403754
29.029029 -5.399346 0.133323 0.140768 5.402826
29.129129 -5.398056 0.129862 0.153882 5.401810
29.229229 -5.396646 0.126402 0.166979 5.400708
29.329329 -5.395124 0.122943 0.180059 5.399528
29.429429 -5.393497 0.119485 0.193122 5.398276
29.529530 -5.391771 0.116029 0.206167 5.396958
29.629630 -5.389948 0.112574 0.219194 5.395578
29.729730 -5.388037 0.109121 0.232205 5.394142
29.829830 -5.386036 0.105669 0.245197 5.392650
29.929930 -5.383939 0.102220 0.258172 5.391095
30.030030 -5.381752 0.098772 0.271128 5.389482
30.130130 -5.379489 0.095326 0.284067 5.387827
30.230230 -5.377161 0.091883 0.296988 5.386140
30.330330 -5.374772 0.088442 0.309893 5.384424
30.430430 -5.372328 0.085004 0.322780 5.382687
30.530531 -5.369826 0.081569 0.335651 5.380924
30.630631 -5.367252 0.078136 0.348503 5.379122
30.730731 -5.364614 0.074706 0.361337 5.377289
30.830831 -5.361925 0.071278 0.374155 5.375436
30.930931 -5.359197 0.067854 0.386955 5.373577
31.031031 -5.356449 0.064433 0.399741 5.371731
31.131131 -5.353706 0.061015 0.412514 5.369921
31.231231 -5.350976 0.057602 0.425273 5.368158
31.331331 -5.348257 0.054192 0.438021 5.366438
31.431431 -5.345545 0.050785 0.450755 5.364756
31.531532 -5.342831 0.047382 0.463475 5.363105
31.631632 -5.340110 0.043983 0.476181 5.361479
31.731732 -5.337389 0.040587 0.488873 5.359885
31.831832 -5.334676 0.037195 0.501553 5.358331
31.931932 -5.331979 0.033806 0.514220 5.356824
32.032032 -5.329301 0.030422 0.526876 5.355369
32.132132 -5.326640 0.027040 0.539520 5.353962
32.232232 -5.323993 0.023663 0.552151 5.352601
32.332332 -5.321361 0.020289 0.564771 5.351286
32.432432 -5.318739 0.016918 0.577378 5.350012
32.532533 -5.316118 0.013551 0.589972 5.348772
32.632633 -5.313495 0.010188 0.602552 5.347560
32.732733 -5.310860 0.006828 0.615117 5.346368
32.832833 -5.308212 0.003471 0.627667 5.345193
32.932933 -5.305551 0.000118 0.640202 5.344037
33.033033 -5.302875 -0.003231 0.652722 5.342896
33.133133 -5.300183 -0.006577 0.665226 5.341770
33.233233 -5.297460 -0.009919 0.677713 5.340644
33.333333 -5.294693 -0.013258 0.690181 5.339504
33.433433 -5.291874 -0.016593 0.702629 5.338342
33.533534 -5.288999 -0.019924 0.715055 5.337153
33.633634 -5.286067 -0.023252 0.727461 5.335939
33.733734 -5.283069 -0.026576 0.739844 5.334688
33.833834 -5.279988 -0.029896 0.752202 5.333383
33.933934 -5.276817 -0.033212 0.764534 5.332018
34.034034 -5.273566 -0.036524 0.776840 5.330602
34.134134 -5.270245 -0.039832 0.789123 5.329145
34.234234 -5.266861 -0.043136 0.801383 5.327654
34.334334 -5.263416 -0.046436 0.813621 5.326132
34.434434 -5.259908 -0.049732 0.825835 5.324576
34.534535 -5.256321 -0.053023 0.838024 5.322970
34.634635 -5.252649 -0.056311 0.850185 5.321307
34.734735 -5.248892 -0.059594 0.862320 5.319588
34.834835 -5.245052 -0.062872 0.874428 5.317814
34.934935 -5.241126 -0.066146 0.886507 5.315982
35.035035 -5.237110 -0.069416 0.898559 5.314089
35.135135 -5.232998 -0.072680 0.910580 5.312128
35.235235 -5.228776 -0.075940 0.922569 5.310084
35.335335 -5.224433 -0.079194 0.934523 5.307948
35.435435 -5.219974 -0.082443 0.946444 5.305722
35.535536 -5.215409 -0.085687 0.958331 5.303417
35.635636 -5.210753 -0.088927 0.970189 5.301050
35.735736 -5.206016 -0.092161 0.982018 5.298628
35.835836 -5.201191 -0.095390 0.993817 5.296146
35.935936 -5.196276 -0.098614 1.005586 5.293601
36.036036 -5.191275 -0.101833 1.017325 5.290998
36.136136 -5.186200 -0.105047 1.029036 5.288347
36.236236 -5.181054 -0.108256 1.040720 5.285654
36.336336 -5.175833 -0.111460 1.052375 5.282913
36.436436 -5.170537 -0.114659 1.064002 5.280123
36.536537 -5.165166 -0.117853 1.075600 5.277285
36.636637 -5.159723 -0.121042 1.087169 5.274403
36.736737 -5.154215 -0.124226 1.098712 5.271483
36.836837 -5.148641 -0.127404 1.110228 5.268524
36.936937 -5.142991 -0.130578 1.121713 5.265515
37.037037 -5.137262 -0.133746 1.133168 5.262454
37.137137 -5.131447 -0.136908 1.144591 5.259333
37.237237 -5.125541 -0.140064 1.155981 5.256147
37.337337 -5.119547 -0.143214 1.167337 5.252899
37.437437 -5.113459 -0.146359 1.178659 5.249583
37.537538 -5.107268 -0.149497 1.189943 5.246189
37.637638 -5.100968 -0.152628 1.201189 5.242711
37.737738 -5.094562 -0.155753 1.212396 5.239153
37.837838 -5.088048 -0.158871 1.223565 5.235512
37.937938 -5.081423 -0.161982 1.234694 5.231785
38.038038 -5.074684 -0.165085 1.245781 5.227967
38.138138 -5.067820 -0.168182 1.256825 5.224050
38.238238 -5.060828 -0.171270 1.267824 5.220028
38.338338 -5.053709 -0.174351 1.278777 5.215903
38.438438 -5.046453 -0.177424 1.289683 5.211664
38.538539 -5.039052 -0.180488 1.300538 5.207305
38.638639 -5.031506 -0.183543 1.311343 5.202823
38.738739 -5.023809 -0.186590 1.322095 5.198212
38.838839 -5.015961 -0.189627 1.332794 5.193473
38.938939 -5.007980 -0.192656 1.343444 5.188624
39.039039 -4.999878 -0.195677 1.354049 5.183678
39.139139 -4.991659 -0.198690 1.364608 5.178638
39.239239 -4.983326 -0.201694 1.375124 5.173508
39.339339 -4.974880 -0.204691 1.385594 5.168288
39.439439 -4.966322 -0.207680 1.396020 5.162979
39.539540 -4.957659 -0.210661 1.406404 5.157590
39.639640 -4.948898 -0.213634 1.416746 5.152125
39.739740 -4.940029 -0.216599 1.427044 5.146577
39.839840 -4.931046 -0.219555 1.437296 5.140937
39.939940 -4.921956 -0.222503 1.447503 5.135214
40.040040 -4.912776 -0.225444 1.457670 5.129425
40.140140 -4.903504 -0.228377 1.467797 5.123567
40.240240 -4.894134 -0.231302 1.477881 5.117634
40.340340 -4.884662 -0.234219 1.487921 5.111623
40.440440 -4.875083 -0.237127 1.497915 5.105527
40.540541 -4.865390 -0.240026 1.507860 5.099341
40.640641 -4.855579 -0.242916 1.517756 5.093058
40.740741 -4.845644 -0.245796 1.527599 5.086673
40.840841 -4.835572 -0.248665 1.537386 5.080172
40.940941 -4.825346 -0.251523 1.547110 5.073537
41.041041 -4.814960 -0.254370 1.556770 5.066762
41.141141 -4.804422 -0.257204 1.566367 5.059855
41.241241 -4.793738 -0.260028 1.575903 5.052822
41.341341 -4.782908 -0.262840 1.585378 5.045664
41.441441 -4.771929 -0.265640 1.594790 5.038376
41.541542 -4.760798 -0.268429 1.604138 5.030956
41.641642 -4.749513 -0.271205 1.613420 5.023400
41.741742 -4.738069 -0.273968 1.622635 5.015705
41.841842 -4.726456 -0.276719 1.631778 5.007860
41.941942 -4.714667 -0.279455 1.640847 4.999856
42.042042 -4.702707 -0.282178 1.649843 4.991700
42.142142 -4.690571 -0.284886 1.658764 4.983383
42.242242 -4.678247 -0.287580 1.667605 4.974898
42.342342 -4.665731 -0.290259 1.676363 4.966235
42.442442 -4.653018 -0.292921 1.685038 4.957392
42.542543 -4.640106 -0.295568 1.693626 4.948364
42.642643 -4.626996 -0.298198 1.702129 4.939155
42.742743 -4.613696 -0.300813 1.710548 4.929772
42.842843 -4.600212 -0.303412 1.718886 4.920222
42.942943 -4.586554 -0.305996 1.727145 4.910513
43.043043 -4.572718 -0.308564 1.735323 4.900643
43.143143 -4.558700 -0.311117 1.743418 4.890608
43.243243 -4.544501 -0.313654 1.751431 4.880408
43.343343 -4.530110 -0.316174 1.759355 4.870030
43.443443 -4.515530 -0.318677 1.767193 4.859479
43.543544 -4.500783 -0.321165 1.774951 4.848778
43.643644 -4.485880 -0.323638 1.782634 4.837938
43.743744 -4.470821 -0.326096 1.790242 4.826961
43.843844 -4.455604 -0.328539 1.797772 4.815841
43.943944 -4.440220 -0.330966 1.805221 4.804572
44.044044 -4.424665 -0.333377 1.812586 4.793148
44.144144 -4.408946 -0.335772 1.819871 4.781577
44.244244 -4.393071 -0.338151 1.827077 4.769866
44.344344 -4.377034 -0.340514 1.834202 4.758012
44.444444 -4.360836 -0.342861 1.841245 4.746011
44.544545 -4.344467 -0.345191 1.848202 4.733857
44.644645 -4.327928 -0.347504 1.855073 4.721548
44.744745 -4.311234 -0.349800 1.861863 4.709101
44.844845 -4.294391 -0.352081 1.868575 4.696523
44.944945 -4.277395 -0.354346 1.875206 4.683809
45.045045 -4.260246 -0.356594 1.881756 4.670959
45.145145 -4.242945 -0.358826 1.888225 4.657975
45.245245 -4.225487 -0.361041 1.894610 4.644851
45.345345 -4.207860 -0.363237 1.900904 4.631572
45.445445 -4.190050 -0.365415 1.907101 4.618125
45.545546 -4.172050 -0.367571 1.913198 4.604502
45.645646 -4.153865 -0.369708 1.919196 4.590707
45.745746 -4.135497 -0.371825 1.925095 4.576743
45.845846 -4.116948 -0.373922 1.930895 4.562612
45.945946 -4.098224 -0.375999 1.936599 4.548322
46.046046 -4.079320 -0.378056 1.942202 4.533865
46.146146 -4.060225 -0.380091 1.947701 4.519229
46.246246 -4.040938 -0.382105 1.953093 4.504415
46.346346 -4.021455 -0.384096 1.958375 4.489417
46.446446 -4.001768 -0.386064 1.963544 4.474226
46.546547 -3.981879 -0.388009 1.968599 4.458844
46.646647 -3.961784 -0.389929 1.973537 4.443268
46.746747 -3.941473 -0.391825 1.978353 4.427484
46.846847 -3.920937 -0.393694 1.983041 4.411485
46.946947 -3.900182 -0.395538 1.987604 4.395275
47.047047 -3.879209 -0.397355 1.992041 4.378856
47.147147 -3.858010 -0.399146 1.996346 4.362219
47.247247 -3.836573 -0.400908 2.000514 4.345351
47.347347 -3.814895 -0.402641 2.004540 4.328247
47.447447 -3.792967 -0.404343 2.008421 4.310899
47.547548 -3.770782 -0.406014 2.012150 4.293296
47.647648 -3.748332 -0.407653 2.015722 4.275431
47.747748 -3.725600 -0.409257 2.019128 4.257284
47.847848 -3.702564 -0.410824 2.022353 4.238828
47.947948 -3.679208 -0.412351 2.025388 4.220047
48.048048 -3.655524 -0.413837 2.028228 4.200931
48.148148 -3.631513 -0.415283 2.030871 4.181481
48.248248 -3.607186 -0.416688 2.033321 4.161708
48.348348 -3.582565 -0.418055 2.035590 4.141638
48.448448 -3.557661 -0.419385 2.037682 4.121284
48.548549 -3.532485 -0.420679 2.039603 4.100659
48.648649 -3.507046 -0.421937 2.041356 4.079772
48.748749 -3.481337 -0.423159 2.042936 4.058615
48.848849 -3.455360 -0.424344 2.044343 4.037192
48.948949 -3.429123 -0.425492 2.045581 4.015511
49.049049 -3.402630 -0.426605 2.046649 3.993577
49.149149 -3.375879 -0.427682 2.047546 3.971387
49.249249 -3.348864 -0.428720 2.048266 3.948935
49.349349 -3.321573 -0.429719 2.048801 3.926206
49.449449 -3.293994 -0.430677 2.049142 3.903186
49.549550 -3.266116 -0.431591 2.049281 3.879863
49.649650 -3.237924 -0.432459 2.049206 3.856218
49.749750 -3.209416 -0.433281 2.048914 3.832249
49.849850 -3.180601 -0.434057 2.048410 3.807967
49.949950 -3.151479 -0.434786 2.047691 3.783371
50.050050 -3.122027 -0.435466 2.046740 3.758434
50.150150 -3.092222 -0.436092 2.045540 3.733128
50.250250 -3.062053 -0.436662 2.044083 3.707440
50.350350 -3.031516 -0.437175 2.042363 3.681366
50.450450 -3.000614 -0.437630 2.040379 3.654908
50.550551 -2.969350 -0.438029 2.038132 3.628070
50.650651 -2.937723 -0.438369 2.035617 3.600850
50.750751 -2.905725 -0.438649 2.032828 3.573239
50.850851 -2.873354 -0.438869 2.029760 3.545235
50.950951 -2.840609 -0.439026 2.026409 3.516836
51.051051 -2.807480 -0.439119 2.022766 3.488030
51.151151 -2.773959 -0.439146 2.018822 3.458806
51.251251 -2.740023 -0.439103 2.014559 3.429138
51.351351 -2.705645 -0.438984 2.009950 3.398988
51.451451 -2.670835 -0.438790 2.005002 3.368372
51.551552 -2.635612 -0.438523 1.999726 3.337313
51.651652 -2.599974 -0.438182 1.994114 3.305807
51.751752 -2.563908 -0.437764 1.988156 3.273840
51.851852 -2.527412 -0.437267 1.981844 3.241407
51.951952 -2.490488 -0.436691 1.975177 3.208512
52.052052 -2.453146 -0.436036 1.968158 3.175169
52.152152 -2.415399 -0.435304 1.960794 3.141394
52.252252 -2.377252 -0.434495 1.953085 3.107194
52.352352 -2.338695 -0.433606 1.945018 3.072557
52.452452 -2.299719 -0.432633 1.936582 3.037471
52.552553 -2.260331 -0.431577 1.927778 3.001947
52.652653 -2.220533 -0.430438 1.918603 2.965987
52.752753 -2.180311 -0.429210 1.909039 2.929575
52.852853 -2.139656 -0.427892 1.899074 2.892698
52.952953 -2.098554 -0.426478 1.888690 2.855339
53.053053 -2.056993 -0.424965 1.877870 2.817483
53.153153 -2.014979 -0.423352 1.866614 2.779139
53.253253 -1.972498 -0.421636 1.854901 2.740289
53.353353 -1.929534 -0.419809 1.842711 2.700912
53.453453 -1.886077 -0.417870 1.830026 2.660995
53.553554 -1.842095 -0.415807 1.816807 2.620496
53.653654 -1.797548 -0.413611 1.803005 2.579356
53.753754 -1.752407 -0.411271 1.788582 2.537538
53.853854 -1.706674 -0.408785 1.773529 2.495045
53.953954 -1.660361 -0.406154 1.757847 2.451894
54.054054 -1.613450 -0.403369 1.741504 2.408062
54.154154 -1.565900 -0.400417 1.724443 2.363490
54.254254 -1.517687 -0.397288 1.706625 2.318142
54.354354 -1.468807 -0.393977 1.688026 2.272013
54.454454 -1.419232 -0.390472 1.668600 2.225065
54.554555 -1.368936 -0.386761 1.648296 2.177258
54.654655 -1.317897 -0.382831 1.627065 2.128557
54.754755 -1.266090 -0.378670 1.604852 2.078924
54.854855 -1.213491 -0.374263 1.581604 2.028326
54.954955 -1.160070 -0.369593 1.557249 1.976711
55.055055 -1.105795 -0.364642 1.531711 1.924028
55.155155 -1.050619 -0.359384 1.504887 1.870198
55.255255 -0.994507 -0.353796 1.476683 1.815161
55.355355 -0.937429 -0.347853 1.447003 1.758861
55.455455 -0.879312 -0.341513 1.415675 1.701163
55.555556 -0.820077 -0.334727 1.382502 1.641913
55.655656 -0.759648 -0.327440 1.347265 1.580951
55.755756 -0.697922 -0.319581 1.309676 1.518051
55.855856 -0.634817 -0.311075 1.269440 1.453010
55.955956 -0.570267 -0.301844 1.226252 1.385644
56.056056 -0.504206 -0.291795 1.179743 1.315736
56.156156 -0.436549 -0.280801 1.129418 1.242984
56.256256 -0.367196 -0.268691 1.074607 1.166965
56.356356 -0.296081 -0.255260 1.014519 1.087230
56.456456 -0.223180 -0.240247 0.948151 1.003253
56.556557 -0.148535 -0.223295 0.874137 0.914352
56.656657 -0.072365 -0.203943 0.790736 0.819812
56.756757 0.004786 -0.181535 0.695501 0.718818
56.856857 0.081646 -0.155002 0.584482 0.610172
56.956957 0.154999 -0.122556 0.451211 0.492581
57.057057 0.215571 -0.080980 0.284480 0.366003
57.157157 0.230422 -0.024745 0.067059 0.241254
57.257257 0.097995 0.039865 -0.164690 0.195742
57.357357 -0.143548 0.068655 -0.245918 0.292908
57.457457 -0.346587 0.070756 -0.229454 0.421638
57.557558 -0.508860 0.063709 -0.182841 0.544452
57.657658 -0.643709 0.053066 -0.125747 0.658019
57.757758 -0.759445 0.040799 -0.064736 0.763290
57.857858 -0.861154 0.027765 -0.002475 0.861605
57.957958 -0.952050 0.014379 0.059828 0.954036
58.058058 -1.034301 0.000864 0.121580 1.041423
58.158158 -1.109507 -0.012652 0.182489 1.124486
58.258258 -1.178885 -0.026097 0.242419 1.203835
58.358358 -1.243327 -0.039426 0.301311 1.279924
58.458458 -1.303533 -0.052616 0.359154 1.353129
58.558559 -1.360046 -0.065650 0.415955 1.423747
58.658659 -1.413291 -0.078519 0.471732 1.492008
58.758759 -1.463613 -0.091221 0.526510 1.558107
58.858859 -1.511304 -0.103751 0.580317 1.622212
58.958959 -1.556599 -0.116112 0.633180 1.684458
59.059059 -1.599664 -0.128299 0.685112 1.744926
59.159159 -1.640694 -0.140317 0.736150 1.803741
59.259259 -1.679869 -0.152171 0.786332 1.861030
59.359359 -1.717333 -0.163864 0.835689 1.916888
59.459459 -1.753245 -0.175402 0.884269 1.971437
59.559560 -1.787712 -0.186790 0.932098 2.024750
59.659660 -1.820808 -0.198029 0.979189 2.076865
59.759760 -1.852600 -0.209121 1.025557 2.127822
59.859860 -1.883133 -0.220064 1.071206 2.177636
59.959960 -1.912446 -0.230860 1.116139 2.226323
60.060060 -1.940604 -0.241510 1.160377 2.273928
60.160160 -1.967697 -0.252022 1.203956 2.320529
60.260260 -1.993799 -0.262402 1.246908 2.366193
60.360360 -2.018971 -0.272654 1.289257 2.410968
60.460460 -2.043243 -0.282778 1.331009 2.454871
60.560561 -2.066651 -0.292778 1.372179 2.497927
60.660661 -2.089245 -0.302657 1.412787 2.540180
60.760761 -2.111058 -0.312417 1.452846 2.581653
60.860861 -2.132119 -0.322061 1.492368 2.622368
60.960961 -2.152453 -0.331590 1.531359 2.662343
61.061061 -2.172066 -0.341002 1.569818 2.701570
61.161161 -2.190984 -0.350300 1.607754 2.740072
61.261261 -2.209245 -0.359487 1.645188 2.777884
61.361361 -2.226853 -0.368563 1.682115 2.815000
61.461461 -2.243808 -0.377526 1.718529 2.851410
61.561562 -2.260121 -0.386376 1.754432 2.887121
61.661662 -2.275814 -0.395114 1.789832 2.922147
61.761762 -2.290928 -0.403747 1.824759 2.956536
61.861862 -2.305492 -0.412277 1.859228 2.990317
61.961962 -2.319534 -0.420709 1.893255 3.023516
62.062062 -2.333091 -0.429049 1.926868 3.056177
62.162162 -2.346182 -0.437297 1.960076 3.088316
62.262262 -2.358807 -0.445453 1.992875 3.119928
62.362362 -2.370974 -0.453518 2.025269 3.151017
62.462462 -2.382695 -0.461493 2.057261 3.181593
62.562563 -2.393986 -0.469379 2.088864 3.211672
62.662663 -2.404868 -0.477180 2.120090 3.241276
62.762763 -2.415357 -0.484898 2.150950 3.270423
62.862863 -2.425473 -0.492536 2.181460 3.299133
62.962963 -2.435230 -0.500096 2.211627 3.327422
63.063063 -2.444636 -0.507579 2.241456 3.355295
63.163163 -2.453703 -0.514987 2.270956 3.382767
63.263263 -2.462449 -0.522323 2.300138 3.409855
63.363363 -2.470886 -0.529588 2.329015 3.436576
63.463463 -2.479016 -0.536782 2.357582 3.462925
63.563564 -2.486841 -0.543905 2.385840 3.488903
63.663664 -2.494373 -0.550960 2.413798 3.514523
63.763764 -2.501625 -0.557947 2.441467 3.539801
63.863864 -2.508601 -0.564868 2.468848 3.564739
63.963964 -2.515313 -0.571725 2.495949 3.589350
64.064064 -2.521774 -0.578520 2.522784 3.613650
64.164164 -2.527988 -0.585253 2.549352 3.637643
64.264264 -2.533956 -0.591924 2.575653 3.661325
64.364364 -2.539674 -0.598532 2.601681 3.684688
64.464464 -2.545137 -0.605076 2.627430 3.707726
64.564565 -2.550350 -0.611554 2.652902 3.730439
64.664665 -2.555308 -0.617967 2.678090 3.752819
64.764765 -2.560012 -0.624314 2.702993 3.774864
64.864865 -2.564484 -0.630599 2.727632 3.796604
64.964965 -2.568734 -0.636824 2.752017 3.818055
65.065065 -2.572766 -0.642991 2.776149 3.839214
65.165165 -2.576585 -0.649100 2.800034 3.860092
65.265265 -2.580181 -0.655147 2.823656 3.880668
65.365365 -2.583539 -0.661130 2.847000 3.900920
65.465465 -2.586659 -0.667046 2.870064 3.920845
65.565566 -2.589543 -0.672897 2.892848 3.940443
65.665666 -2.592202 -0.678685 2.915360 3.959729
65.765766 -2.594638 -0.684409 2.937604 3.978703
65.865866 -2.596852 -0.690070 2.959578 3.997367
65.965966 -2.598845 -0.695667 2.981281 4.015717
66.066066 -2.600623 -0.701203 3.002719 4.033764
66.166166 -2.602195 -0.706677 3.023900 4.051516
66.266266 -2.603562 -0.712091 3.044826 4.068977
66.366366 -2.604730 -0.717446 3.065500 4.086152
66.466466 -2.605704 -0.722743 3.085927 4.103048
66.566567 -2.606492 -0.727983 3.106115 4.119673
66.666667 -2.607100 -0.733168 3.126070 4.136039
66.766767 -2.607536 -0.738300 3.145801 4.152156
66.866867 -2.607806 -0.743380 3.165313 4.168030
66.966967 -2.607916 -0.748410 3.184611 4.183669
67.067067 -2.607870 -0.753390 3.203701 4.199081
67.167167 -2.607667 -0.758320 3.222581 4.214262
67.267267 -2.607310 -0.763200 3.241250 4.229213
67.367367 -2.606802 -0.768031 3.259713 4.243939
67.467467 -2.606148 -0.772815 3.277975 4.258447
67.567568 -2.605349 -0.777550 3.296037 4.272738
67.667668 -2.604411 -0.782239 3.313903 4.286818
67.767768 -2.603347 -0.786886 3.331591 4.300710
67.867868 -2.602166 -0.791492 3.349112 4.314427
67.967968 -2.600874 -0.796060 3.366470 4.327976
68.068068 -2.599472 -0.800589 3.383667 4.341359
68.168168 -2.597960 -0.805079 3.400702 4.354575
68.268268 -2.596343 -0.809532 3.417582 4.367632
68.368368 -2.594632 -0.813951 3.434318 4.380545
68.468468 -2.592825 -0.818335 3.450909 4.393311
68.568569 -2.590919 -0.822683 3.467351 4.405927
68.668669 -2.588926 -0.826998 3.483656 4.418407
68.768769 -2.586852 -0.831282 3.499834 4.430764
68.868869 -2.584710 -0.835540 3.515902 4.443019
68.968969 -2.582507 -0.839773 3.531867 4.455181
69.069069 -2.580235 -0.843979 3.547719 4.467239
69.169169 -2.577895 -0.848158 3.563460 4.479192
69.269269 -2.575498 -0.852313 3.579102 4.491058
69.369369 -2.573046 -0.856445 3.594650 4.502841
69.469469 -2.570540 -0.860554 3.610103 4.514541
69.569570 -2.567980 -0.864640 3.625462 4.526158
69.669670 -2.565366 -0.868703 3.640725 4.537690
69.769770 -2.562700 -0.872743 3.655895 4.549141
69.869870 -2.559976 -0.876759 3.670965 4.560501
69.969970 -2.557196 -0.880751 3.685935 4.571772
70.070070 -2.554370 -0.884722 3.700819 4.582968
70.170170 -2.551497 -0.888672 3.715617 4.594093
70.270270 -2.548575 -0.892599 3.730325 4.605137
70.370370 -2.545603 -0.896504 3.744940 4.616101
70.470470 -2.542580 -0.900387 3.759461 4.626981
70.570571 -2.539495 -0.904242 3.773872 4.637758
70.670671 -2.536346 -0.908070 3.788169 4.648426
70.770771 -2.533135 -0.911870 3.802354 4.658989
70.870871 -2.529864 -0.915644 3.816429 4.669448
70.970971 -2.526536 -0.919393 3.830401 4.679812
71.071071 -2.523150 -0.923115 3.844263 4.690073
71.171171 -2.519700 -0.926809 3.858011 4.700225
71.271271 -2.516194 -0.930477 3.871653 4.710278
71.371371 -2.512632 -0.934119 3.885190 4.720233
71.471471 -2.509013 -0.937736 3.898619 4.730087
71.571572 -2.505341 -0.941327 3.911947 4.739848
71.671672 -2.501617 -0.944894 3.925175 4.749517
71.771772 -2.497838 -0.948436 3.938297 4.759087
71.871872 -2.494006 -0.951952 3.951316 4.768561
71.971972 -2.490121 -0.955443 3.964233 4.777940
72.072072 -2.486182 -0.958907 3.977042 4.787219
72.172172 -2.482183 -0.962344 3.989738 4.796390
72.272272 -2.478122 -0.965752 4.002314 4.805443
72.372372 -2.473991 -0.969127 4.014759 4.814367
72.472472 -2.469787 -0.972469 4.027064 4.823151
72.572573 -2.465511 -0.975778 4.039234 4.831800
72.672673 -2.461165 -0.979053 4.051268 4.840315
72.772773 -2.456743 -0.982293 4.063158 4.848684
72.872873 -2.452243 -0.985497 4.074900 4.856903
72.972973 -2.447667 -0.988666 4.086496 4.864975
73.073073 -2.443019 -0.991800 4.097953 4.872908
73.173173 -2.438306 -0.994902 4.109280 4.880712
73.273273 -2.433534 -0.997976 4.120490 4.888403
73.373373 -2.428710 -1.001023 4.131590 4.895989
73.473473 -2.423839 -1.004045 4.142592 4.903485
73.573574 -2.418927 -1.007046 4.153503 4.910900
73.673674 -2.413973 -1.010024 4.164323 4.918231
73.773774 -2.408977 -1.012979 4.175051 4.925479
73.873874 -2.403941 -1.015911 4.185688 4.932645
73.973974 -2.398864 -1.018822 4.196236 4.939731
74.074074 -2.393752 -1.021713 4.206702 4.946745
74.174174 -2.388606 -1.024584 4.217089 4.953690
74.274274 -2.383430 -1.027436 4.227402 4.960574
74.374374 -2.378229 -1.030273 4.237651 4.967406
74.474474 -2.373001 -1.033093 4.247832 4.974183
74.574575 -2.367745 -1.035895 4.257943 4.980901
74.674675 -2.362465 -1.038682 4.267991 4.987569
74.774775 -2.357163 -1.041454 4.277979 4.994191
74.874875 -2.351839 -1.044210 4.287906 5.000766
74.974975 -2.346487 -1.046949 4.297762 5.007281
75.075075 -2.341096 -1.049666 4.307529 5.013715
75.175175 -2.335661 -1.052358 4.317192 5.020051
75.275275 -2.330177 -1.055022 4.326746 5.026284
75.375375 -2.324648 -1.057660 4.336194 5.032416
75.475475 -2.319075 -1.060273 4.345542 5.038454
75.575576 -2.313464 -1.062864 4.354796 5.044407
75.675676 -2.307815 -1.065431 4.363960 5.050277
75.775776 -2.302130 -1.067977 4.373035 5.056067
75.875876 -2.296414 -1.070503 4.382030 5.061787
75.975976 -2.290674 -1.073012 4.390959 5.067451
76.076076 -2.284911 -1.075506 4.399823 5.073063
76.176176 -2.279126 -1.077983 4.408624 5.078625
76.276276 -2.273322 -1.080446 4.417368 5.084142
76.376376 -2.267502 -1.082897 4.426062 5.089623
76.476476 -2.261671 -1.085337 4.434712 5.095074
76.576577 -2.255831 -1.087766 4.443323 5.100502
76.676677 -2.249986 -1.090188 4.451904 5.105918
76.776777 -2.244136 -1.092602 4.460455 5.111319
76.876877 -2.238280 -1.095008 4.468972 5.116703
76.976977 -2.232419 -1.097406 4.477459 5.122073
77.077077 -2.226554 -1.099797 4.485918 5.127432
77.177177 -2.220691 -1.102183 4.494358 5.132790
77.277277 -2.214828 -1.104563 4.502779 5.138146
77.377377 -2.208965 -1.106938 4.511176 5.143496
77.477477 -2.203099 -1.109306 4.519548 5.148837
77.577578 -2.197225 -1.111665 4.527883 5.154155
77.677678 -2.191337 -1.114011 4.536167 5.159437
77.777778 -2.185434 -1.116343 4.544398 5.164678
77.877878 -2.179512 -1.118660 4.552568 5.169869
77.977978 -2.173566 -1.120960 4.560667 5.175000
78.078078 -2.167597 -1.123242 4.568697 5.180072
78.178178 -2.161607 -1.125508 4.576661 5.185088
78.278278 -2.155598 -1.127758 4.584564 5.190054
78.378378 -2.149578 -1.129997 4.592422 5.194990
78.478478 -2.143546 -1.132224 4.600232 5.199890
78.578579 -2.137495 -1.134435 4.607979 5.204738
78.678679 -2.131425 -1.136630 4.615665 5.209536
78.778779 -2.125338 -1.138811 4.623292 5.214286
78.878879 -2.119236 -1.140978 4.630865 5.218995
78.978979 -2.113124 -1.143134 4.638394 5.223672
79.079079 -2.106999 -1.145278 4.645873 5.228312
79.179179 -2.100860 -1.147407 4.653298 5.232909
79.279279 -2.094708 -1.149525 4.660674 5.237470
79.379379 -2.088544 -1.151630 4.668000 5.241993
79.479479 -2.082362 -1.153719 4.675265 5.246466
79.579580 -2.076162 -1.155792 4.682466 5.250884
79.679680 -2.069945 -1.157850 4.689606 5.255254
79.779780 -2.063712 -1.159894 4.696691 5.259578
79.879880 -2.057460 -1.161921 4.703708 5.263845
79.979980 -2.051182 -1.163928 4.710645 5.268040
80.080080 -2.044879 -1.165914 4.717499 5.272160
80.180180 -2.038543 -1.167876 4.724258 5.276192
80.280280 -2.032173 -1.169812 4.730912 5.280125
80.380380 -2.025767 -1.171722 4.737464 5.283960
80.480480 -2.019326 -1.173606 4.743910 5.287694
80.580581 -2.012848 -1.175463 4.750246 5.291324
80.680681 -2.006332 -1.177291 4.756469 5.294844
80.780781 -1.999772 -1.179088 4.762567 5.298244
80.880881 -1.993164 -1.180850 4.768525 5.301504
80.980981 -1.986498 -1.182572 4.774324 5.304604
81.081081 -1.979772 -1.184253 4.779956 5.307535
81.181181 -1.972987 -1.185892 4.785421 5.310298
81.281281 -1.966142 -1.187489 4.790718 5.312892
81.381381 -1.959234 -1.189042 4.795839 5.315307
81.481481 -1.952265 -1.190552 4.800787 5.317547
81.581582 -1.945242 -1.192023 4.805580 5.319632
81.681682 -1.938171 -1.193459 4.810232 5.321577
81.781782 -1.931054 -1.194860 4.814746 5.323386
81.881882 -1.923888 -1.196225 4.819113 5.325049
81.981982 -1.916672 -1.197552 4.823331 5.326564
82.082082 -1.909403 -1.198841 4.827395 5.327925
82.182182 -1.902083 -1.200091 4.831304 5.329130
82.282282 -1.894713 -1.201303 4.835063 5.330187
82.382382 -1.887294 -1.202479 4.838674 5.331098
82.482482 -1.879830 -1.203619 4.842145 5.331869
82.582583 -1.872323 -1.204726 4.845482 5.332509
82.682683 -1.864774 -1.205799 4.848688 5.333021
82.782783 -1.857182 -1.206839 4.851756 5.333397
82.882883 -1.849542 -1.207841 4.854677 5.333626
82.982983 -1.841856 -1.208806 4.857451 5.333711
83.083083 -1.834128 -1.209738 4.860090 5.333663
83.183183 -1.826363 -1.210639 4.862608 5.333499
83.283283 -1.818561 -1.211509 4.865002 5.333213
83.383383 -1.810715 -1.212343 4.867252 5.332786
83.483483 -1.802820 -1.213139 4.869349 5.332207
83.583584 -1.794880 -1.213897 4.871299 5.331481
83.683684 -1.786895 -1.214619 4.873101 5.330611
83.783784 -1.778866 -1.215304 4.874760 5.329598
83.883884 -1.770796 -1.215955 4.876282 5.328451
83.983984 -1.762687 -1.216573 4.877670 5.327174
84.084084 -1.754539 -1.217157 4.878926 5.325767
84.184184 -1.746351 -1.217707 4.880046 5.324228
84.284284 -1.738121 -1.218221 4.881025 5.322549
84.384384 -1.729853 -1.218702 4.881870 5.320741
84.484484 -1.721549 -1.219151 4.882588 5.318809
84.584585 -1.713210 -1.219568 4.883182 5.316757
84.684685 -1.704838 -1.219956 4.883656 5.314590
84.784785 -1.696435 -1.220314 4.884015 5.312313
84.884885 -1.688003 -1.220645 4.884266 5.309932
84.984985 -1.679543 -1.220948 4.884409 5.307450
85.085085 -1.671056 -1.221226 4.884448 5.304871
85.185185 -1.662542 -1.221477 4.884384 5.302194
85.285285 -1.654003 -1.221703 4.884218 5.299422
85.385385 -1.645442 -1.221905 4.883960 5.296565
85.485485 -1.636861 -1.222087 4.883620 5.293633
85.585586 -1.628262 -1.222247 4.883197 5.290627
85.685686 -1.619642 -1.222386 4.882687 5.287542
85.785786 -1.611003 -1.222502 4.882091 5.284378
85.885886 -1.602345 -1.222597 4.881410 5.281138
85.985986 -1.593668 -1.222671 4.880644 5.277820
86.086086 -1.584970 -1.222722 4.879789 5.274422
86.186186 -1.576255 -1.222752 4.878852 5.270949
86.286286 -1.567527 -1.222766 4.877850 5.267420
86.386386 -1.558789 -1.222764 4.876788 5.263842
86.486486 -1.550040 -1.222746 4.875665 5.260213
86.586587 -1.541280 -1.222713 4.874480 5.256532
86.686687 -1.532509 -1.222664 4.873233 5.252799
86.786787 -1.523727 -1.222599 4.871922 5.249011
86.886887 -1.514933 -1.222517 4.870545 5.245167
86.986987 -1.506131 -1.222421 4.869115 5.241281
87.087087 -1.497324 -1.222313 4.867639 5.237360
87.187187 -1.488513 -1.222196 4.866123 5.233411
87.287287 -1.479700 -1.222069 4.864573 5.229440
87.387387 -1.470886 -1.221933 4.862988 5.225446
87.487487 -1.462069 -1.221788 4.861368 5.221428
87.587588 -1.453254 -1.221637 4.859724 5.217400
87.687688 -1.444442 -1.221480 4.858059 5.213364
87.787788 -1.435632 -1.221318 4.856374 5.209321
87.887888 -1.426827 -1.221153 4.854679 5.205282
87.987988 -1.418032 -1.220989 4.852984 5.201258
88.088088 -1.409248 -1.220826 4.851301 5.197261
88.188188 -1.400478 -1.220667 4.849632 5.193294
88.288288 -1.391720 -1.220511 4.847978 5.189356
88.388388 -1.382975 -1.220360 4.846341 5.185453
88.488488 -1.374245 -1.220213 4.844722 5.181582
88.588589 -1.365527 -1.220069 4.843117 5.177742
88.688689 -1.356822 -1.219929 4.841530 5.173935
88.788789 -1.348131 -1.219793 4.839958 5.170159
88.888889 -1.339453 -1.219661 4.838404 5.166417
88.988989 -1.330788 -1.219532 4.836866 5.162705
89.089089 -1.322136 -1.219408 4.835345 5.159028
89.189189 -1.313500 -1.219290 4.833851 5.155392
89.289289 -1.304878 -1.219178 4.832377 5.151793
89.389389 -1.296270 -1.219069 4.830921 5.148227
89.489489 -1.287676 -1.218966 4.829488 5.144700
89.589590 -1.279098 -1.218870 4.828084 5.141219
89.689690 -1.270541 -1.218784 4.826723 5.137797
89.789790 -1.262005 -1.218712 4.825414 5.134446
89.889890 -1.253492 -1.218653 4.824159 5.131166
89.989990 -1.244999 -1.218604 4.822947 5.127946
90.090090 -1.236521 -1.218562 4.821763 5.124771
90.190190 -1.228061 -1.218529 4.820614 5.121647
90.290290 -1.219619 -1.218505 4.819501 5.118576
90.390390 -1.211194 -1.218489 4.818424 5.115556
90.490490 -1.202785 -1.218481 4.817379 5.112585
90.590591 -1.194393 -1.218481 4.816365 5.109662
90.690691 -1.186016 -1.218488 4.815379 5.106782
90.790791 -1.177651 -1.218497 4.814406 5.103930
90.890891 -1.169296 -1.218509 4.813441 5.101101
90.990991 -1.160952 -1.218523 4.812488 5.098299
91.091091 -1.152618 -1.218539 4.811542 5.095518
91.191191 -1.144292 -1.218553 4.810591 5.092746
91.291291 -1.135973 -1.218566 4.809635 5.089983
91.391391 -1.127661 -1.218577 4.808676 5.087230
91.491491 -1.119355 -1.218585 4.807702 5.084477
91.591592 -1.111053 -1.218588 4.806713 5.081721
91.691692 -1.102758 -1.218591 4.805721 5.078976
91.791792 -1.094473 -1.218594 4.804731 5.076247
91.891892 -1.086197 -1.218598 4.803748 5.073539
91.991992 -1.077934 -1.218606 4.802781 5.070863
92.092092 -1.069680 -1.218616 4.801824 5.068210
92.192192 -1.061437 -1.218628 4.800875 5.065580
92.292292 -1.053204 -1.218642 4.799932 5.062970
92.392392 -1.044978 -1.218654 4.798987 5.060373
92.492492 -1.036761 -1.218667 4.798043 5.057790
92.592593 -1.028555 -1.218682 4.797109 5.055232
92.692693 -1.020356 -1.218696 4.796175 5.052687
92.792793 -1.012164 -1.218709 4.795233 5.050148
92.892893 -1.003979 -1.218718 4.794282 5.047612
92.992993 -0.995798 -1.218724 4.793317 5.045076
93.093093 -0.987622 -1.218725 4.792332 5.042532
93.193193 -0.979448 -1.218718 4.791319 5.039973
93.293293 -0.971274 -1.218701 4.790264 5.037384
93.393393 -0.963097 -1.218669 4.789156 5.034752
93.493493 -0.954917 -1.218622 4.787990 5.032073
93.593594 -0.946731 -1.218558 4.786754 5.029334
93.693694 -0.938537 -1.218472 4.785435 5.026521
93.793794 -0.930335 -1.218365 4.784036 5.023638
93.893894 -0.922128 -1.218241 4.782568 5.020696
93.993994 -0.913915 -1.218097 4.781023 5.017687
94.094094 -0.905693 -1.217931 4.779393 5.014602
94.194194 -0.897463 -1.217743 4.777680 5.011443
94.294294 -0.889227 -1.217535 4.775887 5.008215
94.394394 -0.880983 -1.217305 4.774011 5.004912
94.494494 -0.872731 -1.217052 4.772044 5.001528
94.594595 -0.864471 -1.216776 4.769988 4.998064
94.694695 -0.856203 -1.216478 4.767848 4.994524
94.794795 -0.847927 -1.216157 4.765618 4.990905
94.894895 -0.839644 -1.215814 4.763302 4.987209
94.994995 -0.831354 -1.215448 4.760898 4.983434
95.095095 -0.823056 -1.215059 4.758405 4.979579
95.195195 -0.814751 -1.214647 4.755822 4.975644
95.295295 -0.806438 -1.214212 4.753150 4.971628
95.395395 -0.798117 -1.213751 4.750378 4.967522
95.495495 -0.789785 -1.213263 4.747500 4.963318
95.595596 -0.781443 -1.212746 4.744508 4.959008
95.695696 -0.773088 -1.212195 4.741387 4.954577
95.795796 -0.764716 -1.211605 4.738115 4.950001
95.895896 -0.756324 -1.210971 4.734670 4.945258
95.995996 -0.747912 -1.210291 4.731049 4.940344
96.096096 -0.739480 -1.209566 4.727249 4.935257
96.196196 -0.731030 -1.208797 4.723281 4.930008
96.296296 -0.722564 -1.207990 4.719164 4.924616
96.396396 -0.714084 -1.207145 4.714898 4.919083
96.496496 -0.705591 -1.206264 4.710497 4.913421
96.596597 -0.697089 -1.205354 4.705979 4.907652
96.696697 -0.688577 -1.204412 4.701342 4.901771
96.796797 -0.680054 -1.203438 4.696574 4.895768
96.896897 -0.671518 -1.202426 4.691666 4.889631
96.996997 -0.662969 -1.201377 4.686610 4.883354
97.097097 -0.654407 -1.200288 4.681400 4.876929
97.197197 -0.645832 -1.199160 4.676040 4.870362
97.297297 -0.637245 -1.197997 4.670545 4.863668
97.397397 -0.628650 -1.196802 4.664923 4.856856
97.497497 -0.620046 -1.195574 4.659175 4.849924
97.597598 -0.611431 -1.194311 4.653294 4.842868
97.697698 -0.602806 -1.193012 4.647272 4.835679
97.797798 -0.594171 -1.191676 4.641105 4.828352
97.897898 -0.585523 -1.190298 4.634779 4.820873
97.997998 -0.576860 -1.188875 4.628275 4.813224
98.098098 -0.568183 -1.187404 4.621587 4.805395
98.198198 -0.559489 -1.185882 4.614703 4.797377
98.298298 -0.550779 -1.184308 4.607616 4.789161
98.398398 -0.542050 -1.182678 4.600311 4.780733
98.498498 -0.533302 -1.180987 4.592768 4.772071
98.598599 -0.524532 -1.179229 4.584969 4.763156
98.698699 -0.515739 -1.177401 4.576900 4.753975
98.798799 -0.506922 -1.175502 4.568554 4.744519
98.898899 -0.498082 -1.173530 4.559923 4.734782
98.998999 -0.489219 -1.171484 4.551009 4.724763
99.099099 -0.480333 -1.169365 4.541811 4.714465
99.199199 -0.471425 -1.167171 4.532320 4.703877
99.299299 -0.462493 -1.164899 4.522531 4.692993
99.399399 -0.453539 -1.162550 4.512443 4.681812
99.499499 -0.444562 -1.160122 4.502049 4.670328
99.599600 -0.435561 -1.157610 4.491331 4.658522
99.699700 -0.426534 -1.155010 4.480270 4.646375
99.799800 -0.417483 -1.152319 4.468860 4.633879
99.899900 -0.408407 -1.149538 4.457100 4.621036
100.000000 -0.399307 -1.146667 4.444993 4.607847
