0.000000 0.989428 0.258346 -0.201241 1.042213
0.100100 0.952285 0.353994 -0.165377 1.029324
0.200200 0.906913 0.446545 -0.128094 1.018971
0.300300 0.853456 0.535074 -0.089680 1.011303
0.400400 0.792219 0.618688 -0.050459 1.006446
0.500501 0.723672 0.696550 -0.010784 1.004489
0.600601 0.648432 0.767930 0.028980 1.005495
0.700701 0.567248 0.832222 0.068466 1.009481
0.800801 0.480892 0.888873 0.107313 1.016301
0.900901 0.390210 0.937467 0.145178 1.025760
1.001001 0.296132 0.977843 0.181764 1.037742
1.101101 0.199598 1.010021 0.216818 1.052137
1.201201 0.101482 1.034060 0.250119 1.068709
1.301301 0.002605 1.050081 0.281472 1.087154
1.401401 -0.096266 1.058270 0.310720 1.107135
1.501502 -0.194431 1.058952 0.337757 1.128390
1.601602 -0.291266 1.052531 0.362521 1.150686
1.701702 -0.386207 1.039361 0.384954 1.173719
1.801802 -0.478761 1.019838 0.405026 1.197217
1.901902 -0.568518 0.994416 0.422749 1.220980
2.002002 -0.655122 0.963528 0.438139 1.244804
2.102102 -0.738315 0.927664 0.451260 1.268584
2.202202 -0.817893 0.887298 0.462181 1.292229
2.302302 -0.893717 0.842893 0.470991 1.315686
2.402402 -0.965738 0.794934 0.477805 1.338980
2.502503 -1.033911 0.743839 0.482723 1.362090
2.602603 -1.098254 0.690016 0.485861 1.385043
2.702703 -1.158809 0.633842 0.487331 1.407866
2.802803 -1.215587 0.575630 0.487220 1.430519
2.902903 -1.268579 0.515651 0.485598 1.452926
3.003003 -1.317800 0.454166 0.482540 1.475029
3.103103 -1.363256 0.391408 0.478110 1.496749
3.203203 -1.404980 0.327604 0.472378 1.518037
3.303303 -1.443102 0.262982 0.465441 1.538940
3.403403 -1.477759 0.197752 0.457393 1.559515
3.503504 -1.509064 0.132097 0.448313 1.579781
3.603604 -1.537116 0.066179 0.438273 1.599746
3.703704 -1.562007 0.000148 0.427338 1.619408
3.803804 -1.583841 -0.065861 0.415572 1.638777
3.903904 -1.602730 -0.131726 0.403040 1.657871
4.004004 -1.618779 -0.197335 0.389799 1.676702
4.104104 -1.632084 -0.262588 0.375904 1.695274
4.204204 -1.642711 -0.327388 0.361397 1.713561
4.304304 -1.650686 -0.391637 0.346313 1.731495
4.404404 -1.656093 -0.455255 0.330697 1.749075
4.504505 -1.659018 -0.518169 0.314590 1.766298
4.604605 -1.659491 -0.580294 0.298025 1.783107
4.704705 -1.657555 -0.641555 0.281033 1.799461
4.804805 -1.653261 -0.701881 0.263647 1.815329
4.904905 -1.646696 -0.761221 0.245905 1.830720
5.005005 -1.637958 -0.819533 0.227844 1.845658
5.105105 -1.627139 -0.876782 0.209500 1.860166
5.205205 -1.614326 -0.932934 0.190906 1.874262
5.305305 -1.599594 -0.987953 0.172091 1.887953
5.405405 -1.582995 -1.041795 0.153081 1.901221
5.505506 -1.564584 -1.094422 0.133902 1.914056
5.605606 -1.544439 -1.145811 0.114582 1.926475
5.705706 -1.522631 -1.195942 0.095144 1.938488
5.805806 -1.499202 -1.244775 0.075613 1.950074
5.905906 -1.474161 -1.292243 0.056006 1.961168
6.006006 -1.447531 -1.338293 0.036347 1.971725
6.106106 -1.419346 -1.382878 0.016655 1.981709
6.206206 -1.389638 -1.425953 -0.003047 1.991091
6.306306 -1.358480 -1.467512 -0.022738 1.999894
6.406406 -1.325963 -1.507575 -0.042400 2.008172
6.506507 -1.292194 -1.546187 -0.062013 2.016012
6.606607 -1.257259 -1.583374 -0.081563 2.023469
6.706707 -1.221202 -1.619116 -0.101032 2.030537
6.806807 -1.184067 -1.653398 -0.120403 2.037213
6.906907 -1.145905 -1.686213 -0.139660 2.043507
7.007007 -1.106752 -1.717535 -0.158788 2.049400
7.107107 -1.066635 -1.747327 -0.177768 2.054863
7.207207 -1.025602 -1.775582 -0.196586 2.059902
7.307307 -0.983699 -1.802293 -0.215227 2.064521
7.407407 -0.940974 -1.827459 -0.233677 2.068730
7.507508 -0.897484 -1.851098 -0.251927 2.072561
7.607608 -0.853263 -1.873186 -0.269959 2.075997
7.707708 -0.808349 -1.893705 -0.287760 2.079027
7.807808 -0.762792 -1.912673 -0.305320 2.081680
7.907908 -0.716631 -1.930072 -0.322623 2.083944
8.008008 -0.669890 -1.945858 -0.339651 2.085781
8.108108 -0.622609 -1.960015 -0.356390 2.087179
8.208208 -0.574825 -1.972527 -0.372824 2.088129
8.308308 -0.526573 -1.983360 -0.388935 2.088604
8.408408 -0.477896 -1.992524 -0.404713 2.088619
8.508509 -0.428843 -2.000040 -0.420152 2.088204
8.608609 -0.379452 -2.005888 -0.435235 2.087343
8.708709 -0.329757 -2.010024 -0.449940 2.085997
8.808809 -0.279792 -2.012395 -0.464246 2.084116
8.908909 -0.229598 -2.012978 -0.478133 2.081684
9.009009 -0.179219 -2.011771 -0.491591 2.078703
9.109109 -0.128700 -2.008779 -0.504607 2.075183
9.209209 -0.078085 -2.003994 -0.517167 2.071124
9.309309 -0.027421 -1.997429 -0.529262 2.066541
9.409409 0.023249 -1.989141 -0.540896 2.061502
9.509510 0.073878 -1.979146 -0.552060 2.056027
9.609610 0.124424 -1.967421 -0.562736 2.050097
9.709710 0.174839 -1.953939 -0.572905 2.043689
9.809810 0.225070 -1.938633 -0.582533 2.036737
9.909910 0.275062 -1.921436 -0.591587 2.029175
10.010010 0.324762 -1.902341 -0.600051 2.020998
10.110110 0.374121 -1.881366 -0.607917 2.012229
10.210210 0.423077 -1.858471 -0.615157 2.002830
10.310310 0.471556 -1.833567 -0.621727 1.992706
10.410410 0.519490 -1.806631 -0.627601 1.981835
10.510511 0.566826 -1.777685 -0.632771 1.970242
10.610611 0.613493 -1.746712 -0.637214 1.957912
10.710711 0.659418 -1.713686 -0.640902 1.944815
10.810811 0.704528 -1.678600 -0.643814 1.930946
10.910911 0.748755 -1.641464 -0.645933 1.916316
11.011011 0.792034 -1.602302 -0.647248 1.900952
11.111111 0.834308 -1.561151 -0.647754 1.884900
11.211211 0.875511 -1.518042 -0.647441 1.868195
11.311311 0.915551 -1.472961 -0.646280 1.850817
11.411411 0.954334 -1.425899 -0.644242 1.832754
11.511512 0.991783 -1.376883 -0.641315 1.814036
11.611612 1.027820 -1.325942 -0.637484 1.794693
11.711712 1.062344 -1.273087 -0.632725 1.774729
11.811812 1.095242 -1.218319 -0.627006 1.754136
11.911912 1.126437 -1.161689 -0.620322 1.732969
12.012012 1.155870 -1.103275 -0.612676 1.711322
12.112112 1.183461 -1.043134 -0.604063 1.689260
12.212212 1.209127 -0.981326 -0.594474 1.666850
12.312312 1.232740 -0.917884 -0.583885 1.644105
12.412412 1.254196 -0.852864 -0.572282 1.621078
12.512513 1.273447 -0.786374 -0.559681 1.597903
12.612613 1.290421 -0.718504 -0.546085 1.574688
12.712713 1.304938 -0.649297 -0.531459 1.551418
12.812813 1.316782 -0.578787 -0.515751 1.528041
12.912913 1.325785 -0.507056 -0.498938 1.504577
13.013013 1.331740 -0.434188 -0.480985 1.481012
13.113113 1.334398 -0.360272 -0.461849 1.457299
13.213213 1.333521 -0.285430 -0.441497 1.433411
13.313313 1.328911 -0.209815 -0.419916 1.409382
13.413413 1.320395 -0.133611 -0.397108 1.385276
13.513514 1.307821 -0.057023 -0.373087 1.361191
13.613614 1.290999 0.019722 -0.347862 1.337189
13.713714 1.269680 0.096370 -0.321433 1.313276
13.813814 1.243611 0.172628 -0.293809 1.289454
13.913914 1.212525 0.248159 -0.265008 1.265713
14.014014 1.176228 0.322594 -0.235076 1.242111
14.114114 1.134582 0.395531 -0.204083 1.218758
14.214214 1.087460 0.466527 -0.172114 1.195759
14.314314 1.034721 0.535078 -0.139266 1.173180
14.414414 0.976284 0.600647 -0.105659 1.151117
14.514515 0.912208 0.662711 -0.071453 1.129785
14.614615 0.842634 0.720741 -0.036826 1.109440
14.714715 0.767653 0.774100 -0.001975 1.090195
14.814815 0.687419 0.822116 0.032876 1.072147
14.914915 0.602195 0.864105 0.067474 1.055400
15.015015 0.512369 0.899436 0.101541 1.040105
15.115115 0.418478 0.927559 0.134783 1.026478
15.215215 0.321154 0.947994 0.166898 1.014735
15.315315 0.221130 0.960352 0.197581 1.005094
15.415415 0.119197 0.964266 0.226517 0.997661
15.515516 0.016232 0.959585 0.253426 0.992619
15.615616 -0.086847 0.946385 0.278077 0.990209
15.715716 -0.189128 0.924825 0.300263 0.990570
15.815816 -0.289713 0.895126 0.319798 0.993708
15.915916 -0.387768 0.857694 0.336562 0.999639
16.016016 -0.482553 0.813096 0.350507 1.008384
16.116116 -0.573371 0.761869 0.361585 1.019776
16.216216 -0.659591 0.704578 0.369775 1.033549
16.316316 -0.740757 0.641922 0.375141 1.049532
16.416416 -0.816604 0.574687 0.377822 1.067641
16.516517 -0.886986 0.503633 0.377981 1.087778
16.616617 -0.951764 0.429426 0.375760 1.109711
16.716717 -1.010767 0.352642 0.371267 1.133069
16.816817 -1.063940 0.273848 0.364639 1.157550
16.916917 -1.111417 0.193611 0.356064 1.183011
17.017017 -1.153432 0.112444 0.345746 1.209376
17.117117 -1.190214 0.030789 0.333865 1.236536
17.217217 -1.221965 -0.050974 0.320579 1.264345
17.317317 -1.248919 -0.132514 0.306041 1.292679
17.417417 -1.271315 -0.213548 0.290391 1.321428
17.517518 -1.289458 -0.293846 0.273776 1.350556
17.617618 -1.303659 -0.373224 0.256330 1.380047
17.717718 -1.314130 -0.451511 0.238156 1.409794
17.817818 -1.321034 -0.528549 0.219343 1.439655
17.917918 -1.324556 -0.604211 0.199974 1.469527
18.018018 -1.324890 -0.678395 0.180130 1.499333
18.118118 -1.322271 -0.751044 0.159891 1.529063
18.218218 -1.316938 -0.822127 0.139330 1.558727
18.318318 -1.309046 -0.891589 0.118505 1.588261
18.418418 -1.298745 -0.959384 0.097468 1.617608
18.518519 -1.286145 -1.025456 0.076266 1.646677
18.618619 -1.271369 -1.089767 0.054942 1.675407
18.718719 -1.254592 -1.152336 0.033539 1.703821
18.818819 -1.235951 -1.213167 0.012093 1.731905
18.918919 -1.215548 -1.272240 -0.009363 1.759614
19.019019 -1.193498 -1.329560 -0.030799 1.786929
19.119119 -1.169941 -1.385174 -0.052188 1.813889
19.219219 -1.144992 -1.439111 -0.073507 1.840503
19.319319 -1.118720 -1.491352 -0.094733 1.866719
19.419419 -1.091187 -1.541882 -0.115843 1.892487
19.519520 -1.062489 -1.590733 -0.136822 1.917820
19.619620 -1.032726 -1.637956 -0.157654 1.942750
19.719720 -1.001973 -1.683575 -0.178325 1.967276
19.819820 -0.970306 -1.727622 -0.198824 1.991407
19.919920 -0.937805 -1.770146 -0.219143 2.015172
20.020020 -0.904541 -1.811191 -0.239272 2.038592
20.120120 -0.870586 -1.850813 -0.259209 2.061703
20.220220 -0.836003 -1.889059 -0.278947 2.084528
20.320320 -0.800854 -1.925979 -0.298484 2.107096
20.420420 -0.765194 -1.961627 -0.317818 2.129439
20.520521 -0.729062 -1.996015 -0.336943 2.151543
20.620621 -0.692479 -2.029117 -0.355846 2.173354
20.720721 -0.655466 -2.060905 -0.374514 2.194818
20.820821 -0.618053 -2.091377 -0.392937 2.215908
20.920921 -0.580269 -2.120533 -0.411108 2.236601
21.021021 -0.542141 -2.148366 -0.429017 2.256867
21.121121 -0.503688 -2.174838 -0.446650 2.276647
21.221221 -0.464940 -2.199962 -0.464002 2.295931
21.321321 -0.425935 -2.223788 -0.481075 2.314754
21.421421 -0.386701 -2.246332 -0.497865 2.333113
21.521522 -0.347265 -2.267601 -0.514369 2.350996
21.621622 -0.307655 -2.287624 -0.530585 2.368416
21.721722 -0.267900 -2.306440 -0.546517 2.385397
21.821822 -0.228024 -2.324076 -0.562165 2.401948
21.921922 -0.188050 -2.340544 -0.577525 2.418066
22.022022 -0.148003 -2.355886 -0.592603 2.433780
22.122122 -0.107902 -2.370125 -0.607399 2.449096
22.222222 -0.067768 -2.383271 -0.621911 2.464010
22.322322 -0.027620 -2.395335 -0.636136 2.478520
22.422422 0.012524 -2.406360 -0.650080 2.492655
22.522523 0.052647 -2.416396 -0.663753 2.506454
22.622623 0.092731 -2.425439 -0.677148 2.519897
22.722723 0.132761 -2.433485 -0.690261 2.532969
22.822823 0.172721 -2.440528 -0.703085 2.545651
22.922923 0.212595 -2.446587 -0.715621 2.557948
23.023023 0.252371 -2.451712 -0.727879 2.569901
23.123123 0.292040 -2.455951 -0.739870 2.581548
23.223223 0.331591 -2.459331 -0.751598 2.592906
23.323323 0.371013 -2.461872 -0.763065 2.603984
23.423423 0.410294 -2.463584 -0.774271 2.614782
23.523524 0.449419 -2.464455 -0.785207 2.625274
23.623624 0.488365 -2.464440 -0.795857 2.635404
23.723724 0.527107 -2.463470 -0.806195 2.645086
23.823824 0.565624 -2.461532 -0.816211 2.654293
23.923924 0.603905 -2.458634 -0.825904 2.663024
24.024024 0.641937 -2.454786 -0.835274 2.671281
24.124124 0.679709 -2.450009 -0.844323 2.679073
24.224224 0.717209 -2.444308 -0.853049 2.686396
24.324324 0.754419 -2.437677 -0.861447 2.693234
24.424424 0.791319 -2.430093 -0.869503 2.699551
24.524525 0.827896 -2.421570 -0.877218 2.705351
24.624625 0.864141 -2.412126 -0.884595 2.710645
24.724725 0.900037 -2.401753 -0.891628 2.715416
24.824825 0.935567 -2.390448 -0.898309 2.719648
24.924925 0.970713 -2.378204 -0.904633 2.723325
25.025025 1.005453 -2.365006 -0.910590 2.726420
25.125125 1.039762 -2.350836 -0.916167 2.728900
25.225225 1.073627 -2.335700 -0.921364 2.730766
25.325325 1.107039 -2.319615 -0.926182 2.732026
25.425425 1.139976 -2.302573 -0.930612 2.732660
25.525526 1.172428 -2.284585 -0.934656 2.732672
25.625626 1.204385 -2.265665 -0.938314 2.732071
25.725726 1.235827 -2.245811 -0.941579 2.730844
25.825826 1.266737 -2.225023 -0.944449 2.728980
25.925926 1.297093 -2.203293 -0.946914 2.726462
26.026026 1.326872 -2.180614 -0.948965 2.723271
26.126126 1.356053 -2.156981 -0.950597 2.719390
26.226226 1.384615 -2.132395 -0.951804 2.714811
26.326326 1.412554 -2.106877 -0.952589 2.709551
26.426426 1.439872 -2.080460 -0.952963 2.703643
26.526527 1.466582 -2.053193 -0.952942 2.697139
26.626627 1.492687 -2.025106 -0.952536 2.690073
26.726727 1.518171 -1.996202 -0.951740 2.682438
26.826827 1.543013 -1.966480 -0.950549 2.674224
26.926927 1.567199 -1.935949 -0.948960 2.665433
27.027027 1.590717 -1.904617 -0.946974 2.656070
27.127127 1.613548 -1.872488 -0.944586 2.646127
27.227227 1.635691 -1.839583 -0.941801 2.635629
27.327327 1.657157 -1.805942 -0.938632 2.624619
27.427427 1.677944 -1.771585 -0.935086 2.613120
27.527528 1.698044 -1.736525 -0.931163 2.601142
27.627628 1.717443 -1.700771 -0.926862 2.588688
27.727728 1.736119 -1.664324 -0.922177 2.575751
27.827828 1.754064 -1.627199 -0.917109 2.562344
27.927928 1.771272 -1.589412 -0.911662 2.548483
28.028028 1.787695 -1.550943 -0.905817 2.534123
28.128128 1.803281 -1.511770 -0.899554 2.519220
28.228228 1.818001 -1.471892 -0.892864 2.503757
28.328328 1.831796 -1.431286 -0.885726 2.487683
28.428428 1.844606 -1.389932 -0.878117 2.470945
28.528529 1.856370 -1.347811 -0.870017 2.453494
28.628629 1.867047 -1.304921 -0.861412 2.435306
28.728729 1.876614 -1.261276 -0.852300 2.416384
28.828829 1.885021 -1.216872 -0.842667 2.396700
28.928929 1.892219 -1.171707 -0.832499 2.376225
29.029029 1.898175 -1.125793 -0.821790 2.354956
29.129129 1.902851 -1.079140 -0.810533 2.332885
29.229229 1.906188 -1.031748 -0.798710 2.309977
29.329329 1.908132 -0.983621 -0.786309 2.286210
29.429429 1.908653 -0.934780 -0.773326 2.261593
29.529530 1.907739 -0.885256 -0.759768 2.236156
29.629630 1.905375 -0.835078 -0.745637 2.209928
29.729730 1.901529 -0.784271 -0.730932 2.182924
29.829830 1.896162 -0.732855 -0.715647 2.155146
29.929930 1.889209 -0.680846 -0.699768 2.126579
30.030030 1.880568 -0.628248 -0.683270 2.097163
30.130130 1.870157 -0.575078 -0.666134 2.066866
30.230230 1.857888 -0.521357 -0.648341 2.035659
30.330330 1.843647 -0.467101 -0.629866 2.003485
30.430430 1.827339 -0.412342 -0.610689 1.970313
30.530531 1.808857 -0.357112 -0.590792 1.936112
30.630631 1.788072 -0.301448 -0.570147 1.900827
30.730731 1.764831 -0.245390 -0.548725 1.864388
30.830831 1.738979 -0.188989 -0.526497 1.826736
30.930931 1.710400 -0.132312 -0.503448 1.787858
31.031031 1.678948 -0.075435 -0.479560 1.747723
31.131131 1.644443 -0.018441 -0.454805 1.706276
31.231231 1.606705 0.038567 -0.429161 1.663480
31.331331 1.565546 0.095471 -0.402611 1.619304
31.431431 1.520776 0.152132 -0.375137 1.573732
31.531532 1.472228 0.208392 -0.346738 1.526797
31.631632 1.419727 0.264067 -0.317414 1.478550
31.731732 1.363084 0.318948 -0.287171 1.429053
31.831832 1.302048 0.372773 -0.256010 1.378343
31.931932 1.236385 0.425247 -0.223947 1.326512
32.032032 1.165889 0.476028 -0.191016 1.273729
32.132132 1.090290 0.524692 -0.157258 1.220149
32.232232 1.009264 0.570708 -0.122727 1.165925
32.332332 0.922445 0.613406 -0.087503 1.111228
32.432432 0.829483 0.651971 -0.051709 1.056306
32.532533 0.729992 0.685343 -0.015524 1.001411
32.632633 0.623733 0.712293 0.020786 0.947014
32.732733 0.510763 0.731496 0.056850 0.893978
32.832833 0.391330 0.741320 0.092162 0.843320
32.932933 0.266027 0.739858 0.126046 0.796271
33.033033 0.136012 0.725007 0.157622 0.754307
33.133133 0.003206 0.694744 0.185819 0.719172
33.233233 -0.129573 0.647546 0.209459 0.692805
33.333333 -0.258753 0.582818 0.227403 0.677009
33.433433 -0.380386 0.501263 0.238760 0.673027
33.533534 -0.490684 0.404843 0.243023 0.680977
33.633634 -0.586791 0.296710 0.240255 0.700059
33.733734 -0.667320 0.180665 0.231100 0.728947
33.833834 -0.732207 0.060348 0.216518 0.765930
33.933934 -0.782377 -0.061219 0.197574 0.809257
34.034034 -0.819193 -0.181761 0.175252 0.857221
34.134134 -0.844151 -0.299686 0.150390 0.908306
34.234234 -0.858846 -0.413976 0.123697 0.961402
34.334334 -0.864712 -0.524007 0.095733 1.015616
34.434434 -0.863064 -0.629481 0.066939 1.070330
34.534535 -0.855077 -0.730318 0.037656 1.125139
34.634635 -0.841697 -0.826533 0.008141 1.179694
34.734735 -0.823774 -0.918267 -0.021414 1.233806
34.834835 -0.802030 -1.005720 -0.050863 1.287366
34.934935 -0.777063 -1.089103 -0.080100 1.340294
35.035035 -0.749384 -1.168657 -0.109050 1.392562
35.135135 -0.719408 -1.244593 -0.137657 1.444129
35.235235 -0.687456 -1.317075 -0.165875 1.494923
35.335335 -0.653817 -1.386284 -0.193676 1.544918
35.435435 -0.618746 -1.452416 -0.221041 1.594120
35.535536 -0.582453 -1.515629 -0.247956 1.642518
35.635636 -0.545099 -1.576031 -0.274406 1.690061
35.735736 -0.506831 -1.633733 -0.300381 1.736718
35.835836 -0.467785 -1.688866 -0.325878 1.782495
35.935936 -0.428090 -1.741589 -0.350905 1.827437
36.036036 -0.387861 -1.792067 -0.375475 1.871609
36.136136 -0.347190 -1.840417 -0.399593 1.915032
36.236236 -0.306151 -1.886720 -0.423263 1.957701
36.336336 -0.264810 -1.931055 -0.446486 1.999612
36.436436 -0.223229 -1.973517 -0.469271 2.040788
36.536537 -0.181466 -2.014206 -0.491631 2.081264
36.636637 -0.139565 -2.053190 -0.513569 2.121042
36.736737 -0.097569 -2.090515 -0.535087 2.160114
36.836837 -0.055515 -2.126253 -0.556195 2.198497
36.936937 -0.013439 -2.160509 -0.576911 2.236248
37.037037 0.028629 -2.193375 -0.597251 2.273417
37.137137 0.070664 -2.224926 -0.617229 2.310035
37.237237 0.112643 -2.255202 -0.636848 2.346103
37.337337 0.154541 -2.284195 -0.656101 2.381574
37.437437 0.196338 -2.311933 -0.674989 2.416442
37.537538 0.238017 -2.338460 -0.693519 2.450717
37.637638 0.279561 -2.363811 -0.711696 2.484405
37.737738 0.320953 -2.388014 -0.729523 2.517504
37.837838 0.362175 -2.411066 -0.746994 2.549982
37.937938 0.403215 -2.433009 -0.764118 2.581858
38.038038 0.444071 -2.453935 -0.780918 2.613202
38.138138 0.484741 -2.473914 -0.797412 2.644067
38.238238 0.525212 -2.492955 -0.813600 2.674437
38.338338 0.565470 -2.511056 -0.829477 2.704291
38.438438 0.605510 -2.528258 -0.845053 2.733650
38.538539 0.645332 -2.544612 -0.860341 2.762552
38.638639 0.684936 -2.560165 -0.875355 2.791027
38.738739 0.724323 -2.574962 -0.890106 2.819106
38.838839 0.763498 -2.589061 -0.904611 2.846838
38.938939 0.802465 -2.602499 -0.918882 2.874247
39.039039 0.841219 -2.615299 -0.932923 2.901341
39.139139 0.879757 -2.627471 -0.946736 2.928119
39.239239 0.918067 -2.639008 -0.960316 2.954558
39.339339 0.956146 -2.649924 -0.973667 2.980661
39.439439 0.993998 -2.660250 -0.986796 3.006448
39.539540 1.031623 -2.670007 -0.999711 3.031931
39.639640 1.069018 -2.679208 -1.012413 3.057112
39.739740 1.106177 -2.687854 -1.024902 3.081982
39.839840 1.143096 -2.695951 -1.037177 3.106535
39.939940 1.179762 -2.703489 -1.049233 3.130748
40.040040 1.216167 -2.710462 -1.061066 3.154604
40.140140 1.252306 -2.716874 -1.072675 3.178098
40.240240 1.288180 -2.722741 -1.084065 3.201237
40.340340 1.323777 -2.728056 -1.095231 3.224004
40.440440 1.359089 -2.732814 -1.106170 3.246383
40.540541 1.394122 -2.737037 -1.116888 3.268392
40.640641 1.428877 -2.740746 -1.127392 3.290044
40.740741 1.463362 -2.743965 -1.137691 3.311361
40.840841 1.497583 -2.746714 -1.147791 3.332359
40.940941 1.531530 -2.748991 -1.157689 3.353025
41.041041 1.565193 -2.750783 -1.167380 3.373338
41.141141 1.598569 -2.752095 -1.176863 3.393296
41.241241 1.631657 -2.752939 -1.186141 3.412903
41.341341 1.664453 -2.753313 -1.195213 3.432152
41.441441 1.696962 -2.753237 -1.204085 3.451060
41.541542 1.729185 -2.752722 -1.212762 3.469633
41.641642 1.761121 -2.751773 -1.221243 3.487870
41.741742 1.792777 -2.750409 -1.229536 3.505790
41.841842 1.824159 -2.748648 -1.237648 3.523407
41.941942 1.855264 -2.746492 -1.245578 3.540719
42.042042 1.886093 -2.743949 -1.253328 3.557729
42.142142 1.916654 -2.741038 -1.260905 3.574456
42.242242 1.946956 -2.737779 -1.268319 3.590920
42.342342 1.977003 -2.734181 -1.275572 3.607128
42.442442 2.006803 -2.730264 -1.282671 3.623099
42.542543 2.036369 -2.726047 -1.289626 3.638854
42.642643 2.065690 -2.721524 -1.296431 3.654381
42.742743 2.094776 -2.716710 -1.303094 3.669694
42.842843 2.123652 -2.711643 -1.309632 3.684840
42.942943 2.152328 -2.706341 -1.316052 3.699837
43.043043 2.180797 -2.700798 -1.322350 3.714673
43.143143 2.209047 -2.695002 -1.328521 3.729328
43.243243 2.237077 -2.688957 -1.334564 3.743804
43.343343 2.264883 -2.682661 -1.340479 3.758091
43.443443 2.292459 -2.676111 -1.346262 3.772183
43.543544 2.319798 -2.669303 -1.351911 3.786067
43.643644 2.346893 -2.662231 -1.357423 3.799733
43.743744 2.373749 -2.654906 -1.362801 3.813193
43.843844 2.400385 -2.647353 -1.368058 3.826474
43.943944 2.426819 -2.639594 -1.373204 3.839609
44.044044 2.453059 -2.631641 -1.378245 3.852608
44.144144 2.479090 -2.623481 -1.383173 3.865451
44.244244 2.504907 -2.615111 -1.387986 3.878127
44.344344 2.530522 -2.606548 -1.392693 3.890659
44.444444 2.555938 -2.597795 -1.397293 3.903049
44.544545 2.581143 -2.588844 -1.401783 3.915279
44.644645 2.606129 -2.579691 -1.406158 3.927340
44.744745 2.630893 -2.570334 -1.410418 3.939225
44.844845 2.655429 -2.560769 -1.414559 3.950926
44.944945 2.679739 -2.551002 -1.418585 3.962448
45.045045 2.703826 -2.541039 -1.422497 3.973796
45.145145 2.727682 -2.530874 -1.426291 3.984957
45.245245 2.751315 -2.520518 -1.429973 3.995944
45.345345 2.774729 -2.509976 -1.433545 4.006763
45.445445 2.797918 -2.499246 -1.437005 4.017407
45.545546 2.820897 -2.488343 -1.440362 4.027897
45.645646 2.843686 -2.477288 -1.443625 4.038262
45.745746 2.866287 -2.466083 -1.446797 4.048504
45.845846 2.888712 -2.454741 -1.449883 4.058642
45.945946 2.910971 -2.443273 -1.452891 4.068688
46.046046 2.933053 -2.431672 -1.455814 4.078630
46.146146 2.954957 -2.419936 -1.458652 4.088463
46.246246 2.976677 -2.408065 -1.461404 4.098181
46.346346 2.998211 -2.396057 -1.464067 4.107779
46.446446 3.019564 -2.383918 -1.466647 4.117267
46.546547 3.040737 -2.371652 -1.469143 4.126645
46.646647 3.061727 -2.359256 -1.471553 4.135907
46.746747 3.082528 -2.346729 -1.473877 4.145049
46.846847 3.103138 -2.334069 -1.476113 4.154065
46.946947 3.123555 -2.321279 -1.478261 4.162954
47.047047 3.143784 -2.308362 -1.480324 4.171723
47.147147 3.163823 -2.295319 -1.482301 4.180368
47.247247 3.183675 -2.282154 -1.484194 4.188895
47.347347 3.203353 -2.268877 -1.486009 4.197320
47.447447 3.222862 -2.255493 -1.487749 4.205649
47.547548 3.242207 -2.242008 -1.489417 4.213890
47.647648 3.261398 -2.228429 -1.491018 4.222055
47.747748 3.280449 -2.214768 -1.492559 4.230163
47.847848 3.299368 -2.201031 -1.494042 4.238222
47.947948 3.318145 -2.187211 -1.495465 4.246221
48.048048 3.336759 -2.173297 -1.496818 4.254133
48.148148 3.355187 -2.159274 -1.498091 4.261927
48.248248 3.373420 -2.145139 -1.499280 4.269593
48.348348 3.391459 -2.130893 -1.500387 4.277133
48.448448 3.409292 -2.116529 -1.501405 4.284528
48.548549 3.426907 -2.102044 -1.502331 4.291769
48.648649 3.444308 -2.087439 -1.503166 4.298857
48.748749 3.461490 -2.072713 -1.503909 4.305786
48.848849 3.478453 -2.057868 -1.504560 4.312558
48.948949 3.495204 -2.042911 -1.505123 4.319182
49.049049 3.511740 -2.027840 -1.505597 4.325653
49.149149 3.528068 -2.012660 -1.505984 4.331980
49.249249 3.544194 -1.997377 -1.506289 4.338172
49.349349 3.560114 -1.981991 -1.506509 4.344222
49.449449 3.575822 -1.966497 -1.506643 4.350125
49.549550 3.591313 -1.950898 -1.506688 4.355875
49.649650 3.606593 -1.935194 -1.506648 4.361477
49.749750 3.621659 -1.919388 -1.506522 4.366930
49.849850 3.636522 -1.903485 -1.506315 4.372246
49.949950 3.651200 -1.887498 -1.506033 4.377447
50.050050 3.665700 -1.871430 -1.505682 4.382543
50.150150 3.680028 -1.855286 -1.505264 4.387541
50.250250 3.694178 -1.839063 -1.504775 4.392431
50.350350 3.708141 -1.822759 -1.504213 4.397206
50.450450 3.721913 -1.806372 -1.503577 4.401859
50.550551 3.735500 -1.789907 -1.502869 4.406398
50.650651 3.748906 -1.773367 -1.502092 4.410828
50.750751 3.762121 -1.756747 -1.501241 4.415137
50.850851 3.775147 -1.740050 -1.500317 4.419328
50.950951 3.787981 -1.723277 -1.499321 4.423398
51.051051 3.800618 -1.706424 -1.498249 4.427339
51.151151 3.813056 -1.689494 -1.497101 4.431151
51.251251 3.825294 -1.672485 -1.495879 4.434832
51.351351 3.837338 -1.655403 -1.494583 4.438389
51.451451 3.849201 -1.638254 -1.493220 4.441838
51.551552 3.860890 -1.621042 -1.491792 4.445187
51.651652 3.872414 -1.603772 -1.490303 4.448447
51.751752 3.883779 -1.586446 -1.488756 4.451623
51.851852 3.894973 -1.569061 -1.487147 4.454702
51.951952 3.905979 -1.551612 -1.485469 4.457666
52.052052 3.916789 -1.534096 -1.483719 4.460505
52.152152 3.927413 -1.516517 -1.481901 4.463230
52.252252 3.937849 -1.498876 -1.480015 4.465841
52.352352 3.948098 -1.481175 -1.478062 4.468335
52.452452 3.958161 -1.463415 -1.476043 4.470719
52.552553 3.968032 -1.445595 -1.473954 4.472981
52.652653 3.977708 -1.427714 -1.471796 4.475121
52.752753 3.987189 -1.409773 -1.469568 4.477138
52.852853 3.996461 -1.391770 -1.467267 4.479018
52.952953 4.005497 -1.373694 -1.464881 4.480727
53.053053 4.014276 -1.355541 -1.462405 4.482246
53.153153 4.022797 -1.337312 -1.459837 4.483573
53.253253 4.031063 -1.319008 -1.457179 4.484710
53.353353 4.039084 -1.300634 -1.454436 4.485669
53.453453 4.046867 -1.282194 -1.451609 4.486460
53.553554 4.054410 -1.263688 -1.448700 4.487079
53.653654 4.061718 -1.245120 -1.445709 4.487533
53.753754 4.068794 -1.226490 -1.442639 4.487825
53.853854 4.075632 -1.207799 -1.439486 4.487948
53.953954 4.082216 -1.189043 -1.436247 4.487886
54.054054 4.088529 -1.170219 -1.432916 4.487619
54.154154 4.094556 -1.151322 -1.429487 4.487133
54.254254 4.100286 -1.132353 -1.425956 4.486415
54.354354 4.105719 -1.113312 -1.422326 4.485465
54.454454 4.110861 -1.094201 -1.418597 4.484291
54.554555 4.115715 -1.075025 -1.414772 4.482897
54.654655 4.120292 -1.055786 -1.410854 4.481294
54.754755 4.124594 -1.036487 -1.406844 4.479486
54.854855 4.128613 -1.017126 -1.402741 4.477463
54.954955 4.132348 -0.997706 -1.398544 4.475226
55.055055 4.135801 -0.978228 -1.394254 4.472776
55.155155 4.138962 -0.958691 -1.389869 4.470104
55.255255 4.141829 -0.939095 -1.385387 4.467208
55.355355 4.144408 -0.919445 -1.380812 4.464095
55.455455 4.146706 -0.899742 -1.376146 4.460772
55.555556 4.148749 -0.879994 -1.371398 4.457269
55.655656 4.150552 -0.860204 -1.366573 4.453600
55.755756 4.152102 -0.840372 -1.361668 4.449754
55.855856 4.153404 -0.820500 -1.356684 4.445737
55.955956 4.154485 -0.800595 -1.351631 4.441577
56.056056 4.155358 -0.780659 -1.346512 4.437288
56.156156 4.156028 -0.760695 -1.341330 4.432876
56.256256 4.156482 -0.740701 -1.336082 4.428328
56.356356 4.156712 -0.720677 -1.330764 4.423636
56.456456 4.156733 -0.700627 -1.325381 4.418817
56.556557 4.156559 -0.680554 -1.319940 4.413885
56.656657 4.156184 -0.660458 -1.314437 4.408833
56.756757 4.155609 -0.640340 -1.308873 4.403665
56.856857 4.154848 -0.620203 -1.303254 4.398396
56.956957 4.153905 -0.600049 -1.297580 4.393028
57.057057 4.152770 -0.579877 -1.291849 4.387554
57.157157 4.151440 -0.559687 -1.286059 4.381969
57.257257 4.149910 -0.539481 -1.280211 4.376269
57.357357 4.148158 -0.519255 -1.274296 4.370432
57.457457 4.146177 -0.499010 -1.268314 4.364449
57.557558 4.143960 -0.478747 -1.262262 4.358315
57.657658 4.141508 -0.458467 -1.256142 4.352031
57.757758 4.138825 -0.438171 -1.249954 4.345601
57.857858 4.135918 -0.417861 -1.243701 4.339034
57.957958 4.132790 -0.397538 -1.237384 4.332333
58.058058 4.129441 -0.377204 -1.231003 4.325498
58.158158 4.125867 -0.356859 -1.224558 4.318527
58.258258 4.122051 -0.336504 -1.218044 4.311400
58.358358 4.117982 -0.316137 -1.211458 4.304108
58.458458 4.113656 -0.295760 -1.204799 4.296648
58.558559 4.109073 -0.275375 -1.198067 4.289018
58.658659 4.104233 -0.254982 -1.191263 4.281220
58.758759 4.099133 -0.234583 -1.184386 4.273253
58.858859 4.093772 -0.214178 -1.177436 4.265114
58.958959 4.088160 -0.193771 -1.170417 4.256815
59.059059 4.082290 -0.173361 -1.163326 4.248350
59.159159 4.076154 -0.152949 -1.156163 4.239710
59.259259 4.069748 -0.132537 -1.148925 4.230891
59.359359 4.063066 -0.112126 -1.141612 4.221890
59.459459 4.056117 -0.091718 -1.134227 4.212715
59.559560 4.048896 -0.071313 -1.126768 4.203362
59.659660 4.041398 -0.050913 -1.119235 4.193826
59.759760 4.033630 -0.030519 -1.111630 4.184116
59.859860 4.025609 -0.010133 -1.103957 4.174248
59.959960 4.017348 0.010243 -1.096222 4.164239
60.060060 4.008867 0.030609 -1.088429 4.154109
60.160160 4.000189 0.050964 -1.080585 4.143884
60.260260 3.991311 0.071306 -1.072690 4.133559
60.360360 3.982228 0.091635 -1.064742 4.123132
60.460460 3.972941 0.111949 -1.056743 4.112602
60.560561 3.963447 0.132247 -1.048691 4.101969
60.660661 3.953747 0.152529 -1.040587 4.091235
60.760761 3.943847 0.172793 -1.032433 4.080405
60.860861 3.933742 0.193038 -1.024229 4.069475
60.960961 3.923418 0.213262 -1.015970 4.058434
61.061061 3.912879 0.233465 -1.007658 4.047283
61.161161 3.902118 0.253645 -0.999291 4.036018
61.261261 3.891142 0.273800 -0.990872 4.024647
61.361361 3.879982 0.293933 -0.982409 4.013201
61.461461 3.868644 0.314042 -0.973904 4.001690
61.561562 3.857139 0.334128 -0.965359 3.990123
61.661662 3.845471 0.354189 -0.956776 3.978507
61.761762 3.833633 0.374225 -0.948153 3.966835
61.861862 3.821620 0.394233 -0.939490 3.955103
61.961962 3.809407 0.414211 -0.930781 3.943286
62.062062 3.796970 0.434154 -0.922019 3.931359
62.162162 3.784306 0.454062 -0.913205 3.919322
62.262262 3.771429 0.473933 -0.904343 3.907189
62.362362 3.758342 0.493768 -0.895432 3.894964
62.462462 3.745047 0.513566 -0.886475 3.882650
62.562563 3.731546 0.533325 -0.877472 3.870250
62.662663 3.717841 0.553045 -0.868424 3.857767
62.762763 3.703936 0.572724 -0.859332 3.845206
62.862863 3.689843 0.592365 -0.850199 3.832581
62.962963 3.675571 0.611966 -0.841027 3.819902
63.063063 3.661123 0.631528 -0.831818 3.807174
63.163163 3.646508 0.651050 -0.822574 3.794406
63.263263 3.631725 0.670532 -0.813294 3.781598
63.363363 3.616772 0.689973 -0.803980 3.768751
63.463463 3.601645 0.709370 -0.794629 3.755861
63.563564 3.586346 0.728722 -0.785243 3.742930
63.663664 3.570874 0.748029 -0.775823 3.729959
63.763764 3.555209 0.767285 -0.766363 3.716927
63.863864 3.539335 0.786485 -0.756861 3.703821
63.963964 3.523259 0.805630 -0.747318 3.690648
64.064064 3.506994 0.824721 -0.737738 3.677422
64.164164 3.490538 0.843757 -0.728121 3.664143
64.264264 3.473892 0.862736 -0.718468 3.650813
64.364364 3.457072 0.881661 -0.708781 3.637450
64.464464 3.440087 0.900533 -0.699063 3.624065
64.564565 3.422935 0.919351 -0.689314 3.610657
64.664665 3.405608 0.938111 -0.679533 3.597218
64.764765 3.388089 0.956807 -0.669716 3.583733
64.864865 3.370360 0.975433 -0.659861 3.570184
64.964965 3.352397 0.993980 -0.649963 3.556545
65.065065 3.334194 1.012446 -0.640021 3.542813
65.165165 3.315746 1.030825 -0.630035 3.528982
65.265265 3.297031 1.049111 -0.620002 3.515032
65.365365 3.278042 1.067299 -0.609920 3.500955
65.465465 3.258755 1.085379 -0.599785 3.486729
65.565566 3.239158 1.103343 -0.589597 3.472338
65.665666 3.219235 1.121186 -0.579352 3.457771
65.765766 3.198991 1.138906 -0.569052 3.443033
65.865866 3.178435 1.156503 -0.558700 3.428133
65.965966 3.157539 1.173965 -0.548291 3.413044
66.066066 3.136275 1.191279 -0.537821 3.397737
66.166166 3.114627 1.208436 -0.527289 3.382196
66.266266 3.092592 1.225431 -0.516694 3.366419
66.366366 3.070158 1.242256 -0.506036 3.350394
66.466466 3.047316 1.258905 -0.495313 3.334114
66.566567 3.024070 1.275374 -0.484528 3.317581
66.666667 3.000403 1.291655 -0.473679 3.300782
66.766767 2.976311 1.307741 -0.462766 3.283712
66.866867 2.951796 1.323628 -0.451790 3.266375
66.966967 2.926843 1.339308 -0.440750 3.248756
67.067067 2.901456 1.354777 -0.429649 3.230862
67.167167 2.875648 1.370037 -0.418488 3.212707
67.267267 2.849403 1.385077 -0.407267 3.194276
67.367367 2.822715 1.399889 -0.395986 3.175565
67.467467 2.795618 1.414486 -0.384651 3.156613
67.567568 2.768131 1.428873 -0.373265 3.137444
67.667668 2.740252 1.443046 -0.361830 3.118058
67.767768 2.711972 1.456994 -0.350346 3.098446
67.867868 2.683280 1.470709 -0.338811 3.078599
67.967968 2.654181 1.484187 -0.327229 3.058524
68.068068 2.624641 1.497405 -0.315596 3.038184
68.168168 2.594629 1.510342 -0.303910 3.017547
68.268268 2.564136 1.522985 -0.292170 2.996604
68.368368 2.533154 1.535324 -0.280379 2.975349
68.468468 2.501675 1.547349 -0.268537 2.953774
68.568569 2.469668 1.559034 -0.256641 2.931845
68.668669 2.437095 1.570346 -0.244690 2.909518
68.768769 2.403946 1.581275 -0.232685 2.886785
68.868869 2.370237 1.591820 -0.220630 2.863668
68.968969 2.335968 1.601976 -0.208526 2.840169
69.069069 2.301135 1.611731 -0.196376 2.816286
69.169169 2.265727 1.621068 -0.184181 2.792007
69.269269 2.229732 1.629970 -0.171942 2.767322
69.369369 2.193152 1.638431 -0.159662 2.742237
69.469469 2.155969 1.646425 -0.147342 2.716731
69.569570 2.118140 1.653911 -0.134982 2.690754
69.669670 2.079630 1.660849 -0.122583 2.664264
69.769770 2.040390 1.667189 -0.110145 2.637203
69.869870 2.000394 1.672895 -0.097670 2.609539
69.969970 1.959609 1.677924 -0.085162 2.581230
70.070070 1.917967 1.682203 -0.072620 2.552191
70.170170 1.875407 1.685659 -0.060049 2.522341
70.270270 1.831892 1.688241 -0.047451 2.491634
70.370370 1.787388 1.689893 -0.034833 2.460022
70.470470 1.741849 1.690548 -0.022199 2.427443
70.570571 1.695242 1.690149 -0.009557 2.393855
70.670671 1.647546 1.688645 0.003087 2.359225
70.770771 1.598729 1.685973 0.015723 2.323507
70.870871 1.548756 1.682062 0.028342 2.286653
70.970971 1.497600 1.676846 0.040935 2.248621
71.071071 1.445239 1.670260 0.053489 2.209377
71.171171 1.391648 1.662231 0.065991 2.168883
71.271271 1.336786 1.652661 0.078427 2.127073
71.371371 1.280614 1.641448 0.090781 2.083882
71.471471 1.223109 1.628504 0.103033 2.039273
71.571572 1.164259 1.613743 0.115165 1.993220
71.671672 1.104035 1.597052 0.127154 1.945671
71.771772 1.042387 1.578273 0.138972 1.896531
71.871872 0.979296 1.557280 0.150590 1.845757
71.971972 0.914786 1.534001 0.161981 1.793385
72.072072 0.848882 1.508352 0.173117 1.739453
72.172172 0.781592 1.480206 0.183961 1.683964
72.272272 0.712903 1.449371 0.194466 1.626875
72.372372 0.642840 1.415703 0.204584 1.568220
72.472472 0.571437 1.379038 0.214264 1.508043
72.572573 0.498716 1.339138 0.223435 1.446351
72.672673 0.424699 1.295696 0.232009 1.383121
72.772773 0.349418 1.248328 0.239874 1.318315
72.872873 0.272936 1.196569 0.246887 1.251888
72.972973 0.195347 1.139836 0.252866 1.183777
73.073073 0.116823 1.077461 0.257585 1.113966
73.173173 0.037635 1.008625 0.260749 1.042464
73.273273 -0.041786 0.932394 0.261990 0.969404
73.373373 -0.120769 0.847627 0.260818 0.895032
73.473473 -0.198247 0.752829 0.256537 0.819673
73.573574 -0.272539 0.646322 0.248239 0.744065
73.673674 -0.341012 0.526395 0.234743 0.669691
73.773774 -0.399522 0.391508 0.214501 0.599089
73.873874 -0.441735 0.241146 0.185642 0.536418
73.973974 -0.458730 0.077608 0.146344 0.487722
74.074074 -0.440870 -0.091267 0.096077 0.460355
74.174174 -0.383311 -0.251633 0.037237 0.460036
74.274274 -0.290828 -0.389266 -0.025048 0.486555
74.374374 -0.175522 -0.497110 -0.085572 0.534087
74.474474 -0.049570 -0.576013 -0.141230 0.595142
74.574575 0.078760 -0.630768 -0.191050 0.663755
74.674675 0.204906 -0.666697 -0.235213 0.736069
74.774775 0.326694 -0.688126 -0.274288 0.809617
74.874875 0.443191 -0.698309 -0.308893 0.882875
74.974975 0.554150 -0.699717 -0.339625 0.955003
75.075075 0.659778 -0.694377 -0.367085 1.025777
75.175175 0.760476 -0.683846 -0.391802 1.095206
75.275275 0.856616 -0.669230 -0.414174 1.163271
75.375375 0.948499 -0.651302 -0.434491 1.229889
75.475475 1.036404 -0.630660 -0.452991 1.295015
75.575576 1.120613 -0.607785 -0.469880 1.358662
75.675676 1.201424 -0.583085 -0.485349 1.420905
75.775776 1.279117 -0.556890 -0.499563 1.481833
75.875876 1.353959 -0.529470 -0.512668 1.541549
75.975976 1.426222 -0.501058 -0.524801 1.600183
76.076076 1.496074 -0.471817 -0.536052 1.657770
76.176176 1.563575 -0.441852 -0.546465 1.714242
76.276276 1.628834 -0.411270 -0.556099 1.769602
76.376376 1.691964 -0.380166 -0.565010 1.823870
76.476476 1.753037 -0.348616 -0.573238 1.877038
76.576577 1.812158 -0.316693 -0.580833 1.929139
76.676677 1.869479 -0.284471 -0.587854 1.980264
76.776777 1.925146 -0.252012 -0.594360 2.030507
76.876877 1.979249 -0.219363 -0.600386 2.079906
76.976977 2.031878 -0.186564 -0.605970 2.128505
77.077077 2.083093 -0.153651 -0.611135 2.176320
77.177177 2.132918 -0.120649 -0.615897 2.223336
77.277277 2.181418 -0.087585 -0.620279 2.269581
77.377377 2.228669 -0.054485 -0.624310 2.315102
77.477477 2.274758 -0.021370 -0.628019 2.359956
77.577578 2.319771 0.011742 -0.631435 2.404201
77.677678 2.363760 0.044836 -0.634575 2.447868
77.777778 2.406747 0.077897 -0.637450 2.490952
77.877878 2.448761 0.110915 -0.640070 2.533461
77.977978 2.489873 0.143879 -0.642458 2.575446
78.078078 2.530154 0.176782 -0.644635 2.616961
78.178178 2.569652 0.209619 -0.646616 2.658038
78.278278 2.608387 0.242381 -0.648408 2.698678
78.378378 2.646373 0.275061 -0.650018 2.738882
78.478478 2.683639 0.307655 -0.651453 2.778661
78.578579 2.720192 0.340155 -0.652719 2.818012
78.678679 2.756045 0.372555 -0.653820 2.856933
78.778779 2.791245 0.404856 -0.654769 2.895459
78.878879 2.825831 0.437056 -0.655577 2.933619
78.978979 2.859821 0.469152 -0.656251 2.971421
79.079079 2.893224 0.501141 -0.656792 3.008864
79.179179 2.926029 0.533014 -0.657201 3.045925
79.279279 2.958240 0.564768 -0.657479 3.082600
79.379379 2.989866 0.596400 -0.657630 3.118889
79.479479 3.020920 0.627906 -0.657659 3.154796
79.579580 3.051426 0.659287 -0.657571 3.190339
79.679680 3.081416 0.690546 -0.657375 3.225542
79.779780 3.110914 0.721684 -0.657077 3.260423
79.879880 3.139939 0.752701 -0.656682 3.294997
79.979980 3.168540 0.783606 -0.656201 3.329307
80.080080 3.196770 0.814408 -0.655646 3.363402
80.180180 3.224660 0.845114 -0.655024 3.397308
80.280280 3.252213 0.875720 -0.654336 3.431025
80.380380 3.279450 0.906231 -0.653588 3.464567
80.480480 3.306392 0.936650 -0.652784 3.497952
80.580581 3.333025 0.966971 -0.651922 3.531160
80.680681 3.359330 0.997186 -0.650998 3.564165
80.780781 3.385324 1.027299 -0.650016 3.596982
80.880881 3.411039 1.057317 -0.648984 3.629640
80.980981 3.436479 1.087240 -0.647902 3.662138
81.081081 3.461631 1.117062 -0.646769 3.694459
81.181181 3.486490 1.146778 -0.645584 3.726593
81.281281 3.511042 1.176384 -0.644344 3.758520
81.381381 3.535275 1.205873 -0.643049 3.790226
81.481481 3.559200 1.235247 -0.641700 3.821717
81.581582 3.582827 1.264508 -0.640301 3.853001
81.681682 3.606155 1.293653 -0.638850 3.884072
81.781782 3.629168 1.322675 -0.637346 3.914912
81.881882 3.651868 1.351574 -0.635790 3.945519
81.981982 3.674262 1.380350 -0.634183 3.975897
82.082082 3.696347 1.408999 -0.632526 4.006039
82.182182 3.718115 1.437519 -0.630817 4.035935
82.282282 3.739561 1.465904 -0.629056 4.065575
82.382382 3.760701 1.494160 -0.627246 4.094976
82.482482 3.781557 1.522293 -0.625390 4.124156
82.582583 3.802132 1.550304 -0.623492 4.153118
82.682683 3.822439 1.578196 -0.621552 4.181874
82.782783 3.842497 1.605976 -0.619573 4.210441
82.882883 3.862318 1.633647 -0.617559 4.238830
82.982983 3.881906 1.661211 -0.615511 4.267044
83.083083 3.901273 1.688670 -0.613430 4.295094
83.183183 3.920433 1.716031 -0.611319 4.322993
83.283283 3.939403 1.743299 -0.609180 4.350757
83.383383 3.958174 1.770470 -0.607014 4.378376
83.483483 3.976734 1.797537 -0.604817 4.405832
83.583584 3.995082 1.824500 -0.602591 4.433124
83.683684 4.013216 1.851355 -0.600335 4.460249
83.783784 4.031140 1.878105 -0.598050 4.487208
83.883884 4.048856 1.904748 -0.595736 4.514000
83.983984 4.066373 1.931288 -0.593396 4.540637
84.084084 4.083702 1.957731 -0.591031 4.567127
84.184184 4.100850 1.984077 -0.588642 4.593477
84.284284 4.117834 2.010336 -0.586231 4.619705
84.384384 4.134662 2.036508 -0.583801 4.645817
84.484484 4.151318 2.062588 -0.581350 4.671796
84.584585 4.167801 2.088572 -0.578876 4.697637
84.684685 4.184126 2.114469 -0.576383 4.723357
84.784785 4.200312 2.140286 -0.573873 4.748976
84.884885 4.216370 2.166029 -0.571347 4.774505
84.984985 4.232300 2.191698 -0.568807 4.799942
85.085085 4.248114 2.217298 -0.566254 4.825301
85.185185 4.263830 2.242837 -0.563690 4.850599
85.285285 4.279464 2.268325 -0.561118 4.875855
85.385385 4.295019 2.293763 -0.558537 4.901072
85.485485 4.310492 2.319147 -0.555948 4.926242
85.585586 4.325891 2.344483 -0.553352 4.951377
85.685686 4.341218 2.369772 -0.550749 4.976476
85.785786 4.356470 2.395011 -0.548139 5.001536
85.885886 4.371655 2.420204 -0.545523 5.026564
85.985986 4.386785 2.445358 -0.542902 5.051574
86.086086 4.401860 2.470473 -0.540277 5.076564
86.186186 4.416868 2.495542 -0.537646 5.101521
86.286286 4.431796 2.520557 -0.535008 5.126427
86.386386 4.446625 2.545507 -0.532359 5.151261
86.486486 4.461344 2.570386 -0.529700 5.176008
86.586587 4.475956 2.595194 -0.527031 5.200670
86.686687 4.490457 2.619930 -0.524350 5.225244
86.786787 4.504836 2.644586 -0.521658 5.249715
86.886887 4.519099 2.669166 -0.518955 5.274089
86.986987 4.533252 2.693671 -0.516241 5.298372
87.087087 4.547289 2.718100 -0.513516 5.322556
87.187187 4.561199 2.742444 -0.510780 5.346628
87.287287 4.574975 2.766700 -0.508030 5.370579
87.387387 4.588622 2.790869 -0.505268 5.394414
87.487487 4.602145 2.814954 -0.502495 5.418137
87.587588 4.615553 2.838961 -0.499712 5.441759
87.687688 4.628861 2.862897 -0.496920 5.465296
87.787788 4.642082 2.886772 -0.494121 5.488764
87.887888 4.655214 2.910583 -0.491315 5.512159
87.987988 4.668246 2.934323 -0.488500 5.535468
88.088088 4.681168 2.957986 -0.485676 5.558678
88.188188 4.693973 2.981567 -0.482842 5.581779
88.288288 4.706664 3.005066 -0.479999 5.604775
88.388388 4.719237 3.028482 -0.477146 5.627661
88.488488 4.731689 3.051813 -0.474283 5.650432
88.588589 4.744020 3.075057 -0.471409 5.673088
88.688689 4.756231 3.098216 -0.468526 5.695629
88.788789 4.768325 3.121290 -0.465634 5.718058
88.888889 4.780308 3.144283 -0.462733 5.740382
88.988989 4.792182 3.167197 -0.459824 5.762602
89.089089 4.803952 3.190033 -0.456907 5.784723
89.189189 4.815622 3.212795 -0.453983 5.806752
89.289289 4.827197 3.235486 -0.451052 5.828692
89.389389 4.838682 3.258108 -0.448114 5.850548
89.489489 4.850084 3.280666 -0.445171 5.872330
89.589590 4.861401 3.303159 -0.442223 5.894035
89.689690 4.872628 3.325583 -0.439268 5.915654
89.789790 4.883756 3.347931 -0.436307 5.937178
89.889890 4.894773 3.370194 -0.433338 5.958590
89.989990 4.905671 3.392369 -0.430360 5.979882
90.090090 4.916459 3.414459 -0.427375 6.001062
90.190190 4.927147 3.436471 -0.424384 6.022143
90.290290 4.937747 3.458414 -0.421387 6.043140
90.390390 4.948273 3.480298 -0.418385 6.064069
90.490490 4.958734 3.502127 -0.415381 6.084938
90.590591 4.969126 3.523900 -0.412373 6.105746
90.690691 4.979439 3.545609 -0.409360 6.126478
90.790791 4.989671 3.567253 -0.406343 6.147132
90.890891 4.999832 3.588838 -0.403322 6.167718
90.990991 5.009925 3.610366 -0.400298 6.188241
91.091091 5.019947 3.631835 -0.397270 6.208697
91.191191 5.029891 3.653241 -0.394238 6.229077
91.291291 5.039766 3.674588 -0.391203 6.249391
91.391391 5.049580 3.695883 -0.388165 6.269648
91.491491 5.059334 3.717126 -0.385125 6.289850
91.591592 5.069031 3.738319 -0.382082 6.310000
91.691692 5.078675 3.759465 -0.379038 6.330102
91.791792 5.088275 3.780571 -0.375992 6.350168
91.891892 5.097843 3.801646 -0.372946 6.370213
91.991992 5.107388 3.822696 -0.369901 6.390246
92.092092 5.116911 3.843722 -0.366856 6.410270
92.192192 5.126421 3.864729 -0.363812 6.430294
92.292292 5.135917 3.885719 -0.360769 6.450319
92.392392 5.145394 3.906686 -0.357727 6.470336
92.492492 5.154854 3.927633 -0.354686 6.490348
92.592593 5.164305 3.948566 -0.351646 6.510367
92.692693 5.173749 3.969486 -0.348608 6.530392
92.792793 5.183186 3.990392 -0.345571 6.550424
92.892893 5.192614 4.011283 -0.342536 6.570461
92.992993 5.202025 4.032154 -0.339502 6.590493
93.093093 5.211413 4.053000 -0.336468 6.610510
93.193193 5.220773 4.073817 -0.333435 6.630508
93.293293 5.230103 4.094601 -0.330402 6.650481
93.393393 5.239402 4.115355 -0.327369 6.670431
93.493493 5.248684 4.136087 -0.324337 6.690373
93.593594 5.257954 4.156802 -0.321306 6.710315
93.693694 5.267204 4.177494 -0.318276 6.730245
93.793794 5.276424 4.198155 -0.315246 6.750151
93.893894 5.285612 4.218782 -0.312216 6.770029
93.993994 5.294766 4.239375 -0.309186 6.789878
94.094094 5.303880 4.259927 -0.306156 6.809688
94.194194 5.312948 4.280436 -0.303126 6.829453
94.294294 5.321975 4.300904 -0.300095 6.849178
94.394394 5.330964 4.321334 -0.297064 6.868868
94.494494 5.339919 4.341729 -0.294033 6.888527
94.594595 5.348839 4.362088 -0.291002 6.908152
94.694695 5.357718 4.382407 -0.287971 6.927739
94.794795 5.366557 4.402684 -0.284940 6.947284
94.894895 5.375356 4.422921 -0.281908 6.966790
94.994995 5.384113 4.443117 -0.278877 6.986254
95.095095 5.392832 4.463273 -0.275845 7.005679
95.195195 5.401519 4.483396 -0.272814 7.025075
95.295295 5.410176 4.503487 -0.269784 7.044444
95.395395 5.418799 4.523542 -0.266753 7.063779
95.495495 5.427378 4.543552 -0.263723 7.083068
95.595596 5.435902 4.563510 -0.260691 7.102297
95.695696 5.444362 4.583406 -0.257659 7.121452
95.795796 5.452753 4.603236 -0.254625 7.140528
95.895896 5.461078 4.623004 -0.251591 7.159528
95.995996 5.469337 4.642708 -0.248555 7.178451
96.096096 5.477527 4.662346 -0.245518 7.197295
96.196196 5.485645 4.681916 -0.242480 7.216053
96.296296 5.493690 4.701416 -0.239440 7.234727
96.396396 5.501665 4.720849 -0.236400 7.253317
96.496496 5.509568 4.740213 -0.233358 7.271823
96.596597 5.517393 4.759502 -0.230315 7.290236
96.696697 5.525141 4.778718 -0.227271 7.308555
96.796797 5.532813 4.797860 -0.224226 7.326784
96.896897 5.540410 4.816931 -0.221179 7.344922
96.996997 5.547933 4.835930 -0.218132 7.362972
97.097097 5.555385 4.854858 -0.215083 7.380936
97.197197 5.562765 4.873718 -0.212034 7.398813
97.297297 5.570073 4.892507 -0.208984 7.416604
97.397397 5.577313 4.911229 -0.205934 7.434312
97.497497 5.584492 4.929890 -0.202883 7.451948
97.597598 5.591615 4.948495 -0.199832 7.469517
97.697698 5.598687 4.967047 -0.196781 7.487027
97.797798 5.605709 4.985547 -0.193730 7.504477
97.897898 5.612678 5.003993 -0.190680 7.521866
97.997998 5.619597 5.022388 -0.187630 7.539195
98.098098 5.626468 5.040732 -0.184579 7.556466
98.198198 5.633284 5.059020 -0.181530 7.573673
98.298298 5.640040 5.077246 -0.178480 7.590806
98.398398 5.646734 5.095411 -0.175430 7.607864
98.498498 5.653366 5.113511 -0.172380 7.624845
98.598599 5.659931 5.131544 -0.169330 7.641742
98.698699 5.666419 5.149500 -0.166279 7.658545
98.798799 5.672826 5.167376 -0.163229 7.675244
98.898899 5.679153 5.185170 -0.160177 7.691841
98.998999 5.685400 5.202885 -0.157126 7.708338
99.099099 5.691566 5.220519 -0.154074 7.724732
99.199199 5.697651 5.238072 -0.151022 7.741023
99.299299 5.703656 5.255543 -0.147969 7.757211
99.399399 5.709577 5.272931 -0.144916 7.773292
99.499499 5.715417 5.290236 -0.141864 7.789270
99.599600 5.721178 5.307461 -0.138811 7.805145
99.699700 5.726859 5.324605 -0.135758 7.820919
99.799800 5.732465 5.341672 -0.132705 7.836595
99.899900 5.737994 5.358660 -0.129652 7.852173
100.000000 5.743441 5.375566 -0.126600 7.867646
