0.000000 -0.279810 0.871720 -0.568356 1.077598
0.100100 -0.339161 0.899197 -0.479962 1.074220
0.200200 -0.395916 0.919833 -0.387947 1.073939
0.300300 -0.449639 0.933458 -0.293007 1.076742
0.400400 -0.499952 0.940032 -0.195882 1.082581
0.500501 -0.546543 0.939633 -0.097332 1.091372
0.600601 -0.589183 0.932462 0.001894 1.103008
0.700701 -0.627721 0.918820 0.101080 1.117354
0.800801 -0.662024 0.898998 0.199558 1.134151
0.900901 -0.692024 0.873351 0.296715 1.153117
1.001001 -0.717770 0.842350 0.392028 1.174067
1.101101 -0.739381 0.806513 0.485061 1.196843
1.201201 -0.756966 0.766299 0.575431 1.221201
1.301301 -0.770633 0.722137 0.662802 1.246861
1.401401 -0.780503 0.674432 0.746886 1.273532
1.501502 -0.786748 0.623610 0.827480 1.300994
1.601602 -0.789559 0.570082 0.904442 1.329064
1.701702 -0.789090 0.514203 0.977624 1.357504
1.801802 -0.785506 0.456310 1.046925 1.386105
1.901902 -0.778993 0.396732 1.112301 1.414723
2.002002 -0.769727 0.335770 1.173721 1.443205
2.102102 -0.757908 0.273711 1.231228 1.471484
2.202202 -0.743733 0.210819 1.284882 1.499502
2.302302 -0.727394 0.147331 1.334773 1.527229
2.402402 -0.709100 0.083467 1.381052 1.554701
2.502503 -0.689026 0.019413 1.423840 1.581914
2.602603 -0.667350 -0.044667 1.463289 1.608902
2.702703 -0.644235 -0.108628 1.499556 1.635698
2.802803 -0.619811 -0.172346 1.532743 1.662278
2.902903 -0.594184 -0.235705 1.562924 1.688592
3.003003 -0.567457 -0.298603 1.590180 1.714597
3.103103 -0.539723 -0.360944 1.614575 1.740240
3.203203 -0.511071 -0.422643 1.636190 1.765485
3.303303 -0.481609 -0.483643 1.655173 1.790379
3.403403 -0.451438 -0.543900 1.671676 1.814972
3.503504 -0.420642 -0.603368 1.685817 1.839286
3.603604 -0.389295 -0.662010 1.697703 1.863331
3.703704 -0.357464 -0.719790 1.707427 1.887110
3.803804 -0.325214 -0.776681 1.715089 1.910635
3.903904 -0.292604 -0.832664 1.720790 1.933925
4.004004 -0.259689 -0.887724 1.724623 1.956991
4.104104 -0.226517 -0.941846 1.726670 1.979842
4.204204 -0.193132 -0.995005 1.726990 2.002456
4.304304 -0.159568 -1.047166 1.725611 2.024784
4.404404 -0.125866 -1.098316 1.722599 2.046824
4.504505 -0.092063 -1.148449 1.718024 2.068578
4.604605 -0.058190 -1.197534 1.711910 2.090002
4.704705 -0.024279 -1.245547 1.704293 2.111064
4.804805 0.009641 -1.292469 1.695212 2.131740
4.904905 0.043539 -1.338304 1.684732 2.152039
5.005005 0.077390 -1.383062 1.672921 2.171984
5.105105 0.111170 -1.426754 1.659847 2.191592
5.205205 0.144855 -1.469391 1.645570 2.210881
5.305305 0.178426 -1.510979 1.630142 2.229856
5.405405 0.211861 -1.551512 1.613599 2.248505
5.505506 0.245140 -1.590986 1.595979 2.266821
5.605606 0.278248 -1.629415 1.577332 2.284818
5.705706 0.311169 -1.666810 1.557706 2.302505
5.805806 0.343885 -1.703163 1.537128 2.319867
5.905906 0.376373 -1.738441 1.515601 2.336852
6.006006 0.408615 -1.772622 1.493139 2.353427
6.106106 0.440590 -1.805692 1.469760 2.369565
6.206206 0.472281 -1.837635 1.445485 2.385242
6.306306 0.503679 -1.868471 1.420359 2.400478
6.406406 0.534779 -1.898239 1.394440 2.415318
6.506507 0.565585 -1.926996 1.367797 2.429829
6.606607 0.596098 -1.954783 1.340485 2.444056
6.706707 0.626307 -1.981602 1.312527 2.457994
6.806807 0.656202 -2.007458 1.283950 2.471642
6.906907 0.685778 -2.032362 1.254783 2.485008
7.007007 0.715022 -2.056310 1.225043 2.498079
7.107107 0.743921 -2.079289 1.194744 2.510832
7.207207 0.772469 -2.101311 1.163913 2.523273
7.307307 0.800660 -2.122383 1.132572 2.535406
7.407407 0.828489 -2.142517 1.100750 2.547239
7.507508 0.855958 -2.161743 1.068477 2.558797
7.607608 0.883057 -2.180055 1.035770 2.570068
7.707708 0.909778 -2.197452 1.002645 2.581044
7.807808 0.936122 -2.213960 0.969132 2.591748
7.907908 0.962081 -2.229577 0.935245 2.602171
8.008008 0.987641 -2.244284 0.900993 2.612286
8.108108 1.012792 -2.258083 0.866393 2.622084
8.208208 1.037528 -2.270973 0.831461 2.631560
8.308308 1.061836 -2.282942 0.796209 2.640695
8.408408 1.085716 -2.294008 0.760657 2.649500
8.508509 1.109171 -2.304195 0.724830 2.657998
8.608609 1.132195 -2.313499 0.688742 2.666179
8.708709 1.154770 -2.321903 0.652402 2.674015
8.808809 1.176876 -2.329380 0.615818 2.681470
8.908909 1.198505 -2.335927 0.579004 2.688535
9.009009 1.219654 -2.341553 0.541978 2.695211
9.109109 1.240320 -2.346268 0.504757 2.701508
9.209209 1.260501 -2.350079 0.467357 2.707426
9.309309 1.280198 -2.353001 0.429797 2.712977
9.409409 1.299428 -2.355080 0.392098 2.718208
9.509510 1.318196 -2.356333 0.354278 2.723134
9.609610 1.336491 -2.356756 0.316349 2.727743
9.709710 1.354302 -2.356339 0.278323 2.732019
9.809810 1.371604 -2.355048 0.240210 2.735919
9.909910 1.388370 -2.352852 0.202021 2.739397
10.010010 1.404596 -2.349752 0.163770 2.742452
10.110110 1.420286 -2.345768 0.125473 2.745101
10.210210 1.435422 -2.340882 0.087144 2.747318
10.310310 1.449969 -2.335048 0.048796 2.749044
10.410410 1.463915 -2.328259 0.010444 2.750262
10.510511 1.477265 -2.320534 -0.027896 2.750994
10.610611 1.490010 -2.311870 -0.066208 2.751228
10.710711 1.502135 -2.302257 -0.104477 2.750947
10.810811 1.513635 -2.291697 -0.142687 2.750150
10.910911 1.524508 -2.280200 -0.180822 2.748843
11.011011 1.534760 -2.267786 -0.218868 2.747043
11.111111 1.544402 -2.254482 -0.256812 2.744780
11.211211 1.553440 -2.240308 -0.294640 2.742074
11.311311 1.561863 -2.225259 -0.332336 2.738913
11.411411 1.569662 -2.209331 -0.369884 2.735287
11.511512 1.576840 -2.192540 -0.407271 2.731213
11.611612 1.583401 -2.174905 -0.444484 2.726708
11.711712 1.589342 -2.156427 -0.481508 2.721770
11.811812 1.594651 -2.137103 -0.518325 2.716391
11.911912 1.599340 -2.116959 -0.554927 2.710599
12.012012 1.603431 -2.096036 -0.591306 2.704441
12.112112 1.606938 -2.074359 -0.627456 2.697946
12.212212 1.609870 -2.051952 -0.663366 2.691142
12.312312 1.612224 -2.028818 -0.699024 2.684027
12.412412 1.614004 -2.004973 -0.734419 2.676620
12.512513 1.615240 -1.980463 -0.769551 2.668978
12.612613 1.615953 -1.955322 -0.804420 2.661143
12.712713 1.616124 -1.929536 -0.839005 2.653092
12.812813 1.615723 -1.903078 -0.873278 2.644784
12.912913 1.614740 -1.875947 -0.907223 2.636213
13.013013 1.613157 -1.848128 -0.940816 2.627354
13.113113 1.610942 -1.819597 -0.974026 2.618166
13.213213 1.608070 -1.790334 -1.006825 2.608617
13.313313 1.604532 -1.760340 -1.039192 2.598699
13.413413 1.600325 -1.729623 -1.071111 2.588419
13.513514 1.595452 -1.698198 -1.102571 2.577791
13.613614 1.589908 -1.666068 -1.133552 2.566814
13.713714 1.583668 -1.633221 -1.164023 2.555458
13.813814 1.576707 -1.599640 -1.193949 2.543692
13.913914 1.568992 -1.565307 -1.223290 2.531474
14.014014 1.560509 -1.530217 -1.252017 2.518790
14.114114 1.551252 -1.494379 -1.280109 2.505640
14.214214 1.541211 -1.457797 -1.307538 2.492019
14.314314 1.530364 -1.420464 -1.334270 2.477904
14.414414 1.518695 -1.382379 -1.360271 2.463279
14.514515 1.506210 -1.343563 -1.385526 2.448165
14.614615 1.492924 -1.304043 -1.410028 2.432597
14.714715 1.478815 -1.263816 -1.433739 2.416554
14.814815 1.463858 -1.222876 -1.456612 2.400005
14.914915 1.448030 -1.181218 -1.478603 2.382925
15.015015 1.431314 -1.138849 -1.499672 2.365302
15.115115 1.413710 -1.095785 -1.519796 2.347147
15.215215 1.395219 -1.052045 -1.538949 2.328475
15.315315 1.375841 -1.007648 -1.557109 2.309304
15.415415 1.355563 -0.962604 -1.574234 2.289623
15.515516 1.334389 -0.916936 -1.590303 2.269456
15.615616 1.312342 -0.870680 -1.605314 2.248857
15.715716 1.289431 -0.823864 -1.619253 2.227861
15.815816 1.265651 -0.776504 -1.632083 2.206474
15.915916 1.241005 -0.728627 -1.643779 2.184719
16.016016 1.215506 -0.680262 -1.654329 2.162641
16.116116 1.189141 -0.631425 -1.663681 2.140230
16.216216 1.161878 -0.582125 -1.671759 2.117453
16.316316 1.133712 -0.532387 -1.678520 2.094318
16.416416 1.104661 -0.482247 -1.683952 2.070877
16.516517 1.074742 -0.431743 -1.688041 2.047182
16.616617 1.043944 -0.380900 -1.690730 2.023233
16.716717 1.012223 -0.329737 -1.691904 1.998965
16.816817 0.979550 -0.278279 -1.691464 1.974337
16.916917 0.945928 -0.226567 -1.689367 1.949378
17.017017 0.911379 -0.174650 -1.685590 1.924144
17.117117 0.875912 -0.122574 -1.680093 1.898672
17.217217 0.839524 -0.070387 -1.672806 1.872975
17.317317 0.802218 -0.018142 -1.663665 1.847069
17.417417 0.763998 0.034105 -1.652603 1.820976
17.517518 0.724887 0.086292 -1.639587 1.794757
17.617618 0.684913 0.138355 -1.624592 1.768487
17.717718 0.644080 0.190222 -1.607528 1.742174
17.817818 0.602381 0.241809 -1.588272 1.715792
17.917918 0.559823 0.293026 -1.566716 1.689338
18.018018 0.516421 0.343773 -1.542762 1.662824
18.118118 0.472212 0.393955 -1.516358 1.636315
18.218218 0.427241 0.443469 -1.487466 1.609893
18.318318 0.381538 0.492188 -1.455981 1.583572
18.418418 0.335143 0.539974 -1.421799 1.557371
18.518519 0.288094 0.586660 -1.384781 1.531270
18.618619 0.240446 0.632074 -1.344813 1.505276
18.718719 0.192279 0.676064 -1.301865 1.479488
18.818819 0.143678 0.718449 -1.255873 1.453970
18.918919 0.094734 0.759014 -1.206744 1.428744
19.019019 0.045555 0.797547 -1.154426 1.403871
19.119119 -0.003731 0.833862 -1.098935 1.379492
19.219219 -0.052989 0.867743 -1.040274 1.355713
19.319319 -0.102064 0.898906 -0.978392 1.332554
19.419419 -0.150779 0.927052 -0.913260 1.310040
19.519520 -0.198949 0.951936 -0.844948 1.288294
19.619620 -0.246374 0.973336 -0.773575 1.267479
19.719720 -0.292836 0.990988 -0.699255 1.247705
19.819820 -0.338105 1.004648 -0.622149 1.229106
19.919920 -0.381948 1.014115 -0.542475 1.211855
20.020020 -0.424124 1.019194 -0.460484 1.196112
20.120120 -0.464401 1.019740 -0.376473 1.182062
20.220220 -0.502542 1.015628 -0.290771 1.169870
20.320320 -0.538326 1.006777 -0.203740 1.159700
20.420420 -0.571547 0.993158 -0.115772 1.151708
20.520521 -0.601976 0.974712 -0.027271 1.145941
20.620621 -0.629353 0.951349 0.061337 1.142328
20.720721 -0.653440 0.923033 0.149596 1.140769
20.820821 -0.674059 0.889838 0.237034 1.141207
20.920921 -0.691074 0.851906 0.323180 1.143579
21.021021 -0.704371 0.809409 0.407561 1.147775
21.121121 -0.713832 0.762523 0.489697 1.153604
21.221221 -0.719449 0.711546 0.569175 1.160976
21.321321 -0.721318 0.656880 0.645667 1.169905
21.421421 -0.719510 0.598882 0.718844 1.180292
21.521522 -0.714115 0.537915 0.788416 1.192020
21.621622 -0.705285 0.474377 0.854173 1.205019
21.721722 -0.693207 0.408669 0.915974 1.219244
21.821822 -0.678063 0.341173 0.973702 1.234611
21.921922 -0.660030 0.272240 1.027259 1.251006
22.022022 -0.639334 0.202226 1.076648 1.268390
22.122122 -0.616177 0.131453 1.121865 1.286676
22.222222 -0.590747 0.060214 1.162919 1.305752
22.322322 -0.563233 -0.011216 1.199844 1.325512
22.422422 -0.533853 -0.082589 1.232766 1.345932
22.522523 -0.502824 -0.153683 1.261848 1.367007
22.622623 -0.470301 -0.224295 1.287149 1.388612
22.722723 -0.436439 -0.294241 1.308748 1.410630
22.822823 -0.401382 -0.363352 1.326724 1.432944
22.922923 -0.365283 -0.431490 1.341217 1.455499
23.023023 -0.328306 -0.498554 1.352437 1.478319
23.123123 -0.290596 -0.564468 1.360587 1.501422
23.223223 -0.252278 -0.629155 1.365833 1.524789
23.323323 -0.213464 -0.692552 1.368319 1.548384
23.423423 -0.174252 -0.754596 1.368176 1.572159
23.523524 -0.134729 -0.815216 1.365487 1.596022
23.623624 -0.094973 -0.874313 1.360284 1.619819
23.723724 -0.055054 -0.931763 1.352554 1.643355
23.823824 -0.015048 -0.987509 1.342380 1.666549
23.923924 0.024969 -1.041523 1.329882 1.689373
24.024024 0.064931 -1.093787 1.315179 1.711807
24.124124 0.104777 -1.144301 1.298397 1.733850
24.224224 0.144448 -1.193049 1.279638 1.755478
24.324324 0.183890 -1.240006 1.258982 1.776645
24.424424 0.223049 -1.285126 1.236487 1.797276
24.524525 0.261878 -1.328416 1.212254 1.817368
24.624625 0.300339 -1.369889 1.186386 1.836930
24.724725 0.338387 -1.409529 1.158954 1.855923
24.824825 0.375982 -1.447323 1.130025 1.874316
24.924925 0.413083 -1.483258 1.099666 1.892077
25.025025 0.449649 -1.517308 1.067930 1.909157
25.125125 0.485638 -1.549441 1.034866 1.925503
25.225225 0.521019 -1.579668 1.000549 1.941110
25.325325 0.555770 -1.608010 0.965058 1.955994
25.425425 0.589855 -1.634454 0.928447 1.970122
25.525526 0.623252 -1.659016 0.890786 1.983501
25.625626 0.655941 -1.681720 0.852147 1.996145
25.725726 0.687895 -1.702560 0.812582 2.008034
25.825826 0.719088 -1.721538 0.772147 2.019156
25.925926 0.749489 -1.738643 0.730890 2.029486
26.026026 0.779069 -1.753863 0.688860 2.038997
26.126126 0.807800 -1.767191 0.646104 2.047671
26.226226 0.835658 -1.778628 0.602676 2.055495
26.326326 0.862636 -1.788210 0.558636 2.062502
26.426426 0.888737 -1.795990 0.514052 2.068740
26.526527 0.913975 -1.802046 0.468991 2.074288
26.626627 0.938357 -1.806428 0.423512 2.079197
26.726727 0.961864 -1.809144 0.377661 2.083461
26.826827 0.984476 -1.810190 0.331479 2.087070
26.926927 1.006180 -1.809583 0.285011 2.090029
27.027027 1.026965 -1.807340 0.238304 2.092349
27.127127 1.046814 -1.803463 0.191400 2.094023
27.227227 1.065730 -1.797994 0.144343 2.095089
27.327327 1.083731 -1.790995 0.097182 2.095609
27.427427 1.100821 -1.782503 0.049958 2.095619
27.527528 1.116994 -1.772542 0.002710 2.095135
27.627628 1.132243 -1.761128 -0.044521 2.094165
27.727728 1.146550 -1.748263 -0.091698 2.092704
27.827828 1.159915 -1.733973 -0.138782 2.090772
27.927928 1.172338 -1.718289 -0.185735 2.088394
28.028028 1.183776 -1.701174 -0.232515 2.085517
28.128128 1.194185 -1.682594 -0.279076 2.082087
28.228228 1.203543 -1.662546 -0.325374 2.078086
28.328328 1.211802 -1.640992 -0.371357 2.073457
28.428428 1.218910 -1.617892 -0.416971 2.068135
28.528529 1.224820 -1.593216 -0.462159 2.062065
28.628629 1.229503 -1.566955 -0.506867 2.055223
28.728729 1.232951 -1.539132 -0.551050 2.047621
28.828829 1.235130 -1.509738 -0.594649 2.039231
28.928929 1.236007 -1.478765 -0.637605 2.030024
29.029029 1.235568 -1.446230 -0.679865 2.020006
29.129129 1.233793 -1.412144 -0.721375 2.009173
29.229229 1.230646 -1.376499 -0.762066 1.997494
29.329329 1.226096 -1.339297 -0.801871 1.984950
29.429429 1.220137 -1.300567 -0.840739 1.971561
29.529530 1.212777 -1.260357 -0.878625 1.957373
29.629630 1.204023 -1.218711 -0.915486 1.942432
29.729730 1.193872 -1.175663 -0.951268 1.926765
29.829830 1.182312 -1.131239 -0.985910 1.910388
29.929930 1.169313 -1.085453 -1.019336 1.893290
30.030030 1.154819 -1.038290 -1.051440 1.875414
30.130130 1.138790 -0.989761 -1.082131 1.856739
30.230230 1.121189 -0.939879 -1.111311 1.837239
30.330330 1.101960 -0.888644 -1.138858 1.816866
30.430430 1.081065 -0.836081 -1.164667 1.795601
30.530531 1.058466 -0.782212 -1.188621 1.773421
30.630631 1.034107 -0.727058 -1.210581 1.750284
30.730731 1.007927 -0.670637 -1.230388 1.726130
30.830831 0.979868 -0.612981 -1.247884 1.700912
30.930931 0.949906 -0.554149 -1.262936 1.674637
31.031031 0.918003 -0.494201 -1.275386 1.647293
31.131131 0.884109 -0.433197 -1.285049 1.618845
31.231231 0.848183 -0.371214 -1.291737 1.589276
31.331331 0.810191 -0.308343 -1.295255 1.558580
31.431431 0.770108 -0.244696 -1.295405 1.526767
31.531532 0.727934 -0.180402 -1.292016 1.493900
31.631632 0.683680 -0.115613 -1.284906 1.460057
31.731732 0.637360 -0.050496 -1.273886 1.425329
31.831832 0.588979 0.014761 -1.258715 1.389776
31.931932 0.538565 0.079944 -1.239168 1.353506
32.032032 0.486182 0.144806 -1.215054 1.316699
32.132132 0.431887 0.209069 -1.186122 1.279501
32.232232 0.375747 0.272402 -1.152074 1.242040
32.332332 0.317844 0.334416 -1.112565 1.204433
32.432432 0.258301 0.394655 -1.067252 1.166832
32.532533 0.197274 0.452561 -1.015719 1.129342
32.632633 0.134996 0.507517 -0.957638 1.092185
32.732733 0.071797 0.558896 -0.892872 1.055812
32.832833 0.008075 0.605964 -0.821284 1.020669
32.932933 -0.055688 0.647885 -0.742778 0.987205
33.033033 -0.118901 0.683726 -0.657361 0.955898
33.133133 -0.180861 0.712513 -0.565215 0.927282
33.233233 -0.240767 0.733303 -0.466776 0.901987
33.333333 -0.297737 0.745220 -0.362738 0.880669
33.433433 -0.350833 0.747498 -0.254055 0.863933
33.533534 -0.399044 0.739416 -0.141900 0.852120
33.633634 -0.441411 0.720543 -0.027715 0.845455
33.733734 -0.477179 0.690924 0.086848 0.844167
33.833834 -0.505802 0.650982 0.200082 0.848319
33.933934 -0.527000 0.601499 0.310358 0.857818
34.034034 -0.540690 0.543464 0.416190 0.872303
34.134134 -0.546982 0.478003 0.516312 0.891209
34.234234 -0.546247 0.406412 0.609789 0.914002
34.334334 -0.538976 0.329969 0.695956 0.940069
34.434434 -0.525789 0.249911 0.774472 0.968874
34.534535 -0.507371 0.167378 0.845270 0.999961
34.634635 -0.484367 0.083344 0.908412 1.032845
34.734735 -0.457431 -0.001356 0.964165 1.067174
34.834835 -0.427178 -0.086031 1.012907 1.102662
34.934935 -0.394153 -0.170130 1.055050 1.139048
35.035035 -0.358846 -0.253225 1.091063 1.176143
35.135135 -0.321676 -0.334979 1.121376 1.213743
35.235235 -0.282989 -0.415124 1.146359 1.251618
35.335335 -0.243092 -0.493461 1.166400 1.289607
35.435435 -0.202261 -0.569858 1.181899 1.327604
35.535536 -0.160723 -0.644212 1.193200 1.365492
35.635636 -0.118669 -0.716427 1.200576 1.403115
35.735736 -0.076266 -0.786435 1.204289 1.440350
35.835836 -0.033662 -0.854216 1.204620 1.477135
35.935936 0.009016 -0.919788 1.201866 1.513464
36.036036 0.051660 -0.983200 1.196318 1.549364
36.136136 0.094179 -1.044480 1.188200 1.584812
36.236236 0.136494 -1.103636 1.177694 1.619755
36.336336 0.178538 -1.160688 1.164966 1.654152
36.436436 0.220253 -1.215679 1.150192 1.687995
36.536537 0.261595 -1.268665 1.133545 1.721298
36.636637 0.302519 -1.319678 1.115156 1.754036
36.736737 0.342984 -1.368735 1.095137 1.786169
36.836837 0.382962 -1.415885 1.073612 1.817700
36.936937 0.422437 -1.461212 1.050724 1.848679
37.037037 0.461399 -1.504796 1.026603 1.879152
37.137137 0.499836 -1.546700 1.001356 1.909144
37.237237 0.537731 -1.586952 0.975058 1.938636
37.337337 0.575051 -1.625534 0.947753 1.967556
37.437437 0.611777 -1.662465 0.919503 1.995882
37.537538 0.647902 -1.697782 0.890379 2.023614
37.637638 0.683415 -1.731518 0.860444 2.050750
37.737738 0.718304 -1.763696 0.829752 2.077275
37.837838 0.752545 -1.794304 0.798339 2.103139
37.937938 0.786138 -1.823385 0.766264 2.128358
38.038038 0.819109 -1.851041 0.733606 2.153014
38.138138 0.851476 -1.877349 0.700431 2.177166
38.238238 0.883225 -1.902315 0.666771 2.200789
38.338338 0.914342 -1.925933 0.632656 2.223846
38.438438 0.944831 -1.948247 0.598128 2.246359
38.538539 0.974710 -1.969318 0.563235 2.268371
38.638639 1.003992 -1.989198 0.528017 2.289915
38.738739 1.032692 -2.007941 0.492513 2.311028
38.838839 1.060837 -2.025617 0.456763 2.331766
38.938939 1.088439 -2.042272 0.420799 2.352157
39.039039 1.115502 -2.057929 0.384644 2.372207
39.139139 1.142024 -2.072603 0.348322 2.391910
39.239239 1.167992 -2.086283 0.311848 2.411230
39.339339 1.193406 -2.098988 0.275243 2.430170
39.439439 1.218278 -2.110753 0.238531 2.448750
39.539540 1.242618 -2.121607 0.201731 2.466985
39.639640 1.266425 -2.131565 0.164861 2.484871
39.739740 1.289694 -2.140629 0.127937 2.502393
39.839840 1.312421 -2.148805 0.090976 2.519542
39.939940 1.334591 -2.156081 0.053991 2.536284
40.040040 1.356190 -2.162448 0.016999 2.552591
40.140140 1.377217 -2.167912 -0.019985 2.568456
40.240240 1.397674 -2.172492 -0.056945 2.583884
40.340340 1.417551 -2.176180 -0.093867 2.598850
40.440440 1.436834 -2.178969 -0.130735 2.613329
40.540541 1.455537 -2.180888 -0.167536 2.627342
40.640641 1.473669 -2.181962 -0.204257 2.640905
40.740741 1.491246 -2.182226 -0.240887 2.654044
40.840841 1.508280 -2.181705 -0.277415 2.666778
40.940941 1.524761 -2.180395 -0.313827 2.679086
41.041041 1.540672 -2.178280 -0.350108 2.690939
41.141141 1.556012 -2.175368 -0.386246 2.702329
41.241241 1.570783 -2.171671 -0.422229 2.713262
41.341341 1.584979 -2.167189 -0.458044 2.723724
41.441441 1.598613 -2.161949 -0.493684 2.733735
41.541542 1.611690 -2.155965 -0.529138 2.743304
41.641642 1.624207 -2.149242 -0.564396 2.752423
41.741742 1.636180 -2.141808 -0.599451 2.761118
41.841842 1.647620 -2.133687 -0.634298 2.769405
41.941942 1.658524 -2.124881 -0.668927 2.777280
42.042042 1.668894 -2.115401 -0.703326 2.784743
42.142142 1.678745 -2.105273 -0.737495 2.791820
42.242242 1.688095 -2.094525 -0.771431 2.798536
42.342342 1.696946 -2.083168 -0.805127 2.804897
42.442442 1.705316 -2.071230 -0.838582 2.810928
42.542543 1.713223 -2.058739 -0.871796 2.816659
42.642643 1.720654 -2.045685 -0.904756 2.822067
42.742743 1.727622 -2.032090 -0.937461 2.827172
42.842843 1.734167 -2.018007 -0.969924 2.832038
42.942943 1.740306 -2.003459 -1.002146 2.836690
43.043043 1.746025 -1.988439 -1.034116 2.841107
43.143143 1.751310 -1.972932 -1.065816 2.845262
43.243243 1.756159 -1.956945 -1.097239 2.849151
43.343343 1.760566 -1.940473 -1.128373 2.852762
43.443443 1.764523 -1.923514 -1.159207 2.856082
43.543544 1.768019 -1.906062 -1.189726 2.859093
43.643644 1.771044 -1.888112 -1.219916 2.861775
43.743744 1.773608 -1.869679 -1.249776 2.864145
43.843844 1.775736 -1.850795 -1.279318 2.866241
43.943944 1.777457 -1.831496 -1.308554 2.868108
44.044044 1.778780 -1.811795 -1.337485 2.869761
44.144144 1.779685 -1.791679 -1.366091 2.871167
44.244244 1.780164 -1.771142 -1.394357 2.872309
44.344344 1.780236 -1.750209 -1.422292 2.873219
44.444444 1.779902 -1.728887 -1.449892 2.873898
44.544545 1.779146 -1.707163 -1.477135 2.874316
44.644645 1.777959 -1.685034 -1.504009 2.874460
44.744745 1.776334 -1.662499 -1.530500 2.874316
44.844845 1.774261 -1.639555 -1.556594 2.873870
44.944945 1.771747 -1.616211 -1.582288 2.873127
45.045045 1.768793 -1.592476 -1.607578 2.872092
45.145145 1.765388 -1.568343 -1.632446 2.870745
45.245245 1.761544 -1.543829 -1.656896 2.869102
45.345345 1.757265 -1.518943 -1.680925 2.867172
45.445445 1.752542 -1.493682 -1.704517 2.864938
45.545546 1.747397 -1.468071 -1.727687 2.862435
45.645646 1.741856 -1.442136 -1.750453 2.859704
45.745746 1.735921 -1.415884 -1.772812 2.856748
45.845846 1.729608 -1.389332 -1.794772 2.853593
45.945946 1.722930 -1.362497 -1.816341 2.850260
46.046046 1.715873 -1.335370 -1.837498 2.846724
46.146146 1.708432 -1.307955 -1.858233 2.842976
46.246246 1.700601 -1.280250 -1.878530 2.839007
46.346346 1.692374 -1.252256 -1.898378 2.834804
46.446446 1.683759 -1.223985 -1.917779 2.830381
46.546547 1.674758 -1.195441 -1.936726 2.825739
46.646647 1.665362 -1.166626 -1.955206 2.820865
46.746747 1.655567 -1.137541 -1.973203 2.815747
46.846847 1.645366 -1.108186 -1.990705 2.810376
46.946947 1.634759 -1.078567 -2.007702 2.804748
47.047047 1.623750 -1.048692 -2.024193 2.798871
47.147147 1.612335 -1.018566 -2.040166 2.792737
47.247247 1.600520 -0.988195 -2.055619 2.786353
47.347347 1.588319 -0.957597 -2.070563 2.779745
47.447447 1.575738 -0.926779 -2.084999 2.772921
47.547548 1.562783 -0.895750 -2.098927 2.765891
47.647648 1.549466 -0.864525 -2.112357 2.758677
47.747748 1.535806 -0.833118 -2.125304 2.751309
47.847848 1.521809 -0.801538 -2.137772 2.743799
47.947948 1.507463 -0.769785 -2.149737 2.736126
48.048048 1.492743 -0.737851 -2.161154 2.728240
48.148148 1.477615 -0.705726 -2.171967 2.720080
48.248248 1.462070 -0.673412 -2.182153 2.711628
48.348348 1.446110 -0.640917 -2.191705 2.702884
48.448448 1.429715 -0.608241 -2.200585 2.693811
48.548549 1.412875 -0.575386 -2.208765 2.684386
48.648649 1.395592 -0.542361 -2.216238 2.674610
48.748749 1.377859 -0.509173 -2.222981 2.664470
48.848849 1.359677 -0.475829 -2.228986 2.653962
48.948949 1.341054 -0.442343 -2.234253 2.643101
49.049049 1.321987 -0.408721 -2.238764 2.631875
49.149149 1.302481 -0.374975 -2.242518 2.620296
49.249249 1.282547 -0.341118 -2.245518 2.608379
49.349349 1.262177 -0.307156 -2.247740 2.596107
49.449449 1.241365 -0.273099 -2.249158 2.583463
49.549550 1.220105 -0.238956 -2.249750 2.570434
49.649650 1.198404 -0.204738 -2.249510 2.557026
49.749750 1.176258 -0.170458 -2.248419 2.543232
49.849850 1.153680 -0.136127 -2.246486 2.529072
49.949950 1.130690 -0.101760 -2.243733 2.514587
50.050050 1.107297 -0.067371 -2.240163 2.499795
50.150150 1.083507 -0.032970 -2.235773 2.484705
50.250250 1.059314 0.001428 -2.230532 2.469296
50.350350 1.034708 0.035812 -2.224403 2.453543
50.450450 1.009685 0.070168 -2.217358 2.437430
50.550551 0.984254 0.104480 -2.209397 2.420972
50.650651 0.958417 0.138734 -2.200506 2.404171
50.750751 0.932167 0.172913 -2.190646 2.387000
50.850851 0.905507 0.207001 -2.179802 2.369457
50.950951 0.878436 0.240978 -2.167945 2.351532
51.051051 0.850949 0.274824 -2.155041 2.333204
51.151151 0.823047 0.308520 -2.141063 2.314464
51.251251 0.794732 0.342042 -2.125987 2.295303
51.351351 0.766012 0.375373 -2.109807 2.275734
51.451451 0.736905 0.408495 -2.092530 2.255788
51.551552 0.707418 0.441387 -2.074153 2.235480
51.651652 0.677565 0.474030 -2.054675 2.214834
51.751752 0.647355 0.506402 -2.034084 2.193857
51.851852 0.616781 0.538468 -2.012323 2.172513
51.951952 0.585837 0.570187 -1.989321 2.150748
52.052052 0.554521 0.601520 -1.965026 2.128532
52.152152 0.522849 0.632441 -1.939434 2.105886
52.252252 0.490828 0.662914 -1.912512 2.082803
52.352352 0.458467 0.692899 -1.884230 2.059278
52.452452 0.425780 0.722360 -1.854564 2.035314
52.552553 0.392772 0.751243 -1.823457 2.010878
52.652653 0.359455 0.779501 -1.790871 1.985962
52.752753 0.325844 0.807083 -1.756768 1.960559
52.852853 0.291949 0.833917 -1.721073 1.934617
52.952953 0.257773 0.859900 -1.683660 1.908032
53.053053 0.223330 0.884940 -1.644432 1.880732
53.153153 0.188645 0.908960 -1.603342 1.852701
53.253253 0.153748 0.931886 -1.560355 1.823940
53.353353 0.118674 0.953655 -1.515459 1.794480
53.453453 0.083462 0.974191 -1.468635 1.764342
53.553554 0.048149 0.993395 -1.419832 1.733515
53.653654 0.012780 1.011173 -1.369019 1.702013
53.753754 -0.022594 1.027420 -1.316161 1.669845
53.853854 -0.057919 1.041997 -1.261191 1.636983
53.953954 -0.093127 1.054730 -1.204017 1.603367
54.054054 -0.128143 1.065419 -1.144537 1.568917
54.154154 -0.162875 1.073855 -1.082665 1.533576
54.254254 -0.197219 1.079817 -1.018324 1.497292
54.354354 -0.231061 1.083101 -0.951483 1.460074
54.454454 -0.264275 1.083500 -0.882134 1.421962
54.554555 -0.296718 1.080784 -0.810276 1.382998
54.654655 -0.328228 1.074717 -0.735931 1.343259
54.754755 -0.358615 1.065015 -0.659124 1.302807
54.854855 -0.387641 1.051313 -0.579870 1.261655
54.954955 -0.415043 1.033240 -0.498233 1.219870
55.055055 -0.440520 1.010410 -0.414331 1.177564
55.155155 -0.463696 0.982338 -0.328312 1.134808
55.255255 -0.484152 0.948535 -0.240410 1.091750
55.355355 -0.501427 0.908534 -0.150971 1.048645
55.455455 -0.515001 0.861858 -0.060461 1.005824
55.555556 -0.524355 0.808150 0.030505 0.963839
55.655656 -0.528868 0.747016 0.121144 0.923261
55.755756 -0.527739 0.677950 0.210439 0.884539
55.855856 -0.520217 0.600706 0.297141 0.848390
55.955956 -0.505679 0.515396 0.379786 0.815832
56.056056 -0.483528 0.422367 0.456661 0.787866
56.156156 -0.453299 0.322322 0.525854 0.765437
56.256256 -0.414712 0.216380 0.585291 0.749247
56.356356 -0.367904 0.106184 0.633076 0.739874
56.456456 -0.313609 -0.006143 0.667940 0.737924
56.556557 -0.252946 -0.118320 0.689207 0.743632
56.656657 -0.187250 -0.228117 0.696727 0.756656
56.756757 -0.118023 -0.333611 0.691103 0.776434
56.856857 -0.046764 -0.433366 0.673591 0.802321
56.956957 0.025219 -0.526419 0.645660 0.833444
57.057057 0.096851 -0.612198 0.608810 0.868801
57.157157 0.167307 -0.690536 0.564559 0.907501
57.257257 0.235981 -0.761532 0.514314 0.948756
57.357357 0.302429 -0.825364 0.459241 0.991762
57.457457 0.366381 -0.882393 0.400391 1.035937
57.557558 0.427688 -0.933068 0.338672 1.080847
57.657658 0.486294 -0.977863 0.274831 1.126157
57.757758 0.542219 -1.017282 0.209493 1.171645
57.857858 0.595533 -1.051816 0.143165 1.217157
57.957958 0.646319 -1.081898 0.076248 1.262555
58.058058 0.694667 -1.107914 0.009061 1.307715
58.158158 0.740668 -1.130201 -0.058138 1.352525
58.258258 0.784382 -1.149011 -0.125138 1.396833
58.358358 0.825883 -1.164593 -0.191768 1.440532
58.458458 0.865272 -1.177208 -0.257891 1.483584
58.558559 0.902643 -1.187093 -0.323396 1.525955
58.658659 0.938102 -1.194472 -0.388199 1.567641
58.758759 0.971733 -1.199538 -0.452230 1.608623
58.858859 1.003618 -1.202461 -0.515433 1.648889
58.958959 1.033869 -1.203437 -0.577781 1.688484
59.059059 1.062550 -1.202598 -0.639236 1.727390
59.159159 1.089716 -1.200055 -0.699764 1.765583
59.259259 1.115431 -1.195925 -0.759345 1.803060
59.359359 1.139749 -1.190309 -0.817961 1.839816
59.459459 1.162752 -1.183331 -0.875618 1.875892
59.559560 1.184491 -1.175076 -0.932309 1.911288
59.659660 1.205009 -1.165622 -0.988025 1.946000
59.759760 1.224374 -1.155064 -1.042781 1.980065
59.859860 1.242663 -1.143499 -1.096606 2.013541
59.959960 1.259945 -1.131020 -1.149530 2.046482
60.060060 1.276297 -1.117716 -1.201591 2.078953
60.160160 1.291795 -1.103673 -1.252834 2.111024
60.260260 1.306470 -1.088939 -1.303266 2.142698
60.360360 1.320350 -1.073552 -1.352890 2.173971
60.460460 1.333469 -1.057556 -1.401722 2.204856
60.560561 1.345855 -1.040989 -1.449768 2.235355
60.660661 1.357540 -1.023891 -1.497048 2.265484
60.760761 1.368561 -1.006301 -1.543580 2.295264
60.860861 1.378936 -0.988247 -1.589371 2.324692
60.960961 1.388676 -0.969748 -1.634417 2.353752
61.061061 1.397808 -0.950834 -1.678734 2.382457
61.161161 1.406350 -0.931528 -1.722328 2.410805
61.261261 1.414332 -0.911862 -1.765224 2.438820
61.361361 1.421811 -0.891882 -1.807480 2.466573
61.461461 1.428816 -0.871613 -1.849118 2.494085
61.561562 1.435375 -0.851083 -1.890168 2.521385
61.661662 1.441513 -0.830313 -1.930649 2.548487
61.761762 1.447238 -0.809315 -1.970564 2.575386
61.861862 1.452560 -0.788102 -2.009918 2.602077
61.961962 1.457473 -0.766677 -2.048691 2.628527
62.062062 1.461966 -0.745041 -2.086862 2.654698
62.162162 1.466053 -0.723208 -2.124440 2.680594
62.262262 1.469762 -0.701198 -2.161456 2.706246
62.362362 1.473110 -0.679025 -2.197928 2.731669
62.462462 1.476111 -0.656703 -2.233871 2.756872
62.562563 1.478781 -0.634244 -2.269299 2.781865
62.662663 1.481134 -0.611658 -2.304226 2.806660
62.762763 1.483184 -0.588957 -2.338670 2.831269
62.862863 1.484954 -0.566155 -2.372659 2.855719
62.962963 1.486460 -0.543263 -2.406214 2.880028
63.063063 1.487717 -0.520289 -2.439350 2.904209
63.163163 1.488739 -0.497243 -2.472090 2.928280
63.263263 1.489536 -0.474132 -2.504441 2.952244
63.363363 1.490115 -0.450962 -2.536414 2.976106
63.463463 1.490482 -0.427737 -2.568012 2.999864
63.563564 1.490647 -0.404465 -2.599248 3.023526
63.663664 1.490616 -0.381149 -2.630131 3.047097
63.763764 1.490385 -0.357793 -2.660645 3.070553
63.863864 1.489952 -0.334398 -2.690785 3.093882
63.963964 1.489327 -0.310970 -2.720566 3.117094
64.064064 1.488526 -0.287516 -2.750013 3.140214
64.164164 1.487557 -0.264040 -2.779133 3.163245
64.264264 1.486424 -0.240544 -2.807936 3.186193
64.364364 1.485146 -0.217036 -2.836450 3.209082
64.464464 1.483732 -0.193518 -2.864691 3.231929
64.564565 1.482189 -0.169993 -2.892668 3.254736
64.664665 1.480516 -0.146464 -2.920379 3.277498
64.764765 1.478711 -0.122932 -2.947815 3.300198
64.864865 1.476769 -0.099400 -2.974965 3.322822
64.964965 1.474684 -0.075868 -3.001812 3.345343
65.065065 1.472458 -0.052339 -3.028359 3.367763
65.165165 1.470094 -0.028816 -3.054607 3.390078
65.265265 1.467588 -0.005301 -3.080545 3.412272
65.365365 1.464940 0.018204 -3.106173 3.434340
65.465465 1.462146 0.041696 -3.131476 3.456263
65.565566 1.459205 0.065174 -3.156450 3.478031
65.665666 1.456115 0.088634 -3.181089 3.499636
65.765766 1.452884 0.112075 -3.205405 3.521087
65.865866 1.449522 0.135495 -3.229416 3.542400
65.965966 1.446020 0.158891 -3.253103 3.563551
66.066066 1.442373 0.182260 -3.276448 3.584518
66.166166 1.438580 0.205599 -3.299446 3.605291
66.266266 1.434644 0.228908 -3.322102 3.625874
66.366366 1.430565 0.252182 -3.344413 3.646260
66.466466 1.426346 0.275421 -3.366381 3.666448
66.566567 1.421992 0.298622 -3.388016 3.686446
66.666667 1.417502 0.321784 -3.409313 3.706247
66.766767 1.412880 0.344904 -3.430276 3.725853
66.866867 1.408130 0.367983 -3.450915 3.745271
66.966967 1.403253 0.391016 -3.471226 3.764495
67.067067 1.398254 0.414004 -3.491221 3.783535
67.167167 1.393142 0.436947 -3.510918 3.802409
67.267267 1.387915 0.459843 -3.530312 3.821108
67.367367 1.382577 0.482691 -3.549408 3.839636
67.467467 1.377142 0.505492 -3.568239 3.858027
67.567568 1.371621 0.528251 -3.586829 3.876304
67.667668 1.366015 0.550965 -3.605184 3.894472
67.767768 1.360326 0.573634 -3.623304 3.912528
67.867868 1.354555 0.596257 -3.641190 3.930471
67.967968 1.348706 0.618833 -3.658850 3.948310
68.068068 1.342774 0.641359 -3.676268 3.966022
68.168168 1.336753 0.663831 -3.693429 3.983591
68.268268 1.330645 0.686247 -3.710332 4.001014
68.368368 1.324452 0.708607 -3.726981 4.018293
68.468468 1.318175 0.730910 -3.743376 4.035428
68.568569 1.311809 0.753152 -3.759505 4.052402
68.668669 1.305349 0.775327 -3.775347 4.069191
68.768769 1.298796 0.797434 -3.790905 4.085797
68.868869 1.292159 0.819477 -3.806198 4.102238
68.968969 1.285440 0.841455 -3.821234 4.118523
69.069069 1.278642 0.863370 -3.836020 4.134656
69.169169 1.271767 0.885219 -3.850555 4.150636
69.269269 1.264815 0.907002 -3.864842 4.166462
69.369369 1.257790 0.928720 -3.878889 4.182145
69.469469 1.250692 0.950371 -3.892693 4.197677
69.569570 1.243515 0.971949 -3.906235 4.213038
69.669670 1.236257 0.993449 -3.919502 4.228210
69.769770 1.228910 1.014865 -3.932471 4.243171
69.869870 1.221473 1.036194 -3.945135 4.257909
69.969970 1.213944 1.057432 -3.957484 4.272412
70.070070 1.206315 1.078567 -3.969486 4.286644
70.170170 1.198577 1.099593 -3.981113 4.300575
70.270270 1.190728 1.120503 -3.992354 4.314192
70.370370 1.182767 1.141293 -4.003201 4.327482
70.470470 1.174690 1.161958 -4.013637 4.340429
70.570571 1.166497 1.182493 -4.023656 4.353023
70.670671 1.158188 1.202898 -4.033258 4.365264
70.770771 1.149763 1.223167 -4.042437 4.377144
70.870871 1.141222 1.243299 -4.051188 4.388656
70.970971 1.132565 1.263289 -4.059508 4.399797
71.071071 1.123794 1.283138 -4.067401 4.410567
71.171171 1.114910 1.302844 -4.074866 4.420968
71.271271 1.105913 1.322402 -4.081897 4.430990
71.371371 1.096802 1.341809 -4.088487 4.440625
71.471471 1.087579 1.361064 -4.094642 4.449878
71.571572 1.078248 1.380169 -4.100369 4.458757
71.671672 1.068811 1.399123 -4.105673 4.467264
71.771772 1.059266 1.417920 -4.110541 4.475387
71.871872 1.049617 1.436561 -4.114983 4.483133
71.971972 1.039871 1.455056 -4.119026 4.490534
72.072072 1.030038 1.473412 -4.122703 4.497622
72.172172 1.020124 1.491635 -4.126034 4.504418
72.272272 1.010131 1.509728 -4.129025 4.510930
72.372372 1.000067 1.527698 -4.131704 4.517186
72.472472 0.989940 1.545554 -4.134098 4.523216
72.572573 0.979754 1.563302 -4.136225 4.529038
72.672673 0.969512 1.580945 -4.138094 4.534663
72.772773 0.959217 1.598483 -4.139713 4.540095
72.872873 0.948869 1.615917 -4.141084 4.545340
72.972973 0.938470 1.633245 -4.142205 4.550393
73.073073 0.928020 1.650467 -4.143079 4.555257
73.173173 0.917520 1.667583 -4.143706 4.559932
73.273273 0.906973 1.684594 -4.144095 4.564426
73.373373 0.896380 1.701503 -4.144253 4.568746
73.473473 0.885741 1.718306 -4.144172 4.572885
73.573574 0.875057 1.735002 -4.143854 4.576842
73.673674 0.864330 1.751596 -4.143313 4.580633
73.773774 0.853565 1.768092 -4.142561 4.584270
73.873874 0.842764 1.784494 -4.141607 4.587764
73.973974 0.831926 1.800800 -4.140449 4.591110
74.074074 0.821050 1.817002 -4.139073 4.594295
74.174174 0.810136 1.833099 -4.137475 4.597311
74.274274 0.799180 1.849083 -4.135643 4.600146
74.374374 0.788185 1.864955 -4.133577 4.602798
74.474474 0.777150 1.880712 -4.131276 4.605267
74.574575 0.766078 1.896358 -4.128750 4.607562
74.674675 0.754972 1.911896 -4.126006 4.609691
74.774775 0.743830 1.927324 -4.123042 4.611652
74.874875 0.732651 1.942634 -4.119847 4.613431
74.974975 0.721436 1.957825 -4.116413 4.615019
75.075075 0.710188 1.972903 -4.112762 4.616441
75.175175 0.698912 1.987882 -4.108922 4.617726
75.275275 0.687612 2.002767 -4.104905 4.618888
75.375375 0.676287 2.017556 -4.100708 4.619924
75.475475 0.664936 2.032245 -4.096325 4.620826
75.575576 0.653561 2.046833 -4.091755 4.621593
75.675676 0.642162 2.061322 -4.087004 4.622232
75.775776 0.630741 2.075716 -4.082082 4.622751
75.875876 0.619301 2.090020 -4.076999 4.623163
75.975976 0.607844 2.104242 -4.071772 4.623487
76.076076 0.596371 2.118380 -4.066400 4.623721
76.176176 0.584878 2.132421 -4.060858 4.623837
76.276276 0.573365 2.146359 -4.055136 4.623822
76.376376 0.561831 2.160190 -4.049228 4.623670
76.476476 0.550274 2.173907 -4.043120 4.623364
76.576577 0.538696 2.187506 -4.036811 4.622901
76.676677 0.527097 2.200994 -4.030313 4.622297
76.776777 0.515482 2.214380 -4.023643 4.621569
76.876877 0.503849 2.227663 -4.016801 4.620718
76.976977 0.492202 2.240844 -4.009791 4.619748
77.077077 0.480538 2.253921 -4.002609 4.618653
77.177177 0.468858 2.266884 -3.995242 4.617418
77.277277 0.457161 2.279734 -3.987688 4.616042
77.377377 0.445449 2.292473 -3.979956 4.614532
77.477477 0.433724 2.305106 -3.972057 4.612903
77.577578 0.421987 2.317642 -3.964003 4.611167
77.677678 0.410240 2.330080 -3.955798 4.609329
77.777778 0.398481 2.342416 -3.947433 4.607378
77.877878 0.386711 2.354646 -3.938904 4.605309
77.977978 0.374933 2.366777 -3.930225 4.603137
78.078078 0.363146 2.378817 -3.921409 4.600879
78.178178 0.351353 2.390770 -3.912463 4.598543
78.278278 0.339554 2.402632 -3.903383 4.596122
78.378378 0.327747 2.414399 -3.894163 4.593610
78.478478 0.315935 2.426071 -3.884804 4.591006
78.578579 0.304116 2.437642 -3.875296 4.588301
78.678679 0.292290 2.449107 -3.865635 4.585487
78.778779 0.280459 2.460473 -3.855831 4.582577
78.878879 0.268624 2.471744 -3.845892 4.579581
78.978979 0.256785 2.482919 -3.835817 4.576496
79.079079 0.244942 2.493994 -3.825600 4.573316
79.179179 0.233095 2.504958 -3.815228 4.570023
79.279279 0.221243 2.515805 -3.804691 4.566607
79.379379 0.209387 2.526532 -3.793986 4.563063
79.479479 0.197527 2.537137 -3.783111 4.559387
79.579580 0.185665 2.547621 -3.772069 4.555584
79.679680 0.173800 2.557990 -3.760869 4.551665
79.779780 0.161933 2.568245 -3.749516 4.547634
79.879880 0.150066 2.578390 -3.738013 4.543496
79.979980 0.138199 2.588435 -3.726381 4.539274
80.080080 0.126334 2.598397 -3.714641 4.534995
80.180180 0.114471 2.608283 -3.702805 4.530674
80.280280 0.102611 2.618089 -3.690870 4.526305
80.380380 0.090754 2.627821 -3.678841 4.521897
80.480480 0.078901 2.637481 -3.666725 4.517455
80.580581 0.067051 2.647059 -3.654508 4.512964
80.680681 0.055205 2.656542 -3.642173 4.508401
80.780781 0.043363 2.665933 -3.629723 4.503773
80.880881 0.031526 2.675242 -3.617176 4.499097
80.980981 0.019693 2.684467 -3.604526 4.494370
81.081081 0.007866 2.693597 -3.591762 4.489575
81.181181 -0.003956 2.702625 -3.578873 4.484700
81.281281 -0.015771 2.711539 -3.565846 4.479726
81.381381 -0.027581 2.720329 -3.552668 4.474639
81.481481 -0.039383 2.728994 -3.539340 4.469439
81.581582 -0.051177 2.737537 -3.525865 4.464129
81.681682 -0.062964 2.745951 -3.512235 4.458700
81.781782 -0.074741 2.754223 -3.498437 4.453133
81.881882 -0.086509 2.762350 -3.484466 4.447422
81.981982 -0.098266 2.770329 -3.470321 4.441566
82.082082 -0.110013 2.778155 -3.455996 4.435556
82.182182 -0.121747 2.785818 -3.441481 4.429379
82.282282 -0.133468 2.793310 -3.426765 4.423021
82.382382 -0.145176 2.800636 -3.411857 4.416493
82.482482 -0.156870 2.807803 -3.396768 4.409807
82.582583 -0.168549 2.814810 -3.381498 4.402964
82.682683 -0.180213 2.821661 -3.366050 4.395969
82.782783 -0.191863 2.828362 -3.350436 4.388834
82.882883 -0.203496 2.834916 -3.334660 4.381566
82.982983 -0.215114 2.841324 -3.318723 4.374165
83.083083 -0.226716 2.847589 -3.302630 4.366637
83.183183 -0.238301 2.853715 -3.286388 4.358993
83.283283 -0.249870 2.859711 -3.270007 4.351245
83.383383 -0.261421 2.865567 -3.253478 4.343378
83.483483 -0.272953 2.871269 -3.236785 4.335373
83.583584 -0.284464 2.876812 -3.219925 4.327225
83.683684 -0.295953 2.882191 -3.202892 4.318927
83.783784 -0.307421 2.887404 -3.185686 4.310476
83.883884 -0.318865 2.892448 -3.168304 4.301869
83.983984 -0.330285 2.897326 -3.150752 4.293114
84.084084 -0.341682 2.902043 -3.133037 4.284217
84.184184 -0.353054 2.906599 -3.115159 4.275182
84.284284 -0.364403 2.911007 -3.097131 4.266025
84.384384 -0.375728 2.915266 -3.078958 4.256751
84.484484 -0.387027 2.919361 -3.060623 4.247337
84.584585 -0.398298 2.923286 -3.042119 4.237774
84.684685 -0.409542 2.927049 -3.023459 4.228078
84.784785 -0.420760 2.930665 -3.004658 4.218271
84.884885 -0.431953 2.934140 -2.985722 4.208360
84.984985 -0.443119 2.937468 -2.966649 4.198342
85.085085 -0.454259 2.940659 -2.947447 4.188231
85.185185 -0.465374 2.943725 -2.928131 4.178043
85.285285 -0.476467 2.946680 -2.908716 4.167802
85.385385 -0.487536 2.949522 -2.889200 4.157505
85.485485 -0.498581 2.952245 -2.869577 4.147144
85.585586 -0.509601 2.954854 -2.849855 4.136730
85.685686 -0.520596 2.957348 -2.830033 4.126259
85.785786 -0.531565 2.959721 -2.810106 4.115726
85.885886 -0.542508 2.961977 -2.790078 4.105138
85.985986 -0.553427 2.964127 -2.769961 4.094510
86.086086 -0.564319 2.966167 -2.749752 4.083839
86.186186 -0.575183 2.968081 -2.729436 4.073102
86.286286 -0.586014 2.969850 -2.708999 4.062277
86.386386 -0.596806 2.971450 -2.688417 4.051331
86.486486 -0.607556 2.972862 -2.667676 4.040239
86.586587 -0.618262 2.974088 -2.646778 4.029005
86.686687 -0.628923 2.975116 -2.625716 4.017617
86.786787 -0.639533 2.975931 -2.604475 4.006053
86.886887 -0.650093 2.976535 -2.583059 3.994318
86.986987 -0.660602 2.976928 -2.561472 3.982416
87.087087 -0.671057 2.977101 -2.539706 3.970335
87.187187 -0.681453 2.977035 -2.517745 3.958049
87.287287 -0.691786 2.976714 -2.495581 3.945544
87.387387 -0.702056 2.976141 -2.473215 3.932822
87.487487 -0.712261 2.975316 -2.450650 3.919886
87.587588 -0.722403 2.974247 -2.427894 3.906749
87.687688 -0.732484 2.972950 -2.404963 3.893432
87.787788 -0.742508 2.971438 -2.381868 3.879956
87.887888 -0.752471 2.969704 -2.358605 3.866313
87.987988 -0.762368 2.967727 -2.335160 3.852478
88.088088 -0.772192 2.965486 -2.311517 3.838424
88.188188 -0.781938 2.962966 -2.287667 3.824136
88.288288 -0.791605 2.960164 -2.263610 3.809611
88.388388 -0.801189 2.957070 -2.239340 3.794840
88.488488 -0.810687 2.953673 -2.214850 3.779810
88.588589 -0.820094 2.949967 -2.190139 3.764515
88.688689 -0.829409 2.945946 -2.165205 3.748950
88.788789 -0.838630 2.941609 -2.140048 3.733118
88.888889 -0.847758 2.936960 -2.114675 3.717025
88.988989 -0.856789 2.931996 -2.089085 3.700670
89.089089 -0.865723 2.926715 -2.063280 3.684055
89.189189 -0.874561 2.921124 -2.037266 3.667189
89.289289 -0.883300 2.915221 -2.011045 3.650073
89.389389 -0.891940 2.909007 -1.984619 3.632712
89.489489 -0.900483 2.902492 -1.957999 3.615120
89.589590 -0.908924 2.895664 -1.931178 3.597286
89.689690 -0.917257 2.888505 -1.904146 3.579189
89.789790 -0.925472 2.880992 -1.876891 3.560805
89.889890 -0.933558 2.873093 -1.849395 3.542098
89.989990 -0.941506 2.864787 -1.821647 3.523044
90.090090 -0.949318 2.856079 -1.793654 3.503653
90.190190 -0.956996 2.846982 -1.765426 3.483946
90.290290 -0.964544 2.837514 -1.736979 3.463946
90.390390 -0.971968 2.827695 -1.708327 3.443684
90.490490 -0.979269 2.817533 -1.679479 3.423172
90.590591 -0.986442 2.807016 -1.650429 3.402400
90.690691 -0.993474 2.796111 -1.621161 3.381330
90.790791 -1.000358 2.784806 -1.591672 3.359952
90.890891 -1.007097 2.773110 -1.561970 3.338283
90.990991 -1.013691 2.761025 -1.532059 3.316328
91.091091 -1.020129 2.748532 -1.501932 3.294069
91.191191 -1.026402 2.735608 -1.471579 3.271482
91.291291 -1.032511 2.722259 -1.441009 3.248581
91.391391 -1.038458 2.708496 -1.410230 3.225383
91.491491 -1.044239 2.694312 -1.379243 3.201884
91.591592 -1.049849 2.679704 -1.348048 3.178086
91.691692 -1.055289 2.664670 -1.316650 3.153992
91.791792 -1.060559 2.649223 -1.285058 3.129623
91.891892 -1.065670 2.633388 -1.253289 3.105015
91.991992 -1.070621 2.617172 -1.221349 3.080180
92.092092 -1.075411 2.600573 -1.189242 3.055125
92.192192 -1.080041 2.583601 -1.156973 3.029863
92.292292 -1.084505 2.566246 -1.124545 3.004392
92.392392 -1.088791 2.548478 -1.091946 2.978683
92.492492 -1.092892 2.530293 -1.059179 2.952737
92.592593 -1.096815 2.511704 -1.026254 2.926577
92.692693 -1.100550 2.492699 -0.993170 2.900198
92.792793 -1.104093 2.473270 -0.959928 2.873595
92.892893 -1.107432 2.453396 -0.926524 2.846753
92.992993 -1.110547 2.433037 -0.892948 2.819635
93.093093 -1.113419 2.412156 -0.859192 2.792205
93.193193 -1.116030 2.390723 -0.825250 2.764438
93.293293 -1.118363 2.368705 -0.791118 2.736305
93.393393 -1.120409 2.346092 -0.756798 2.707805
93.493493 -1.122176 2.322905 -0.722304 2.678972
93.593594 -1.123666 2.299154 -0.687647 2.649829
93.693694 -1.124847 2.274785 -0.652816 2.620323
93.793794 -1.125686 2.249735 -0.617801 2.590397
93.893894 -1.126166 2.223977 -0.582603 2.560030
93.993994 -1.126266 2.197481 -0.547224 2.529200
94.094094 -1.125953 2.170190 -0.511659 2.497857
94.194194 -1.125199 2.142060 -0.475908 2.465965
94.294294 -1.123993 2.113079 -0.439980 2.433526
94.394394 -1.122321 2.083234 -0.403885 2.400540
94.494494 -1.120169 2.052509 -0.367630 2.367007
94.594595 -1.117510 2.020865 -0.331224 2.332902
94.694695 -1.114306 1.988247 -0.294671 2.298181
94.794795 -1.110526 1.954612 -0.257980 2.262814
94.894895 -1.106142 1.919925 -0.221162 2.226785
94.994995 -1.101118 1.884138 -0.184231 2.190064
95.095095 -1.095427 1.847220 -0.147203 2.152638
95.195195 -1.089055 1.809163 -0.110097 2.114529
95.295295 -1.081968 1.769932 -0.072934 2.075725
95.395395 -1.074104 1.729438 -0.035732 2.036156
95.495495 -1.065385 1.687579 0.001483 1.995738
95.595596 -1.055715 1.644225 0.038683 1.954356
95.695696 -1.044994 1.599246 0.075829 1.911897
95.795796 -1.033140 1.552544 0.112878 1.868291
95.895896 -1.020086 1.504048 0.149781 1.823505
95.995996 -1.005750 1.453674 0.186482 1.777492
96.096096 -0.990023 1.401303 0.222909 1.730169
96.196196 -0.972789 1.346809 0.258981 1.681453
96.296296 -0.953927 1.290071 0.294605 1.631273
96.396396 -0.933315 1.230980 0.329672 1.579580
96.496496 -0.910794 1.169385 0.364048 1.526282
96.596597 -0.886157 1.105084 0.397562 1.471238
96.696697 -0.859208 1.037914 0.430020 1.414362
96.796797 -0.829729 0.967700 0.461194 1.355579
96.896897 -0.797458 0.894246 0.490797 1.294796
96.996997 -0.762099 0.817345 0.518478 1.231936
97.097097 -0.723300 0.736771 0.543796 1.166923
97.197197 -0.680635 0.652279 0.566182 1.099679
97.297297 -0.633575 0.563599 0.584882 1.030120
97.397397 -0.581546 0.470523 0.598959 0.958300
97.497497 -0.523885 0.372925 0.607190 0.884425
97.597598 -0.459775 0.270783 0.607887 0.808853
97.697698 -0.388260 0.164347 0.598701 0.732256
97.797798 -0.308232 0.054423 0.576236 0.655757
97.897898 -0.218710 -0.056972 0.535753 0.581473
97.997998 -0.119559 -0.165439 0.471121 0.513439
98.098098 -0.012954 -0.262525 0.375703 0.458519
98.198198 0.094312 -0.334720 0.245855 0.425884
98.298298 0.190382 -0.367999 0.087909 0.423552
98.398398 0.264131 -0.357896 -0.080656 0.452062
98.498498 0.312193 -0.312513 -0.242008 0.503683
98.598599 0.337918 -0.244407 -0.386528 0.568619
98.698699 0.346554 -0.163697 -0.511821 0.639419
98.798799 0.342777 -0.076975 -0.618981 0.711730
98.898899 0.330140 0.011832 -0.710268 0.783335
98.998999 0.311160 0.100465 -0.787981 0.853128
99.099099 0.287558 0.187635 -0.854028 0.920468
99.199199 0.260583 0.272621 -0.910076 0.985122
99.299299 0.231121 0.355004 -0.957441 1.046966
99.399399 0.199822 0.434557 -0.997182 1.105957
99.499499 0.167190 0.511193 -1.030250 1.162190
99.599600 0.133606 0.584885 -1.057405 1.215749
99.699700 0.099363 0.655647 -1.079284 1.266728
99.799800 0.064694 0.723534 -1.096453 1.315255
99.899900 0.029783 0.788587 -1.109351 1.361402
100.000000 -0.005224 0.850824 -1.118308 1.405184
