0.000000 -0.370546 0.906429 0.052045 0.980626
0.100100 -0.448281 0.860066 0.103012 0.975336
0.200200 -0.521421 0.804950 0.152912 0.971188
0.300300 -0.589146 0.741529 0.201215 0.968218
0.400400 -0.650707 0.670393 0.247406 0.966466
0.500501 -0.705435 0.592261 0.290991 0.965965
0.600601 -0.752778 0.507961 0.331524 0.966751
0.700701 -0.792297 0.418417 0.368606 0.968854
0.800801 -0.823579 0.324555 0.401849 0.972163
0.900901 -0.846325 0.227360 0.430923 0.976551
1.001001 -0.860461 0.127878 0.455609 0.982001
1.101101 -0.866069 0.027155 0.475774 0.988521
1.201201 -0.863247 -0.073805 0.491304 0.996003
1.301301 -0.852140 -0.174028 0.502114 1.004264
1.401401 -0.832961 -0.272573 0.508162 1.013089
1.501502 -0.806062 -0.368566 0.509496 1.022333
1.601602 -0.771884 -0.461201 0.506224 1.031878
1.701702 -0.730840 -0.549701 0.498445 1.041512
1.801802 -0.683408 -0.633364 0.486302 1.051040
1.901902 -0.630138 -0.711582 0.470000 1.060341
2.002002 -0.571592 -0.783801 0.449755 1.069271
2.102102 -0.508395 -0.849606 0.425845 1.077794
2.202202 -0.441182 -0.908651 0.398562 1.085882
2.302302 -0.370589 -0.960683 0.368217 1.093541
2.402402 -0.297272 -1.005592 0.335156 1.100870
2.502503 -0.221843 -1.043276 0.299700 1.107907
2.602603 -0.144900 -1.073738 0.262181 1.114742
2.702703 -0.067013 -1.097037 0.222925 1.121461
2.802803 0.011287 -1.113185 0.182229 1.128058
2.902903 0.089492 -1.122188 0.140377 1.134469
3.003003 0.167109 -1.124105 0.097651 1.140646
3.103103 0.243658 -1.119003 0.054328 1.146511
3.203203 0.318685 -1.107012 0.010683 1.152020
3.303303 0.391791 -1.088423 -0.033013 1.157262
3.403403 0.462617 -1.063564 -0.076507 1.162341
3.503504 0.530821 -1.032732 -0.119557 1.167305
3.603604 0.596085 -0.996229 -0.161937 1.172183
3.703704 0.658111 -0.954358 -0.203430 1.176985
3.803804 0.716641 -0.907457 -0.243836 1.181740
3.903904 0.771453 -0.855884 -0.282970 1.186487
4.004004 0.822348 -0.799998 -0.320662 1.191251
4.104104 0.869148 -0.740161 -0.356752 1.196047
4.204204 0.911665 -0.676709 -0.391079 1.200838
4.304304 0.949688 -0.609951 -0.423472 1.205519
4.404404 0.983102 -0.540259 -0.453806 1.210087
4.504505 1.011819 -0.468015 -0.481967 1.214540
4.604605 1.035696 -0.393559 -0.507818 1.218783
4.704705 1.054630 -0.317252 -0.531240 1.222747
4.804805 1.068550 -0.239462 -0.552133 1.226374
4.904905 1.077465 -0.160575 -0.570435 1.229680
5.005005 1.081423 -0.080975 -0.586109 1.232703
5.105105 1.080487 -0.001032 -0.599126 1.235478
5.205205 1.074737 0.078890 -0.609470 1.238038
5.305305 1.064249 0.158438 -0.617122 1.240390
5.405405 1.049081 0.237264 -0.622056 1.242505
5.505506 1.029317 0.315024 -0.624260 1.244361
5.605606 1.005097 0.391394 -0.623758 1.245987
5.705706 0.976567 0.466059 -0.620576 1.247401
5.805806 0.943842 0.538692 -0.614724 1.248564
5.905906 0.906992 0.608939 -0.606179 1.249357
6.006006 0.866130 0.676463 -0.594948 1.249698
6.106106 0.821401 0.740933 -0.581055 1.249522
6.206206 0.772969 0.802029 -0.564537 1.248773
6.306306 0.721076 0.859498 -0.545485 1.247494
6.406406 0.666008 0.913146 -0.524025 1.245794
6.506507 0.608083 0.962838 -0.500311 1.243838
6.606607 0.547594 1.008425 -0.474479 1.241737
6.706707 0.484785 1.049686 -0.446628 1.239489
6.806807 0.419910 1.086418 -0.416864 1.237094
6.906907 0.353246 1.118454 -0.385313 1.234580
7.007007 0.285063 1.145599 -0.352091 1.231919
7.107107 0.215636 1.167648 -0.317316 1.229061
7.207207 0.145271 1.184484 -0.281138 1.226028
7.307307 0.074277 1.196000 -0.243711 1.222836
7.407407 0.002971 1.202123 -0.205197 1.219514
7.507508 -0.068326 1.202851 -0.165775 1.216142
7.607608 -0.139287 1.198101 -0.125612 1.212693
7.707708 -0.209583 1.187828 -0.084882 1.209159
7.807808 -0.278892 1.172090 -0.043774 1.205609
7.907908 -0.346877 1.150891 -0.002476 1.202031
8.008008 -0.413182 1.124204 0.038819 1.198357
8.108108 -0.477468 1.092089 0.079914 1.194579
8.208208 -0.539393 1.054632 0.120603 1.190688
8.308308 -0.598601 1.011917 0.160676 1.186641
8.408408 -0.654784 0.964134 0.199930 1.182484
8.508509 -0.707661 0.911523 0.238166 1.178296
8.608609 -0.756907 0.854277 0.275174 1.174060
8.708709 -0.802175 0.792579 0.310729 1.169709
8.808809 -0.843106 0.726634 0.344598 1.165149
8.908909 -0.879404 0.656727 0.376568 1.160364
9.009009 -0.910814 0.583203 0.406440 1.155379
9.109109 -0.937115 0.506437 0.434026 1.150236
9.209209 -0.958089 0.426822 0.459140 1.144955
9.309309 -0.973573 0.344790 0.481619 1.139597
9.409409 -0.983525 0.260824 0.501356 1.134331
9.509510 -0.987849 0.175396 0.518220 1.129230
9.609610 -0.986409 0.088972 0.532055 1.124278
9.709710 -0.979089 0.002047 0.542713 1.119445
9.809810 -0.965730 -0.084860 0.550019 1.114610
9.909910 -0.946208 -0.171195 0.553810 1.109650
10.010010 -0.920562 -0.256394 0.554011 1.104582
10.110110 -0.888919 -0.339893 0.550599 1.099483
10.210210 -0.851336 -0.421086 0.543501 1.094294
10.310310 -0.807825 -0.499312 0.532613 1.088839
10.410410 -0.758564 -0.573951 0.517928 1.083092
10.510511 -0.703866 -0.644440 0.499524 1.077151
10.610611 -0.644017 -0.710172 0.477459 1.071013
10.710711 -0.579341 -0.770537 0.451807 1.064656
10.810811 -0.510241 -0.824969 0.422697 1.058108
10.910911 -0.437188 -0.872955 0.390303 1.051437
11.011011 -0.360711 -0.914046 0.354842 1.044751
11.111111 -0.281396 -0.947869 0.316576 1.038200
11.211211 -0.199851 -0.974085 0.275786 1.031911
11.311311 -0.116694 -0.992296 0.232746 1.025885
11.411411 -0.032585 -1.002181 0.187768 1.020140
11.511512 0.051774 -1.003574 0.141213 1.014782
11.611612 0.135664 -0.996395 0.093467 1.009923
11.711712 0.218350 -0.980581 0.044927 1.005601
11.811812 0.299085 -0.956131 -0.003993 1.001825
11.911912 0.377166 -0.923270 -0.052865 0.998738
12.012012 0.451940 -0.882382 -0.101263 0.996544
12.112112 0.522782 -0.833872 -0.148770 0.995378
12.212212 0.589124 -0.778229 -0.194989 0.995353
12.312312 0.650396 -0.715933 -0.239522 0.996467
12.412412 0.706140 -0.647586 -0.282014 0.998766
12.512513 0.756086 -0.573951 -0.322185 1.002442
12.612613 0.800014 -0.495778 -0.359787 1.007603
12.712713 0.837615 -0.413717 -0.394537 1.014110
12.812813 0.868607 -0.328420 -0.426170 1.021743
12.912913 0.892891 -0.240613 -0.454507 1.030401
13.013013 0.910391 -0.151006 -0.479387 1.039916
13.113113 0.921049 -0.060290 -0.500659 1.050059
13.213213 0.924903 0.030846 -0.518228 1.060641
13.313313 0.922121 0.121736 -0.532075 1.071555
13.413413 0.912948 0.211758 -0.542230 1.082741
13.513514 0.897699 0.300347 -0.548772 1.094176
13.613614 0.876669 0.386975 -0.551776 1.105782
13.713714 0.850111 0.471135 -0.551296 1.117400
13.813814 0.818296 0.552352 -0.547402 1.128872
13.913914 0.781499 0.630176 -0.540169 1.140020
14.014014 0.740061 0.704228 -0.529724 1.150754
14.114114 0.694362 0.774192 -0.516224 1.161034
14.214214 0.644772 0.839782 -0.499824 1.170807
14.314314 0.591632 0.900710 -0.480666 1.179977
14.414414 0.535296 0.956729 -0.458905 1.188472
14.514515 0.476165 1.007707 -0.434738 1.196329
14.614615 0.414636 1.053561 -0.408375 1.203613
14.714715 0.351049 1.094119 -0.379974 1.210253
14.814815 0.285731 1.129211 -0.349687 1.216158
14.914915 0.219018 1.158693 -0.317676 1.221252
15.015015 0.151250 1.182475 -0.284114 1.225497
15.115115 0.082772 1.200538 -0.249191 1.228917
15.215215 0.013921 1.212884 -0.213093 1.231540
15.315315 -0.054973 1.219548 -0.176008 1.233409
15.415415 -0.123588 1.220505 -0.138113 1.234497
15.515516 -0.191612 1.215830 -0.099591 1.234858
15.615616 -0.258751 1.205675 -0.060632 1.234618
15.715716 -0.324719 1.190165 -0.021417 1.233853
15.815816 -0.389223 1.169374 0.017882 1.232579
15.915916 -0.451990 1.143431 0.057089 1.230849
16.016016 -0.512770 1.112517 0.096035 1.228760
16.116116 -0.571275 1.076725 0.134546 1.226293
16.216216 -0.627200 1.036118 0.172441 1.223379
16.316316 -0.680284 0.990861 0.209548 1.220042
16.416416 -0.730320 0.941201 0.245709 1.216388
16.516517 -0.777115 0.887401 0.280774 1.212528
16.616617 -0.820422 0.829654 0.314573 1.208460
16.716717 -0.859917 0.768089 0.346904 1.204060
16.816817 -0.895310 0.702891 0.377574 1.199249
16.916917 -0.926414 0.634355 0.406431 1.194083
17.017017 -0.953099 0.562822 0.433344 1.188677
17.117117 -0.975219 0.488622 0.458177 1.183101
17.217217 -0.992602 0.412076 0.480780 1.177377
17.317317 -1.005106 0.333533 0.501015 1.171537
17.417417 -1.012604 0.253355 0.518750 1.165615
17.517518 -1.015057 0.171940 0.533896 1.159720
17.617618 -1.012461 0.089697 0.546382 1.153974
17.717718 -1.004734 0.007026 0.556094 1.148381
17.817818 -0.991766 -0.075653 0.562901 1.142883
17.917918 -0.973508 -0.157901 0.566700 1.137453
18.018018 -0.949960 -0.239262 0.567416 1.132092
18.118118 -0.921227 -0.319292 0.565030 1.126884
18.218218 -0.887462 -0.397548 0.559553 1.121933
18.318318 -0.848757 -0.473559 0.550955 1.117228
18.418418 -0.805239 -0.546854 0.539229 1.112757
18.518519 -0.757030 -0.616927 0.524354 1.108440
18.618619 -0.704315 -0.683293 0.506353 1.104239
18.718719 -0.647409 -0.745558 0.485332 1.100246
18.818819 -0.586616 -0.803303 0.461391 1.096492
18.918919 -0.522235 -0.856089 0.434619 1.092937
19.019019 -0.454626 -0.903534 0.405153 1.089591
19.119119 -0.384221 -0.945369 0.373186 1.086562
19.219219 -0.311453 -0.981319 0.338912 1.083905
19.319319 -0.236734 -1.011033 0.302500 1.081544
19.419419 -0.160509 -1.034198 0.264143 1.079398
19.519520 -0.083266 -1.050662 0.224088 1.077516
19.619620 -0.005512 -1.060359 0.182602 1.075981
19.719720 0.072254 -1.063201 0.139950 1.074804
19.819820 0.149530 -1.059177 0.096407 1.074016
19.919920 0.225824 -1.048370 0.052260 1.073689
20.020020 0.300660 -1.030896 0.007793 1.073873
20.120120 0.373586 -1.006956 -0.036710 1.074651
20.220220 0.444173 -0.976778 -0.080972 1.076077
20.320320 0.512027 -0.940642 -0.124726 1.078209
20.420420 0.576791 -0.898876 -0.167720 1.081109
20.520521 0.638093 -0.851759 -0.209700 1.084726
20.620621 0.695531 -0.799527 -0.250402 1.088902
20.720721 0.748725 -0.742451 -0.289571 1.093469
20.820821 0.797364 -0.680894 -0.326972 1.098325
20.920921 0.841183 -0.615252 -0.362392 1.103382
21.021021 0.879926 -0.545927 -0.395619 1.108522
21.121121 0.913314 -0.473310 -0.426434 1.113558
21.221221 0.941200 -0.397867 -0.454675 1.118430
21.321321 0.963564 -0.320116 -0.480245 1.123194
21.421421 0.980335 -0.240532 -0.503023 1.127805
21.521522 0.991462 -0.159589 -0.522900 1.132206
21.621622 0.996973 -0.077767 -0.539811 1.136397
21.721722 0.996951 0.004464 -0.553723 1.140413
21.821822 0.991477 0.086644 -0.564602 1.144251
21.921922 0.980627 0.168329 -0.572415 1.147878
22.022022 0.964572 0.249097 -0.577186 1.151344
22.122122 0.943461 0.328532 -0.578927 1.154646
22.222222 0.917435 0.406230 -0.577648 1.157751
22.322322 0.886661 0.481797 -0.573374 1.160627
22.422422 0.851395 0.554897 -0.566191 1.163339
22.522523 0.811922 0.625225 -0.556205 1.165970
22.622623 0.768429 0.692425 -0.543460 1.168454
22.722723 0.721126 0.756159 -0.528015 1.170726
22.822823 0.670236 0.816095 -0.509937 1.172716
22.922923 0.616037 0.871965 -0.489336 1.174425
23.023023 0.558871 0.923596 -0.466370 1.175954
23.123123 0.499076 0.970839 -0.441204 1.177398
23.223223 0.436965 1.013524 -0.413981 1.178792
23.323323 0.372844 1.051491 -0.384845 1.180149
23.423423 0.307018 1.084579 -0.353936 1.181458
23.523524 0.239779 1.112585 -0.321384 1.182636
23.623624 0.171411 1.135236 -0.287298 1.183505
23.723724 0.102208 1.152197 -0.251786 1.183808
23.823824 0.032509 1.163308 -0.215008 1.183457
23.923924 -0.037332 1.168499 -0.177149 1.182440
24.024024 -0.106962 1.167728 -0.138398 1.180755
24.124124 -0.176023 1.160998 -0.098953 1.178428
24.224224 -0.244156 1.148295 -0.059012 1.175447
24.324324 -0.310986 1.129582 -0.018775 1.171759
24.424424 -0.376120 1.104795 0.021549 1.167263
24.524525 -0.439188 1.074007 0.061743 1.161977
24.624625 -0.499822 1.037329 0.101585 1.155938
24.724725 -0.557620 0.994821 0.140841 1.149106
24.824825 -0.612174 0.946575 0.179269 1.141445
24.924925 -0.663067 0.892713 0.216617 1.132924
25.025025 -0.709849 0.833361 0.252615 1.123473
25.125125 -0.752054 0.768675 0.286977 1.113016
25.225225 -0.789269 0.698925 0.319429 1.101580
25.325325 -0.821102 0.624446 0.349697 1.089233
25.425425 -0.847089 0.545556 0.377469 1.075952
25.525526 -0.866829 0.462676 0.402452 1.061805
25.625626 -0.879940 0.376291 0.424350 1.046882
25.725726 -0.885984 0.286919 0.442836 1.031210
25.825826 -0.884556 0.195161 0.457581 1.014844
25.925926 -0.875237 0.101698 0.468238 0.997812
26.026026 -0.857641 0.007310 0.474460 0.980160
26.126126 -0.831435 -0.087114 0.475913 0.961960
26.226226 -0.796370 -0.180571 0.472288 0.943327
26.326326 -0.752372 -0.271964 0.463360 0.924517
26.426426 -0.699526 -0.360117 0.448974 0.905869
26.526527 -0.638110 -0.443817 0.429082 0.887845
26.626627 -0.568498 -0.521762 0.403669 0.870847
26.726727 -0.491134 -0.592534 0.372742 0.855129
26.826827 -0.406674 -0.654674 0.336418 0.840927
26.926927 -0.316045 -0.706808 0.294977 0.828537
27.027027 -0.220424 -0.747670 0.248859 0.818247
27.127127 -0.121187 -0.776139 0.198637 0.810268
27.227227 -0.019933 -0.791482 0.145074 0.804915
27.327327 0.081631 -0.793400 0.089065 0.802546
27.427427 0.181782 -0.781865 0.031562 0.803339
27.527528 0.278851 -0.757174 -0.026459 0.807323
27.627628 0.371289 -0.719974 -0.084029 0.814420
27.727728 0.457725 -0.671178 -0.140234 0.824413
27.827828 0.537087 -0.612032 -0.194267 0.837129
27.927928 0.608588 -0.543953 -0.245453 0.852356
28.028028 0.671542 -0.468262 -0.293188 0.869596
28.128128 0.725501 -0.386317 -0.336992 0.888345
28.228228 0.770325 -0.299525 -0.376550 0.908244
28.328328 0.805941 -0.209175 -0.411603 0.928823
28.428428 0.832409 -0.116468 -0.441982 0.949641
28.528529 0.849917 -0.022527 -0.467599 0.970317
28.628629 0.858806 0.071625 -0.488472 0.990597
28.728729 0.859552 0.165079 -0.504710 1.010353
28.828829 0.852573 0.257028 -0.516408 1.029379
28.928929 0.838304 0.346758 -0.523687 1.047494
29.029029 0.817253 0.433660 -0.526725 1.064614
29.129129 0.789913 0.517202 -0.525707 1.080661
29.229229 0.756722 0.596884 -0.520789 1.095500
29.329329 0.718129 0.672278 -0.512149 1.109038
29.429429 0.674636 0.743057 -0.500010 1.121284
29.529530 0.626756 0.808972 -0.484614 1.132303
29.629630 0.574979 0.869824 -0.466200 1.142164
29.729730 0.519756 0.925422 -0.444984 1.150897
29.829830 0.461508 0.975591 -0.421171 1.158513
29.929930 0.400627 1.020140 -0.394946 1.164977
30.030030 0.337468 1.058823 -0.366464 1.170165
30.130130 0.272405 1.091465 -0.335904 1.174024
30.230230 0.205821 1.117912 -0.303450 1.176508
30.330330 0.138083 1.137971 -0.269275 1.177520
30.430430 0.069577 1.151520 -0.233573 1.177029
30.530531 0.000694 1.158442 -0.196538 1.174996
30.630631 -0.068170 1.158593 -0.158367 1.171352
30.730731 -0.136603 1.151813 -0.119263 1.166001
30.830831 -0.204175 1.137973 -0.079440 1.158870
30.930931 -0.270452 1.117043 -0.039135 1.149983
31.031031 -0.334975 1.088974 0.001406 1.139331
31.131131 -0.397253 1.053692 0.041924 1.126870
31.231231 -0.456775 1.011169 0.082138 1.112588
31.331331 -0.512999 0.961409 0.121748 1.096494
31.431431 -0.565360 0.904467 0.160433 1.078624
31.531532 -0.613294 0.840492 0.197852 1.059104
31.631632 -0.656210 0.769690 0.233645 1.038087
31.731732 -0.693489 0.692319 0.267423 1.015750
31.831832 -0.724426 0.608667 0.298747 0.992229
31.931932 -0.748325 0.519141 0.327161 0.967746
32.032032 -0.764517 0.424313 0.352199 0.942641
32.132132 -0.772257 0.324839 0.373335 0.917213
32.232232 -0.770744 0.221521 0.389990 0.891745
32.332332 -0.759147 0.115354 0.401535 0.866511
32.432432 -0.736700 0.007591 0.407331 0.841845
32.532533 -0.702637 -0.100231 0.406695 0.818014
32.632633 -0.656475 -0.206272 0.399046 0.795453
32.732733 -0.598231 -0.308461 0.384044 0.774931
32.832833 -0.528198 -0.404501 0.361461 0.757145
32.932933 -0.447052 -0.491961 0.331262 0.742708
33.033033 -0.355962 -0.568392 0.293680 0.732138
33.133133 -0.256621 -0.631565 0.249277 0.725857
33.233233 -0.151224 -0.679734 0.198974 0.724222
33.333333 -0.042263 -0.711777 0.143963 0.727419
33.433433 0.067661 -0.727252 0.085613 0.735393
33.533534 0.176029 -0.726201 0.025328 0.747660
33.633634 0.280551 -0.709316 -0.035505 0.763609
33.733734 0.379345 -0.677953 -0.095612 0.782728
33.833834 0.470973 -0.633787 -0.153913 0.804482
33.933934 0.554454 -0.578660 -0.209551 0.828359
34.034034 0.629125 -0.514349 -0.261857 0.853770
34.134134 0.694585 -0.442516 -0.310328 0.880098
34.234234 0.750757 -0.364775 -0.354648 0.906902
34.334334 0.797711 -0.282569 -0.394611 0.933759
34.434434 0.835712 -0.197202 -0.430143 0.960379
34.534535 0.865160 -0.109831 -0.461271 0.986577
34.634635 0.886444 -0.021440 -0.488043 1.012140
34.734735 0.900060 0.067123 -0.510591 1.036975
34.834835 0.906533 0.155134 -0.529084 1.061036
34.934935 0.906362 0.241991 -0.543696 1.084278
35.035035 0.900064 0.327193 -0.554630 1.106700
35.135135 0.888094 0.410312 -0.562064 1.128265
35.235235 0.870836 0.490964 -0.566149 1.148880
35.335335 0.848687 0.568836 -0.567049 1.168498
35.435435 0.822051 0.643676 -0.564948 1.187120
35.535536 0.791286 0.715256 -0.560004 1.204711
35.635636 0.756684 0.783337 -0.552339 1.221174
35.735736 0.718535 0.847717 -0.542081 1.236433
35.835836 0.677150 0.908247 -0.529376 1.250473
35.935936 0.632856 0.964842 -0.514390 1.263339
36.036036 0.585975 1.017458 -0.497297 1.275105
36.136136 0.536782 1.066015 -0.478233 1.285780
36.236236 0.485515 1.110410 -0.457315 1.295327
36.336336 0.432411 1.150550 -0.434657 1.303714
36.436436 0.377710 1.186387 -0.410385 1.310951
36.536537 0.321654 1.217901 -0.384629 1.317074
36.636637 0.264461 1.245028 -0.357499 1.322059
36.736737 0.206338 1.267684 -0.329097 1.325860
36.836837 0.147503 1.285844 -0.299539 1.328486
36.936937 0.088177 1.299554 -0.268955 1.330020
37.037037 0.028571 1.308858 -0.237470 1.330533
37.137137 -0.031111 1.313777 -0.205199 1.330069
37.237237 -0.090667 1.314267 -0.172249 1.328604
37.337337 -0.149888 1.310196 -0.138712 1.326017
37.437437 -0.208562 1.301512 -0.104698 1.322268
37.537538 -0.266475 1.288204 -0.070323 1.317355
37.637638 -0.323408 1.270259 -0.035706 1.311269
37.737738 -0.379130 1.247645 -0.000970 1.303978
37.837838 -0.433384 1.220269 0.033758 1.295383
37.937938 -0.485935 1.188158 0.068343 1.285505
38.038038 -0.536593 1.151471 0.102653 1.274502
38.138138 -0.585151 1.110325 0.136553 1.262486
38.238238 -0.631322 1.064700 0.169888 1.249407
38.338338 -0.674795 1.014567 0.202489 1.235191
38.438438 -0.715300 0.960011 0.234193 1.219887
38.538539 -0.752589 0.901176 0.264838 1.203598
38.638639 -0.786393 0.838203 0.294251 1.186416
38.738739 -0.816440 0.771259 0.322252 1.168444
38.838839 -0.842489 0.700571 0.348669 1.149851
38.938939 -0.864246 0.626347 0.373305 1.130746
39.039039 -0.881366 0.548795 0.395932 1.111190
39.139139 -0.893471 0.468153 0.416301 1.091221
39.239239 -0.900105 0.384678 0.434115 1.070805
39.339339 -0.900887 0.298733 0.449101 1.050015
39.439439 -0.895487 0.210771 0.461000 1.029001
39.539540 -0.883572 0.121307 0.469540 1.007911
39.639640 -0.864776 0.030935 0.474417 0.986847
39.739740 -0.838731 -0.059662 0.475311 0.965894
39.839840 -0.805127 -0.149683 0.471915 0.945165
39.939940 -0.763642 -0.238196 0.463893 0.924707
40.040040 -0.714059 -0.324141 0.450944 0.904598
40.140140 -0.656336 -0.406344 0.432847 0.885014
40.240240 -0.590614 -0.483545 0.409465 0.866200
40.340340 -0.517117 -0.554318 0.380683 0.848292
40.440440 -0.436289 -0.617168 0.346493 0.831446
40.540541 -0.348927 -0.670701 0.307101 0.816027
40.640641 -0.256060 -0.713560 0.262849 0.802386
40.740741 -0.158983 -0.744578 0.214257 0.790935
40.840841 -0.059206 -0.762745 0.161991 0.782001
40.940941 0.041598 -0.767177 0.106829 0.775696
41.041041 0.141586 -0.757275 0.049694 0.771999
41.141141 0.238855 -0.732981 -0.008371 0.770962
41.241241 0.331535 -0.694705 -0.066258 0.772607
41.341341 0.417874 -0.643195 -0.122868 0.776798
41.441441 0.496416 -0.579715 -0.177181 0.783512
41.541542 0.565953 -0.505753 -0.228274 0.792589
41.641642 0.625562 -0.422938 -0.275359 0.803758
41.741742 0.674752 -0.333093 -0.317855 0.816868
41.841842 0.713321 -0.238021 -0.355346 0.831716
41.941942 0.741241 -0.139413 -0.387529 0.847970
42.042042 0.758741 -0.038857 -0.414262 0.865339
42.142142 0.766325 0.062194 -0.435579 0.883658
42.242242 0.764625 0.162478 -0.451617 0.902778
42.342342 0.754278 0.260908 -0.462545 0.922473
42.442442 0.736053 0.356599 -0.468639 0.942634
42.542543 0.710738 0.448837 -0.470216 0.963175
42.642643 0.678964 0.536970 -0.467515 0.983819
42.742743 0.641468 0.620562 -0.460872 1.004480
42.842843 0.599073 0.699392 -0.450705 1.025267
42.942943 0.552453 0.773260 -0.437354 1.046142
43.043043 0.502144 0.841930 -0.421078 1.066912
43.143143 0.448639 0.905203 -0.402115 1.087366
43.243243 0.392446 0.963008 -0.380734 1.107410
43.343343 0.334021 1.015285 -0.357180 1.126922
43.443443 0.273790 1.062012 -0.331685 1.145794
43.543544 0.212145 1.103173 -0.304462 1.163913
43.643644 0.149450 1.138778 -0.275717 1.181174
43.743744 0.086062 1.168957 -0.245668 1.197589
43.843844 0.022307 1.193929 -0.214535 1.213255
43.943944 -0.041522 1.213940 -0.182520 1.228286
44.044044 -0.105168 1.229146 -0.149793 1.242698
44.144144 -0.168386 1.239578 -0.116495 1.256375
44.244244 -0.230947 1.245309 -0.082765 1.269244
44.344344 -0.292660 1.246564 -0.048748 1.281385
44.444444 -0.353334 1.243478 -0.014572 1.292786
44.544545 -0.412771 1.236111 0.019643 1.303356
44.644645 -0.470791 1.224555 0.053780 1.313039
44.744745 -0.527222 1.208918 0.087728 1.321795
44.844845 -0.581895 1.189301 0.121375 1.329576
44.944945 -0.634678 1.165858 0.154620 1.336394
45.045045 -0.685437 1.138738 0.187366 1.342257
45.145145 -0.734016 1.108034 0.219510 1.347110
45.245245 -0.780316 1.073922 0.250967 1.350995
45.345345 -0.824230 1.036558 0.281651 1.353932
45.445445 -0.865616 0.996046 0.311466 1.355880
45.545546 -0.904423 0.952594 0.340348 1.356928
45.645646 -0.940619 0.906419 0.368243 1.357189
45.745746 -0.974109 0.857663 0.395074 1.356672
45.845846 -1.004846 0.806508 0.420784 1.355445
45.945946 -1.032778 0.753128 0.445316 1.353565
46.046046 -1.057765 0.697625 0.468573 1.350966
46.146146 -1.079705 0.640136 0.490476 1.347629
46.246246 -1.098487 0.580800 0.510941 1.343526
46.346346 -1.114000 0.519758 0.529881 1.338626
46.446446 -1.126197 0.457192 0.547240 1.332972
46.546547 -1.134994 0.393269 0.562944 1.326566
46.646647 -1.140287 0.328154 0.576905 1.319378
46.746747 -1.141973 0.262025 0.589037 1.311383
46.846847 -1.139954 0.195067 0.599255 1.302556
46.946947 -1.134148 0.127485 0.607478 1.292894
47.047047 -1.124509 0.059494 0.613644 1.282427
47.147147 -1.110953 -0.008680 0.617669 1.271143
47.247247 -1.093433 -0.076801 0.619486 1.259070
47.347347 -1.071960 -0.144621 0.619059 1.246294
47.447447 -1.046506 -0.211879 0.616329 1.232854
47.547548 -1.017056 -0.278304 0.611242 1.218800
47.647648 -0.983631 -0.343617 0.603762 1.204214
47.747748 -0.946287 -0.407535 0.593872 1.189213
47.847848 -0.905049 -0.469748 0.581533 1.173864
47.947948 -0.859875 -0.529887 0.566659 1.158131
48.048048 -0.810683 -0.587517 0.549133 1.141898
48.148148 -0.757392 -0.642141 0.528824 1.125008
48.248248 -0.700047 -0.693293 0.505678 1.107444
48.348348 -0.638768 -0.740511 0.479685 1.089256
48.448448 -0.573640 -0.783219 0.450793 1.070378
48.548549 -0.504818 -0.820835 0.418989 1.050792
48.648649 -0.432560 -0.852810 0.384325 1.030582
48.748749 -0.357158 -0.878516 0.346855 1.009783
48.848849 -0.278990 -0.897340 0.306686 0.988489
48.948949 -0.198536 -0.908707 0.263986 0.966878
49.049049 -0.116340 -0.911943 0.218943 0.945045
49.149149 -0.033064 -0.906470 0.171827 0.923204
49.249249 0.050513 -0.891750 0.122978 0.901606
49.349349 0.133495 -0.867175 0.072790 0.880404
49.449449 0.214839 -0.832213 0.021752 0.859771
49.549550 0.293362 -0.786481 -0.029545 0.839932
49.649650 0.367772 -0.729833 -0.080409 0.821205
49.749750 0.436653 -0.662310 -0.130048 0.803886
49.849850 0.498598 -0.584333 -0.177609 0.788410
49.949950 0.552263 -0.496714 -0.222211 0.775305
50.050050 0.596341 -0.400526 -0.262946 0.764973
50.150150 0.629677 -0.297171 -0.298937 0.757738
50.250250 0.651261 -0.188316 -0.329341 0.753704
50.350350 0.660399 -0.075898 -0.353444 0.752868
50.450450 0.656828 0.037948 -0.370740 0.755190
50.550551 0.640809 0.151057 -0.381008 0.760672
50.650651 0.612953 0.261349 -0.384232 0.769187
50.750751 0.574072 0.366920 -0.380543 0.780386
50.850851 0.525336 0.466177 -0.370318 0.793999
50.950951 0.468039 0.557816 -0.354054 0.809675
51.051051 0.403531 0.640842 -0.332332 0.827019
51.151151 0.333198 0.714596 -0.305810 0.845688
51.251251 0.258379 0.778700 -0.275165 0.865361
51.351351 0.180345 0.833084 -0.241092 0.885821
51.451451 0.100256 0.877925 -0.204262 0.906932
51.551552 0.019122 0.913497 -0.165284 0.928526
51.651652 -0.062186 0.940208 -0.124709 0.950479
51.751752 -0.142921 0.958493 -0.083025 0.972640
51.851852 -0.222435 0.968706 -0.040651 0.994747
51.951952 -0.300157 0.971193 0.002038 1.016521
52.052052 -0.375608 0.966384 0.044701 1.037776
52.152152 -0.448427 0.954843 0.087045 1.058484
52.252252 -0.518292 0.937058 0.128808 1.078562
52.352352 -0.584946 0.913499 0.169767 1.097936
52.452452 -0.648187 0.884645 0.209730 1.116570
52.552553 -0.707810 0.850885 0.248517 1.134355
52.652653 -0.763677 0.812636 0.285980 1.151245
52.752753 -0.815673 0.770297 0.321989 1.167201
52.852853 -0.863653 0.724191 0.356408 1.182107
52.952953 -0.907409 0.674572 0.389080 1.195751
53.053053 -0.946796 0.621729 0.419874 1.208000
53.153153 -0.981761 0.566006 0.448703 1.218833
53.253253 -1.012282 0.507743 0.475497 1.228257
53.353353 -1.038384 0.447285 0.500212 1.236332
53.453453 -1.060089 0.384956 0.522805 1.243103
53.553554 -1.077375 0.321043 0.543214 1.248554
53.653654 -1.090257 0.255839 0.561400 1.252711
53.753754 -1.098750 0.189628 0.577322 1.255592
53.853854 -1.102817 0.122674 0.590915 1.257153
53.953954 -1.102386 0.055244 0.602093 1.257307
54.054054 -1.097367 -0.012395 0.610762 1.255945
54.154154 -1.087696 -0.079957 0.616838 1.252983
54.254254 -1.073322 -0.147151 0.620243 1.248348
54.354354 -1.054256 -0.213679 0.620933 1.242044
54.454454 -1.030544 -0.279242 0.618882 1.234103
54.554555 -1.002223 -0.343532 0.614059 1.224554
54.654655 -0.969359 -0.406241 0.606449 1.213453
54.754755 -0.931995 -0.467037 0.596019 1.200823
54.854855 -0.890124 -0.525546 0.582703 1.186618
54.954955 -0.843783 -0.581387 0.566454 1.170833
55.055055 -0.793038 -0.634163 0.547244 1.153494
55.155155 -0.737920 -0.683406 0.525011 1.134551
55.255255 -0.678508 -0.728638 0.499716 1.114003
55.355355 -0.614948 -0.769374 0.471360 1.091915
55.455455 -0.547422 -0.805104 0.439956 1.068375
55.555556 -0.476214 -0.835373 0.405585 1.043612
55.655656 -0.401616 -0.859634 0.368317 1.017803
55.755756 -0.323897 -0.877133 0.328172 0.990943
55.855856 -0.243458 -0.887181 0.285258 0.963189
55.955956 -0.160848 -0.889191 0.239778 0.934893
56.056056 -0.076694 -0.882469 0.191963 0.906357
56.156156 0.008247 -0.866241 0.142102 0.877857
56.256256 0.093043 -0.839587 0.090556 0.849566
56.356356 0.176546 -0.801662 0.037818 0.821742
56.456456 0.257411 -0.751962 -0.015449 0.794950
56.556557 0.334076 -0.690149 -0.068439 0.769802
56.656657 0.404702 -0.615993 -0.120168 0.746774
56.756757 0.467325 -0.529752 -0.169505 0.726472
56.856857 0.519999 -0.432317 -0.215220 0.709660
56.956957 0.560811 -0.325093 -0.256012 0.696948
57.057057 0.588015 -0.210046 -0.290581 0.688708
57.157157 0.600393 -0.089747 -0.317817 0.685226
57.257257 0.597354 0.032815 -0.336883 0.686585
57.357357 0.578856 0.154496 -0.347227 0.692467
57.457457 0.545683 0.272248 -0.348766 0.702514
57.557558 0.499255 0.383376 -0.341831 0.716297
57.657658 0.441398 0.485729 -0.327071 0.733307
57.757758 0.374184 0.577788 -0.305378 0.753066
57.857858 0.299711 0.658648 -0.277763 0.775110
57.957958 0.219946 0.727873 -0.245242 0.798949
58.058058 0.136650 0.785411 -0.208784 0.824096
58.158158 0.051365 0.831483 -0.169281 0.850094
58.258258 -0.034599 0.866405 -0.127513 0.876421
58.358358 -0.120130 0.890673 -0.084182 0.902672
58.458458 -0.204305 0.904956 -0.039912 0.928590
58.558559 -0.286369 0.909946 0.004760 0.953956
58.658659 -0.365727 0.906376 0.049382 0.978628
58.758759 -0.441891 0.894931 0.093565 1.002459
58.858859 -0.514476 0.876268 0.136985 1.025327
58.958959 -0.583226 0.851101 0.179378 1.047236
59.059059 -0.647889 0.820004 0.220510 1.068078
59.159159 -0.708261 0.783501 0.260177 1.087750
59.259259 -0.764193 0.742114 0.298208 1.106188
59.359359 -0.815569 0.696326 0.334457 1.123336
59.459459 -0.862360 0.646647 0.368822 1.139231
59.559560 -0.904503 0.593507 0.401194 1.153834
59.659660 -0.941944 0.537305 0.431478 1.167103
59.759760 -0.974709 0.478456 0.459616 1.179078
59.859860 -1.002870 0.417368 0.485579 1.189845
59.959960 -1.026509 0.354420 0.509349 1.199487
60.060060 -1.045737 0.289967 0.530928 1.208110
60.160160 -1.060690 0.224351 0.550332 1.215838
60.260260 -1.071391 0.157856 0.567527 1.222654
60.360360 -1.077859 0.090759 0.582476 1.228534
60.460460 -1.080148 0.023331 0.595162 1.233483
60.560561 -1.078296 -0.044165 0.605564 1.237490
60.660661 -1.072376 -0.111473 0.613677 1.240571
60.760761 -1.062470 -0.178346 0.619506 1.242754
60.860861 -1.048624 -0.244535 0.623034 1.244018
60.960961 -1.030861 -0.309787 0.624230 1.244309
61.061061 -1.009264 -0.373866 0.623101 1.243641
61.161161 -0.983892 -0.436522 0.619638 1.241993
61.261261 -0.954864 -0.497533 0.613868 1.239410
61.361361 -0.922383 -0.556721 0.605874 1.236047
61.461461 -0.886574 -0.613875 0.595690 1.231950
61.561562 -0.847573 -0.668793 0.583357 1.227180
61.661662 -0.805505 -0.721261 0.568907 1.221766
61.761762 -0.760462 -0.771037 0.552352 1.215686
61.861862 -0.712554 -0.817875 0.533710 1.208925
61.961962 -0.661849 -0.861468 0.512968 1.201377
62.062062 -0.608430 -0.901488 0.490115 1.192929
62.162162 -0.552456 -0.937685 0.465197 1.183583
62.262262 -0.494142 -0.969868 0.438303 1.173427
62.362362 -0.433691 -0.997806 0.409503 1.162496
62.462462 -0.371313 -1.021257 0.378876 1.150820
62.562563 -0.307242 -1.039983 0.346509 1.138433
62.662663 -0.241728 -1.053745 0.312502 1.125375
62.762763 -0.175047 -1.062316 0.276968 1.111696
62.862863 -0.107503 -1.065518 0.240046 1.097501
62.962963 -0.039422 -1.063161 0.201885 1.082878
63.063063 0.028850 -1.055039 0.162642 1.067891
63.163163 0.096936 -1.040987 0.122499 1.052642
63.263263 0.164426 -1.020803 0.081647 1.037180
63.363363 0.230878 -0.994321 0.040305 1.021569
63.463463 0.295800 -0.961372 -0.001284 1.005851
63.563564 0.358682 -0.921870 -0.042850 0.990118
63.663664 0.418961 -0.875759 -0.084093 0.974451
63.763764 0.475997 -0.822932 -0.124673 0.958819
63.863864 0.529115 -0.763390 -0.164217 0.943236
63.963964 0.577675 -0.697318 -0.202339 0.927848
64.064064 0.621053 -0.625037 -0.238638 0.912867
64.164164 0.658563 -0.546894 -0.272675 0.898415
64.264264 0.689540 -0.463364 -0.304000 0.884639
64.364364 0.713427 -0.375107 -0.332193 0.871800
64.464464 0.729686 -0.282876 -0.356829 0.860109
64.564565 0.737804 -0.187524 -0.377477 0.849711
64.664665 0.737321 -0.090023 -0.393718 0.840690
64.764765 0.727848 0.008539 -0.405153 0.833057
64.864865 0.709141 0.106958 -0.411441 0.826804
64.964965 0.681073 0.203926 -0.412292 0.821846
65.065065 0.643830 0.298119 -0.407584 0.818240
65.165165 0.597770 0.388187 -0.397288 0.816000
65.265265 0.543360 0.472799 -0.381436 0.815029
65.365365 0.481307 0.550720 -0.360211 0.815291
65.465465 0.412406 0.620759 -0.333854 0.816626
65.565566 0.337630 0.681911 -0.302734 0.818928
65.665666 0.258063 0.733322 -0.267306 0.822077
65.765766 0.174892 0.774441 -0.228137 0.826071
65.865866 0.089347 0.804939 -0.185853 0.830934
65.965966 0.002606 0.824435 -0.141043 0.836417
66.066066 -0.084148 0.832725 -0.094328 0.842265
66.166166 -0.169755 0.829874 -0.046362 0.848326
66.266266 -0.253121 0.816164 0.002199 0.854517
66.366366 -0.333214 0.791972 0.050719 0.860711
66.466466 -0.409094 0.757814 0.098590 0.866810
66.566567 -0.479936 0.714369 0.145240 0.872786
66.666667 -0.544961 0.662303 0.190123 0.878507
66.766767 -0.603520 0.602409 0.232744 0.883913
66.866867 -0.655081 0.535561 0.272662 0.888989
66.966967 -0.699142 0.462610 0.309453 0.893626
67.067067 -0.735377 0.384504 0.342777 0.897841
67.167167 -0.763588 0.302228 0.372356 0.901697
67.267267 -0.783523 0.216703 0.397894 0.905090
67.367367 -0.795072 0.128882 0.419170 0.907994
67.467467 -0.798400 0.039747 0.436109 0.910611
67.567568 -0.793677 -0.049764 0.448646 0.913062
67.667668 -0.781042 -0.138754 0.456706 0.915346
67.767768 -0.760659 -0.226341 0.460231 0.917412
67.867868 -0.732770 -0.311669 0.459210 0.919218
67.967968 -0.697736 -0.393931 0.453707 0.920797
68.068068 -0.655825 -0.472276 0.443727 0.921978
68.168168 -0.607376 -0.545882 0.429317 0.922608
68.268268 -0.552877 -0.614015 0.410626 0.922660
68.368368 -0.492871 -0.675995 0.387838 0.922123
68.468468 -0.427946 -0.731183 0.361171 0.920983
68.568569 -0.358674 -0.778891 0.330827 0.919111
68.668669 -0.285673 -0.818433 0.297032 0.916335
68.768769 -0.209673 -0.849312 0.260107 0.912661
68.868869 -0.131481 -0.871209 0.220444 0.908234
68.968969 -0.051910 -0.883799 0.178441 0.903126
69.069069 0.028199 -0.886798 0.134516 0.897385
69.169169 0.107968 -0.879964 0.089115 0.891031
69.269269 0.186484 -0.863138 0.042716 0.884086
69.369369 0.262819 -0.836336 -0.004162 0.876669
69.469469 0.335983 -0.799549 -0.050972 0.868770
69.569570 0.404917 -0.752773 -0.097127 0.860267
69.669670 0.468529 -0.696172 -0.141994 0.851080
69.769770 0.525655 -0.629998 -0.184885 0.841067
69.869870 0.575185 -0.554767 -0.225095 0.830224
69.969970 0.615969 -0.471156 -0.261874 0.818525
70.070070 0.646713 -0.379922 -0.294374 0.805751
70.170170 0.666164 -0.282104 -0.321726 0.791748
70.270270 0.673224 -0.179089 -0.343085 0.776538
70.370370 0.666889 -0.072566 -0.357608 0.760191
70.470470 0.646227 0.035457 -0.364439 0.742753
70.570571 0.610588 0.142597 -0.362813 0.724420
70.670671 0.559658 0.246095 -0.352089 0.705512
70.770771 0.493482 0.342805 -0.331759 0.686370
70.870871 0.412636 0.429223 -0.301550 0.667408
70.970971 0.318420 0.501609 -0.261549 0.649162
71.071071 0.213011 0.556200 -0.212327 0.632309
71.171171 0.099523 0.589444 -0.155009 0.617557
71.271271 -0.017993 0.598282 -0.091324 0.605479
71.371371 -0.134641 0.580746 -0.023655 0.596619
71.471471 -0.245035 0.536502 0.045068 0.591530
71.571572 -0.343879 0.467061 0.111650 0.590647
71.671672 -0.426461 0.375584 0.172944 0.594005
71.771772 -0.489096 0.266556 0.226147 0.601174
71.871872 -0.529736 0.145515 0.269183 0.611764
71.971972 -0.548134 0.018322 0.300924 0.625573
72.072072 -0.545378 -0.109617 0.321059 0.642286
72.172172 -0.523404 -0.233733 0.329887 0.661368
72.272272 -0.484617 -0.350371 0.328123 0.682113
72.372372 -0.431878 -0.456975 0.316922 0.704119
72.472472 -0.368075 -0.551898 0.297606 0.727076
72.572573 -0.295818 -0.634182 0.271461 0.750590
72.672673 -0.217457 -0.703387 0.239715 0.774277
72.772773 -0.135028 -0.759457 0.203489 0.797757
72.872873 -0.050310 -0.802626 0.163809 0.820715
72.972973 0.035190 -0.833272 0.121576 0.842829
73.073073 0.120176 -0.851970 0.077603 0.863896
73.173173 0.203556 -0.859348 0.032605 0.883729
73.273273 0.284421 -0.856155 -0.012788 0.902252
73.373373 0.362012 -0.843147 -0.058027 0.919411
73.473473 0.435647 -0.820967 -0.102625 0.935043
73.573574 0.504770 -0.790314 -0.146155 0.949079
73.673674 0.568965 -0.751974 -0.188253 0.961574
73.773774 0.627892 -0.706700 -0.228604 0.972591
73.873874 0.681264 -0.655199 -0.266927 0.982169
73.973974 0.728762 -0.598078 -0.302945 0.990236
74.074074 0.770063 -0.535897 -0.336381 0.996662
74.174174 0.804901 -0.469246 -0.366990 1.001369
74.274274 0.833011 -0.398698 -0.394527 1.004250
74.374374 0.854208 -0.324864 -0.418786 1.005281
74.474474 0.868341 -0.248371 -0.439577 1.004457
74.574575 0.875328 -0.169855 -0.456747 1.001833
74.674675 0.875120 -0.089969 -0.470158 0.997486
74.774775 0.867593 -0.009356 -0.479633 0.991389
74.874875 0.852576 0.071308 -0.484962 0.983442
74.974975 0.829963 0.151310 -0.485966 0.973599
75.075075 0.799873 0.229923 -0.482588 0.962056
75.175175 0.762515 0.306419 -0.474819 0.949092
75.275275 0.718020 0.380014 -0.462601 0.934860
75.375375 0.666449 0.449826 -0.445818 0.919376
75.475475 0.607917 0.514898 -0.424371 0.902648
75.575576 0.542648 0.574218 -0.398214 0.884742
75.675676 0.471018 0.626756 -0.367379 0.865822
75.775776 0.393529 0.671435 -0.331965 0.846103
75.875876 0.310835 0.707160 -0.292147 0.825860
75.975976 0.223785 0.732880 -0.248219 0.805484
76.076076 0.133352 0.747353 -0.200510 0.785190
76.176176 0.040704 0.749112 -0.149420 0.764952
76.276276 -0.052654 0.736932 -0.095576 0.744967
76.376376 -0.144884 0.709775 -0.039821 0.725505
76.476476 -0.233823 0.666784 0.016789 0.706792
76.576577 -0.317033 0.607629 0.072958 0.689236
76.676677 -0.391974 0.532736 0.127206 0.673523
76.776777 -0.456078 0.443212 0.177921 0.660378
76.876877 -0.506807 0.340772 0.223404 0.650299
76.976977 -0.542011 0.227952 0.262033 0.643739
77.077077 -0.560031 0.107963 0.292345 0.640902
77.177177 -0.559860 -0.015492 0.313154 0.641677
77.277277 -0.541577 -0.138428 0.323829 0.646013
77.377377 -0.506221 -0.256987 0.324294 0.653811
77.477477 -0.455619 -0.367815 0.314993 0.664904
77.577578 -0.392126 -0.468240 0.296780 0.679036
77.677678 -0.318264 -0.556294 0.270722 0.695734
77.777778 -0.236547 -0.630617 0.237982 0.714330
77.877878 -0.149424 -0.690555 0.199807 0.734246
77.977978 -0.059200 -0.736198 0.157492 0.755179
78.078078 0.032136 -0.768074 0.112230 0.776895
78.178178 0.122923 -0.786896 0.065061 0.799093
78.278278 0.211783 -0.793424 0.016879 0.821376
78.378378 0.297588 -0.788529 -0.031542 0.843405
78.478478 0.379443 -0.773193 -0.079540 0.864946
78.578579 0.456610 -0.748334 -0.126551 0.885727
78.678679 0.528515 -0.714871 -0.172100 0.905532
78.778779 0.594809 -0.673836 -0.215818 0.924354
78.878879 0.655235 -0.626177 -0.257404 0.942171
78.978979 0.709577 -0.572724 -0.296596 0.958896
79.079079 0.757648 -0.514234 -0.333163 0.974404
79.179179 0.799249 -0.451375 -0.366881 0.988504
79.279279 0.834278 -0.384825 -0.397579 1.001089
79.379379 0.862685 -0.315243 -0.425117 1.012091
79.479479 0.884457 -0.243257 -0.449382 1.021461
79.579580 0.899660 -0.169484 -0.470306 1.029224
79.679680 0.908405 -0.094515 -0.487851 1.035438
79.779780 0.910790 -0.018906 -0.501976 1.040133
79.879880 0.906922 0.056813 -0.512652 1.043335
79.979980 0.897034 0.132134 -0.519921 1.045202
80.080080 0.881400 0.206588 -0.523856 1.045931
80.180180 0.860217 0.279718 -0.524490 1.045612
80.280280 0.833591 0.351053 -0.521800 1.044216
80.380380 0.801709 0.420151 -0.515817 1.041792
80.480480 0.764782 0.486577 -0.506582 1.038400
80.580581 0.722904 0.549821 -0.494063 1.033920
80.680681 0.676173 0.609343 -0.478222 1.028205
80.780781 0.624852 0.664698 -0.459129 1.021305
80.880881 0.569282 0.715498 -0.436908 1.013365
80.980981 0.509730 0.761251 -0.411624 1.004372
81.081081 0.446451 0.801390 -0.383323 0.994224
81.181181 0.379762 0.835354 -0.352085 0.982853
81.281281 0.310018 0.862527 -0.318001 0.970149
81.381381 0.237640 0.882291 -0.281203 0.956025
81.481481 0.163153 0.894121 -0.241891 0.940522
81.581582 0.087156 0.897517 -0.200313 0.923719
81.681682 0.010314 0.891879 -0.156738 0.905605
81.781782 -0.066607 0.876527 -0.111474 0.886094
81.881882 -0.142716 0.850916 -0.064923 0.865240
81.981982 -0.216986 0.814565 -0.017573 0.843153
82.082082 -0.288226 0.766994 0.029996 0.819910
82.182182 -0.355039 0.707775 0.077081 0.795575
82.282282 -0.415827 0.636650 0.122841 0.770276
82.382382 -0.468886 0.553783 0.166302 0.744437
82.482482 -0.512352 0.459678 0.206345 0.718600
82.582583 -0.544128 0.355177 0.241665 0.693273
82.682683 -0.562093 0.241749 0.270835 0.669136
82.782783 -0.564289 0.121628 0.292393 0.647077
82.882883 -0.549007 -0.002167 0.304878 0.627985
82.982983 -0.515096 -0.125798 0.307003 0.612699
83.083083 -0.462411 -0.244761 0.297924 0.602072
83.183183 -0.392059 -0.354304 0.277451 0.596842
83.283283 -0.306433 -0.449994 0.246161 0.597487
83.383383 -0.208830 -0.528036 0.205239 0.603783
83.483483 -0.103206 -0.585806 0.156436 0.615055
83.583584 0.006184 -0.622285 0.101938 0.630609
83.683684 0.115389 -0.637744 0.043985 0.649589
83.783784 0.221059 -0.633520 -0.015341 0.671156
83.883884 0.320577 -0.611605 -0.074251 0.694510
83.983984 0.412108 -0.574398 -0.131319 0.719034
84.084084 0.494466 -0.524385 -0.185468 0.744228
84.184184 0.566955 -0.463892 -0.235918 0.769604
84.284284 0.629392 -0.395162 -0.282187 0.794932
84.384384 0.681784 -0.320131 -0.323951 0.819913
84.484484 0.724141 -0.240397 -0.360945 0.844069
84.584585 0.756723 -0.157424 -0.393067 0.867129
84.684685 0.780038 -0.072531 -0.420373 0.889063
84.784785 0.794688 0.013158 -0.443008 0.909922
84.884885 0.801202 0.098697 -0.461105 0.929669
84.984985 0.800045 0.183275 -0.474785 0.948200
85.085085 0.791778 0.266210 -0.484242 0.965542
85.185185 0.776992 0.346936 -0.489710 0.981782
85.285285 0.756266 0.424992 -0.491431 0.997025
85.385385 0.730043 0.499935 -0.489576 1.011228
85.485485 0.698714 0.571359 -0.484293 1.024301
85.585586 0.662755 0.638973 -0.475796 1.036297
85.685686 0.622564 0.702479 -0.464257 1.047185
85.785786 0.578510 0.761595 -0.449832 1.056906
85.885886 0.531004 0.816137 -0.432718 1.065500
85.985986 0.480463 0.865981 -0.413125 1.073052
86.086086 0.427236 0.910938 -0.391214 1.079531
86.186186 0.371622 0.950760 -0.367111 1.084813
86.286286 0.313925 0.985193 -0.340939 1.088758
86.386386 0.254439 1.013937 -0.312811 1.091173
86.486486 0.193485 1.036755 -0.282867 1.091930
86.586587 0.131427 1.053546 -0.251289 1.091045
86.686687 0.068618 1.064145 -0.218246 1.088459
86.786787 0.005416 1.068327 -0.183898 1.084053
86.886887 -0.057800 1.066020 -0.148445 1.077857
86.986987 -0.120638 1.057151 -0.112089 1.069900
87.087087 -0.182688 1.041563 -0.075033 1.060122
87.187187 -0.243494 1.019023 -0.037490 1.048381
87.287287 -0.302575 0.989359 0.000302 1.034593
87.387387 -0.359433 0.952509 0.038079 1.018781
87.487487 -0.413539 0.908430 0.075553 1.000984
87.587588 -0.464335 0.857140 0.112412 0.981291
87.687688 -0.511251 0.798739 0.148323 0.959876
87.787788 -0.553665 0.733355 0.182919 0.936917
87.887888 -0.590783 0.661012 0.215757 0.912421
87.987988 -0.621653 0.581733 0.246303 0.886302
88.088088 -0.645205 0.495660 0.273941 0.858494
88.188188 -0.660281 0.403130 0.297970 0.829018
88.288288 -0.665690 0.304755 0.317628 0.798064
88.388388 -0.660066 0.201395 0.332010 0.765819
88.488488 -0.641934 0.094289 0.340088 0.732550
88.588589 -0.609820 -0.014786 0.340745 0.698718
88.688689 -0.562321 -0.123390 0.332789 0.664965
88.788789 -0.498336 -0.228255 0.315056 0.632218
88.888889 -0.417389 -0.325203 0.286573 0.601743
88.988989 -0.319945 -0.409092 0.246730 0.574975
89.089089 -0.208021 -0.474222 0.195678 0.553578
89.189189 -0.085625 -0.515130 0.134717 0.539295
89.289289 0.041392 -0.527636 0.066383 0.533404
89.389389 0.166030 -0.510219 -0.005697 0.536583
89.489489 0.281510 -0.464565 -0.077479 0.548699
89.589590 0.382434 -0.394790 -0.145272 0.568524
89.689690 0.465480 -0.306435 -0.206295 0.594249
89.789790 0.529327 -0.205349 -0.258825 0.623976
89.889890 0.574074 -0.096779 -0.302028 0.655857
89.989990 0.600881 0.014876 -0.335803 0.688508
90.090090 0.611615 0.126186 -0.360604 0.721132
90.190190 0.608331 0.234634 -0.377145 0.753232
90.290290 0.593046 0.338481 -0.386251 0.784515
90.390390 0.567647 0.436566 -0.388771 0.814835
90.490490 0.533736 0.528109 -0.385463 0.844011
90.590591 0.492640 0.612532 -0.376964 0.871775
90.690691 0.445448 0.689359 -0.363797 0.897768
90.790791 0.393213 0.758367 -0.346509 0.921849
90.890891 0.336935 0.819554 -0.325655 0.944058
90.990991 0.277471 0.872956 -0.301715 0.964404
91.091091 0.215540 0.918541 -0.275083 0.982774
91.191191 0.151786 0.956288 -0.246113 0.999048
91.291291 0.086832 0.986381 -0.215181 1.013307
91.391391 0.021238 1.009032 -0.182634 1.025647
91.491491 -0.044492 1.024367 -0.148773 1.036070
91.591592 -0.109894 1.032538 -0.113881 1.044596
91.691692 -0.174534 1.033722 -0.078228 1.051267
91.791792 -0.238020 1.028163 -0.042074 1.056193
91.891892 -0.299999 1.016169 -0.005666 1.059542
91.991992 -0.360123 0.997959 0.030766 1.061394
92.092092 -0.418052 0.973720 0.067001 1.061785
92.192192 -0.473473 0.943686 0.102826 1.060799
92.292292 -0.526050 0.908028 0.138026 1.058440
92.392392 -0.575399 0.866841 0.172372 1.054613
92.492492 -0.621197 0.820338 0.205648 1.049348
92.592593 -0.663168 0.768815 0.237652 1.042759
92.692693 -0.700968 0.712491 0.268155 1.034846
92.792793 -0.734259 0.651613 0.296928 1.025623
92.892893 -0.762664 0.586432 0.323720 1.015063
92.992993 -0.785725 0.517174 0.348238 1.003046
93.093093 -0.802983 0.444127 0.370179 0.989477
93.193193 -0.813985 0.367651 0.389231 0.974289
93.293293 -0.818263 0.288168 0.405062 0.957429
93.393393 -0.815415 0.206205 0.417361 0.938942
93.493493 -0.805172 0.122401 0.425869 0.919047
93.593594 -0.787219 0.037458 0.430295 0.897926
93.693694 -0.760987 -0.047837 0.430187 0.875471
93.793794 -0.725890 -0.132535 0.425062 0.851563
93.893894 -0.681536 -0.215499 0.414509 0.826286
93.993994 -0.627584 -0.295376 0.398109 0.799750
94.094094 -0.563692 -0.370510 0.375393 0.771976
94.194194 -0.489759 -0.438972 0.345977 0.743142
94.294294 -0.406057 -0.498589 0.309646 0.713691
94.394394 -0.313222 -0.546872 0.266330 0.684185
94.494494 -0.212406 -0.581044 0.216198 0.655339
94.594595 -0.105418 -0.598039 0.159734 0.627916
94.694695 0.005036 -0.594702 0.097904 0.602728
94.794795 0.115184 -0.568387 0.032354 0.580842
94.894895 0.220233 -0.517499 -0.034528 0.563472
94.994995 0.314699 -0.442016 -0.099706 0.551684
95.095095 0.393162 -0.344180 -0.159793 0.546416
95.195195 0.451289 -0.228578 -0.211607 0.548350
95.295295 0.486396 -0.101323 -0.252627 0.557376
95.395395 0.497689 0.030923 -0.281283 0.572513
95.495495 0.486258 0.161808 -0.297105 0.592368
95.595596 0.454482 0.285975 -0.300505 0.615336
95.695696 0.405503 0.399380 -0.292540 0.639935
95.795796 0.342819 0.499356 -0.274701 0.665088
95.895896 0.269859 0.584429 -0.248638 0.690074
95.995996 0.189681 0.653920 -0.215933 0.714295
96.096096 0.104913 0.707628 -0.178010 0.737179
96.196196 0.017830 0.745753 -0.136164 0.758292
96.296296 -0.069614 0.768791 -0.091563 0.777347
96.396396 -0.155755 0.777464 -0.045253 0.794203
96.496496 -0.239150 0.772492 0.001845 0.808665
96.596597 -0.318516 0.754548 0.048904 0.820479
96.696697 -0.392752 0.724484 0.095170 0.829572
96.796797 -0.460885 0.683200 0.139951 0.835921
96.896897 -0.522026 0.631583 0.182603 0.839495
96.996997 -0.575369 0.570563 0.222522 0.840302
97.097097 -0.620160 0.501096 0.259129 0.838358
97.197197 -0.655676 0.424167 0.291854 0.833671
97.297297 -0.681185 0.340800 0.320119 0.826216
97.397397 -0.696087 0.252157 0.343394 0.816112
97.497497 -0.699872 0.159523 0.361178 0.803566
97.597598 -0.692043 0.064278 0.372963 0.788769
97.697698 -0.672151 -0.032045 0.378240 0.771933
97.797798 -0.639729 -0.127721 0.376457 0.753184
97.897898 -0.594404 -0.220764 0.367072 0.732663
97.997998 -0.536054 -0.308906 0.349632 0.710648
98.098098 -0.464837 -0.389552 0.323786 0.687504
98.198198 -0.381138 -0.459618 0.289226 0.663451
98.298298 -0.285914 -0.515645 0.245896 0.638828
98.398398 -0.180981 -0.553936 0.194178 0.614251
98.498498 -0.069142 -0.570720 0.134987 0.590529
98.598599 0.045601 -0.562341 0.069925 0.568504
98.698699 0.157912 -0.525777 0.001440 0.548981
98.798799 0.261206 -0.459709 -0.067040 0.532969
98.898899 0.348360 -0.365475 -0.131337 0.521705
98.998999 0.412674 -0.247432 -0.186996 0.516227
99.099099 0.449007 -0.112683 -0.229965 0.516903
99.199199 0.455084 0.029672 -0.257440 0.523696
99.299299 0.431581 0.170130 -0.268187 0.535846
99.399399 0.381764 0.300312 -0.262599 0.552168
99.499499 0.310715 0.413907 -0.242425 0.571518
99.599600 0.224072 0.506868 -0.210109 0.592679
99.699700 0.127339 0.577175 -0.168360 0.614566
99.799800 0.025465 0.624445 -0.119858 0.636353
99.899900 -0.077357 0.649236 -0.067025 0.657254
100.000000 -0.177655 0.652657 -0.011973 0.676510
