0.000000 0.767121 -0.045327 0.777834 1.093414
0.100100 0.718076 0.047903 0.826906 1.096221
0.200200 0.663915 0.140764 0.870057 1.103448
0.300300 0.605115 0.232611 0.907095 1.114941
0.400400 0.542221 0.322855 0.937964 1.130493
0.500501 0.475820 0.410976 0.962727 1.149848
0.600601 0.406508 0.496548 0.981565 1.172723
0.700701 0.334873 0.579238 0.994743 1.198820
0.800801 0.261438 0.658758 1.002513 1.227739
0.900901 0.186689 0.734898 1.005169 1.259084
1.001001 0.111081 0.807567 1.003101 1.292561
1.101101 0.035017 0.876751 0.996730 1.327927
1.201201 -0.041165 0.942442 0.986411 1.364880
1.301301 -0.117173 1.004640 0.972460 1.403108
1.401401 -0.192755 1.063363 0.955167 1.442304
1.501502 -0.267701 1.118682 0.934837 1.482240
1.601602 -0.341837 1.170696 0.911766 1.522727
1.701702 -0.415008 1.219468 0.886189 1.563543
1.801802 -0.487084 1.265077 0.858334 1.604496
1.901902 -0.557967 1.307632 0.828425 1.645453
2.002002 -0.627571 1.347231 0.796662 1.686282
2.102102 -0.695847 1.384014 0.763253 1.726920
2.202202 -0.762760 1.418121 0.728386 1.767319
2.302302 -0.828295 1.449696 0.692235 1.807451
2.402402 -0.892468 1.478915 0.654978 1.847345
2.502503 -0.955288 1.505919 0.616757 1.886997
2.602603 -1.016786 1.530864 0.577710 1.926434
2.702703 -1.076997 1.553896 0.537958 1.965684
2.802803 -1.135936 1.575115 0.497596 2.004730
2.902903 -1.193607 1.594599 0.456703 2.043532
3.003003 -1.250021 1.612425 0.415352 2.082062
3.103103 -1.305180 1.628653 0.373607 2.120280
3.203203 -1.359099 1.643352 0.331529 2.158163
3.303303 -1.411826 1.656630 0.289181 2.195746
3.403403 -1.463417 1.668593 0.246620 2.233073
3.503504 -1.513913 1.679325 0.203894 2.270162
3.603604 -1.563347 1.688897 0.161044 2.307025
3.703704 -1.611750 1.697373 0.118107 2.343664
3.803804 -1.659157 1.704816 0.075116 2.380092
3.903904 -1.705605 1.711290 0.032098 2.416326
4.004004 -1.751127 1.716851 -0.010919 2.452375
4.104104 -1.795756 1.721551 -0.053914 2.488249
4.204204 -1.839504 1.725424 -0.096866 2.523935
4.304304 -1.882371 1.728484 -0.139754 2.559397
4.404404 -1.924380 1.730772 -0.182563 2.594637
4.504505 -1.965556 1.732324 -0.225276 2.629659
4.604605 -2.005896 1.733154 -0.267879 2.664432
4.704705 -2.045404 1.733281 -0.310354 2.698937
4.804805 -2.084090 1.732723 -0.352690 2.733157
4.904905 -2.121977 1.731516 -0.394876 2.767103
5.005005 -2.159097 1.729696 -0.436904 2.800792
5.105105 -2.195479 1.727297 -0.478769 2.834238
5.205205 -2.231150 1.724352 -0.520464 2.867456
5.305305 -2.266130 1.720887 -0.561984 2.900452
5.405405 -2.300430 1.716917 -0.603320 2.933220
5.505506 -2.334060 1.712461 -0.644468 2.965755
5.605606 -2.367045 1.707544 -0.685424 2.998069
5.705706 -2.399406 1.702189 -0.726185 3.030171
5.805806 -2.431146 1.696406 -0.766746 3.062052
5.905906 -2.462253 1.690193 -0.807093 3.093678
6.006006 -2.492722 1.683554 -0.847217 3.125027
6.106106 -2.522550 1.676494 -0.887111 3.156083
6.206206 -2.551738 1.669021 -0.926767 3.186831
6.306306 -2.580308 1.661155 -0.966186 3.217288
6.406406 -2.608296 1.652927 -1.005374 3.247484
6.506507 -2.635751 1.644372 -1.044345 3.277468
6.606607 -2.662707 1.635516 -1.083104 3.307270
6.706707 -2.689172 1.626371 -1.121652 3.336889
6.806807 -2.715155 1.616946 -1.159987 3.366326
6.906907 -2.740672 1.607253 -1.198110 3.395587
7.007007 -2.765723 1.597299 -1.236017 3.424664
7.107107 -2.790306 1.587086 -1.273703 3.453544
7.207207 -2.814434 1.576625 -1.311170 3.482234
7.307307 -2.838117 1.565925 -1.348417 3.510734
7.407407 -2.861367 1.554998 -1.385446 3.539053
7.507508 -2.884206 1.543858 -1.422265 3.567209
7.607608 -2.906636 1.532509 -1.458871 3.595195
7.707708 -2.928661 1.520957 -1.495261 3.623006
7.807808 -2.950299 1.509216 -1.531442 3.650659
7.907908 -2.971552 1.497288 -1.567413 3.678149
8.008008 -2.992415 1.485173 -1.603165 3.705459
8.108108 -3.012890 1.472877 -1.638699 3.732587
8.208208 -3.032981 1.460403 -1.674012 3.759530
8.308308 -3.052685 1.447754 -1.709100 3.786277
8.408408 -3.072013 1.434936 -1.743967 3.812837
8.508509 -3.090985 1.421962 -1.778620 3.839225
8.608609 -3.109600 1.408834 -1.813057 3.865436
8.708709 -3.127851 1.395552 -1.847270 3.891455
8.808809 -3.145726 1.382112 -1.881251 3.917261
8.908909 -3.163227 1.368517 -1.914997 3.942849
9.009009 -3.180361 1.354774 -1.948509 3.968223
9.109109 -3.197136 1.340888 -1.981791 3.993389
9.209209 -3.213559 1.326864 -2.014843 4.018349
9.309309 -3.229641 1.312710 -2.047671 4.043111
9.409409 -3.245409 1.298437 -2.080289 4.067704
9.509510 -3.260875 1.284054 -2.112702 4.092140
9.609610 -3.276037 1.269561 -2.144909 4.116411
9.709710 -3.290894 1.254959 -2.176904 4.140509
9.809810 -3.305430 1.240245 -2.208676 4.164412
9.909910 -3.319630 1.225414 -2.240213 4.188095
10.010010 -3.333497 1.210470 -2.271516 4.211558
10.110110 -3.347044 1.195419 -2.302588 4.234813
10.210210 -3.360263 1.180262 -2.333426 4.257847
10.310310 -3.373133 1.164991 -2.364010 4.280628
10.410410 -3.385653 1.149609 -2.394338 4.303150
10.510511 -3.397834 1.134121 -2.424416 4.325425
10.610611 -3.409677 1.118531 -2.454243 4.347450
10.710711 -3.421180 1.102838 -2.483814 4.369217
10.810811 -3.432345 1.087046 -2.513130 4.390727
10.910911 -3.443181 1.071158 -2.542194 4.411987
11.011011 -3.453698 1.055182 -2.571013 4.433007
11.111111 -3.463913 1.039122 -2.599596 4.453804
11.211211 -3.473838 1.022985 -2.627951 4.474391
11.311311 -3.483472 1.006772 -2.656076 4.494765
11.411411 -3.492816 0.990484 -2.683969 4.514921
11.511512 -3.501879 0.974126 -2.711636 4.534870
11.611612 -3.510672 0.957702 -2.739084 4.554623
11.711712 -3.519197 0.941215 -2.766313 4.574180
11.811812 -3.527457 0.924665 -2.793323 4.593540
11.911912 -3.535464 0.908059 -2.820122 4.612717
12.012012 -3.543239 0.891403 -2.846727 4.631738
12.112112 -3.550798 0.874701 -2.873147 4.650617
12.212212 -3.558152 0.857959 -2.899392 4.669370
12.312312 -3.565306 0.841177 -2.925463 4.687997
12.412412 -3.572267 0.824360 -2.951365 4.706508
12.512513 -3.579059 0.807512 -2.977119 4.724931
12.612613 -3.585700 0.790640 -3.002736 4.743288
12.712713 -3.592184 0.773742 -3.028212 4.761567
12.812813 -3.598498 0.756817 -3.053534 4.779752
12.912913 -3.604644 0.739866 -3.078704 4.797841
13.013013 -3.610615 0.722888 -3.103714 4.815823
13.113113 -3.616400 0.705882 -3.128554 4.833681
13.213213 -3.621991 0.688847 -3.153216 4.851402
13.313313 -3.627388 0.671785 -3.177700 4.868985
13.413413 -3.632596 0.654697 -3.202008 4.886434
13.513514 -3.637622 0.637585 -3.226145 4.903756
13.613614 -3.642469 0.620451 -3.250113 4.920953
13.713714 -3.647129 0.603295 -3.273905 4.938013
13.813814 -3.651596 0.586115 -3.297513 4.954924
13.913914 -3.655859 0.568913 -3.320927 4.971672
14.014014 -3.659917 0.551687 -3.344145 4.988252
14.114114 -3.663773 0.534440 -3.367168 5.004666
14.214214 -3.667429 0.517173 -3.389997 5.020914
14.314314 -3.670879 0.499886 -3.412627 5.036989
14.414414 -3.674123 0.482580 -3.435054 5.052887
14.514515 -3.677170 0.465258 -3.457287 5.068617
14.614615 -3.680031 0.447921 -3.479336 5.084195
14.714715 -3.682703 0.430570 -3.501196 5.099614
14.814815 -3.685182 0.413206 -3.522861 5.114866
14.914915 -3.687462 0.395828 -3.544327 5.129942
15.015015 -3.689543 0.378438 -3.565592 5.144841
15.115115 -3.691431 0.361038 -3.586661 5.159569
15.215215 -3.693132 0.343629 -3.607538 5.174131
15.315315 -3.694653 0.326211 -3.628229 5.188537
15.415415 -3.695994 0.308787 -3.648733 5.202785
15.515516 -3.697163 0.291358 -3.669057 5.216884
15.615616 -3.698174 0.273926 -3.689215 5.230854
15.715716 -3.699038 0.256491 -3.709215 5.244707
15.815816 -3.699757 0.239056 -3.729061 5.258445
15.915916 -3.700338 0.221621 -3.748757 5.272077
16.016016 -3.700792 0.204188 -3.768315 5.285618
16.116116 -3.701118 0.186756 -3.787733 5.299064
16.216216 -3.701311 0.169327 -3.807004 5.312406
16.316316 -3.701372 0.151901 -3.826130 5.325646
16.416416 -3.701314 0.134480 -3.845123 5.338800
16.516517 -3.701148 0.117063 -3.863993 5.351882
16.616617 -3.700872 0.099652 -3.882739 5.364890
16.716717 -3.700476 0.082247 -3.901349 5.377808
16.816817 -3.699953 0.064849 -3.919815 5.390622
16.916917 -3.699308 0.047457 -3.938141 5.403341
17.017017 -3.698551 0.030073 -3.956338 5.415976
17.117117 -3.697688 0.012698 -3.974413 5.428537
17.217217 -3.696721 -0.004669 -3.992364 5.441024
17.317317 -3.695652 -0.022026 -4.010196 5.453439
17.417417 -3.694483 -0.039374 -4.027910 5.465785
17.517518 -3.693223 -0.056711 -4.045514 5.478074
17.617618 -3.691881 -0.074039 -4.063018 5.490317
17.717718 -3.690457 -0.091355 -4.080422 5.502514
17.817818 -3.688945 -0.108660 -4.097719 5.514655
17.917918 -3.687341 -0.125953 -4.114904 5.526733
18.018018 -3.685646 -0.143233 -4.131976 5.538748
18.118118 -3.683864 -0.160501 -4.148942 5.550706
18.218218 -3.682004 -0.177757 -4.165809 5.562618
18.318318 -3.680063 -0.194999 -4.182575 5.574480
18.418418 -3.678040 -0.212228 -4.199237 5.586288
18.518519 -3.675928 -0.229442 -4.215787 5.598031
18.618619 -3.673724 -0.246641 -4.232221 5.609703
18.718719 -3.671433 -0.263826 -4.248546 5.621313
18.818819 -3.669057 -0.280994 -4.264762 5.632862
18.918919 -3.666594 -0.298147 -4.280867 5.644344
19.019019 -3.664043 -0.315284 -4.296859 5.655759
19.119119 -3.661412 -0.332404 -4.312747 5.667117
19.219219 -3.658705 -0.349508 -4.328535 5.678423
19.319319 -3.655916 -0.366595 -4.344216 5.689668
19.419419 -3.653039 -0.383664 -4.359782 5.700842
19.519520 -3.650079 -0.400715 -4.375239 5.711949
19.619620 -3.647040 -0.417748 -4.390592 5.722998
19.719720 -3.643925 -0.434763 -4.405842 5.733991
19.819820 -3.640736 -0.451759 -4.420992 5.744929
19.919920 -3.637478 -0.468738 -4.436049 5.755822
20.020020 -3.634155 -0.485699 -4.451017 5.766675
20.120120 -3.630775 -0.502643 -4.465904 5.777497
20.220220 -3.627342 -0.519571 -4.480715 5.788296
20.320320 -3.623861 -0.536482 -4.495457 5.799079
20.420420 -3.620338 -0.553377 -4.510138 5.809855
20.520521 -3.616772 -0.570257 -4.524754 5.820621
20.620621 -3.613156 -0.587119 -4.539296 5.831364
20.720721 -3.609479 -0.603962 -4.553753 5.842069
20.820821 -3.605739 -0.620784 -4.568119 5.852729
20.920921 -3.601932 -0.637586 -4.582390 5.863337
21.021021 -3.598053 -0.654366 -4.596559 5.873885
21.121121 -3.594092 -0.671121 -4.610613 5.884357
21.221221 -3.590048 -0.687851 -4.624551 5.894748
21.321321 -3.585928 -0.704557 -4.638379 5.905069
21.421421 -3.581730 -0.721239 -4.652097 5.915317
21.521522 -3.577453 -0.737895 -4.665701 5.925490
21.621622 -3.573100 -0.754525 -4.679196 5.935589
21.721722 -3.568674 -0.771131 -4.692585 5.945622
21.821822 -3.564177 -0.787712 -4.705871 5.955591
21.921922 -3.559610 -0.804268 -4.719052 5.965495
22.022022 -3.554977 -0.820799 -4.732137 5.975340
22.122122 -3.550280 -0.837306 -4.745125 5.985130
22.222222 -3.545518 -0.853788 -4.758016 5.994862
22.322322 -3.540690 -0.870245 -4.770810 6.004535
22.422422 -3.535804 -0.886678 -4.783512 6.014158
22.522523 -3.530864 -0.903087 -4.796133 6.023742
22.622623 -3.525869 -0.919473 -4.808668 6.033280
22.722723 -3.520816 -0.935834 -4.821112 6.042769
22.822823 -3.515701 -0.952169 -4.833462 6.052200
22.922923 -3.510525 -0.968478 -4.845717 6.061576
23.023023 -3.505297 -0.984762 -4.857889 6.070910
23.123123 -3.500022 -1.001024 -4.869987 6.080212
23.223223 -3.494706 -1.017264 -4.882015 6.089488
23.323323 -3.489348 -1.033482 -4.893976 6.098740
23.423423 -3.483950 -1.049679 -4.905869 6.107969
23.523524 -3.478508 -1.065852 -4.917688 6.117166
23.623624 -3.473010 -1.081999 -4.929419 6.126312
23.723724 -3.467442 -1.098114 -4.941039 6.135379
23.823824 -3.461798 -1.114195 -4.952541 6.144358
23.923924 -3.456078 -1.130242 -4.963923 6.153248
24.024024 -3.450284 -1.146254 -4.975188 6.162050
24.124124 -3.444417 -1.162233 -4.986337 6.170766
24.224224 -3.438477 -1.178177 -4.997368 6.179395
24.324324 -3.432461 -1.194085 -5.008279 6.187930
24.424424 -3.426362 -1.209954 -5.019058 6.196361
24.524525 -3.420182 -1.225785 -5.029708 6.204689
24.624625 -3.413924 -1.241578 -5.040231 6.212916
24.724725 -3.407583 -1.257331 -5.050623 6.221036
24.824825 -3.401159 -1.273043 -5.060879 6.229046
24.924925 -3.394648 -1.288712 -5.070995 6.236939
25.025025 -3.388046 -1.304337 -5.080964 6.244706
25.125125 -3.381348 -1.319915 -5.090778 6.252337
25.225225 -3.374554 -1.335446 -5.100437 6.259831
25.325325 -3.367667 -1.350929 -5.109943 6.267193
25.425425 -3.360682 -1.366363 -5.119292 6.274415
25.525526 -3.353603 -1.381749 -5.128484 6.281499
25.625626 -3.346430 -1.397086 -5.137523 6.288449
25.725726 -3.339163 -1.412373 -5.146405 6.295260
25.825826 -3.331800 -1.427610 -5.155129 6.301929
25.925926 -3.324339 -1.442794 -5.163689 6.308452
26.026026 -3.316777 -1.457925 -5.172082 6.314823
26.126126 -3.309112 -1.473000 -5.180304 6.321037
26.226226 -3.301345 -1.488019 -5.188354 6.327092
26.326326 -3.293478 -1.502983 -5.196236 6.332995
26.426426 -3.285519 -1.517895 -5.203960 6.338757
26.526527 -3.277476 -1.532757 -5.211542 6.344396
26.626627 -3.269356 -1.547574 -5.218990 6.349924
26.726727 -3.261160 -1.562343 -5.226304 6.355339
26.826827 -3.252886 -1.577065 -5.233481 6.360639
26.926927 -3.244535 -1.591740 -5.240525 6.365826
27.027027 -3.236110 -1.606367 -5.247436 6.370903
27.127127 -3.227609 -1.620946 -5.254214 6.375868
27.227227 -3.219038 -1.635480 -5.260866 6.380730
27.327327 -3.210405 -1.649972 -5.267405 6.385504
27.427427 -3.201714 -1.664423 -5.273837 6.390198
27.527528 -3.192966 -1.678834 -5.280165 6.394815
27.627628 -3.184165 -1.693207 -5.286391 6.399358
27.727728 -3.175308 -1.707539 -5.292516 6.403827
27.827828 -3.166400 -1.721834 -5.298542 6.408225
27.927928 -3.157444 -1.736091 -5.304475 6.412560
28.028028 -3.148433 -1.750307 -5.310306 6.416818
28.128128 -3.139363 -1.764480 -5.316025 6.420989
28.228228 -3.130231 -1.778608 -5.321628 6.425070
28.328328 -3.121033 -1.792687 -5.327106 6.429046
28.428428 -3.111762 -1.806713 -5.332447 6.432905
28.528529 -3.102412 -1.820683 -5.337643 6.436636
28.628629 -3.092982 -1.834595 -5.342688 6.440232
28.728729 -3.083474 -1.848449 -5.347586 6.443699
28.828829 -3.073885 -1.862244 -5.352332 6.447029
28.928929 -3.064214 -1.875979 -5.356923 6.450219
29.029029 -3.054460 -1.889652 -5.361358 6.453269
29.129129 -3.044626 -1.903264 -5.365640 6.456180
29.229229 -3.034709 -1.916813 -5.369762 6.458946
29.329329 -3.024707 -1.930298 -5.373723 6.461563
29.429429 -3.014623 -1.943719 -5.377527 6.464038
29.529530 -3.004463 -1.957080 -5.381182 6.466380
29.629630 -2.994231 -1.970383 -5.384696 6.468600
29.729730 -2.983931 -1.983630 -5.388076 6.470703
29.829830 -2.973565 -1.996821 -5.391324 6.472693
29.929930 -2.963132 -2.009957 -5.394438 6.474569
30.030030 -2.952628 -2.023033 -5.397411 6.476320
30.130130 -2.942052 -2.036048 -5.400239 6.477943
30.230230 -2.931401 -2.049001 -5.402918 6.479432
30.330330 -2.920673 -2.061888 -5.405442 6.480781
30.430430 -2.909867 -2.074707 -5.407808 6.481985
30.530531 -2.898981 -2.087459 -5.410014 6.483041
30.630631 -2.888012 -2.100140 -5.412052 6.483943
30.730731 -2.876956 -2.112746 -5.413916 6.484679
30.830831 -2.865811 -2.125274 -5.415598 6.485242
30.930931 -2.854577 -2.137726 -5.417100 6.485635
31.031031 -2.843255 -2.150099 -5.418421 6.485854
31.131131 -2.831841 -2.162391 -5.419555 6.485895
31.231231 -2.820335 -2.174601 -5.420500 6.485754
31.331331 -2.808737 -2.186728 -5.421255 6.485429
31.431431 -2.797047 -2.198772 -5.421819 6.484920
31.531532 -2.785268 -2.210735 -5.422199 6.484236
31.631632 -2.773406 -2.222619 -5.422403 6.483383
31.731732 -2.761462 -2.234426 -5.422435 6.482372
31.831832 -2.749441 -2.246158 -5.422300 6.481203
31.931932 -2.737343 -2.257816 -5.422003 6.479884
32.032032 -2.725177 -2.269405 -5.421556 6.478430
32.132132 -2.712945 -2.280926 -5.420965 6.476847
32.232232 -2.700648 -2.292381 -5.420231 6.475138
32.332332 -2.688285 -2.303769 -5.419352 6.473299
32.432432 -2.675858 -2.315088 -5.418328 6.471331
32.532533 -2.663361 -2.326335 -5.417150 6.469223
32.632633 -2.650794 -2.337509 -5.415818 6.466973
32.732733 -2.638166 -2.348615 -5.414345 6.464599
32.832833 -2.625478 -2.359657 -5.412738 6.462109
32.932933 -2.612735 -2.370636 -5.411001 6.459507
33.033033 -2.599936 -2.381552 -5.409135 6.456794
33.133133 -2.587082 -2.392405 -5.407142 6.453974
33.233233 -2.574177 -2.403198 -5.405028 6.451052
33.333333 -2.561224 -2.413933 -5.402798 6.448036
33.433433 -2.548224 -2.424611 -5.400456 6.444929
33.533534 -2.535175 -2.435230 -5.397996 6.441724
33.633634 -2.522073 -2.445785 -5.395409 6.438412
33.733734 -2.508920 -2.456277 -5.392697 6.434995
33.833834 -2.495716 -2.466706 -5.389863 6.431474
33.933934 -2.482463 -2.477074 -5.386908 6.427853
34.034034 -2.469160 -2.487378 -5.383830 6.424129
34.134134 -2.455803 -2.497616 -5.380622 6.420291
34.234234 -2.442392 -2.507786 -5.377280 6.416339
34.334334 -2.428926 -2.517885 -5.373802 6.412267
34.434434 -2.415405 -2.527913 -5.370186 6.408075
34.534535 -2.401830 -2.537872 -5.366438 6.403768
34.634635 -2.388203 -2.547761 -5.362555 6.399344
34.734735 -2.374524 -2.557583 -5.358544 6.394810
34.834835 -2.360798 -2.567339 -5.354411 6.390173
34.934935 -2.347027 -2.577033 -5.350160 6.385440
35.035035 -2.333214 -2.586668 -5.345800 6.380621
35.135135 -2.319362 -2.596245 -5.341334 6.375718
35.235235 -2.305469 -2.605763 -5.336760 6.370729
35.335335 -2.291537 -2.615221 -5.332078 6.365656
35.435435 -2.277566 -2.624622 -5.327292 6.360502
35.535536 -2.263558 -2.633966 -5.322403 6.355269
35.635636 -2.249510 -2.643249 -5.317404 6.349949
35.735736 -2.235421 -2.652468 -5.312291 6.344536
35.835836 -2.221290 -2.661625 -5.307064 6.339030
35.935936 -2.207120 -2.670720 -5.301729 6.333439
36.036036 -2.192915 -2.679758 -5.296293 6.327772
36.136136 -2.178676 -2.688740 -5.290760 6.322032
36.236236 -2.164403 -2.697664 -5.285126 6.316216
36.336336 -2.150094 -2.706529 -5.279388 6.310320
36.436436 -2.135750 -2.715336 -5.273548 6.304347
36.536537 -2.121372 -2.724085 -5.267611 6.298300
36.636637 -2.106962 -2.732776 -5.261574 6.292179
36.736737 -2.092516 -2.741406 -5.255433 6.285977
36.836837 -2.078036 -2.749976 -5.249188 6.279695
36.936937 -2.063525 -2.758490 -5.242848 6.273345
37.037037 -2.048986 -2.766952 -5.236422 6.266936
37.137137 -2.034422 -2.775364 -5.229914 6.260473
37.237237 -2.019832 -2.783724 -5.223321 6.253952
37.337337 -2.005210 -2.792025 -5.216630 6.247359
37.437437 -1.990556 -2.800265 -5.209837 6.240689
37.537538 -1.975870 -2.808444 -5.202942 6.233941
37.637638 -1.961151 -2.816560 -5.195943 6.227114
37.737738 -1.946398 -2.824612 -5.188837 6.220203
37.837838 -1.931607 -2.832592 -5.181613 6.213196
37.937938 -1.916780 -2.840503 -5.174273 6.206094
38.038038 -1.901922 -2.848352 -5.166833 6.198918
38.138138 -1.887038 -2.856145 -5.159303 6.191678
38.238238 -1.872126 -2.863878 -5.151676 6.184369
38.338338 -1.857182 -2.871546 -5.143945 6.176980
38.438438 -1.842208 -2.879151 -5.136113 6.169514
38.538539 -1.827208 -2.886698 -5.128188 6.161983
38.638639 -1.812184 -2.894189 -5.120176 6.154392
38.738739 -1.797138 -2.901628 -5.112085 6.146752
38.838839 -1.782074 -2.909023 -5.103925 6.139076
38.938939 -1.766996 -2.916375 -5.095704 6.131371
39.039039 -1.751903 -2.923685 -5.087420 6.123638
39.139139 -1.736795 -2.930952 -5.079073 6.115874
39.239239 -1.721669 -2.938170 -5.070653 6.108069
39.339339 -1.706524 -2.945339 -5.062159 6.100221
39.439439 -1.691363 -2.952461 -5.053596 6.092337
39.539540 -1.676186 -2.959537 -5.044967 6.084419
39.639640 -1.660994 -2.966567 -5.036269 6.076465
39.739740 -1.645784 -2.973547 -5.027498 6.068469
39.839840 -1.630556 -2.980475 -5.018651 6.060429
39.939940 -1.615306 -2.987346 -5.009718 6.052332
40.040040 -1.600033 -2.994154 -5.000691 6.044168
40.140140 -1.584736 -3.000897 -4.991566 6.035934
40.240240 -1.569415 -3.007575 -4.982345 6.027630
40.340340 -1.554067 -3.014183 -4.973019 6.019247
40.440440 -1.538691 -3.020716 -4.963580 6.010775
40.540541 -1.523289 -3.027176 -4.954033 6.002220
40.640641 -1.507861 -3.033566 -4.944381 5.993586
40.740741 -1.492409 -3.039888 -4.934631 5.984880
40.840841 -1.476936 -3.046146 -4.924786 5.976107
40.940941 -1.461439 -3.052334 -4.914839 5.967260
41.041041 -1.445916 -3.058446 -4.904782 5.958326
41.141141 -1.430367 -3.064480 -4.894610 5.949303
41.241241 -1.414791 -3.070437 -4.884326 5.940190
41.341341 -1.399187 -3.076313 -4.873922 5.930982
41.441441 -1.383558 -3.082110 -4.863406 5.921685
41.541542 -1.367904 -3.087829 -4.852776 5.912300
41.641642 -1.352224 -3.093468 -4.842032 5.902824
41.741742 -1.336521 -3.099031 -4.831179 5.893265
41.841842 -1.320795 -3.104520 -4.820222 5.883629
41.941942 -1.305048 -3.109934 -4.809157 5.873911
42.042042 -1.289278 -3.115271 -4.797986 5.864113
42.142142 -1.273488 -3.120536 -4.786713 5.854241
42.242242 -1.257679 -3.125733 -4.775347 5.844305
42.342342 -1.241854 -3.130863 -4.763888 5.834307
42.442442 -1.226013 -3.135929 -4.752344 5.824254
42.542543 -1.210159 -3.140938 -4.740723 5.814158
42.642643 -1.194291 -3.145884 -4.729017 5.804009
42.742743 -1.178409 -3.150771 -4.717232 5.793815
42.842843 -1.162520 -3.155611 -4.705388 5.783598
42.942943 -1.146624 -3.160409 -4.693491 5.773369
43.043043 -1.130722 -3.165160 -4.681535 5.763119
43.143143 -1.114809 -3.169858 -4.669511 5.752837
43.243243 -1.098887 -3.174502 -4.657417 5.742521
43.343343 -1.082955 -3.179088 -4.645248 5.732165
43.443443 -1.067011 -3.183613 -4.633000 5.721765
43.543544 -1.051054 -3.188072 -4.620667 5.711311
43.643644 -1.035084 -3.192461 -4.608241 5.700797
43.743744 -1.019101 -3.196782 -4.595728 5.690228
43.843844 -1.003108 -3.201044 -4.583140 5.679620
43.943944 -0.987109 -3.205256 -4.570491 5.668989
44.044044 -0.971105 -3.209420 -4.557784 5.658341
44.144144 -0.955093 -3.213531 -4.545010 5.647663
44.244244 -0.939073 -3.217582 -4.532161 5.636947
44.344344 -0.923047 -3.221580 -4.519249 5.626207
44.444444 -0.907015 -3.225526 -4.506273 5.615442
44.544545 -0.890975 -3.229412 -4.493223 5.604640
44.644645 -0.874927 -3.233234 -4.480094 5.593795
44.744745 -0.858870 -3.236989 -4.466881 5.582901
44.844845 -0.842803 -3.240672 -4.453580 5.571952
44.944945 -0.826726 -3.244284 -4.440191 5.560949
45.045045 -0.810641 -3.247827 -4.426717 5.549895
45.145145 -0.794546 -3.251294 -4.413149 5.538781
45.245245 -0.778442 -3.254689 -4.399493 5.527614
45.345345 -0.762331 -3.258014 -4.385752 5.516396
45.445445 -0.746211 -3.261264 -4.371920 5.505121
45.545546 -0.730084 -3.264448 -4.358008 5.493803
45.645646 -0.713954 -3.267574 -4.344029 5.482459
45.745746 -0.697820 -3.270644 -4.329985 5.471091
45.845846 -0.681685 -3.273663 -4.315884 5.459708
45.945946 -0.665548 -3.276637 -4.301732 5.448321
46.046046 -0.649410 -3.279558 -4.287521 5.436917
46.146146 -0.633270 -3.282425 -4.273248 5.425495
46.246246 -0.617128 -3.285234 -4.258909 5.414048
46.346346 -0.600983 -3.287982 -4.244501 5.402573
46.446446 -0.584836 -3.290672 -4.230027 5.391074
46.546547 -0.568688 -3.293303 -4.215488 5.379553
46.646647 -0.552537 -3.295873 -4.200879 5.368004
46.746747 -0.536385 -3.298378 -4.186197 5.356421
46.846847 -0.520230 -3.300814 -4.171437 5.344801
46.946947 -0.504073 -3.303181 -4.156599 5.333143
47.047047 -0.487914 -3.305481 -4.141685 5.321449
47.147147 -0.471753 -3.307710 -4.126693 5.309716
47.247247 -0.455591 -3.309871 -4.111624 5.297948
47.347347 -0.439430 -3.311969 -4.096487 5.286155
47.447447 -0.423268 -3.314007 -4.081284 5.274342
47.547548 -0.407108 -3.315987 -4.066020 5.262512
47.647648 -0.390951 -3.317915 -4.050701 5.250674
47.747748 -0.374796 -3.319798 -4.035336 5.238842
47.847848 -0.358645 -3.321639 -4.019930 5.227021
47.947948 -0.342498 -3.323432 -4.004476 5.215202
48.048048 -0.326353 -3.325165 -3.988956 5.203364
48.148148 -0.310209 -3.326819 -3.973352 5.191482
48.248248 -0.294065 -3.328390 -3.957658 5.179547
48.348348 -0.277922 -3.329877 -3.941874 5.167561
48.448448 -0.261780 -3.331270 -3.925987 5.155508
48.548549 -0.245639 -3.332563 -3.909991 5.143378
48.648649 -0.229499 -3.333755 -3.893886 5.131173
48.748749 -0.213359 -3.334843 -3.877668 5.118887
48.848849 -0.197222 -3.335825 -3.861336 5.106519
48.948949 -0.181087 -3.336705 -3.844895 5.094076
49.049049 -0.164954 -3.337479 -3.828342 5.081553
49.149149 -0.148825 -3.338151 -3.811680 5.068955
49.249249 -0.132699 -3.338725 -3.794914 5.056290
49.349349 -0.116578 -3.339195 -3.778040 5.043550
49.449449 -0.100462 -3.339556 -3.761053 5.030730
49.549550 -0.084350 -3.339806 -3.743948 5.017825
49.649650 -0.068244 -3.339945 -3.726728 5.004837
49.749750 -0.052143 -3.339972 -3.709391 4.991765
49.849850 -0.036050 -3.339891 -3.691945 4.978617
49.949950 -0.019963 -3.339714 -3.674400 4.965411
50.050050 -0.003885 -3.339445 -3.656764 4.952154
50.150150 0.012186 -3.339087 -3.639038 4.938851
50.250250 0.028248 -3.338634 -3.621218 4.925494
50.350350 0.044301 -3.338078 -3.603296 4.912074
50.450450 0.060344 -3.337417 -3.585268 4.898586
50.550551 0.076378 -3.336652 -3.567139 4.885034
50.650651 0.092401 -3.335786 -3.548909 4.871423
50.750751 0.108412 -3.334810 -3.530571 4.857741
50.850851 0.124412 -3.333724 -3.512126 4.843989
50.950951 0.140400 -3.332525 -3.493571 4.830163
51.051051 0.156374 -3.331208 -3.474900 4.816257
51.151151 0.172335 -3.329770 -3.456112 4.802268
51.251251 0.188281 -3.328208 -3.437205 4.788194
51.351351 0.204212 -3.326527 -3.418183 4.774040
51.451451 0.220128 -3.324734 -3.399055 4.759820
51.551552 0.236029 -3.322833 -3.379824 4.745539
51.651652 0.251915 -3.320829 -3.360499 4.731207
51.751752 0.267785 -3.318725 -3.341080 4.716828
51.851852 0.283638 -3.316511 -3.321560 4.702389
51.951952 0.299472 -3.314174 -3.301924 4.687871
52.052052 0.315286 -3.311705 -3.282167 4.673266
52.152152 0.331081 -3.309110 -3.262293 4.658581
52.252252 0.346854 -3.306386 -3.242301 4.643815
52.352352 0.362606 -3.303533 -3.222191 4.628966
52.452452 0.378335 -3.300551 -3.201963 4.614037
52.552553 0.394041 -3.297432 -3.181611 4.599019
52.652653 0.409722 -3.294173 -3.161133 4.583907
52.752753 0.425378 -3.290772 -3.140527 4.568702
52.852853 0.441005 -3.287217 -3.119783 4.553387
52.952953 0.456601 -3.283483 -3.098878 4.537929
53.053053 0.472161 -3.279555 -3.077798 4.522306
53.153153 0.487684 -3.275427 -3.056540 4.506517
53.253253 0.503171 -3.271100 -3.035104 4.490561
53.353353 0.518619 -3.266581 -3.013499 4.474449
53.453453 0.534029 -3.261873 -2.991728 4.458188
53.553554 0.549400 -3.256973 -2.969789 4.441775
53.653654 0.564731 -3.251883 -2.947686 4.425214
53.753754 0.580021 -3.246603 -2.925419 4.408507
53.853854 0.595268 -3.241125 -2.902983 4.391645
53.953954 0.610468 -3.235436 -2.880366 4.374611
54.054054 0.625616 -3.229517 -2.857553 4.357382
54.154154 0.640709 -3.223354 -2.834533 4.339942
54.254254 0.655744 -3.216936 -2.811296 4.322275
54.354354 0.670717 -3.210259 -2.787843 4.304380
54.454454 0.685630 -3.203326 -2.764175 4.286263
54.554555 0.700479 -3.196137 -2.740296 4.267926
54.654655 0.715266 -3.188699 -2.716212 4.249378
54.754755 0.729989 -3.181012 -2.691924 4.230623
54.854855 0.744644 -3.173065 -2.667425 4.211650
54.954955 0.759230 -3.164855 -2.642713 4.192453
55.055055 0.773744 -3.156380 -2.617788 4.173036
55.155155 0.788183 -3.147630 -2.592644 4.153385
55.255255 0.802543 -3.138599 -2.567278 4.133496
55.355355 0.816823 -3.129289 -2.541692 4.113374
55.455455 0.831025 -3.119704 -2.515891 4.093027
55.555556 0.845150 -3.109865 -2.489894 4.072482
55.655656 0.859201 -3.099782 -2.463711 4.051758
55.755756 0.873172 -3.089441 -2.437330 4.030838
55.855856 0.887063 -3.078844 -2.410757 4.009727
55.955956 0.900878 -3.068012 -2.384008 3.988455
56.056056 0.914619 -3.056954 -2.357093 3.967037
56.156156 0.928284 -3.045672 -2.330013 3.945478
56.256256 0.941869 -3.034152 -2.302760 3.923761
56.356356 0.955368 -3.022381 -2.275326 3.901874
56.456456 0.968784 -3.010372 -2.247721 3.879836
56.556557 0.982117 -2.998134 -2.219954 3.857662
56.656657 0.995365 -2.985658 -2.192019 3.835343
56.756757 1.008524 -2.972942 -2.163917 3.812879
56.856857 1.021597 -2.959996 -2.135657 3.790286
56.956957 1.034583 -2.946821 -2.107240 3.767569
57.057057 1.047476 -2.933403 -2.078659 3.744714
57.157157 1.060271 -2.919736 -2.049909 3.721714
57.257257 1.072963 -2.905809 -2.020986 3.698562
57.357357 1.085542 -2.891597 -1.991874 3.675228
57.457457 1.098001 -2.877087 -1.962566 3.651698
57.557558 1.110334 -2.862270 -1.933057 3.627966
57.657658 1.122537 -2.847139 -1.903345 3.604027
57.757758 1.134608 -2.831695 -1.873433 3.579886
57.857858 1.146547 -2.815941 -1.843325 3.555551
57.957958 1.158351 -2.799876 -1.813022 3.531024
58.058058 1.170014 -2.783493 -1.782523 3.506302
58.158158 1.181533 -2.766784 -1.751824 3.481379
58.258258 1.192893 -2.749725 -1.720912 3.456229
58.358358 1.204084 -2.732296 -1.689778 3.430833
58.458458 1.215100 -2.714490 -1.658420 3.405185
58.558559 1.225935 -2.696298 -1.626835 3.379280
58.658659 1.236584 -2.677715 -1.595024 3.353118
58.758759 1.247039 -2.658731 -1.562984 3.326691
58.858859 1.257292 -2.639337 -1.530712 3.299994
58.958959 1.267345 -2.619538 -1.498214 3.273040
59.059059 1.277185 -2.599320 -1.465486 3.245815
59.159159 1.286802 -2.578665 -1.432522 3.218306
59.259259 1.296186 -2.557560 -1.399316 3.190501
59.359359 1.305325 -2.535990 -1.365866 3.162390
59.459459 1.314218 -2.513958 -1.332177 3.133983
59.559560 1.322852 -2.491449 -1.298245 3.105269
59.659660 1.331216 -2.468448 -1.264066 3.076237
59.759760 1.339304 -2.444954 -1.229644 3.046893
59.859860 1.347120 -2.420977 -1.194990 3.017261
59.959960 1.354663 -2.396527 -1.160112 2.987359
60.060060 1.361937 -2.371619 -1.125022 2.957216
60.160160 1.368951 -2.346273 -1.089734 2.926866
60.260260 1.375692 -2.320474 -1.054246 2.896302
60.360360 1.382144 -2.294205 -1.018555 2.865511
60.460460 1.388297 -2.267456 -0.982660 2.834492
60.560561 1.394137 -2.240211 -0.946562 2.803237
60.660661 1.399653 -2.212461 -0.910260 2.771747
60.760761 1.404836 -2.184200 -0.873758 2.740027
60.860861 1.409667 -2.155407 -0.837055 2.708063
60.960961 1.414122 -2.126053 -0.800144 2.675831
61.061061 1.418184 -2.096125 -0.763028 2.643331
61.161161 1.421832 -2.065600 -0.725706 2.610547
61.261261 1.425056 -2.034473 -0.688183 2.577491
61.361361 1.427867 -2.002772 -0.650477 2.544213
61.461461 1.430255 -1.970491 -0.612595 2.510724
61.561562 1.432210 -1.937629 -0.574542 2.477041
61.661662 1.433717 -1.904175 -0.536326 2.443169
61.761762 1.434746 -1.870101 -0.497947 2.409092
61.861862 1.435266 -1.835378 -0.459407 2.374796
61.961962 1.435223 -1.799950 -0.420703 2.340230
62.062062 1.434558 -1.763755 -0.381832 2.305338
62.162162 1.433236 -1.726766 -0.342801 2.270110
62.262262 1.431243 -1.688984 -0.303626 2.234572
62.362362 1.428550 -1.650389 -0.264317 2.198727
62.462462 1.425121 -1.610959 -0.224887 2.162575
62.562563 1.420921 -1.570670 -0.185351 2.126117
62.662663 1.415910 -1.529499 -0.145725 2.089355
62.762763 1.410049 -1.487425 -0.106026 2.052295
62.862863 1.403312 -1.444439 -0.066277 2.014965
62.962963 1.395662 -1.400528 -0.026499 1.977385
63.063063 1.387050 -1.355664 0.013282 1.939564
63.163163 1.377433 -1.309833 0.053037 1.901525
63.263263 1.366745 -1.262999 0.092736 1.863266
63.363363 1.354920 -1.215126 0.132343 1.824789
63.463463 1.341874 -1.166173 0.171815 1.786087
63.563564 1.327532 -1.116107 0.211106 1.747170
63.663664 1.311806 -1.064893 0.250161 1.708043
63.763764 1.294558 -1.012457 0.288909 1.668658
63.863864 1.275653 -0.958741 0.327272 1.628982
63.963964 1.254994 -0.903720 0.365169 1.589046
64.064064 1.232494 -0.847388 0.402514 1.548911
64.164164 1.208020 -0.789715 0.439198 1.508595
64.264264 1.181438 -0.730679 0.475099 1.468130
64.364364 1.152644 -0.670290 0.510093 1.427611
64.464464 1.121505 -0.608554 0.544032 1.387113
64.564565 1.087851 -0.545469 0.576732 1.346691
64.664665 1.051476 -0.481038 0.607971 1.306380
64.764765 1.012136 -0.415269 0.637475 1.266192
64.864865 0.969573 -0.348197 0.664929 1.226150
64.964965 0.923492 -0.279883 0.689946 1.186253
65.065065 0.873666 -0.210454 0.712143 1.146618
65.165165 0.819859 -0.140090 0.731069 1.107364
65.265265 0.761802 -0.069025 0.746177 1.068591
65.365365 0.699286 0.002415 0.756886 1.030478
65.465465 0.632092 0.073806 0.762496 0.993171
65.565566 0.560097 0.144601 0.762277 0.956914
65.665666 0.483275 0.214106 0.755439 0.922000
65.765766 0.401787 0.281497 0.741257 0.888896
65.865866 0.315983 0.345801 0.719042 0.858164
65.965966 0.226328 0.405804 0.687971 0.830184
66.066066 0.133574 0.460128 0.647344 0.805365
66.166166 0.038809 0.507334 0.596764 0.784233
66.266266 -0.056560 0.546018 0.536210 0.767370
66.366366 -0.150864 0.574845 0.466026 0.755240
66.466466 -0.242269 0.592755 0.387026 0.748226
66.566567 -0.328926 0.599116 0.300515 0.746620
66.666667 -0.409072 0.593661 0.208104 0.750387
66.766767 -0.481262 0.576680 0.111667 0.759370
66.866867 -0.544467 0.548946 0.013160 0.773278
66.966967 -0.598019 0.511489 -0.085570 0.791562
67.067067 -0.641770 0.465650 -0.182897 0.813726
67.167167 -0.675969 0.412884 -0.277498 0.839293
67.267267 -0.700979 0.354511 -0.368319 0.867588
67.367367 -0.717408 0.291801 -0.454629 0.898059
67.467467 -0.726147 0.225966 -0.536063 0.930437
67.567568 -0.728045 0.158010 -0.612439 0.964416
67.667668 -0.723849 0.088740 -0.683678 0.999623
67.767768 -0.714236 0.018817 -0.749788 1.035697
67.867868 -0.699843 -0.051219 -0.810868 1.072339
67.967968 -0.681294 -0.120938 -0.867117 1.109360
68.068068 -0.659051 -0.189983 -0.918644 1.146450
68.168168 -0.633533 -0.258067 -0.965589 1.183353
68.268268 -0.605170 -0.324972 -1.008176 1.219941
68.368368 -0.574343 -0.390533 -1.046635 1.256118
68.468468 -0.541388 -0.454624 -1.081190 1.291804
68.568569 -0.506568 -0.517123 -1.111992 1.326859
68.668669 -0.470109 -0.577918 -1.139163 1.361133
68.768769 -0.432247 -0.636960 -1.162904 1.394597
68.868869 -0.393218 -0.694248 -1.183467 1.427304
68.968969 -0.353214 -0.749776 -1.201054 1.459265
69.069069 -0.312400 -0.803540 -1.215838 1.490481
69.169169 -0.270919 -0.855536 -1.227968 1.520935
69.269269 -0.228896 -0.905766 -1.237582 1.550618
69.369369 -0.186452 -0.954258 -1.244842 1.579559
69.469469 -0.143687 -1.001011 -1.249852 1.607731
69.569570 -0.100683 -1.045991 -1.252667 1.635056
69.669670 -0.057524 -1.089178 -1.253351 1.661477
69.769770 -0.014283 -1.130532 -1.251944 1.686911
69.869870 0.028966 -1.170049 -1.248519 1.711331
69.969970 0.072153 -1.207718 -1.243138 1.734699
70.070070 0.115212 -1.243472 -1.235801 1.756901
70.170170 0.158074 -1.277258 -1.226525 1.777846
70.270270 0.200676 -1.309061 -1.215359 1.797500
70.370370 0.242959 -1.338868 -1.202355 1.815834
70.470470 0.284862 -1.366652 -1.187548 1.832800
70.570571 0.326328 -1.392405 -1.170992 1.848379
70.670671 0.367307 -1.416135 -1.152747 1.862572
70.770771 0.407746 -1.437833 -1.132862 1.875366
70.870871 0.447594 -1.457492 -1.111384 1.886743
70.970971 0.486803 -1.475108 -1.088362 1.896696
71.071071 0.525328 -1.490691 -1.063853 1.905232
71.171171 0.563125 -1.504243 -1.037907 1.912357
71.271271 0.600142 -1.515742 -1.010559 1.918039
71.371371 0.636327 -1.525172 -0.981844 1.922259
71.471471 0.671640 -1.532539 -0.951814 1.925026
71.571572 0.706045 -1.537862 -0.920528 1.926367
71.671672 0.739498 -1.541138 -0.888029 1.926281
71.771772 0.771940 -1.542332 -0.854342 1.924728
71.871872 0.803331 -1.541450 -0.819520 1.921724
71.971972 0.833665 -1.538561 -0.783642 1.917358
72.072072 0.862936 -1.533734 -0.746790 1.911725
72.172172 0.891128 -1.527007 -0.709025 1.904882
72.272272 0.918202 -1.518387 -0.670395 1.896845
72.372372 0.944153 -1.507929 -0.630965 1.887694
72.472472 0.968978 -1.495692 -0.590805 1.877515
72.572573 0.992658 -1.481705 -0.549966 1.866355
72.672673 1.015160 -1.465980 -0.508495 1.854243
72.772773 1.036443 -1.448511 -0.466433 1.841184
72.872873 1.056458 -1.429288 -0.423819 1.827181
72.972973 1.075142 -1.408281 -0.380691 1.812212
73.073073 1.092441 -1.385478 -0.337090 1.796275
73.173173 1.108291 -1.360853 -0.293061 1.779358
73.273273 1.122644 -1.334407 -0.248653 1.761477
73.373373 1.135447 -1.306133 -0.203919 1.742644
73.473473 1.146607 -1.275987 -0.158909 1.722818
73.573574 1.156049 -1.243943 -0.113677 1.701988
73.673674 1.163724 -1.210014 -0.068288 1.680194
73.773774 1.169582 -1.174211 -0.022809 1.657472
73.873874 1.173560 -1.136535 0.022690 1.633851
73.973974 1.175546 -1.096946 0.068133 1.609298
74.074074 1.175397 -1.055380 0.113436 1.583747
74.174174 1.172978 -1.011791 0.158503 1.557152
74.274274 1.168128 -0.966121 0.203224 1.529448
74.374374 1.160709 -0.918341 0.247483 1.500614
74.474474 1.150579 -0.868431 0.291145 1.470636
74.574575 1.137612 -0.816396 0.334074 1.439537
74.674675 1.121678 -0.762247 0.376114 1.407354
74.774775 1.102587 -0.705969 0.417077 1.374061
74.874875 1.080088 -0.647526 0.456733 1.339584
74.974975 1.053944 -0.586914 0.494829 1.303887
75.075075 1.024022 -0.524216 0.531134 1.267094
75.175175 0.990225 -0.459550 0.565409 1.229398
75.275275 0.952365 -0.393018 0.597344 1.190916
75.375375 0.910156 -0.324712 0.626528 1.151677
75.475475 0.863289 -0.254767 0.652482 1.111713
75.575576 0.811469 -0.183383 0.674667 1.071114
75.675676 0.754448 -0.110849 0.692499 1.030065
75.775776 0.692004 -0.037547 0.705323 0.988818
75.875876 0.623965 0.036027 0.712409 0.947712
75.975976 0.550261 0.109236 0.712987 0.907232
76.076076 0.470810 0.181254 0.706062 0.867778
76.176176 0.385558 0.250974 0.690367 0.829608
76.276276 0.294790 0.317027 0.664712 0.793253
76.376376 0.199158 0.377732 0.627961 0.759394
76.476476 0.099735 0.431071 0.579064 0.728756
76.576577 -0.001818 0.474858 0.517422 0.702295
76.676677 -0.103265 0.507003 0.443163 0.681255
76.776777 -0.201908 0.525672 0.357185 0.666843
76.876877 -0.294783 0.529441 0.261134 0.659845
76.976977 -0.379027 0.517759 0.157492 0.660712
77.077077 -0.452198 0.490979 0.049278 0.669307
77.177177 -0.512545 0.450278 -0.060328 0.684903
77.277277 -0.559357 0.397673 -0.168357 0.706660
77.377377 -0.592829 0.335569 -0.272387 0.733654
77.477477 -0.613834 0.266390 -0.370709 0.764972
77.577578 -0.623635 0.192336 -0.462277 0.799758
77.677678 -0.623561 0.115229 -0.546535 0.837142
77.777778 -0.614867 0.036528 -0.623238 0.876254
77.877878 -0.598776 -0.042613 -0.692445 0.916421
77.977978 -0.576518 -0.121315 -0.754518 0.957281
78.078078 -0.549177 -0.198940 -0.809932 0.998580
78.178178 -0.517642 -0.275035 -0.859149 1.040065
78.278278 -0.482619 -0.349261 -0.902560 1.081443
78.378378 -0.444712 -0.421381 -0.940555 1.122486
78.478478 -0.404448 -0.491245 -0.973542 1.163049
78.578579 -0.362257 -0.558740 -1.001859 1.202972
78.678679 -0.318507 -0.623798 -1.025829 1.242133
78.778779 -0.273542 -0.686440 -1.045845 1.280554
78.878879 -0.227646 -0.746700 -1.062253 1.318244
78.978979 -0.181050 -0.804600 -1.075324 1.355169
79.079079 -0.133943 -0.860156 -1.085280 1.391273
79.179179 -0.086487 -0.913356 -1.092283 1.426458
79.279279 -0.038826 -0.964226 -1.096516 1.460680
79.379379 0.008911 -1.012800 -1.098155 1.493917
79.479479 0.056614 -1.059123 -1.097370 1.526162
79.579580 0.104186 -1.103267 -1.094343 1.557446
79.679680 0.151546 -1.145314 -1.089251 1.587822
79.779780 0.198623 -1.185336 -1.082247 1.617323
79.879880 0.245360 -1.223399 -1.073470 1.645978
79.979980 0.291714 -1.259620 -1.063090 1.673888
80.080080 0.337659 -1.294131 -1.051280 1.701170
80.180180 0.383167 -1.327015 -1.038163 1.727880
80.280280 0.428203 -1.358308 -1.023815 1.754012
80.380380 0.472746 -1.388074 -1.008329 1.779597
80.480480 0.516778 -1.416377 -0.991793 1.804671
80.580581 0.560262 -1.443213 -0.974244 1.829183
80.680681 0.603158 -1.468566 -0.955706 1.853068
80.780781 0.645457 -1.492491 -0.936252 1.876356
80.880881 0.687163 -1.515073 -0.915967 1.899115
80.980981 0.728261 -1.536340 -0.894900 1.921341
81.081081 0.768721 -1.556285 -0.873075 1.942992
81.181181 0.808520 -1.574914 -0.850525 1.964040
81.281281 0.847626 -1.592217 -0.827270 1.984440
81.381381 0.886013 -1.608189 -0.803336 2.004156
81.481481 0.923673 -1.622863 -0.778766 2.023198
81.581582 0.960606 -1.636277 -0.753603 2.041589
81.681682 0.996793 -1.648441 -0.727876 2.059310
81.781782 1.032204 -1.659338 -0.701601 2.076317
81.881882 1.066826 -1.668986 -0.674810 2.092606
81.981982 1.100652 -1.677406 -0.647535 2.108181
82.082082 1.133668 -1.684606 -0.619800 2.123029
82.182182 1.165848 -1.690581 -0.591626 2.137121
82.282282 1.197170 -1.695328 -0.563034 2.150433
82.382382 1.227646 -1.698891 -0.534060 2.162999
82.482482 1.257290 -1.701319 -0.504741 2.174863
82.582583 1.286099 -1.702631 -0.475103 2.186030
82.682683 1.314077 -1.702856 -0.445173 2.196519
82.782783 1.341241 -1.702041 -0.414982 2.206373
82.882883 1.367596 -1.700213 -0.384557 2.215610
82.982983 1.393141 -1.697392 -0.353918 2.224239
83.083083 1.417882 -1.693604 -0.323089 2.232280
83.183183 1.441832 -1.688884 -0.292095 2.239761
83.283283 1.465007 -1.683269 -0.260957 2.246717
83.383383 1.487383 -1.676749 -0.229691 2.253121
83.483483 1.508925 -1.669301 -0.198310 2.258926
83.583584 1.529622 -1.660931 -0.166832 2.264126
83.683684 1.549459 -1.651639 -0.135272 2.268707
83.783784 1.568429 -1.641435 -0.103651 2.272668
83.883884 1.586523 -1.630327 -0.071984 2.276006
83.983984 1.603749 -1.618337 -0.040291 2.278739
84.084084 1.620116 -1.605493 -0.008589 2.280889
84.184184 1.635621 -1.591806 0.023105 2.282463
84.284284 1.650292 -1.577318 0.054776 2.283505
84.384384 1.664129 -1.562045 0.086406 2.284026
84.484484 1.677089 -1.545959 0.117978 2.283974
84.584585 1.689154 -1.529061 0.149475 2.283333
84.684685 1.700345 -1.511381 0.180883 2.282141
84.784785 1.710693 -1.492963 0.212189 2.280446
84.884885 1.720206 -1.473827 0.243380 2.278269
84.984985 1.728874 -1.453978 0.274439 2.275604
85.085085 1.736711 -1.433440 0.305355 2.272478
85.185185 1.743744 -1.412250 0.336118 2.268935
85.285285 1.750005 -1.390445 0.366721 2.265025
85.385385 1.755485 -1.368030 0.397149 2.260743
85.485485 1.760162 -1.345000 0.427383 2.256070
85.585586 1.764050 -1.321377 0.457414 2.251031
85.685686 1.767139 -1.297166 0.487227 2.245620
85.785786 1.769408 -1.272364 0.516802 2.239821
85.885886 1.770864 -1.246988 0.546128 2.233651
85.985986 1.771530 -1.221065 0.575199 2.227144
86.086086 1.771388 -1.194596 0.603997 2.220290
86.186186 1.770396 -1.167565 0.632493 2.213042
86.286286 1.768502 -1.139949 0.660656 2.205346
86.386386 1.765639 -1.111718 0.688445 2.197124
86.486486 1.761755 -1.082856 0.715825 2.188324
86.586587 1.756846 -1.053373 0.742777 2.178949
86.686687 1.750881 -1.023268 0.769271 2.168972
86.786787 1.743810 -0.992527 0.795268 2.158341
86.886887 1.735630 -0.961166 0.820747 2.147062
86.986987 1.726337 -0.929198 0.845690 2.135144
87.087087 1.715899 -0.896624 0.870059 2.122557
87.187187 1.704254 -0.863431 0.893804 2.109237
87.287287 1.691359 -0.829615 0.916883 2.095145
87.387387 1.677206 -0.795192 0.939268 2.080282
87.487487 1.661785 -0.760179 0.960931 2.064652
87.587588 1.645102 -0.724599 0.981853 2.048277
87.687688 1.627183 -0.688486 1.002026 2.031205
87.787788 1.608050 -0.651869 1.021438 2.013478
87.887888 1.587667 -0.614758 1.040045 1.995071
87.987988 1.565966 -0.577147 1.057776 1.975915
88.088088 1.542879 -0.539037 1.074558 1.955943
88.188188 1.518350 -0.500434 1.090324 1.935104
88.288288 1.492353 -0.461360 1.105022 1.913386
88.388388 1.464844 -0.421829 1.118588 1.890753
88.488488 1.435770 -0.381860 1.130946 1.867162
88.588589 1.405095 -0.341478 1.142029 1.842588
88.688689 1.372780 -0.300709 1.151766 1.817007
88.788789 1.338796 -0.259587 1.160088 1.790409
88.888889 1.303125 -0.218151 1.166936 1.762800
88.988989 1.265730 -0.176440 1.172224 1.734161
89.089089 1.226579 -0.134497 1.175871 1.704482
89.189189 1.185651 -0.092373 1.177800 1.673772
89.289289 1.142908 -0.050123 1.177910 1.642018
89.389389 1.098322 -0.007807 1.176104 1.609221
89.489489 1.051877 0.034508 1.172291 1.575406
89.589590 1.003509 0.076742 1.166315 1.540523
89.689690 0.953130 0.118806 1.157985 1.504493
89.789790 0.900648 0.160589 1.147079 1.467224
89.889890 0.845946 0.201956 1.133323 1.428577
89.989990 0.788935 0.242751 1.116453 1.388458
90.090090 0.729598 0.282809 1.096266 1.346883
90.190190 0.667937 0.321942 1.072561 1.303907
90.290290 0.603972 0.359940 1.045130 1.259617
90.390390 0.537745 0.396559 1.013751 1.214133
90.490490 0.469281 0.431496 0.978119 1.167531
90.590591 0.398593 0.464345 0.937805 1.119808
90.690691 0.325699 0.494569 0.892240 1.070874
90.790791 0.250721 0.521567 0.840899 1.020786
90.890891 0.173907 0.544656 0.783302 0.969771
90.990991 0.095617 0.562980 0.718900 0.918099
91.091091 0.016375 0.575393 0.647008 0.866005
91.191191 -0.063021 0.580475 0.566930 0.813839
91.291291 -0.141393 0.576670 0.478236 0.762397
91.391391 -0.217066 0.562149 0.380735 0.712803
91.491491 -0.287680 0.534758 0.274610 0.666436
91.591592 -0.350100 0.492326 0.160874 0.625168
91.691692 -0.400463 0.433109 0.041784 0.591354
91.791792 -0.434684 0.356568 -0.078845 0.567721
91.891892 -0.449401 0.264118 -0.195838 0.556841
91.991992 -0.442903 0.159241 -0.303539 0.560051
92.092092 -0.415930 0.046978 -0.397237 0.577063
92.192192 -0.371529 -0.067330 -0.474372 0.606297
92.292292 -0.313756 -0.179309 -0.534537 0.645232
92.392392 -0.246579 -0.286019 -0.578796 0.691095
92.492492 -0.173438 -0.385940 -0.609198 0.741723
92.592593 -0.096981 -0.478604 -0.628085 0.795586
92.692693 -0.019038 -0.564055 -0.637479 0.851411
92.792793 0.059150 -0.642670 -0.639132 0.908302
92.892893 0.136755 -0.714933 -0.634467 0.965598
92.992993 0.213227 -0.781295 -0.624569 1.022729
93.093093 0.288210 -0.842225 -0.610335 1.079313
93.193193 0.361483 -0.898180 -0.592505 1.135103
93.293293 0.432914 -0.949582 -0.571682 1.189933
93.393393 0.502458 -0.996865 -0.548390 1.243759
93.493493 0.570156 -1.040506 -0.523105 1.296677
93.593594 0.636063 -1.080899 -0.496198 1.348752
93.693694 0.700167 -1.118250 -0.467909 1.399877
93.793794 0.762459 -1.152725 -0.438429 1.449944
93.893894 0.822984 -1.184546 -0.407952 1.498958
93.993994 0.881787 -1.213906 -0.376641 1.546924
94.094094 0.938884 -1.240935 -0.344619 1.593796
94.194194 0.994311 -1.265772 -0.312002 1.639566
94.294294 1.048143 -1.288593 -0.278900 1.684299
94.394394 1.100452 -1.309556 -0.245409 1.728050
94.494494 1.151306 -1.328802 -0.211609 1.770875
94.594595 1.200750 -1.346435 -0.177565 1.812792
94.694695 1.248806 -1.362525 -0.143330 1.853789
94.794795 1.295515 -1.377157 -0.108955 1.893882
94.894895 1.340923 -1.390419 -0.074484 1.933103
94.994995 1.385065 -1.402381 -0.039956 1.971465
95.095095 1.427991 -1.413124 -0.005407 2.009007
95.195195 1.469776 -1.422749 0.029135 2.045801
95.295295 1.510463 -1.431323 0.063642 2.081882
95.395395 1.550055 -1.438871 0.098090 2.117225
95.495495 1.588546 -1.445408 0.132456 2.151796
95.595596 1.625912 -1.450932 0.166717 2.185541
95.695696 1.662134 -1.455446 0.200848 2.218413
95.795796 1.697223 -1.458979 0.234831 2.250407
95.895896 1.731214 -1.461577 0.268651 2.281553
95.995996 1.764133 -1.463281 0.302293 2.311869
96.096096 1.795988 -1.464113 0.335742 2.341350
96.196196 1.826789 -1.464096 0.368983 2.369996
96.296296 1.856554 -1.463258 0.402004 2.397816
96.396396 1.885312 -1.461636 0.434796 2.424836
96.496496 1.913075 -1.459252 0.467348 2.451058
96.596597 1.939833 -1.456112 0.499645 2.476461
96.696697 1.965606 -1.452241 0.531677 2.501058
96.796797 1.990417 -1.447668 0.563439 2.524869
96.896897 2.014281 -1.442416 0.594923 2.547906
96.996997 2.037221 -1.436511 0.626124 2.570187
97.097097 2.059255 -1.429977 0.657037 2.591730
97.197197 2.080400 -1.422835 0.687656 2.612546
97.297297 2.100664 -1.415098 0.717975 2.632637
97.397397 2.120075 -1.406796 0.747992 2.652033
97.497497 2.138672 -1.397962 0.777712 2.670778
97.597598 2.156488 -1.388627 0.807139 2.688903
97.697698 2.173552 -1.378816 0.836276 2.706441
97.797798 2.189873 -1.368542 0.865116 2.723395
97.897898 2.205455 -1.357815 0.893656 2.739765
97.997998 2.220312 -1.346650 0.921892 2.755564
98.098098 2.234458 -1.335063 0.949824 2.770805
98.198198 2.247878 -1.323050 0.977438 2.785462
98.298298 2.260554 -1.310608 1.004719 2.799510
98.398398 2.272487 -1.297743 1.031661 2.812945
98.498498 2.283678 -1.284462 1.058257 2.825763
98.598599 2.294114 -1.270766 1.084494 2.837945
98.698699 2.303765 -1.256643 1.110351 2.849449
98.798799 2.312613 -1.242090 1.135812 2.860251
98.898899 2.320666 -1.227119 1.160873 2.870355
98.998999 2.327935 -1.211741 1.185533 2.879772
99.099099 2.334413 -1.195960 1.209781 2.888490
99.199199 2.340112 -1.179787 1.233617 2.896521
99.299299 2.345028 -1.163228 1.257031 2.903856
99.399399 2.349155 -1.146286 1.280013 2.910487
99.499499 2.352508 -1.128974 1.302565 2.916428
99.599600 2.355092 -1.111301 1.324682 2.921683
99.699700 2.356912 -1.093276 1.346360 2.926256
99.799800 2.357982 -1.074911 1.367601 2.930162
99.899900 2.358300 -1.056212 1.388397 2.933396
100.000000 2.357850 -1.037176 1.408732 2.935936
