0.000000 0.087939 0.563254 -0.685441 0.891525
0.100100 0.038833 0.511415 -0.739934 0.900309
0.200200 -0.010768 0.452932 -0.784785 0.906174
0.300300 -0.060217 0.388680 -0.819600 0.909089
0.400400 -0.108892 0.319531 -0.844046 0.909049
0.500501 -0.156177 0.246370 -0.857828 0.906068
0.600601 -0.201464 0.170101 -0.860707 0.900188
0.700701 -0.244136 0.091663 -0.852479 0.891473
0.800801 -0.283523 0.012029 -0.832845 0.879864
0.900901 -0.318918 -0.067741 -0.801537 0.865309
1.001001 -0.349614 -0.146485 -0.758467 0.847915
1.101101 -0.374878 -0.222923 -0.703661 0.827868
1.201201 -0.393865 -0.295598 -0.637127 0.805257
1.301301 -0.405629 -0.362816 -0.558965 0.780136
1.401401 -0.409120 -0.422598 -0.469466 0.752574
1.501502 -0.403283 -0.472705 -0.369328 0.722835
1.601602 -0.387049 -0.510576 -0.259750 0.691350
1.701702 -0.359300 -0.533197 -0.142545 0.658570
1.801802 -0.319095 -0.537259 -0.020522 0.625212
1.901902 -0.265951 -0.519436 0.102169 0.592437
2.002002 -0.200109 -0.476676 0.219752 0.561742
2.102102 -0.123144 -0.407236 0.324818 0.535269
2.202202 -0.038364 -0.311634 0.408739 0.515417
2.302302 0.049073 -0.193778 0.463233 0.504522
2.402402 0.132751 -0.061350 0.482697 0.504364
2.502503 0.206470 0.075722 0.465881 0.515179
2.602603 0.265823 0.207636 0.416462 0.535924
2.702703 0.308874 0.326927 0.341321 0.564610
2.802803 0.335734 0.429171 0.248135 0.598729
2.902903 0.347788 0.512564 0.143886 0.635910
3.003003 0.347029 0.577128 0.034241 0.674299
3.103103 0.335515 0.623844 -0.076530 0.712466
3.203203 0.315182 0.654197 -0.185342 0.749444
3.303303 0.287835 0.670014 -0.290071 0.784799
3.403403 0.255004 0.673081 -0.389299 0.818303
3.503504 0.217940 0.664982 -0.482075 0.849762
3.603604 0.177678 0.647126 -0.567778 0.879041
3.703704 0.135081 0.620757 -0.646006 0.906041
3.803804 0.090881 0.587005 -0.716541 0.930734
3.903904 0.045700 0.546887 -0.779289 0.953135
4.004004 0.000070 0.501302 -0.834227 0.973262
4.104104 -0.045551 0.451052 -0.881376 0.991134
4.204204 -0.090760 0.396831 -0.920731 1.006707
4.304304 -0.135185 0.339247 -0.952242 1.019866
4.404404 -0.178498 0.278910 -0.975982 1.030628
4.504505 -0.220395 0.216398 -0.992040 1.039012
4.604605 -0.260570 0.152224 -1.000398 1.044924
4.704705 -0.298731 0.086900 -1.001068 1.048298
4.804805 -0.334596 0.020931 -0.994079 1.049088
4.904905 -0.367907 -0.045178 -0.979540 1.047327
5.005005 -0.398422 -0.110924 -0.957586 1.043080
5.105105 -0.425895 -0.175805 -0.928349 1.036400
5.205205 -0.450074 -0.239310 -0.891963 1.027344
5.305305 -0.470690 -0.300902 -0.848545 1.015933
5.405405 -0.487437 -0.360003 -0.798181 1.002142
5.505506 -0.499998 -0.415996 -0.740989 0.985959
5.605606 -0.508070 -0.468237 -0.677175 0.967444
5.705706 -0.511326 -0.516022 -0.606970 0.946649
5.805806 -0.509372 -0.558530 -0.530612 0.923561
5.905906 -0.501722 -0.594770 -0.448358 0.898055
6.006006 -0.487892 -0.623663 -0.360617 0.870080
6.106106 -0.467383 -0.643992 -0.267983 0.839635
6.206206 -0.439690 -0.654393 -0.171276 0.806779
6.306306 -0.404405 -0.653465 -0.071666 0.771814
6.406406 -0.361237 -0.639759 0.029277 0.735283
6.506507 -0.310067 -0.611834 0.129492 0.698034
6.606607 -0.250952 -0.568161 0.226271 0.661046
6.706707 -0.184248 -0.507202 0.316035 0.625363
6.806807 -0.110962 -0.427967 0.394249 0.592368
6.906907 -0.033050 -0.330611 0.455560 0.563853
7.007007 0.046388 -0.216982 0.494160 0.541689
7.107107 0.123113 -0.091267 0.504865 0.527612
7.207207 0.192286 0.039912 0.484822 0.523086
7.307307 0.249432 0.168564 0.434508 0.528609
7.407407 0.291536 0.287092 0.357922 0.543620
7.507508 0.317587 0.389873 0.261524 0.566795
7.607608 0.328163 0.473717 0.152286 0.596062
7.707708 0.324976 0.537756 0.036553 0.629387
7.807808 0.310313 0.582860 -0.080561 0.665215
7.907908 0.286383 0.610597 -0.195333 0.702138
8.008008 0.255143 0.622780 -0.305172 0.738974
8.108108 0.218327 0.621379 -0.408386 0.774957
8.208208 0.177386 0.608250 -0.503906 0.809540
8.308308 0.133497 0.585023 -0.591068 0.842279
8.408408 0.087654 0.553240 -0.669588 0.872987
8.508509 0.040677 0.514283 -0.739420 0.901601
8.608609 -0.006774 0.469274 -0.800535 0.927966
8.708709 -0.054143 0.419161 -0.852923 0.951895
8.808809 -0.100950 0.364780 -0.896592 0.973207
8.908909 -0.146781 0.306914 -0.931665 0.991837
9.009009 -0.191278 0.246292 -0.958326 1.007788
9.109109 -0.234128 0.183576 -0.976779 1.021084
9.209209 -0.275043 0.119369 -0.987201 1.031728
9.309309 -0.313771 0.054232 -0.989808 1.039766
9.409409 -0.350116 -0.011299 -0.984926 1.045365
9.509510 -0.383864 -0.076727 -0.972770 1.048580
9.609610 -0.414777 -0.141570 -0.953462 1.049367
9.709710 -0.442613 -0.205346 -0.927108 1.047665
9.809810 -0.467084 -0.267542 -0.893734 1.043315
9.909910 -0.487886 -0.327621 -0.853368 1.036149
10.010010 -0.504774 -0.385057 -0.806181 1.026155
10.110110 -0.517519 -0.439316 -0.752402 1.013377
10.210210 -0.525801 -0.489770 -0.692164 0.997713
10.310310 -0.529205 -0.535662 -0.625535 0.978921
10.410410 -0.527377 -0.576242 -0.552749 0.956929
10.510511 -0.520005 -0.610746 -0.474181 0.931807
10.610611 -0.506681 -0.638239 -0.390221 0.903519
10.710711 -0.486945 -0.657632 -0.301360 0.872017
10.810811 -0.460340 -0.667723 -0.208291 0.837348
10.910911 -0.426412 -0.667161 -0.111958 0.799666
11.011011 -0.384733 -0.654435 -0.013652 0.759270
11.111111 -0.334952 -0.627881 0.084861 0.716679
11.211211 -0.276834 -0.585629 0.181147 0.672616
11.311311 -0.210343 -0.525554 0.271773 0.627943
11.411411 -0.136026 -0.445758 0.352006 0.584047
11.511512 -0.055498 -0.345289 0.415635 0.543191
11.611612 0.028055 -0.225080 0.455082 0.508476
11.711712 0.109432 -0.089310 0.462384 0.483478
11.811812 0.181697 0.053522 0.431813 0.471530
11.911912 0.238033 0.191608 0.363470 0.474852
12.012012 0.274241 0.313576 0.264257 0.493325
12.112112 0.289887 0.412177 0.144988 0.524353
12.212212 0.287521 0.485323 0.016452 0.564338
12.312312 0.270830 0.534414 -0.113113 0.609707
12.412412 0.243509 0.562647 -0.238434 0.657814
12.512513 0.208757 0.573805 -0.356633 0.707120
12.612613 0.168989 0.571240 -0.466376 0.756558
12.712713 0.125914 0.557540 -0.567061 0.805148
12.812813 0.080778 0.534751 -0.658528 0.852140
12.912913 0.034533 0.504649 -0.741000 0.897186
13.013013 -0.012117 0.468622 -0.814770 0.940002
13.113113 -0.058637 0.427764 -0.880129 0.980330
13.213213 -0.104615 0.382992 -0.937415 1.018024
13.313313 -0.149731 0.335097 -0.987035 1.053066
13.413413 -0.193742 0.284755 -1.029413 1.085501
13.513514 -0.236462 0.232539 -1.064972 1.115416
13.613614 -0.277736 0.178923 -1.094051 1.142847
13.713714 -0.317415 0.124301 -1.116885 1.167748
13.813814 -0.355368 0.069021 -1.133676 1.190072
13.913914 -0.391467 0.013400 -1.144585 1.209753
14.014014 -0.425616 -0.042273 -1.149818 1.226791
14.114114 -0.457738 -0.097729 -1.149599 1.241230
14.214214 -0.487755 -0.152721 -1.144120 1.253092
14.314314 -0.515576 -0.207011 -1.133512 1.262347
14.414414 -0.541115 -0.260371 -1.117907 1.268982
14.514515 -0.564323 -0.312597 -1.097510 1.273070
14.614615 -0.585165 -0.363501 -1.072531 1.274705
14.714715 -0.603543 -0.412861 -1.043057 1.273847
14.814815 -0.619346 -0.460447 -1.009154 1.270430
14.914915 -0.632458 -0.506020 -0.970887 1.264390
15.015015 -0.642774 -0.549345 -0.928346 1.255693
15.115115 -0.650205 -0.590192 -0.881659 1.244353
15.215215 -0.654656 -0.628323 -0.830950 1.230383
15.315315 -0.656030 -0.663488 -0.776355 1.213803
15.415415 -0.654177 -0.695379 -0.717961 1.194558
15.515516 -0.648980 -0.723702 -0.655917 1.172666
15.615616 -0.640346 -0.748180 -0.590419 1.148221
15.715716 -0.628141 -0.768474 -0.521650 1.121264
15.815816 -0.612173 -0.784151 -0.449779 1.091764
15.915916 -0.592258 -0.794757 -0.375031 1.059744
16.016016 -0.568216 -0.799809 -0.297695 1.025274
16.116116 -0.539767 -0.798642 -0.218080 0.988300
16.216216 -0.506571 -0.790428 -0.136581 0.948707
16.316316 -0.468327 -0.774320 -0.053757 0.906527
16.416416 -0.424789 -0.749431 0.029633 0.861957
16.516517 -0.375711 -0.714735 0.112581 0.815279
16.616617 -0.320799 -0.668895 0.193705 0.766717
16.716717 -0.259761 -0.610213 0.271016 0.716440
16.816817 -0.192552 -0.536939 0.341726 0.664949
16.916917 -0.119645 -0.447612 0.402053 0.613448
17.017017 -0.042305 -0.341365 0.446927 0.563971
17.117117 0.036929 -0.218605 0.469743 0.519433
17.217217 0.113616 -0.082410 0.462894 0.483705
17.317317 0.181250 0.059845 0.420006 0.461344
17.417417 0.232552 0.196513 0.339595 0.456095
17.517518 0.262488 0.315163 0.227920 0.469228
17.617618 0.270440 0.407566 0.096912 0.498638
17.717718 0.259435 0.471583 -0.041196 0.539810
17.817818 0.233986 0.509520 -0.177302 0.588044
17.917918 0.198441 0.525627 -0.306015 0.639772
18.018018 0.156272 0.524314 -0.424722 0.692614
18.118118 0.110041 0.509489 -0.532584 0.745208
18.218218 0.061555 0.484319 -0.629690 0.796783
18.318318 0.012041 0.451149 -0.716427 0.846728
18.418418 -0.037644 0.411798 -0.793368 0.894666
18.518519 -0.086890 0.367650 -0.861064 0.940292
18.618619 -0.135262 0.319810 -0.920108 0.983449
18.718719 -0.182461 0.269212 -0.971201 1.024206
18.818819 -0.228270 0.216582 -1.014924 1.062584
18.918919 -0.272517 0.162488 -1.051733 1.098549
19.019019 -0.315084 0.107409 -1.082087 1.132134
19.119119 -0.355911 0.051751 -1.106488 1.163472
19.219219 -0.394946 -0.004152 -1.125344 1.192644
19.319319 -0.432118 -0.060020 -1.138916 1.219614
19.419419 -0.467364 -0.115606 -1.147438 1.244351
19.519520 -0.500669 -0.170700 -1.151214 1.266926
19.619620 -0.532035 -0.225120 -1.150553 1.287444
19.719720 -0.561445 -0.278700 -1.145682 1.305941
19.819820 -0.588893 -0.331295 -1.136827 1.322470
19.919920 -0.614390 -0.382780 -1.124222 1.337113
20.020020 -0.637939 -0.433042 -1.108074 1.349933
20.120120 -0.659559 -0.481983 -1.088591 1.361013
20.220220 -0.679260 -0.529511 -1.065959 1.370418
20.320320 -0.697055 -0.575544 -1.040353 1.378213
20.420420 -0.712960 -0.620006 -1.011943 1.384466
20.520521 -0.726951 -0.662793 -0.980833 1.389168
20.620621 -0.738964 -0.703766 -0.947072 1.392228
20.720721 -0.748929 -0.742779 -0.910702 1.393554
20.820821 -0.756797 -0.779702 -0.871800 1.393094
20.920921 -0.762524 -0.814409 -0.830446 1.390807
21.021021 -0.766046 -0.846752 -0.786710 1.386625
21.121121 -0.767271 -0.876545 -0.740630 1.380423
21.221221 -0.766148 -0.903646 -0.692299 1.372165
21.321321 -0.762673 -0.927963 -0.641860 1.361899
21.421421 -0.756791 -0.949343 -0.589412 1.349589
21.521522 -0.748439 -0.967613 -0.535056 1.335185
21.621622 -0.737570 -0.982619 -0.478918 1.318678
21.721722 -0.724147 -0.994213 -0.421139 1.300079
21.821822 -0.708111 -1.002208 -0.361858 1.279368
21.921922 -0.689381 -1.006379 -0.301218 1.256494
22.022022 -0.667906 -1.006532 -0.239398 1.231469
22.122122 -0.643605 -1.002413 -0.176585 1.204260
22.222222 -0.616372 -0.993716 -0.112988 1.174799
22.322322 -0.586095 -0.980097 -0.048857 1.143016
22.422422 -0.552703 -0.961256 0.015512 1.108934
22.522523 -0.516129 -0.936866 0.079764 1.072599
22.622623 -0.476225 -0.906411 0.143471 1.033902
22.722723 -0.432842 -0.869313 0.206095 0.992740
22.822823 -0.385833 -0.824909 0.266950 0.949001
22.922923 -0.335109 -0.772533 0.325188 0.902692
23.023023 -0.280671 -0.711558 0.379760 0.853996
23.123123 -0.222587 -0.641289 0.429314 0.803186
23.223223 -0.161027 -0.560925 0.472030 0.750586
23.323323 -0.096380 -0.469676 0.505479 0.696702
23.423423 -0.029434 -0.366934 0.526386 0.642332
23.523524 0.038342 -0.252576 0.530338 0.588663
23.623624 0.104308 -0.127660 0.511528 0.537436
23.723724 0.164009 0.004269 0.463085 0.491289
23.823824 0.210947 0.135408 0.379367 0.454701
23.923924 0.237398 0.253038 0.259399 0.433214
24.024024 0.237469 0.342402 0.110853 0.431183
24.124124 0.210854 0.393360 -0.050267 0.449131
24.224224 0.163061 0.405088 -0.206805 0.483170
24.324324 0.101897 0.383996 -0.347045 0.527519
24.424424 0.034163 0.338684 -0.465805 0.576930
24.524525 -0.035343 0.277042 -0.562466 0.627988
24.624625 -0.103633 0.205105 -0.638505 0.678599
24.724725 -0.168950 0.127115 -0.695941 0.727349
24.824825 -0.230288 0.046067 -0.736883 0.773402
24.924925 -0.287091 -0.035915 -0.763269 0.816266
25.025025 -0.339044 -0.117300 -0.776745 0.855595
25.125125 -0.385975 -0.196947 -0.778712 0.891155
25.225225 -0.427852 -0.274016 -0.770485 0.922924
25.325325 -0.464712 -0.347866 -0.753233 0.950962
25.425425 -0.496560 -0.417957 -0.727869 0.975220
25.525526 -0.523458 -0.483874 -0.695261 0.995756
25.625626 -0.545478 -0.545273 -0.656189 1.012646
25.725726 -0.562643 -0.601810 -0.611292 1.025876
25.825826 -0.574982 -0.653174 -0.561168 1.035447
25.925926 -0.582489 -0.699040 -0.506347 1.041316
26.026026 -0.585152 -0.739081 -0.447333 1.043432
26.126126 -0.582951 -0.772966 -0.384619 1.041748
26.226226 -0.575864 -0.800362 -0.318701 1.036228
26.326326 -0.563915 -0.820988 -0.250112 1.026927
26.426426 -0.547143 -0.834580 -0.179405 1.013940
26.526527 -0.525616 -0.840906 -0.107159 0.997436
26.626627 -0.499356 -0.839645 -0.033975 0.977504
26.726727 -0.468307 -0.830314 0.039506 0.954093
26.826827 -0.432405 -0.812358 0.112544 0.927128
26.926927 -0.391621 -0.785208 0.184273 0.896591
27.027027 -0.345953 -0.748235 0.253656 0.862485
27.127127 -0.295421 -0.700707 0.319412 0.824795
27.227227 -0.240175 -0.641953 0.379997 0.783700
27.327327 -0.180529 -0.571371 0.433508 0.739584
27.427427 -0.116980 -0.488322 0.477457 0.692898
27.527528 -0.050380 -0.392321 0.508594 0.644300
27.627628 0.017795 -0.283380 0.522709 0.594849
27.727728 0.085068 -0.162562 0.514466 0.546203
27.827828 0.147473 -0.033094 0.477872 0.501204
27.927928 0.199176 0.098305 0.407379 0.463996
28.028028 0.232671 0.220332 0.300288 0.439152
28.128128 0.241125 0.318434 0.161230 0.430740
28.228228 0.222128 0.380266 0.003849 0.440407
28.328328 0.179130 0.401171 -0.154218 0.465627
28.428428 0.119394 0.384923 -0.298426 0.501477
28.528529 0.050532 0.339707 -0.420582 0.542995
28.628629 -0.021488 0.274183 -0.517987 0.586472
28.728729 -0.092608 0.195675 -0.591201 0.629590
28.828829 -0.160273 0.109642 -0.641983 0.670710
28.928929 -0.222925 0.020088 -0.672533 0.708801
29.029029 -0.279665 -0.070041 -0.685176 0.743360
29.129129 -0.329976 -0.158578 -0.682038 0.774084
29.229229 -0.373529 -0.243872 -0.664925 0.800701
29.329329 -0.410152 -0.324642 -0.635473 0.823069
29.429429 -0.439815 -0.399902 -0.595243 0.841233
29.529530 -0.462575 -0.468880 -0.545676 0.855329
29.629630 -0.478514 -0.530937 -0.488076 0.865499
29.729730 -0.487697 -0.585489 -0.423599 0.871826
29.829830 -0.490176 -0.631982 -0.353317 0.874361
29.929930 -0.485968 -0.669840 -0.278237 0.873079
30.030030 -0.475015 -0.698387 -0.199321 0.867821
30.130130 -0.457317 -0.717002 -0.117599 0.858522
30.230230 -0.432882 -0.725033 -0.034177 0.845120
30.330330 -0.401686 -0.721721 0.049743 0.827471
30.430430 -0.363786 -0.706336 0.132789 0.805533
30.530531 -0.319275 -0.678081 0.213366 0.779266
30.630631 -0.268305 -0.636064 0.289551 0.748602
30.730731 -0.211152 -0.579323 0.358954 0.713476
30.830831 -0.148346 -0.506972 0.418581 0.673971
30.930931 -0.080859 -0.418450 0.464708 0.630549
31.031031 -0.010313 -0.313640 0.492495 0.583975
31.131131 0.060583 -0.193466 0.495710 0.535563
31.231231 0.127332 -0.061177 0.466874 0.487778
31.331331 0.182921 0.075768 0.398292 0.444790
31.431431 0.217783 0.203550 0.285540 0.412790
31.531532 0.222515 0.302796 0.133908 0.398911
31.631632 0.193645 0.356251 -0.037833 0.407240
31.731732 0.137181 0.359291 -0.204770 0.435706
31.831832 0.064417 0.320323 -0.348511 0.477720
31.931932 -0.014398 0.252683 -0.461875 0.526673
32.032032 -0.092504 0.168237 -0.545232 0.578047
32.132132 -0.166212 0.075323 -0.601882 0.628937
32.232232 -0.233690 -0.020573 -0.635713 0.677617
32.332332 -0.294130 -0.115922 -0.650273 0.723053
32.432432 -0.347268 -0.208429 -0.648634 0.764699
32.532533 -0.393055 -0.296537 -0.633240 0.802134
32.632633 -0.431630 -0.379214 -0.606212 0.835225
32.732733 -0.463327 -0.455852 -0.569518 0.864189
32.832833 -0.488444 -0.526013 -0.524740 0.889168
32.932933 -0.507239 -0.589362 -0.473177 0.910239
33.033033 -0.519937 -0.645620 -0.415939 0.927451
33.133133 -0.526752 -0.694565 -0.354005 0.940855
33.233233 -0.527914 -0.736047 -0.288287 0.950562
33.333333 -0.523637 -0.769938 -0.219615 0.956677
33.433433 -0.514109 -0.796097 -0.148758 0.959275
33.533534 -0.499413 -0.814238 -0.076428 0.958248
33.633634 -0.479624 -0.824065 -0.003341 0.953485
33.733734 -0.454882 -0.825366 0.069757 0.944994
33.833834 -0.425328 -0.817919 0.142090 0.932783
33.933934 -0.391112 -0.801492 0.212837 0.916874
34.034034 -0.352361 -0.775745 0.281075 0.897185
34.134134 -0.309194 -0.740250 0.345746 0.873562
34.234234 -0.261816 -0.694639 0.405652 0.845946
34.334334 -0.210486 -0.638495 0.459356 0.814241
34.434434 -0.155592 -0.571481 0.505183 0.778466
34.534535 -0.097705 -0.493371 0.541119 0.738763
34.634635 -0.037632 -0.404022 0.564616 0.695299
34.734735 0.023405 -0.303691 0.572600 0.648573
34.834835 0.083561 -0.193285 0.561285 0.599485
34.934935 0.140037 -0.074868 0.526085 0.549527
35.035035 0.188645 0.047351 0.462000 0.501272
35.135135 0.223397 0.165689 0.364655 0.458620
35.235235 0.236847 0.267832 0.233194 0.426860
35.335335 0.222605 0.338360 0.074970 0.411899
35.435435 0.179652 0.365160 -0.092779 0.417403
35.535536 0.114268 0.346602 -0.249337 0.441995
35.635636 0.036542 0.291245 -0.380023 0.480184
35.735736 -0.044505 0.211420 -0.479504 0.525930
35.835836 -0.122954 0.117989 -0.548886 0.574731
35.935936 -0.195649 0.018705 -0.592033 0.623804
36.036036 -0.261203 -0.081397 -0.613344 0.671597
36.136136 -0.319141 -0.179189 -0.616668 0.717105
36.236236 -0.369436 -0.272721 -0.605171 0.759666
36.336336 -0.412296 -0.360780 -0.581468 0.798909
36.436436 -0.448069 -0.442646 -0.547758 0.834710
36.536537 -0.477157 -0.517910 -0.505871 0.867072
36.636637 -0.499904 -0.586287 -0.457265 0.895951
36.736737 -0.516609 -0.647575 -0.403141 0.921282
36.836837 -0.527602 -0.701698 -0.344568 0.943117
36.936937 -0.533246 -0.748701 -0.282512 0.961623
37.037037 -0.533870 -0.788647 -0.217809 0.976945
37.137137 -0.529748 -0.821574 -0.151184 0.989178
37.237237 -0.521081 -0.847442 -0.083280 0.998308
37.337337 -0.507983 -0.866091 -0.014687 1.004179
37.437437 -0.490614 -0.877448 0.054010 1.006744
37.537538 -0.469155 -0.881476 0.122235 1.006006
37.637638 -0.443770 -0.878115 0.189416 1.001946
37.737738 -0.414607 -0.867262 0.254956 0.994507
37.837838 -0.381774 -0.848713 0.318208 0.983525
37.937938 -0.345454 -0.822394 0.378525 0.968996
38.038038 -0.305913 -0.788387 0.435279 0.951107
38.138138 -0.263403 -0.746702 0.487764 0.929978
38.238238 -0.218130 -0.697149 0.535072 0.905482
38.338338 -0.170343 -0.639514 0.576137 0.877456
38.438438 -0.120407 -0.573752 0.609835 0.845925
38.538539 -0.068797 -0.499924 0.634904 0.811024
38.638639 -0.016123 -0.418163 0.649821 0.772909
38.738739 0.036810 -0.328779 0.652789 0.731836
38.838839 0.088908 -0.232421 0.641755 0.688312
38.938939 0.138651 -0.130176 0.614175 0.642947
39.039039 0.183900 -0.023925 0.567041 0.596596
39.139139 0.221638 0.083085 0.497109 0.550585
39.239239 0.247707 0.185482 0.401402 0.506839
39.339339 0.257042 0.275101 0.278990 0.468601
39.439439 0.244534 0.341074 0.133320 0.440343
39.539540 0.207162 0.372142 -0.025535 0.426682
39.639640 0.146642 0.361523 -0.181362 0.430226
39.739740 0.069938 0.311192 -0.317484 0.450031
39.839840 -0.013714 0.230697 -0.423318 0.482294
39.939940 -0.096508 0.131726 -0.495937 0.522129
40.040040 -0.173442 0.024263 -0.537622 0.565427
40.140140 -0.241962 -0.084580 -0.552884 0.609410
40.240240 -0.301102 -0.190249 -0.546544 0.652355
40.340340 -0.350670 -0.289916 -0.522750 0.693029
40.440440 -0.390896 -0.381892 -0.484978 0.730647
40.540541 -0.422320 -0.465285 -0.436254 0.764959
40.640641 -0.445525 -0.539632 -0.379028 0.795837
40.740741 -0.461131 -0.604779 -0.315330 0.823305
40.840841 -0.469699 -0.660693 -0.246823 0.847381
40.940941 -0.471662 -0.707311 -0.174853 0.867944
41.041041 -0.467388 -0.744570 -0.100584 0.884846
41.141141 -0.457278 -0.772523 -0.025070 0.898067
41.241241 -0.441719 -0.791260 0.050725 0.907623
41.341341 -0.421036 -0.800809 0.125913 0.913466
41.441441 -0.395605 -0.801314 0.199662 0.915681
41.541542 -0.365757 -0.792857 0.271154 0.914289
41.641642 -0.331795 -0.775464 0.339569 0.909252
41.741742 -0.294074 -0.749268 0.404104 0.900656
41.841842 -0.252948 -0.714372 0.463920 0.888556
41.941942 -0.208763 -0.670800 0.518068 0.872897
42.042042 -0.161911 -0.618621 0.565533 0.853660
42.142142 -0.112869 -0.558022 0.605260 0.830944
42.242242 -0.062192 -0.489249 0.636069 0.804870
42.342342 -0.010536 -0.412580 0.656543 0.775488
42.442442 0.041280 -0.328517 0.665169 0.743019
42.542543 0.092214 -0.237817 0.660216 0.707774
42.642643 0.140888 -0.141504 0.639444 0.669897
42.742743 0.185536 -0.041292 0.600638 0.629995
42.842843 0.223918 0.060172 0.541785 0.589314
42.942943 0.253083 0.159002 0.460891 0.549320
43.043043 0.269226 0.249469 0.356586 0.511733
43.143143 0.268043 0.323685 0.229661 0.478919
43.243243 0.245805 0.372272 0.085034 0.454134
43.343343 0.200878 0.386296 -0.067110 0.440545
43.443443 0.135576 0.361037 -0.212276 0.440216
43.543544 0.056363 0.298776 -0.335737 0.452949
43.643644 -0.028333 0.208100 -0.427613 0.476405
43.743744 -0.110921 0.100329 -0.484994 0.507532
43.843844 -0.186347 -0.014333 -0.510373 0.543517
43.943944 -0.252042 -0.128436 -0.508786 0.582138
44.044044 -0.307094 -0.237216 -0.485545 0.621556
44.144144 -0.351429 -0.337769 -0.445273 0.660196
44.244244 -0.385522 -0.428518 -0.391962 0.697057
44.344344 -0.410246 -0.508875 -0.329084 0.731814
44.444444 -0.426416 -0.578632 -0.259329 0.764131
44.544545 -0.434736 -0.637740 -0.184793 0.793635
44.644645 -0.435905 -0.686360 -0.107216 0.820121
44.744745 -0.430576 -0.724746 -0.028045 0.843469
44.844845 -0.419335 -0.753174 0.051501 0.863577
44.944945 -0.402762 -0.772021 0.130384 0.880474
45.045045 -0.381386 -0.781651 0.207695 0.894187
45.145145 -0.355641 -0.782314 0.282607 0.904634
45.245245 -0.326000 -0.774396 0.354405 0.911904
45.345345 -0.292895 -0.758233 0.422408 0.916042
45.445445 -0.256702 -0.734056 0.485925 0.916983
45.545546 -0.217856 -0.702274 0.544389 0.914882
45.645646 -0.176792 -0.663316 0.597265 0.909928
45.745746 -0.133906 -0.617478 0.643918 0.902131
45.845846 -0.089619 -0.565142 0.683766 0.891601
45.945946 -0.044379 -0.506702 0.716189 0.878433
46.046046 0.001353 -0.442461 0.740364 0.862504
46.146146 0.047050 -0.372835 0.755478 0.843781
46.246246 0.092104 -0.298330 0.760627 0.822215
46.346346 0.135813 -0.219571 0.754839 0.797771
46.446446 0.177364 -0.137404 0.737191 0.770576
46.546547 0.215778 -0.052878 0.706621 0.740722
46.646647 0.249852 0.032642 0.661959 0.708294
46.746747 0.278128 0.117335 0.602046 0.673485
46.846847 0.298819 0.198753 0.525844 0.636637
46.946947 0.309795 0.273624 0.432687 0.598382
47.047047 0.308605 0.337647 0.322706 0.559805
47.147147 0.292494 0.385213 0.197344 0.522386
47.247247 0.258959 0.409675 0.060486 0.488418
47.347347 0.206665 0.404259 -0.080418 0.461089
47.447447 0.136641 0.363926 -0.214033 0.443760
47.547548 0.053509 0.288477 -0.326774 0.439162
47.647648 -0.034943 0.184404 -0.407121 0.448300
47.747748 -0.120302 0.063094 -0.449910 0.469971
47.847848 -0.196221 -0.063519 -0.456809 0.501210
47.947948 -0.259327 -0.186192 -0.433534 0.538396
48.048048 -0.308610 -0.299066 -0.386938 0.578275
48.148148 -0.344431 -0.398975 -0.323334 0.618351
48.248248 -0.367967 -0.484709 -0.248099 0.657188
48.348348 -0.380652 -0.556185 -0.165494 0.693993
48.448448 -0.383756 -0.613679 -0.078694 0.728054
48.548549 -0.378476 -0.657777 0.009847 0.758955
48.648649 -0.365950 -0.689289 0.098210 0.786565
48.748749 -0.347134 -0.708953 0.184884 0.810739
48.848849 -0.322891 -0.717532 0.268666 0.831440
48.948949 -0.294020 -0.715821 0.348586 0.848740
49.049049 -0.261189 -0.704455 0.423790 0.862597
49.149149 -0.225033 -0.684111 0.493581 0.873080
49.249249 -0.186144 -0.655440 0.557345 0.880275
49.349349 -0.145045 -0.618956 0.614442 0.884129
49.449449 -0.102241 -0.575154 0.664247 0.884579
49.549550 -0.058236 -0.524543 0.706160 0.881589
49.649650 -0.013549 -0.467678 0.739618 0.875181
49.749750 0.031288 -0.405108 0.764009 0.865333
49.849850 0.075717 -0.337465 0.778788 0.852130
49.949950 0.119146 -0.265468 0.783454 0.835745
50.050050 0.160926 -0.189868 0.777391 0.816262
50.150150 0.200322 -0.111514 0.759914 0.793746
50.250250 0.236460 -0.031405 0.730171 0.768146
50.350350 0.268306 0.049223 0.687262 0.739419
50.450450 0.294644 0.128785 0.630338 0.707620
50.550551 0.314086 0.205280 0.558748 0.673045
50.650651 0.324943 0.276095 0.472001 0.636083
50.750751 0.325138 0.337770 0.369899 0.597183
50.850851 0.312374 0.385885 0.253219 0.557319
50.950951 0.284177 0.414796 0.124259 0.517931
51.051051 0.238363 0.417808 -0.012096 0.481172
51.151151 0.174098 0.388216 -0.147079 0.450171
51.251251 0.093426 0.321682 -0.267607 0.428744
51.351351 0.002655 0.219931 -0.358468 0.420566
51.451451 -0.088407 0.092767 -0.407863 0.427521
51.551552 -0.169907 -0.044799 -0.412531 0.448394
51.651652 -0.235516 -0.178507 -0.378062 0.479857
51.751752 -0.283141 -0.298806 -0.314357 0.517952
51.851852 -0.313483 -0.401016 -0.231212 0.559057
51.951952 -0.328515 -0.483739 -0.136612 0.600490
52.052052 -0.330598 -0.547467 -0.036508 0.640584
52.152152 -0.322088 -0.593701 0.064847 0.678547
52.252252 -0.304959 -0.624075 0.164513 0.713817
52.352352 -0.280862 -0.640215 0.260458 0.746054
52.452452 -0.251200 -0.643677 0.351258 0.775115
52.552553 -0.217096 -0.635758 0.435850 0.800803
52.652653 -0.179525 -0.617687 0.513481 0.823061
52.752753 -0.139328 -0.590568 0.583580 0.841872
52.852853 -0.097214 -0.555299 0.645609 0.857099
52.952953 -0.053809 -0.512603 0.698978 0.868463
53.053053 -0.009710 -0.463220 0.743204 0.875797
53.153153 0.034501 -0.407946 0.777947 0.879097
53.253253 0.078268 -0.347558 0.802901 0.878393
53.353353 0.121044 -0.282849 0.817825 0.873781
53.453453 0.162281 -0.214595 0.822435 0.865324
53.553554 0.201390 -0.143575 0.816340 0.852985
53.653654 0.237754 -0.070635 0.799182 0.836784
53.753754 0.270690 0.003285 0.770561 0.816730
53.853854 0.299392 0.077117 0.729953 0.792725
53.953954 0.322896 0.149567 0.676740 0.764598
54.054054 0.340043 0.219029 0.610277 0.732148
54.154154 0.349458 0.283460 0.530021 0.695264
54.254254 0.349478 0.340210 0.435618 0.653943
54.354354 0.338172 0.385857 0.327223 0.608540
54.454454 0.313260 0.415872 0.205844 0.559869
54.554555 0.272159 0.424231 0.074100 0.509444
54.654655 0.212475 0.403356 -0.062260 0.460129
54.754755 0.133246 0.344899 -0.192095 0.416666
54.854855 0.037740 0.243401 -0.296951 0.385809
54.954955 -0.063264 0.104095 -0.354637 0.374974
55.055055 -0.153476 -0.052956 -0.351847 0.387499
55.155155 -0.220072 -0.202398 -0.294018 0.419337
55.255255 -0.259586 -0.327440 -0.199165 0.462892
55.355355 -0.275221 -0.422707 -0.085414 0.511589
55.455455 -0.272156 -0.489486 0.034528 0.561122
55.555556 -0.255332 -0.531680 0.152993 0.609331
55.655656 -0.228600 -0.553343 0.265687 0.655008
55.755756 -0.194727 -0.557786 0.370191 0.697198
55.855856 -0.155859 -0.547980 0.465299 0.735580
55.955956 -0.113675 -0.526561 0.550582 0.770278
56.056056 -0.069426 -0.495598 0.625901 0.801367
56.156156 -0.024069 -0.456744 0.691259 0.828875
56.256256 0.021630 -0.411299 0.746628 0.852694
56.356356 0.067038 -0.360385 0.792059 0.872771
56.456456 0.111625 -0.305087 0.827836 0.889298
56.556557 0.154937 -0.246340 0.854221 0.902431
56.656657 0.196555 -0.184928 0.871312 0.912150
56.756757 0.236102 -0.121591 0.879263 0.918495
56.856857 0.273251 -0.057039 0.878315 0.921605
56.956957 0.307664 0.008064 0.868607 0.921521
57.057057 0.338974 0.073064 0.850173 0.918170
57.157157 0.366817 0.137300 0.823075 0.911515
57.257257 0.390808 0.200073 0.787366 0.901502
57.357357 0.410474 0.260612 0.742976 0.887931
57.457457 0.425342 0.318087 0.689935 0.870693
57.557558 0.434913 0.371578 0.628334 0.849719
57.657658 0.438632 0.420049 0.558313 0.824956
57.757758 0.435905 0.462325 0.480128 0.796417
57.857858 0.426073 0.497039 0.394161 0.764165
57.957958 0.408357 0.522521 0.300955 0.728257
58.058058 0.381861 0.536729 0.201345 0.688793
58.158158 0.345576 0.537120 0.096669 0.645961
58.258258 0.298362 0.520442 -0.010925 0.600000
58.358358 0.239230 0.482848 -0.117872 0.551605
58.458458 0.167758 0.420130 -0.218378 0.502335
58.558559 0.084861 0.328359 -0.303277 0.454970
58.658659 -0.005603 0.206184 -0.359260 0.414259
58.758759 -0.094849 0.059075 -0.370252 0.386746
58.858859 -0.169351 -0.096461 -0.324942 0.378909
58.958959 -0.216714 -0.236614 -0.227440 0.393294
59.059059 -0.232872 -0.343056 -0.096587 0.425730
59.159159 -0.222239 -0.410465 0.046100 0.469038
59.259259 -0.192373 -0.442708 0.185389 0.517075
59.359359 -0.150066 -0.446616 0.313184 0.565747
59.459459 -0.100421 -0.428939 0.426086 0.612880
59.559560 -0.046929 -0.395055 0.523040 0.657147
59.659660 0.008035 -0.349115 0.604145 0.697809
59.759760 0.062824 -0.294394 0.670133 0.734638
59.859860 0.116304 -0.233442 0.721997 0.767660
59.959960 0.167680 -0.168243 0.760759 0.796980
60.060060 0.216396 -0.100366 0.787438 0.822775
60.160160 0.262062 -0.031079 0.803027 0.845278
60.260260 0.304334 0.038601 0.808230 0.864491
60.360360 0.342925 0.107805 0.803675 0.880405
60.460460 0.377613 0.175771 0.789989 0.893068
60.560561 0.408189 0.241811 0.767720 0.902489
60.660661 0.434483 0.305304 0.737416 0.908718
60.760761 0.456342 0.365669 0.699604 0.911815
60.860861 0.473580 0.422318 0.654729 0.911757
60.960961 0.485983 0.474644 0.603191 0.908464
61.061061 0.493383 0.522070 0.545463 0.901950
61.161161 0.495567 0.563962 0.481994 0.892165
61.261261 0.492372 0.599721 0.413312 0.879160
61.361361 0.483714 0.628812 0.340068 0.863151
61.461461 0.469405 0.650540 0.262880 0.844185
61.561562 0.449262 0.664166 0.182452 0.822339
61.661662 0.423072 0.668830 0.099605 0.797649
61.761762 0.390580 0.663507 0.015316 0.770083
61.861862 0.351559 0.647060 -0.069177 0.739639
61.961962 0.305758 0.618092 -0.152263 0.706193
62.062062 0.253029 0.575061 -0.231803 0.669665
62.162162 0.193531 0.516566 -0.305010 0.630338
62.262262 0.127851 0.441438 -0.368253 0.588917
62.362362 0.057176 0.348798 -0.416665 0.546387
62.462462 -0.016222 0.238767 -0.443940 0.504336
62.562563 -0.088351 0.113635 -0.442440 0.465265
62.662663 -0.152922 -0.020446 -0.404371 0.432804
62.762763 -0.201558 -0.151945 -0.324922 0.411445
62.862863 -0.226158 -0.265124 -0.207058 0.405353
62.962963 -0.222789 -0.345524 -0.063573 0.416009
63.063063 -0.193916 -0.386585 0.087550 0.441267
63.163163 -0.146436 -0.390880 0.230817 0.476977
63.263263 -0.087802 -0.365797 0.357160 0.518729
63.363363 -0.023952 -0.319495 0.463142 0.563162
63.463463 0.041072 -0.258842 0.548594 0.607982
63.563564 0.104735 -0.189062 0.614958 0.651833
63.663664 0.165513 -0.113949 0.664174 0.693906
63.763764 0.222490 -0.036168 0.698049 0.733541
63.863864 0.275143 0.042338 0.718325 0.770381
63.963964 0.323245 0.120156 0.726697 0.804371
64.064064 0.366741 0.196264 0.724709 0.835596
64.164164 0.405618 0.269898 0.713597 0.864056
64.264264 0.439922 0.340486 0.694447 0.889786
64.364364 0.469782 0.407630 0.668290 0.912945
64.464464 0.495317 0.471014 0.635991 0.933637
64.564565 0.516621 0.530367 0.598274 0.951902
64.664665 0.533767 0.585441 0.555754 0.967735
64.764765 0.546794 0.635990 0.508961 0.981075
64.864865 0.555741 0.681784 0.458386 0.991864
64.964965 0.560612 0.722567 0.404466 0.999991
65.065065 0.561477 0.758178 0.347670 1.005467
65.165165 0.558386 0.788437 0.288443 1.008280
65.265265 0.551347 0.813111 0.227193 1.008340
65.365365 0.540393 0.832000 0.164348 1.005613
65.465465 0.525508 0.844825 0.100328 0.999977
65.565566 0.506701 0.851332 0.035580 0.991352
65.665666 0.483976 0.851241 -0.029421 0.979648
65.765766 0.457382 0.844336 -0.094165 0.964867
65.865866 0.426986 0.830393 -0.158099 0.947030
65.965966 0.392755 0.808974 -0.220581 0.925933
66.066066 0.354670 0.779594 -0.280862 0.901355
66.166166 0.312768 0.741798 -0.338079 0.873147
66.266266 0.267143 0.695143 -0.391220 0.841215
66.366366 0.217927 0.639102 -0.439032 0.805414
66.466466 0.165350 0.573143 -0.479974 0.765643
66.566567 0.109801 0.496790 -0.512136 0.721900
66.666667 0.051885 0.409548 -0.532955 0.674138
66.766767 -0.007378 0.311200 -0.539151 0.622562
66.866867 -0.066271 0.202118 -0.526421 0.567770
66.966967 -0.121889 0.083832 -0.488979 0.510867
67.067067 -0.169369 -0.039437 -0.419915 0.454499
67.167167 -0.200908 -0.158323 -0.312441 0.403794
67.267267 -0.205601 -0.255300 -0.164476 0.366745
67.367367 -0.174322 -0.307031 0.011304 0.353248
67.467467 -0.109459 -0.299667 0.184999 0.368790
67.567568 -0.025576 -0.241342 0.328396 0.408343
67.667668 0.062160 -0.152123 0.431417 0.461656
67.767768 0.144948 -0.049184 0.497414 0.520432
67.867868 0.219305 0.057064 0.533733 0.579846
67.967968 0.284469 0.161099 0.547378 0.637572
68.068068 0.340624 0.260106 0.543569 0.692205
68.168168 0.388334 0.352706 0.526211 0.743036
68.268268 0.428324 0.438314 0.498361 0.789901
68.368368 0.461287 0.516742 0.462316 0.832792
68.468468 0.487842 0.587994 0.419846 0.871778
68.568569 0.508457 0.652085 0.372266 0.906822
68.668669 0.523507 0.709033 0.320619 0.937862
68.768769 0.533401 0.758996 0.265821 0.965014
68.868869 0.538562 0.802217 0.208674 0.988507
68.968969 0.539322 0.838875 0.149833 1.008479
69.069069 0.535955 0.869107 0.089859 1.025022
69.169169 0.528689 0.893008 0.029246 1.038186
69.269269 0.517725 0.910652 -0.031556 1.048009
69.369369 0.503275 0.922154 -0.092129 1.054581
69.469469 0.485480 0.927517 -0.152069 1.057877
69.569570 0.464428 0.926644 -0.210969 1.057767
69.669670 0.440211 0.919441 -0.268408 1.054135
69.769770 0.412892 0.905746 -0.323930 1.046798
69.869870 0.382573 0.885452 -0.377073 1.035651
69.969970 0.349346 0.858409 -0.427317 1.020543
70.070070 0.313252 0.824300 -0.474017 1.001144
70.170170 0.274364 0.782813 -0.516445 0.977132
70.270270 0.232810 0.733686 -0.553803 0.948258
70.370370 0.188754 0.676634 -0.585141 0.914250
70.470470 0.142403 0.611296 -0.609268 0.874739
70.570571 0.094063 0.537339 -0.624746 0.829390
70.670671 0.044190 0.454456 -0.629767 0.777874
70.770771 -0.006537 0.362364 -0.621902 0.719801
70.870871 -0.057020 0.260958 -0.597838 0.654798
70.970971 -0.105405 0.150657 -0.552953 0.582722
71.071071 -0.148361 0.033236 -0.480654 0.504127
71.171171 -0.179507 -0.085978 -0.371509 0.421467
71.271271 -0.186170 -0.192022 -0.214100 0.342594
71.371371 -0.147338 -0.248647 -0.008519 0.289147
71.471471 -0.053542 -0.210417 0.196746 0.293004
71.571572 0.062131 -0.093111 0.333106 0.351411
71.671672 0.166170 0.048566 0.395549 0.431775
71.771772 0.250407 0.185809 0.408599 0.513986
71.871872 0.316526 0.310045 0.391360 0.591168
71.971972 0.367770 0.419887 0.355434 0.661735
72.072072 0.406940 0.516023 0.307708 0.725647
72.172172 0.436149 0.599566 0.252385 0.783201
72.272272 0.456946 0.671565 0.192166 0.834702
72.372372 0.470633 0.733125 0.128936 0.880677
72.472472 0.478255 0.785240 0.064041 0.921646
72.572573 0.480601 0.828691 -0.001560 0.957971
72.672673 0.478291 0.864109 -0.067137 0.989926
72.772773 0.471816 0.891998 -0.132121 1.017707
72.872873 0.461588 0.912783 -0.196039 1.041474
72.972973 0.447934 0.926782 -0.258488 1.061313
73.073073 0.431153 0.934304 -0.319115 1.077335
73.173173 0.411502 0.935593 -0.377598 1.089609
73.273273 0.389226 0.930904 -0.433653 1.098242
73.373373 0.364548 0.920454 -0.487008 1.103317
73.473473 0.337636 0.904347 -0.537351 1.104802
73.573574 0.308664 0.882705 -0.584388 1.102702
73.673674 0.277825 0.855708 -0.627860 1.097101
73.773774 0.245303 0.823504 -0.667492 1.088061
73.873874 0.211273 0.786212 -0.702977 1.075612
73.973974 0.175891 0.743855 -0.733909 1.059660
74.074074 0.139315 0.696410 -0.759793 1.040039
74.174174 0.101732 0.643875 -0.780093 1.016597
74.274274 0.063354 0.586229 -0.794165 0.989129
74.374374 0.024440 0.523506 -0.801320 0.957481
74.474474 -0.014690 0.455766 -0.800747 0.921485
74.574575 -0.053642 0.383140 -0.791530 0.881019
74.674675 -0.091909 0.305834 -0.772558 0.835959
74.774775 -0.128808 0.224121 -0.742330 0.786050
74.874875 -0.163366 0.138477 -0.698846 0.730925
74.974975 -0.194199 0.049808 -0.639647 0.670330
75.075075 -0.219332 -0.040168 -0.561932 0.604555
75.175175 -0.235764 -0.128342 -0.462274 0.534560
75.275275 -0.238585 -0.208765 -0.336495 0.462314
75.375375 -0.219845 -0.269727 -0.181297 0.392368
75.475475 -0.168696 -0.289828 -0.001203 0.335351
75.575576 -0.079132 -0.242274 0.176411 0.309966
75.675676 0.033027 -0.125219 0.303112 0.329617
75.775776 0.138711 0.024292 0.357230 0.383985
75.875876 0.223835 0.171990 0.355422 0.453880
75.975976 0.288482 0.304607 0.320012 0.527650
76.076076 0.336377 0.419787 0.265600 0.599928
76.176176 0.370904 0.518402 0.200438 0.668197
76.276276 0.394814 0.602240 0.129435 0.731659
76.376376 0.410174 0.673065 0.055579 0.790157
76.476476 0.418469 0.732314 -0.019261 0.843665
76.576577 0.420879 0.781270 -0.093841 0.892372
76.676677 0.418391 0.821139 -0.167336 0.936655
76.776777 0.411793 0.852939 -0.239183 0.976876
76.876877 0.401661 0.877413 -0.308968 1.013236
76.976977 0.388473 0.895205 -0.376390 1.045931
77.077077 0.372603 0.906806 -0.441197 1.075074
77.177177 0.354338 0.912566 -0.503148 1.100677
77.277277 0.333960 0.912871 -0.562078 1.122851
77.377377 0.311729 0.908098 -0.617865 1.141742
77.477477 0.287882 0.898602 -0.670426 1.157512
77.577578 0.262632 0.884709 -0.719688 1.170315
77.677678 0.236154 0.866656 -0.765549 1.180223
77.777778 0.208589 0.844591 -0.807847 1.187207
77.877878 0.180078 0.818672 -0.846439 1.191264
77.977978 0.150776 0.789120 -0.881256 1.192500
78.078078 0.120827 0.756151 -0.912236 1.191023
78.178178 0.090366 0.719924 -0.939262 1.186874
78.278278 0.059518 0.680540 -0.962145 1.180000
78.378378 0.028411 0.638094 -0.980672 1.170337
78.478478 -0.002817 0.592701 -0.994641 1.157848
78.578579 -0.034021 0.544445 -1.003773 1.142426
78.678679 -0.065039 0.493423 -1.007772 1.123967
78.778779 -0.095702 0.439799 -1.006419 1.102479
78.878879 -0.125817 0.383733 -0.999433 1.077937
78.978979 -0.155163 0.325378 -0.986430 1.050234
79.079079 -0.183472 0.264900 -0.966921 1.019201
79.179179 -0.210411 0.202488 -0.940266 0.984568
79.279279 -0.235585 0.138419 -0.905790 0.946106
79.379379 -0.258506 0.073068 -0.862723 0.903579
79.479479 -0.278563 0.006948 -0.810166 0.856747
79.579580 -0.294987 -0.059218 -0.747116 0.805423
79.679680 -0.306773 -0.124403 -0.672405 0.749476
79.779780 -0.312529 -0.187076 -0.584584 0.688775
79.879880 -0.310298 -0.244882 -0.481969 0.623335
79.979980 -0.297381 -0.294129 -0.362967 0.553798
80.080080 -0.269882 -0.328738 -0.226522 0.481889
80.180180 -0.222140 -0.338266 -0.073794 0.411359
80.280280 -0.147508 -0.305953 0.086382 0.350468
80.380380 -0.044936 -0.213930 0.227267 0.315335
80.480480 0.068763 -0.066319 0.307522 0.322019
80.580581 0.166253 0.099503 0.311000 0.366417
80.680681 0.235501 0.249890 0.259200 0.430222
80.780781 0.279579 0.374272 0.178531 0.500117
80.880881 0.304937 0.473911 0.085377 0.569972
80.980981 0.316698 0.552572 -0.011839 0.637004
81.081081 0.318414 0.613789 -0.108817 0.699975
81.181181 0.312577 0.660492 -0.203291 0.758473
81.281281 0.300921 0.694924 -0.294020 0.812355
81.381381 0.284706 0.718842 -0.380317 0.861645
81.481481 0.264917 0.733743 -0.461850 0.906568
81.581582 0.242313 0.740842 -0.538471 0.947371
81.681682 0.217456 0.741046 -0.610072 0.984187
81.781782 0.190780 0.735037 -0.676546 1.017050
81.881882 0.162661 0.723452 -0.737876 1.046089
81.981982 0.133419 0.706848 -0.794070 1.071440
82.082082 0.103320 0.685666 -0.845104 1.093166
82.182182 0.072591 0.660265 -0.890916 1.111283
82.282282 0.041442 0.630963 -0.931445 1.125798
82.382382 0.010068 0.598124 -0.966728 1.136845
82.482482 -0.021352 0.562079 -0.996806 1.144557
82.582583 -0.052650 0.523089 -1.021633 1.148968
82.682683 -0.083666 0.481409 -1.041175 1.150131
82.782783 -0.114249 0.437298 -1.055428 1.148133
82.882883 -0.144242 0.390985 -1.064326 1.143006
82.982983 -0.173485 0.342679 -1.067754 1.134736
83.083083 -0.201813 0.292599 -1.065606 1.123325
83.183183 -0.229054 0.240975 -1.057774 1.108793
83.283283 -0.255027 0.188046 -1.044134 1.091154
83.383383 -0.279497 0.134036 -1.024384 1.070256
83.483483 -0.302181 0.079194 -0.998132 1.045875
83.583584 -0.322781 0.023831 -0.965037 1.017866
83.683684 -0.340942 -0.031687 -0.924688 0.986050
83.783784 -0.356250 -0.086917 -0.876643 0.950248
83.883884 -0.368201 -0.141302 -0.820381 0.910255
83.983984 -0.376205 -0.194146 -0.755366 0.865910
84.084084 -0.379516 -0.244536 -0.680983 0.817048
84.184184 -0.377150 -0.291232 -0.596473 0.763438
84.284284 -0.367888 -0.332559 -0.501132 0.705032
84.384384 -0.349995 -0.366013 -0.394149 0.641728
84.484484 -0.320900 -0.387645 -0.274731 0.573343
84.584585 -0.277158 -0.391402 -0.143076 0.500482
84.684685 -0.214335 -0.367847 -0.002179 0.425741
84.784785 -0.127777 -0.302684 0.137506 0.356164
84.884885 -0.018103 -0.180318 0.248244 0.307355
84.984985 0.095274 -0.007441 0.285524 0.301092
85.085085 0.180426 0.169367 0.235340 0.341502
85.185185 0.227682 0.312397 0.132740 0.408719
85.285285 0.246547 0.417416 0.012018 0.484939
85.385385 0.247193 0.492017 -0.110306 0.561562
85.485485 0.236252 0.543788 -0.227846 0.635165
85.585586 0.217883 0.578591 -0.338437 0.704827
85.685686 0.194609 0.600439 -0.441527 0.770289
85.785786 0.168028 0.612128 -0.537188 0.831568
85.885886 0.139233 0.615779 -0.625817 0.888941
85.985986 0.108983 0.613006 -0.707924 0.942767
86.086086 0.077794 0.604943 -0.783917 0.993244
86.186186 0.046033 0.592403 -0.854099 1.040454
86.286286 0.013979 0.576019 -0.918722 1.084456
86.386386 -0.018150 0.556271 -0.977961 1.125244
86.486486 -0.050176 0.533582 -1.032007 1.162870
86.586587 -0.081956 0.508364 -1.081141 1.197505
86.686687 -0.113371 0.480939 -1.125552 1.229237
86.786787 -0.144314 0.451556 -1.165353 1.258085
86.886887 -0.174704 0.420479 -1.200749 1.284182
86.986987 -0.204473 0.387936 -1.231924 1.307647
87.087087 -0.233549 0.354107 -1.258973 1.328514
87.187187 -0.261857 0.319137 -1.281918 1.346748
87.287287 -0.289329 0.283171 -1.300809 1.362351
87.387387 -0.315915 0.246357 -1.315752 1.375390
87.487487 -0.341570 0.208835 -1.326846 1.385930
87.587588 -0.366257 0.170738 -1.334204 1.394058
87.687688 -0.389950 0.132193 -1.337970 1.399893
87.787788 -0.412624 0.093319 -1.338267 1.403540
87.887888 -0.434222 0.054215 -1.335097 1.404982
87.987988 -0.454664 0.014983 -1.328398 1.404132
88.088088 -0.473865 -0.024277 -1.318096 1.400897
88.188188 -0.491744 -0.063456 -1.304138 1.395211
88.288288 -0.508235 -0.102444 -1.286520 1.387058
88.388388 -0.523254 -0.141122 -1.265195 1.376382
88.488488 -0.536703 -0.179364 -1.240097 1.363108
88.588589 -0.548490 -0.217039 -1.211176 1.347180
88.688689 -0.558509 -0.254004 -1.178373 1.328538
88.788789 -0.566655 -0.290104 -1.141635 1.307130
88.888889 -0.572818 -0.325178 -1.100922 1.282922
88.988989 -0.576855 -0.359034 -1.056143 1.255828
89.089089 -0.578612 -0.391459 -1.007206 1.225763
89.189189 -0.577922 -0.422217 -0.954031 1.192659
89.289289 -0.574571 -0.451019 -0.896484 1.156389
89.389389 -0.568326 -0.477537 -0.834441 1.116838
89.489489 -0.558921 -0.501386 -0.767780 1.073902
89.589590 -0.545970 -0.522039 -0.696274 1.027330
89.689690 -0.528983 -0.538817 -0.619647 0.976785
89.789790 -0.507340 -0.550832 -0.537600 0.921859
89.889890 -0.480226 -0.556884 -0.449795 0.862005
89.989990 -0.446655 -0.555417 -0.355993 0.796693
90.090090 -0.405467 -0.544439 -0.256186 0.725568
90.190190 -0.355129 -0.521109 -0.150707 0.648371
90.290290 -0.293574 -0.481208 -0.040654 0.565155
90.390390 -0.218024 -0.418117 0.070922 0.476851
90.490490 -0.125157 -0.321132 0.175723 0.386870
90.590591 -0.014375 -0.175475 0.250869 0.306486
90.690691 0.097110 0.019259 0.246344 0.265493
90.790791 0.164978 0.204441 0.132674 0.294306
90.890891 0.177089 0.323952 -0.031537 0.370540
90.990991 0.157010 0.386724 -0.193586 0.460091
91.091091 0.122014 0.413797 -0.338977 0.548653
91.191191 0.080261 0.418570 -0.466623 0.631965
91.291291 0.035660 0.408970 -0.578508 0.709366
91.391391 -0.009828 0.389724 -0.676880 0.781120
91.491491 -0.055170 0.363716 -0.763577 0.847575
91.591592 -0.099788 0.332855 -0.840123 0.909152
91.691692 -0.143354 0.298466 -0.907779 0.966279
91.791792 -0.185689 0.261514 -0.967641 1.019411
91.891892 -0.226712 0.222722 -1.020677 1.069011
91.991992 -0.266376 0.182608 -1.067618 1.115397
92.092092 -0.304659 0.141561 -1.109047 1.158811
92.192192 -0.341569 0.099888 -1.145497 1.199504
92.292292 -0.377106 0.057826 -1.177363 1.237633
92.392392 -0.411253 0.015565 -1.204911 1.273257
92.492492 -0.444027 -0.026737 -1.228458 1.306516
92.592593 -0.475470 -0.068948 -1.248341 1.337602
92.692693 -0.505595 -0.110956 -1.264782 1.366605
92.792793 -0.534419 -0.152668 -1.277984 1.393612
92.892893 -0.561947 -0.193999 -1.288106 1.418675
92.992993 -0.588159 -0.234866 -1.295229 1.441774
93.093093 -0.613040 -0.275191 -1.299437 1.462903
93.193193 -0.636580 -0.314905 -1.300820 1.482070
93.293293 -0.658770 -0.353941 -1.299458 1.499281
93.393393 -0.679620 -0.392249 -1.295468 1.514589
93.493493 -0.699178 -0.429802 -1.289031 1.528130
93.593594 -0.717477 -0.466573 -1.280284 1.539997
93.693694 -0.734476 -0.502490 -1.269235 1.550132
93.793794 -0.750127 -0.537476 -1.255868 1.558453
93.893894 -0.764418 -0.571480 -1.240239 1.564966
93.993994 -0.777334 -0.604447 -1.222392 1.569665
94.094094 -0.788828 -0.636300 -1.202323 1.572485
94.194194 -0.798869 -0.666974 -1.180053 1.573395
94.294294 -0.807458 -0.696427 -1.155650 1.572427
94.394394 -0.814590 -0.724617 -1.129175 1.569606
94.494494 -0.820259 -0.751496 -1.100684 1.564952
94.594595 -0.824432 -0.776999 -1.070199 1.558442
94.694695 -0.827057 -0.801034 -1.037717 1.550012
94.794795 -0.828092 -0.823522 -1.003254 1.539625
94.894895 -0.827505 -0.844388 -0.966836 1.527262
94.994995 -0.825243 -0.863539 -0.928476 1.512876
95.095095 -0.821270 -0.880891 -0.888203 1.496449
95.195195 -0.815574 -0.896387 -0.846078 1.478012
95.295295 -0.808104 -0.909927 -0.802127 1.457534
95.395395 -0.798757 -0.921344 -0.756326 1.434892
95.495495 -0.787405 -0.930441 -0.708640 1.409928
95.595596 -0.773889 -0.936972 -0.659022 1.382436
95.695696 -0.758039 -0.940668 -0.607429 1.352202
95.795796 -0.739709 -0.941278 -0.553865 1.319068
95.895896 -0.718773 -0.938562 -0.498363 1.282926
95.995996 -0.695070 -0.932225 -0.440960 1.243628
96.096096 -0.668388 -0.921880 -0.381683 1.200952
96.196196 -0.638482 -0.907079 -0.320584 1.154654
96.296296 -0.605082 -0.887303 -0.257751 1.104476
96.396396 -0.567894 -0.861957 -0.193326 1.050166
96.496496 -0.526520 -0.830241 -0.127504 0.991353
96.596597 -0.480438 -0.791082 -0.060575 0.927524
96.696697 -0.429072 -0.743197 0.006977 0.858192
96.796797 -0.371716 -0.684897 0.074370 0.782808
96.896897 -0.307463 -0.613833 0.140286 0.700717
96.996997 -0.235204 -0.526672 0.202362 0.611273
97.097097 -0.153672 -0.418491 0.256030 0.514102
97.197197 -0.062039 -0.281949 0.291454 0.410231
97.297297 0.036573 -0.108249 0.285033 0.307082
97.397397 0.118266 0.092170 0.185632 0.238624
97.497497 0.127269 0.232179 -0.021606 0.265652
97.597598 0.073869 0.265978 -0.230955 0.359918
97.697698 0.003020 0.244283 -0.397957 0.466961
97.797798 -0.068886 0.199546 -0.529633 0.570154
97.897898 -0.137690 0.144733 -0.635650 0.666302
97.997998 -0.202477 0.085448 -0.722704 0.755380
98.098098 -0.263228 0.024379 -0.795217 0.838006
98.198198 -0.320119 -0.037073 -0.856028 0.914678
98.298298 -0.373385 -0.098116 -0.907126 0.985860
98.398398 -0.423283 -0.158274 -0.950041 1.052045
98.498498 -0.470049 -0.217259 -0.985934 1.113649
98.598599 -0.513867 -0.274874 -1.015651 1.170966
98.698699 -0.554860 -0.330972 -1.039796 1.224168
98.798799 -0.593152 -0.385452 -1.058892 1.273442
98.898899 -0.628889 -0.438264 -1.073438 1.319032
98.998999 -0.662204 -0.489380 -1.083861 1.361162
99.099099 -0.693185 -0.538765 -1.090479 1.399971
99.199199 -0.721935 -0.586408 -1.093598 1.435626
99.299299 -0.748523 -0.632287 -1.093454 1.468235
99.399399 -0.773003 -0.676379 -1.090244 1.497884
99.499499 -0.795452 -0.718686 -1.084180 1.524697
99.599600 -0.815924 -0.759200 -1.075434 1.548765
99.699700 -0.834467 -0.797912 -1.064157 1.570168
99.799800 -0.851136 -0.834825 -1.050501 1.588999
99.899900 -0.865955 -0.869918 -1.034576 1.605298
100.000000 -0.878924 -0.903143 -1.016450 1.619057
