0.000000 -0.202339 -0.959226 -0.188183 0.998233
0.100100 -0.177113 -0.956660 -0.289251 1.015004
0.200200 -0.150693 -0.947574 -0.388293 1.035073
0.300300 -0.123323 -0.932436 -0.484800 1.058148
0.400400 -0.095234 -0.911755 -0.578368 1.083917
0.500501 -0.066639 -0.886089 -0.668718 1.112105
0.600601 -0.037724 -0.855988 -0.755661 1.142437
0.700701 -0.008651 -0.821925 -0.839040 1.174574
0.800801 0.020443 -0.784361 -0.918778 1.208219
0.900901 0.049441 -0.743769 -0.994900 1.243166
1.001001 0.078246 -0.700566 -1.067449 1.279204
1.101101 0.106782 -0.655130 -1.136515 1.316154
1.201201 0.134990 -0.607819 -1.202238 1.353899
1.301301 0.162826 -0.558937 -1.264755 1.392310
1.401401 0.190247 -0.508728 -1.324156 1.431218
1.501502 0.217225 -0.457412 -1.380555 1.470491
1.601602 0.243737 -0.405185 -1.434067 1.510010
1.701702 0.269767 -0.352221 -1.484811 1.549677
1.801802 0.295321 -0.298693 -1.532994 1.589497
1.901902 0.320414 -0.244751 -1.578842 1.629513
2.002002 0.345057 -0.190516 -1.622527 1.669717
2.102102 0.369249 -0.136080 -1.664142 1.710038
2.202202 0.392984 -0.081519 -1.703745 1.750380
2.302302 0.416260 -0.026907 -1.741403 1.790665
2.402402 0.439086 0.027695 -1.777221 1.830868
2.502503 0.461475 0.082232 -1.811311 1.870980
2.602603 0.483442 0.136656 -1.843782 1.911000
2.702703 0.504992 0.190926 -1.874704 1.950893
2.802803 0.526134 0.245009 -1.904145 1.990632
2.902903 0.546891 0.298879 -1.932229 2.030253
3.003003 0.567286 0.352519 -1.959067 2.069789
3.103103 0.587332 0.405911 -1.984733 2.109239
3.203203 0.607032 0.459034 -2.009260 2.148564
3.303303 0.626396 0.511874 -2.032711 2.187761
3.403403 0.645445 0.564428 -2.055167 2.226856
3.503504 0.664189 0.616686 -2.076681 2.265845
3.603604 0.682632 0.668638 -2.097284 2.304705
3.703704 0.700775 0.720269 -2.116993 2.343402
3.803804 0.718618 0.771566 -2.135826 2.381906
3.903904 0.736158 0.822512 -2.153784 2.420173
4.004004 0.753393 0.873092 -2.170877 2.458170
4.104104 0.770326 0.923296 -2.187126 2.495876
4.204204 0.786973 0.973135 -2.202589 2.533322
4.304304 0.803357 1.022623 -2.217339 2.570551
4.404404 0.819491 1.071771 -2.231428 2.607591
4.504505 0.835396 1.120596 -2.244915 2.644479
4.604605 0.851086 1.169109 -2.257849 2.681239
4.704705 0.866572 1.217321 -2.270267 2.717890
4.804805 0.881861 1.265232 -2.282189 2.754428
4.904905 0.896950 1.312835 -2.293620 2.790833
5.005005 0.911846 1.360136 -2.304581 2.827105
5.105105 0.926558 1.407139 -2.315097 2.863254
5.205205 0.941089 1.453847 -2.325184 2.899276
5.305305 0.955445 1.500263 -2.334861 2.935173
5.405405 0.969632 1.546394 -2.344147 2.970950
5.505506 0.983654 1.592241 -2.353053 3.006604
5.605606 0.997512 1.637802 -2.361590 3.042127
5.705706 1.011217 1.683094 -2.369787 3.077540
5.805806 1.024781 1.728130 -2.377673 3.112866
5.905906 1.038205 1.772912 -2.385256 3.148099
6.006006 1.051487 1.817431 -2.392532 3.183220
6.106106 1.064624 1.861681 -2.399500 3.218211
6.206206 1.077615 1.905656 -2.406157 3.253056
6.306306 1.090469 1.949371 -2.412528 3.287774
6.406406 1.103190 1.992829 -2.418625 3.322370
6.506507 1.115776 2.036026 -2.424447 3.356829
6.606607 1.128229 2.078961 -2.429998 3.391146
6.706707 1.140553 2.121640 -2.435290 3.425325
6.806807 1.152753 2.164071 -2.440336 3.459376
6.906907 1.164831 2.206256 -2.445144 3.493298
7.007007 1.176790 2.248197 -2.449720 3.527088
7.107107 1.188634 2.289903 -2.454077 3.560758
7.207207 1.200374 2.331388 -2.458234 3.594326
7.307307 1.212011 2.372658 -2.462202 3.627798
7.407407 1.223551 2.413721 -2.465989 3.661179
7.507508 1.234998 2.454582 -2.469607 3.694476
7.607608 1.246358 2.495254 -2.473068 3.727702
7.707708 1.257632 2.535738 -2.476378 3.760858
7.807808 1.268827 2.576046 -2.479549 3.793955
7.907908 1.279946 2.616183 -2.482589 3.826999
8.008008 1.290991 2.656151 -2.485502 3.859989
8.108108 1.301962 2.695953 -2.488292 3.892925
8.208208 1.312868 2.735603 -2.490973 3.925823
8.308308 1.323715 2.775114 -2.493560 3.958702
8.408408 1.334502 2.814483 -2.496050 3.991550
8.508509 1.345224 2.853701 -2.498437 4.024354
8.608609 1.355888 2.892777 -2.500730 4.057122
8.708709 1.366494 2.931716 -2.502936 4.089860
8.808809 1.377042 2.970515 -2.505051 4.122559
8.908909 1.387535 3.009178 -2.507081 4.155221
9.009009 1.397972 3.047706 -2.509028 4.187847
9.109109 1.408355 3.086100 -2.510893 4.220434
9.209209 1.418680 3.124353 -2.512672 4.252970
9.309309 1.428945 3.162458 -2.514361 4.285445
9.409409 1.439155 3.200427 -2.515968 4.317869
9.509510 1.449313 3.238264 -2.517501 4.350249
9.609610 1.459420 3.275974 -2.518961 4.382588
9.709710 1.469481 3.313563 -2.520356 4.414891
9.809810 1.479496 3.351038 -2.521690 4.447166
9.909910 1.489469 3.388400 -2.522966 4.479411
10.010010 1.499394 3.425640 -2.524177 4.511614
10.110110 1.509273 3.462759 -2.525326 4.543773
10.210210 1.519112 3.499771 -2.526421 4.575904
10.310310 1.528910 3.536677 -2.527467 4.608008
10.410410 1.538673 3.573486 -2.528467 4.640093
10.510511 1.548401 3.610200 -2.529426 4.672161
10.610611 1.558096 3.646822 -2.530346 4.704214
10.710711 1.567756 3.683350 -2.531224 4.736246
10.810811 1.577381 3.719782 -2.532061 4.768254
10.910911 1.586971 3.756117 -2.532856 4.800235
11.011011 1.596523 3.792348 -2.533605 4.832178
11.111111 1.606040 3.828480 -2.534312 4.864089
11.211211 1.615520 3.864512 -2.534977 4.895964
11.311311 1.624963 3.900442 -2.535597 4.927799
11.411411 1.634369 3.936270 -2.536175 4.959593
11.511512 1.643740 3.971999 -2.536711 4.991348
11.611612 1.653079 4.007638 -2.537214 5.023075
11.711712 1.662386 4.043188 -2.537682 5.054773
11.811812 1.671660 4.078642 -2.538113 5.086431
11.911912 1.680897 4.113991 -2.538501 5.118040
12.012012 1.690097 4.149240 -2.538850 5.149600
12.112112 1.699263 4.184390 -2.539159 5.181114
12.212212 1.708393 4.219440 -2.539430 5.212580
12.312312 1.717492 4.254398 -2.539667 5.244005
12.412412 1.726557 4.289260 -2.539868 5.275384
12.512513 1.735586 4.324021 -2.540031 5.306710
12.612613 1.744577 4.358672 -2.540151 5.337971
12.712713 1.753527 4.393210 -2.540226 5.369162
12.812813 1.762436 4.427631 -2.540254 5.400276
12.912913 1.771301 4.461931 -2.540233 5.431310
13.013013 1.780128 4.496120 -2.540170 5.462272
13.113113 1.788918 4.530203 -2.540068 5.493169
13.213213 1.797667 4.564173 -2.539922 5.523992
13.313313 1.806376 4.598027 -2.539732 5.554735
13.413413 1.815045 4.631766 -2.539498 5.585401
13.513514 1.823676 4.665397 -2.539225 5.615994
13.613614 1.832268 4.698913 -2.538910 5.646509
13.713714 1.840819 4.732314 -2.538552 5.676941
13.813814 1.849328 4.765595 -2.538150 5.707286
13.913914 1.857798 4.798762 -2.537706 5.737550
14.014014 1.866235 4.831833 -2.537230 5.767754
14.114114 1.874643 4.864816 -2.536728 5.797905
14.214214 1.883023 4.897715 -2.536201 5.828011
14.314314 1.891379 4.930539 -2.535654 5.858077
14.414414 1.899709 4.963284 -2.535085 5.888101
14.514515 1.908013 4.995948 -2.534494 5.918080
14.614615 1.916291 5.028531 -2.533880 5.948011
14.714715 1.924541 5.061030 -2.533242 5.977893
14.814815 1.932762 5.093443 -2.532580 6.007720
14.914915 1.940955 5.125768 -2.531892 6.037490
15.015015 1.949121 5.158011 -2.531182 6.067209
15.115115 1.957259 5.190167 -2.530447 6.096873
15.215215 1.965370 5.222241 -2.529691 6.126484
15.315315 1.973453 5.254231 -2.528911 6.156042
15.415415 1.981508 5.286131 -2.528107 6.185538
15.515516 1.989536 5.317949 -2.527280 6.214980
15.615616 1.997535 5.349678 -2.526429 6.244361
15.715716 2.005506 5.381322 -2.525555 6.273684
15.815816 2.013450 5.412881 -2.524659 6.302949
15.915916 2.021366 5.444354 -2.523740 6.332154
16.016016 2.029256 5.475744 -2.522800 6.361303
16.116116 2.037121 5.507057 -2.521841 6.390400
16.216216 2.044960 5.538289 -2.520862 6.419443
16.316316 2.052774 5.569442 -2.519865 6.448433
16.416416 2.060567 5.600524 -2.518852 6.477377
16.516517 2.068337 5.631536 -2.517824 6.506278
16.616617 2.076086 5.662478 -2.516782 6.535135
16.716717 2.083815 5.693354 -2.515726 6.563950
16.816817 2.091521 5.724159 -2.514657 6.592720
16.916917 2.099206 5.754891 -2.513571 6.621441
17.017017 2.106867 5.785549 -2.512470 6.650110
17.117117 2.114503 5.816128 -2.511350 6.678724
17.217217 2.122115 5.846631 -2.510214 6.707283
17.317317 2.129705 5.877059 -2.509062 6.735789
17.417417 2.137269 5.907408 -2.507892 6.764238
17.517518 2.144809 5.937679 -2.506705 6.792629
17.617618 2.152327 5.967877 -2.505503 6.820969
17.717718 2.159823 5.998006 -2.504287 6.849260
17.817818 2.167297 6.028060 -2.503057 6.877498
17.917918 2.174745 6.058032 -2.501808 6.905672
18.018018 2.182163 6.087913 -2.500536 6.933772
18.118118 2.189553 6.117702 -2.499243 6.961799
18.218218 2.196918 6.147411 -2.497932 6.989763
18.318318 2.204261 6.177050 -2.496608 7.017675
18.418418 2.211584 6.206619 -2.495272 7.045537
18.518519 2.218883 6.236113 -2.493920 7.073343
18.618619 2.226157 6.265526 -2.492551 7.101085
18.718719 2.233405 6.294856 -2.491164 7.128759
18.818819 2.240626 6.324099 -2.489758 7.156363
18.918919 2.247820 6.353255 -2.488332 7.183895
19.019019 2.254986 6.382323 -2.486887 7.211353
19.119119 2.262125 6.411303 -2.485422 7.238738
19.219219 2.269238 6.440200 -2.483940 7.266056
19.319319 2.276326 6.469015 -2.482441 7.293307
19.419419 2.283387 6.497745 -2.480924 7.320487
19.519520 2.290423 6.526391 -2.479389 7.347597
19.619620 2.297432 6.554953 -2.477837 7.374638
19.719720 2.304418 6.583438 -2.476271 7.401616
19.819820 2.311383 6.611851 -2.474691 7.428537
19.919920 2.318326 6.640195 -2.473100 7.455405
20.020020 2.325249 6.668469 -2.471497 7.482216
20.120120 2.332151 6.696675 -2.469883 7.508975
20.220220 2.339035 6.724818 -2.468261 7.535687
20.320320 2.345900 6.752897 -2.466628 7.562349
20.420420 2.352745 6.780909 -2.464985 7.588958
20.520521 2.359570 6.808853 -2.463332 7.615514
20.620621 2.366377 6.836736 -2.461670 7.642023
20.720721 2.373168 6.864560 -2.460001 7.668488
20.820821 2.379941 6.892325 -2.458325 7.694909
20.920921 2.386697 6.920032 -2.456641 7.721286
21.021021 2.393437 6.947681 -2.454951 7.747619
21.121121 2.400160 6.975271 -2.453253 7.773907
21.221221 2.406868 7.002809 -2.451551 7.800157
21.321321 2.413565 7.030306 -2.449847 7.826382
21.421421 2.420252 7.057762 -2.448143 7.852581
21.521522 2.426925 7.085171 -2.446436 7.878748
21.621622 2.433587 7.112535 -2.444727 7.904884
21.721722 2.440236 7.139853 -2.443015 7.930988
21.821822 2.446872 7.167124 -2.441301 7.957059
21.921922 2.453496 7.194349 -2.439584 7.983099
22.022022 2.460106 7.221527 -2.437864 8.009105
22.122122 2.466704 7.248657 -2.436141 8.035075
22.222222 2.473289 7.275741 -2.434416 8.061014
22.322322 2.479865 7.302788 -2.432691 8.086930
22.422422 2.486431 7.329799 -2.430967 8.112823
22.522523 2.492987 7.356768 -2.429242 8.138687
22.622623 2.499527 7.383683 -2.427512 8.164510
22.722723 2.506051 7.410541 -2.425777 8.190287
22.822823 2.512559 7.437341 -2.424034 8.216017
22.922923 2.519050 7.464083 -2.422286 8.241700
23.023023 2.525525 7.490770 -2.420533 8.267339
23.123123 2.531982 7.517392 -2.418771 8.292923
23.223223 2.538418 7.543941 -2.416998 8.318443
23.323323 2.544830 7.570412 -2.415213 8.343893
23.423423 2.551217 7.596800 -2.413413 8.369268
23.523524 2.557579 7.623104 -2.411600 8.394566
23.623624 2.563919 7.649333 -2.409775 8.419798
23.723724 2.570238 7.675492 -2.407940 8.444967
23.823824 2.576538 7.701584 -2.406097 8.470080
23.923924 2.582821 7.727618 -2.404247 8.495142
24.024024 2.589090 7.753600 -2.402394 8.520164
24.124124 2.595345 7.779532 -2.400537 8.545146
24.224224 2.601584 7.805407 -2.398675 8.570079
24.324324 2.607806 7.831221 -2.396806 8.594961
24.424424 2.614011 7.856976 -2.394931 8.619792
24.524525 2.620202 7.882680 -2.393052 8.644582
24.624625 2.626380 7.908336 -2.391171 8.669334
24.724725 2.632544 7.933942 -2.389287 8.694045
24.824825 2.638696 7.959501 -2.387400 8.718718
24.924925 2.644837 7.985018 -2.385513 8.743360
25.025025 2.650966 8.010493 -2.383624 8.767969
25.125125 2.657083 8.035922 -2.381734 8.792541
25.225225 2.663186 8.061301 -2.379841 8.817073
25.325325 2.669276 8.086629 -2.377944 8.841562
25.425425 2.675353 8.111914 -2.376046 8.866017
25.525526 2.681421 8.137158 -2.374148 8.890441
25.625626 2.687478 8.162364 -2.372250 8.914836
25.725726 2.693525 8.187528 -2.370351 8.939197
25.825826 2.699559 8.212646 -2.368451 8.963522
25.925926 2.705583 8.237724 -2.366550 8.987816
26.026026 2.711595 8.262758 -2.364648 9.012074
26.126126 2.717592 8.287739 -2.362742 9.036287
26.226226 2.723574 8.312666 -2.360833 9.060453
26.326326 2.729544 8.337545 -2.358920 9.084579
26.426426 2.735502 8.362381 -2.357007 9.108669
26.526527 2.741448 8.387172 -2.355093 9.132725
26.626627 2.747382 8.411919 -2.353176 9.156742
26.726727 2.753303 8.436616 -2.351258 9.180718
26.826827 2.759210 8.461262 -2.349336 9.204650
26.926927 2.765104 8.485860 -2.347411 9.228540
27.027027 2.770985 8.510410 -2.345485 9.252391
27.127127 2.776852 8.534908 -2.343555 9.276196
27.227227 2.782703 8.559353 -2.341622 9.299955
27.327327 2.788541 8.583744 -2.339684 9.323666
27.427427 2.794363 8.608082 -2.337743 9.347331
27.527528 2.800172 8.632369 -2.335799 9.370951
27.627628 2.805966 8.656605 -2.333852 9.394526
27.727728 2.811747 8.680789 -2.331902 9.418057
27.827828 2.817515 8.704927 -2.329949 9.441547
27.927928 2.823270 8.729016 -2.327995 9.464995
28.028028 2.829008 8.753047 -2.326036 9.488391
28.128128 2.834730 8.777017 -2.324071 9.511731
28.228228 2.840435 8.800929 -2.322101 9.535018
28.328328 2.846126 8.824788 -2.320128 9.558259
28.428428 2.851803 8.848596 -2.318152 9.581454
28.528529 2.857465 8.872350 -2.316172 9.604601
28.628629 2.863112 8.896047 -2.314188 9.627696
28.728729 2.868744 8.919693 -2.312201 9.650746
28.828829 2.874366 8.943298 -2.310213 9.673760
28.928929 2.879977 8.966864 -2.308226 9.696743
29.029029 2.885580 8.990395 -2.306241 9.719697
29.129129 2.891174 9.013890 -2.304256 9.742623
29.229229 2.896760 9.037352 -2.302273 9.765521
29.329329 2.902338 9.060783 -2.300292 9.788396
29.429429 2.907910 9.084186 -2.298315 9.811250
29.529530 2.913476 9.107563 -2.296341 9.834085
29.629630 2.919038 9.130918 -2.294372 9.856905
29.729730 2.924595 9.154251 -2.292407 9.879711
29.829830 2.930148 9.177564 -2.290447 9.902504
29.929930 2.935695 9.200854 -2.288492 9.925281
30.030030 2.941239 9.224123 -2.286541 9.948045
30.130130 2.946781 9.247377 -2.284597 9.970801
30.230230 2.952321 9.270621 -2.282660 9.993555
30.330330 2.957861 9.293856 -2.280730 10.016309
30.430430 2.963402 9.317086 -2.278810 10.039065
30.530531 2.968943 9.340309 -2.276897 10.061821
30.630631 2.974483 9.363519 -2.274991 10.084573
30.730731 2.980021 9.386719 -2.273093 10.107323
30.830831 2.985561 9.409915 -2.271203 10.130076
30.930931 2.991103 9.433113 -2.269323 10.152839
31.031031 2.996651 9.456318 -2.267455 10.175619
31.131131 3.002206 9.479542 -2.265601 10.198427
31.231231 3.007771 9.502788 -2.263762 10.221266
31.331331 3.013345 9.526054 -2.261938 10.244136
31.431431 3.018927 9.549339 -2.260127 10.267033
31.531532 3.024516 9.572640 -2.258330 10.289956
31.631632 3.030112 9.595955 -2.256545 10.312901
31.731732 3.035715 9.619286 -2.254774 10.335871
31.831832 3.041327 9.642636 -2.253017 10.358870
31.931932 3.046948 9.666008 -2.251274 10.381900
32.032032 3.052579 9.689405 -2.249547 10.404964
32.132132 3.058220 9.712824 -2.247834 10.428059
32.232232 3.063869 9.736265 -2.246135 10.451185
32.332332 3.069527 9.759727 -2.244451 10.474342
32.432432 3.075195 9.783210 -2.242781 10.497527
32.532533 3.080869 9.806709 -2.241124 10.520738
32.632633 3.086551 9.830223 -2.239479 10.543972
32.732733 3.092238 9.853749 -2.237847 10.567226
32.832833 3.097931 9.877287 -2.236226 10.590499
32.932933 3.103630 9.900835 -2.234616 10.613791
33.033033 3.109335 9.924394 -2.233019 10.637101
33.133133 3.115045 9.947962 -2.231432 10.660429
33.233233 3.120758 9.971535 -2.229856 10.683768
33.333333 3.126473 9.995107 -2.228288 10.707113
33.433433 3.132190 10.018676 -2.226729 10.730462
33.533534 3.137906 10.042240 -2.225178 10.753811
33.633634 3.143624 10.065798 -2.223634 10.777162
33.733734 3.149341 10.089348 -2.222098 10.800510
33.833834 3.155056 10.112883 -2.220567 10.823849
33.933934 3.160767 10.136401 -2.219041 10.847176
34.034034 3.166476 10.159905 -2.217521 10.870494
34.134134 3.172185 10.183400 -2.216008 10.893809
34.234234 3.177893 10.206886 -2.214502 10.917122
34.334334 3.183601 10.230367 -2.213004 10.940435
34.434434 3.189309 10.253840 -2.211512 10.963746
34.534535 3.195016 10.277301 -2.210027 10.987049
34.634635 3.200719 10.300745 -2.208547 11.010342
34.734735 3.206420 10.324176 -2.207073 11.033626
34.834835 3.212119 10.347592 -2.205604 11.056901
34.934935 3.217815 10.370992 -2.204140 11.080164
35.035035 3.223508 10.394376 -2.202682 11.103417
35.135135 3.229198 10.417741 -2.201228 11.126655
35.235235 3.234882 10.441083 -2.199778 11.149874
35.335335 3.240560 10.464397 -2.198330 11.173070
35.435435 3.246231 10.487686 -2.196886 11.196244
35.535536 3.251899 10.510952 -2.195446 11.219400
35.635636 3.257563 10.534203 -2.194010 11.242545
35.735736 3.263225 10.557440 -2.192581 11.265682
35.835836 3.268884 10.580662 -2.191156 11.288807
35.935936 3.274541 10.603867 -2.189737 11.311921
36.036036 3.280195 10.627059 -2.188323 11.335026
36.136136 3.285848 10.650239 -2.186915 11.358125
36.236236 3.291500 10.673411 -2.185514 11.381219
36.336336 3.297151 10.696573 -2.184118 11.404308
36.436436 3.302800 10.719723 -2.182729 11.427391
36.536537 3.308449 10.742863 -2.181346 11.450468
36.636637 3.314096 10.765994 -2.179970 11.473541
36.736737 3.319744 10.789118 -2.178600 11.496611
36.836837 3.325391 10.812235 -2.177237 11.519680
36.936937 3.331037 10.835342 -2.175880 11.542742
37.037037 3.336681 10.858436 -2.174529 11.565797
37.137137 3.342323 10.881517 -2.173183 11.588842
37.237237 3.347963 10.904583 -2.171842 11.611877
37.337337 3.353599 10.927634 -2.170506 11.634901
37.437437 3.359233 10.950670 -2.169175 11.657913
37.537538 3.364863 10.973685 -2.167849 11.680909
37.637638 3.370489 10.996680 -2.166526 11.703888
37.737738 3.376110 11.019655 -2.165207 11.726851
37.837838 3.381727 11.042610 -2.163893 11.749797
37.937938 3.387339 11.065543 -2.162582 11.772725
38.038038 3.392947 11.088453 -2.161274 11.795634
38.138138 3.398548 11.111338 -2.159969 11.818521
38.238238 3.404143 11.134197 -2.158668 11.841384
38.338338 3.409732 11.157029 -2.157368 11.864223
38.438438 3.415314 11.179831 -2.156071 11.887037
38.538539 3.420888 11.202603 -2.154776 11.909821
38.638639 3.426455 11.225342 -2.153482 11.932577
38.738739 3.432013 11.248048 -2.152190 11.955301
38.838839 3.437563 11.270721 -2.150899 11.977995
38.938939 3.443107 11.293367 -2.149611 12.000664
39.039039 3.448645 11.315989 -2.148326 12.023313
39.139139 3.454178 11.338589 -2.147044 12.045944
39.239239 3.459707 11.361169 -2.145766 12.068556
39.339339 3.465232 11.383728 -2.144492 12.091151
39.439439 3.470752 11.406267 -2.143222 12.113730
39.539540 3.476269 11.428789 -2.141956 12.136294
39.639640 3.481783 11.451295 -2.140694 12.158846
39.739740 3.487293 11.473783 -2.139437 12.181384
39.839840 3.492799 11.496251 -2.138184 12.203904
39.939940 3.498302 11.518701 -2.136935 12.226409
40.040040 3.503802 11.541139 -2.135691 12.248906
40.140140 3.509301 11.563564 -2.134452 12.271393
40.240240 3.514796 11.585975 -2.133217 12.293869
40.340340 3.520289 11.608369 -2.131988 12.316332
40.440440 3.525779 11.630747 -2.130762 12.338782
40.540541 3.531264 11.653105 -2.129541 12.361215
40.640641 3.536745 11.675444 -2.128323 12.383631
40.740741 3.542222 11.697760 -2.127109 12.406027
40.840841 3.547692 11.720051 -2.125897 12.428401
40.940941 3.553155 11.742311 -2.124687 12.450746
41.041041 3.558610 11.764540 -2.123478 12.473061
41.141141 3.564057 11.786738 -2.122272 12.495349
41.241241 3.569499 11.808909 -2.121068 12.517611
41.341341 3.574933 11.831053 -2.119866 12.539848
41.441441 3.580361 11.853169 -2.118666 12.562060
41.541542 3.585782 11.875256 -2.117468 12.584244
41.641642 3.591196 11.897313 -2.116272 12.606402
41.741742 3.596603 11.919341 -2.115078 12.628531
41.841842 3.602001 11.941335 -2.113885 12.650629
41.941942 3.607390 11.963295 -2.112694 12.672693
42.042042 3.612772 11.985221 -2.111503 12.694727
42.142142 3.618144 12.007112 -2.110313 12.716727
42.242242 3.623507 12.028967 -2.109124 12.738691
42.342342 3.628860 12.050783 -2.107935 12.760618
42.442442 3.634203 12.072559 -2.106747 12.782507
42.542543 3.639535 12.094295 -2.105558 12.804357
42.642643 3.644858 12.115991 -2.104369 12.826169
42.742743 3.650171 12.137651 -2.103181 12.847945
42.842843 3.655475 12.159277 -2.101994 12.869689
42.942943 3.660771 12.180870 -2.100808 12.891402
43.043043 3.666059 12.202431 -2.099624 12.913084
43.143143 3.671339 12.223959 -2.098441 12.934734
43.243243 3.676611 12.245453 -2.097259 12.956353
43.343343 3.681874 12.266912 -2.096078 12.977938
43.443443 3.687128 12.288337 -2.094897 12.999490
43.543544 3.692375 12.309734 -2.093719 13.021015
43.643644 3.697616 12.331105 -2.092543 13.042517
43.743744 3.702852 12.352453 -2.091370 13.063997
43.843844 3.708082 12.373775 -2.090200 13.085454
43.943944 3.713305 12.395070 -2.089031 13.106886
44.044044 3.718522 12.416338 -2.087865 13.128291
44.144144 3.723733 12.437580 -2.086701 13.149673
44.244244 3.728938 12.458799 -2.085540 13.171034
44.344344 3.734138 12.479994 -2.084382 13.192372
44.444444 3.739332 12.501164 -2.083226 13.213688
44.544545 3.744520 12.522309 -2.082073 13.234980
44.644645 3.749702 12.543428 -2.080922 13.256247
44.744745 3.754880 12.564526 -2.079774 13.277496
44.844845 3.760053 12.585604 -2.078629 13.298727
44.944945 3.765221 12.606662 -2.077488 13.319939
45.045045 3.770386 12.627700 -2.076350 13.341134
45.145145 3.775546 12.648719 -2.075215 13.362311
45.245245 3.780701 12.669718 -2.074083 13.383470
45.345345 3.785852 12.690693 -2.072954 13.404607
45.445445 3.790996 12.711642 -2.071828 13.425720
45.545546 3.796133 12.732564 -2.070703 13.446807
45.645646 3.801264 12.753460 -2.069581 13.467870
45.745746 3.806390 12.774330 -2.068461 13.488908
45.845846 3.811509 12.795177 -2.067343 13.509924
45.945946 3.816624 12.816001 -2.066229 13.530920
46.046046 3.821733 12.836802 -2.065117 13.551894
46.146146 3.826836 12.857577 -2.064007 13.572844
46.246246 3.831934 12.878327 -2.062900 13.593770
46.346346 3.837025 12.899051 -2.061794 13.614671
46.446446 3.842109 12.919747 -2.060691 13.635546
46.546547 3.847187 12.940417 -2.059590 13.656396
46.646647 3.852259 12.961060 -2.058490 13.677221
46.746747 3.857323 12.981674 -2.057393 13.698017
46.846847 3.862380 13.002258 -2.056297 13.718784
46.946947 3.867430 13.022812 -2.055202 13.739523
47.047047 3.872473 13.043339 -2.054110 13.760236
47.147147 3.877508 13.063836 -2.053018 13.780920
47.247247 3.882536 13.084301 -2.051929 13.801574
47.347347 3.887556 13.104735 -2.050840 13.822196
47.447447 3.892568 13.125135 -2.049752 13.842786
47.547548 3.897570 13.145500 -2.048665 13.863343
47.647648 3.902564 13.165831 -2.047579 13.883864
47.747748 3.907548 13.186122 -2.046493 13.904347
47.847848 3.912520 13.206369 -2.045406 13.924787
47.947948 3.917480 13.226571 -2.044318 13.945181
48.048048 3.922428 13.246726 -2.043229 13.965528
48.148148 3.927364 13.266834 -2.042139 13.985829
48.248248 3.932288 13.286900 -2.041048 14.006087
48.348348 3.937202 13.306927 -2.039957 14.026308
48.448448 3.942108 13.326921 -2.038868 14.046495
48.548549 3.947006 13.346882 -2.037779 14.066651
48.648649 3.951897 13.366815 -2.036692 14.086779
48.748749 3.956780 13.386718 -2.035607 14.106879
48.848849 3.961657 13.406593 -2.034523 14.126951
48.948949 3.966527 13.426442 -2.033441 14.146998
49.049049 3.971392 13.446266 -2.032361 14.167022
49.149149 3.976250 13.466066 -2.031284 14.187023
49.249249 3.981103 13.485841 -2.030209 14.206999
49.349349 3.985950 13.505589 -2.029135 14.226951
49.449449 3.990789 13.525309 -2.028063 14.246875
49.549550 3.995622 13.545000 -2.026993 14.266770
49.649650 4.000446 13.564659 -2.025924 14.286634
49.749750 4.005262 13.584287 -2.024856 14.306468
49.849850 4.010072 13.603886 -2.023789 14.326274
49.949950 4.014875 13.623458 -2.022725 14.346053
50.050050 4.019670 13.642998 -2.021661 14.365801
50.150150 4.024456 13.662503 -2.020598 14.385515
50.250250 4.029233 13.681973 -2.019535 14.405194
50.350350 4.034001 13.701407 -2.018473 14.424838
50.450450 4.038760 13.720807 -2.017412 14.444448
50.550551 4.043511 13.740175 -2.016352 14.464027
50.650651 4.048255 13.759512 -2.015292 14.483575
50.750751 4.052990 13.778817 -2.014234 14.503091
50.850851 4.057718 13.798091 -2.013177 14.522578
50.950951 4.062438 13.817334 -2.012121 14.542034
51.051051 4.067151 13.836548 -2.011067 14.561461
51.151151 4.071856 13.855730 -2.010013 14.580858
51.251251 4.076552 13.874879 -2.008961 14.600221
51.351351 4.081239 13.893991 -2.007908 14.619548
51.451451 4.085917 13.913069 -2.006857 14.638842
51.551552 4.090589 13.932118 -2.005807 14.658106
51.651652 4.095253 13.951138 -2.004758 14.677344
51.751752 4.099910 13.970130 -2.003710 14.696553
51.851852 4.104560 13.989094 -2.002664 14.715734
51.951952 4.109204 14.008032 -2.001620 14.734891
52.052052 4.113843 14.026947 -2.000579 14.754026
52.152152 4.118477 14.045843 -1.999540 14.773142
52.252252 4.123108 14.064722 -1.998504 14.792243
52.352352 4.127735 14.083584 -1.997471 14.811328
52.452452 4.132358 14.102430 -1.996441 14.830397
52.552553 4.136979 14.121261 -1.995415 14.849454
52.652653 4.141597 14.140080 -1.994392 14.868500
52.752753 4.146214 14.158886 -1.993373 14.887534
52.852853 4.150827 14.177681 -1.992358 14.906558
52.952953 4.155439 14.196463 -1.991347 14.925571
53.053053 4.160048 14.215233 -1.990339 14.944574
53.153153 4.164656 14.233993 -1.989335 14.963568
53.253253 4.169262 14.252744 -1.988335 14.982555
53.353353 4.173867 14.271486 -1.987339 15.001533
53.453453 4.178471 14.290218 -1.986348 15.020504
53.553554 4.183073 14.308940 -1.985360 15.039465
53.653654 4.187671 14.327647 -1.984375 15.058413
53.753754 4.192267 14.346339 -1.983394 15.077347
53.853854 4.196860 14.365019 -1.982416 15.096270
53.953954 4.201452 14.383689 -1.981442 15.115186
54.054054 4.206043 14.402352 -1.980473 15.134095
54.154154 4.210632 14.421004 -1.979507 15.152994
54.254254 4.215220 14.439646 -1.978545 15.171885
54.354354 4.219806 14.458280 -1.977587 15.190769
54.454454 4.224391 14.476906 -1.976634 15.209647
54.554555 4.228975 14.495524 -1.975684 15.228518
54.654655 4.233559 14.514135 -1.974739 15.247384
54.754755 4.238141 14.532739 -1.973798 15.266245
54.854855 4.242724 14.551339 -1.972861 15.285102
54.954955 4.247307 14.569934 -1.971929 15.303957
55.055055 4.251889 14.588525 -1.971002 15.322809
55.155155 4.256472 14.607112 -1.970079 15.341659
55.255255 4.261055 14.625696 -1.969161 15.360507
55.355355 4.265638 14.644277 -1.968247 15.379354
55.455455 4.270222 14.662855 -1.967339 15.398199
55.555556 4.274805 14.681426 -1.966434 15.417039
55.655656 4.279387 14.699989 -1.965533 15.435872
55.755756 4.283967 14.718540 -1.964636 15.454695
55.855856 4.288543 14.737078 -1.963742 15.473505
55.955956 4.293118 14.755602 -1.962852 15.492302
56.056056 4.297690 14.774114 -1.961964 15.511089
56.156156 4.302259 14.792611 -1.961080 15.529862
56.256256 4.306824 14.811092 -1.960199 15.548619
56.356356 4.311385 14.829554 -1.959320 15.567358
56.456456 4.315941 14.847996 -1.958443 15.586079
56.556557 4.320493 14.866418 -1.957569 15.604779
56.656657 4.325040 14.884820 -1.956697 15.623460
56.756757 4.329584 14.903205 -1.955828 15.642125
56.856857 4.334124 14.921575 -1.954961 15.660776
56.956957 4.338661 14.939928 -1.954098 15.679411
57.057057 4.343194 14.958267 -1.953237 15.698032
57.157157 4.347725 14.976592 -1.952380 15.716641
57.257257 4.352254 14.994905 -1.951526 15.735239
57.357357 4.356780 15.013207 -1.950675 15.753827
57.457457 4.361304 15.031497 -1.949828 15.772404
57.557558 4.365826 15.049776 -1.948984 15.790970
57.657658 4.370346 15.068042 -1.948143 15.809525
57.757758 4.374863 15.086297 -1.947305 15.828069
57.857858 4.379379 15.104541 -1.946471 15.846604
57.957958 4.383893 15.122775 -1.945641 15.865131
58.058058 4.388405 15.140999 -1.944814 15.883647
58.158158 4.392915 15.159213 -1.943990 15.902156
58.258258 4.397425 15.177421 -1.943171 15.920658
58.358358 4.401934 15.195622 -1.942355 15.939156
58.458458 4.406442 15.213818 -1.941543 15.957649
58.558559 4.410951 15.232008 -1.940736 15.976139
58.658659 4.415458 15.250193 -1.939932 15.994624
58.758759 4.419966 15.268373 -1.939133 16.013105
58.858859 4.424472 15.286545 -1.938337 16.031580
58.958959 4.428977 15.304711 -1.937545 16.050049
59.059059 4.433481 15.322866 -1.936757 16.068509
59.159159 4.437983 15.341011 -1.935972 16.086961
59.259259 4.442483 15.359147 -1.935190 16.105404
59.359359 4.446982 15.377275 -1.934412 16.123839
59.459459 4.451481 15.395395 -1.933638 16.142268
59.559560 4.455978 15.413508 -1.932867 16.160691
59.659660 4.460473 15.431612 -1.932100 16.179106
59.759760 4.464967 15.449705 -1.931336 16.197511
59.859860 4.469458 15.467785 -1.930575 16.215904
59.959960 4.473945 15.485849 -1.929817 16.234282
60.060060 4.478429 15.503897 -1.929061 16.252644
60.160160 4.482910 15.521931 -1.928308 16.270992
60.260260 4.487388 15.539952 -1.927558 16.289329
60.360360 4.491864 15.557962 -1.926812 16.307655
60.460460 4.496338 15.575958 -1.926068 16.325969
60.560561 4.500808 15.593941 -1.925327 16.344270
60.660661 4.505276 15.611911 -1.924588 16.362558
60.760761 4.509741 15.629867 -1.923853 16.380834
60.860861 4.514204 15.647810 -1.923120 16.399097
60.960961 4.518663 15.665738 -1.922391 16.417346
61.061061 4.523118 15.683649 -1.921663 16.435578
61.161161 4.527570 15.701542 -1.920938 16.453793
61.261261 4.532017 15.719420 -1.920215 16.471994
61.361361 4.536461 15.737279 -1.919495 16.490176
61.461461 4.540900 15.755117 -1.918776 16.508337
61.561562 4.545333 15.772933 -1.918059 16.526476
61.661662 4.549761 15.790726 -1.917344 16.544593
61.761762 4.554184 15.808499 -1.916631 16.562690
61.861862 4.558603 15.826254 -1.915919 16.580770
61.961962 4.563018 15.843992 -1.915211 16.598832
62.062062 4.567430 15.861715 -1.914504 16.616881
62.162162 4.571838 15.879424 -1.913801 16.634916
62.262262 4.576244 15.897117 -1.913099 16.652936
62.362362 4.580645 15.914793 -1.912401 16.670939
62.462462 4.585043 15.932452 -1.911704 16.688926
62.562563 4.589437 15.950095 -1.911010 16.706897
62.662663 4.593828 15.967722 -1.910318 16.724853
62.762763 4.598215 15.985335 -1.909629 16.742796
62.862863 4.602600 16.002935 -1.908942 16.760726
62.962963 4.606982 16.020523 -1.908259 16.778644
63.063063 4.611362 16.038097 -1.907578 16.796550
63.163163 4.615739 16.055660 -1.906900 16.814444
63.263263 4.620114 16.073211 -1.906225 16.832328
63.363363 4.624488 16.090753 -1.905553 16.850203
63.463463 4.628859 16.108283 -1.904883 16.868067
63.563564 4.633227 16.125801 -1.904217 16.885920
63.663664 4.637593 16.143307 -1.903553 16.903762
63.763764 4.641958 16.160804 -1.902893 16.921594
63.863864 4.646320 16.178289 -1.902235 16.939417
63.963964 4.650681 16.195765 -1.901580 16.957230
64.064064 4.655040 16.213232 -1.900929 16.975035
64.164164 4.659397 16.230691 -1.900281 16.992833
64.264264 4.663753 16.248139 -1.899635 17.010621
64.364364 4.668106 16.265576 -1.898993 17.028398
64.464464 4.672457 16.282999 -1.898353 17.046163
64.564565 4.676804 16.300410 -1.897715 17.063914
64.664665 4.681149 16.317804 -1.897080 17.081651
64.764765 4.685489 16.335183 -1.896448 17.099372
64.864865 4.689827 16.352549 -1.895817 17.117081
64.964965 4.694163 16.369904 -1.895190 17.134779
65.065065 4.698496 16.387246 -1.894565 17.152466
65.165165 4.702827 16.404577 -1.893943 17.170142
65.265265 4.707155 16.421894 -1.893323 17.187803
65.365365 4.711478 16.439192 -1.892706 17.205447
65.465465 4.715798 16.456471 -1.892090 17.223071
65.565566 4.720112 16.473731 -1.891476 17.240677
65.665666 4.724422 16.490973 -1.890864 17.258265
65.765766 4.728728 16.508196 -1.890254 17.275835
65.865866 4.733030 16.525401 -1.889645 17.293386
65.965966 4.737327 16.542586 -1.889039 17.310918
66.066066 4.741619 16.559752 -1.888434 17.328431
66.166166 4.745908 16.576901 -1.887831 17.345927
66.266266 4.750192 16.594031 -1.887230 17.363405
66.366366 4.754472 16.611144 -1.886632 17.380866
66.466466 4.758749 16.628240 -1.886035 17.398310
66.566567 4.763021 16.645320 -1.885440 17.415738
66.666667 4.767291 16.662385 -1.884847 17.433152
66.766767 4.771557 16.679436 -1.884257 17.450552
66.866867 4.775820 16.696473 -1.883670 17.467939
66.966967 4.780081 16.713498 -1.883084 17.485314
67.067067 4.784339 16.730511 -1.882502 17.502677
67.167167 4.788595 16.747511 -1.881921 17.520029
67.267267 4.792848 16.764498 -1.881343 17.537367
67.367367 4.797098 16.781473 -1.880768 17.554694
67.467467 4.801345 16.798436 -1.880195 17.572009
67.567568 4.805591 16.815387 -1.879625 17.589313
67.667668 4.809834 16.832327 -1.879057 17.606607
67.767768 4.814075 16.849259 -1.878493 17.623892
67.867868 4.818316 16.866183 -1.877931 17.641172
67.967968 4.822556 16.883102 -1.877372 17.658446
68.068068 4.826795 16.900015 -1.876817 17.675715
68.168168 4.831033 16.916922 -1.876265 17.692979
68.268268 4.835270 16.933823 -1.875716 17.710238
68.368368 4.839508 16.950721 -1.875170 17.727494
68.468468 4.843745 16.967616 -1.874628 17.744748
68.568569 4.847982 16.984505 -1.874088 17.761997
68.668669 4.852219 17.001391 -1.873553 17.779245
68.768769 4.856457 17.018277 -1.873021 17.796492
68.868869 4.860696 17.035164 -1.872493 17.813742
68.968969 4.864937 17.052054 -1.871969 17.830996
69.069069 4.869179 17.068946 -1.871449 17.848253
69.169169 4.873422 17.085838 -1.870932 17.865511
69.269269 4.877667 17.102733 -1.870420 17.882773
69.369369 4.881914 17.119632 -1.869912 17.900041
69.469469 4.886162 17.136535 -1.869408 17.917313
69.569570 4.890413 17.153441 -1.868908 17.934589
69.669670 4.894666 17.170349 -1.868412 17.951869
69.769770 4.898920 17.187261 -1.867920 17.969154
69.869870 4.903175 17.204175 -1.867432 17.986441
69.969970 4.907432 17.221090 -1.866947 18.003731
70.070070 4.911691 17.238010 -1.866467 18.021026
70.170170 4.915952 17.254933 -1.865991 18.038326
70.270270 4.920214 17.271858 -1.865519 18.055629
70.370370 4.924478 17.288786 -1.865050 18.072936
70.470470 4.928744 17.305716 -1.864586 18.090246
70.570571 4.933010 17.322644 -1.864124 18.107554
70.670671 4.937276 17.339569 -1.863667 18.124861
70.770771 4.941542 17.356492 -1.863212 18.142167
70.870871 4.945808 17.373413 -1.862761 18.159471
70.970971 4.950075 17.390334 -1.862313 18.176775
71.071071 4.954343 17.407252 -1.861869 18.194078
71.171171 4.958610 17.424166 -1.861428 18.211378
71.271271 4.962877 17.441078 -1.860990 18.228677
71.371371 4.967145 17.457989 -1.860555 18.245974
71.471471 4.971413 17.474897 -1.860124 18.263270
71.571572 4.975681 17.491803 -1.859696 18.280565
71.671672 4.979950 17.508708 -1.859272 18.297859
71.771772 4.984219 17.525610 -1.858850 18.315151
71.871872 4.988488 17.542510 -1.858432 18.332442
71.971972 4.992757 17.559407 -1.858017 18.349731
72.072072 4.997026 17.576301 -1.857606 18.367017
72.172172 5.001294 17.593190 -1.857197 18.384299
72.272272 5.005562 17.610073 -1.856791 18.401575
72.372372 5.009828 17.626947 -1.856388 18.418844
72.472472 5.014092 17.643811 -1.855987 18.436102
72.572573 5.018354 17.660665 -1.855588 18.453351
72.672673 5.022614 17.677510 -1.855192 18.470591
72.772773 5.026872 17.694343 -1.854798 18.487820
72.872873 5.031127 17.711164 -1.854406 18.505037
72.972973 5.035379 17.727972 -1.854017 18.522241
73.073073 5.039629 17.744770 -1.853629 18.539435
73.173173 5.043877 17.761559 -1.853244 18.556621
73.273273 5.048124 17.778340 -1.852862 18.573800
73.373373 5.052371 17.795116 -1.852483 18.590974
73.473473 5.056617 17.811889 -1.852106 18.608145
73.573574 5.060863 17.828659 -1.851733 18.625314
73.673674 5.065110 17.845427 -1.851363 18.642482
73.773774 5.069356 17.862192 -1.850996 18.659648
73.873874 5.073603 17.878954 -1.850631 18.676811
73.973974 5.077850 17.895714 -1.850271 18.693974
74.074074 5.082097 17.912473 -1.849913 18.711135
74.174174 5.086345 17.929232 -1.849558 18.728297
74.274274 5.090594 17.945990 -1.849207 18.745460
74.374374 5.094844 17.962751 -1.848860 18.762626
74.474474 5.099095 17.979513 -1.848516 18.779794
74.574575 5.103347 17.996275 -1.848175 18.796963
74.674675 5.107601 18.013039 -1.847837 18.814135
74.774775 5.111856 18.029805 -1.847504 18.831310
74.874875 5.116112 18.046574 -1.847173 18.848488
74.974975 5.120369 18.063343 -1.846846 18.865666
75.075075 5.124626 18.080107 -1.846522 18.882842
75.175175 5.128882 18.096866 -1.846201 18.900012
75.275275 5.133137 18.113617 -1.845881 18.917174
75.375375 5.137390 18.130361 -1.845565 18.934331
75.475475 5.141643 18.147099 -1.845251 18.951481
75.575576 5.145894 18.163832 -1.844940 18.968627
75.675676 5.150146 18.180561 -1.844631 18.985770
75.775776 5.154397 18.197285 -1.844326 19.002909
75.875876 5.158648 18.214008 -1.844023 19.020046
75.975976 5.162900 18.230730 -1.843724 19.037184
76.076076 5.167153 18.247452 -1.843427 19.054322
76.176176 5.171406 18.264175 -1.843134 19.071462
76.276276 5.175661 18.280899 -1.842844 19.088604
76.376376 5.179917 18.297626 -1.842558 19.105750
76.476476 5.184176 18.314357 -1.842275 19.122900
76.576577 5.188436 18.331092 -1.841996 19.140056
76.676677 5.192699 18.347834 -1.841721 19.157219
76.776777 5.196964 18.364581 -1.841449 19.174389
76.876877 5.201231 18.381334 -1.841181 19.191566
76.976977 5.205501 18.398093 -1.840917 19.208749
77.077077 5.209774 18.414857 -1.840657 19.225939
77.177177 5.214049 18.431630 -1.840400 19.243138
77.277277 5.218327 18.448411 -1.840147 19.260346
77.377377 5.222608 18.465198 -1.839898 19.277562
77.477477 5.226892 18.481991 -1.839653 19.294785
77.577578 5.231177 18.498789 -1.839411 19.312013
77.677678 5.235464 18.515587 -1.839173 19.329243
77.777778 5.239751 18.532387 -1.838938 19.346474
77.877878 5.244039 18.549186 -1.838705 19.363706
77.977978 5.248327 18.565983 -1.838476 19.380935
78.078078 5.252615 18.582777 -1.838249 19.398163
78.178178 5.256904 18.599569 -1.838025 19.415389
78.278278 5.261193 18.616360 -1.837804 19.432615
78.378378 5.265483 18.633153 -1.837586 19.449844
78.478478 5.269774 18.649947 -1.837372 19.467074
78.578579 5.274065 18.666740 -1.837160 19.484304
78.678679 5.278357 18.683531 -1.836951 19.501533
78.778779 5.282649 18.700321 -1.836745 19.518761
78.878879 5.286942 18.717112 -1.836542 19.535990
78.978979 5.291236 18.733903 -1.836342 19.553222
79.079079 5.295531 18.750696 -1.836145 19.570454
79.179179 5.299827 18.767487 -1.835952 19.587687
79.279279 5.304123 18.784280 -1.835761 19.604920
79.379379 5.308420 18.801072 -1.835573 19.622155
79.479479 5.312718 18.817863 -1.835388 19.639388
79.579580 5.317015 18.834651 -1.835205 19.656620
79.679680 5.321313 18.851437 -1.835026 19.673850
79.779780 5.325611 18.868222 -1.834849 19.691079
79.879880 5.329908 18.885003 -1.834675 19.708305
79.979980 5.334205 18.901779 -1.834503 19.725526
80.080080 5.338501 18.918548 -1.834333 19.742741
80.180180 5.342795 18.935309 -1.834166 19.759948
80.280280 5.347087 18.952059 -1.834000 19.777145
80.380380 5.351376 18.968800 -1.833837 19.794331
80.480480 5.355663 18.985529 -1.833675 19.811507
80.580581 5.359948 19.002247 -1.833515 19.828671
80.680681 5.364230 19.018952 -1.833357 19.845823
80.780781 5.368508 19.035644 -1.833200 19.862961
80.880881 5.372783 19.052318 -1.833044 19.880082
80.980981 5.377052 19.068971 -1.832889 19.897181
81.081081 5.381316 19.085602 -1.832735 19.914258
81.181181 5.385574 19.102211 -1.832582 19.931312
81.281281 5.389826 19.118797 -1.832429 19.948344
81.381381 5.394073 19.135359 -1.832277 19.965351
81.481481 5.398313 19.151898 -1.832126 19.982334
81.581582 5.402549 19.168417 -1.831975 19.999297
81.681682 5.406780 19.184919 -1.831826 20.016243
81.781782 5.411007 19.201403 -1.831677 20.033171
81.881882 5.415230 19.217869 -1.831530 20.050080
81.981982 5.419447 19.234316 -1.831384 20.066970
82.082082 5.423660 19.250742 -1.831238 20.083840
82.182182 5.427868 19.267149 -1.831094 20.100689
82.282282 5.432071 19.283536 -1.830950 20.117519
82.382382 5.436270 19.299905 -1.830808 20.134329
82.482482 5.440464 19.316256 -1.830666 20.151123
82.582583 5.444655 19.332591 -1.830526 20.167899
82.682683 5.448841 19.348910 -1.830387 20.184660
82.782783 5.453024 19.365212 -1.830249 20.201403
82.882883 5.457202 19.381495 -1.830112 20.218128
82.982983 5.461375 19.397759 -1.829976 20.234834
83.083083 5.465544 19.414007 -1.829842 20.251523
83.183183 5.469710 19.430241 -1.829708 20.268198
83.283283 5.473873 19.446461 -1.829576 20.284858
83.383383 5.478031 19.462662 -1.829445 20.301500
83.483483 5.482184 19.478844 -1.829315 20.318122
83.583584 5.486333 19.495007 -1.829186 20.334726
83.683684 5.490477 19.511152 -1.829058 20.351310
83.783784 5.494617 19.527278 -1.828931 20.367877
83.883884 5.498753 19.543388 -1.828805 20.384426
83.983984 5.502884 19.559482 -1.828680 20.400959
84.084084 5.507012 19.575560 -1.828556 20.417477
84.184184 5.511136 19.591621 -1.828433 20.433977
84.284284 5.515256 19.607665 -1.828312 20.450460
84.384384 5.519372 19.623694 -1.828191 20.466927
84.484484 5.523485 19.639707 -1.828072 20.483379
84.584585 5.527594 19.655706 -1.827955 20.499817
84.684685 5.531699 19.671691 -1.827838 20.516241
84.784785 5.535802 19.687664 -1.827723 20.532652
84.884885 5.539903 19.703625 -1.827610 20.549052
84.984985 5.544000 19.719575 -1.827498 20.565440
85.085085 5.548096 19.735515 -1.827388 20.581818
85.185185 5.552189 19.751443 -1.827279 20.598186
85.285285 5.556280 19.767362 -1.827172 20.614543
85.385385 5.560369 19.783272 -1.827067 20.630892
85.485485 5.564457 19.799175 -1.826964 20.647234
85.585586 5.568543 19.815071 -1.826863 20.663570
85.685686 5.572628 19.830959 -1.826763 20.679898
85.785786 5.576711 19.846840 -1.826666 20.696219
85.885886 5.580793 19.862713 -1.826570 20.712532
85.985986 5.584874 19.878580 -1.826477 20.728839
86.086086 5.588953 19.894438 -1.826385 20.745138
86.186186 5.593031 19.910290 -1.826295 20.761431
86.286286 5.597108 19.926138 -1.826207 20.777719
86.386386 5.601185 19.941983 -1.826122 20.794006
86.486486 5.605262 19.957825 -1.826038 20.810289
86.586587 5.609338 19.973663 -1.825957 20.826570
86.686687 5.613414 19.989498 -1.825879 20.842848
86.786787 5.617490 20.005330 -1.825802 20.859122
86.886887 5.621565 20.021158 -1.825728 20.875393
86.986987 5.625641 20.036983 -1.825656 20.891662
87.087087 5.629716 20.052809 -1.825586 20.907932
87.187187 5.633793 20.068635 -1.825519 20.924202
87.287287 5.637870 20.084462 -1.825455 20.940474
87.387387 5.641949 20.100290 -1.825393 20.956748
87.487487 5.646028 20.116119 -1.825333 20.973024
87.587588 5.650109 20.131952 -1.825277 20.989303
87.687688 5.654192 20.147788 -1.825223 21.005587
87.787788 5.658276 20.163628 -1.825172 21.021875
87.887888 5.662362 20.179472 -1.825124 21.038168
87.987988 5.666450 20.195324 -1.825079 21.054470
88.088088 5.670542 20.211185 -1.825038 21.070781
88.188188 5.674637 20.227054 -1.824999 21.087101
88.288288 5.678735 20.242933 -1.824964 21.103432
88.388388 5.682836 20.258821 -1.824932 21.119773
88.488488 5.686941 20.274719 -1.824904 21.136125
88.588589 5.691048 20.290625 -1.824878 21.152486
88.688689 5.695159 20.306541 -1.824856 21.168858
88.788789 5.699273 20.322467 -1.824837 21.185240
88.888889 5.703390 20.338402 -1.824822 21.201632
88.988989 5.707511 20.354345 -1.824809 21.218034
89.089089 5.711634 20.370299 -1.824800 21.234447
89.189189 5.715761 20.386263 -1.824794 21.250871
89.289289 5.719892 20.402237 -1.824792 21.267306
89.389389 5.724026 20.418220 -1.824792 21.283751
89.489489 5.728163 20.434213 -1.824796 21.300207
89.589590 5.732304 20.450218 -1.824804 21.316675
89.689690 5.736449 20.466235 -1.824815 21.333157
89.789790 5.740599 20.482267 -1.824829 21.349655
89.889890 5.744753 20.498314 -1.824847 21.366168
89.989990 5.748912 20.514374 -1.824869 21.382696
90.090090 5.753074 20.530445 -1.824894 21.399235
90.190190 5.757240 20.546527 -1.824922 21.415787
90.290290 5.761410 20.562622 -1.824954 21.432352
90.390390 5.765584 20.578728 -1.824989 21.448929
90.490490 5.769761 20.594845 -1.825028 21.465519
90.590591 5.773943 20.610973 -1.825069 21.482121
90.690691 5.778127 20.627112 -1.825114 21.498734
90.790791 5.782315 20.643259 -1.825162 21.515356
90.890891 5.786505 20.659414 -1.825213 21.531986
90.990991 5.790698 20.675577 -1.825267 21.548625
91.091091 5.794894 20.691747 -1.825324 21.565273
91.191191 5.799092 20.707922 -1.825384 21.581926
91.291291 5.803292 20.724103 -1.825446 21.598586
91.391391 5.807494 20.740290 -1.825512 21.615251
91.491491 5.811698 20.756480 -1.825580 21.631922
91.591592 5.815903 20.772675 -1.825650 21.648597
91.691692 5.820110 20.788875 -1.825723 21.665278
91.791792 5.824320 20.805082 -1.825799 21.681967
91.891892 5.828533 20.821296 -1.825878 21.698663
91.991992 5.832748 20.837518 -1.825960 21.715369
92.092092 5.836966 20.853748 -1.826045 21.732082
92.192192 5.841186 20.869985 -1.826133 21.748804
92.292292 5.845409 20.886228 -1.826223 21.765533
92.392392 5.849634 20.902478 -1.826317 21.782269
92.492492 5.853862 20.918733 -1.826413 21.799011
92.592593 5.858092 20.934996 -1.826512 21.815762
92.692693 5.862324 20.951265 -1.826613 21.832519
92.792793 5.866558 20.967539 -1.826718 21.849281
92.892893 5.870794 20.983817 -1.826824 21.866049
92.992993 5.875031 21.000099 -1.826934 21.882821
93.093093 5.879270 21.016384 -1.827046 21.899596
93.193193 5.883510 21.032671 -1.827160 21.916374
93.293293 5.887750 21.048957 -1.827276 21.933152
93.393393 5.891990 21.065242 -1.827394 21.949928
93.493493 5.896231 21.081525 -1.827515 21.966703
93.593594 5.900470 21.097803 -1.827637 21.983473
93.693694 5.904708 21.114075 -1.827761 22.000238
93.793794 5.908946 21.130342 -1.827886 22.016997
93.893894 5.913183 21.146604 -1.828013 22.033752
93.993994 5.917418 21.162862 -1.828142 22.050503
94.094094 5.921653 21.179113 -1.828273 22.067247
94.194194 5.925887 21.195359 -1.828405 22.083986
94.294294 5.930119 21.211599 -1.828539 22.100719
94.394394 5.934350 21.227833 -1.828675 22.117447
94.494494 5.938580 21.244060 -1.828812 22.134167
94.594595 5.942809 21.260280 -1.828950 22.150882
94.694695 5.947036 21.276495 -1.829090 22.167590
94.794795 5.951263 21.292702 -1.829232 22.184291
94.894895 5.955487 21.308904 -1.829375 22.200987
94.994995 5.959711 21.325099 -1.829520 22.217676
95.095095 5.963933 21.341287 -1.829667 22.234359
95.195195 5.968154 21.357469 -1.829815 22.251035
95.295295 5.972373 21.373644 -1.829964 22.267705
95.395395 5.976591 21.389811 -1.830115 22.284366
95.495495 5.980807 21.405969 -1.830267 22.301019
95.595596 5.985021 21.422118 -1.830420 22.317662
95.695696 5.989231 21.438255 -1.830575 22.334293
95.795796 5.993439 21.454377 -1.830730 22.350910
95.895896 5.997641 21.470481 -1.830886 22.367508
95.995996 6.001840 21.486567 -1.831042 22.384087
96.096096 6.006033 21.502635 -1.831199 22.400649
96.196196 6.010223 21.518687 -1.831357 22.417193
96.296296 6.014409 21.534724 -1.831515 22.433722
96.396396 6.018591 21.550747 -1.831674 22.450238
96.496496 6.022771 21.566758 -1.831834 22.466741
96.596597 6.026948 21.582759 -1.831996 22.483234
96.696697 6.031124 21.598751 -1.832158 22.499717
96.796797 6.035296 21.614731 -1.832322 22.516189
96.896897 6.039465 21.630698 -1.832486 22.532648
96.996997 6.043632 21.646652 -1.832652 22.549094
97.097097 6.047794 21.662591 -1.832818 22.565524
97.197197 6.051954 21.678517 -1.832985 22.581941
97.297297 6.056110 21.694431 -1.833153 22.598347
97.397397 6.060264 21.710335 -1.833322 22.614741
97.497497 6.064416 21.726229 -1.833493 22.631126
97.597598 6.068565 21.742111 -1.833664 22.647499
97.697698 6.072712 21.757981 -1.833836 22.663860
97.797798 6.076855 21.773839 -1.834010 22.680208
97.897898 6.080995 21.789683 -1.834184 22.696541
97.997998 6.085130 21.805510 -1.834358 22.712858
98.098098 6.089261 21.821320 -1.834534 22.729158
98.198198 6.093388 21.837111 -1.834709 22.745438
98.298298 6.097510 21.852883 -1.834885 22.761699
98.398398 6.101626 21.868634 -1.835061 22.777938
98.498498 6.105736 21.884362 -1.835237 22.794153
98.598599 6.109840 21.900064 -1.835413 22.810342
98.698699 6.113936 21.915739 -1.835589 22.826503
98.798799 6.118026 21.931386 -1.835764 22.842635
98.898899 6.122108 21.947005 -1.835938 22.858738
98.998999 6.126182 21.962596 -1.836113 22.874812
99.099099 6.130249 21.978159 -1.836286 22.890858
99.199199 6.134309 21.993693 -1.836460 22.906873
99.299299 6.138360 22.009197 -1.836633 22.922859
99.399399 6.142404 22.024673 -1.836805 22.938814
99.499499 6.146441 22.040118 -1.836977 22.954739
99.599600 6.150469 22.055532 -1.837148 22.970631
99.699700 6.154488 22.070912 -1.837318 22.986488
99.799800 6.158497 22.086258 -1.837487 23.002310
99.899900 6.162498 22.101570 -1.837655 23.018097
100.000000 6.166490 22.116849 -1.837822 23.033849
