0.000000 0.626962 0.444877 0.351761 0.845419
0.100100 0.627620 0.494089 0.280569 0.846611
0.200200 0.620561 0.537199 0.205967 0.846228
0.300300 0.605870 0.573673 0.128874 0.844267
0.400400 0.583669 0.603006 0.050227 0.840719
0.500501 0.554165 0.624764 -0.029003 0.835626
0.600601 0.517611 0.638540 -0.107815 0.829022
0.700701 0.474245 0.643874 -0.185150 0.820830
0.800801 0.424400 0.640369 -0.259896 0.811008
0.900901 0.368551 0.627759 -0.330896 0.799627
1.001001 0.307246 0.605799 -0.396914 0.786723
1.101101 0.241159 0.574341 -0.456654 0.772372
1.201201 0.171126 0.533398 -0.508793 0.756749
1.301301 0.098127 0.483074 -0.551914 0.739998
1.401401 0.023312 0.423556 -0.584449 0.722166
1.501502 -0.051927 0.355296 -0.604827 0.703383
1.601602 -0.125918 0.279035 -0.611460 0.683812
1.701702 -0.196705 0.195889 -0.602853 0.663700
1.801802 -0.262110 0.107517 -0.577944 0.643646
1.901902 -0.319771 0.016075 -0.536118 0.624448
2.002002 -0.367139 -0.075788 -0.477176 0.606821
2.102102 -0.401528 -0.164884 -0.401493 0.591276
2.202202 -0.420366 -0.247513 -0.310381 0.578193
2.302302 -0.421622 -0.319720 -0.206389 0.567963
2.402402 -0.404250 -0.377742 -0.093364 0.561091
2.502503 -0.368375 -0.418422 0.023856 0.557985
2.602603 -0.315406 -0.439646 0.139910 0.558877
2.702703 -0.247826 -0.440456 0.249416 0.563585
2.802803 -0.169014 -0.421286 0.347590 0.571722
2.902903 -0.082943 -0.384018 0.430828 0.583062
3.003003 0.006449 -0.331376 0.496820 0.597228
3.103103 0.095600 -0.266456 0.544401 0.613605
3.203203 0.181466 -0.192403 0.573310 0.631374
3.303303 0.261652 -0.112321 0.584262 0.649954
3.403403 0.334411 -0.029060 0.578646 0.668959
3.503504 0.398513 0.054941 0.558066 0.687946
3.603604 0.453116 0.137615 0.524209 0.706432
3.703704 0.497698 0.217230 0.478784 0.723966
3.803804 0.531998 0.292336 0.423498 0.740157
3.903904 0.555906 0.361711 0.359969 0.754615
4.004004 0.569480 0.424340 0.289781 0.767037
4.104104 0.572927 0.479401 0.214473 0.777219
4.204204 0.566694 0.526341 0.135569 0.785211
4.304304 0.551337 0.564784 0.054519 0.791155
4.404404 0.527402 0.594414 -0.027342 0.795128
4.504505 0.495510 0.615048 -0.108750 0.797271
4.604605 0.456281 0.626543 -0.188500 0.797672
4.704705 0.410360 0.628815 -0.265435 0.796404
4.804805 0.358386 0.621765 -0.338388 0.793435
4.904905 0.301015 0.605303 -0.406172 0.788655
5.005005 0.239029 0.579499 -0.467640 0.782075
5.105105 0.173298 0.544539 -0.521667 0.773751
5.205205 0.104767 0.500666 -0.567097 0.763702
5.305305 0.034487 0.448244 -0.602780 0.751968
5.405405 -0.036363 0.387806 -0.627609 0.738654
5.505506 -0.106464 0.320011 -0.640437 0.723810
5.605606 -0.174335 0.245725 -0.640162 0.707518
5.705706 -0.238354 0.166139 -0.625929 0.690074
5.805806 -0.296742 0.082732 -0.597065 0.671853
5.905906 -0.347484 -0.002712 -0.552955 0.653078
6.006006 -0.388360 -0.087994 -0.493268 0.633940
6.106106 -0.417027 -0.170428 -0.418195 0.614691
6.206206 -0.431161 -0.246845 -0.328663 0.595694
6.306306 -0.428847 -0.313775 -0.226697 0.577716
6.406406 -0.408553 -0.367463 -0.115353 0.561472
6.506507 -0.369421 -0.404124 0.001188 0.547531
6.606607 -0.311838 -0.420510 0.117536 0.536550
6.706707 -0.237692 -0.414477 0.227518 0.529201
6.806807 -0.150421 -0.385457 0.324790 0.526016
6.906907 -0.054685 -0.334640 0.403629 0.527154
7.007007 0.044099 -0.264988 0.459703 0.532438
7.107107 0.140485 -0.180913 0.490759 0.541581
7.207207 0.229672 -0.087556 0.496650 0.554145
7.307307 0.307924 0.009991 0.478863 0.569409
7.407407 0.372727 0.107118 0.440137 0.586618
7.507508 0.422733 0.200005 0.383919 0.605061
7.607608 0.457588 0.285733 0.313929 0.624164
7.707708 0.477578 0.362178 0.233742 0.643341
7.807808 0.483532 0.427979 0.146684 0.662183
7.907908 0.476566 0.482335 0.055720 0.680343
8.008008 0.457892 0.524831 -0.036597 0.697461
8.108108 0.428836 0.555411 -0.128060 0.713289
8.208208 0.390810 0.574357 -0.216822 0.727757
8.308308 0.345218 0.582159 -0.301349 0.740875
8.408408 0.293271 0.579207 -0.380275 0.752395
8.508509 0.236140 0.565976 -0.452418 0.762085
8.608609 0.175033 0.543164 -0.516869 0.769947
8.708709 0.111095 0.511486 -0.572841 0.775956
8.808809 0.045406 0.471613 -0.619587 0.779980
8.908909 -0.020966 0.424323 -0.656541 0.782007
9.009009 -0.086973 0.370423 -0.683204 0.782014
9.109109 -0.151577 0.310737 -0.699126 0.779943
9.209209 -0.213718 0.246125 -0.703869 0.775683
9.309309 -0.272311 0.177510 -0.697047 0.769115
9.409409 -0.326310 0.105964 -0.678561 0.760363
9.509510 -0.374624 0.032634 -0.648344 0.749505
9.609610 -0.416125 -0.041238 -0.606410 0.736610
9.709710 -0.449665 -0.114269 -0.552952 0.721811
9.809810 -0.474068 -0.184931 -0.488327 0.705268
9.909910 -0.488098 -0.251493 -0.413096 0.687122
10.010010 -0.490399 -0.311957 -0.328019 0.667386
10.110110 -0.479775 -0.364145 -0.234375 0.646310
10.210210 -0.455290 -0.405753 -0.134048 0.624415
10.310310 -0.416164 -0.434240 -0.029517 0.602187
10.410410 -0.362105 -0.447067 0.075957 0.580309
10.510511 -0.293503 -0.441830 0.178223 0.559573
10.610611 -0.211700 -0.416594 0.272286 0.540840
10.710711 -0.119311 -0.370331 0.352445 0.524974
10.810811 -0.020397 -0.303517 0.412895 0.512855
10.910911 0.079623 -0.218577 0.448505 0.505245
11.011011 0.174521 -0.119883 0.455713 0.502498
11.111111 0.258175 -0.013533 0.433662 0.504877
11.211211 0.325436 0.093645 0.384120 0.512081
11.311311 0.372867 0.195129 0.311154 0.523375
11.411411 0.399047 0.285509 0.220430 0.537907
11.511512 0.404354 0.360982 0.118136 0.554767
11.611612 0.390570 0.419437 0.010227 0.573216
11.711712 0.360130 0.460020 -0.098138 0.592404
11.811812 0.315727 0.482773 -0.202710 0.611429
11.911912 0.260143 0.488431 -0.300105 0.629525
12.012012 0.196161 0.478324 -0.387816 0.646277
12.112112 0.126365 0.454012 -0.463990 0.661348
12.212212 0.053086 0.417152 -0.527326 0.674468
12.312312 -0.021544 0.369513 -0.577002 0.685518
12.412412 -0.095616 0.312780 -0.612434 0.694298
12.512513 -0.167374 0.248606 -0.633233 0.700574
12.612613 -0.235166 0.178627 -0.639154 0.704080
12.712713 -0.297461 0.104532 -0.630221 0.704691
12.812813 -0.352784 0.028045 -0.606602 0.702289
12.912913 -0.399714 -0.049061 -0.568623 0.696786
13.013013 -0.436987 -0.124939 -0.516969 0.688349
13.113113 -0.463339 -0.197646 -0.452466 0.677106
13.213213 -0.477393 -0.265055 -0.376029 0.662990
13.313313 -0.477839 -0.324857 -0.288951 0.646030
13.413413 -0.463551 -0.374585 -0.193046 0.626467
13.513514 -0.433590 -0.411580 -0.090713 0.604672
13.613614 -0.387182 -0.432876 0.014933 0.580960
13.713714 -0.324089 -0.435414 0.119781 0.555847
13.813814 -0.244957 -0.416247 0.218472 0.530090
13.913914 -0.151892 -0.373201 0.304439 0.505008
14.014014 -0.049034 -0.305724 0.370236 0.482645
14.114114 0.057288 -0.215447 0.408112 0.465033
14.214214 0.158631 -0.107291 0.411759 0.454116
14.314314 0.245649 0.010352 0.378520 0.451363
14.414414 0.310152 0.126999 0.310657 0.456980
14.514515 0.347255 0.232473 0.215281 0.470081
14.614615 0.356138 0.319129 0.102301 0.489023
14.714715 0.339281 0.382813 -0.018209 0.511848
14.814815 0.300994 0.422395 -0.137685 0.536630
14.914915 0.246214 0.438919 -0.249742 0.561821
15.015015 0.179779 0.434736 -0.350081 0.586406
15.115115 0.105866 0.412517 -0.435928 0.609435
15.215215 0.028048 0.375164 -0.505815 0.630383
15.315315 -0.050689 0.325411 -0.558970 0.648775
15.415415 -0.127878 0.265751 -0.595101 0.664170
15.515516 -0.201455 0.198629 -0.614486 0.676484
15.615616 -0.269627 0.126228 -0.617460 0.685485
15.715716 -0.330866 0.050617 -0.604611 0.691078
15.815816 -0.383832 -0.026219 -0.576702 0.693253
15.915916 -0.427257 -0.102363 -0.534515 0.691905
16.016016 -0.460034 -0.175921 -0.479063 0.687082
16.116116 -0.481172 -0.244988 -0.411546 0.678907
16.216216 -0.489609 -0.307542 -0.333233 0.667340
16.316316 -0.484426 -0.361499 -0.245714 0.652477
16.416416 -0.464922 -0.404717 -0.151007 0.634627
16.516517 -0.430439 -0.434832 -0.051527 0.614013
16.616617 -0.380591 -0.449350 0.049681 0.590959
16.716717 -0.315480 -0.445747 0.148750 0.565990
16.816817 -0.235876 -0.421519 0.240768 0.539708
16.916917 -0.143717 -0.374635 0.319647 0.513011
17.017017 -0.042683 -0.304177 0.378143 0.487173
17.117117 0.061278 -0.211257 0.408354 0.463829
17.217217 0.159693 -0.100331 0.403245 0.445168
17.317317 0.242293 0.020140 0.358772 0.433393
17.417417 0.299000 0.138283 0.276217 0.429906
17.517518 0.323102 0.241327 0.163571 0.435188
17.617618 0.313367 0.319161 0.033703 0.448552
17.717718 0.273728 0.366668 -0.099574 0.468281
17.817818 0.211000 0.383383 -0.224652 0.491906
17.917918 0.132727 0.372034 -0.333442 0.516923
18.018018 0.045959 0.337075 -0.421190 0.541417
18.118118 -0.043417 0.283505 -0.485793 0.564141
18.218218 -0.130760 0.216297 -0.527117 0.584581
18.318318 -0.212576 0.139884 -0.546068 0.602450
18.418418 -0.286179 0.058067 -0.543924 0.617352
18.518519 -0.349451 -0.025832 -0.522165 0.628840
18.618619 -0.400707 -0.108819 -0.482485 0.636552
18.718719 -0.438617 -0.188156 -0.426773 0.640252
18.818819 -0.462126 -0.261284 -0.357096 0.639803
18.918919 -0.470406 -0.325766 -0.275702 0.635151
19.019019 -0.462798 -0.379203 -0.185060 0.626278
19.119119 -0.438859 -0.419209 -0.087958 0.613245
19.219219 -0.398517 -0.443489 0.012346 0.596364
19.319319 -0.341945 -0.449622 0.112019 0.575877
19.419419 -0.269829 -0.435203 0.206436 0.552110
19.519520 -0.183782 -0.398132 0.289929 0.525684
19.619620 -0.086786 -0.337039 0.355700 0.497644
19.719720 0.016141 -0.252113 0.395992 0.469714
19.819820 0.117406 -0.146149 0.402732 0.444226
19.919920 0.206656 -0.025957 0.369329 0.424010
20.020020 0.271890 0.096868 0.293567 0.411691
20.120120 0.303034 0.207418 0.181188 0.409488
20.220220 0.295821 0.291709 0.045882 0.417982
20.320320 0.253208 0.341227 -0.095114 0.435427
20.420420 0.183590 0.354576 -0.226292 0.458953
20.520521 0.097157 0.335781 -0.337231 0.485708
20.620621 0.003196 0.291486 -0.422800 0.513551
20.720721 -0.091091 0.228563 -0.481545 0.540763
20.820821 -0.180509 0.153156 -0.514158 0.566037
20.920921 -0.261464 0.070484 -0.522542 0.588542
21.021021 -0.331525 -0.015152 -0.509112 0.607728
21.121121 -0.389031 -0.100218 -0.476398 0.623173
21.221221 -0.433053 -0.181812 -0.427169 0.634873
21.321321 -0.463122 -0.257534 -0.364197 0.642997
21.421421 -0.478848 -0.325257 -0.289980 0.647437
21.521522 -0.479955 -0.383021 -0.206952 0.647990
21.621622 -0.466442 -0.429089 -0.117663 0.644616
21.721722 -0.438480 -0.461823 -0.024790 0.637307
21.821822 -0.396439 -0.479684 0.068814 0.626096
21.921922 -0.340979 -0.481246 0.159996 0.611117
22.022022 -0.273031 -0.465097 0.245192 0.592436
22.122122 -0.194078 -0.430078 0.320325 0.570299
22.222222 -0.106412 -0.375555 0.380788 0.545311
22.322322 -0.013382 -0.301655 0.421405 0.518418
22.422422 0.080257 -0.209676 0.436452 0.490811
22.522523 0.167819 -0.102780 0.419864 0.463694
22.622623 0.240457 0.012751 0.366677 0.438673
22.722723 0.287897 0.126571 0.275615 0.418173
22.822823 0.300611 0.224842 0.151725 0.404896
22.922923 0.273636 0.293270 0.008033 0.401184
23.023023 0.209530 0.321869 -0.136700 0.407664
23.123123 0.117958 0.308420 -0.263724 0.422596
23.223223 0.012180 0.258261 -0.359625 0.442919
23.323323 -0.095097 0.181122 -0.418319 0.465660
23.423423 -0.193998 0.087564 -0.439483 0.488311
23.523524 -0.277898 -0.012965 -0.426372 0.509105
23.623624 -0.342995 -0.112716 -0.384266 0.527267
23.723724 -0.387314 -0.205676 -0.318825 0.542185
23.823824 -0.410192 -0.287274 -0.235702 0.553480
23.923924 -0.411974 -0.354099 -0.140454 0.561102
24.024024 -0.393680 -0.403662 -0.038371 0.565154
24.124124 -0.356639 -0.433967 0.065486 0.565515
24.224224 -0.302472 -0.443386 0.166131 0.561854
24.324324 -0.233429 -0.430926 0.258499 0.554083
24.424424 -0.152459 -0.396350 0.337515 0.542451
24.524525 -0.063307 -0.340308 0.398131 0.527566
24.624625 0.029446 -0.264295 0.435199 0.510017
24.724725 0.120106 -0.171095 0.443683 0.490462
24.824825 0.201746 -0.065478 0.419479 0.470054
24.924925 0.266393 0.045354 0.360383 0.450443
25.025025 0.305550 0.151583 0.267191 0.433277
25.125125 0.311795 0.241272 0.145529 0.420247
25.225225 0.281139 0.302226 0.006911 0.412829
25.325325 0.215382 0.325354 -0.132437 0.412049
25.425425 0.122715 0.307849 -0.255262 0.418317
25.525526 0.015374 0.253758 -0.347894 0.430882
25.625626 -0.093797 0.172043 -0.402907 0.448030
25.725726 -0.194028 0.073519 -0.418913 0.467483
25.825826 -0.277801 -0.031443 -0.399090 0.487273
25.925926 -0.340866 -0.134175 -0.349349 0.506199
26.026026 -0.381117 -0.227968 -0.276168 0.522962
26.126126 -0.397986 -0.307803 -0.186000 0.536406
26.226226 -0.392226 -0.370148 -0.085243 0.546001
26.326326 -0.365502 -0.412710 0.020074 0.551656
26.426426 -0.320024 -0.434074 0.124330 0.553438
26.526527 -0.258289 -0.433343 0.222203 0.551247
26.626627 -0.183253 -0.410223 0.308527 0.545026
26.726727 -0.098429 -0.365048 0.378158 0.534745
26.826827 -0.008058 -0.298977 0.426006 0.520512
26.926927 0.082691 -0.214453 0.447367 0.502956
27.027027 0.167568 -0.115322 0.437874 0.482816
27.127127 0.239062 -0.007350 0.393950 0.460870
27.227227 0.288631 0.100993 0.314343 0.438542
27.327327 0.307548 0.198320 0.201779 0.417889
27.427427 0.288859 0.271119 0.064951 0.401452
27.527528 0.230540 0.306471 -0.080421 0.391843
27.627628 0.138281 0.296535 -0.213703 0.390799
27.727728 0.025412 0.242448 -0.315202 0.398471
27.827828 -0.091227 0.154288 -0.372722 0.413581
27.927928 -0.196634 0.046537 -0.383478 0.433458
28.028028 -0.280504 -0.066591 -0.351821 0.454857
28.128128 -0.337551 -0.173527 -0.286264 0.475394
28.228228 -0.366408 -0.266081 -0.196639 0.493681
28.328328 -0.368161 -0.339021 -0.092369 0.508930
28.428428 -0.345159 -0.389193 0.018155 0.520515
28.528529 -0.300379 -0.414812 0.127537 0.527790
28.628629 -0.237364 -0.415231 0.229151 0.530347
28.728729 -0.160293 -0.391032 0.317151 0.528380
28.828829 -0.073798 -0.343737 0.386351 0.522368
28.928929 0.017106 -0.275583 0.431992 0.512695
29.029029 0.106801 -0.189810 0.449831 0.499782
29.129129 0.188945 -0.090988 0.436411 0.484183
29.229229 0.256503 0.014608 0.389668 0.466743
29.329329 0.302082 0.118739 0.309850 0.448731
29.429429 0.318689 0.211278 0.200612 0.431794
29.529530 0.301145 0.280978 0.070168 0.417804
29.629630 0.248122 0.317391 -0.068272 0.408611
29.729730 0.163990 0.313871 -0.197948 0.405698
29.829830 0.058829 0.270028 -0.302131 0.409462
29.929930 -0.053777 0.192271 -0.368461 0.419075
30.030030 -0.160272 0.091958 -0.391880 0.433259
30.130130 -0.250186 -0.018149 -0.374346 0.450619
30.230230 -0.317202 -0.126758 -0.322310 0.469647
30.330330 -0.358646 -0.225254 -0.244136 0.488844
30.430430 -0.374648 -0.307850 -0.148527 0.507142
30.530531 -0.366850 -0.370923 -0.043432 0.523497
30.630631 -0.337733 -0.412469 0.064228 0.536954
30.730731 -0.290588 -0.432015 0.168486 0.547235
30.830831 -0.228971 -0.430045 0.264352 0.554300
30.930931 -0.156525 -0.407722 0.347693 0.558237
31.031031 -0.076960 -0.366809 0.415153 0.559306
31.131131 0.005998 -0.309617 0.464155 0.557978
31.231231 0.088635 -0.238724 0.492524 0.554460
31.331331 0.167189 -0.157031 0.498498 0.548736
31.431431 0.237805 -0.068018 0.481001 0.540869
31.531532 0.296544 0.024285 0.439639 0.530858
31.631632 0.339552 0.115205 0.375092 0.518905
31.731732 0.363322 0.199512 0.289422 0.505543
31.831832 0.364913 0.271545 0.186222 0.491504
31.931932 0.342330 0.325489 0.070832 0.477651
32.032032 0.295065 0.355849 -0.049493 0.464910
32.132132 0.224632 0.358128 -0.165727 0.454071
32.232232 0.135209 0.329970 -0.267712 0.445905
32.332332 0.033745 0.272215 -0.345546 0.441183
32.432432 -0.070767 0.189159 -0.391123 0.440189
32.532533 -0.168560 0.088284 -0.399769 0.442744
32.632633 -0.250680 -0.020793 -0.371256 0.448446
32.732733 -0.310269 -0.128015 -0.309353 0.456458
32.832833 -0.343449 -0.224385 -0.221054 0.466015
32.932933 -0.349197 -0.302858 -0.115063 0.476341
33.033033 -0.328849 -0.358733 -0.000422 0.486653
33.133133 -0.285493 -0.389525 0.114272 0.496280
33.233233 -0.223152 -0.394414 0.221368 0.504344
33.333333 -0.146573 -0.374132 0.314331 0.510159
33.433433 -0.060937 -0.330684 0.387801 0.513279
33.533534 0.028383 -0.267084 0.437591 0.513445
33.633634 0.115927 -0.187259 0.460714 0.510649
33.733734 0.196157 -0.095827 0.455076 0.504732
33.833834 0.263451 0.001783 0.419633 0.495481
33.933934 0.312309 0.099144 0.355008 0.483112
34.034034 0.337705 0.188938 0.263888 0.468379
34.134134 0.335430 0.263112 0.151348 0.452379
34.234234 0.302754 0.313280 0.025324 0.436401
34.334334 0.239565 0.331678 -0.102961 0.421903
34.434434 0.149621 0.312782 -0.219379 0.410300
34.534535 0.041432 0.255363 -0.308487 0.402605
34.634635 -0.072054 0.164504 -0.356989 0.399617
34.734735 -0.175825 0.051639 -0.357616 0.401833
34.834835 -0.256436 -0.068077 -0.311065 0.408846
34.934935 -0.304946 -0.179364 -0.225438 0.419507
35.035035 -0.318052 -0.269931 -0.113484 0.432318
35.135135 -0.297284 -0.331840 0.010689 0.445656
35.235235 -0.247359 -0.361275 0.133919 0.457865
35.335335 -0.174943 -0.357929 0.245074 0.467739
35.435435 -0.087658 -0.324224 0.335490 0.474719
35.535536 0.006692 -0.264424 0.398920 0.478646
35.635636 0.100515 -0.184114 0.431396 0.479691
35.735736 0.186588 -0.089743 0.430806 0.477978
35.835836 0.258078 0.011532 0.396708 0.473408
35.935936 0.308789 0.111785 0.330808 0.466134
36.036036 0.333532 0.202537 0.237235 0.456668
36.136136 0.328658 0.275202 0.122745 0.445891
36.236236 0.292488 0.321523 -0.003229 0.434668
36.336336 0.226188 0.334567 -0.128642 0.423845
36.436436 0.134778 0.310254 -0.239459 0.414443
36.536537 0.027419 0.248927 -0.321496 0.407524
36.636637 -0.083241 0.156465 -0.363117 0.404060
36.736737 -0.183161 0.043985 -0.358137 0.404654
36.836837 -0.259674 -0.074098 -0.307416 0.409177
36.936937 -0.303925 -0.183010 -0.218448 0.416633
37.037037 -0.312359 -0.270430 -0.103628 0.425957
37.137137 -0.286222 -0.327971 0.022739 0.435896
37.237237 -0.230436 -0.351615 0.146863 0.445312
37.337337 -0.152320 -0.341242 0.256835 0.453444
37.437437 -0.060194 -0.299524 0.343245 0.459516
37.537538 0.037261 -0.231235 0.399190 0.462829
37.637638 0.131450 -0.142836 0.420378 0.463032
37.737738 0.214180 -0.042100 0.405085 0.460151
37.837838 0.277866 0.062269 0.353938 0.454267
37.937938 0.315835 0.160763 0.270198 0.445650
38.038038 0.322758 0.243321 0.160093 0.434750
38.138138 0.295323 0.299816 0.033183 0.422145
38.238238 0.233505 0.321209 -0.097305 0.408862
38.338338 0.141854 0.301285 -0.214950 0.396357
38.438438 0.030357 0.238724 -0.301809 0.386004
38.538539 -0.085561 0.139514 -0.341951 0.379098
38.638639 -0.187393 0.017751 -0.326406 0.376792
38.738739 -0.257996 -0.106887 -0.256589 0.379242
38.838839 -0.286525 -0.214172 -0.144813 0.385924
38.938939 -0.271151 -0.288787 -0.010632 0.396275
39.039039 -0.217564 -0.322857 0.125274 0.408980
39.139139 -0.136073 -0.315732 0.245424 0.422416
39.239239 -0.038745 -0.272115 0.337385 0.435174
39.339339 0.062778 -0.199752 0.393870 0.446067
39.439439 0.158234 -0.107838 0.411925 0.454257
39.539540 0.239192 -0.005976 0.392141 0.459373
39.639640 0.298999 0.096398 0.337706 0.461236
39.739740 0.332535 0.190255 0.253667 0.459481
39.839840 0.336381 0.267061 0.147075 0.453988
39.939940 0.309271 0.319214 0.027059 0.445284
40.040040 0.252299 0.340426 -0.095395 0.434332
40.140140 0.169100 0.326048 -0.207634 0.421917
40.240240 0.066727 0.274363 -0.295839 0.408960
40.340340 -0.043801 0.188191 -0.346482 0.396717
40.440440 -0.147972 0.076137 -0.348939 0.386589
40.540541 -0.229640 -0.047112 -0.298895 0.379858
40.640641 -0.274656 -0.162685 -0.201375 0.377431
40.740741 -0.274987 -0.251739 -0.071168 0.379546
40.840841 -0.230997 -0.300236 0.070534 0.385326
40.940941 -0.151020 -0.302044 0.201374 0.393179
41.041041 -0.048760 -0.259497 0.302810 0.401759
41.141141 0.060304 -0.181311 0.362831 0.410069
41.241241 0.161730 -0.079768 0.376320 0.417297
41.341341 0.243523 0.031524 0.344031 0.422675
41.441441 0.296775 0.139138 0.271395 0.425547
41.541542 0.315879 0.230717 0.167570 0.425546
41.641642 0.298596 0.295669 0.044516 0.422565
41.741742 0.246169 0.325725 -0.083637 0.416762
41.841842 0.163400 0.315458 -0.201224 0.408295
41.941942 0.059236 0.263588 -0.292026 0.397827
42.042042 -0.053100 0.174358 -0.341077 0.386722
42.142142 -0.156855 0.058310 -0.337006 0.376267
42.242242 -0.233774 -0.067298 -0.275887 0.367822
42.342342 -0.268051 -0.180384 -0.164806 0.362700
42.442442 -0.251414 -0.259097 -0.022585 0.361733
42.542543 -0.186638 -0.288182 0.123936 0.365025
42.642643 -0.086999 -0.263579 0.247514 0.371895
42.742743 0.028101 -0.192610 0.327804 0.381240
42.842843 0.138846 -0.090169 0.354913 0.391627
42.942943 0.229039 0.025929 0.329030 0.401736
43.043043 0.287626 0.138565 0.257574 0.410211
43.143143 0.308808 0.233250 0.152519 0.415969
43.243243 0.291457 0.298841 0.028416 0.418403
43.343343 0.238209 0.327584 -0.099123 0.416990
43.443443 0.155416 0.315620 -0.214258 0.411919
43.543544 0.052946 0.263509 -0.301991 0.404276
43.643644 -0.056408 0.176258 -0.349169 0.395180
43.743744 -0.157445 0.063964 -0.346252 0.385708
43.843844 -0.233952 -0.057918 -0.289942 0.377033
43.943944 -0.271542 -0.169930 -0.185750 0.370289
44.044044 -0.261489 -0.251962 -0.049206 0.366446
44.144144 -0.204381 -0.288602 0.096113 0.366470
44.244244 -0.110626 -0.273489 0.224194 0.370536
44.344344 0.002465 -0.210796 0.313415 0.377717
44.444444 0.115307 -0.113370 0.351245 0.386680
44.544545 0.210580 0.001618 0.335134 0.395805
44.644645 0.275785 0.116521 0.270956 0.403797
44.744745 0.304190 0.215977 0.170475 0.410170
44.844845 0.293998 0.288051 0.048331 0.414420
44.944945 0.247566 0.324623 -0.079779 0.415973
45.045045 0.171015 0.321656 -0.198118 0.414680
45.145145 0.073531 0.279207 -0.292043 0.410673
45.245245 -0.033120 0.201477 -0.348868 0.404226
45.345345 -0.135133 0.096945 -0.358909 0.395569
45.445445 -0.217504 -0.021266 -0.317389 0.385352
45.545546 -0.265754 -0.135834 -0.226527 0.374687
45.645646 -0.268950 -0.227139 -0.097606 0.365313
45.745746 -0.223222 -0.276893 0.048727 0.358988
45.845846 -0.134835 -0.273580 0.185526 0.356997
45.945946 -0.020328 -0.217229 0.286328 0.359979
46.046046 0.098126 -0.119603 0.332859 0.367054
46.146146 0.199118 -0.000275 0.319543 0.376505
46.246246 0.267081 0.119328 0.252885 0.386681
46.346346 0.293935 0.220698 0.147108 0.395912
46.446446 0.278462 0.290377 0.020014 0.402816
46.546547 0.224961 0.320453 -0.109889 0.406661
46.646647 0.141624 0.308008 -0.225189 0.406985
46.746747 0.039518 0.254599 -0.310432 0.403423
46.846847 -0.067858 0.166394 -0.353040 0.396143
46.946947 -0.165233 0.054368 -0.344646 0.386055
47.047047 -0.236634 -0.065801 -0.282668 0.374469
47.147147 -0.267323 -0.174306 -0.172563 0.362798
47.247247 -0.247502 -0.249568 -0.030303 0.352788
47.347347 -0.176967 -0.273403 0.117738 0.346307
47.447447 -0.068137 -0.237827 0.239940 0.344638
47.547548 0.055722 -0.149701 0.309082 0.347918
47.647648 0.167719 -0.029170 0.311637 0.355103
47.747748 0.245594 0.097533 0.250444 0.364076
47.847848 0.276518 0.205766 0.141114 0.372445
47.947948 0.257639 0.277045 0.006214 0.378379
48.048048 0.194346 0.300619 -0.129839 0.380789
48.148148 0.098272 0.273457 -0.243947 0.379403
48.248248 -0.014381 0.199940 -0.316576 0.374704
48.348348 -0.124367 0.091741 -0.334012 0.368032
48.448448 -0.211425 -0.032939 -0.290507 0.360805
48.548549 -0.257654 -0.151039 -0.191224 0.354633
48.648649 -0.251917 -0.238495 -0.053634 0.351025
48.748749 -0.193811 -0.276272 0.094954 0.350578
48.848849 -0.095320 -0.256499 0.223785 0.353493
48.948949 0.022577 -0.184755 0.307421 0.359377
49.049049 0.136322 -0.077340 0.332033 0.367166
49.149149 0.225665 0.044204 0.296794 0.375454
49.249249 0.276996 0.158445 0.211351 0.382754
49.349349 0.284029 0.247415 0.092008 0.387752
49.449449 0.247201 0.298199 -0.041574 0.389563
49.549550 0.172648 0.303423 -0.168733 0.387742
49.649650 0.071330 0.261424 -0.269463 0.382153
49.749750 -0.041381 0.177045 -0.326241 0.373484
49.849850 -0.146647 0.062287 -0.326482 0.363285
49.949950 -0.224067 -0.063768 -0.265511 0.353226
50.050050 -0.255221 -0.176274 -0.150276 0.344664
50.150150 -0.229568 -0.249270 -0.001998 0.338882
50.250250 -0.150236 -0.263794 0.146475 0.337065
50.350350 -0.035193 -0.215578 0.260078 0.339637
50.450450 0.088184 -0.117231 0.313441 0.346071
50.550551 0.192511 0.007040 0.298215 0.355025
50.650651 0.257993 0.130182 0.222386 0.364641
50.750751 0.275171 0.229131 0.104653 0.373058
50.850851 0.244199 0.288113 -0.031578 0.378998
50.950951 0.172523 0.299123 -0.162621 0.381686
51.051051 0.072705 0.261304 -0.267085 0.380658
51.151151 -0.038971 0.180510 -0.327462 0.375944
51.251251 -0.143693 0.068882 -0.331430 0.367747
51.351351 -0.221513 -0.055131 -0.274096 0.356702
51.451451 -0.254532 -0.167650 -0.161833 0.345084
51.551552 -0.231551 -0.242930 -0.014484 0.335918
51.651652 -0.153704 -0.260350 0.135861 0.331460
51.751752 -0.037974 -0.213434 0.252474 0.332775
51.851852 0.087188 -0.114329 0.307586 0.339533
51.951952 0.192690 0.011314 0.292228 0.350221
52.052052 0.258414 0.135054 0.215907 0.362813
52.152152 0.276231 0.234043 0.099141 0.375378
52.252252 0.247899 0.294139 -0.034493 0.386214
52.352352 0.181520 0.309225 -0.163031 0.393889
52.452452 0.088883 0.279677 -0.268127 0.397506
52.552553 -0.016152 0.211135 -0.335849 0.397031
52.652653 -0.118842 0.113254 -0.356741 0.392701
52.752753 -0.204240 -0.000783 -0.326199 0.384864
52.852853 -0.258193 -0.114436 -0.245823 0.374417
52.952953 -0.269025 -0.208691 -0.124811 0.362635
53.053053 -0.230595 -0.264438 0.018625 0.351352
53.153153 -0.146191 -0.267143 0.157875 0.343019
53.253253 -0.030626 -0.212488 0.262862 0.339390
53.353353 0.091670 -0.110735 0.309493 0.341250
53.453453 0.194098 0.015272 0.288674 0.348195
53.553554 0.256631 0.138384 0.208161 0.358247
53.653654 0.270240 0.235326 0.087656 0.368906
53.753754 0.236401 0.291130 -0.048504 0.378146
53.853854 0.164214 0.299879 -0.177048 0.385019
53.953954 0.067034 0.263109 -0.278825 0.389183
54.054054 -0.039981 0.187736 -0.339691 0.390170
54.154154 -0.141064 0.084949 -0.350805 0.387530
54.254254 -0.220952 -0.030407 -0.309495 0.381486
54.354354 -0.266280 -0.140810 -0.220064 0.373042
54.454454 -0.267119 -0.227449 -0.094216 0.363266
54.554555 -0.219764 -0.272807 0.048270 0.353624
54.654655 -0.129667 -0.264784 0.180897 0.345902
54.754755 -0.012778 -0.201670 0.275587 0.341734
54.854855 0.106740 -0.095221 0.310870 0.342199
54.954955 0.203450 0.031695 0.279553 0.347198
55.055055 0.258611 0.152338 0.190848 0.355682
55.155155 0.264453 0.244119 0.065472 0.365809
55.255255 0.223936 0.293315 -0.071692 0.375927
55.355355 0.147361 0.295459 -0.197571 0.384767
55.455455 0.048542 0.253144 -0.293833 0.390866
55.555556 -0.057314 0.174295 -0.347739 0.393174
55.655656 -0.154955 0.070692 -0.352139 0.391165
55.755756 -0.229844 -0.043056 -0.305177 0.384467
55.855856 -0.269101 -0.149905 -0.211233 0.373506
55.955956 -0.262968 -0.231176 -0.082094 0.359630
56.056056 -0.207359 -0.268571 0.061935 0.344912
56.156156 -0.107720 -0.248357 0.191955 0.331861
56.256256 0.017413 -0.168309 0.274999 0.322886
56.356356 0.137603 -0.044328 0.285621 0.320123
56.456456 0.220612 0.091583 0.219138 0.324158
56.556557 0.246094 0.203856 0.095155 0.333428
56.656657 0.212495 0.267566 -0.052226 0.345649
56.756757 0.133146 0.274089 -0.188982 0.358562
56.856857 0.027974 0.227953 -0.289817 0.369783
56.956957 -0.082318 0.141800 -0.340110 0.377569
57.057057 -0.179222 0.032332 -0.334718 0.381054
57.157157 -0.247667 -0.082265 -0.276182 0.379978
57.257257 -0.276543 -0.183618 -0.173669 0.374636
57.357357 -0.259434 -0.254266 -0.042529 0.365740
57.457457 -0.196010 -0.279243 0.095792 0.354362
57.557558 -0.094298 -0.249228 0.214748 0.342233
57.657658 0.027527 -0.164992 0.286339 0.331618
57.757758 0.142327 -0.041596 0.289184 0.324984
57.857858 0.220859 0.092093 0.218787 0.324234
57.957958 0.243065 0.202351 0.092510 0.329522
58.058058 0.206051 0.263547 -0.056654 0.339299
58.158158 0.122895 0.266128 -0.193725 0.351364
58.258258 0.014854 0.215448 -0.292486 0.363575
58.358358 -0.096147 0.125819 -0.338813 0.373990
58.458458 -0.191491 0.015285 -0.329354 0.381283
58.558559 -0.257166 -0.097696 -0.268753 0.384587
58.658659 -0.283915 -0.195872 -0.167496 0.383443
58.758759 -0.267233 -0.263985 -0.040762 0.377840
58.858859 -0.207834 -0.289722 0.092224 0.368292
58.958959 -0.112618 -0.265160 0.208774 0.355779
59.059059 0.003965 -0.189383 0.284383 0.341694
59.159159 0.119115 -0.072642 0.297557 0.328642
59.259259 0.204583 0.061269 0.237951 0.319732
59.359359 0.235587 0.178562 0.115449 0.317355
59.459459 0.202997 0.247701 -0.038286 0.322536
59.559560 0.117923 0.253109 -0.182579 0.333624
59.659660 0.004777 0.199070 -0.284594 0.347340
59.759760 -0.109793 0.103191 -0.327465 0.360467
59.859860 -0.203991 -0.012365 -0.308797 0.370298
59.959960 -0.262682 -0.125904 -0.236180 0.375013
60.060060 -0.277232 -0.218300 -0.123857 0.373969
60.160160 -0.245057 -0.273807 0.009199 0.367570
60.260260 -0.169662 -0.280788 0.140288 0.356802
60.360360 -0.061839 -0.233578 0.243796 0.343248
60.460460 0.058833 -0.135881 0.293779 0.328985
60.560561 0.164309 -0.005214 0.271004 0.316967
60.660661 0.224184 0.126268 0.173943 0.310577
60.760761 0.218516 0.220646 0.026305 0.311651
60.860861 0.149500 0.251255 -0.129249 0.319663
60.960961 0.039816 0.214114 -0.250521 0.331950
61.061061 -0.080035 0.124692 -0.311335 0.344794
61.161161 -0.182928 0.007798 -0.304640 0.355428
61.261261 -0.249839 -0.110891 -0.237637 0.362199
61.361361 -0.269827 -0.208790 -0.125950 0.363680
61.461461 -0.239410 -0.267611 0.009154 0.359189
61.561562 -0.162527 -0.274240 0.142113 0.349025
61.661662 -0.051543 -0.222745 0.244394 0.334664
61.761762 0.071075 -0.118460 0.287825 0.319262
61.861862 0.173446 0.017406 0.252441 0.306779
61.961962 0.222313 0.147275 0.140106 0.301235
62.062062 0.199927 0.229884 -0.017050 0.305137
62.162162 0.115609 0.241691 -0.169527 0.317048
62.262262 -0.001430 0.186234 -0.275697 0.332707
62.362362 -0.118788 0.085324 -0.315651 0.347889
62.462462 -0.211414 -0.034088 -0.288803 0.359535
62.562563 -0.263729 -0.147238 -0.206539 0.365910
62.662663 -0.268335 -0.233799 -0.086845 0.366344
62.762763 -0.224671 -0.278215 0.048345 0.360857
62.862863 -0.138994 -0.270359 0.174132 0.350336
62.962963 -0.025257 -0.207226 0.263742 0.336363
63.063063 0.093660 -0.096563 0.291876 0.321385
63.163163 0.187093 0.038864 0.242811 0.308984
63.263263 0.224822 0.162130 0.122318 0.302973
63.363363 0.192324 0.234624 -0.036196 0.305528
63.463463 0.100835 0.235458 -0.184054 0.315411
63.563564 -0.019437 0.170256 -0.281100 0.329215
63.663664 -0.135556 0.062673 -0.309273 0.343443
63.763764 -0.222759 -0.058958 -0.270475 0.355323
63.863864 -0.266541 -0.169320 -0.178629 0.362797
63.963964 -0.261496 -0.248762 -0.053916 0.364924
64.064064 -0.209571 -0.283552 0.080381 0.361639
64.164164 -0.119105 -0.265980 0.199581 0.353219
64.264264 -0.005351 -0.195711 0.278742 0.340630
64.364364 0.108968 -0.082356 0.295556 0.325592
64.464464 0.194728 0.051207 0.236928 0.310928
64.564565 0.223054 0.168908 0.109535 0.300467
64.664665 0.179037 0.231355 -0.052692 0.297247
64.764765 0.074970 0.216251 -0.197313 0.302188
64.864865 -0.053483 0.132225 -0.279837 0.314090
64.964965 -0.167541 0.010127 -0.283396 0.329372
65.065065 -0.240800 -0.115175 -0.216861 0.343917
65.165165 -0.262148 -0.216017 -0.103032 0.354966
65.265265 -0.231467 -0.274098 0.031409 0.360129
65.365365 -0.156407 -0.279642 0.159850 0.358071
65.465465 -0.050984 -0.230568 0.256775 0.348847
65.565566 0.064771 -0.132945 0.298986 0.333560
65.665666 0.164125 -0.004001 0.268928 0.315080
65.765766 0.215812 0.124865 0.162586 0.297658
65.865866 0.194544 0.210608 0.002619 0.286723
65.965966 0.100508 0.217068 -0.157580 0.286447
66.066066 -0.031728 0.141819 -0.259052 0.297031
66.166166 -0.154261 0.017707 -0.273239 0.314277
66.266266 -0.233228 -0.112608 -0.208493 0.332483
66.366366 -0.255659 -0.216193 -0.092375 0.347324
66.466466 -0.223465 -0.273895 0.043936 0.356210
66.566567 -0.147110 -0.277591 0.171741 0.358041
66.666667 -0.042324 -0.227514 0.266173 0.352707
66.766767 0.070697 -0.131656 0.306592 0.341071
66.866867 0.167364 -0.006977 0.278488 0.324984
66.966967 0.220338 0.118556 0.179101 0.307703
67.067067 0.206621 0.207360 0.026745 0.293948
67.167167 0.122007 0.224301 -0.133743 0.288243
67.267267 -0.007021 0.159478 -0.245378 0.292734
67.367367 -0.134285 0.038551 -0.271823 0.305625
67.467467 -0.221058 -0.095264 -0.214449 0.322382
67.567568 -0.249976 -0.204799 -0.099994 0.338274
67.667668 -0.221927 -0.268088 0.037875 0.350082
67.767768 -0.148505 -0.276829 0.168386 0.356430
67.867868 -0.046517 -0.232411 0.266639 0.356756
67.967968 0.064237 -0.143658 0.313858 0.351099
68.068068 0.161785 -0.026396 0.298055 0.340158
68.168168 0.223180 0.096107 0.216614 0.325526
68.268268 0.228214 0.193709 0.081396 0.310210
68.368368 0.167617 0.234945 -0.076265 0.298514
68.468468 0.053402 0.200312 -0.208483 0.294010
68.568569 -0.078815 0.098024 -0.270229 0.298067
68.668669 -0.186099 -0.036501 -0.244687 0.309575
68.768769 -0.240228 -0.161360 -0.148140 0.325103
68.868869 -0.234996 -0.246945 -0.014110 0.341180
68.968969 -0.179445 -0.280056 0.123533 0.354813
69.069069 -0.089492 -0.259805 0.237977 0.363512
69.169169 0.016415 -0.193517 0.310407 0.366157
69.269269 0.119475 -0.093975 0.329452 0.362828
69.369369 0.201245 0.021916 0.290375 0.353974
69.469469 0.244449 0.133226 0.196209 0.340591
69.569570 0.235142 0.215423 0.060621 0.324613
69.669670 0.167782 0.243809 -0.089014 0.309058
69.769770 0.053006 0.202374 -0.212144 0.297943
69.869870 -0.078106 0.096548 -0.266925 0.294399
69.969970 -0.183430 -0.041303 -0.233359 0.299681
70.070070 -0.231746 -0.166882 -0.126440 0.312318
70.170170 -0.215895 -0.246848 0.016362 0.328347
70.270270 -0.148028 -0.267902 0.156046 0.343561
70.370370 -0.048832 -0.232854 0.263580 0.355078
70.470470 0.059822 -0.153540 0.321289 0.361082
70.570571 0.157592 -0.046312 0.320573 0.360204
70.670671 0.226289 0.069262 0.261006 0.352318
70.770771 0.250354 0.170811 0.150496 0.338383
70.870871 0.218835 0.233925 0.007322 0.320411
70.970971 0.130743 0.235754 -0.136555 0.302194
71.071071 0.003068 0.164609 -0.236741 0.288360
71.171171 -0.124851 0.035415 -0.252099 0.283542
71.271271 -0.206293 -0.107036 -0.173504 0.290030
71.371371 -0.215906 -0.212885 -0.033516 0.305055
71.471471 -0.159926 -0.254909 0.117900 0.323195
71.571572 -0.062671 -0.232114 0.240313 0.339934
71.671672 0.048746 -0.158389 0.310656 0.352094
71.771772 0.150785 -0.053248 0.319846 0.357593
71.871872 0.224556 0.061921 0.269006 0.355843
71.971972 0.255429 0.165054 0.167081 0.346991
72.072072 0.233540 0.233737 0.031166 0.331881
72.172172 0.156596 0.246646 -0.111108 0.312573
72.272272 0.036005 0.189429 -0.220388 0.292832
72.372372 -0.095538 0.067610 -0.252383 0.278201
72.472472 -0.187719 -0.080336 -0.182930 0.274146
72.572573 -0.201410 -0.194887 -0.036705 0.282656
72.672673 -0.137390 -0.235169 0.125042 0.299693
72.772773 -0.027558 -0.198581 0.247362 0.318405
72.872873 0.090694 -0.107024 0.302481 0.333428
72.972973 0.187763 0.010531 0.285480 0.341855
73.073073 0.243503 0.125910 0.205433 0.342564
73.173173 0.246104 0.213709 0.080706 0.335786
73.273273 0.192134 0.252048 -0.062078 0.322951
73.373373 0.089134 0.225343 -0.187958 0.306680
73.473473 -0.039518 0.131778 -0.256798 0.291328
73.573574 -0.153472 -0.006370 -0.236629 0.282113
73.673674 -0.208893 -0.141571 -0.126970 0.282489
73.773774 -0.185432 -0.223660 0.031145 0.292197
73.873874 -0.097896 -0.229311 0.179742 0.307367
73.973974 0.019452 -0.166840 0.276111 0.323189
74.074074 0.132542 -0.061481 0.302693 0.336111
74.174174 0.216072 0.058114 0.260997 0.343779
74.274274 0.254368 0.165680 0.164461 0.345254
74.374374 0.240259 0.239039 0.034152 0.340632
74.474474 0.174586 0.260818 -0.103079 0.330351
74.574575 0.068057 0.220934 -0.215268 0.315886
74.674675 -0.055995 0.121951 -0.268779 0.300416
74.774775 -0.161588 -0.014126 -0.238250 0.288224
74.874875 -0.209786 -0.144396 -0.124255 0.283372
74.974975 -0.179954 -0.220817 0.035752 0.287092
75.075075 -0.084764 -0.217492 0.183438 0.296879
75.175175 0.039133 -0.141925 0.271077 0.308476
75.275275 0.152053 -0.023708 0.278509 0.318197
75.375375 0.224174 0.101307 0.210573 0.323818
75.475475 0.238985 0.200523 0.088654 0.324319
75.575576 0.193211 0.248811 -0.055601 0.319889
75.675676 0.096675 0.231362 -0.184710 0.311436
75.775776 -0.026930 0.148042 -0.260499 0.300835
75.875876 -0.141343 0.018720 -0.254023 0.291301
75.975976 -0.206723 -0.116393 -0.160455 0.286405
76.076076 -0.197567 -0.209377 -0.009272 0.288023
76.176176 -0.118251 -0.228304 0.145640 0.295494
76.276276 0.000442 -0.172141 0.253424 0.306360
76.376376 0.119697 -0.064850 0.287051 0.317696
76.476476 0.207892 0.060010 0.245103 0.326949
76.576577 0.246206 0.170749 0.143939 0.332401
76.676677 0.228473 0.242704 0.009881 0.333471
76.776777 0.159204 0.259804 -0.126245 0.329821
76.876877 0.052931 0.216200 -0.232562 0.321915
76.976977 -0.066130 0.118590 -0.280090 0.311267
77.077077 -0.166229 -0.011313 -0.249818 0.300281
77.177177 -0.214829 -0.137017 -0.143169 0.292272
77.277277 -0.191882 -0.216706 0.010598 0.289642
77.377377 -0.103267 -0.222225 0.160731 0.293057
77.477477 0.019882 -0.154027 0.257989 0.301128
77.577578 0.137408 -0.037983 0.275994 0.310639
77.677678 0.216405 0.089271 0.215791 0.318380
77.777778 0.238517 0.193282 0.098535 0.322424
77.877878 0.199849 0.248025 -0.043808 0.321520
77.977978 0.109654 0.238618 -0.174559 0.315331
78.078078 -0.010116 0.164051 -0.257052 0.305108
78.178178 -0.126073 0.040604 -0.261675 0.293287
78.278278 -0.198767 -0.095644 -0.178164 0.283546
78.378378 -0.197882 -0.196018 -0.029389 0.280078
78.478478 -0.121156 -0.221152 0.130484 0.283925
78.578579 0.001023 -0.164040 0.242462 0.292742
78.678679 0.123576 -0.050630 0.272393 0.303368
78.778779 0.208855 0.078922 0.218883 0.312664
78.878879 0.236110 0.186898 0.104050 0.318599
78.978979 0.201449 0.245991 -0.038259 0.320245
79.079079 0.114672 0.241322 -0.170487 0.316941
79.179179 -0.002556 0.172076 -0.256716 0.309063
79.279279 -0.118449 0.053738 -0.268738 0.298560
79.379379 -0.195811 -0.080907 -0.195061 0.287988
79.479479 -0.202890 -0.185767 -0.052466 0.280047
79.579580 -0.131424 -0.218295 0.109832 0.277467
79.679680 -0.007731 -0.164097 0.228516 0.281438
79.779780 0.119505 -0.046959 0.260476 0.290404
79.879880 0.205472 0.087285 0.201183 0.300520
79.979980 0.226144 0.194263 0.077264 0.307976
80.080080 0.179608 0.243704 -0.069906 0.310705
80.180180 0.080820 0.222133 -0.196571 0.307433
80.280280 -0.041986 0.133595 -0.263420 0.298329
80.380380 -0.150106 0.001687 -0.243061 0.285680
80.480480 -0.201044 -0.129542 -0.132050 0.273198
80.580581 -0.165921 -0.204401 0.034143 0.265472
80.680681 -0.054109 -0.184280 0.183812 0.265845
80.780781 0.083244 -0.078283 0.248345 0.273373
80.880881 0.185326 0.062538 0.205225 0.283503
80.980981 0.214675 0.179465 0.080605 0.291188
81.081081 0.165235 0.230812 -0.074016 0.293352
81.181181 0.056557 0.199286 -0.201919 0.289284
81.281281 -0.072655 0.093555 -0.253796 0.280078
81.381381 -0.170777 -0.049602 -0.200896 0.268299
81.481481 -0.188807 -0.168340 -0.055478 0.258967
81.581582 -0.110911 -0.200945 0.117237 0.257730
81.681682 0.024253 -0.130512 0.230474 0.265969
81.781782 0.149389 0.002215 0.236183 0.279471
81.881882 0.214223 0.135361 0.144630 0.291774
81.981982 0.201622 0.220177 -0.000083 0.298546
82.082082 0.120526 0.230289 -0.144906 0.297586
82.182182 -0.001606 0.161491 -0.239654 0.288991
82.282282 -0.122100 0.033324 -0.244620 0.275424
82.382382 -0.189178 -0.107463 -0.145446 0.261708
82.482482 -0.162894 -0.194042 0.023788 0.254465
82.582583 -0.050491 -0.177754 0.180030 0.257986
82.682683 0.088740 -0.070325 0.245472 0.270327
82.782783 0.189513 0.070186 0.200707 0.284824
82.882883 0.217175 0.184567 0.077122 0.295259
82.982983 0.168823 0.234739 -0.074030 0.298469
83.083083 0.063648 0.205868 -0.200216 0.294141
83.183183 -0.063172 0.105444 -0.256050 0.284026
83.283283 -0.164398 -0.034666 -0.212598 0.270973
83.383383 -0.191148 -0.157535 -0.075093 0.258832
83.483483 -0.120402 -0.198991 0.099157 0.252837
83.583584 0.015620 -0.132320 0.219291 0.256595
83.683684 0.144607 0.004261 0.225516 0.267931
83.783784 0.207834 0.140504 0.126839 0.281113
83.883884 0.187697 0.221257 -0.023989 0.291136
83.983984 0.099329 0.222049 -0.166783 0.294938
84.084084 -0.023622 0.145478 -0.251433 0.291446
84.184184 -0.137401 0.016857 -0.244969 0.281377
84.284284 -0.195060 -0.117196 -0.140583 0.267482
84.384384 -0.162326 -0.195715 0.027153 0.255717
84.484484 -0.045510 -0.171717 0.179151 0.252296
84.584585 0.096241 -0.054634 0.234458 0.259264
84.684685 0.191016 0.091281 0.172148 0.272863
84.784785 0.203636 0.199219 0.033913 0.286890
84.884885 0.139912 0.233259 -0.118196 0.296573
84.984985 0.028480 0.188290 -0.230778 0.299204
85.085085 -0.092198 0.081428 -0.267314 0.294258
85.185185 -0.180358 -0.052911 -0.211394 0.282871
85.285285 -0.197967 -0.165450 -0.074401 0.268515
85.385385 -0.127103 -0.202858 0.094094 0.257216
85.485485 0.006930 -0.138265 0.214090 0.254951
85.585586 0.137762 -0.002101 0.223885 0.262882
85.685686 0.204225 0.136532 0.126885 0.276494
85.785786 0.186932 0.220235 -0.023713 0.289844
85.885886 0.102281 0.225329 -0.166868 0.298462
85.985986 -0.016257 0.156317 -0.255541 0.300000
86.086086 -0.129293 0.036858 -0.261336 0.293891
86.186186 -0.197385 -0.094530 -0.177585 0.281839
86.286286 -0.189160 -0.188396 -0.026600 0.268295
86.386386 -0.097831 -0.198344 0.134382 0.258785
86.486486 0.040692 -0.111387 0.228743 0.257655
86.586587 0.159478 0.031183 0.209827 0.265392
86.686687 0.206261 0.160837 0.094468 0.278094
86.786787 0.170549 0.227066 -0.059999 0.290251
86.886887 0.074188 0.213296 -0.194229 0.297866
86.986987 -0.046589 0.130083 -0.265643 0.299430
87.087087 -0.152385 0.005580 -0.252431 0.294913
87.187187 -0.207177 -0.120213 -0.155576 0.285617
87.287287 -0.186384 -0.201425 -0.003023 0.274445
87.387387 -0.089839 -0.199819 0.149358 0.265154
87.487487 0.046505 -0.108309 0.233542 0.261602
87.587588 0.161248 0.033774 0.208860 0.266016
87.687688 0.204895 0.161726 0.090973 0.276430
87.787788 0.167013 0.226182 -0.064370 0.288436
87.887888 0.070226 0.211731 -0.198281 0.298458
87.987988 -0.049101 0.130616 -0.270452 0.304328
88.088088 -0.154148 0.010901 -0.263067 0.305098
88.188188 -0.214153 -0.111833 -0.179058 0.300716
88.288288 -0.208818 -0.200064 -0.040977 0.292078
88.388388 -0.134464 -0.221583 0.109787 0.281483
88.488488 -0.011146 -0.161237 0.218843 0.272055
88.588589 0.115935 -0.035531 0.237980 0.267092
88.688689 0.192899 0.105207 0.154720 0.268732
88.788789 0.188310 0.201830 0.005515 0.276092
88.888889 0.109708 0.219823 -0.146880 0.286237
88.988989 -0.008179 0.160200 -0.248295 0.295603
89.089089 -0.123982 0.048925 -0.270539 0.301590
89.189189 -0.202784 -0.077243 -0.211616 0.303099
89.289289 -0.221466 -0.180382 -0.090144 0.299517
89.389389 -0.172071 -0.227757 0.058575 0.291398
89.489489 -0.065878 -0.199253 0.186932 0.281043
89.589590 0.063763 -0.097609 0.245494 0.271773
89.689690 0.166960 0.042870 0.204662 0.267582
89.789790 0.199823 0.165188 0.077762 0.270672
89.889890 0.151332 0.220731 -0.081500 0.279760
89.989990 0.046049 0.194255 -0.211374 0.290748
90.090090 -0.075319 0.102490 -0.271182 0.299527
90.190190 -0.174118 -0.020909 -0.248374 0.304046
90.290290 -0.222329 -0.138306 -0.153298 0.303413
90.390390 -0.205364 -0.214961 -0.013572 0.297602
90.490490 -0.124743 -0.224508 0.129660 0.287710
90.590591 -0.001937 -0.156957 0.227320 0.276249
90.690691 0.120502 -0.029229 0.236047 0.266633
90.790791 0.189895 0.110151 0.142648 0.261805
90.890891 0.172256 0.198890 -0.015899 0.263595
90.990991 0.077133 0.198631 -0.167979 0.271331
91.091091 -0.050720 0.115827 -0.251335 0.281349
91.191191 -0.160323 -0.011003 -0.240807 0.289504
91.291291 -0.215080 -0.134533 -0.147219 0.293312
91.391391 -0.198701 -0.213578 -0.004922 0.291756
91.491491 -0.115397 -0.220353 0.138539 0.284719
91.591592 0.009171 -0.147223 0.230834 0.273940
91.691692 0.128953 -0.015413 0.229310 0.263533
91.791792 0.189740 0.122189 0.124726 0.257853
91.891892 0.159650 0.201096 -0.039342 0.259760
91.991992 0.054634 0.186236 -0.185843 0.268712
92.092092 -0.074648 0.091672 -0.254224 0.280368
92.192192 -0.176761 -0.038296 -0.227084 0.290307
92.292292 -0.219197 -0.155821 -0.122563 0.295549
92.392392 -0.190851 -0.223084 0.021615 0.294377
92.492492 -0.100393 -0.217483 0.158375 0.287159
92.592593 0.024496 -0.135994 0.238911 0.275994
92.692693 0.138457 -0.001819 0.224585 0.263841
92.792793 0.188863 0.131714 0.109338 0.254897
92.892893 0.145033 0.198905 -0.059553 0.253267
92.992993 0.027241 0.164911 -0.198440 0.259453
93.093093 -0.104603 0.051591 -0.243395 0.269897
93.193193 -0.192688 -0.084862 -0.184250 0.279782
93.293293 -0.206355 -0.189025 -0.053236 0.284863
93.393393 -0.143792 -0.223436 0.097556 0.283050
93.493493 -0.027399 -0.173606 0.210953 0.274574
93.593594 0.099126 -0.052590 0.236082 0.261393
93.693694 0.176382 0.091758 0.147992 0.247855
93.793794 0.154892 0.183360 -0.020930 0.240937
93.893894 0.040681 0.164938 -0.176940 0.245290
93.993994 -0.098209 0.051294 -0.232709 0.257739
94.094094 -0.189445 -0.089874 -0.171694 0.271009
94.194194 -0.199037 -0.193306 -0.035223 0.279684
94.294294 -0.129984 -0.220685 0.115649 0.281020
94.394394 -0.010501 -0.162080 0.221115 0.274357
94.494494 0.112255 -0.036291 0.233196 0.261340
94.594595 0.179393 0.105070 0.133275 0.246949
94.694695 0.144849 0.185249 -0.039801 0.238500
94.794795 0.020629 0.150125 -0.187331 0.240948
94.894895 -0.117417 0.023380 -0.222515 0.252679
94.994995 -0.194775 -0.117861 -0.139150 0.266816
95.095095 -0.183878 -0.206797 0.008881 0.276866
95.195195 -0.097678 -0.211546 0.154010 0.279306
95.295295 0.027181 -0.132205 0.237651 0.273303
95.395395 0.139344 0.002461 0.219724 0.260195
95.495495 0.181525 0.133745 0.094593 0.244514
95.595596 0.117059 0.184504 -0.083247 0.233826
95.695696 -0.024518 0.112244 -0.204079 0.234196
95.795796 -0.150630 -0.036101 -0.188425 0.243920
95.895896 -0.186650 -0.164651 -0.057436 0.255435
95.995996 -0.122859 -0.206224 0.105838 0.262345
96.096096 0.002008 -0.145700 0.217118 0.261482
96.196196 0.125324 -0.013128 0.220137 0.253651
96.296296 0.180152 0.124968 0.105280 0.243219
96.396396 0.126024 0.186099 -0.071220 0.235770
96.496496 -0.010113 0.125472 -0.200411 0.236664
96.596597 -0.140885 -0.016641 -0.201376 0.246329
96.696697 -0.191635 -0.151143 -0.085258 0.258529
96.796797 -0.145419 -0.210211 0.075533 0.266534
96.896897 -0.031262 -0.171491 0.201656 0.266555
96.996997 0.096918 -0.053126 0.233330 0.258183
97.097097 0.173962 0.090710 0.145653 0.244348
97.197197 0.146519 0.178145 -0.026695 0.232199
97.297297 0.020147 0.143806 -0.178826 0.230358
97.397397 -0.121219 0.009085 -0.207623 0.240591
97.497497 -0.189614 -0.133866 -0.107381 0.255743
97.597598 -0.159175 -0.208535 0.051024 0.267258
97.697698 -0.054867 -0.187180 0.186855 0.270114
97.797798 0.073745 -0.082113 0.238745 0.263021
97.897898 0.164969 0.061314 0.174393 0.247765
97.997998 0.159160 0.166139 0.011191 0.230346
98.098098 0.041675 0.151589 -0.155749 0.221300
98.198198 -0.108235 0.017506 -0.199175 0.227359
98.298298 -0.180330 -0.132512 -0.094489 0.242912
98.398398 -0.140335 -0.202280 0.072038 0.256516
98.498498 -0.024019 -0.163299 0.201238 0.260270
98.598599 0.104329 -0.039710 0.225512 0.251628
98.698699 0.170761 0.104245 0.120650 0.233630
98.798799 0.115836 0.170712 -0.064960 0.216287
98.898899 -0.036803 0.089360 -0.190173 0.213320
98.998999 -0.158551 -0.073898 -0.145632 0.227614
99.099099 -0.161737 -0.185553 0.013179 0.246501
99.199199 -0.064514 -0.184360 0.167253 0.257147
99.299299 0.068413 -0.082412 0.230637 0.254294
99.399399 0.161428 0.064409 0.164174 0.239083
99.499499 0.144764 0.164127 -0.008928 0.219030
99.599600 0.007800 0.122952 -0.168001 0.208332
99.699700 -0.136060 -0.036562 -0.164397 0.216508
99.799800 -0.162669 -0.168741 -0.012996 0.234742
99.899900 -0.072042 -0.182462 0.152401 0.248412
100.000000 0.063712 -0.084564 0.226262 0.249809
