0.000000 0.536191 -0.240705 -0.667811 0.889613
0.100100 0.621858 -0.226767 -0.604422 0.896357
0.200200 0.699313 -0.209844 -0.533084 0.904019
0.300300 0.767761 -0.190228 -0.454912 0.912463
0.400400 0.826605 -0.168240 -0.371075 0.921563
0.500501 0.875433 -0.144223 -0.282769 0.931204
0.600601 0.914022 -0.118524 -0.191176 0.941293
0.700701 0.942314 -0.091498 -0.097454 0.951748
0.800801 0.960268 -0.063476 -0.002687 0.962367
0.900901 0.967961 -0.034782 0.092086 0.972954
1.001001 0.965697 -0.005737 0.185891 0.983443
1.101101 0.953906 0.023357 0.277839 0.993819
1.201201 0.932980 0.052221 0.367102 1.003963
1.301301 0.903316 0.080587 0.452901 1.013702
1.401401 0.865336 0.108202 0.534502 1.022842
1.501502 0.819568 0.134836 0.611265 1.031270
1.601602 0.766594 0.160274 0.682623 1.038907
1.701702 0.706946 0.184306 0.748002 1.045585
1.801802 0.641194 0.206736 0.806886 1.051158
1.901902 0.569974 0.227389 0.858848 1.055555
2.002002 0.493923 0.246100 0.903481 1.058680
2.102102 0.413739 0.262737 0.940504 1.060546
2.202202 0.330133 0.277180 0.969681 1.061178
2.302302 0.243826 0.289331 0.990847 1.060633
2.402402 0.155565 0.299130 1.003966 1.059069
2.502503 0.066076 0.306514 1.008982 1.056580
2.602603 -0.023915 0.311448 1.005941 1.053323
2.702703 -0.113690 0.313913 0.994929 1.049453
2.802803 -0.202528 0.313873 0.975985 1.045026
2.902903 -0.289696 0.311289 0.949139 1.040043
3.003003 -0.374452 0.306145 0.914490 1.034519
3.103103 -0.456028 0.298427 0.872160 1.028437
3.203203 -0.533668 0.288152 0.822363 1.021819
3.303303 -0.606691 0.275400 0.765504 1.014848
3.403403 -0.674453 0.260274 0.702052 1.007723
3.503504 -0.736305 0.242881 0.632492 1.000591
3.603604 -0.791617 0.223342 0.557354 0.993571
3.703704 -0.839786 0.201800 0.477223 0.986765
3.803804 -0.880277 0.178423 0.392763 0.980298
3.903904 -0.912632 0.153407 0.304705 0.974308
4.004004 -0.936457 0.126967 0.213831 0.968915
4.104104 -0.951431 0.099336 0.120966 0.964220
4.204204 -0.957259 0.070760 0.026970 0.960249
4.304304 -0.953663 0.041497 -0.067260 0.956932
4.404404 -0.940608 0.011831 -0.160797 0.954326
4.504505 -0.918172 -0.017944 -0.252698 0.952480
4.604605 -0.886428 -0.047527 -0.342006 0.951305
4.704705 -0.845601 -0.076613 -0.427778 0.950739
4.804805 -0.796048 -0.104899 -0.509103 0.950727
4.904905 -0.738317 -0.132097 -0.585168 0.951306
5.005005 -0.673078 -0.157942 -0.655247 0.952538
5.105105 -0.601072 -0.182188 -0.718703 0.954470
5.205205 -0.523106 -0.204614 -0.774989 0.957139
5.305305 -0.440016 -0.225021 -0.823639 0.960537
5.405405 -0.352659 -0.243228 -0.864240 0.964593
5.505506 -0.261922 -0.259084 -0.896494 0.969242
5.605606 -0.168735 -0.272488 -0.920270 0.974483
5.705706 -0.074012 -0.283367 -0.935524 0.980295
5.805806 0.021360 -0.291656 -0.942235 0.986573
5.905906 0.116508 -0.297288 -0.940365 0.993097
6.006006 0.210579 -0.300235 -0.930009 0.999701
6.106106 0.302743 -0.300501 -0.911356 1.006243
6.206206 0.392213 -0.298118 -0.884671 1.012594
6.306306 0.478289 -0.293173 -0.850392 1.018763
6.406406 0.560377 -0.285799 -0.809068 1.024839
6.506507 0.637999 -0.276158 -0.761333 1.030987
6.606607 0.710716 -0.264405 -0.707783 1.037297
6.706707 0.778069 -0.250669 -0.648929 1.043712
6.806807 0.839664 -0.235087 -0.585304 1.050182
6.906907 0.895188 -0.217815 -0.517476 1.056686
7.007007 0.944331 -0.198999 -0.445989 1.063140
7.107107 0.986811 -0.178787 -0.371384 1.069433
7.207207 1.022478 -0.157349 -0.294239 1.075545
7.307307 1.051219 -0.134853 -0.215127 1.081447
7.407407 1.072990 -0.111470 -0.134611 1.087131
7.507508 1.087844 -0.087376 -0.053252 1.092645
7.607608 1.095758 -0.062732 0.028422 1.097920
7.707708 1.096766 -0.037700 0.109893 1.102902
7.807808 1.091030 -0.012443 0.190666 1.107635
7.907908 1.078653 0.012882 0.270252 1.112068
8.008008 1.059708 0.038120 0.348167 1.116089
8.108108 1.034366 0.063120 0.423955 1.119658
8.208208 1.002822 0.087734 0.497175 1.122734
8.308308 0.965269 0.111813 0.567387 1.125244
8.408408 0.922001 0.135223 0.634214 1.127208
8.508509 0.873366 0.157836 0.697319 1.128687
8.608609 0.819646 0.179520 0.756331 1.129639
8.708709 0.761104 0.200137 0.810860 1.129968
8.808809 0.698018 0.219547 0.860507 1.129558
8.908909 0.630738 0.237626 0.904946 1.128372
9.009009 0.559666 0.254262 0.943899 1.126419
9.109109 0.485226 0.269353 0.977122 1.123727
9.209209 0.407849 0.282796 1.004371 1.120301
9.309309 0.327997 0.294502 1.025460 1.116191
9.409409 0.246183 0.304420 1.040330 1.111559
9.509510 0.162895 0.312480 1.048855 1.106470
9.609610 0.078622 0.318595 1.050855 1.100900
9.709710 -0.006124 0.322678 1.046165 1.094815
9.809810 -0.090798 0.324627 1.034558 1.088089
9.909910 -0.174818 0.324342 1.015838 1.080595
10.010010 -0.257581 0.321775 0.989980 1.072356
10.110110 -0.338475 0.316909 0.957052 1.063459
10.210210 -0.416828 0.309693 0.917035 1.053854
10.310310 -0.491886 0.300054 0.869849 1.043370
10.410410 -0.562920 0.287979 0.815607 1.032001
10.510511 -0.629236 0.273507 0.754585 1.019874
10.610611 -0.690066 0.256666 0.687035 1.007018
10.710711 -0.744603 0.237499 0.613267 0.993446
10.810811 -0.792061 0.216088 0.533712 0.979236
10.910911 -0.831681 0.192551 0.448916 0.964518
11.011011 -0.862751 0.167046 0.359543 0.949481
11.111111 -0.884627 0.139772 0.266376 0.934375
11.211211 -0.896694 0.110960 0.170293 0.919441
11.311311 -0.898267 0.080862 0.072257 0.904789
11.411411 -0.888768 0.049779 -0.026632 0.890559
11.511512 -0.867851 0.018068 -0.125142 0.877013
11.611612 -0.835333 -0.013873 -0.221941 0.864425
11.711712 -0.791148 -0.045608 -0.315598 0.852993
11.811812 -0.735426 -0.076664 -0.404610 0.842875
11.911912 -0.668704 -0.106562 -0.487533 0.834391
12.012012 -0.591855 -0.134833 -0.563031 0.827935
12.112112 -0.505936 -0.161024 -0.629854 0.823782
12.212212 -0.412232 -0.184722 -0.686937 0.822156
12.312312 -0.312156 -0.205545 -0.733337 0.823088
12.412412 -0.207303 -0.223204 -0.768457 0.826632
12.512513 -0.099396 -0.237552 -0.792180 0.832983
12.612613 0.009905 -0.248517 -0.804624 0.842186
12.712713 0.119041 -0.256032 -0.805906 0.853937
12.812813 0.226549 -0.260090 -0.796311 0.867804
12.912913 0.331125 -0.260801 -0.776474 0.883500
13.013013 0.431613 -0.258310 -0.747107 0.900657
13.113113 0.527009 -0.252784 -0.708965 0.918841
13.213213 0.616495 -0.244433 -0.662904 0.937686
13.313313 0.699477 -0.233511 -0.609875 0.956945
13.413413 0.775550 -0.220289 -0.550846 0.976440
13.513514 0.844480 -0.205045 -0.486764 0.996057
13.613614 0.906097 -0.188033 -0.418491 1.015630
13.713714 0.960247 -0.169479 -0.346792 1.034921
13.813814 1.006837 -0.149597 -0.272385 1.053705
13.913914 1.045814 -0.128590 -0.195941 1.071753
14.014014 1.077247 -0.106663 -0.118104 1.088939
14.114114 1.101295 -0.084010 -0.039477 1.105200
14.214214 1.118122 -0.060813 0.039387 1.120467
14.314314 1.127865 -0.037238 0.117979 1.134630
14.414414 1.130695 -0.013441 0.195827 1.147607
14.514515 1.126906 0.010429 0.272508 1.159433
14.614615 1.116820 0.034233 0.347645 1.170178
14.714715 1.100629 0.057843 0.420857 1.179767
14.814815 1.078505 0.081134 0.491777 1.188108
14.914915 1.050642 0.103985 0.560054 1.195125
15.015015 1.017272 0.126283 0.625372 1.200782
15.115115 0.978679 0.147925 0.687451 1.205107
15.215215 0.935151 0.168813 0.746039 1.208130
15.315315 0.886990 0.188856 0.800900 1.209900
15.415415 0.834441 0.207954 0.851768 1.210390
15.515516 0.777813 0.226027 0.898441 1.209660
15.615616 0.717464 0.243007 0.940781 1.207839
15.715716 0.653718 0.258825 0.978628 1.205011
15.815816 0.586866 0.273400 1.011782 1.201192
15.915916 0.517228 0.286662 1.040086 1.196444
16.016016 0.445148 0.298555 1.063427 1.190869
16.116116 0.370935 0.308996 1.081602 1.184455
16.216216 0.294892 0.317888 1.094364 1.177134
16.316316 0.217375 0.325163 1.101561 1.168939
16.416416 0.138774 0.330776 1.103137 1.159993
16.516517 0.059487 0.334690 1.099050 1.150420
16.616617 -0.020087 0.336835 1.089162 1.140235
16.716717 -0.099520 0.337108 1.073226 1.129318
16.816817 -0.178347 0.335421 1.051055 1.117601
16.916917 -0.256084 0.331734 1.022625 1.105165
17.017017 -0.332240 0.326034 0.987993 1.092159
17.117117 -0.406294 0.318299 0.947200 1.078693
17.217217 -0.477685 0.308500 0.900272 1.064822
17.317317 -0.545828 0.296623 0.847287 1.050623
17.417417 -0.610114 0.282668 0.788372 1.036181
17.517518 -0.669967 0.266673 0.723774 1.021675
17.617618 -0.724810 0.248698 0.653810 1.007307
17.717718 -0.773973 0.228787 0.578766 0.993151
17.817818 -0.816720 0.206994 0.498967 0.979207
17.917918 -0.852345 0.183406 0.414855 0.965523
18.018018 -0.880181 0.158155 0.326991 0.952184
18.118118 -0.899695 0.131418 0.236066 0.939387
18.218218 -0.910434 0.103410 0.142874 0.927360
18.318318 -0.911888 0.074359 0.048260 0.916186
18.418418 -0.903639 0.044526 -0.046833 0.905947
18.518519 -0.885307 0.014209 -0.141365 0.896635
18.618619 -0.856695 -0.016264 -0.234224 0.888286
18.718719 -0.817943 -0.046534 -0.324278 0.881108
18.818819 -0.769279 -0.076228 -0.410365 0.875214
18.918919 -0.711030 -0.104961 -0.491301 0.870607
19.019019 -0.643772 -0.132353 -0.565976 0.867345
19.119119 -0.568355 -0.158057 -0.633442 0.865597
19.219219 -0.485735 -0.181742 -0.692831 0.865439
19.319319 -0.396892 -0.203083 -0.743290 0.866745
19.419419 -0.302939 -0.221789 -0.784116 0.869368
19.519520 -0.205140 -0.237661 -0.814926 0.873309
19.619620 -0.104809 -0.250566 -0.835570 0.878604
19.719720 -0.003221 -0.260405 -0.845994 0.885171
19.819820 0.098382 -0.267142 -0.846347 0.892943
19.919920 0.198835 -0.270812 -0.836986 0.901898
20.020020 0.297068 -0.271489 -0.818379 0.911976
20.120120 0.392148 -0.269301 -0.791141 0.923150
20.220220 0.483259 -0.264403 -0.755946 0.935362
20.320320 0.569732 -0.256977 -0.713529 0.948554
20.420420 0.651032 -0.247230 -0.664668 0.962678
20.520521 0.726676 -0.235343 -0.610064 0.977560
20.620621 0.796198 -0.221484 -0.550352 0.992912
20.720721 0.859216 -0.205824 -0.486171 1.008453
20.820821 0.915487 -0.188555 -0.418196 1.023990
20.920921 0.964854 -0.169872 -0.347092 1.039361
21.021021 1.007195 -0.149958 -0.273484 1.054382
21.121121 1.042368 -0.128986 -0.197954 1.068809
21.221221 1.070400 -0.107135 -0.121088 1.082541
21.321321 1.091476 -0.084595 -0.043455 1.095611
21.421421 1.105702 -0.061531 0.034428 1.107948
21.521522 1.113197 -0.038098 0.112080 1.119473
21.621622 1.114158 -0.014449 0.189053 1.130176
21.721722 1.108829 0.009276 0.264938 1.140079
21.821822 1.097430 0.032942 0.339349 1.149172
21.921922 1.080161 0.056426 0.411923 1.157416
22.022022 1.057307 0.079611 0.482345 1.164857
22.122122 1.029112 0.102386 0.550305 1.171490
22.222222 0.995798 0.124644 0.615503 1.177282
22.322322 0.957598 0.146282 0.677653 1.182204
22.422422 0.914822 0.167214 0.736541 1.186319
22.522523 0.867800 0.187360 0.791982 1.189712
22.622623 0.816751 0.206628 0.843715 1.192322
22.722723 0.761906 0.224925 0.891494 1.194092
22.822823 0.703504 0.242160 0.935074 1.194957
22.922923 0.641831 0.258258 0.974270 1.194926
23.023023 0.577236 0.273168 1.008989 1.194102
23.123123 0.510057 0.286841 1.039147 1.192586
23.223223 0.440610 0.299222 1.064629 1.190423
23.323323 0.369202 0.310252 1.085314 1.187633
23.423423 0.296143 0.319872 1.101068 1.184217
23.523524 0.221735 0.328004 1.111706 1.180103
23.623624 0.146280 0.334545 1.116962 1.175127
23.723724 0.070105 0.339372 1.116498 1.169041
23.823824 -0.006417 0.342407 1.110143 1.161767
23.923924 -0.082877 0.343595 1.097808 1.153303
24.024024 -0.158855 0.342888 1.079422 1.143660
24.124124 -0.233911 0.340247 1.054955 1.132878
24.224224 -0.307579 0.335627 1.024354 1.120960
24.324324 -0.379352 0.328969 0.987542 1.107867
24.424424 -0.448669 0.320206 0.944418 1.093508
24.524525 -0.514973 0.309314 0.895017 1.077928
24.624625 -0.577680 0.296280 0.839426 1.061194
24.724725 -0.636122 0.281075 0.777692 1.043293
24.824825 -0.689582 0.263684 0.709919 1.024226
24.924925 -0.737288 0.244109 0.636271 1.004004
25.025025 -0.778376 0.222357 0.556959 0.982607
25.125125 -0.811906 0.198460 0.472286 0.960017
25.225225 -0.836973 0.172508 0.382732 0.936358
25.325325 -0.852659 0.144636 0.288933 0.911827
25.425425 -0.857902 0.115007 0.191645 0.886538
25.525526 -0.851725 0.083862 0.091849 0.860758
25.625626 -0.833184 0.051515 -0.009227 0.834826
25.725726 -0.801310 0.018360 -0.110101 0.809047
25.825826 -0.755296 -0.015100 -0.208971 0.783817
25.925926 -0.694523 -0.048243 -0.303690 0.759551
26.026026 -0.618745 -0.080321 -0.391770 0.736737
26.126126 -0.528252 -0.110461 -0.470445 0.715940
26.226226 -0.424041 -0.137702 -0.536803 0.697803
26.326326 -0.308018 -0.161073 -0.588100 0.683141
26.426426 -0.182960 -0.179679 -0.622012 0.672799
26.526527 -0.052383 -0.192820 -0.637015 0.667617
26.626627 0.079761 -0.200024 -0.632415 0.668072
26.726727 0.209431 -0.201078 -0.608376 0.674103
26.826827 0.332806 -0.196102 -0.566096 0.685332
26.926927 0.446709 -0.185539 -0.507684 0.701226
27.027027 0.548774 -0.170056 -0.435807 0.721110
27.127127 0.637466 -0.150423 -0.353293 0.744181
27.227227 0.712165 -0.127482 -0.263004 0.769807
27.327327 0.772992 -0.102054 -0.167577 0.797504
27.427427 0.820430 -0.074856 -0.069243 0.826743
27.527528 0.855207 -0.046502 0.030163 0.857002
27.627628 0.878210 -0.017509 0.129150 0.887828
27.727728 0.890355 0.011699 0.226534 0.918797
27.827828 0.892669 0.040775 0.321410 0.949644
27.927928 0.886159 0.069444 0.413096 0.980178
28.028028 0.871589 0.097476 0.501007 1.010038
28.128128 0.849676 0.124682 0.584679 1.038915
28.228228 0.821175 0.150914 0.663798 1.066645
28.328328 0.786703 0.176042 0.738065 1.092993
28.428428 0.746823 0.199951 0.807233 1.117743
28.528529 0.702072 0.222547 0.871106 1.140727
28.628629 0.652990 0.243762 0.929577 1.161864
28.728729 0.600121 0.263552 0.982622 1.181165
28.828829 0.543920 0.281866 1.030171 1.198562
28.928929 0.484810 0.298660 1.072168 1.213994
29.029029 0.423215 0.313908 1.108621 1.227473
29.129129 0.359529 0.327586 1.139534 1.238997
29.229229 0.294104 0.339658 1.164866 1.248511
29.329329 0.227287 0.350096 1.184598 1.255985
29.429429 0.159427 0.358893 1.198782 1.261467
29.529530 0.090863 0.366055 1.207512 1.265045
29.629630 0.021917 0.371592 1.210883 1.266806
29.729730 -0.047103 0.375500 1.208953 1.266802
29.829830 -0.115895 0.377773 1.201764 1.265061
29.929930 -0.184157 0.378391 1.189312 1.261569
30.030030 -0.251568 0.377309 1.171522 1.256229
30.130130 -0.317804 0.374498 1.148372 1.249002
30.230230 -0.382526 0.369932 1.119844 1.239849
30.330330 -0.445365 0.363569 1.085880 1.228686
30.430430 -0.505947 0.355383 1.046477 1.215480
30.530531 -0.563867 0.345346 1.001628 1.200195
30.630631 -0.618676 0.333420 0.951306 1.182756
30.730731 -0.669868 0.319560 0.895475 1.163064
30.830831 -0.716901 0.303731 0.834130 1.141040
30.930931 -0.759231 0.285922 0.767357 1.116700
31.031031 -0.796233 0.266121 0.695243 1.090032
31.131131 -0.827181 0.244310 0.617886 1.060990
31.231231 -0.851284 0.220490 0.535459 1.029571
31.331331 -0.867660 0.194683 0.448215 0.995808
31.431431 -0.875337 0.166937 0.356524 0.959787
31.531532 -0.873297 0.137352 0.260920 0.921734
31.631632 -0.860413 0.106078 0.162128 0.881957
31.731732 -0.835448 0.073332 0.061116 0.840884
31.831832 -0.796975 0.039422 -0.040814 0.798992
31.931932 -0.743597 0.004797 -0.141908 0.757032
32.032032 -0.674097 -0.029903 -0.239828 0.716114
32.132132 -0.587446 -0.063805 -0.331531 0.677552
32.232232 -0.483189 -0.095747 -0.413139 0.642902
32.332332 -0.361963 -0.124266 -0.480043 0.613923
32.432432 -0.226160 -0.147702 -0.527358 0.592512
32.532533 -0.080187 -0.164381 -0.550588 0.580170
32.632633 0.069612 -0.173068 -0.547061 0.577991
32.732733 0.216043 -0.173370 -0.517032 0.586561
32.832833 0.352581 -0.165700 -0.463217 0.605260
32.932933 0.474491 -0.151111 -0.390040 0.632541
33.033033 0.579162 -0.130999 -0.302587 0.666445
33.133133 0.665880 -0.106797 -0.205660 0.705051
33.233233 0.735298 -0.079802 -0.103327 0.746798
33.333333 0.788797 -0.051064 0.001289 0.790449
33.433433 0.828024 -0.021395 0.105907 0.835044
33.533534 0.854466 0.008607 0.208898 0.879673
33.633634 0.869545 0.038497 0.309118 0.923658
33.733734 0.874692 0.067946 0.405805 0.966633
33.833834 0.871179 0.096721 0.498469 1.008354
33.933934 0.860133 0.124656 0.586812 1.048673
34.034034 0.842470 0.151627 0.670623 1.087420
34.134134 0.818939 0.177537 0.749744 1.124409
34.234234 0.790250 0.202321 0.824123 1.159572
34.334334 0.757004 0.225931 0.893724 1.192830
34.434434 0.719760 0.248341 0.958580 1.224175
34.534535 0.679036 0.269539 1.018771 1.253649
34.634635 0.635258 0.289516 1.074347 1.281247
34.734735 0.588838 0.308278 1.125421 1.307034
34.834835 0.540149 0.325840 1.172118 1.331087
34.934935 0.489517 0.342216 1.214554 1.353469
35.035035 0.437242 0.357429 1.252865 1.374266
35.135135 0.383582 0.371491 1.287149 1.393518
35.235235 0.328758 0.384404 1.317458 1.411220
35.335335 0.272979 0.396178 1.343863 1.427390
35.435435 0.216446 0.406828 1.366462 1.442073
35.535536 0.159340 0.416362 1.385317 1.455283
35.635636 0.101825 0.424772 1.400437 1.466978
35.735736 0.044058 0.432053 1.411839 1.477126
35.835836 -0.013803 0.438212 1.419577 1.485739
35.935936 -0.071611 0.443267 1.423745 1.492871
36.036036 -0.129226 0.447245 1.424455 1.498599
36.136136 -0.186513 0.450153 1.421765 1.502944
36.236236 -0.243336 0.451990 1.415692 1.505885
36.336336 -0.299561 0.452751 1.406254 1.507405
36.436436 -0.355060 0.452443 1.393501 1.507520
36.536537 -0.409709 0.451077 1.377494 1.506261
36.636637 -0.463376 0.448650 1.358251 1.503612
36.736737 -0.515916 0.445152 1.335768 1.499535
36.836837 -0.567198 0.440585 1.310082 1.494036
36.936937 -0.617111 0.434969 1.281283 1.487182
37.037037 -0.665541 0.428323 1.249451 1.479031
37.137137 -0.712365 0.420655 1.214644 1.469617
37.237237 -0.757423 0.411958 1.176870 1.458911
37.337337 -0.800509 0.402200 1.136070 1.446801
37.437437 -0.841438 0.391370 1.092244 1.433243
37.537538 -0.880031 0.379463 1.045421 1.418221
37.637638 -0.916097 0.366477 0.995627 1.401718
37.737738 -0.949414 0.352401 0.942879 1.383689
37.837838 -0.979702 0.337211 0.887155 1.364028
37.937938 -1.006739 0.320910 0.828516 1.342738
38.038038 -1.030378 0.303535 0.767106 1.319948
38.138138 -1.050426 0.285111 0.703053 1.295750
38.238238 -1.066549 0.265630 0.636401 1.270076
38.338338 -1.078358 0.245084 0.567205 1.242837
38.438438 -1.085534 0.223493 0.495598 1.214063
38.538539 -1.087770 0.200894 0.421763 1.183844
38.638639 -1.084714 0.177326 0.345905 1.152259
38.738739 -1.075989 0.152839 0.268267 1.119410
38.838839 -1.061238 0.127506 0.189155 1.085478
38.938939 -1.040003 0.101404 0.108920 1.050597
39.039039 -1.011730 0.074625 0.027979 1.014864
39.139139 -0.975788 0.047292 -0.053136 0.978377
39.239239 -0.931421 0.019563 -0.133752 0.941179
39.339339 -0.877964 -0.008344 -0.213020 0.903476
39.439439 -0.814833 -0.036144 -0.289893 0.865620
39.539540 -0.741482 -0.063473 -0.363074 0.828038
39.639640 -0.657421 -0.089864 -0.430939 0.791193
39.739740 -0.562351 -0.114724 -0.491505 0.755630
39.839840 -0.456382 -0.137326 -0.542433 0.722064
39.939940 -0.340125 -0.156786 -0.580983 0.691237
40.040040 -0.215035 -0.172112 -0.604240 0.664055
40.140140 -0.083641 -0.182295 -0.609469 0.641623
40.240240 0.050419 -0.186438 -0.594528 0.625112
40.340340 0.182555 -0.183842 -0.558117 0.615320
40.440440 0.307659 -0.174223 -0.500398 0.612704
40.540541 0.420892 -0.157896 -0.423418 0.617547
40.640641 0.518353 -0.135652 -0.330569 0.629577
40.740741 0.597659 -0.108643 -0.226099 0.648167
40.840841 0.657889 -0.078156 -0.114379 0.672316
40.940941 0.699213 -0.045413 0.000663 0.700686
41.041041 0.722634 -0.011498 0.115715 0.731930
41.141141 0.729823 0.022684 0.228199 0.765004
41.241241 0.722710 0.056427 0.336225 0.799087
41.341341 0.703144 0.089201 0.438470 0.833441
41.441441 0.673014 0.120637 0.534136 0.867642
41.541542 0.633981 0.150476 0.622731 0.901315
41.641642 0.587472 0.178538 0.703976 0.934121
41.741742 0.534826 0.204732 0.777855 0.965926
41.841842 0.477188 0.229009 0.844454 0.996623
41.941942 0.415503 0.251333 0.903860 1.026048
42.042042 0.350602 0.271703 0.956237 1.054103
42.142142 0.283241 0.290152 1.001860 1.080804
42.242242 0.214071 0.306728 1.041021 1.106179
42.342342 0.143639 0.321469 1.073956 1.130202
42.442442 0.072432 0.334438 1.100975 1.152927
42.542543 0.000876 0.345702 1.122385 1.174418
42.642643 -0.070664 0.355284 1.138338 1.194585
42.742743 -0.141864 0.363246 1.149107 1.213474
42.842843 -0.212454 0.369692 1.155082 1.231269
42.942943 -0.282192 0.374689 1.156533 1.248036
43.043043 -0.350837 0.378262 1.153594 1.263704
43.143143 -0.418159 0.380430 1.146374 1.278185
43.243243 -0.483961 0.381234 1.135047 1.291468
43.343343 -0.548050 0.380704 1.119755 1.303513
43.443443 -0.610244 0.378871 1.100635 1.314283
43.543544 -0.670358 0.375762 1.077809 1.323726
43.643644 -0.728218 0.371399 1.051395 1.331792
43.743744 -0.783699 0.365834 1.021581 1.338523
43.843844 -0.836726 0.359134 0.988600 1.344031
43.943944 -0.887247 0.351367 0.952688 1.348436
44.044044 -0.935164 0.342577 0.914008 1.351777
44.144144 -0.980300 0.332779 0.872641 1.353969
44.244244 -1.022503 0.321993 0.828690 1.354961
44.344344 -1.061723 0.310274 0.782345 1.354840
44.444444 -1.097845 0.297659 0.733744 1.353605
44.544545 -1.130696 0.284165 0.682982 1.351180
44.644645 -1.160123 0.269817 0.630175 1.347519
44.744745 -1.185980 0.254646 0.575452 1.342587
44.844845 -1.208109 0.238682 0.518944 1.336338
44.944945 -1.226401 0.221967 0.460809 1.328787
45.045045 -1.240739 0.204542 0.401212 1.319940
45.145145 -1.250940 0.186443 0.340298 1.309738
45.245245 -1.256914 0.167720 0.278256 1.298225
45.345345 -1.258541 0.148424 0.215274 1.285418
45.445445 -1.255636 0.128601 0.151539 1.271269
45.545546 -1.248147 0.108314 0.087270 1.255874
45.645646 -1.236046 0.087633 0.022701 1.239357
45.745746 -1.219192 0.066623 -0.041932 1.221731
45.845846 -1.197507 0.045355 -0.106378 1.203078
45.945946 -1.170904 0.023909 -0.170362 1.183474
46.046046 -1.139150 0.002365 -0.233573 1.162852
46.146146 -1.102073 -0.019183 -0.295667 1.141206
46.246246 -1.059487 -0.040626 -0.356255 1.118517
46.346346 -1.011218 -0.061843 -0.414905 1.094775
46.446446 -0.957190 -0.082698 -0.471163 1.070068
46.546547 -0.897297 -0.103037 -0.524502 1.044443
46.646647 -0.831426 -0.122679 -0.574312 1.017916
46.746747 -0.759511 -0.141416 -0.619906 0.990525
46.846847 -0.681545 -0.159013 -0.660518 0.962327
46.946947 -0.597622 -0.175206 -0.695307 0.933435
47.047047 -0.507976 -0.189701 -0.723377 0.904047
47.147147 -0.412934 -0.202159 -0.743688 0.874331
47.247247 -0.313039 -0.212213 -0.755168 0.844575
47.347347 -0.209101 -0.219485 -0.756764 0.815223
47.447447 -0.102172 -0.223556 -0.747332 0.786716
47.547548 0.006354 -0.223996 -0.725777 0.759583
47.647648 0.114705 -0.220410 -0.691193 0.734496
47.747748 0.220731 -0.212478 -0.642989 0.712252
47.847848 0.321917 -0.199954 -0.580906 0.693588
47.947948 0.415406 -0.182696 -0.505084 0.679007
48.048048 0.498121 -0.160734 -0.416276 0.668764
48.148148 0.567023 -0.134342 -0.316010 0.662892
48.248248 0.619700 -0.104118 -0.206743 0.661522
48.348348 0.654554 -0.070911 -0.091565 0.664721
48.448448 0.670647 -0.035679 0.026211 0.672106
48.548549 0.668025 0.000547 0.143249 0.683212
48.648649 0.647714 0.036758 0.256494 0.697620
48.748749 0.611255 0.072052 0.363343 0.714732
48.848849 0.560654 0.105682 0.461796 0.734001
48.948949 0.498187 0.137078 0.550480 0.754990
49.049049 0.426034 0.165807 0.628459 0.777147
49.149149 0.346344 0.191607 0.695332 0.800096
49.249249 0.261108 0.214334 0.751057 0.823531
49.349349 0.172037 0.233906 0.795728 0.847049
49.449449 0.080644 0.250308 0.829616 0.870299
49.549550 -0.011745 0.263584 0.853143 0.893011
49.649650 -0.103988 0.273832 0.866875 0.915024
49.749750 -0.195108 0.281164 0.871380 0.936175
49.849850 -0.284303 0.285739 0.867340 0.956427
49.949950 -0.370924 0.287742 0.855498 0.975836
50.050050 -0.454425 0.287338 0.836504 0.994386
50.150150 -0.534350 0.284685 0.810964 1.012047
50.250250 -0.610270 0.279909 0.779384 1.028698
50.350350 -0.681810 0.273134 0.742241 1.044217
50.450450 -0.748661 0.264491 0.700024 1.058529
50.550551 -0.810624 0.254127 0.653261 1.071654
50.650651 -0.867514 0.242182 0.602438 1.083589
50.750751 -0.919111 0.228767 0.547964 1.094241
50.850851 -0.965284 0.214010 0.490279 1.103606
50.950951 -1.005895 0.198026 0.429794 1.111648
51.051051 -1.040806 0.180928 0.366896 1.118314
51.151151 -1.069922 0.162829 0.301978 1.123583
51.251251 -1.093162 0.143842 0.235424 1.127439
51.351351 -1.110511 0.124087 0.167621 1.129924
51.451451 -1.122007 0.103684 0.098956 1.131124
51.551552 -1.127661 0.082748 0.029797 1.131086
51.651652 -1.127514 0.061393 -0.039495 1.129875
51.751752 -1.121577 0.039729 -0.108561 1.127519
51.851852 -1.109765 0.017864 -0.177035 1.123939
51.951952 -1.091966 -0.004089 -0.244530 1.119018
52.052052 -1.068135 -0.026013 -0.310651 1.112696
52.152152 -1.038358 -0.047785 -0.375020 1.105039
52.252252 -1.002671 -0.069277 -0.437228 1.096046
52.352352 -0.961125 -0.090356 -0.496856 1.085722
52.452452 -0.913812 -0.110885 -0.553475 1.074096
52.552553 -0.860772 -0.130709 -0.606594 1.061117
52.652653 -0.802119 -0.149671 -0.655727 1.046793
52.752753 -0.738003 -0.167603 -0.700359 1.031137
52.852853 -0.668542 -0.184309 -0.739877 1.014069
52.952953 -0.593826 -0.199550 -0.773528 0.995387
53.053053 -0.514070 -0.213082 -0.800566 0.974976
53.153153 -0.429659 -0.224666 -0.820291 0.952869
53.253253 -0.341081 -0.234048 -0.831989 0.929150
53.353353 -0.248967 -0.240975 -0.834967 0.904004
53.453453 -0.154074 -0.245168 -0.828482 0.877626
53.553554 -0.057310 -0.246306 -0.811683 0.850165
53.653654 0.040192 -0.244071 -0.783777 0.821884
53.753754 0.137028 -0.238132 -0.743993 0.793101
53.853854 0.231467 -0.228136 -0.691542 0.764102
53.953954 0.321354 -0.213726 -0.625730 0.735177
54.054054 0.404062 -0.194598 -0.546122 0.706671
54.154154 0.476502 -0.170574 -0.452794 0.679096
54.254254 0.535178 -0.141666 -0.346529 0.653121
54.354354 0.576486 -0.108199 -0.229142 0.629721
54.454454 0.596992 -0.070864 -0.103604 0.610045
54.554555 0.593882 -0.030758 0.025928 0.595243
54.654655 0.565632 0.010625 0.154281 0.586391
54.754755 0.512397 0.051519 0.275752 0.584161
54.854855 0.436157 0.090087 0.384805 0.588577
54.954955 0.340740 0.124699 0.476951 0.599280
55.055055 0.231145 0.154137 0.549303 0.615565
55.155155 0.112618 0.177647 0.600519 0.636290
55.255255 -0.009888 0.194970 0.630807 0.660325
55.355355 -0.132131 0.206253 0.641543 0.686714
55.455455 -0.250802 0.211897 0.634736 0.714627
55.555556 -0.363554 0.212511 0.612848 0.743582
55.655656 -0.468778 0.208715 0.578241 0.773096
55.755756 -0.565314 0.201048 0.532908 0.802491
55.855856 -0.652566 0.190075 0.478811 0.831403
55.955956 -0.730422 0.176364 0.417816 0.859762
56.056056 -0.798924 0.160397 0.351477 0.887436
56.156156 -0.858212 0.142583 0.281092 0.914260
56.256256 -0.908397 0.123261 0.207743 0.939966
56.356356 -0.949689 0.102736 0.132371 0.964358
56.456456 -0.982541 0.081301 0.055835 0.987478
56.556557 -1.007401 0.059211 -0.021141 1.009361
56.656657 -1.024584 0.036674 -0.097937 1.029907
56.756757 -1.034462 0.013881 -0.174019 1.049088
56.856857 -1.037492 -0.008999 -0.248932 1.066976
56.956957 -1.034049 -0.031817 -0.322273 1.083572
57.057057 -1.024414 -0.054438 -0.393664 1.098799
57.157157 -1.008895 -0.076740 -0.462774 1.112618
57.257257 -0.987789 -0.098611 -0.529299 1.124993
57.357357 -0.961292 -0.119936 -0.592911 1.135786
57.457457 -0.929662 -0.140614 -0.653336 1.144941
57.557558 -0.893182 -0.160550 -0.710326 1.152439
57.657658 -0.852137 -0.179658 -0.763661 1.158272
57.757758 -0.806834 -0.197860 -0.813153 1.162474
57.857858 -0.757583 -0.215085 -0.858638 1.165097
57.957958 -0.704670 -0.231261 -0.899941 1.166163
58.058058 -0.648367 -0.246313 -0.936879 1.165673
58.158158 -0.588934 -0.260165 -0.969257 1.163610
58.258258 -0.526597 -0.272720 -0.996811 1.159876
58.358358 -0.461609 -0.283887 -1.019299 1.154403
58.458458 -0.394264 -0.293589 -1.036529 1.147184
58.558559 -0.324867 -0.301741 -1.048296 1.138205
58.658659 -0.253745 -0.308268 -1.054421 1.127484
58.758759 -0.181240 -0.313081 -1.054689 1.115005
58.858859 -0.107714 -0.316088 -1.048881 1.100757
58.958959 -0.033576 -0.317222 -1.036859 1.084820
59.059059 0.040744 -0.316375 -1.018371 1.067161
59.159159 0.114768 -0.313435 -0.993150 1.047740
59.259259 0.187955 -0.308291 -0.960953 1.026548
59.359359 0.259699 -0.300829 -0.921535 1.003578
59.459459 0.329336 -0.290960 -0.874752 0.978934
59.559560 0.396081 -0.278567 -0.820389 0.952637
59.659660 0.459035 -0.263534 -0.758255 0.924724
59.759760 0.517208 -0.245778 -0.688299 0.895358
59.859860 0.569509 -0.225253 -0.610594 0.864815
59.959960 0.614693 -0.201934 -0.525328 0.833423
60.060060 0.651393 -0.175847 -0.432873 0.801632
60.160160 0.678116 -0.147087 -0.333854 0.770022
60.260260 0.693028 -0.115789 -0.229098 0.739040
60.360360 0.694176 -0.082214 -0.119867 0.709230
60.460460 0.679663 -0.046810 -0.008015 0.681320
60.560561 0.647751 -0.010235 0.103955 0.656119
60.660661 0.597245 0.026605 0.212848 0.634598
60.760761 0.527801 0.062573 0.314897 0.617778
60.860861 0.440131 0.096348 0.405970 0.606474
60.960961 0.336276 0.126551 0.482021 0.601200
61.061061 0.219730 0.151960 0.539818 0.602309
61.161161 0.094922 0.171634 0.577253 0.609663
61.261261 -0.033340 0.185113 0.593843 0.622919
61.361361 -0.160532 0.192455 0.590741 0.641705
61.461461 -0.282932 0.194017 0.569889 0.665182
61.561562 -0.397837 0.190410 0.533844 0.692473
61.661662 -0.503472 0.182353 0.485320 0.722684
61.761762 -0.598824 0.170562 0.426850 0.754906
61.861862 -0.683493 0.155724 0.360752 0.788387
61.961962 -0.757378 0.138427 0.288958 0.822363
62.062062 -0.820636 0.119188 0.213110 0.856192
62.162162 -0.873762 0.098478 0.134630 0.889541
62.262262 -0.917455 0.076706 0.054702 0.922280
62.362362 -0.952371 0.054204 -0.025740 0.954259
62.462462 -0.979147 0.031241 -0.105951 0.985358
62.562563 -0.998407 0.008042 -0.185336 1.015495
62.662663 -1.010743 -0.015208 -0.263422 1.044616
62.762763 -1.016722 -0.038358 -0.339836 1.072699
62.862863 -1.016917 -0.061285 -0.414301 1.099783
62.962963 -1.011842 -0.083888 -0.486600 1.125895
63.063063 -1.001938 -0.106086 -0.556560 1.151040
63.163163 -0.987642 -0.127812 -0.624060 1.175255
63.263263 -0.969311 -0.149010 -0.688990 1.198530
63.363363 -0.947279 -0.169633 -0.751268 1.220867
63.463463 -0.921840 -0.189638 -0.810820 1.242248
63.563564 -0.893286 -0.208996 -0.867610 1.262690
63.663664 -0.861883 -0.227678 -0.921607 1.282201
63.763764 -0.827817 -0.245650 -0.972729 1.300703
63.863864 -0.791285 -0.262880 -1.020925 1.318152
63.963964 -0.752516 -0.279359 -1.066207 1.334586
64.064064 -0.711747 -0.295085 -1.108624 1.350076
64.164164 -0.669161 -0.310048 -1.148177 1.364631
64.264264 -0.624936 -0.324241 -1.184883 1.378268
64.364364 -0.579265 -0.337672 -1.218809 1.391066
64.464464 -0.532314 -0.350344 -1.250002 1.403070
64.564565 -0.484228 -0.362254 -1.278480 1.414290
64.664665 -0.435129 -0.373392 -1.304236 1.424707
64.764765 -0.385131 -0.383739 -1.327236 1.434272
64.864865 -0.334343 -0.393279 -1.347448 1.442938
64.964965 -0.282867 -0.401986 -1.364812 1.450627
65.065065 -0.230821 -0.409857 -1.379339 1.457339
65.165165 -0.178320 -0.416883 -1.391027 1.463060
65.265265 -0.125467 -0.423045 -1.399839 1.467739
65.365365 -0.072375 -0.428335 -1.405767 1.471356
65.465465 -0.019150 -0.432730 -1.408760 1.473848
65.565566 0.034097 -0.436215 -1.408796 1.475178
65.665666 0.087253 -0.438775 -1.405849 1.475313
65.765766 0.140209 -0.440413 -1.399951 1.474274
65.865866 0.192855 -0.441135 -1.391146 1.472100
65.965966 0.245068 -0.440911 -1.379362 1.468708
66.066066 0.296721 -0.439711 -1.364526 1.464008
66.166166 0.347683 -0.437515 -1.346605 1.457960
66.266266 0.397830 -0.434315 -1.325598 1.450555
66.366366 0.447022 -0.430094 -1.301479 1.441755
66.466466 0.495120 -0.424838 -1.274232 1.431537
66.566567 0.541988 -0.418543 -1.243869 1.419908
66.666667 0.587459 -0.411184 -1.210353 1.406818
66.766767 0.631375 -0.402750 -1.173674 1.392247
66.866867 0.673571 -0.393232 -1.133841 1.376199
66.966967 0.713848 -0.382606 -1.090817 1.358620
67.067067 0.752026 -0.370866 -1.044621 1.339521
67.167167 0.787923 -0.358011 -0.995291 1.318939
67.267267 0.821282 -0.344015 -0.942792 1.296806
67.367367 0.851853 -0.328860 -0.887123 1.273103
67.467467 0.879455 -0.312568 -0.828391 1.247946
67.567568 0.903851 -0.295146 -0.766670 1.221409
67.667668 0.924726 -0.276583 -0.701993 1.193486
67.767768 0.941699 -0.256864 -0.634385 1.164139
67.867868 0.954354 -0.235975 -0.563897 1.133338
67.967968 0.962266 -0.213923 -0.490636 1.101110
68.068068 0.964817 -0.190689 -0.414677 1.067329
68.168168 0.961324 -0.166271 -0.336151 1.031885
68.268268 0.951107 -0.140700 -0.255308 0.994778
68.368368 0.933407 -0.114033 -0.172492 0.956037
68.468468 0.907361 -0.086359 -0.088174 0.915716
68.568569 0.871876 -0.057801 -0.002986 0.873795
68.668669 0.825683 -0.028550 0.082185 0.830255
68.768769 0.767587 0.001095 0.166113 0.785356
68.868869 0.696473 0.030698 0.247149 0.739662
68.968969 0.611178 0.059646 0.323053 0.693873
69.069069 0.510726 0.087072 0.390811 0.648965
69.169169 0.394687 0.111781 0.446444 0.606288
69.269269 0.263812 0.132196 0.484997 0.567709
69.369369 0.120926 0.146447 0.500998 0.535788
69.469469 -0.028412 0.152532 0.489125 0.513144
69.569570 -0.175720 0.148839 0.445939 0.501889
69.669670 -0.310783 0.134867 0.371980 0.503134
69.769770 -0.424268 0.111522 0.272167 0.516251
69.869870 -0.510399 0.080936 0.154638 0.539417
69.969970 -0.567451 0.045692 0.028147 0.569983
70.070070 -0.596557 0.008155 -0.099865 0.604913
70.170170 -0.600674 -0.029758 -0.223810 0.641705
70.270270 -0.583555 -0.066648 -0.339934 0.678626
70.370370 -0.548890 -0.101554 -0.445902 0.714438
70.470470 -0.499941 -0.133830 -0.540310 0.748188
70.570571 -0.439612 -0.163071 -0.622452 0.779293
70.670671 -0.370423 -0.189030 -0.692066 0.807404
70.770771 -0.294499 -0.211552 -0.749097 0.832244
70.870871 -0.213666 -0.230543 -0.793626 0.853608
70.970971 -0.129529 -0.245957 -0.825844 0.871373
71.071071 -0.043517 -0.257785 -0.846025 0.885497
71.171171 0.043083 -0.266031 -0.854450 0.895943
71.271271 0.129078 -0.270680 -0.851330 0.902603
71.371371 0.213336 -0.271730 -0.836895 0.905396
71.471471 0.294765 -0.269206 -0.811458 0.904335
71.571572 0.372302 -0.263151 -0.775381 0.899485
71.671672 0.444844 -0.253587 -0.728971 0.890838
71.771772 0.511191 -0.240511 -0.672474 0.878284
71.871872 0.570145 -0.223973 -0.606305 0.861878
71.971972 0.620559 -0.204096 -0.531103 0.841914
72.072072 0.661212 -0.181024 -0.447600 0.818728
72.172172 0.690702 -0.154914 -0.356597 0.792609
72.272272 0.707381 -0.125950 -0.259044 0.763777
72.372372 0.709654 -0.094439 -0.156274 0.732768
72.472472 0.695835 -0.060812 -0.050040 0.700278
72.572573 0.664100 -0.025644 0.057399 0.667069
72.672673 0.612656 0.010249 0.163016 0.634056
72.772773 0.540049 0.045747 0.262871 0.602368
72.872873 0.445689 0.079345 0.351953 0.573415
72.972973 0.330458 0.109159 0.424331 0.548794
73.073073 0.197619 0.133065 0.473800 0.530326
73.173173 0.053140 0.149010 0.494963 0.519631
73.273273 -0.094614 0.155538 0.484863 0.517915
73.373373 -0.236346 0.152181 0.443950 0.525462
73.473473 -0.363684 0.139520 0.375882 0.541313
73.573574 -0.470792 0.119045 0.286733 0.563944
73.673674 -0.554933 0.092717 0.183448 0.591777
73.773774 -0.615865 0.062474 0.072373 0.623242
73.873874 -0.654951 0.029989 -0.041356 0.656940
73.973974 -0.674211 -0.003421 -0.153890 0.691559
74.074074 -0.675894 -0.036755 -0.262454 0.725993
74.174174 -0.662330 -0.069269 -0.365125 0.759470
74.274274 -0.635662 -0.100416 -0.460587 0.791385
74.374374 -0.597905 -0.129816 -0.548025 0.821385
74.474474 -0.550864 -0.157199 -0.626952 0.849253
74.574575 -0.496156 -0.182394 -0.697153 0.874906
74.674675 -0.435217 -0.205293 -0.758580 0.898333
74.774775 -0.369231 -0.225804 -0.811187 0.919425
74.874875 -0.299223 -0.243842 -0.854916 0.938016
74.974975 -0.226133 -0.259356 -0.889799 0.954015
75.075075 -0.150882 -0.272374 -0.916120 0.967589
75.175175 -0.074296 -0.282954 -0.934245 0.978977
75.275275 0.002901 -0.291126 -0.944422 0.988279
75.375375 0.080054 -0.296883 -0.946770 0.995451
75.475475 0.156533 -0.300218 -0.941401 1.000435
75.575576 0.231732 -0.301139 -0.928466 1.003211
75.675676 0.305075 -0.299676 -0.908185 1.003831
75.775776 0.376009 -0.295868 -0.880799 1.002361
75.875876 0.443998 -0.289760 -0.846573 0.998890
75.975976 0.508544 -0.281419 -0.805830 0.993567
76.076076 0.569069 -0.270870 -0.758765 0.986374
76.176176 0.624861 -0.258082 -0.705439 0.977088
76.276276 0.675250 -0.243074 -0.646051 0.965623
76.376376 0.719533 -0.225882 -0.580864 0.951921
76.476476 0.756919 -0.206536 -0.510148 0.935860
76.576577 0.786630 -0.185108 -0.434296 0.917423
76.676677 0.807974 -0.161721 -0.353859 0.896767
76.776777 0.820223 -0.136526 -0.269476 0.874084
76.876877 0.822477 -0.109679 -0.181851 0.849452
76.976977 0.813807 -0.081389 -0.091852 0.823008
77.077077 0.793146 -0.051915 -0.000552 0.794843
77.177177 0.759283 -0.021595 0.090700 0.764986
77.277277 0.711184 0.009112 0.180192 0.733713
77.377377 0.647989 0.039601 0.265782 0.701497
77.477477 0.569139 0.069107 0.344864 0.669048
77.577578 0.474532 0.096663 0.414278 0.637300
77.677678 0.364707 0.121068 0.470243 0.607287
77.777778 0.241251 0.140871 0.508378 0.580082
77.877878 0.107417 0.154505 0.524295 0.557042
77.977978 -0.031527 0.160564 0.514536 0.539928
78.078078 -0.168675 0.158062 0.477371 0.530395
78.178178 -0.296299 0.146708 0.413485 0.529420
78.278278 -0.407152 0.127058 0.326222 0.536970
78.378378 -0.495903 0.100492 0.221190 0.552217
78.478478 -0.559949 0.068891 0.105045 0.573867
78.578579 -0.599053 0.034197 -0.015859 0.600237
78.678679 -0.614804 -0.001858 -0.136234 0.629719
78.778779 -0.610060 -0.037874 -0.252144 0.661199
78.878879 -0.587957 -0.072830 -0.360934 0.693737
78.978979 -0.551452 -0.106014 -0.460924 0.726492
79.079079 -0.503203 -0.136949 -0.551125 0.758754
79.179179 -0.445482 -0.165310 -0.630963 0.789870
79.279279 -0.380317 -0.190912 -0.700270 0.819431
79.379379 -0.309476 -0.213662 -0.759118 0.847164
79.479479 -0.234463 -0.233529 -0.807724 0.872884
79.579580 -0.156594 -0.250542 -0.846459 0.896541
79.679680 -0.076991 -0.264764 -0.875768 0.918148
79.779780 0.003389 -0.276265 -0.896081 0.937707
79.879880 0.083722 -0.285124 -0.907825 0.955223
79.979980 0.163303 -0.291467 -0.911561 0.970857
80.080080 0.241540 -0.295436 -0.907875 0.984815
80.180180 0.317905 -0.297139 -0.897230 0.997185
80.280280 0.391901 -0.296644 -0.879955 1.007921
80.380380 0.463101 -0.294048 -0.856448 1.017069
80.480480 0.531122 -0.289446 -0.827104 1.024681
80.580581 0.595522 -0.282884 -0.792163 1.030627
80.680681 0.655852 -0.274399 -0.751844 1.034749
80.780781 0.711790 -0.264086 -0.706520 1.037090
80.880881 0.763088 -0.252060 -0.656619 1.037779
80.980981 0.809404 -0.238399 -0.602462 1.036788
81.081081 0.850335 -0.223159 -0.544325 1.034002
81.181181 0.885491 -0.206413 -0.482519 1.029332
81.281281 0.914437 -0.188228 -0.417358 1.022650
81.381381 0.936742 -0.168685 -0.349192 1.013842
81.481481 0.952060 -0.147890 -0.278447 1.002907
81.581582 0.960058 -0.125967 -0.205588 0.989872
81.681682 0.960298 -0.103035 -0.131096 0.974666
81.781782 0.952244 -0.079222 -0.055501 0.957144
81.881882 0.935449 -0.054691 0.020575 0.937272
81.981982 0.909472 -0.029632 0.096416 0.915048
82.082082 0.873801 -0.004269 0.171195 0.890424
82.182182 0.827872 0.021132 0.243923 0.863317
82.282282 0.771138 0.046243 0.313423 0.833682
82.382382 0.703276 0.070672 0.378352 0.801712
82.482482 0.624071 0.093942 0.437116 0.767698
82.582583 0.533349 0.115453 0.487730 0.731895
82.682683 0.431263 0.134471 0.527845 0.694759
82.782783 0.318492 0.150110 0.554730 0.657035
82.882883 0.196416 0.161284 0.565148 0.619665
82.982983 0.067528 0.166714 0.555480 0.583876
83.083083 -0.064037 0.165046 0.522203 0.551395
83.183183 -0.192161 0.155061 0.462656 0.524424
83.283283 -0.308876 0.136042 0.376198 0.505407
83.383383 -0.405119 0.108106 0.265132 0.496088
83.483483 -0.472831 0.072586 0.135490 0.497188
83.583584 -0.507456 0.031979 -0.003660 0.508476
83.683684 -0.508793 -0.010759 -0.142679 0.528529
83.783784 -0.480385 -0.052917 -0.273513 0.555319
83.883884 -0.427771 -0.092458 -0.390727 0.586689
83.983984 -0.356990 -0.128128 -0.491524 0.620850
84.084084 -0.273542 -0.159298 -0.575036 0.656405
84.184184 -0.181930 -0.185762 -0.641541 0.692229
84.284284 -0.085758 -0.207630 -0.692158 0.727700
84.384384 0.012246 -0.225116 -0.728166 0.762269
84.484484 0.110034 -0.238432 -0.750683 0.795288
84.584585 0.206038 -0.247864 -0.760967 0.826413
84.684685 0.299104 -0.253758 -0.760393 0.855602
84.784785 0.388412 -0.256466 -0.750268 0.882916
84.884885 0.473329 -0.256281 -0.731685 0.908341
84.984985 0.553351 -0.253452 -0.705555 0.931796
85.085085 0.628158 -0.248241 -0.672794 0.953341
85.185185 0.697559 -0.240898 -0.634263 0.973093
85.285285 0.761454 -0.231660 -0.590743 0.991190
85.385385 0.819684 -0.220706 -0.542853 1.007613
85.485485 0.872093 -0.208191 -0.491127 1.022299
85.585586 0.918660 -0.194287 -0.436131 1.035323
85.685686 0.959317 -0.179140 -0.378351 1.046676
85.785786 0.993982 -0.162880 -0.318228 1.056314
85.885886 1.022676 -0.145647 -0.256211 1.064295
85.985986 1.045471 -0.127580 -0.192735 1.070716
86.086086 1.062334 -0.108796 -0.128187 1.075557
86.186186 1.073147 -0.089398 -0.062929 1.078702
86.286286 1.077774 -0.069492 0.002669 1.080016
86.386386 1.076025 -0.049181 0.068230 1.079307
86.486486 1.067770 -0.028580 0.133357 1.076445
86.586587 1.053026 -0.007811 0.197653 1.071444
86.686687 1.031732 0.012999 0.260696 1.064238
86.786787 1.003765 0.033718 0.322030 1.054696
86.886887 0.969150 0.054206 0.381208 1.042837
86.986987 0.927916 0.074317 0.437756 1.028679
87.087087 0.880007 0.093884 0.491127 1.012143
87.187187 0.825307 0.112716 0.540676 0.993060
87.287287 0.763772 0.130605 0.585713 0.971321
87.387387 0.695477 0.147326 0.625530 0.946932
87.487487 0.620546 0.162629 0.659335 0.919918
87.587588 0.539194 0.176233 0.686268 0.890366
87.687688 0.451769 0.187834 0.705411 0.858476
87.787788 0.358729 0.197075 0.715707 0.824477
87.887888 0.260613 0.203489 0.715749 0.788431
87.987988 0.158204 0.206491 0.703805 0.750339
88.088088 0.052745 0.205392 0.677904 0.710297
88.188188 -0.053864 0.199414 0.635919 0.668625
88.288288 -0.158801 0.187725 0.575751 0.626057
88.388388 -0.257962 0.169423 0.495340 0.583618
88.488488 -0.345568 0.143688 0.393248 0.542870
88.588589 -0.413936 0.110099 0.269734 0.506183
88.688689 -0.453917 0.069091 0.128150 0.476694
88.788789 -0.456822 0.022551 -0.023541 0.457984
88.888889 -0.417965 -0.025986 -0.172872 0.453050
88.988989 -0.339655 -0.072069 -0.305877 0.462731
89.089089 -0.231124 -0.111833 -0.411974 0.485436
89.189189 -0.104695 -0.143127 -0.486782 0.518077
89.289289 0.028564 -0.165500 -0.531189 0.557107
89.389389 0.160624 -0.179628 -0.549081 0.599630
89.489489 0.286495 -0.186661 -0.545256 0.643604
89.589590 0.403338 -0.187753 -0.524054 0.687434
89.689690 0.509690 -0.183929 -0.489119 0.729966
89.789790 0.604899 -0.176071 -0.443448 0.770422
89.889890 0.688714 -0.164891 -0.389405 0.808178
89.989990 0.761230 -0.151002 -0.328963 0.842906
90.090090 0.822871 -0.134955 -0.263816 0.874602
90.190190 0.874170 -0.117213 -0.195358 0.903370
90.290290 0.915714 -0.098164 -0.124725 0.929368
90.390390 0.948104 -0.078137 -0.052854 0.952786
90.490490 0.971830 -0.057399 0.019486 0.973719
90.590591 0.987232 -0.036176 0.091644 0.992136
90.690691 0.994501 -0.014660 0.163028 1.007881
90.790791 0.993949 0.006967 0.233115 1.020944
90.890891 0.985991 0.028537 0.301447 1.031438
90.990991 0.970977 0.049896 0.367604 1.039432
91.091091 0.949122 0.070897 0.431148 1.044868
91.191191 0.920612 0.091395 0.491648 1.047662
91.291291 0.885780 0.111259 0.548752 1.047909
91.391391 0.844960 0.130363 0.602121 1.045706
91.491491 0.798398 0.148573 0.651373 1.041058
91.591592 0.746355 0.165754 0.696126 1.033979
91.691692 0.689112 0.181772 0.735998 1.024505
91.791792 0.627005 0.196496 0.770643 1.012737
91.891892 0.560420 0.209807 0.799749 0.998843
91.991992 0.489704 0.221557 0.822916 0.982898
92.092092 0.415213 0.231583 0.839687 0.964938
92.192192 0.337369 0.239721 0.849617 0.945057
92.292292 0.256621 0.245769 0.852149 0.923263
92.392392 0.173469 0.249478 0.846578 0.899458
92.492492 0.088564 0.250615 0.832290 0.873703
92.592593 0.002711 0.248959 0.808733 0.846190
92.692693 -0.083131 0.244226 0.775188 0.816991
92.792793 -0.167778 0.236118 0.730943 0.786244
92.892893 -0.249734 0.224308 0.675248 0.754083
92.992993 -0.327082 0.208421 0.607297 0.720578
93.093093 -0.397407 0.188114 0.526484 0.685933
93.193193 -0.457710 0.163115 0.432561 0.650549
93.293293 -0.504308 0.133285 0.325861 0.615043
93.393393 -0.532978 0.098770 0.207748 0.580500
93.493493 -0.539320 0.060173 0.081112 0.548694
93.593594 -0.519026 0.018668 -0.049321 0.521698
93.693694 -0.468445 -0.023849 -0.176626 0.501205
93.793794 -0.386575 -0.064709 -0.291924 0.488720
93.893894 -0.276779 -0.100848 -0.385982 0.485550
93.993994 -0.146496 -0.129509 -0.451431 0.491959
94.094094 -0.005624 -0.148866 -0.484433 0.506822
94.194194 0.135771 -0.158403 -0.485446 0.528377
94.294294 0.269456 -0.158764 -0.458306 0.554849
94.394394 0.389893 -0.151232 -0.408350 0.584498
94.494494 0.494007 -0.137318 -0.341134 0.615850
94.594595 0.580458 -0.118466 -0.261629 0.647623
94.694695 0.649006 -0.095942 -0.173996 0.678740
94.794795 0.700203 -0.070841 -0.081670 0.708501
94.894895 0.735040 -0.044077 0.012585 0.736468
94.994995 0.754620 -0.016396 0.106590 0.762287
95.095095 0.760186 0.011593 0.198623 0.785791
95.195195 0.753085 0.039388 0.287348 0.807005
95.295295 0.734494 0.066580 0.371678 0.825869
95.395395 0.705359 0.092811 0.450659 0.842163
95.495495 0.666548 0.117763 0.523438 0.855653
95.595596 0.618848 0.141137 0.589211 0.866061
95.695696 0.563036 0.162653 0.647234 0.873142
95.795796 0.499977 0.182065 0.696895 0.876806
95.895896 0.430586 0.199161 0.737695 0.877077
95.995996 0.355755 0.213725 0.769124 0.873951
96.096096 0.276350 0.225521 0.790600 0.867340
96.196196 0.193295 0.234310 0.801541 0.857165
96.296296 0.107595 0.239851 0.801378 0.843393
96.396396 0.020368 0.241908 0.789582 0.826059
96.496496 -0.067132 0.240202 0.765513 0.805117
96.596597 -0.153440 0.234405 0.728416 0.780435
96.696697 -0.236818 0.224213 0.677674 0.752061
96.796797 -0.315163 0.209319 0.612737 0.720131
96.896897 -0.385875 0.189413 0.533141 0.684848
96.996997 -0.445716 0.164227 0.438710 0.646606
97.097097 -0.490619 0.133598 0.329774 0.606058
97.197197 -0.515495 0.097588 0.207614 0.564236
97.297297 -0.514172 0.056709 0.075194 0.522726
97.397397 -0.480143 0.012330 -0.061660 0.484243
97.497497 -0.408097 -0.032888 -0.193186 0.452709
97.597598 -0.296913 -0.074800 -0.305691 0.432665
97.697698 -0.153380 -0.108436 -0.384482 0.427914
97.797798 0.007562 -0.129786 -0.419702 0.439376
97.897898 0.168042 -0.137519 -0.410820 0.464675
97.997998 0.314000 -0.133019 -0.365301 0.499735
98.098098 0.437888 -0.118997 -0.293547 0.540441
98.198198 0.537130 -0.098189 -0.204982 0.583238
98.298298 0.612115 -0.072888 -0.106973 0.625653
98.398398 0.664699 -0.044888 -0.004942 0.666231
98.498498 0.697154 -0.015506 0.097307 0.704083
98.598599 0.711640 0.014285 0.197081 0.738564
98.698699 0.710021 0.043758 0.292413 0.769123
98.798799 0.694053 0.072350 0.381844 0.795455
98.898899 0.665436 0.099624 0.464318 0.817509
98.998999 0.625699 0.125230 0.539025 0.835302
99.099099 0.576124 0.148862 0.605240 0.848760
99.199199 0.517943 0.170265 0.662396 0.857919
99.299299 0.452257 0.189190 0.709919 0.862736
99.399399 0.380099 0.205397 0.747246 0.863157
99.499499 0.302542 0.218669 0.773903 0.859229
99.599600 0.220637 0.228776 0.789367 0.850952
99.699700 0.135482 0.235476 0.793081 0.838320
99.799800 0.048260 0.238524 0.784504 0.821383
99.899900 -0.039714 0.237626 0.762958 0.800093
100.000000 -0.126919 0.232427 0.727614 0.774308
