0.000000 0.294208 0.137621 -0.796423 0.860109
0.100100 0.210421 0.155299 -0.806547 0.847887
0.200200 0.124115 0.171063 -0.806794 0.834016
0.300300 0.036268 0.184611 -0.796633 0.818548
0.400400 -0.052015 0.195616 -0.775553 0.801532
0.500501 -0.139474 0.203754 -0.743148 0.783095
0.600601 -0.224672 0.208680 -0.699078 0.763371
0.700701 -0.305930 0.210009 -0.643008 0.742399
0.800801 -0.381329 0.207361 -0.574811 0.720290
0.900901 -0.448731 0.200402 -0.494720 0.697330
1.001001 -0.505707 0.188824 -0.403283 0.673819
1.101101 -0.549611 0.172396 -0.301556 0.650176
1.201201 -0.577712 0.151043 -0.191289 0.627022
1.301301 -0.587232 0.124865 -0.075007 0.605028
1.401401 -0.575491 0.094202 0.043844 0.584796
1.501502 -0.540508 0.059767 0.160784 0.567074
1.601602 -0.481415 0.022705 0.270392 0.552619
1.701702 -0.398993 -0.015421 0.366749 0.542160
1.801802 -0.296271 -0.052732 0.444316 0.536632
1.901902 -0.178218 -0.087286 0.498773 0.536801
2.002002 -0.051022 -0.117331 0.527516 0.542810
2.102102 0.078707 -0.141507 0.529883 0.554071
2.202202 0.204710 -0.158978 0.507142 0.569537
2.302302 0.321756 -0.169480 0.462158 0.588082
2.402402 0.426060 -0.173260 0.398824 0.608775
2.502503 0.515244 -0.170884 0.321311 0.630808
2.602603 0.588128 -0.163098 0.233617 0.653508
2.702703 0.644290 -0.150678 0.139289 0.676177
2.802803 0.683946 -0.134398 0.041397 0.698254
2.902903 0.707960 -0.115046 -0.057432 0.719542
3.003003 0.717421 -0.093335 -0.155062 0.739898
3.103103 0.713431 -0.069879 -0.249757 0.759108
3.203203 0.697008 -0.045215 -0.340065 0.776858
3.303303 0.669319 -0.019827 -0.424845 0.793015
3.403403 0.631602 0.005848 -0.503219 0.807579
3.503504 0.584973 0.031430 -0.574447 0.820470
3.603604 0.530453 0.056574 -0.637868 0.831539
3.703704 0.469011 0.080964 -0.692901 0.840618
3.803804 0.401600 0.104305 -0.739038 0.847549
3.903904 0.329138 0.126311 -0.775785 0.852132
4.004004 0.252562 0.146711 -0.802718 0.854206
4.104104 0.172839 0.165245 -0.819495 0.853670
4.204204 0.090992 0.181699 -0.825991 0.850621
4.304304 0.008059 0.195876 -0.822182 0.845231
4.404404 -0.074927 0.207577 -0.808014 0.837609
4.504505 -0.156905 0.216618 -0.783527 0.827923
4.604605 -0.236768 0.222805 -0.748755 0.816293
4.704705 -0.313344 0.225944 -0.703779 0.802833
4.804805 -0.385338 0.225817 -0.648668 0.787559
4.904905 -0.451298 0.222186 -0.583531 0.770419
5.005005 -0.509690 0.214856 -0.508721 0.751494
5.105105 -0.558861 0.203664 -0.424814 0.730939
5.205205 -0.596979 0.188470 -0.332610 0.708897
5.305305 -0.622077 0.169189 -0.233253 0.685574
5.405405 -0.632127 0.145841 -0.128359 0.661310
5.505506 -0.624989 0.118556 -0.020093 0.636451
5.605606 -0.598622 0.087652 0.088667 0.611468
5.705706 -0.551532 0.053747 0.194224 0.587196
5.805806 -0.482951 0.017785 0.292054 0.564671
5.905906 -0.393056 -0.018912 0.376791 0.544814
6.006006 -0.283645 -0.054612 0.442577 0.528499
6.106106 -0.158678 -0.087241 0.483770 0.516550
6.206206 -0.024358 -0.114615 0.495984 0.509638
6.306306 0.111394 -0.134870 0.477448 0.508483
6.406406 0.240128 -0.146700 0.429134 0.513165
6.506507 0.354194 -0.149570 0.354614 0.523045
6.606607 0.447822 -0.143803 0.259601 0.537230
6.706707 0.517688 -0.130390 0.150751 0.554733
6.806807 0.562732 -0.110716 0.034631 0.574565
6.906907 0.583554 -0.086266 -0.083019 0.595709
7.007007 0.581886 -0.058486 -0.197491 0.617264
7.107107 0.560241 -0.028693 -0.305207 0.638627
7.207207 0.521453 0.001979 -0.403586 0.659392
7.307307 0.468275 0.032594 -0.490822 0.679154
7.407407 0.403364 0.062388 -0.565737 0.697605
7.507508 0.329205 0.090743 -0.627649 0.714530
7.607608 0.248106 0.117173 -0.676275 0.729818
7.707708 0.162136 0.141280 -0.711532 0.743321
7.807808 0.073190 0.162761 -0.733595 0.754989
7.907908 -0.017001 0.181375 -0.742767 0.764780
8.008008 -0.106867 0.196919 -0.739392 0.772592
8.108108 -0.194943 0.209237 -0.723940 0.778378
8.208208 -0.279901 0.218245 -0.697056 0.782217
8.308308 -0.360516 0.223896 -0.659482 0.784231
8.408408 -0.435542 0.226103 -0.611794 0.784291
8.508509 -0.503763 0.224798 -0.554634 0.782259
8.608609 -0.564105 0.219994 -0.488871 0.778207
8.708709 -0.615500 0.211719 -0.415430 0.772171
8.808809 -0.656824 0.199996 -0.335261 0.764079
8.908909 -0.687055 0.184911 -0.249494 0.753979
9.009009 -0.705175 0.166584 -0.159398 0.741910
9.109109 -0.710168 0.145171 -0.066402 0.727889
9.209209 -0.700995 0.120881 0.027841 0.711886
9.309309 -0.676681 0.093999 0.121407 0.693883
9.409409 -0.636642 0.064951 0.212071 0.674170
9.509510 -0.580449 0.034280 0.297254 0.653036
9.609610 -0.507996 0.002675 0.373998 0.630826
9.709710 -0.419745 -0.028979 0.438965 0.608043
9.809810 -0.316901 -0.059581 0.488490 0.585319
9.909910 -0.201680 -0.087788 0.518652 0.563366
10.010010 -0.077557 -0.112004 0.525439 0.542813
10.110110 0.050315 -0.130526 0.505659 0.524652
10.210210 0.175210 -0.141745 0.457711 0.510185
10.310310 0.289297 -0.144337 0.382012 0.500459
10.410410 0.384693 -0.137649 0.281822 0.496346
10.510511 0.454713 -0.121906 0.163146 0.498238
10.610611 0.495126 -0.098228 0.033861 0.505910
10.710711 0.504701 -0.068431 -0.097542 0.518575
10.810811 0.485064 -0.034659 -0.223357 0.535142
10.910911 0.439904 0.000948 -0.337468 0.554437
11.011011 0.373857 0.036525 -0.435613 0.575206
11.111111 0.292017 0.070574 -0.515424 0.596587
11.211211 0.199165 0.101969 -0.575827 0.617771
11.311311 0.099548 0.129909 -0.616708 0.638056
11.411411 -0.003115 0.153868 -0.638694 0.656974
11.511512 -0.105683 0.173532 -0.642856 0.674200
11.611612 -0.205539 0.188768 -0.630625 0.689614
11.711712 -0.300484 0.199517 -0.603424 0.703007
11.811812 -0.388621 0.205763 -0.562627 0.714082
11.911912 -0.468296 0.207547 -0.509652 0.722580
12.012012 -0.538177 0.205002 -0.446070 0.728450
12.112112 -0.597084 0.198293 -0.373456 0.731641
12.212212 -0.643985 0.187609 -0.293384 0.732112
12.312312 -0.678023 0.173191 -0.207509 0.729911
12.412412 -0.698343 0.155283 -0.117495 0.724983
12.512513 -0.704113 0.134155 -0.025096 0.717218
12.612613 -0.694524 0.110117 0.067783 0.706459
12.712713 -0.668973 0.083565 0.159034 0.692676
12.812813 -0.626974 0.054978 0.246291 0.675854
12.912913 -0.568245 0.024947 0.326882 0.656031
13.013013 -0.493019 -0.005782 0.397874 0.633565
13.113113 -0.401918 -0.036287 0.455899 0.608850
13.213213 -0.296078 -0.065408 0.496980 0.582176
13.313313 -0.177739 -0.091685 0.516740 0.554092
13.413413 -0.050765 -0.113351 0.510736 0.525620
13.513514 0.078910 -0.128344 0.474888 0.498214
13.613614 0.202794 -0.134409 0.406234 0.473516
13.713714 0.309907 -0.129545 0.304761 0.453546
13.813814 0.387986 -0.112663 0.175230 0.440377
13.913914 0.426737 -0.084411 0.028144 0.435915
14.014014 0.421560 -0.047477 -0.121806 0.441366
14.114114 0.374785 -0.005832 -0.259849 0.456091
14.214214 0.294551 0.036397 -0.374957 0.478202
14.314314 0.191572 0.075902 -0.461470 0.505387
14.414414 0.076013 0.110533 -0.518140 0.535223
14.514515 -0.043826 0.139176 -0.546618 0.565757
14.614615 -0.161739 0.161442 -0.549988 0.595575
14.714715 -0.273364 0.177383 -0.531772 0.623678
14.814815 -0.375680 0.187272 -0.495401 0.649329
14.914915 -0.466678 0.191515 -0.444085 0.672069
15.015015 -0.545104 0.190600 -0.380816 0.691728
15.115115 -0.610042 0.184976 -0.308152 0.708043
15.215215 -0.661006 0.175121 -0.228452 0.720963
15.315315 -0.697619 0.161474 -0.143837 0.730367
15.415415 -0.719576 0.144443 -0.056236 0.736082
15.515516 -0.726879 0.124481 0.032468 0.738176
15.615616 -0.719429 0.102005 0.120461 0.736542
15.715716 -0.697273 0.077456 0.205942 0.731164
15.815816 -0.660578 0.051306 0.287068 0.722083
15.915916 -0.609500 0.024056 0.361872 0.709239
16.016016 -0.544435 -0.003726 0.428293 0.692718
16.116116 -0.466014 -0.031394 0.484107 0.672692
16.216216 -0.375021 -0.058179 0.526715 0.649196
16.316316 -0.272748 -0.083171 0.553298 0.622453
16.416416 -0.161247 -0.105276 0.560856 0.592995
16.516517 -0.043483 -0.123139 0.545996 0.561396
16.616617 0.076116 -0.135130 0.505278 0.528545
16.716717 0.191088 -0.139377 0.435805 0.495850
16.816817 0.292385 -0.133881 0.336111 0.465170
16.916917 0.368459 -0.117003 0.208114 0.439048
17.017017 0.406801 -0.088278 0.059369 0.420482
17.117117 0.397753 -0.049360 -0.095915 0.412121
17.217217 0.339651 -0.004383 -0.239250 0.415479
17.317317 0.240595 0.041161 -0.353896 0.429910
17.417417 0.115038 0.082292 -0.430065 0.452727
17.517518 -0.021596 0.115814 -0.466136 0.480793
17.617618 -0.156832 0.140407 -0.466067 0.511399
17.717718 -0.282247 0.156051 -0.436162 0.542451
17.817818 -0.392646 0.163343 -0.382844 0.572207
17.917918 -0.485052 0.163126 -0.311878 0.599294
18.018018 -0.557985 0.156349 -0.228351 0.622846
18.118118 -0.610987 0.143983 -0.136646 0.642424
18.218218 -0.644406 0.127001 -0.040559 0.658053
18.318318 -0.658908 0.106295 0.056703 0.669831
18.418418 -0.655128 0.082648 0.152359 0.677670
18.518519 -0.633686 0.056782 0.243864 0.681361
18.618619 -0.595307 0.029412 0.328798 0.680709
18.718719 -0.540878 0.001264 0.404803 0.675586
18.818819 -0.471474 -0.026898 0.469518 0.665926
18.918919 -0.388409 -0.054256 0.520522 0.651727
19.019019 -0.293309 -0.079896 0.555242 0.633014
19.119119 -0.188288 -0.102777 0.570947 0.609915
19.219219 -0.076226 -0.121713 0.564880 0.582849
19.319319 0.038991 -0.135272 0.534017 0.552261
19.419419 0.151943 -0.141760 0.475413 0.518845
19.519520 0.254987 -0.139274 0.386931 0.483871
19.619620 0.337764 -0.125913 0.268509 0.449484
19.719720 0.387387 -0.100373 0.124479 0.419092
19.819820 0.390593 -0.062970 -0.033779 0.397076
19.919920 0.339301 -0.016908 -0.186801 0.387693
20.020020 0.237098 0.031646 -0.311602 0.392826
20.120120 0.100449 0.075739 -0.391703 0.411410
20.220220 -0.049243 0.110471 -0.422918 0.439873
20.320320 -0.194362 0.133930 -0.410629 0.473635
20.420420 -0.323797 0.146380 -0.364369 0.508956
20.520521 -0.432024 0.149152 -0.293864 0.543366
20.620621 -0.517174 0.143912 -0.207474 0.575521
20.720721 -0.579218 0.132220 -0.111725 0.604531
20.820821 -0.618997 0.115436 -0.011639 0.629777
20.920921 -0.637838 0.094743 0.088856 0.650929
21.021021 -0.637224 0.071162 0.186635 0.667795
21.121121 -0.618619 0.045578 0.279123 0.680204
21.221221 -0.583715 0.018797 0.364236 0.688291
21.321321 -0.534244 -0.008443 0.440218 0.692301
21.421421 -0.471693 -0.035462 0.505361 0.692200
21.521522 -0.397509 -0.061586 0.557960 0.687841
21.621622 -0.313328 -0.086139 0.596429 0.679207
21.721722 -0.220967 -0.108404 0.619169 0.666294
21.821822 -0.122497 -0.127618 0.624562 0.649130
21.921922 -0.020412 -0.142941 0.611004 0.627834
22.022022 0.082241 -0.153406 0.576778 0.602470
22.122122 0.181576 -0.157938 0.520348 0.573303
22.222222 0.272611 -0.155390 0.440711 0.541008
22.322322 0.348943 -0.144577 0.337794 0.506723
22.422422 0.402374 -0.124397 0.213207 0.472056
22.522523 0.422709 -0.094125 0.071668 0.438952
22.622623 0.399293 -0.054264 -0.076649 0.410188
22.722723 0.325212 -0.007685 -0.214546 0.389682
22.822823 0.203139 0.039877 -0.320148 0.381249
22.922923 0.049048 0.081111 -0.375114 0.386905
23.023023 -0.112769 0.110127 -0.373320 0.405231
23.123123 -0.260043 0.124522 -0.321639 0.431949
23.223223 -0.378722 0.125046 -0.233842 0.462330
23.323323 -0.463013 0.114110 -0.124377 0.492820
23.423423 -0.512324 0.094500 -0.005288 0.520993
23.523524 -0.528830 0.068801 0.114295 0.545397
23.623624 -0.516216 0.039290 0.227678 0.565561
23.723724 -0.478334 0.007849 0.329952 0.581148
23.823824 -0.419043 -0.023948 0.417474 0.591992
23.923924 -0.342247 -0.054740 0.487537 0.598182
24.024024 -0.251791 -0.083336 0.538097 0.599910
24.124124 -0.151421 -0.108613 0.567310 0.597132
24.224224 -0.044967 -0.129456 0.573440 0.589588
24.324324 0.063300 -0.144774 0.555175 0.577222
24.424424 0.168592 -0.153521 0.511788 0.560285
24.524525 0.265466 -0.154714 0.443314 0.539385
24.624625 0.347550 -0.147383 0.350538 0.515160
24.724725 0.407346 -0.130691 0.235662 0.488414
24.824825 0.436566 -0.104282 0.103479 0.460621
24.924925 0.426940 -0.068698 -0.037473 0.434053
25.025025 0.371872 -0.025932 -0.173898 0.411341
25.125125 0.270245 0.019941 -0.287969 0.395419
25.225225 0.130507 0.062855 -0.360815 0.388807
25.325325 -0.028673 0.096342 -0.379647 0.392728
25.425425 -0.183944 0.115959 -0.343659 0.406673
25.525526 -0.315770 0.120591 -0.263010 0.428284
25.625626 -0.412956 0.111866 -0.152976 0.454366
25.725726 -0.471880 0.092696 -0.028438 0.481738
25.825826 -0.494002 0.066240 0.098559 0.508075
25.925926 -0.483570 0.035379 0.219224 0.532120
26.026026 -0.445320 0.002466 0.327349 0.552697
26.126126 -0.383979 -0.030587 0.418551 0.568824
26.226226 -0.304400 -0.062192 0.489891 0.580104
26.326326 -0.211327 -0.091038 0.539506 0.586527
26.426426 -0.109311 -0.116007 0.566192 0.588201
26.526527 -0.002745 -0.136075 0.569003 0.585054
26.626627 0.103861 -0.150277 0.547350 0.577029
26.726727 0.205671 -0.157681 0.501008 0.564068
26.826827 0.297339 -0.157394 0.430317 0.546220
26.926927 0.372970 -0.148688 0.336701 0.524006
27.027027 0.425774 -0.130960 0.222811 0.498075
27.127127 0.447937 -0.103897 0.093256 0.469190
27.227227 0.431404 -0.067965 -0.043911 0.438927
27.327327 0.369389 -0.025009 -0.175861 0.409879
27.427427 0.259794 0.020981 -0.284376 0.385750
27.527528 0.110457 0.063512 -0.348351 0.370922
27.627628 -0.057687 0.094901 -0.351646 0.368767
27.727728 -0.215745 0.109520 -0.292721 0.379771
27.827828 -0.339383 0.106440 -0.186153 0.401451
27.927928 -0.416661 0.088663 -0.053498 0.429336
28.028028 -0.446596 0.060696 0.085714 0.458780
28.128128 -0.434650 0.026953 0.217239 0.486662
28.228228 -0.388722 -0.008957 0.332031 0.511302
28.328328 -0.316853 -0.044313 0.424842 0.531837
28.428428 -0.226315 -0.077081 0.492723 0.547664
28.528529 -0.123542 -0.105690 0.533996 0.558198
28.628629 -0.014462 -0.128886 0.547938 0.563078
28.728729 0.095308 -0.145719 0.534844 0.562472
28.828829 0.200368 -0.155437 0.495682 0.556784
28.928929 0.295333 -0.157383 0.431792 0.546292
29.029029 0.374588 -0.151013 0.345164 0.531281
29.129129 0.432173 -0.135962 0.238799 0.512137
29.229229 0.461842 -0.112190 0.117263 0.489526
29.329329 0.457435 -0.080210 -0.012630 0.464586
29.429429 0.413674 -0.041420 -0.141062 0.439022
29.529530 0.327895 0.001458 -0.254672 0.415181
29.629630 0.202957 0.044002 -0.337199 0.396018
29.729730 0.050360 0.080330 -0.372856 0.384721
29.829830 -0.109542 0.104481 -0.352245 0.383396
29.929930 -0.252736 0.112657 -0.277746 0.392059
30.030030 -0.360133 0.104753 -0.163390 0.409103
30.130130 -0.422898 0.083749 -0.028298 0.432038
30.230230 -0.441408 0.053888 0.110145 0.458124
30.330330 -0.421317 0.019243 0.239253 0.484892
30.430430 -0.370419 -0.016868 0.351114 0.510662
30.530531 -0.296400 -0.051963 0.441208 0.534058
30.630631 -0.206127 -0.084241 0.507246 0.553970
30.730731 -0.105829 -0.112451 0.548736 0.570050
30.830831 -0.000877 -0.135736 0.566175 0.582219
30.930931 0.104108 -0.153514 0.560649 0.590536
31.031031 0.205098 -0.165426 0.533713 0.595215
31.131131 0.298591 -0.171308 0.487335 0.596655
31.231231 0.381326 -0.171045 0.423514 0.595004
31.331331 0.450174 -0.164575 0.344360 0.590191
31.431431 0.502157 -0.151964 0.252409 0.582207
31.531532 0.534350 -0.133390 0.150615 0.570971
31.631632 0.544083 -0.109235 0.042603 0.556573
31.731732 0.529159 -0.080160 -0.067220 0.539401
31.831832 0.487955 -0.047139 -0.173552 0.520041
31.931932 0.419743 -0.011555 -0.270089 0.499265
32.032032 0.325266 0.024688 -0.349458 0.478046
32.132132 0.207487 0.059065 -0.403389 0.457452
32.232232 0.072736 0.088450 -0.423652 0.438857
32.332332 -0.068567 0.109413 -0.403857 0.423996
32.432432 -0.202325 0.118795 -0.341535 0.414359
32.532533 -0.312873 0.114649 -0.240449 0.410913
32.632633 -0.386748 0.097088 -0.111279 0.413984
32.732733 -0.416115 0.068344 0.030740 0.422809
32.832833 -0.400534 0.032178 0.169605 0.436152
32.932933 -0.345574 -0.007194 0.291972 0.452461
33.033033 -0.260175 -0.045989 0.388855 0.470121
33.133133 -0.154384 -0.081233 0.455486 0.487751
33.233233 -0.037670 -0.110791 0.490145 0.503920
33.333333 0.081514 -0.133266 0.493423 0.517562
33.433433 0.195888 -0.147849 0.467461 0.527969
33.533534 0.299315 -0.154168 0.415376 0.534691
33.633634 0.386658 -0.152213 0.341012 0.537553
33.733734 0.453392 -0.142167 0.248563 0.536245
33.833834 0.495464 -0.124411 0.142691 0.530399
33.933934 0.509550 -0.099655 0.028870 0.520006
34.034034 0.493235 -0.068984 -0.086544 0.505499
34.134134 0.445074 -0.033903 -0.196189 0.487576
34.234234 0.364982 0.003551 -0.291509 0.467121
34.334334 0.255149 0.040621 -0.362682 0.445297
34.434434 0.121322 0.073708 -0.399067 0.423564
34.534535 -0.025621 0.098410 -0.390578 0.403599
34.634635 -0.168713 0.110192 -0.331176 0.387665
34.734735 -0.286587 0.105745 -0.223285 0.378378
34.834835 -0.358975 0.084593 -0.080275 0.377443
34.934935 -0.374082 0.049932 0.075584 0.384895
35.035035 -0.332729 0.007668 0.220312 0.399130
35.135135 -0.246018 -0.035738 0.335415 0.417499
35.235235 -0.129638 -0.074959 0.410586 0.437042
35.335335 0.000565 -0.106395 0.442842 0.455444
35.435435 0.130906 -0.128067 0.434315 0.471346
35.535536 0.250588 -0.139210 0.390002 0.484020
35.635636 0.351537 -0.139913 0.316396 0.493214
35.735736 0.427762 -0.130774 0.220529 0.498713
35.835836 0.474771 -0.112713 0.109640 0.500132
35.935936 0.489590 -0.087024 -0.008623 0.497339
36.036036 0.470766 -0.055377 -0.126201 0.490524
36.136136 0.418472 -0.019822 -0.234684 0.480196
36.236236 0.334534 0.017180 -0.325208 0.466870
36.336336 0.223008 0.052691 -0.388601 0.451132
36.436436 0.091167 0.083260 -0.416001 0.433936
36.536537 -0.049806 0.105099 -0.400107 0.416668
36.636637 -0.184530 0.114545 -0.337321 0.401195
36.736737 -0.294694 0.108945 -0.230469 0.389654
36.836837 -0.362408 0.087757 -0.090856 0.383791
36.936937 -0.375360 0.053353 0.062301 0.384217
37.037037 -0.331729 0.010892 0.206125 0.390705
37.137137 -0.240297 -0.033181 0.320423 0.401889
37.237237 -0.116799 -0.072933 0.392412 0.415871
37.337337 0.020865 -0.104040 0.417640 0.430909
37.437437 0.156482 -0.124002 0.397986 0.445259
37.537538 0.276913 -0.131846 0.339363 0.457418
37.637638 0.372409 -0.127785 0.250040 0.466409
37.737738 0.436306 -0.112872 0.139466 0.471756
37.837838 0.464381 -0.088699 0.017467 0.473099
37.937938 0.454604 -0.057311 -0.105889 0.470278
38.038038 0.407007 -0.021186 -0.220311 0.463293
38.138138 0.323807 0.016744 -0.315255 0.452236
38.238238 0.210120 0.053019 -0.380193 0.437617
38.338338 0.074737 0.083657 -0.405199 0.420441
38.438438 -0.069077 0.104262 -0.382011 0.401963
38.538539 -0.202909 0.110540 -0.306701 0.384001
38.638639 -0.304414 0.099470 -0.183626 0.369162
38.738739 -0.351733 0.070860 -0.028554 0.359934
38.838839 -0.331949 0.028798 0.131692 0.358277
38.938939 -0.248648 -0.018805 0.266862 0.365233
39.039039 -0.120416 -0.063135 0.354330 0.379521
39.139139 0.027576 -0.097491 0.385265 0.398364
39.239239 0.172218 -0.118464 0.362983 0.418867
39.339339 0.296785 -0.125421 0.297526 0.438558
39.439439 0.390983 -0.119461 0.201279 0.455689
39.539540 0.449668 -0.102604 0.086556 0.469277
39.639640 0.471129 -0.077236 -0.035403 0.478729
39.739740 0.455694 -0.045819 -0.154595 0.483380
39.839840 0.405468 -0.010913 -0.261944 0.482843
39.939940 0.324390 0.024805 -0.349285 0.477330
40.040040 0.218069 0.058549 -0.409261 0.467415
40.140140 0.093748 0.087354 -0.435016 0.453496
40.240240 -0.038920 0.108071 -0.420745 0.436143
40.340340 -0.167165 0.117507 -0.362826 0.416407
40.440440 -0.274905 0.112815 -0.261596 0.395894
40.540541 -0.343621 0.092320 -0.124109 0.376831
40.640641 -0.355990 0.056856 0.033021 0.362010
40.740741 -0.302758 0.011050 0.183502 0.354200
40.840841 -0.189718 -0.036858 0.297397 0.354678
40.940941 -0.038829 -0.077455 0.352135 0.362637
41.041041 0.119728 -0.103660 0.341100 0.376071
41.141141 0.258719 -0.112571 0.272853 0.392500
41.241241 0.360111 -0.104968 0.164303 0.409504
41.341341 0.415222 -0.083793 0.034301 0.424979
41.441441 0.422429 -0.052901 -0.099869 0.437285
41.541542 0.384851 -0.016375 -0.223555 0.445371
41.641642 0.308639 0.021803 -0.324833 0.448608
41.741742 0.202133 0.057822 -0.394148 0.446715
41.841842 0.075494 0.088003 -0.423880 0.439452
41.941942 -0.058918 0.108833 -0.408757 0.427081
42.042042 -0.186230 0.117106 -0.346702 0.410607
42.142142 -0.288882 0.110134 -0.239828 0.391280
42.242242 -0.347483 0.086574 -0.097243 0.371074
42.342342 -0.344186 0.047802 0.061793 0.352941
42.442442 -0.270088 -0.000607 0.207298 0.340471
42.542543 -0.134491 -0.048712 0.304911 0.336796
42.642643 0.032882 -0.085329 0.330572 0.342987
42.742743 0.193463 -0.102998 0.282440 0.357504
42.842843 0.316568 -0.100397 0.178273 0.376930
42.942943 0.386969 -0.080894 0.043643 0.397735
43.043043 0.402205 -0.049749 -0.097667 0.416872
43.143143 0.367457 -0.012344 -0.227160 0.432179
43.243243 0.291751 0.026481 -0.331519 0.442408
43.343343 0.185631 0.062560 -0.401378 0.446629
43.443443 0.060787 0.092319 -0.430711 0.444668
43.543544 -0.070095 0.112737 -0.416547 0.437189
43.643644 -0.193355 0.121222 -0.358449 0.424931
43.743744 -0.294065 0.115740 -0.259257 0.408760
43.843844 -0.356302 0.095273 -0.126798 0.390007
43.943944 -0.364872 0.060618 0.024081 0.370656
44.044044 -0.309581 0.015538 0.169977 0.353517
44.144144 -0.192541 -0.032458 0.281203 0.342345
44.244244 -0.033620 -0.073198 0.330453 0.340129
44.344344 0.132916 -0.097556 0.305673 0.347303
44.444444 0.271873 -0.101372 0.216222 0.361861
44.544545 0.360273 -0.086144 0.085754 0.380225
44.644645 0.390529 -0.056871 -0.059141 0.399055
44.744745 0.366584 -0.019597 -0.196284 0.416288
44.844845 0.298012 0.020130 -0.309807 0.430345
44.944945 0.196548 0.057688 -0.389360 0.439955
45.045045 0.074851 0.089335 -0.428940 0.444491
45.145145 -0.054266 0.112095 -0.425873 0.443710
45.245245 -0.177827 0.123617 -0.380201 0.437557
45.345345 -0.282459 0.122110 -0.294594 0.426005
45.445445 -0.354387 0.106582 -0.175366 0.409515
45.545546 -0.380004 0.077260 -0.033782 0.389247
45.645646 -0.348099 0.036401 0.112259 0.367559
45.745746 -0.254107 -0.010728 0.237350 0.347880
45.845846 -0.107231 -0.055338 0.311852 0.334383
45.945946 0.064326 -0.086784 0.312796 0.330924
46.046046 0.220250 -0.097124 0.237658 0.338267
46.146146 0.326168 -0.085192 0.107645 0.353879
46.246246 0.366913 -0.056037 -0.044711 0.373851
46.346346 0.344939 -0.017150 -0.190068 0.394212
46.446446 0.272360 0.024380 -0.308064 0.411920
46.546547 0.164780 0.062880 -0.386905 0.425208
46.646647 0.037964 0.094119 -0.420907 0.432969
46.746747 -0.093050 0.114968 -0.408439 0.434394
46.846847 -0.213778 0.123205 -0.351226 0.429232
46.946947 -0.310117 0.117478 -0.254326 0.417918
47.047047 -0.368186 0.097366 -0.126507 0.401304
47.147147 -0.374780 0.063783 0.018405 0.380614
47.247247 -0.319949 0.019935 0.159516 0.358065
47.347347 -0.202551 -0.027533 0.268275 0.337278
47.447447 -0.038424 -0.068201 0.313276 0.322908
47.547548 0.135202 -0.090473 0.274429 0.319024
47.647648 0.271365 -0.087635 0.159373 0.326678
47.747748 0.337086 -0.061849 0.002116 0.342719
47.847848 0.325630 -0.021685 -0.156532 0.361949
47.947948 0.249963 0.022943 -0.285099 0.379855
48.048048 0.131309 0.063799 -0.365357 0.393444
48.148148 -0.007711 0.094939 -0.389695 0.401167
48.248248 -0.145710 0.112446 -0.358007 0.402548
48.348348 -0.263170 0.114138 -0.276006 0.398077
48.448448 -0.342431 0.099353 -0.154314 0.388514
48.548549 -0.368636 0.069270 -0.009114 0.375199
48.648649 -0.331911 0.027500 0.137070 0.360152
48.748749 -0.231366 -0.019377 0.256141 0.345708
48.848849 -0.081062 -0.061840 0.319098 0.334990
48.948949 0.087982 -0.089513 0.306231 0.330955
49.049049 0.235404 -0.095236 0.218306 0.334877
49.149149 0.327380 -0.078400 0.078431 0.345652
49.249249 0.348781 -0.044515 -0.078968 0.360369
49.349349 0.303205 -0.001946 -0.221768 0.375657
49.449449 0.205847 0.041081 -0.327217 0.388756
49.549550 0.076614 0.077857 -0.382460 0.397752
49.649650 -0.063763 0.103417 -0.382522 0.401353
49.749750 -0.195170 0.114461 -0.328903 0.399212
49.849850 -0.298776 0.109278 -0.228763 0.391844
49.949950 -0.357417 0.087757 -0.094641 0.380007
50.050050 -0.356735 0.051810 0.054608 0.364591
50.150150 -0.288818 0.006279 0.192808 0.347319
50.250250 -0.158367 -0.040345 0.288153 0.331270
50.350350 0.010921 -0.076607 0.310886 0.320372
50.450450 0.176648 -0.091697 0.248107 0.318072
50.550551 0.293032 -0.081110 0.115762 0.325342
50.650651 0.332899 -0.049157 -0.047587 0.339857
50.750751 0.295751 -0.005626 -0.200785 0.357512
50.850851 0.199407 0.039242 -0.314673 0.374596
50.950951 0.068218 0.077465 -0.374461 0.388427
51.051051 -0.073819 0.103736 -0.376227 0.397186
51.151151 -0.205234 0.114968 -0.323387 0.399897
51.251251 -0.307202 0.109755 -0.224361 0.395926
51.351351 -0.363351 0.088257 -0.092224 0.385121
51.451451 -0.361110 0.052679 0.054302 0.368950
51.551552 -0.293764 0.007779 0.190311 0.350109
51.651652 -0.165051 -0.038472 0.285418 0.331942
51.751752 0.003398 -0.074942 0.309650 0.318608
51.851852 0.170166 -0.090512 0.248086 0.314159
51.951952 0.288036 -0.080062 0.115182 0.320377
52.052052 0.328425 -0.047864 -0.049585 0.335578
52.152152 0.291710 -0.004181 -0.203745 0.355843
52.252252 0.197266 0.040583 -0.318640 0.376952
52.352352 0.069762 0.078812 -0.381241 0.395503
52.452452 -0.068074 0.105874 -0.389487 0.409321
52.552553 -0.197430 0.119448 -0.347970 0.417528
52.652653 -0.303214 0.118741 -0.264820 0.419723
52.752753 -0.373231 0.104052 -0.150538 0.415680
52.852853 -0.397932 0.076780 -0.018190 0.405680
52.952953 -0.370601 0.039555 0.116175 0.390393
53.053053 -0.289006 -0.003331 0.232990 0.371241
53.153153 -0.158761 -0.045433 0.309653 0.350933
53.253253 0.002527 -0.078131 0.323598 0.332906
53.353353 0.162274 -0.092291 0.261478 0.321280
53.453453 0.279247 -0.082389 0.131541 0.319484
53.553554 0.321975 -0.050549 -0.033509 0.327636
53.653654 0.284514 -0.005959 -0.190881 0.342665
53.753754 0.184335 0.040176 -0.307138 0.360454
53.853854 0.049042 0.078990 -0.366273 0.377890
53.953954 -0.094622 0.105203 -0.366564 0.392926
54.054054 -0.225056 0.116438 -0.314484 0.403867
54.154154 -0.325901 0.112317 -0.220859 0.409396
54.254254 -0.385510 0.093981 -0.099271 0.409029
54.354354 -0.396470 0.063812 0.034729 0.403072
54.454454 -0.355151 0.025295 0.163875 0.391953
54.554555 -0.262987 -0.016741 0.269133 0.376663
54.654655 -0.128716 -0.055891 0.330442 0.359004
54.754755 0.028859 -0.084418 0.329826 0.341679
54.854855 0.179326 -0.094599 0.258168 0.328264
54.954955 0.285719 -0.081826 0.124289 0.322147
55.055055 0.318930 -0.048138 -0.041242 0.325169
55.155155 0.272577 -0.002350 -0.196866 0.336244
55.255255 0.164309 0.044194 -0.308697 0.352483
55.355355 0.023340 0.082300 -0.360577 0.370586
55.455455 -0.122085 0.106614 -0.351622 0.387182
55.555556 -0.249701 0.115115 -0.290289 0.399837
55.655656 -0.343653 0.108037 -0.189566 0.407068
55.755756 -0.393158 0.086986 -0.064329 0.407772
55.855856 -0.391851 0.054719 0.069112 0.401643
55.955956 -0.337630 0.015132 0.192935 0.389162
56.056056 -0.233447 -0.026566 0.287671 0.371427
56.156156 -0.089780 -0.063476 0.332527 0.350234
56.256256 0.071323 -0.087018 0.308467 0.328346
56.356356 0.213182 -0.088581 0.207424 0.310351
56.456456 0.291052 -0.063988 0.045927 0.301521
56.556557 0.275015 -0.018839 -0.130015 0.304782
56.656657 0.172911 0.032423 -0.266176 0.319059
56.756757 0.022790 0.075245 -0.330770 0.339985
56.856857 -0.133575 0.101338 -0.320928 0.362086
56.956957 -0.265753 0.108576 -0.250874 0.381250
57.057057 -0.355935 0.098502 -0.140528 0.395146
57.157157 -0.395539 0.074369 -0.009961 0.402593
57.257257 -0.382165 0.040266 0.121984 0.403177
57.357357 -0.317972 0.000837 0.237584 0.396929
57.457457 -0.209524 -0.038616 0.319738 0.384218
57.557558 -0.069150 -0.071967 0.352262 0.366128
57.657658 0.082770 -0.092276 0.321695 0.344751
57.757758 0.215888 -0.092725 0.222638 0.323687
57.857858 0.292534 -0.069389 0.067306 0.308092
57.957958 0.282168 -0.025659 -0.107027 0.302872
58.058058 0.183869 0.026070 -0.248017 0.309838
58.158158 0.031234 0.070490 -0.317360 0.326591
58.258258 -0.130392 0.097625 -0.307874 0.348309
58.358358 -0.266215 0.104820 -0.234874 0.370167
58.458458 -0.357188 0.094137 -0.121395 0.388821
58.558559 -0.396001 0.069612 0.010211 0.402202
58.658659 -0.382496 0.035847 0.140644 0.409107
58.758759 -0.320959 -0.002420 0.253422 0.408954
58.858859 -0.219114 -0.040344 0.334207 0.401663
58.958959 -0.088323 -0.072796 0.370251 0.387539
59.059059 0.055149 -0.094213 0.350703 0.367301
59.159159 0.188052 -0.098906 0.269496 0.343182
59.259259 0.279260 -0.082240 0.130911 0.319198
59.359359 0.295075 -0.043802 -0.041222 0.301143
59.459459 0.218096 0.008129 -0.199217 0.295498
59.559560 0.068559 0.057370 -0.290998 0.304420
59.659660 -0.103232 0.089291 -0.293744 0.323906
59.759760 -0.249798 0.098375 -0.220468 0.347394
59.859860 -0.344525 0.086712 -0.100059 0.369091
59.959960 -0.378639 0.059642 0.038586 0.385245
60.060060 -0.354003 0.023239 0.171569 0.394074
60.160160 -0.278375 -0.016533 0.279933 0.395131
60.260260 -0.163261 -0.053920 0.348424 0.388537
60.360360 -0.024067 -0.083165 0.364733 0.374867
60.460460 0.118503 -0.098383 0.320047 0.355179
60.560561 0.236775 -0.094126 0.212643 0.331872
60.660661 0.297008 -0.067279 0.055124 0.309482
60.760761 0.268988 -0.020863 -0.117013 0.294078
60.860861 0.149173 0.032400 -0.248082 0.291285
60.960961 -0.023560 0.074330 -0.291817 0.302055
61.061061 -0.190111 0.092681 -0.242001 0.321398
61.161161 -0.306968 0.086225 -0.126507 0.343028
61.261261 -0.356667 0.060642 0.017758 0.362221
61.361361 -0.339269 0.023521 0.159224 0.375512
61.461461 -0.264150 -0.017665 0.273866 0.380907
61.561562 -0.145933 -0.055955 0.343762 0.377624
61.661662 -0.003516 -0.084790 0.355922 0.365899
61.761762 0.138941 -0.097990 0.302914 0.347367
61.861862 0.250740 -0.090209 0.185735 0.324817
61.961962 0.296446 -0.059119 0.021553 0.303051
62.062062 0.248372 -0.009742 -0.147719 0.289144
62.162162 0.111218 0.042865 -0.262907 0.288664
62.262262 -0.066982 0.080040 -0.282684 0.301336
62.362362 -0.225103 0.091568 -0.210832 0.321724
62.462462 -0.324125 0.078572 -0.081612 0.343353
62.562563 -0.352121 0.048111 0.066522 0.361565
62.662663 -0.313899 0.008468 0.202704 0.373756
62.762763 -0.222333 -0.032679 0.304712 0.378615
62.862863 -0.094662 -0.068517 0.357230 0.375857
62.962963 0.048434 -0.092929 0.350448 0.365781
63.063063 0.182251 -0.100516 0.280601 0.349364
63.163163 0.277622 -0.087313 0.153287 0.328929
63.263263 0.303820 -0.052728 -0.010667 0.308546
63.363363 0.239809 -0.002862 -0.169889 0.293903
63.463463 0.094328 0.047646 -0.270022 0.289965
63.563564 -0.084976 0.081215 -0.273937 0.298091
63.663664 -0.237509 0.088183 -0.187323 0.315082
63.763764 -0.324562 0.070396 -0.047218 0.335449
63.863864 -0.336310 0.036027 0.104879 0.354122
63.963964 -0.281485 -0.005646 0.236931 0.367970
64.064064 -0.177186 -0.046422 0.327740 0.375451
64.164164 -0.043615 -0.079562 0.364542 0.375664
64.264264 0.096961 -0.099539 0.341192 0.368403
64.364364 0.220030 -0.101959 0.257968 0.354057
64.464464 0.298624 -0.084084 0.123911 0.334066
64.564565 0.305789 -0.046440 -0.038355 0.311664
64.664665 0.223677 0.004310 -0.187541 0.291927
64.764765 0.063542 0.053021 -0.269076 0.281515
64.864865 -0.120934 0.081019 -0.245859 0.285720
64.964965 -0.261540 0.078942 -0.130603 0.302807
65.065065 -0.320436 0.051701 0.027541 0.325746
65.165165 -0.297676 0.010936 0.180123 0.348101
65.265265 -0.211807 -0.032360 0.295403 0.364927
65.365365 -0.086515 -0.069811 0.356444 0.373377
65.465465 0.053730 -0.095232 0.356025 0.372437
65.565566 0.184388 -0.104042 0.293672 0.362032
65.665666 0.279664 -0.093177 0.176171 0.343410
65.765766 0.312274 -0.061777 0.020626 0.318993
65.865866 0.258412 -0.013732 -0.138706 0.293607
65.965966 0.114777 0.038398 -0.246997 0.275056
66.066066 -0.075788 0.073904 -0.250446 0.271899
66.166166 -0.234146 0.077357 -0.144769 0.285948
66.266266 -0.305324 0.051323 0.017659 0.310110
66.366366 -0.285063 0.009429 0.176838 0.335591
66.466466 -0.196589 -0.035079 0.295194 0.356395
66.566567 -0.068769 -0.072852 0.355659 0.369500
66.666667 0.071437 -0.097830 0.353424 0.373608
66.766767 0.199436 -0.106169 0.291123 0.368509
66.866867 0.291815 -0.095717 0.177539 0.354736
66.966967 0.325892 -0.066369 0.029432 0.333882
67.067067 0.282426 -0.021562 -0.124291 0.309318
67.167167 0.155568 0.029066 -0.239041 0.286683
67.267267 -0.027175 0.068290 -0.263913 0.273957
67.367367 -0.197686 0.078645 -0.177778 0.277254
67.467467 -0.288809 0.056930 -0.018224 0.294930
67.567568 -0.281469 0.015290 0.149696 0.319167
67.667668 -0.197032 -0.030998 0.278528 0.342579
67.767768 -0.068813 -0.070824 0.347242 0.361010
67.867868 0.072656 -0.097663 0.351804 0.372267
67.967968 0.202094 -0.108108 0.297185 0.375298
68.068068 0.298305 -0.100824 0.193895 0.369793
68.168168 0.343073 -0.076265 0.057637 0.356143
68.268268 0.321799 -0.037206 -0.088963 0.335936
68.368368 0.227488 0.009994 -0.214110 0.312560
68.468468 0.070120 0.053810 -0.277348 0.291091
68.568569 -0.109789 0.078429 -0.243518 0.278398
68.668669 -0.245805 0.072133 -0.114167 0.280459
68.768769 -0.287984 0.037988 0.060068 0.296625
68.868869 -0.236285 -0.009042 0.216813 0.320812
68.968969 -0.122760 -0.054213 0.318935 0.346018
69.069069 0.017003 -0.088466 0.355682 0.366913
69.169169 0.154402 -0.107567 0.331092 0.380832
69.269269 0.268480 -0.110268 0.255855 0.386914
69.369369 0.343616 -0.096983 0.143540 0.384813
69.469469 0.367959 -0.069417 0.010238 0.374590
69.569570 0.333236 -0.030831 -0.124197 0.356962
69.669670 0.236744 0.013253 -0.234703 0.333630
69.769770 0.087174 0.053887 -0.290601 0.308143
69.869870 -0.085716 0.078359 -0.261479 0.286109
69.969970 -0.225845 0.074415 -0.138806 0.275338
70.070070 -0.275521 0.040777 0.039001 0.281239
70.170170 -0.221344 -0.008605 0.203665 0.300910
70.270270 -0.097012 -0.055903 0.306456 0.326269
70.370370 0.052526 -0.089869 0.334593 0.350411
70.470470 0.192520 -0.106178 0.296404 0.369043
70.570571 0.300049 -0.104404 0.207492 0.379450
70.670671 0.360589 -0.086241 0.085921 0.380584
70.770771 0.365100 -0.054721 -0.048822 0.372393
70.870871 0.309053 -0.014232 -0.175016 0.355453
70.970971 0.194483 0.028713 -0.267076 0.331629
71.071071 0.035272 0.064420 -0.295132 0.304133
71.171171 -0.132353 0.079906 -0.232565 0.279265
71.271271 -0.246063 0.064110 -0.080545 0.266730
71.371371 -0.250352 0.019970 0.106608 0.272838
71.471471 -0.149409 -0.033077 0.251084 0.294042
71.571572 0.003997 -0.075683 0.312287 0.321352
71.671672 0.158089 -0.098976 0.292505 0.346912
71.771772 0.280382 -0.101866 0.211827 0.365871
71.871872 0.353832 -0.086861 0.093625 0.376175
71.971972 0.370362 -0.057861 -0.039729 0.376954
72.072072 0.327474 -0.019621 -0.166529 0.367908
72.172172 0.227987 0.021860 -0.263926 0.349446
72.272272 0.082768 0.058568 -0.306761 0.323084
72.372372 -0.082002 0.079580 -0.269379 0.292613
72.472472 -0.214980 0.072449 -0.138854 0.265981
72.572573 -0.247830 0.032517 0.052418 0.255391
72.672673 -0.154101 -0.024023 0.216918 0.267166
72.772773 0.012095 -0.070547 0.284746 0.293605
72.872873 0.177039 -0.092974 0.253131 0.322587
72.972973 0.296715 -0.090875 0.153651 0.346276
73.073073 0.353708 -0.069340 0.020721 0.361036
73.173173 0.344827 -0.034808 -0.116415 0.365609
73.273273 0.274549 0.005907 -0.232761 0.359986
73.373373 0.153513 0.045395 -0.305513 0.344913
73.473473 0.000989 0.075087 -0.313583 0.322449
73.573574 -0.150109 0.085202 -0.241169 0.296571
73.673674 -0.249578 0.067189 -0.090708 0.273919
73.773774 -0.244892 0.021774 0.094952 0.263556
73.873874 -0.127586 -0.033564 0.236566 0.270865
73.973974 0.046051 -0.075165 0.278243 0.291872
74.074074 0.206351 -0.091268 0.223798 0.317799
74.174174 0.312765 -0.082926 0.108368 0.341237
74.274274 0.352303 -0.056601 -0.031287 0.358190
74.374374 0.326846 -0.019728 -0.165608 0.366938
74.474474 0.245267 0.020549 -0.271565 0.366505
74.574575 0.121528 0.057215 -0.330509 0.356761
74.674675 -0.024361 0.083052 -0.327547 0.338789
74.774775 -0.163794 0.090588 -0.253232 0.314899
74.874875 -0.257028 0.073424 -0.111037 0.289454
74.974975 -0.258844 0.030866 0.067647 0.269312
75.075075 -0.148555 -0.024494 0.214677 0.262212
75.175175 0.031847 -0.068296 0.260394 0.271078
75.275275 0.200693 -0.082938 0.193383 0.290781
75.375375 0.300344 -0.068207 0.056461 0.313124
75.475475 0.315211 -0.033843 -0.097980 0.331818
75.575576 0.255075 0.008781 -0.229972 0.343551
75.675676 0.140352 0.049617 -0.313128 0.346713
75.775776 -0.003367 0.080143 -0.331342 0.340913
75.875876 -0.145843 0.093189 -0.277676 0.327198
75.975976 -0.251797 0.083439 -0.156727 0.308102
76.076076 -0.283345 0.049520 0.008505 0.287765
76.176176 -0.213937 -0.001545 0.168634 0.272413
76.276276 -0.056490 -0.051536 0.257543 0.268655
76.376376 0.125763 -0.079445 0.235642 0.278666
76.476476 0.260998 -0.076677 0.121579 0.297961
76.576577 0.314068 -0.049252 -0.032918 0.319606
76.676677 0.286362 -0.008840 -0.180279 0.338500
76.776777 0.196402 0.033687 -0.289251 0.351247
76.876877 0.068202 0.069796 -0.342497 0.356128
76.976977 -0.072567 0.092988 -0.332395 0.352703
77.077077 -0.199204 0.098450 -0.259140 0.341363
77.177177 -0.283575 0.083318 -0.132131 0.323752
77.277277 -0.297575 0.047862 0.026204 0.302537
77.377377 -0.221807 -0.001587 0.174775 0.282395
77.477477 -0.065283 -0.049826 0.257082 0.269881
77.577578 0.117800 -0.076700 0.230240 0.269759
77.677678 0.251265 -0.070853 0.104696 0.281275
77.777778 0.290049 -0.037832 -0.062284 0.299063
77.877878 0.235962 0.007672 -0.210858 0.316540
77.977978 0.117210 0.051391 -0.302972 0.328894
78.078078 -0.030283 0.082812 -0.322059 0.333912
78.178178 -0.170795 0.095149 -0.266927 0.330869
78.278278 -0.270632 0.085013 -0.149004 0.320423
78.378378 -0.300271 0.053062 0.006581 0.304995
78.478478 -0.239915 0.005584 0.158630 0.287670
78.578579 -0.094595 -0.043340 0.252285 0.272900
78.678679 0.088617 -0.073801 0.240288 0.266529
78.778779 0.232237 -0.071395 0.121376 0.271594
78.878879 0.278829 -0.038766 -0.049887 0.285898
78.978979 0.224286 0.008372 -0.204924 0.303921
79.079079 0.100818 0.053360 -0.298749 0.319785
79.179179 -0.049798 0.084609 -0.314747 0.329703
79.279279 -0.188894 0.095811 -0.255962 0.332230
79.379379 -0.283977 0.084755 -0.137812 0.326831
79.479479 -0.308955 0.052956 0.013607 0.313756
79.579580 -0.247935 0.006705 0.160039 0.295177
79.679680 -0.105420 -0.041198 0.251566 0.275855
79.779780 0.077604 -0.071860 0.240550 0.262775
79.879880 0.222995 -0.068863 0.117837 0.261447
79.979980 0.262538 -0.032974 -0.061666 0.271691
80.080080 0.189257 0.017557 -0.216633 0.288195
80.180180 0.045821 0.062187 -0.293826 0.303810
80.280280 -0.113034 0.087539 -0.279013 0.313509
80.380380 -0.239992 0.087937 -0.184419 0.315181
80.480480 -0.299253 0.063619 -0.038172 0.308312
80.580581 -0.268229 0.020333 0.118647 0.294002
80.680681 -0.144771 -0.029492 0.232632 0.275584
80.780781 0.037347 -0.066160 0.247325 0.258731
80.880881 0.197893 -0.068932 0.137156 0.250450
80.980981 0.247460 -0.033247 -0.049099 0.254466
81.081081 0.163732 0.020780 -0.210708 0.267653
81.181181 0.001609 0.065764 -0.275209 0.282962
81.281281 -0.162811 0.084779 -0.229774 0.294094
81.381381 -0.269364 0.073394 -0.101557 0.297082
81.481481 -0.282219 0.036509 0.061860 0.291217
81.581582 -0.192183 -0.013438 0.201692 0.278917
81.681682 -0.024477 -0.057340 0.257451 0.264892
81.781782 0.152660 -0.073596 0.190878 0.255257
81.881882 0.248118 -0.050961 0.024204 0.254451
81.981982 0.211244 -0.000959 -0.156162 0.262700
82.082082 0.069835 0.050024 -0.261360 0.275116
82.182182 -0.103339 0.079858 -0.254364 0.285933
82.282282 -0.237656 0.079066 -0.149228 0.291549
82.382382 -0.285834 0.049555 0.010248 0.290279
82.482482 -0.229306 0.002017 0.165446 0.282768
82.582583 -0.083133 -0.045954 0.254483 0.271633
82.682683 0.098074 -0.073228 0.230732 0.261186
82.782783 0.229243 -0.064168 0.093538 0.255772
82.882883 0.239511 -0.021386 -0.092489 0.257638
82.982983 0.125874 0.032704 -0.231686 0.265692
83.083083 -0.048512 0.071832 -0.262492 0.276433
83.183183 -0.204022 0.081109 -0.183239 0.285972
83.283283 -0.282571 0.059549 -0.033865 0.290756
83.383383 -0.257849 0.016236 0.127849 0.288262
83.483483 -0.136328 -0.032975 0.240741 0.278619
83.583584 0.040283 -0.068079 0.253094 0.265168
83.683684 0.195420 -0.070422 0.145238 0.253461
83.783784 0.243988 -0.034882 -0.039655 0.249639
83.883884 0.155650 0.020306 -0.202608 0.256299
83.983984 -0.015365 0.065477 -0.261146 0.269668
84.084084 -0.181551 0.081401 -0.201493 0.283172
84.184184 -0.277305 0.065275 -0.061710 0.291491
84.284284 -0.272578 0.025400 0.100833 0.291738
84.384384 -0.169786 -0.023521 0.226721 0.284223
84.484484 -0.002295 -0.062942 0.263973 0.271383
84.584585 0.164180 -0.074189 0.184616 0.257958
84.684685 0.245460 -0.047740 0.012799 0.250387
84.784785 0.191449 0.004902 -0.165572 0.253162
84.884885 0.034433 0.055361 -0.256754 0.264902
84.984985 -0.140998 0.080284 -0.227584 0.279500
85.085085 -0.261187 0.072969 -0.105988 0.291164
85.185185 -0.288458 0.039477 0.054225 0.296153
85.285285 -0.217877 -0.007424 0.196115 0.293235
85.385385 -0.072039 -0.051551 0.269394 0.283585
85.485485 0.099882 -0.075685 0.239597 0.270391
85.585586 0.226201 -0.066551 0.105773 0.258426
85.685686 0.239004 -0.024490 -0.079171 0.252964
85.785786 0.125557 0.030461 -0.222101 0.256946
85.885886 -0.052641 0.070379 -0.253305 0.268119
85.985986 -0.209076 0.078937 -0.170359 0.281009
86.086086 -0.284272 0.056406 -0.019480 0.290468
86.186186 -0.258465 0.013662 0.139038 0.293806
86.286286 -0.144596 -0.033744 0.250211 0.290951
86.386386 0.019239 -0.069183 0.273649 0.282913
86.486486 0.174521 -0.078147 0.193266 0.271876
86.586587 0.254168 -0.053835 0.031591 0.261721
86.686687 0.212878 -0.004247 -0.143702 0.256877
86.786787 0.065038 0.047378 -0.246698 0.259489
86.886887 -0.115486 0.076142 -0.229669 0.268109
86.986987 -0.246406 0.071337 -0.110394 0.279270
87.087087 -0.281488 0.038444 0.053245 0.289048
87.187187 -0.217135 -0.008225 0.198892 0.294573
87.287287 -0.080448 -0.052226 0.278579 0.294628
87.387387 0.082647 -0.078782 0.265566 0.289072
87.487487 0.215837 -0.077543 0.159427 0.279312
87.587588 0.264762 -0.046415 -0.007355 0.268900
87.687688 0.199587 0.004372 -0.169534 0.261908
87.787788 0.042121 0.052934 -0.252470 0.261376
87.887888 -0.135448 0.076991 -0.218074 0.268012
87.987988 -0.255918 0.067947 -0.089056 0.279360
88.088088 -0.279698 0.032865 0.075132 0.291472
88.188188 -0.209682 -0.013490 0.215176 0.300748
88.288288 -0.075429 -0.055883 0.290010 0.304825
88.388388 0.080909 -0.081977 0.280196 0.302945
88.488488 0.212694 -0.083629 0.187164 0.295403
88.588589 0.275496 -0.058463 0.034703 0.283761
88.688689 0.238438 -0.012459 -0.128868 0.271320
88.788789 0.103755 0.038219 -0.237893 0.262334
88.888889 -0.077166 0.071311 -0.238596 0.260706
88.988989 -0.222706 0.071462 -0.128881 0.267049
89.089089 -0.272903 0.040635 0.037605 0.278463
89.189189 -0.219111 -0.006025 0.191224 0.290882
89.289289 -0.091215 -0.050954 0.281442 0.300210
89.389389 0.065078 -0.080432 0.285760 0.303913
89.489489 0.202282 -0.086302 0.206195 0.301467
89.589590 0.278459 -0.066304 0.065124 0.293559
89.689690 0.264560 -0.025076 -0.096105 0.282590
89.789790 0.155987 0.024800 -0.221587 0.272117
89.889890 -0.014163 0.064396 -0.257554 0.265860
89.989990 -0.177488 0.076089 -0.182441 0.265662
90.090090 -0.263810 0.054650 -0.027676 0.270829
90.190190 -0.241890 0.010559 0.139397 0.279381
90.290290 -0.128883 -0.037781 0.255120 0.288313
90.390390 0.028803 -0.073405 0.283988 0.294733
90.490490 0.177595 -0.085563 0.221833 0.296768
90.590591 0.270580 -0.070871 0.090123 0.293868
90.690691 0.275710 -0.033317 -0.070223 0.286456
90.790791 0.183975 0.015665 -0.204745 0.275704
90.890891 0.020621 0.058037 -0.257433 0.264698
90.990991 -0.150378 0.074375 -0.195856 0.257885
91.091091 -0.248702 0.055065 -0.040861 0.257982
91.191191 -0.227447 0.009165 0.134259 0.264275
91.291291 -0.103354 -0.041226 0.250117 0.273752
91.391391 0.063761 -0.075179 0.264877 0.282625
91.491491 0.207892 -0.081303 0.181116 0.287458
91.591592 0.278668 -0.058678 0.033195 0.286707
91.691692 0.250773 -0.015355 -0.126153 0.281136
91.791792 0.129452 0.033437 -0.237452 0.272505
91.891892 -0.043780 0.068243 -0.251124 0.263888
91.991992 -0.196293 0.072400 -0.152815 0.259085
92.092092 -0.255792 0.042395 0.017300 0.259858
92.192192 -0.195325 -0.007619 0.179829 0.265609
92.292292 -0.048113 -0.054569 0.263826 0.273673
92.392392 0.119517 -0.079579 0.240934 0.280475
92.492492 0.242682 -0.074636 0.126962 0.283873
92.592593 0.277952 -0.042639 -0.033086 0.283143
92.692693 0.211355 0.004876 -0.180554 0.278019
92.792793 0.063233 0.050220 -0.257169 0.269548
92.892893 -0.110482 0.073893 -0.224095 0.260548
92.992993 -0.230938 0.062743 -0.086316 0.254400
93.093093 -0.234519 0.020037 0.094325 0.253570
93.193193 -0.118211 -0.032978 0.227018 0.258067
93.293293 0.056730 -0.070075 0.248941 0.264765
93.393393 0.206636 -0.075233 0.156780 0.270071
93.493493 0.267394 -0.047807 -0.003550 0.271657
93.593594 0.213757 0.000009 -0.162101 0.268270
93.693694 0.065298 0.047529 -0.247524 0.260367
93.793794 -0.113407 0.071633 -0.212460 0.251260
93.893894 -0.230038 0.057369 -0.064608 0.245729
93.993994 -0.215254 0.010510 0.119409 0.246380
94.094094 -0.077783 -0.042517 0.236108 0.252200
94.194194 0.102458 -0.073267 0.227570 0.260103
94.294294 0.233904 -0.068414 0.107695 0.266439
94.394394 0.259118 -0.032331 -0.061754 0.268330
94.494494 0.168438 0.018151 -0.203326 0.264655
94.594595 0.000122 0.059919 -0.249730 0.256818
94.694695 -0.166564 0.071068 -0.169808 0.248252
94.794795 -0.239178 0.042648 0.003653 0.242978
94.894895 -0.170357 -0.010855 0.174382 0.244025
94.994995 -0.001356 -0.058263 0.243769 0.250639
95.095095 0.169942 -0.074299 0.180707 0.258951
95.195195 0.258024 -0.053500 0.027274 0.264920
95.295295 0.226436 -0.007766 -0.139321 0.265977
95.395395 0.090768 0.041418 -0.241374 0.261181
95.495495 -0.087869 0.070109 -0.225476 0.251944
95.595596 -0.216935 0.060713 -0.088476 0.242023
95.695696 -0.213085 0.014700 0.100306 0.235971
95.795796 -0.069466 -0.040670 0.222108 0.236245
95.895896 0.120744 -0.069315 0.197240 0.241428
95.995996 0.236859 -0.054720 0.048403 0.247870
96.096096 0.215601 -0.008112 -0.129664 0.251719
96.196196 0.074609 0.043130 -0.236255 0.251481
96.296296 -0.107161 0.070497 -0.212464 0.248182
96.396396 -0.226708 0.057495 -0.067658 0.243475
96.496496 -0.209944 0.010134 0.116951 0.240534
96.596597 -0.064087 -0.043405 0.229427 0.242132
96.696697 0.121222 -0.070844 0.203250 0.247030
96.796797 0.237725 -0.057581 0.059663 0.251771
96.896897 0.224228 -0.012692 -0.117120 0.253291
96.996997 0.089793 0.038988 -0.230509 0.250434
97.097097 -0.093746 0.068607 -0.214760 0.244166
97.197197 -0.219798 0.057074 -0.071145 0.237971
97.297297 -0.205170 0.009294 0.116829 0.236284
97.397397 -0.057332 -0.044621 0.229371 0.240601
97.497497 0.127305 -0.071314 0.200596 0.248054
97.597598 0.240803 -0.057481 0.056913 0.254026
97.697698 0.226059 -0.012882 -0.117719 0.255199
97.797798 0.092263 0.038398 -0.229925 0.250704
97.897898 -0.091417 0.067850 -0.213373 0.241844
97.997998 -0.216039 0.055032 -0.065485 0.232356
98.098098 -0.189961 0.004422 0.125596 0.227770
98.198198 -0.024632 -0.049327 0.224182 0.230862
98.298298 0.159903 -0.068369 0.163610 0.238770
98.398398 0.241560 -0.042758 -0.005000 0.245366
98.498498 0.176024 0.009078 -0.171276 0.245769
98.598599 0.003628 0.055079 -0.232225 0.238695
98.698699 -0.168407 0.063961 -0.138801 0.227415
98.798799 -0.210187 0.024532 0.057149 0.219195
98.898899 -0.076321 -0.034994 0.203659 0.220287
98.998999 0.122723 -0.066156 0.182579 0.229723
99.099099 0.233771 -0.048418 0.024489 0.239985
99.199199 0.190838 0.001664 -0.151618 0.243742
99.299299 0.027205 0.050624 -0.231539 0.238565
99.399399 -0.152228 0.065092 -0.155778 0.227326
99.499499 -0.212022 0.029828 0.036476 0.217194
99.599600 -0.088372 -0.030560 0.194322 0.215649
99.699700 0.114877 -0.064129 0.180084 0.223023
99.799800 0.227203 -0.045413 0.016947 0.232316
99.899900 0.173359 0.007056 -0.160833 0.236581
100.000000 -0.001268 0.054644 -0.226702 0.233198
