0.000000 -0.826163 0.132377 -0.483341 0.966275
0.100100 -0.770805 0.111516 -0.552455 0.954874
0.200200 -0.709069 0.089741 -0.616928 0.944157
0.300300 -0.641254 0.067206 -0.676037 0.934211
0.400400 -0.567751 0.044084 -0.729066 0.925107
0.500501 -0.489076 0.020572 -0.775362 0.916954
0.600601 -0.405836 -0.003120 -0.814313 0.909845
0.700701 -0.318683 -0.026766 -0.845280 0.903755
0.800801 -0.228378 -0.050129 -0.867727 0.898676
0.900901 -0.135796 -0.072965 -0.881300 0.894681
1.001001 -0.041862 -0.095031 -0.885721 0.891787
1.101101 0.052457 -0.116087 -0.880853 0.890017
1.201201 0.146173 -0.135915 -0.866759 0.889444
1.301301 0.238301 -0.154307 -0.843590 0.890080
1.401401 0.327859 -0.171059 -0.811529 0.891814
1.501502 0.413908 -0.185997 -0.770923 0.894560
1.601602 0.495554 -0.198970 -0.722235 0.898213
1.701702 0.571985 -0.209861 -0.666037 0.902670
1.801802 0.642592 -0.218623 -0.603133 0.908014
1.901902 0.706931 -0.225260 -0.534410 0.914378
2.002002 0.764606 -0.229782 -0.460714 0.921780
2.102102 0.815215 -0.232187 -0.382822 0.930075
2.202202 0.858394 -0.232483 -0.301498 0.939036
2.302302 0.893898 -0.230706 -0.217531 0.948472
2.402402 0.921668 -0.226940 -0.131732 0.958294
2.502503 0.941752 -0.221286 -0.044883 0.968442
2.602603 0.954289 -0.213865 0.042278 0.978874
2.702703 0.959398 -0.204785 0.129060 0.989464
2.802803 0.957262 -0.194164 0.214821 1.000099
2.902903 0.948257 -0.182155 0.298995 1.010826
3.003003 0.932781 -0.168909 0.381080 1.021682
3.103103 0.911183 -0.154560 0.460613 1.032622
3.203203 0.883739 -0.139226 0.537139 1.043502
3.303303 0.850827 -0.123037 0.610289 1.054276
3.403403 0.812889 -0.106127 0.679778 1.064965
3.503504 0.770314 -0.088619 0.745330 1.075525
3.603604 0.723449 -0.070625 0.806667 1.085854
3.703704 0.672629 -0.052253 0.863527 1.095828
3.803804 0.618192 -0.033609 0.915669 1.105324
3.903904 0.560462 -0.014795 0.962851 1.114189
4.004004 0.499777 0.004086 1.004867 1.122297
4.104104 0.436496 0.022934 1.041563 1.129561
4.204204 0.371028 0.041654 1.072930 1.136035
4.304304 0.303782 0.060159 1.099025 1.141822
4.404404 0.235133 0.078367 1.119880 1.146979
4.504505 0.165445 0.096204 1.135579 1.151593
4.604605 0.095060 0.113599 1.146189 1.155720
4.704705 0.024302 0.130487 1.151775 1.159398
4.804805 -0.046516 0.146797 1.152355 1.162598
4.904905 -0.117087 0.162456 1.147904 1.165240
5.005005 -0.187106 0.177402 1.138480 1.167312
5.105105 -0.256278 0.191576 1.124175 1.168824
5.205205 -0.324308 0.204920 1.105062 1.169757
5.305305 -0.390907 0.217379 1.081231 1.170095
5.405405 -0.455798 0.228903 1.052805 1.169848
5.505506 -0.518691 0.239438 1.019882 1.168987
5.605606 -0.579303 0.248931 0.982570 1.167477
5.705706 -0.637394 0.257352 0.941070 1.165381
5.805806 -0.692740 0.264673 0.895598 1.162771
5.905906 -0.745066 0.270850 0.846298 1.159613
6.006006 -0.794071 0.275828 0.793295 1.155831
6.106106 -0.839446 0.279552 0.736733 1.151345
6.206206 -0.880890 0.281975 0.676783 1.146086
6.306306 -0.918201 0.283082 0.613715 1.140121
6.406406 -0.951137 0.282847 0.547780 1.133458
6.506507 -0.979398 0.281227 0.479208 1.126033
6.606607 -1.002717 0.278196 0.408271 1.117819
6.706707 -1.020865 0.273735 0.335280 1.108832
6.806807 -1.033635 0.267839 0.260574 1.099108
6.906907 -1.040795 0.260494 0.184503 1.088647
7.007007 -1.042106 0.251692 0.107447 1.077440
7.107107 -1.037410 0.241445 0.029820 1.065553
7.207207 -1.026591 0.229779 -0.047933 1.053083
7.307307 -1.009497 0.216714 -0.125343 1.040077
7.407407 -0.986002 0.202281 -0.201905 1.026588
7.507508 -0.956012 0.186522 -0.277086 1.012682
7.607608 -0.919496 0.169496 -0.350320 0.998462
7.707708 -0.876414 0.151267 -0.420996 0.983982
7.807808 -0.826816 0.131919 -0.488483 0.969352
7.907908 -0.770795 0.111555 -0.552110 0.954670
8.008008 -0.708465 0.090285 -0.611151 0.939989
8.108108 -0.640046 0.068249 -0.664864 0.925398
8.208208 -0.565906 0.045611 -0.712556 0.911079
8.308308 -0.486528 0.022563 -0.753560 0.897258
8.408408 -0.402378 -0.000694 -0.787057 0.883950
8.508509 -0.314041 -0.023927 -0.812237 0.871162
8.608609 -0.222314 -0.046884 -0.828484 0.859073
8.708709 -0.128100 -0.069288 -0.835227 0.847830
8.808809 -0.032406 -0.090841 -0.831901 0.837474
8.908909 0.063634 -0.111245 -0.818162 0.828139
9.009009 0.158784 -0.130189 -0.793806 0.819933
9.109109 0.251737 -0.147369 -0.758777 0.812916
9.209209 0.341111 -0.162479 -0.713171 0.807074
9.309309 0.425502 -0.175232 -0.657289 0.802364
9.409409 0.503636 -0.185421 -0.591844 0.798943
9.509510 0.574296 -0.192869 -0.517713 0.796894
9.609610 0.636391 -0.197449 -0.435935 0.796253
9.709710 0.689021 -0.199101 -0.347743 0.797068
9.809810 0.731488 -0.197824 -0.254481 0.799355
9.909910 0.763266 -0.193662 -0.157561 0.803060
10.010010 0.783919 -0.186685 -0.058401 0.807955
10.110110 0.793365 -0.177045 0.041546 0.813940
10.210210 0.791863 -0.164967 0.140872 0.821039
10.310310 0.779757 -0.150686 0.238261 0.829153
10.410410 0.757590 -0.134466 0.332530 0.838212
10.510511 0.726025 -0.116584 0.422620 0.848123
10.610611 0.685786 -0.097316 0.507610 0.858744
10.710711 0.637647 -0.076933 0.586691 0.869896
10.810811 0.582432 -0.055704 0.659204 0.881408
10.910911 0.521011 -0.033890 0.724621 0.893127
11.011011 0.454218 -0.011735 0.782488 0.904842
11.111111 0.382957 0.010525 0.832575 0.916487
11.211211 0.308083 0.032672 0.874694 0.927940
11.311311 0.230406 0.054507 0.908721 0.939059
11.411411 0.150723 0.075845 0.934656 0.949765
11.511512 0.069793 0.096523 0.952583 0.960002
11.611612 -0.011664 0.116402 0.962715 0.969796
11.711712 -0.092983 0.135347 0.965219 0.979087
11.811812 -0.173532 0.153230 0.960216 0.987728
11.911912 -0.252704 0.169928 0.947860 0.995577
12.012012 -0.329949 0.185350 0.928444 1.002611
12.112112 -0.404743 0.199411 0.902271 1.008799
12.212212 -0.476600 0.212039 0.869658 1.014107
12.312312 -0.545080 0.223175 0.830982 1.018553
12.412412 -0.609743 0.232759 0.786571 1.022084
12.512513 -0.670141 0.240724 0.736736 1.024606
12.612613 -0.725817 0.247001 0.681783 1.025986
12.712713 -0.776372 0.251543 0.622082 1.026164
12.812813 -0.821409 0.254304 0.558024 1.025072
12.912913 -0.860549 0.255247 0.490018 1.022651
13.013013 -0.893542 0.254373 0.418564 1.018980
13.113113 -0.920118 0.251679 0.344160 1.014104
13.213213 -0.939904 0.247133 0.267270 1.007932
13.313313 -0.952561 0.240720 0.188405 1.000407
13.413413 -0.957841 0.232448 0.108132 0.991557
13.513514 -0.955531 0.222340 0.027053 0.981430
13.613614 -0.945333 0.210403 -0.054195 0.969980
13.713714 -0.926985 0.196659 -0.134922 0.957173
13.813814 -0.900250 0.181142 -0.214372 0.942983
13.913914 -0.865033 0.163925 -0.291748 0.927507
14.014014 -0.821437 0.145126 -0.366242 0.911018
14.114114 -0.769504 0.124862 -0.436954 0.893675
14.214214 -0.709327 0.103269 -0.502917 0.875634
14.314314 -0.641108 0.080513 -0.563104 0.857081
14.414414 -0.565081 0.056788 -0.616343 0.838105
14.514515 -0.481634 0.032328 -0.661391 0.818813
14.614615 -0.391366 0.007425 -0.696951 0.799352
14.714715 -0.295108 -0.017574 -0.721696 0.779900
14.814815 -0.193957 -0.042257 -0.734262 0.760622
14.914915 -0.089337 -0.066148 -0.733393 0.741770
15.015015 0.016958 -0.088718 -0.718089 0.723748
15.115115 0.122800 -0.109371 -0.687436 0.706831
15.215215 0.225745 -0.127498 -0.641028 0.691471
15.315315 0.323024 -0.142462 -0.578840 0.678009
15.415415 0.411688 -0.153647 -0.501388 0.666697
15.515516 0.488875 -0.160565 -0.410096 0.657996
15.615616 0.551808 -0.162815 -0.306962 0.652094
15.715716 0.598215 -0.160198 -0.194716 0.649184
15.815816 0.626510 -0.152740 -0.076648 0.649399
15.915916 0.635786 -0.140652 0.043687 0.652622
16.016016 0.626118 -0.124379 0.162676 0.658755
16.116116 0.598444 -0.104533 0.276947 0.667654
16.216216 0.554192 -0.081797 0.383499 0.678890
16.316316 0.495372 -0.056914 0.479940 0.692081
16.416416 0.424414 -0.030641 0.564583 0.706979
16.516517 0.343739 -0.003673 0.636250 0.723176
16.616617 0.255740 0.023366 0.694300 0.740271
16.716717 0.162698 0.049935 0.738574 0.757928
16.816817 0.066682 0.075571 0.769178 0.775752
16.916917 -0.030454 0.099893 0.786487 0.793390
17.017017 -0.127059 0.122592 0.791082 0.810545
17.117117 -0.221693 0.143417 0.783643 0.826930
17.217217 -0.313129 0.162189 0.765039 0.842401
17.317317 -0.400321 0.178776 0.736175 0.856838
17.417417 -0.482341 0.193064 0.697890 0.870045
17.517518 -0.558432 0.204988 0.651100 0.881928
17.617618 -0.627994 0.214522 0.596763 0.892481
17.717718 -0.690533 0.221665 0.535812 0.901702
17.817818 -0.745531 0.226395 0.469074 0.909451
17.917918 -0.792467 0.228682 0.397319 0.915511
18.018018 -0.830904 0.228524 0.321358 0.919726
18.118118 -0.860542 0.225952 0.242044 0.922048
18.218218 -0.881294 0.221052 0.160277 0.922622
18.318318 -0.893120 0.213919 0.076935 0.921598
18.418418 -0.895880 0.204621 -0.007136 0.918978
18.518519 -0.889371 0.193212 -0.091080 0.914662
18.618619 -0.873423 0.179758 -0.174005 0.908547
18.718719 -0.847934 0.164347 -0.254973 0.900563
18.818819 -0.812879 0.147089 -0.333008 0.890675
18.918919 -0.768312 0.128117 -0.407086 0.878884
19.019019 -0.714349 0.107586 -0.476119 0.865193
19.119119 -0.651204 0.085681 -0.538961 0.849639
19.219219 -0.579286 0.062630 -0.594464 0.832395
19.319319 -0.499048 0.038692 -0.641331 0.813542
19.419419 -0.411083 0.014168 -0.678155 0.793148
19.519520 -0.316234 -0.010576 -0.703475 0.771357
19.619620 -0.215632 -0.035106 -0.715809 0.748406
19.719720 -0.110785 -0.058909 -0.713756 0.724701
19.819820 -0.003589 -0.081393 -0.695970 0.700723
19.919920 0.103591 -0.101871 -0.661239 0.677012
20.020020 0.207832 -0.119550 -0.608516 0.654048
20.120120 0.305702 -0.133604 -0.537480 0.632604
20.220220 0.393295 -0.143198 -0.448645 0.613571
20.320320 0.466348 -0.147523 -0.343427 0.597651
20.420420 0.520666 -0.145941 -0.224578 0.585514
20.520521 0.552749 -0.138140 -0.096257 0.577823
20.620621 0.560466 -0.124260 0.036221 0.575217
20.720721 0.543214 -0.104852 0.167018 0.577902
20.820821 0.502074 -0.080838 0.290429 0.585630
20.920921 0.439746 -0.053415 0.401567 0.597901
21.021021 0.360008 -0.023877 0.496803 0.613995
21.121121 0.267099 0.006534 0.573866 0.633014
21.221221 0.165372 0.036736 0.632030 0.654339
21.321321 0.058804 0.065863 0.671706 0.677485
21.421421 -0.049300 0.093260 0.693749 0.701724
21.521522 -0.156222 0.118444 0.699351 0.726309
21.621622 -0.259802 0.141102 0.690061 0.750727
21.721722 -0.358367 0.161044 0.667520 0.774561
21.821822 -0.450662 0.178175 0.633351 0.797481
21.921922 -0.535778 0.192474 0.589149 0.819268
22.022022 -0.613010 0.203947 0.536329 0.839657
22.122122 -0.681882 0.212644 0.476243 0.858480
22.222222 -0.742157 0.218665 0.410195 0.875712
22.322322 -0.793754 0.222135 0.339395 0.891391
22.422422 -0.836628 0.223169 0.264909 0.905499
22.522523 -0.870613 0.221837 0.187658 0.917820
22.622623 -0.895537 0.218202 0.108499 0.928101
22.722723 -0.911389 0.212362 0.028286 0.936231
22.822823 -0.918218 0.204425 -0.052163 0.942144
22.922923 -0.916176 0.194518 -0.132064 0.945863
23.023023 -0.905394 0.182760 -0.210657 0.947373
23.123123 -0.885872 0.169245 -0.287167 0.946508
23.223223 -0.857593 0.154063 -0.360785 0.943062
23.323323 -0.820647 0.137330 -0.430704 0.936924
23.423423 -0.775159 0.119175 -0.496080 0.927992
23.523524 -0.721332 0.099744 -0.556061 0.916228
23.623624 -0.659577 0.079225 -0.609867 0.901807
23.723724 -0.590278 0.057809 -0.656620 0.884828
23.823824 -0.513876 0.035707 -0.695390 0.865396
23.923924 -0.430952 0.013163 -0.725232 0.843715
24.024024 -0.342210 -0.009544 -0.745164 0.820041
24.124124 -0.248436 -0.032089 -0.753957 0.794481
24.224224 -0.150589 -0.054078 -0.750132 0.767006
24.324324 -0.050001 -0.075029 -0.732206 0.737736
24.424424 0.051549 -0.094374 -0.698812 0.707037
24.524525 0.151765 -0.111449 -0.648795 0.675565
24.624625 0.247707 -0.125454 -0.581084 0.644016
24.724725 0.335636 -0.135447 -0.494969 0.613182
24.824825 0.411060 -0.140429 -0.390712 0.584249
24.924925 0.468902 -0.139436 -0.270007 0.558762
25.025025 0.503736 -0.131630 -0.136305 0.538197
25.125125 0.510766 -0.116583 0.004716 0.523923
25.225225 0.487069 -0.094543 0.145281 0.516992
25.325325 0.432841 -0.066588 0.276652 0.517998
25.425425 0.351838 -0.034514 0.390896 0.527049
25.525526 0.250289 -0.000418 0.482375 0.543443
25.625626 0.135419 0.033716 0.548321 0.565801
25.725726 0.014106 0.066276 0.588425 0.592314
25.825826 -0.107854 0.096125 0.604319 0.621349
25.925926 -0.226064 0.122597 0.598915 0.651793
26.026026 -0.337365 0.145319 0.575175 0.682466
26.126126 -0.439582 0.164125 0.535930 0.712314
26.226226 -0.531402 0.179051 0.484016 0.740756
26.326326 -0.612192 0.190261 0.422066 0.767540
26.426426 -0.681725 0.197976 0.352379 0.792536
26.526527 -0.739901 0.202396 0.276855 0.815516
26.626627 -0.786765 0.203727 0.197132 0.836280
26.726727 -0.822426 0.202160 0.114641 0.854632
26.826827 -0.847068 0.197890 0.030652 0.870416
26.926927 -0.861080 0.191141 -0.053685 0.883671
27.027027 -0.864808 0.182114 -0.137338 0.894383
27.127127 -0.858474 0.170973 -0.219349 0.902398
27.227227 -0.842391 0.157896 -0.298824 0.907661
27.327327 -0.816917 0.143064 -0.374920 0.910157
27.427427 -0.782426 0.126659 -0.446828 0.909883
27.527528 -0.739319 0.108866 -0.513762 0.906861
27.627628 -0.687998 0.089870 -0.574928 0.901088
27.727728 -0.628885 0.069865 -0.629518 0.892564
27.827828 -0.562500 0.049059 -0.676758 0.881370
27.927928 -0.489326 0.027672 -0.715739 0.867461
28.028028 -0.409820 0.005940 -0.745352 0.850610
28.128128 -0.324639 -0.015860 -0.764517 0.830740
28.228228 -0.234663 -0.037406 -0.772228 0.807962
28.328328 -0.140970 -0.058332 -0.767471 0.782488
28.428428 -0.044855 -0.078202 -0.749077 0.754482
28.528529 0.052066 -0.096484 -0.715667 0.724017
28.628629 0.147689 -0.112532 -0.665872 0.691275
28.728729 0.239342 -0.125617 -0.598702 0.656893
28.828829 0.323658 -0.134897 -0.513566 0.621853
28.928929 0.396366 -0.139378 -0.410342 0.587293
29.029029 0.452218 -0.137969 -0.289983 0.554641
29.129129 0.485222 -0.129625 -0.155277 0.525694
29.229229 0.489469 -0.113633 -0.011658 0.502621
29.329329 0.460687 -0.090003 0.132498 0.487739
29.429429 0.398072 -0.059785 0.266739 0.482893
29.529530 0.305423 -0.025064 0.380786 0.488784
29.629630 0.190556 0.011492 0.467227 0.504722
29.729730 0.063069 0.047328 0.523080 0.528990
29.829830 -0.068133 0.080508 0.549234 0.559269
29.929930 -0.196178 0.109843 0.548971 0.593228
30.030030 -0.316490 0.134814 0.526779 0.629156
30.130130 -0.426475 0.155371 0.487273 0.665925
30.230230 -0.524897 0.171710 0.434505 0.702706
30.330330 -0.611328 0.184125 0.371799 0.738822
30.430430 -0.685929 0.192977 0.301898 0.773874
30.530531 -0.749022 0.198593 0.226954 0.807454
30.630631 -0.800993 0.201264 0.148663 0.839165
30.730731 -0.842535 0.201317 0.068461 0.868954
30.830831 -0.874403 0.199062 -0.012498 0.896862
30.930931 -0.897348 0.194779 -0.093300 0.922972
31.031031 -0.912138 0.188730 -0.173221 0.947428
31.131131 -0.919567 0.181161 -0.251712 0.970454
31.231231 -0.920238 0.172266 -0.328313 0.992121
31.331331 -0.914595 0.162194 -0.402622 1.012371
31.431431 -0.903063 0.151082 -0.474297 1.031167
31.531532 -0.885994 0.139049 -0.543019 1.048422
31.631632 -0.863757 0.126210 -0.608531 1.064104
31.731732 -0.836772 0.112683 -0.670652 1.078266
31.831832 -0.805444 0.098576 -0.729245 1.090988
31.931932 -0.770149 0.083990 -0.784196 1.102337
32.032032 -0.731222 0.069014 -0.835395 1.112355
32.132132 -0.688939 0.053729 -0.882701 1.121019
32.232232 -0.643562 0.038209 -0.925982 1.128306
32.332332 -0.595371 0.022530 -0.965148 1.134233
32.432432 -0.544606 0.006762 -1.000069 1.138762
32.532533 -0.491491 -0.009025 -1.030593 1.141826
32.632633 -0.436266 -0.024763 -1.056603 1.143394
32.732733 -0.379154 -0.040382 -1.077942 1.143393
32.832833 -0.320405 -0.055813 -1.094512 1.141811
32.932933 -0.260273 -0.070987 -1.106219 1.138640
33.033033 -0.199011 -0.085833 -1.112953 1.133860
33.133133 -0.136881 -0.100277 -1.114607 1.127449
33.233233 -0.074141 -0.114235 -1.110961 1.119277
33.333333 -0.011075 -0.127618 -1.101807 1.109228
33.433433 0.052007 -0.140331 -1.086961 1.097215
33.533534 0.114767 -0.152279 -1.066257 1.083174
33.633634 0.176840 -0.163363 -1.039573 1.067086
33.733734 0.237812 -0.173461 -1.006683 1.048835
33.833834 0.297200 -0.182428 -0.967293 1.028233
33.933934 0.354480 -0.190120 -0.921200 1.005192
34.034034 0.409096 -0.196398 -0.868314 0.979745
34.134134 0.460426 -0.201113 -0.808574 0.951961
34.234234 0.507742 -0.204088 -0.741892 0.921877
34.334334 0.550173 -0.205111 -0.668175 0.889505
34.434434 0.586645 -0.203924 -0.587323 0.854802
34.534535 0.615791 -0.200203 -0.499241 0.817631
34.634635 0.636010 -0.193592 -0.404024 0.777960
34.734735 0.645469 -0.183719 -0.302082 0.735960
34.834835 0.641913 -0.170156 -0.194174 0.691888
34.934935 0.622595 -0.152433 -0.081646 0.646163
35.035035 0.584294 -0.130084 0.033186 0.599519
35.135135 0.523381 -0.102730 0.146481 0.553117
35.235235 0.436219 -0.070267 0.252067 0.508687
35.335335 0.320679 -0.033294 0.340735 0.469088
35.435435 0.178689 0.006333 0.400520 0.438619
35.535536 0.018967 0.045189 0.419356 0.422210
35.635636 -0.142689 0.078897 0.390859 0.423504
35.735736 -0.288601 0.103850 0.318809 0.442397
35.835836 -0.406489 0.118650 0.215226 0.475009
35.935936 -0.492361 0.124050 0.094219 0.516416
36.036036 -0.548191 0.121843 -0.032853 0.562528
36.136136 -0.578508 0.113941 -0.158604 0.610581
36.236236 -0.588035 0.101931 -0.278766 0.658699
36.336336 -0.580855 0.087017 -0.391075 0.705623
36.436436 -0.560391 0.070110 -0.494468 0.750634
36.536537 -0.529403 0.051885 -0.588582 0.793340
36.636637 -0.490122 0.032849 -0.673462 0.833576
36.736737 -0.444332 0.013381 -0.749369 0.871301
36.836837 -0.393438 -0.006236 -0.816615 0.906473
36.936937 -0.338521 -0.025780 -0.875446 0.938971
37.037037 -0.280512 -0.045079 -0.926193 0.968789
37.137137 -0.220179 -0.063991 -0.969150 0.995904
37.237237 -0.158175 -0.082399 -1.004606 1.020315
37.337337 -0.095078 -0.100211 -1.032891 1.042087
37.437437 -0.031379 -0.117343 -1.054245 1.061219
37.537538 0.032485 -0.133714 -1.068843 1.077664
37.637638 0.096113 -0.149257 -1.076889 1.091423
37.737738 0.159142 -0.163917 -1.078621 1.102551
37.837838 0.221228 -0.177636 -1.074220 1.111056
37.937938 0.282045 -0.190358 -1.063842 1.116936
38.038038 0.341273 -0.202025 -1.047618 1.120171
38.138138 0.398580 -0.212570 -1.025624 1.120695
38.238238 0.453645 -0.221931 -0.997965 1.118473
38.338338 0.506148 -0.230051 -0.964766 1.113500
38.438438 0.555728 -0.236851 -0.926081 1.105693
38.538539 0.601997 -0.242250 -0.881958 1.094959
38.638639 0.644571 -0.246171 -0.832495 1.081258
38.738739 0.683001 -0.248518 -0.777751 1.064494
38.838839 0.716823 -0.249196 -0.717824 1.044608
38.938939 0.745641 -0.248141 -0.652946 1.021711
39.039039 0.768946 -0.245259 -0.583306 0.995829
39.139139 0.786119 -0.240428 -0.509073 0.966925
39.239239 0.796439 -0.233509 -0.430467 0.934956
39.339339 0.799045 -0.224336 -0.347756 0.899852
39.439439 0.792926 -0.212722 -0.261316 0.861550
39.539540 0.776958 -0.198473 -0.171702 0.820084
39.639640 0.749776 -0.181370 -0.079693 0.775506
39.739740 0.709569 -0.161128 0.013600 0.727760
39.839840 0.654207 -0.137460 0.106478 0.676919
39.939940 0.581462 -0.110157 0.196370 0.623534
40.040040 0.489011 -0.079148 0.279374 0.568724
40.140140 0.374516 -0.044618 0.349393 0.514129
40.240240 0.236991 -0.007426 0.397235 0.462618
40.340340 0.079609 0.030216 0.410339 0.419081
40.440440 -0.086176 0.064104 0.375351 0.390415
40.540541 -0.238841 0.088596 0.286290 0.383218
40.640641 -0.355011 0.099535 0.153350 0.399320
40.740741 -0.423143 0.096917 -0.001081 0.434101
40.840841 -0.445984 0.083842 -0.156107 0.479897
40.940941 -0.432996 0.063968 -0.299126 0.530145
41.041041 -0.394209 0.040238 -0.424708 0.580858
41.141141 -0.337764 0.014674 -0.531523 0.629933
41.241241 -0.269619 -0.011418 -0.620102 0.676278
41.341341 -0.194011 -0.037206 -0.691613 0.719273
41.441441 -0.113966 -0.062149 -0.747359 0.758549
41.541542 -0.031722 -0.085888 -0.788645 0.793942
41.641642 0.051040 -0.108180 -0.816672 0.825386
41.741742 0.133018 -0.128854 -0.832523 0.852872
41.841842 0.213154 -0.147767 -0.837049 0.876310
41.941942 0.290581 -0.164817 -0.831059 0.895690
42.042042 0.364585 -0.179937 -0.815382 0.911124
42.142142 0.434495 -0.193048 -0.790646 0.922591
42.242242 0.499681 -0.204070 -0.757393 0.930038
42.342342 0.559544 -0.212927 -0.716147 0.933432
42.442442 0.613494 -0.219542 -0.667402 0.932737
42.542543 0.660945 -0.223838 -0.611651 0.927938
42.642643 0.701300 -0.225739 -0.549395 0.919030
42.742743 0.733968 -0.225172 -0.481177 0.906059
42.842843 0.758288 -0.222052 -0.407546 0.889045
42.942943 0.773542 -0.216283 -0.329102 0.868017
43.043043 0.778821 -0.207734 -0.246480 0.842892
43.143143 0.773062 -0.196248 -0.160432 0.813558
43.243243 0.755070 -0.181666 -0.071921 0.779940
43.343343 0.723345 -0.163790 0.017810 0.741871
43.443443 0.676311 -0.142459 0.107065 0.699395
43.543544 0.612413 -0.117591 0.193527 0.652940
43.643644 0.529801 -0.089151 0.273892 0.603037
43.743744 0.426516 -0.057265 0.343292 0.550495
43.843844 0.301220 -0.022481 0.394490 0.496852
43.943944 0.154775 0.013766 0.417016 0.445025
44.044044 -0.006382 0.048395 0.397283 0.400271
44.144144 -0.165555 0.076133 0.323066 0.370913
44.244244 -0.295711 0.090746 0.194075 0.365164
44.344344 -0.373087 0.089126 0.030143 0.384768
44.444444 -0.393131 0.073696 -0.139390 0.423571
44.544545 -0.367173 0.049529 -0.293569 0.472707
44.644645 -0.310156 0.021082 -0.423679 0.525495
44.744745 -0.234302 -0.008715 -0.528656 0.578317
44.844845 -0.147930 -0.038172 -0.610323 0.629154
44.944945 -0.056417 -0.066349 -0.671182 0.676809
45.045045 0.036668 -0.092735 -0.713831 0.720763
45.145145 0.128953 -0.117063 -0.740602 0.760805
45.245245 0.218806 -0.139188 -0.753451 0.796829
45.345345 0.305042 -0.159019 -0.753909 0.828683
45.445445 0.386777 -0.176512 -0.743308 0.856306
45.545546 0.463334 -0.191650 -0.722821 0.879704
45.645646 0.534224 -0.204450 -0.693544 0.898999
45.745746 0.599035 -0.214930 -0.656436 0.914301
45.845846 0.657403 -0.223105 -0.612319 0.925683
45.945946 0.709032 -0.228998 -0.561975 0.933264
46.046046 0.753539 -0.232598 -0.506040 0.937016
46.146146 0.790515 -0.233879 -0.445098 0.936870
46.246246 0.819601 -0.232832 -0.379762 0.932832
46.346346 0.840368 -0.229426 -0.310621 0.924846
46.446446 0.852328 -0.223623 -0.238274 0.912823
46.546547 0.855013 -0.215392 -0.163385 0.896736
46.646647 0.847854 -0.204688 -0.086668 0.876507
46.746747 0.830112 -0.191435 -0.008928 0.851946
46.846847 0.800999 -0.175567 0.068873 0.822901
46.946947 0.759730 -0.157043 0.145562 0.789329
47.047047 0.705378 -0.135825 0.219661 0.751171
47.147147 0.636767 -0.111873 0.289215 0.708261
47.247247 0.552627 -0.085209 0.351579 0.660503
47.347347 0.451734 -0.055985 0.403082 0.608007
47.447447 0.333159 -0.024611 0.438470 0.551232
47.547548 0.197027 0.007981 0.450077 0.491378
47.647648 0.046453 0.039782 0.426945 0.431303
47.747748 -0.108159 0.066721 0.354821 0.376893
47.847848 -0.242301 0.081835 0.222336 0.338880
47.947948 -0.318644 0.077701 0.039129 0.330306
48.048048 -0.314872 0.053967 -0.154460 0.354845
48.148148 -0.245537 0.018748 -0.317987 0.402189
48.248248 -0.140041 -0.019521 -0.437128 0.459427
48.348348 -0.020487 -0.056156 -0.515140 0.518597
48.448448 0.100808 -0.089237 -0.559697 0.575661
48.548549 0.217600 -0.118186 -0.578012 0.628821
48.648649 0.326793 -0.142974 -0.575857 0.677382
48.748749 0.426830 -0.163746 -0.557478 0.720956
48.848849 0.517025 -0.180739 -0.526217 0.759530
48.948949 0.597145 -0.194210 -0.484708 0.793247
49.049049 0.667151 -0.204395 -0.435009 0.822254
49.149149 0.727079 -0.211495 -0.378768 0.846663
49.249249 0.776956 -0.215676 -0.317326 0.866529
49.349349 0.816781 -0.217070 -0.251815 0.881851
49.449449 0.846543 -0.215795 -0.183240 0.892625
49.549550 0.866213 -0.211952 -0.112521 0.898837
49.649650 0.875686 -0.205619 -0.040518 0.900415
49.749750 0.874926 -0.196888 0.031917 0.897373
49.849850 0.863958 -0.185865 0.103936 0.889816
49.949950 0.842666 -0.172626 0.174666 0.877721
50.050050 0.810722 -0.157212 0.243132 0.860872
50.150150 0.767747 -0.139665 0.308232 0.839017
50.250250 0.713421 -0.120062 0.368710 0.811992
50.350350 0.647438 -0.098505 0.423087 0.779667
50.450450 0.569524 -0.075145 0.469573 0.741960
50.550551 0.479464 -0.050197 0.505919 0.698827
50.650651 0.377145 -0.023987 0.529144 0.650237
50.750751 0.262812 0.002950 0.535202 0.596255
50.850851 0.137666 0.029694 0.518631 0.537412
50.950951 0.005003 0.054605 0.471952 0.475127
51.051051 -0.127244 0.074712 0.385418 0.412698
51.151151 -0.241553 0.084879 0.249556 0.357534
51.251251 -0.306232 0.078025 0.065971 0.322828
51.351351 -0.289090 0.050516 -0.133621 0.322458
51.451451 -0.194668 0.009313 -0.299096 0.356988
51.551552 -0.059947 -0.034297 -0.406713 0.412535
51.651652 0.083920 -0.073824 -0.462004 0.475332
51.751752 0.221414 -0.107274 -0.478234 0.537810
51.851852 0.346473 -0.134600 -0.466759 0.596678
51.951952 0.457271 -0.156352 -0.435786 0.650732
52.052052 0.553753 -0.173195 -0.391052 0.699686
52.152152 0.636543 -0.185751 -0.336607 0.743636
52.252252 0.706421 -0.194537 -0.275327 0.782739
52.352352 0.764104 -0.199967 -0.209306 0.817099
52.452452 0.810263 -0.202384 -0.140148 0.846833
52.552553 0.845638 -0.202110 -0.069148 0.872200
52.652653 0.870847 -0.199409 0.002654 0.893390
52.752753 0.886343 -0.194488 0.074393 0.910475
52.852853 0.892554 -0.187534 0.145319 0.923548
52.952953 0.889823 -0.178706 0.214752 0.932652
53.053053 0.878467 -0.168149 0.282066 0.937838
53.153153 0.858852 -0.156017 0.346689 0.939235
53.253253 0.831209 -0.142431 0.408027 0.936846
53.353353 0.795731 -0.127508 0.465475 0.930652
53.453453 0.752626 -0.111369 0.518412 0.920652
53.553554 0.701981 -0.094120 0.566098 0.906699
53.653654 0.643854 -0.075876 0.607690 0.888590
53.753754 0.578373 -0.056774 0.642270 0.866170
53.853854 0.505824 -0.036986 0.668926 0.839457
53.953954 0.426576 -0.016720 0.686627 0.808520
54.054054 0.340987 0.003779 0.693989 0.773245
54.154154 0.249523 0.024191 0.689207 0.733385
54.254254 0.153001 0.044079 0.670172 0.688827
54.354354 0.052789 0.062837 0.634410 0.639696
54.454454 -0.048901 0.079573 0.578663 0.586152
54.554555 -0.148299 0.092956 0.498980 0.528786
54.654655 -0.238802 0.100954 0.390975 0.469126
54.754755 -0.308926 0.100516 0.251129 0.410615
54.854855 -0.339968 0.087577 0.081330 0.360364
54.954955 -0.308596 0.058796 -0.101402 0.330107
55.055055 -0.205324 0.016449 -0.259380 0.331220
55.155155 -0.053613 -0.029969 -0.357779 0.363013
55.255255 0.109410 -0.071484 -0.392709 0.413885
55.355355 0.260466 -0.104651 -0.380211 0.472605
55.455455 0.391126 -0.129491 -0.336823 0.532163
55.555556 0.500123 -0.147109 -0.274350 0.589094
55.655656 0.588731 -0.158708 -0.200513 0.641871
55.755756 0.658718 -0.165279 -0.120261 0.689702
55.855856 0.711960 -0.167644 -0.036916 0.732362
55.955956 0.750247 -0.166487 0.047209 0.769946
56.056056 0.775095 -0.162349 0.130480 0.802592
56.156156 0.787713 -0.155652 0.211670 0.830375
56.256256 0.789008 -0.146720 0.289788 0.853251
56.356356 0.779825 -0.135844 0.364028 0.871262
56.456456 0.760914 -0.123278 0.433688 0.884462
56.556557 0.732887 -0.109240 0.498112 0.892845
56.656657 0.696403 -0.093946 0.556747 0.896532
56.756757 0.652114 -0.077605 0.609093 0.895694
56.856857 0.600511 -0.060400 0.654550 0.890336
56.956957 0.542049 -0.042513 0.692470 0.880420
57.057057 0.477216 -0.024135 0.722174 0.865940
57.157157 0.406512 -0.005470 0.742910 0.846875
57.257257 0.330492 0.013253 0.753818 0.823190
57.357357 0.249773 0.031771 0.753861 0.794797
57.457457 0.165097 0.049759 0.741741 0.761520
57.557558 0.077452 0.066809 0.715916 0.723186
57.657658 -0.011775 0.082383 0.674524 0.679638
57.757758 -0.100561 0.095754 0.615338 0.630810
57.857858 -0.185821 0.105905 0.535745 0.576860
57.957958 -0.262631 0.111348 0.432698 0.518268
58.058058 -0.322858 0.109877 0.303318 0.456412
58.158158 -0.353136 0.098365 0.147087 0.394988
58.258258 -0.333187 0.073088 -0.028157 0.342269
58.358358 -0.242210 0.032527 -0.194887 0.312577
58.458458 -0.085174 -0.016744 -0.307096 0.319128
58.558559 0.095684 -0.062101 -0.339934 0.358563
58.658659 0.260795 -0.096285 -0.308751 0.415466
58.758759 0.395531 -0.119017 -0.239603 0.477513
58.858859 0.499561 -0.132421 -0.151102 0.538450
58.958959 0.576632 -0.138641 -0.054134 0.595530
59.059059 0.630735 -0.139323 0.045134 0.647514
59.159159 0.665514 -0.135727 0.143092 0.694122
59.259259 0.683974 -0.128800 0.237567 0.735423
59.359359 0.688462 -0.119242 0.327192 0.771527
59.459459 0.680982 -0.107612 0.411120 0.802706
59.559560 0.663066 -0.094336 0.488721 0.829098
59.659660 0.635909 -0.079749 0.559479 0.850739
59.759760 0.600537 -0.064137 0.622967 0.867667
59.859860 0.557788 -0.047743 0.678753 0.879836
59.959960 0.508402 -0.030787 0.726405 0.887178
60.060060 0.453121 -0.013482 0.765574 0.889722
60.160160 0.392697 0.003968 0.795980 0.887587
60.260260 0.327827 0.021362 0.817280 0.880837
60.360360 0.259176 0.038495 0.829040 0.869460
60.460460 0.187403 0.055146 0.830651 0.853313
60.560561 0.113240 0.071067 0.821443 0.832251
60.660661 0.037545 0.085978 0.800711 0.806188
60.760761 -0.038669 0.099538 0.767533 0.774926
60.860861 -0.114127 0.111325 0.720819 0.738240
60.960961 -0.187137 0.120797 0.659255 0.695866
61.061061 -0.255330 0.127213 0.581178 0.647414
61.161161 -0.315331 0.129598 0.484874 0.592732
61.261261 -0.362074 0.126592 0.368682 0.532024
61.361361 -0.387336 0.116159 0.231324 0.465868
61.461461 -0.377754 0.095410 0.074282 0.396635
61.561562 -0.312843 0.060940 -0.091493 0.331595
61.661662 -0.172049 0.012169 -0.231012 0.288297
61.761762 0.028361 -0.040285 -0.285960 0.290173
61.861862 0.221722 -0.079187 -0.239869 0.336108
61.961962 0.365920 -0.099880 -0.135089 0.402645
62.062062 0.460923 -0.106913 -0.010184 0.473270
62.162162 0.517724 -0.104995 0.116326 0.540919
62.262262 0.545915 -0.097235 0.236746 0.602932
62.362362 0.552520 -0.085610 0.347970 0.658551
62.462462 0.542535 -0.071407 0.448824 0.707733
62.562563 0.519591 -0.055493 0.538989 0.750709
62.662663 0.486397 -0.038484 0.618526 0.787805
62.762763 0.444999 -0.020829 0.687610 0.819308
62.862863 0.397022 -0.002870 0.746493 0.845510
62.962963 0.343757 0.015121 0.795378 0.866616
63.063063 0.286260 0.032917 0.834396 0.882749
63.163163 0.225460 0.050321 0.863690 0.894050
63.263263 0.162187 0.067158 0.883378 0.900650
63.363363 0.097198 0.083261 0.893520 0.902639
63.463463 0.031201 0.098456 0.894018 0.899964
63.563564 -0.035099 0.112564 0.884734 0.892556
63.663664 -0.100963 0.125405 0.865561 0.880406
63.763764 -0.165611 0.136780 0.836344 0.863485
63.863864 -0.228159 0.146452 0.796788 0.841651
63.963964 -0.287607 0.154157 0.746594 0.814792
64.064064 -0.342765 0.159582 0.685438 0.782802
64.164164 -0.392116 0.162324 0.612833 0.745432
64.264264 -0.433691 0.161866 0.528244 0.702375
64.364364 -0.464816 0.157530 0.431115 0.653246
64.464464 -0.481786 0.148425 0.321089 0.597701
64.564565 -0.479346 0.133376 0.198439 0.535667
64.664665 -0.449538 0.110775 0.064980 0.467523
64.764765 -0.380597 0.078642 -0.073186 0.395468
64.864865 -0.257417 0.035552 -0.198803 0.327185
64.964965 -0.072385 -0.015444 -0.271264 0.281180
65.065065 0.136991 -0.059745 -0.239792 0.282553
65.165165 0.298005 -0.082124 -0.116635 0.330386
65.265265 0.387396 -0.084264 0.038794 0.398348
65.365365 0.421413 -0.074130 0.190615 0.468421
65.465465 0.418434 -0.057390 0.326543 0.533864
65.565566 0.390861 -0.037225 0.443716 0.592488
65.665666 0.346782 -0.015459 0.542384 0.643954
65.765766 0.291421 0.006823 0.623529 0.688303
65.865866 0.228359 0.028932 0.688254 0.725726
65.965966 0.160183 0.050392 0.737560 0.756434
66.066066 0.088874 0.070862 0.772398 0.780717
66.166166 0.016017 0.090073 0.793575 0.798831
66.266266 -0.057075 0.107794 0.801690 0.810915
66.366366 -0.129239 0.123819 0.797242 0.817085
66.466466 -0.199393 0.137946 0.780626 0.817413
66.566567 -0.266481 0.149972 0.752179 0.811959
66.666667 -0.329419 0.159677 0.712152 0.800733
66.766767 -0.387037 0.166819 0.660745 0.783715
66.866867 -0.437994 0.171103 0.598084 0.760802
66.966967 -0.480707 0.172181 0.524282 0.731845
67.067067 -0.513241 0.169627 0.439499 0.696670
67.167167 -0.533042 0.162882 0.343959 0.654959
67.267267 -0.536775 0.151247 0.238223 0.606427
67.367367 -0.519965 0.133852 0.123609 0.550962
67.467467 -0.476374 0.109608 0.003002 0.488831
67.567568 -0.397214 0.077262 -0.117127 0.421268
67.667668 -0.271601 0.036060 -0.222038 0.352659
67.767768 -0.093647 -0.011608 -0.280075 0.295544
67.867868 0.110855 -0.054300 -0.244440 0.273839
67.967968 0.271015 -0.075141 -0.109925 0.301958
68.068068 0.348847 -0.072573 0.062921 0.361829
68.168168 0.361971 -0.056207 0.226936 0.430909
68.268268 0.335357 -0.033505 0.367444 0.498600
68.368368 0.285501 -0.008392 0.483238 0.561338
68.468468 0.222024 0.017171 0.576395 0.617917
68.568569 0.150699 0.042161 0.649469 0.668055
68.668669 0.075256 0.066024 0.705006 0.712078
68.768769 -0.001845 0.088446 0.745129 0.750362
68.868869 -0.078912 0.109257 0.771679 0.783360
68.968969 -0.154717 0.128343 0.786076 0.811372
69.069069 -0.228299 0.145600 0.789303 0.834457
69.169169 -0.298890 0.160961 0.782284 0.852767
69.269269 -0.365883 0.174393 0.765927 0.866561
69.369369 -0.428714 0.185850 0.740936 0.875969
69.469469 -0.486835 0.195274 0.707874 0.881036
69.569570 -0.539704 0.202600 0.667244 0.881783
69.669670 -0.586763 0.207751 0.619490 0.878191
69.769770 -0.627435 0.210648 0.565054 0.870249
69.869870 -0.661008 0.211170 0.504286 0.857805
69.969970 -0.686764 0.209200 0.437610 0.840780
70.070070 -0.703965 0.204631 0.365542 0.819183
70.170170 -0.711635 0.197300 0.288588 0.792864
70.270270 -0.708527 0.186988 0.207333 0.761552
70.370370 -0.693192 0.173459 0.122577 0.725003
70.470470 -0.663798 0.156423 0.035431 0.682899
70.570571 -0.617846 0.135500 -0.052472 0.634703
70.670671 -0.552387 0.110319 -0.138549 0.580084
70.770771 -0.463802 0.080553 -0.218540 0.519000
70.870871 -0.347752 0.046080 -0.285055 0.452008
70.970971 -0.200461 0.007620 -0.324675 0.381650
71.071071 -0.024049 -0.031422 -0.312683 0.315177
71.171171 0.154293 -0.060756 -0.214762 0.271331
71.271271 0.266436 -0.064691 -0.030356 0.275852
71.371371 0.274023 -0.042755 0.170068 0.325330
71.471471 0.211059 -0.009231 0.331615 0.393192
71.571572 0.116661 0.026082 0.447276 0.462975
71.671672 0.011591 0.059361 0.525000 0.528473
71.771772 -0.094462 0.089357 0.573026 0.587593
71.871872 -0.196854 0.115775 0.597879 0.640011
71.971972 -0.293243 0.138640 0.604303 0.685854
72.072072 -0.382370 0.158065 0.595705 0.725297
72.172172 -0.463496 0.174183 0.574645 0.758541
72.272272 -0.536129 0.187112 0.543077 0.785734
72.372372 -0.599886 0.196947 0.502552 0.806976
72.472472 -0.654425 0.203760 0.454341 0.822324
72.572573 -0.699523 0.207637 0.399612 0.831947
72.672673 -0.734894 0.208633 0.339369 0.835924
72.772773 -0.760109 0.206750 0.274480 0.834176
72.872873 -0.774692 0.201981 0.205797 0.826617
72.972973 -0.778151 0.194317 0.134206 0.813197
73.073073 -0.769918 0.183740 0.060649 0.793859
73.173173 -0.749329 0.170220 -0.013826 0.768544
73.273273 -0.715576 0.153717 -0.087993 0.737170
73.373373 -0.667590 0.134167 -0.160330 0.699559
73.473473 -0.604096 0.111512 -0.228842 0.655542
73.573574 -0.523484 0.085714 -0.290719 0.604896
73.673674 -0.423721 0.056810 -0.341716 0.547300
73.773774 -0.302787 0.025121 -0.375182 0.482776
73.873874 -0.159708 -0.008271 -0.380074 0.412349
73.973974 0.001448 -0.040240 -0.337825 0.340216
74.074074 0.158421 -0.062538 -0.221830 0.279672
74.174174 0.250161 -0.060316 -0.024917 0.258533
74.274274 0.225078 -0.029765 0.185003 0.292869
74.374374 0.121332 0.012069 0.337725 0.359062
74.474474 -0.007637 0.052422 0.428933 0.432192
74.574575 -0.136970 0.087536 0.475089 0.502128
74.674675 -0.257830 0.117029 0.490110 0.566021
74.774775 -0.367405 0.141347 0.483239 0.623286
74.874875 -0.465027 0.161049 0.460493 0.673974
74.974975 -0.550684 0.176603 0.425857 0.718189
75.075075 -0.624543 0.188371 0.382090 0.755997
75.175175 -0.686857 0.196660 0.331273 0.787521
75.275275 -0.737955 0.201739 0.275066 0.812981
75.375375 -0.778198 0.203853 0.214837 0.832648
75.475475 -0.807886 0.203206 0.151723 0.846754
75.575576 -0.827286 0.199975 0.086708 0.855518
75.675676 -0.836524 0.194292 0.020664 0.859040
75.775776 -0.835639 0.186262 -0.045593 0.857359
75.875876 -0.824693 0.175994 -0.111264 0.850572
75.975976 -0.803708 0.163588 -0.175539 0.838762
76.076076 -0.772533 0.149114 -0.237541 0.821869
76.176176 -0.730914 0.132630 -0.296280 0.799755
76.276276 -0.678569 0.114207 -0.350611 0.772287
76.376376 -0.615183 0.093934 -0.399167 0.739329
76.476476 -0.540356 0.071925 -0.440207 0.700671
76.576577 -0.453653 0.048349 -0.471448 0.656050
76.676677 -0.354775 0.023499 -0.489850 0.605286
76.776777 -0.243600 -0.002125 -0.490919 0.548039
76.876877 -0.120942 -0.027560 -0.468101 0.484257
76.976977 0.009725 -0.050856 -0.411621 0.414864
77.077077 0.137789 -0.067909 -0.307356 0.343606
77.177177 0.234215 -0.070404 -0.141269 0.282437
77.277277 0.242459 -0.047225 0.070950 0.257002
77.377377 0.137140 -0.001898 0.250183 0.285311
77.477477 -0.021698 0.045546 0.343432 0.347117
77.577578 -0.179342 0.084465 0.366829 0.416967
77.677678 -0.317262 0.113741 0.346895 0.483662
77.777778 -0.432325 0.134726 0.301151 0.543827
77.877878 -0.525499 0.148857 0.239881 0.596532
77.977978 -0.598584 0.157283 0.169318 0.641646
78.078078 -0.653515 0.160933 0.093571 0.679512
78.178178 -0.691957 0.160520 0.015448 0.710500
78.278278 -0.715353 0.156618 -0.063007 0.735002
78.378378 -0.725032 0.149714 -0.140241 0.753494
78.478478 -0.721824 0.140153 -0.214948 0.766078
78.578579 -0.706269 0.128199 -0.285947 0.772668
78.678679 -0.678976 0.114118 -0.352153 0.773333
78.778779 -0.640457 0.098156 -0.412492 0.768094
78.878879 -0.591201 0.080555 -0.465863 0.756991
78.978979 -0.531665 0.061560 -0.511069 0.740033
79.079079 -0.462133 0.041419 -0.546576 0.716957
79.179179 -0.382947 0.020426 -0.570556 0.687459
79.279279 -0.294690 -0.001033 -0.580862 0.651340
79.379379 -0.198157 -0.022430 -0.574581 0.608204
79.479479 -0.094706 -0.042977 -0.547674 0.557462
79.579580 0.012943 -0.061421 -0.494813 0.498779
79.679680 0.119177 -0.075625 -0.408800 0.432481
79.779780 0.211782 -0.081686 -0.280323 0.360701
79.879880 0.262718 -0.072300 -0.101981 0.290943
79.979980 0.219168 -0.037824 0.105314 0.246082
80.080080 0.057579 0.016470 0.251206 0.258246
80.180180 -0.138828 0.064504 0.276510 0.316057
80.280280 -0.301017 0.095247 0.221880 0.385894
80.380380 -0.418064 0.111404 0.131410 0.452170
80.480480 -0.495850 0.117001 0.027775 0.510223
80.580581 -0.541408 0.114953 -0.078008 0.558948
80.680681 -0.560413 0.107250 -0.180114 0.598336
80.780781 -0.556997 0.095248 -0.275075 0.628478
80.880881 -0.534201 0.079932 -0.360478 0.649388
80.980981 -0.494367 0.062068 -0.434365 0.661002
81.081081 -0.439504 0.042321 -0.495008 0.663316
81.181181 -0.371447 0.021313 -0.540720 0.656358
81.281281 -0.291886 -0.000342 -0.569568 0.640004
81.381381 -0.202514 -0.021959 -0.579052 0.613837
81.481481 -0.105464 -0.042700 -0.566210 0.577529
81.581582 -0.003776 -0.061433 -0.527374 0.530954
81.681682 0.097787 -0.076468 -0.457469 0.474012
81.781782 0.190461 -0.084963 -0.349457 0.406957
81.881882 0.255868 -0.081735 -0.195153 0.332014
81.981982 0.254236 -0.057843 0.003928 0.260763
82.082082 0.127027 -0.006703 0.189870 0.228543
82.182182 -0.088195 0.049286 0.245994 0.265934
82.282282 -0.271966 0.084012 0.183173 0.338491
82.382382 -0.393915 0.098996 0.073259 0.412718
82.482482 -0.465342 0.101100 -0.047598 0.478571
82.582583 -0.498926 0.094914 -0.165166 0.534056
82.682683 -0.503717 0.083220 -0.273457 0.579168
82.782783 -0.485821 0.067765 -0.369542 0.614146
82.882883 -0.449569 0.049744 -0.451712 0.639242
82.982983 -0.398351 0.030066 -0.518854 0.654826
83.083083 -0.334978 0.009474 -0.570139 0.661331
83.183183 -0.261840 -0.011387 -0.604736 0.659087
83.283283 -0.180999 -0.031895 -0.621391 0.648000
83.383383 -0.094486 -0.051367 -0.618267 0.627551
83.483483 -0.004731 -0.068994 -0.593227 0.597245
83.583584 0.085063 -0.083746 -0.543782 0.556729
83.683684 0.170247 -0.094162 -0.466578 0.505515
83.783784 0.243246 -0.098005 -0.357386 0.443281
83.883884 0.290268 -0.091607 -0.211937 0.370897
83.983984 0.283812 -0.068764 -0.031096 0.293675
84.084084 0.175494 -0.022255 0.152312 0.233436
84.184184 -0.040857 0.036457 0.229295 0.235743
84.284284 -0.241040 0.073967 0.158181 0.297645
84.384384 -0.363118 0.086369 0.026161 0.374164
84.484484 -0.422609 0.083575 -0.112989 0.445364
84.584585 -0.439208 0.072184 -0.241641 0.506463
84.684685 -0.426037 0.055852 -0.354326 0.556933
84.784785 -0.391502 0.036693 -0.449460 0.597188
84.884885 -0.341308 0.016055 -0.526716 0.627836
84.984985 -0.279486 -0.005135 -0.586069 0.649320
85.085085 -0.209153 -0.026166 -0.627556 0.662009
85.185185 -0.132845 -0.046440 -0.651029 0.666066
85.285285 -0.052847 -0.065400 -0.656223 0.661588
85.385385 0.028598 -0.082491 -0.642779 0.648682
85.485485 0.109112 -0.097093 -0.610079 0.627319
85.585586 0.185886 -0.108441 -0.557082 0.597205
85.685686 0.255259 -0.115528 -0.482395 0.557861
85.785786 0.312084 -0.116997 -0.384507 0.508852
85.885886 0.348432 -0.110872 -0.262092 0.449877
85.985986 0.351147 -0.094181 -0.115531 0.381473
86.086086 0.297300 -0.062615 0.047139 0.307457
86.186186 0.154241 -0.013034 0.189114 0.244385
86.286286 -0.068116 0.041445 0.218592 0.232680
86.386386 -0.253175 0.070761 0.107482 0.284001
86.486486 -0.346434 0.073319 -0.051914 0.357893
86.586587 -0.373333 0.061459 -0.204540 0.430107
86.686687 -0.359534 0.042753 -0.336099 0.494019
86.786787 -0.320342 0.020959 -0.444497 0.548303
86.886887 -0.264900 -0.001936 -0.530671 0.593117
86.986987 -0.199101 -0.024779 -0.596296 0.629146
87.087087 -0.126924 -0.046839 -0.642908 0.656989
87.187187 -0.051233 -0.067605 -0.671754 0.677088
87.287287 0.025720 -0.086683 -0.683854 0.689806
87.387387 0.102039 -0.103718 -0.679886 0.695280
87.487487 0.175985 -0.118369 -0.660352 0.693576
87.587588 0.245876 -0.130312 -0.625765 0.684849
87.687688 0.309890 -0.139161 -0.576392 0.669048
87.787788 0.365937 -0.144450 -0.512350 0.645971
87.887888 0.411560 -0.145642 -0.433870 0.615497
87.987988 0.443646 -0.142065 -0.341300 0.577486
88.088088 0.457968 -0.132829 -0.235303 0.531739
88.188188 0.448463 -0.116722 -0.117416 0.478047
88.288288 0.406173 -0.092155 0.008445 0.416582
88.388388 0.318246 -0.057382 0.132102 0.349319
88.488488 0.169460 -0.012042 0.227061 0.283581
88.588589 -0.035037 0.035893 0.235821 0.241097
88.688689 -0.215840 0.062927 0.113650 0.251919
88.788789 -0.292322 0.058588 -0.071563 0.306604
88.888889 -0.283427 0.036482 -0.241423 0.374094
88.988989 -0.228531 0.008135 -0.374808 0.439060
89.089089 -0.151180 -0.021197 -0.472937 0.496965
89.189189 -0.063863 -0.049267 -0.541035 0.547015
89.289289 0.026601 -0.075059 -0.583742 0.589149
89.389389 0.116153 -0.098084 -0.604791 0.623606
89.489489 0.202173 -0.118107 -0.607295 0.650869
89.589590 0.282832 -0.134998 -0.593687 0.671329
89.689690 0.356790 -0.148694 -0.566034 0.685423
89.789790 0.422930 -0.159136 -0.526026 0.693468
89.889890 0.480173 -0.166237 -0.475005 0.695579
89.989990 0.527284 -0.169839 -0.414031 0.691589
90.090090 0.562915 -0.169750 -0.344105 0.681246
90.190190 0.585737 -0.165807 -0.266419 0.664499
90.290290 0.594157 -0.157797 -0.182264 0.641204
90.390390 0.586135 -0.145432 -0.093166 0.611052
90.490490 0.559100 -0.128365 -0.001177 0.573648
90.590591 0.509824 -0.106214 0.090670 0.528604
90.690691 0.434084 -0.078587 0.177489 0.475508
90.790791 0.326483 -0.045269 0.250632 0.414073
90.890891 0.182075 -0.007037 0.293918 0.345816
90.990991 0.003818 0.031761 0.276276 0.278122
91.091091 -0.167921 0.056531 0.152538 0.233797
91.191191 -0.233362 0.046328 -0.060877 0.245581
91.291291 -0.170700 0.009660 -0.249626 0.302564
91.391391 -0.051501 -0.031417 -0.365932 0.370871
91.491491 0.078310 -0.067842 -0.422255 0.434781
91.591592 0.201105 -0.097641 -0.436117 0.490076
91.691692 0.310591 -0.120874 -0.420227 0.536347
91.791792 0.404482 -0.138007 -0.382977 0.573866
91.891892 0.482024 -0.149548 -0.330133 0.603075
91.991992 0.543063 -0.155966 -0.265959 0.624481
92.092092 0.587395 -0.157586 -0.193611 0.638241
92.192192 0.614848 -0.154681 -0.115721 0.644481
92.292292 0.625169 -0.147471 -0.034647 0.643261
92.392392 0.617843 -0.136104 0.047349 0.634426
92.492492 0.592350 -0.120743 0.127891 0.617911
92.592593 0.548027 -0.101555 0.204272 0.593611
92.692693 0.483752 -0.078686 0.273076 0.561051
92.792793 0.398255 -0.052392 0.329680 0.519655
92.892893 0.290508 -0.023217 0.367460 0.469000
92.992993 0.160440 0.007625 0.376029 0.408897
93.093093 0.012097 0.037191 0.338312 0.340565
93.193193 -0.135149 0.057883 0.227603 0.270959
93.293293 -0.216728 0.052710 0.025437 0.224491
93.393393 -0.146467 0.011318 -0.188547 0.239020
93.493493 0.019399 -0.039472 -0.296476 0.299721
93.593594 0.185411 -0.078922 -0.308125 0.368166
93.693694 0.320931 -0.104871 -0.264688 0.429016
93.793794 0.422232 -0.119503 -0.191879 0.478934
93.893894 0.491534 -0.125031 -0.104131 0.517767
93.993994 0.531496 -0.123078 -0.010015 0.545653
94.094094 0.544367 -0.114845 0.084668 0.562755
94.194194 0.532129 -0.101313 0.175455 0.569395
94.294294 0.496321 -0.083300 0.258425 0.565735
94.394394 0.438033 -0.061524 0.329601 0.551629
94.494494 0.358201 -0.036742 0.384394 0.526704
94.594595 0.258090 -0.009916 0.417124 0.490614
94.694695 0.139941 0.017516 0.419963 0.443012
94.794795 0.008769 0.043028 0.381267 0.383788
94.894895 -0.121856 0.061486 0.283918 0.315022
94.994995 -0.213143 0.061766 0.109055 0.247260
95.095095 -0.179955 0.027680 -0.115051 0.215376
95.195195 -0.005069 -0.028311 -0.249498 0.251150
95.295295 0.184609 -0.071935 -0.250539 0.319414
95.395395 0.328160 -0.096583 -0.180497 0.386777
95.495495 0.422715 -0.106580 -0.081550 0.443507
95.595596 0.475384 -0.105940 0.026127 0.487746
95.695696 0.492639 -0.097376 0.132119 0.519260
95.795796 0.479258 -0.082746 0.229987 0.537986
95.895896 0.438855 -0.063449 0.314901 0.543859
95.995996 0.374501 -0.040696 0.382571 0.536906
96.096096 0.288912 -0.015655 0.428379 0.516937
96.196196 0.185112 0.010331 0.446835 0.483772
96.296296 0.067367 0.035419 0.430617 0.437291
96.396396 -0.056665 0.056550 0.368697 0.377288
96.496496 -0.169210 0.067852 0.245867 0.306083
96.596597 -0.223743 0.057289 0.050579 0.236434
96.696697 -0.132666 0.011311 -0.161810 0.209549
96.796797 0.075019 -0.045404 -0.238710 0.254307
96.896897 0.255411 -0.080417 -0.184884 0.325398
96.996997 0.371513 -0.094494 -0.078643 0.391325
97.097097 0.432361 -0.094332 0.040863 0.444414
97.197197 0.449710 -0.084607 0.156870 0.483742
97.297297 0.432634 -0.068374 0.261128 0.509937
97.397397 0.387676 -0.047723 0.348663 0.523580
97.497497 0.319762 -0.024247 0.415539 0.524889
97.597598 0.233044 0.000640 0.457858 0.513755
97.697698 0.131716 0.025445 0.471111 0.489838
97.797798 0.020961 0.048299 0.449553 0.452626
97.897898 -0.091165 0.066413 0.385203 0.401377
97.997998 -0.189185 0.074983 0.267456 0.336074
98.098098 -0.238009 0.064929 0.087561 0.261784
98.198198 -0.162688 0.022748 -0.123277 0.205383
98.298298 0.055975 -0.037818 -0.211466 0.221994
98.398398 0.248483 -0.072526 -0.131531 0.290352
98.498498 0.350475 -0.079648 0.006185 0.359465
98.598599 0.381351 -0.070306 0.145216 0.414076
98.698699 0.361477 -0.051495 0.265867 0.451667
98.798799 0.304701 -0.027380 0.359775 0.472261
98.898899 0.220792 -0.000815 0.421753 0.476051
98.998999 0.117836 0.025800 0.447171 0.463155
99.099099 0.004081 0.049912 0.430437 0.433341
99.199199 -0.109462 0.068077 0.363771 0.385935
99.299299 -0.203212 0.074638 0.237300 0.321212
99.399399 -0.233961 0.059071 0.045828 0.245617
99.499499 -0.116073 0.008233 -0.155652 0.194341
99.599600 0.122202 -0.049749 -0.183884 0.226322
99.699700 0.284434 -0.072127 -0.058359 0.299184
99.799800 0.345056 -0.067793 0.096022 0.364527
99.899900 0.335809 -0.049458 0.233277 0.411864
100.000000 0.279769 -0.024123 0.338945 0.440154
