0.000000 0.499033 -0.683033 -0.461310 0.963522
0.100100 0.568744 -0.663816 -0.412538 0.966597
0.200200 0.632471 -0.637643 -0.359454 0.967376
0.300300 0.689555 -0.604801 -0.302621 0.965842
0.400400 0.739370 -0.565608 -0.242623 0.962001
0.500501 0.781309 -0.520416 -0.180066 0.955877
0.600601 0.814800 -0.469619 -0.115584 0.947523
0.700701 0.839283 -0.413656 -0.049850 0.937013
0.800801 0.854103 -0.352957 0.016433 0.924306
0.900901 0.858601 -0.288018 0.082490 0.909370
1.001001 0.852251 -0.219465 0.147482 0.892327
1.101101 0.834594 -0.148029 0.210489 0.873364
1.201201 0.805097 -0.074524 0.270478 0.852581
1.301301 0.763219 0.000090 0.326272 0.830034
1.401401 0.708477 0.074662 0.376526 0.805782
1.501502 0.640631 0.147808 0.419771 0.780040
1.601602 0.559706 0.217878 0.454389 0.753134
1.701702 0.465959 0.282881 0.478523 0.725344
1.801802 0.360176 0.340480 0.490200 0.697101
1.901902 0.243905 0.388028 0.487469 0.669090
2.002002 0.119608 0.422571 0.468463 0.642129
2.102102 -0.009075 0.441181 0.431847 0.617426
2.202202 -0.137232 0.441166 0.377060 0.596350
2.302302 -0.258902 0.420639 0.304789 0.580399
2.402402 -0.367595 0.379194 0.217403 0.571120
2.502503 -0.457186 0.318110 0.118785 0.569493
2.602603 -0.523136 0.240578 0.014027 0.575974
2.702703 -0.563233 0.151129 -0.091453 0.590284
2.802803 -0.577534 0.054713 -0.192788 0.611316
2.902903 -0.567960 -0.044017 -0.286206 0.637519
3.003003 -0.537655 -0.141197 -0.369232 0.667339
3.103103 -0.490175 -0.233913 -0.440510 0.699312
3.203203 -0.429074 -0.320178 -0.499595 0.732266
3.303303 -0.357723 -0.398841 -0.546791 0.765519
3.403403 -0.279015 -0.469335 -0.582775 0.798593
3.503504 -0.195311 -0.531449 -0.608348 0.831067
3.603604 -0.108535 -0.585218 -0.624366 0.862609
3.703704 -0.020247 -0.630827 -0.631679 0.892956
3.803804 0.068287 -0.668583 -0.631130 0.921950
3.903904 0.156049 -0.698862 -0.623527 0.949497
4.004004 0.242219 -0.722058 -0.609609 0.975531
4.104104 0.326132 -0.738564 -0.590049 0.999998
4.204204 0.407226 -0.748723 -0.565425 1.022802
4.304304 0.485002 -0.752814 -0.536225 1.043788
4.404404 0.559083 -0.751193 -0.502964 1.062938
4.504505 0.629149 -0.744205 -0.466117 1.080247
4.604605 0.694871 -0.732101 -0.426075 1.095608
4.704705 0.755965 -0.715144 -0.383217 1.108949
4.804805 0.812181 -0.693593 -0.337907 1.120219
4.904905 0.863346 -0.667747 -0.290514 1.129447
5.005005 0.909323 -0.637907 -0.241393 1.136690
5.105105 0.949988 -0.604358 -0.190880 1.141999
5.205205 0.985227 -0.567375 -0.139294 1.145421
5.305305 1.014912 -0.527211 -0.086940 1.146977
5.405405 1.038882 -0.484096 -0.034115 1.146642
5.505506 1.056988 -0.438266 0.018887 1.144402
5.605606 1.069132 -0.389981 0.071765 1.140298
5.705706 1.075209 -0.339499 0.124219 1.134356
5.805806 1.075051 -0.287067 0.175936 1.126542
5.905906 1.068402 -0.232921 0.226571 1.116722
6.006006 1.055041 -0.177329 0.275764 1.104809
6.106106 1.034761 -0.120595 0.323130 1.090728
6.206206 1.007365 -0.063050 0.368255 1.074416
6.306306 0.972763 -0.005074 0.410726 1.055931
6.406406 0.930948 0.052919 0.450131 1.035414
6.506507 0.881989 0.110486 0.486061 1.013097
6.606607 0.825911 0.167135 0.518043 0.989157
6.706707 0.762647 0.222302 0.545491 0.963643
6.806807 0.692184 0.275339 0.567757 0.936631
6.906907 0.614608 0.325510 0.584154 0.908259
7.007007 0.530054 0.371940 0.593873 0.878625
7.107107 0.438783 0.413600 0.596011 0.847835
7.207207 0.341323 0.449358 0.589674 0.816174
7.307307 0.238467 0.477911 0.573916 0.783993
7.407407 0.131372 0.497822 0.547810 0.751785
7.507508 0.021676 0.507577 0.510563 0.720263
7.607608 -0.088434 0.505468 0.461422 0.690094
7.707708 -0.196094 0.489867 0.400002 0.662136
7.807808 -0.297758 0.459531 0.326592 0.637566
7.907908 -0.389236 0.413649 0.242183 0.617465
8.008008 -0.465970 0.352219 0.148718 0.602746
8.108108 -0.523725 0.276520 0.049272 0.594289
8.208208 -0.559200 0.189109 -0.052219 0.592616
8.308308 -0.570571 0.093568 -0.151438 0.597695
8.408408 -0.558054 -0.005902 -0.244329 0.609226
8.508509 -0.523630 -0.105164 -0.327651 0.626580
8.608609 -0.470265 -0.200652 -0.399152 0.648639
8.708709 -0.401451 -0.289586 -0.457576 0.674091
8.808809 -0.320773 -0.369998 -0.502513 0.701651
8.908909 -0.231662 -0.440737 -0.534293 0.730333
9.009009 -0.137170 -0.501281 -0.553705 0.759399
9.109109 -0.039850 -0.551559 -0.561769 0.788283
9.209209 0.058200 -0.591763 -0.559571 0.816511
9.309309 0.155307 -0.622308 -0.548237 0.843773
9.409409 0.250162 -0.643836 -0.528960 0.870003
9.509510 0.341733 -0.656931 -0.502758 0.895045
9.609610 0.429175 -0.662111 -0.470503 0.918671
9.709710 0.511802 -0.659884 -0.432991 0.940675
9.809810 0.588995 -0.650674 -0.390904 0.960780
9.909910 0.660222 -0.634894 -0.344878 0.978736
10.010010 0.725131 -0.613055 -0.295568 0.994491
10.110110 0.783478 -0.585685 -0.243601 1.008071
10.210210 0.834953 -0.553198 -0.189517 1.019358
10.310310 0.879169 -0.515921 -0.133804 1.028113
10.410410 0.915894 -0.474265 -0.076967 1.034270
10.510511 0.945022 -0.428691 -0.019508 1.037894
10.610611 0.966362 -0.379603 0.038093 1.038945
10.710711 0.979710 -0.327393 0.095362 1.037359
10.810811 0.984912 -0.272479 0.151820 1.033124
10.910911 0.981851 -0.215297 0.206987 1.026269
11.011011 0.970451 -0.156305 0.260377 1.016860
11.111111 0.950681 -0.095983 0.311504 1.005008
11.211211 0.922491 -0.034831 0.359851 0.990806
11.311311 0.885726 0.026620 0.404830 0.974221
11.411411 0.840265 0.087786 0.445811 0.955248
11.511512 0.786104 0.148018 0.482150 0.933990
11.611612 0.723287 0.206590 0.513152 0.910576
11.711712 0.651868 0.262669 0.538014 0.885091
11.811812 0.571968 0.315290 0.555836 0.857618
11.911912 0.483968 0.363399 0.565742 0.828461
12.012012 0.388492 0.405834 0.566848 0.798088
12.112112 0.286371 0.441243 0.558174 0.766982
12.212212 0.178788 0.468112 0.538732 0.735749
12.312312 0.067366 0.484683 0.507480 0.704977
12.412412 -0.045651 0.489184 0.463623 0.675523
12.512513 -0.157310 0.480070 0.406902 0.648678
12.612613 -0.263983 0.456033 0.337573 0.625787
12.712713 -0.361314 0.416064 0.256501 0.607823
12.812813 -0.444577 0.360011 0.165557 0.595539
12.912913 -0.509438 0.289130 0.067832 0.589681
13.013013 -0.552447 0.205893 -0.032757 0.590477
13.113113 -0.571597 0.113782 -0.131913 0.597554
13.213213 -0.566737 0.016886 -0.225533 0.610197
13.313313 -0.539487 -0.080703 -0.310270 0.627556
13.413413 -0.492696 -0.175402 -0.383800 0.648704
13.513514 -0.429845 -0.264425 -0.444861 0.672747
13.613614 -0.354459 -0.345769 -0.492981 0.698733
13.713714 -0.269787 -0.418089 -0.528219 0.725671
13.813814 -0.178763 -0.480590 -0.551045 0.752711
13.913914 -0.083929 -0.532873 -0.562152 0.779111
14.014014 0.012524 -0.574918 -0.562455 0.804390
14.114114 0.108758 -0.606954 -0.552967 0.828248
14.214214 0.203255 -0.629321 -0.534671 0.850429
14.314314 0.294734 -0.642380 -0.508473 0.870669
14.414414 0.382127 -0.646557 -0.475249 0.888774
14.514515 0.464593 -0.642416 -0.435915 0.904747
14.614615 0.541456 -0.630547 -0.391343 0.918648
14.714715 0.612048 -0.611401 -0.342264 0.930354
14.814815 0.675764 -0.585406 -0.289360 0.939726
14.914915 0.732057 -0.553003 -0.233300 0.946652
15.015015 0.780473 -0.514668 -0.174746 0.951082
15.115115 0.820651 -0.470920 -0.114369 0.953055
15.215215 0.852274 -0.422281 -0.052816 0.952618
15.315315 0.875066 -0.369286 0.009265 0.949842
15.415415 0.888688 -0.312441 0.071228 0.944701
15.515516 0.892924 -0.252315 0.132421 0.937290
15.615616 0.887678 -0.189528 0.192189 0.927809
15.715716 0.872818 -0.124710 0.249854 0.916401
15.815816 0.848159 -0.058516 0.304692 0.903126
15.915916 0.813622 0.008337 0.355958 0.888119
16.016016 0.769235 0.075064 0.402890 0.871595
16.116116 0.714953 0.140793 0.444607 0.853614
16.216216 0.650763 0.204536 0.480128 0.834177
16.316316 0.576914 0.265207 0.508487 0.813464
16.416416 0.493939 0.321639 0.528759 0.791842
16.516517 0.402589 0.372562 0.540012 0.769736
16.616617 0.303791 0.416513 0.541195 0.747439
16.716717 0.198751 0.451787 0.531141 0.725069
16.816817 0.089198 0.476626 0.508852 0.702893
16.916917 -0.022537 0.489425 0.473740 0.681523
17.017017 -0.133582 0.488790 0.425655 0.661772
17.117117 -0.240563 0.473568 0.364900 0.644430
17.217217 -0.339685 0.443025 0.292373 0.630190
17.317317 -0.426990 0.397166 0.209768 0.619728
17.417417 -0.498715 0.336879 0.119573 0.613597
17.517518 -0.551884 0.264086 0.024958 0.612324
17.617618 -0.584612 0.181532 -0.070563 0.616202
17.717718 -0.596070 0.092382 -0.163508 0.624955
17.817818 -0.586591 -0.000014 -0.250709 0.637921
17.917918 -0.557669 -0.092422 -0.329614 0.654357
18.018018 -0.511617 -0.182005 -0.398408 0.673504
18.118118 -0.451268 -0.266531 -0.456096 0.694770
18.218218 -0.379574 -0.344372 -0.502335 0.717641
18.318318 -0.299219 -0.414371 -0.537126 0.741445
18.418418 -0.212674 -0.475809 -0.560817 0.765598
18.518519 -0.122109 -0.528248 -0.573902 0.789506
18.618619 -0.029430 -0.571545 -0.577054 0.812725
18.718719 0.063709 -0.605884 -0.571163 0.835094
18.818819 0.155922 -0.631510 -0.557063 0.856409
18.918919 0.246037 -0.648686 -0.535513 0.876414
19.019019 0.333076 -0.657781 -0.507297 0.894967
19.119119 0.416264 -0.659292 -0.473236 0.912083
19.219219 0.494938 -0.653680 -0.434071 0.927728
19.319319 0.568468 -0.641299 -0.390418 0.941726
19.419419 0.636299 -0.622512 -0.342873 0.953918
19.519520 0.698035 -0.597780 -0.292063 0.964311
19.619620 0.753377 -0.567591 -0.238595 0.972967
19.719720 0.802014 -0.532369 -0.183023 0.979867
19.819820 0.843698 -0.492550 -0.125881 0.985027
19.919920 0.878260 -0.448589 -0.067693 0.988512
20.020020 0.905546 -0.400930 -0.008961 0.990373
20.120120 0.925465 -0.350024 0.049827 0.990699
20.220220 0.937932 -0.296318 0.108197 0.989559
20.320320 0.942899 -0.240259 0.165686 0.987033
20.420420 0.940352 -0.182303 0.221837 0.983213
20.520521 0.930193 -0.122890 0.276174 0.978076
20.620621 0.912237 -0.062468 0.328174 0.971481
20.720721 0.886319 -0.001521 0.377290 0.963282
20.820821 0.852383 0.059417 0.422972 0.953410
20.920921 0.810422 0.119774 0.464649 0.941822
21.021021 0.760444 0.178919 0.501703 0.928436
21.121121 0.702441 0.236147 0.533434 0.913094
21.221221 0.636598 0.290711 0.559183 0.895798
21.321321 0.563300 0.341836 0.578350 0.876726
21.421421 0.482937 0.388630 0.590220 0.855933
21.521522 0.396025 0.430103 0.594036 0.833489
21.621622 0.303307 0.465204 0.589077 0.809582
21.721722 0.205765 0.492816 0.574661 0.784502
21.821822 0.104644 0.511701 0.550095 0.758547
21.921922 0.001529 0.520517 0.514733 0.732045
22.022022 -0.101554 0.517992 0.468184 0.705567
22.122122 -0.202081 0.502839 0.410256 0.679701
22.222222 -0.296990 0.473914 0.341126 0.655106
22.322322 -0.382677 0.430429 0.261559 0.632554
22.422422 -0.455298 0.372349 0.173159 0.613127
22.522523 -0.510995 0.300524 0.078419 0.597980
22.622623 -0.546098 0.216665 -0.019405 0.587829
22.722723 -0.557920 0.123623 -0.116348 0.583176
22.822823 -0.545239 0.025189 -0.208145 0.584161
22.922923 -0.508765 -0.074342 -0.290857 0.590733
23.023023 -0.451061 -0.170787 -0.361448 0.602718
23.123123 -0.375831 -0.260633 -0.418031 0.619620
23.223223 -0.287247 -0.341260 -0.459803 0.640615
23.323323 -0.189459 -0.411021 -0.486908 0.664765
23.423423 -0.086250 -0.469098 -0.500157 0.691122
23.523524 0.019176 -0.515253 -0.500686 0.718707
23.623624 0.124169 -0.549574 -0.489711 0.746503
23.723724 0.226552 -0.572334 -0.468433 0.773513
23.823824 0.324629 -0.584194 -0.438230 0.799194
23.923924 0.417107 -0.585983 -0.400474 0.823246
24.024024 0.503021 -0.578553 -0.356418 0.845451
24.124124 0.581662 -0.562769 -0.307220 0.865692
24.224224 0.652472 -0.539422 -0.253899 0.883833
24.324324 0.714981 -0.509227 -0.197362 0.899701
24.424424 0.768759 -0.472829 -0.138431 0.913083
24.524525 0.813580 -0.430936 -0.077901 0.923951
24.624625 0.849294 -0.384234 -0.016513 0.932314
24.724725 0.875696 -0.333337 0.045038 0.938075
24.824825 0.892615 -0.278847 0.106086 0.941154
24.924925 0.899903 -0.221365 0.165970 0.941474
25.025025 0.897380 -0.161490 0.224027 0.938913
25.125125 0.884867 -0.099838 0.279569 0.933336
25.225225 0.862321 -0.037072 0.331923 0.924740
25.325325 0.829754 0.026102 0.380397 0.913167
25.425425 0.787090 0.088932 0.424217 0.898543
25.525526 0.734385 0.150603 0.462599 0.880909
25.625626 0.671764 0.210206 0.494703 0.860339
25.725726 0.599350 0.266708 0.519558 0.836836
25.825826 0.517412 0.318923 0.536109 0.810456
25.925926 0.426359 0.365457 0.543153 0.781253
26.026026 0.326873 0.404677 0.539370 0.749353
26.126126 0.220038 0.434669 0.523333 0.715004
26.226226 0.107524 0.453217 0.493565 0.678656
26.326326 -0.008158 0.457894 0.448745 0.641175
26.426426 -0.123399 0.446117 0.387862 0.603892
26.526527 -0.233253 0.415461 0.310636 0.568779
26.626627 -0.331187 0.363974 0.217931 0.538197
26.726727 -0.409282 0.290965 0.112449 0.514604
26.826827 -0.459418 0.198284 -0.000513 0.500381
26.926927 -0.475607 0.091043 -0.113347 0.497332
27.027027 -0.456105 -0.023022 -0.217666 0.505906
27.127127 -0.403996 -0.135533 -0.306515 0.524913
27.227227 -0.326107 -0.239566 -0.375974 0.552354
27.327327 -0.230511 -0.330821 -0.425245 0.586012
27.427427 -0.124482 -0.407368 -0.455531 0.623661
27.527528 -0.013756 -0.468957 -0.469036 0.663404
27.627628 0.097463 -0.516309 -0.468270 0.703811
27.727728 0.206260 -0.550561 -0.455601 0.743796
27.827828 0.310699 -0.573092 -0.433218 0.782717
27.927928 0.409544 -0.585272 -0.403004 0.820171
28.028028 0.501904 -0.588183 -0.366407 0.855641
28.128128 0.587187 -0.582801 -0.324643 0.888728
28.228228 0.665073 -0.570083 -0.278795 0.919263
28.328328 0.735284 -0.550798 -0.229742 0.946996
28.428428 0.797614 -0.525622 -0.178239 0.971718
28.528529 0.851927 -0.495176 -0.124957 0.993274
28.628629 0.898183 -0.460058 -0.070505 1.011611
28.728729 0.936439 -0.420857 -0.015439 1.026780
28.828829 0.966670 -0.378063 0.039745 1.038731
28.928929 0.988847 -0.332134 0.094584 1.047415
29.029029 1.003010 -0.283528 0.148642 1.052859
29.129129 1.009177 -0.232677 0.201500 1.055073
29.229229 1.007287 -0.179985 0.252732 1.053990
29.329329 0.997296 -0.125862 0.301916 1.049568
29.429429 0.979240 -0.070738 0.348642 1.041857
29.529530 0.953196 -0.015054 0.392506 1.030956
29.629630 0.919231 0.040736 0.433091 1.016963
29.729730 0.877368 0.096156 0.469934 0.999929
29.829830 0.827604 0.150687 0.502522 0.979880
29.929930 0.769898 0.203745 0.530262 0.956783
30.030030 0.704136 0.254639 0.552422 0.930494
30.130130 0.630313 0.302584 0.568224 0.900961
30.230230 0.548497 0.346647 0.576775 0.868149
30.330330 0.458817 0.385682 0.577001 0.831982
30.430430 0.361637 0.418337 0.567719 0.792523
30.530531 0.257599 0.442942 0.547555 0.749914
30.630631 0.147773 0.457394 0.514892 0.704386
30.730731 0.033960 0.459055 0.467891 0.656359
30.830831 -0.080854 0.444732 0.404677 0.606702
30.930931 -0.191873 0.410854 0.323771 0.557175
31.031031 -0.291655 0.353685 0.224664 0.510519
31.131131 -0.369480 0.270504 0.109251 0.470769
31.231231 -0.412243 0.162174 -0.016015 0.443284
31.331331 -0.408703 0.035959 -0.139156 0.433239
31.431431 -0.356258 -0.094527 -0.245614 0.442924
31.531532 -0.263787 -0.214733 -0.324814 0.470317
31.631632 -0.146292 -0.315198 -0.373821 0.510385
31.731732 -0.017704 -0.392865 -0.395572 0.557793
31.831832 0.112160 -0.448659 -0.395175 0.608308
31.931932 0.237427 -0.485259 -0.377787 0.659220
32.032032 0.354933 -0.505769 -0.347823 0.709056
32.132132 0.463138 -0.512918 -0.308640 0.756862
32.232232 0.561378 -0.508990 -0.262774 0.802039
32.332332 0.649458 -0.495827 -0.212132 0.844181
32.432432 0.727461 -0.474965 -0.158190 0.883072
32.532533 0.795512 -0.447607 -0.102087 0.918484
32.632633 0.853888 -0.414807 -0.044745 0.950364
32.732733 0.903089 -0.377556 0.013073 0.978923
32.832833 0.943536 -0.336654 0.070756 1.004292
32.932933 0.975578 -0.292762 0.127798 1.026545
33.033033 0.999516 -0.246451 0.183767 1.045725
33.133133 1.015634 -0.198223 0.238287 1.061878
33.233233 1.024245 -0.148543 0.291033 1.075101
33.333333 1.025644 -0.097829 0.341718 1.085490
33.433433 1.020088 -0.046467 0.390070 1.093112
33.533534 1.007679 0.005192 0.435787 1.097886
33.633634 0.988511 0.056800 0.478565 1.099729
33.733734 0.962765 0.108015 0.518143 1.098661
33.833834 0.930617 0.158494 0.554258 1.094701
33.933934 0.892246 0.207895 0.586650 1.087879
34.034034 0.847762 0.255852 0.615002 1.078141
34.134134 0.797233 0.301962 0.638947 1.065371
34.234234 0.740793 0.345810 0.658131 1.049522
34.334334 0.678565 0.386928 0.672147 1.030507
34.434434 0.610734 0.424824 0.680584 1.008299
34.534535 0.537549 0.458960 0.683020 0.982914
34.634635 0.459265 0.488701 0.678937 0.954311
34.734735 0.376255 0.513364 0.667817 0.922545
34.834835 0.289000 0.532166 0.649097 0.887721
34.934935 0.198113 0.544187 0.622126 0.849958
35.035035 0.104430 0.548366 0.586215 0.809481
35.135135 0.009074 0.543404 0.540562 0.766536
35.235235 -0.086378 0.527697 0.484255 0.721408
35.335335 -0.179673 0.499438 0.416473 0.674663
35.435435 -0.267613 0.456662 0.336643 0.627284
35.535536 -0.345656 0.397324 0.244684 0.580702
35.635636 -0.407481 0.319672 0.141570 0.536911
35.735736 -0.445059 0.223321 0.030351 0.498870
35.835836 -0.449763 0.110794 -0.082794 0.470550
35.935936 -0.415315 -0.011136 -0.188494 0.456224
36.036036 -0.341620 -0.131918 -0.276287 0.458738
36.136136 -0.236103 -0.240542 -0.338472 0.477669
36.236236 -0.110820 -0.329462 -0.372749 0.509674
36.336336 0.022336 -0.396025 -0.381582 0.550399
36.436436 0.154549 -0.441252 -0.369744 0.596070
36.536537 0.280418 -0.467871 -0.342241 0.643946
36.636637 0.397038 -0.478875 -0.303268 0.692049
36.736737 0.503049 -0.476996 -0.256105 0.739035
36.836837 0.598073 -0.464651 -0.203302 0.784170
36.936937 0.682337 -0.443921 -0.146815 0.827166
37.037037 0.756308 -0.416484 -0.088105 0.867884
37.137137 0.820523 -0.383673 -0.028255 0.906235
37.237237 0.875459 -0.346527 0.031910 0.942087
37.337337 0.921452 -0.305849 0.091741 0.975209
37.437437 0.958936 -0.262355 0.150717 1.005537
37.537538 0.988372 -0.216669 0.208419 1.033085
37.637638 1.010172 -0.169319 0.264500 1.057865
37.737738 1.024686 -0.120760 0.318661 1.079865
37.837838 1.032147 -0.071383 0.370616 1.098990
37.937938 1.032905 -0.021553 0.420153 1.115297
38.038038 1.027431 0.028394 0.467143 1.129001
38.138138 1.016108 0.078166 0.511461 1.140253
38.238238 0.999121 0.127487 0.552912 1.149003
38.338338 0.976618 0.176088 0.591294 1.155170
38.438438 0.948847 0.223724 0.626473 1.158806
38.538539 0.916088 0.270168 0.658342 1.160010
38.638639 0.878589 0.315197 0.686788 1.158855
38.738739 0.836592 0.358594 0.711700 1.155419
38.838839 0.790372 0.400163 0.733001 1.149830
38.938939 0.740149 0.439684 0.750569 1.142145
39.039039 0.686103 0.476910 0.764237 1.132360
39.139139 0.628404 0.511571 0.773810 1.120437
39.239239 0.567191 0.543341 0.779026 1.106258
39.339339 0.502672 0.571914 0.779672 1.089795
39.439439 0.435111 0.596989 0.775562 1.071081
39.539540 0.364785 0.618228 0.766483 1.050128
39.639640 0.291989 0.635225 0.752159 1.026894
39.739740 0.217060 0.647512 0.732271 1.001303
39.839840 0.140413 0.654572 0.706486 0.973294
39.939940 0.062543 0.655767 0.674386 0.942729
40.040040 -0.015915 0.650389 0.635544 0.909492
40.140140 -0.094153 0.637692 0.589566 0.873558
40.240240 -0.171146 0.616863 0.536090 0.834987
40.340340 -0.245541 0.586883 0.474686 0.793757
40.440440 -0.315570 0.546626 0.404998 0.749938
40.540541 -0.378971 0.495031 0.326945 0.703966
40.640641 -0.432745 0.431013 0.240737 0.656502
40.740741 -0.473021 0.353710 0.147178 0.608704
40.840841 -0.494762 0.262749 0.048050 0.562259
40.940941 -0.491675 0.158845 -0.053250 0.519434
41.041041 -0.456992 0.045032 -0.150832 0.483342
41.141141 -0.385914 -0.072062 -0.236102 0.458112
41.241241 -0.278888 -0.182152 -0.299090 0.447674
41.341341 -0.143881 -0.273882 -0.331986 0.453792
41.441441 0.005172 -0.339374 -0.332966 0.475466
41.541542 0.154120 -0.376550 -0.306026 0.509112
41.641642 0.292862 -0.388000 -0.258039 0.550360
41.741742 0.416119 -0.378585 -0.196063 0.595754
41.841842 0.522069 -0.353247 -0.125758 0.642771
41.941942 0.610723 -0.316112 -0.051193 0.689587
42.042042 0.683058 -0.270473 0.024796 0.735078
42.142142 0.740532 -0.218914 0.100280 0.778696
42.242242 0.784656 -0.163392 0.173973 0.820152
42.342342 0.816768 -0.105361 0.245010 0.859209
42.442442 0.838186 -0.045947 0.312843 0.895845
42.542543 0.850101 0.013985 0.377126 0.930103
42.642643 0.853367 0.073767 0.437565 0.961842
42.742743 0.848892 0.132875 0.494028 0.991129
42.842843 0.837633 0.190912 0.546536 1.018223
42.942943 0.820319 0.247556 0.595080 1.043229
43.043043 0.797461 0.302512 0.639588 1.066081
43.143143 0.769498 0.355516 0.679985 1.086692
43.243243 0.736896 0.406361 0.716268 1.105072
43.343343 0.700055 0.454848 0.748411 1.121197
43.443443 0.659342 0.500801 0.776395 1.135043
43.543544 0.615089 0.544041 0.800188 1.146568
43.643644 0.567606 0.584401 0.819756 1.155725
43.743744 0.517242 0.621769 0.835137 1.162580
43.843844 0.464363 0.656086 0.846430 1.167273
43.943944 0.409316 0.687309 0.853741 1.169960
44.044044 0.352391 0.715341 0.857098 1.170687
44.144144 0.293829 0.739997 0.856421 1.169354
44.244244 0.233881 0.761113 0.851656 1.165895
44.344344 0.172847 0.778624 0.842865 1.160410
44.444444 0.111004 0.792391 0.830032 1.152891
44.544545 0.048629 0.802207 0.813069 1.143233
44.644645 -0.013975 0.807875 0.791911 1.131363
44.744745 -0.076483 0.809198 0.766504 1.117220
44.844845 -0.138535 0.805953 0.736778 1.100724
44.944945 -0.199750 0.797956 0.702719 1.081872
45.045045 -0.259699 0.785001 0.664303 1.060645
45.145145 -0.317888 0.766799 0.621458 1.036940
45.245245 -0.373791 0.743143 0.574203 1.010787
45.345345 -0.426795 0.713780 0.522550 0.982189
45.445445 -0.476151 0.678369 0.466483 0.951058
45.545546 -0.521087 0.636703 0.406128 0.917531
45.645646 -0.560712 0.588595 0.341680 0.881809
45.745746 -0.593867 0.533744 0.273338 0.843964
45.845846 -0.619247 0.471952 0.201463 0.804234
45.945946 -0.635263 0.403080 0.126598 0.762928
46.046046 -0.639806 0.326994 0.049512 0.720228
46.146146 -0.630464 0.243886 -0.028577 0.676595
46.246246 -0.604399 0.154406 -0.105810 0.632720
46.346346 -0.558509 0.059979 -0.179457 0.589690
46.446446 -0.489961 -0.036725 -0.245669 0.549331
46.546547 -0.396717 -0.131363 -0.299287 0.514017
46.646647 -0.278942 -0.217592 -0.334114 0.486608
46.746747 -0.140801 -0.287577 -0.344195 0.470102
46.846847 0.008742 -0.333853 -0.325988 0.466693
46.946947 0.157568 -0.352068 -0.280373 0.476853
47.047047 0.294178 -0.342609 -0.212647 0.499139
47.147147 0.410802 -0.309599 -0.130203 0.530625
47.247247 0.504255 -0.258908 -0.040198 0.568263
47.347347 0.574808 -0.196313 0.051774 0.609610
47.447447 0.624408 -0.126468 0.141953 0.652710
47.547548 0.655683 -0.052847 0.228030 0.696212
47.647648 0.671375 0.022072 0.308729 0.739287
47.747748 0.674033 0.096591 0.383463 0.781469
47.847848 0.665797 0.169562 0.452011 0.822406
47.947948 0.648343 0.240188 0.514305 0.861712
48.048048 0.622999 0.307888 0.570336 0.899003
48.148148 0.590856 0.372219 0.620134 0.933929
48.248248 0.552951 0.432913 0.663878 0.966386
48.348348 0.510223 0.489816 0.701816 0.996389
48.448448 0.463393 0.542761 0.734092 1.023824
48.548549 0.413112 0.591642 0.760880 1.048637
48.648649 0.359989 0.636427 0.782407 1.070884
48.748749 0.304540 0.677064 0.798844 1.090555
48.848849 0.247235 0.713537 0.810375 1.107686
48.948949 0.188515 0.745871 0.817214 1.122364
49.049049 0.128761 0.774038 0.819494 1.134586
49.149149 0.068334 0.798056 0.817391 1.144418
49.249249 0.007573 0.817954 0.811074 1.151932
49.349349 -0.053209 0.833687 0.800636 1.157101
49.449449 -0.113702 0.845206 0.786159 1.159891
49.549550 -0.173605 0.852468 0.767730 1.160280
49.649650 -0.232619 0.855458 0.745462 1.158289
49.749750 -0.290442 0.854134 0.719443 1.153906
49.849850 -0.346781 0.848502 0.689802 1.147188
49.949950 -0.401359 0.838605 0.656702 1.138246
50.050050 -0.453869 0.824430 0.620260 1.127122
50.150150 -0.503985 0.805942 0.580583 1.113831
50.250250 -0.551317 0.783039 0.537735 1.098299
50.350350 -0.595435 0.755603 0.491783 1.080430
50.450450 -0.635877 0.723534 0.442826 1.060159
50.550551 -0.672186 0.686789 0.391018 1.037501
50.650651 -0.703826 0.645304 0.336524 1.012441
50.750751 -0.730131 0.598957 0.279508 0.984868
50.850851 -0.750406 0.547691 0.220211 0.954761
50.950951 -0.763820 0.491449 0.158932 0.922064
51.051051 -0.769391 0.430193 0.096053 0.886710
51.151151 -0.766010 0.363967 0.032090 0.848689
51.251251 -0.752385 0.292913 -0.032262 0.808036
51.351351 -0.727088 0.217359 -0.096070 0.764939
51.451451 -0.688539 0.137898 -0.158074 0.719784
51.551552 -0.634886 0.055484 -0.216538 0.673089
51.651652 -0.564189 -0.028327 -0.269098 0.625720
51.751752 -0.474540 -0.111042 -0.312476 0.578930
51.851852 -0.364478 -0.188762 -0.342197 0.534391
51.951952 -0.234231 -0.255664 -0.352607 0.494530
52.052052 -0.087611 -0.304085 -0.337767 0.462850
52.152152 0.066230 -0.325980 -0.293643 0.443707
52.252252 0.213292 -0.315734 -0.220673 0.440315
52.352352 0.338909 -0.273637 -0.125411 0.453282
52.452452 0.433413 -0.206154 -0.018374 0.480296
52.552553 0.494253 -0.122387 0.090359 0.517136
52.652653 0.524315 -0.030769 0.193692 0.559794
52.752753 0.528713 0.062518 0.287704 0.605160
52.852853 0.512565 0.153486 0.370647 0.650892
52.952953 0.480198 0.239667 0.441929 0.695220
53.053053 0.435256 0.319633 0.501699 0.737099
53.153153 0.380799 0.392649 0.550538 0.776063
53.253253 0.319261 0.458391 0.589167 0.811892
53.353353 0.252613 0.516811 0.618381 0.844572
53.453453 0.182419 0.567976 0.638913 0.874119
53.553554 0.109930 0.611969 0.651382 0.900494
53.653654 0.036188 0.648952 0.656392 0.923742
53.753754 -0.037921 0.679094 0.654489 0.943909
53.853854 -0.111640 0.702506 0.646105 0.960952
53.953954 -0.184281 0.719246 0.631594 0.974775
54.054054 -0.255203 0.729346 0.611258 0.985247
54.154154 -0.323799 0.732851 0.585403 0.992277
54.254254 -0.389481 0.729804 0.554323 0.995783
54.354354 -0.451704 0.720312 0.518355 0.995780
54.454454 -0.509940 0.704494 0.477845 0.992314
54.554555 -0.563651 0.682455 0.433123 0.985415
54.654655 -0.612297 0.654311 0.384537 0.975141
54.754755 -0.655280 0.620145 0.332424 0.961497
54.854855 -0.691889 0.579977 0.277106 0.944389
54.954955 -0.721379 0.533868 0.218964 0.923768
55.055055 -0.742943 0.481923 0.158446 0.899621
55.155155 -0.755578 0.424218 0.096055 0.871829
55.255255 -0.758193 0.360921 0.032423 0.840340
55.355355 -0.749604 0.292327 -0.031652 0.805210
55.455455 -0.728458 0.218879 -0.095154 0.766560
55.555556 -0.693391 0.141296 -0.156791 0.724803
55.655656 -0.642735 0.060605 -0.214835 0.680393
55.755756 -0.574360 -0.021659 -0.266860 0.633698
55.855856 -0.486375 -0.103058 -0.309649 0.585717
55.955956 -0.377623 -0.179857 -0.339020 0.538407
56.056056 -0.248261 -0.246497 -0.349549 0.494549
56.156156 -0.101567 -0.295293 -0.335049 0.458008
56.256256 0.053804 -0.317135 -0.290219 0.433239
56.356356 0.203043 -0.304887 -0.214341 0.424411
56.456456 0.329307 -0.258139 -0.114209 0.433731
56.556557 0.421066 -0.184042 -0.001812 0.459534
56.656657 0.475522 -0.093312 0.111069 0.497156
56.756757 0.496698 0.004249 0.216474 0.541838
56.856857 0.491340 0.101798 0.310527 0.590089
56.956957 0.465858 0.195330 0.392012 0.639414
57.057057 0.425443 0.282703 0.461031 0.688094
57.157157 0.374161 0.362933 0.518353 0.735123
57.257257 0.315101 0.435668 0.564947 0.779910
57.357357 0.250525 0.500805 0.601680 0.821941
57.457457 0.182206 0.558482 0.629446 0.860989
57.557558 0.111537 0.608951 0.649088 0.896983
57.657658 0.039604 0.652506 0.661363 0.929911
57.757758 -0.032719 0.689482 0.666971 0.959847
57.857858 -0.104737 0.720216 0.666547 0.986897
57.957958 -0.175877 0.745004 0.660625 1.011132
58.058058 -0.245661 0.764102 0.649662 1.032600
58.158158 -0.313671 0.777731 0.634056 1.051324
58.258258 -0.379511 0.786021 0.614106 1.067232
58.358358 -0.442826 0.789116 0.590103 1.080287
58.458458 -0.503308 0.787190 0.562353 1.090517
58.558559 -0.560660 0.780399 0.531134 1.097937
58.658659 -0.614616 0.768902 0.496720 1.102585
58.758759 -0.664890 0.752826 0.459357 1.104462
58.858859 -0.711201 0.732285 0.419277 1.103559
58.958959 -0.753318 0.707445 0.376745 1.099955
59.059059 -0.790920 0.678388 0.331977 1.093606
59.159159 -0.823666 0.645186 0.285190 1.084447
59.259259 -0.851205 0.607925 0.236621 1.072433
59.359359 -0.873153 0.566691 0.186517 1.057509
59.459459 -0.889167 0.521625 0.135165 1.039702
59.559560 -0.898785 0.472829 0.082861 1.018945
59.659660 -0.901492 0.420418 0.029941 0.995156
59.759760 -0.896792 0.364573 -0.023204 0.968342
59.859860 -0.884178 0.305533 -0.076124 0.938571
59.959960 -0.863072 0.243583 -0.128287 0.905916
60.060060 -0.832852 0.179086 -0.179071 0.870506
60.160160 -0.792848 0.112516 -0.227721 0.832541
60.260260 -0.742090 0.044460 -0.273243 0.792046
60.360360 -0.679514 -0.024258 -0.314367 0.749102
60.460460 -0.604053 -0.092455 -0.349469 0.703958
60.560561 -0.514649 -0.158431 -0.376421 0.657006
60.660661 -0.410549 -0.219758 -0.392500 0.609016
60.760761 -0.291682 -0.272976 -0.394259 0.561279
60.860861 -0.159357 -0.313207 -0.377439 0.515707
60.960961 -0.017619 -0.334042 -0.337441 0.475143
61.061061 0.125040 -0.328456 -0.270954 0.443773
61.161161 0.255102 -0.290999 -0.178375 0.426117
61.261261 0.357194 -0.221846 -0.066446 0.425697
61.361361 0.420815 -0.128655 0.052783 0.443197
61.461461 0.444408 -0.022936 0.167278 0.475401
61.561562 0.433895 0.084878 0.269265 0.517661
61.661662 0.397782 0.187950 0.355629 0.565710
61.761762 0.343785 0.282794 0.426223 0.616301
61.861862 0.277950 0.368069 0.482307 0.667346
61.961962 0.204578 0.443491 0.525439 0.717372
62.062062 0.126724 0.509310 0.557170 0.765437
62.162162 0.046601 0.566138 0.579052 0.811163
62.262262 -0.034213 0.614745 0.592521 0.854496
62.362362 -0.114611 0.655827 0.598734 0.895392
62.462462 -0.193804 0.690018 0.598658 0.933850
62.562563 -0.271217 0.717901 0.593111 0.969908
62.662663 -0.346436 0.739999 0.582788 1.003622
62.762763 -0.419159 0.756788 0.568290 1.035073
62.862863 -0.489188 0.768733 0.550158 1.064391
62.962963 -0.556375 0.776235 0.528853 1.091686
63.063063 -0.620605 0.779631 0.504757 1.117029
63.163163 -0.681811 0.779247 0.478219 1.140520
63.263263 -0.739918 0.775340 0.449527 1.162198
63.363363 -0.794874 0.768148 0.418937 1.182111
63.463463 -0.846622 0.757875 0.386675 1.200275
63.563564 -0.895139 0.744723 0.352951 1.216742
63.663664 -0.940396 0.728877 0.317959 1.231546
63.763764 -0.982303 0.710449 0.281849 1.244627
63.863864 -1.020790 0.689563 0.244773 1.255955
63.963964 -1.055858 0.666381 0.206890 1.265584
64.064064 -1.087537 0.641075 0.168358 1.273600
64.164164 -1.115802 0.613770 0.129311 1.280019
64.264264 -1.140635 0.584590 0.089879 1.284863
64.364364 -1.162077 0.553686 0.050193 1.288220
64.464464 -1.180136 0.521182 0.010373 1.290139
64.564565 -1.194782 0.487185 -0.029463 1.290628
64.664665 -1.205955 0.451785 -0.069200 1.289661
64.764765 -1.213558 0.415061 -0.108720 1.287175
64.864865 -1.217490 0.377094 -0.147897 1.283103
64.964965 -1.217608 0.337960 -0.186597 1.277342
65.065065 -1.213850 0.297763 -0.224691 1.269874
65.165165 -1.206135 0.256609 -0.262039 1.260664
65.265265 -1.194325 0.214597 -0.298484 1.249623
65.365365 -1.178318 0.171845 -0.333867 1.236702
65.465465 -1.157945 0.128471 -0.367997 1.221787
65.565566 -1.133066 0.084611 -0.400682 1.204800
65.665666 -1.103527 0.040419 -0.431704 1.185654
65.765766 -1.069239 -0.003933 -0.460853 1.164333
65.865866 -1.030119 -0.048251 -0.487903 1.140843
65.965966 -0.985921 -0.092312 -0.512531 1.115012
66.066066 -0.936385 -0.135855 -0.534365 1.086655
66.166166 -0.881296 -0.178572 -0.553009 1.055647
66.266266 -0.820471 -0.220104 -0.568033 1.021900
66.366366 -0.753687 -0.260012 -0.578905 0.985283
66.466466 -0.680741 -0.297765 -0.585016 0.945682
66.566567 -0.601479 -0.332720 -0.585664 0.903040
66.666667 -0.515717 -0.364032 -0.579936 0.857210
66.766767 -0.423387 -0.390650 -0.566764 0.808137
66.866867 -0.324597 -0.411217 -0.544857 0.755865
66.966967 -0.219684 -0.423880 -0.512526 0.700441
67.067067 -0.109576 -0.426251 -0.467810 0.642295
67.167167 0.003798 -0.415149 -0.408391 0.582363
67.267267 0.116704 -0.386143 -0.331491 0.522123
67.367367 0.222121 -0.333861 -0.234803 0.464687
67.467467 0.308061 -0.253387 -0.118595 0.416139
67.567568 0.357227 -0.143597 0.010850 0.385161
67.667668 0.353631 -0.013092 0.138203 0.379903
67.767768 0.295683 0.119612 0.244501 0.401891
67.867868 0.198610 0.237336 0.319282 0.444652
67.967968 0.081739 0.332677 0.363496 0.499485
68.068068 -0.041167 0.405554 0.382944 0.559299
68.168168 -0.162379 0.458832 0.383760 0.619810
68.268268 -0.278030 0.495960 0.371003 0.678911
68.368368 -0.386405 0.519947 0.348376 0.735540
68.468468 -0.486865 0.533220 0.318550 0.789199
68.568569 -0.579217 0.537588 0.283395 0.839527
68.668669 -0.663486 0.534445 0.244277 0.886293
68.768769 -0.739938 0.525001 0.202276 0.929543
68.868869 -0.808986 0.510307 0.158254 0.969493
68.968969 -0.870987 0.491175 0.112860 1.006285
69.069069 -0.926263 0.468257 0.066603 1.040030
69.169169 -0.975088 0.442089 0.019892 1.070810
69.269269 -1.017716 0.413122 -0.026936 1.098699
69.369369 -1.054433 0.381765 -0.073597 1.123828
69.469469 -1.085413 0.348344 -0.119845 1.146224
69.569570 -1.110730 0.313117 -0.165456 1.165821
69.669670 -1.130463 0.276328 -0.210224 1.182581
69.769770 -1.144629 0.238191 -0.253943 1.196410
69.869870 -1.153306 0.198924 -0.296433 1.207294
69.969970 -1.156535 0.158731 -0.337509 1.215188
70.070070 -1.154220 0.117790 -0.376954 1.219915
70.170170 -1.146280 0.076289 -0.414549 1.221322
70.270270 -1.132696 0.034425 -0.450089 1.219330
70.370370 -1.113444 -0.007596 -0.483363 1.213859
70.470470 -1.088443 -0.049564 -0.514127 1.204778
70.570571 -1.057645 -0.091253 -0.542138 1.191996
70.670671 -1.021010 -0.132422 -0.567141 1.175434
70.770771 -0.978453 -0.172806 -0.588838 1.154973
70.870871 -0.929866 -0.212107 -0.606887 1.130466
70.970971 -0.875137 -0.249987 -0.620909 1.101765
71.071071 -0.814160 -0.286060 -0.630476 1.068731
71.171171 -0.746802 -0.319866 -0.635076 1.031188
71.271271 -0.672867 -0.350823 -0.634052 0.988863
71.371371 -0.592164 -0.378215 -0.626615 0.941462
71.471471 -0.504567 -0.401156 -0.611835 0.888738
71.571572 -0.410025 -0.418510 -0.588570 0.830473
71.671672 -0.308570 -0.428700 -0.555274 0.766374
71.771772 -0.200460 -0.429450 -0.509811 0.696074
71.871872 -0.086658 -0.417595 -0.449466 0.619608
71.971972 0.030388 -0.388599 -0.370805 0.537986
72.072072 0.144946 -0.335534 -0.269438 0.454081
72.172172 0.243418 -0.248349 -0.141247 0.375340
72.272272 0.296457 -0.118044 0.010115 0.319254
72.372372 0.267257 0.042975 0.156663 0.312756
72.472472 0.160293 0.193129 0.259246 0.360834
72.572573 0.019514 0.307708 0.312242 0.438816
72.672673 -0.124945 0.389333 0.331119 0.526148
72.772773 -0.262265 0.446721 0.329111 0.613724
72.872873 -0.389693 0.486809 0.314243 0.698278
72.972973 -0.507108 0.514226 0.291140 0.778684
73.073073 -0.615201 0.532127 0.262623 0.854752
73.173173 -0.714812 0.542665 0.230459 0.926581
73.273273 -0.806802 0.547407 0.195828 0.994450
73.373373 -0.891935 0.547497 0.159534 1.058656
73.473473 -0.970793 0.543741 0.122122 1.119378
73.573574 -1.043916 0.536780 0.083995 1.176838
73.673674 -1.111846 0.527156 0.045459 1.231326
73.773774 -1.175054 0.515302 0.006738 1.283095
73.873874 -1.233934 0.501560 -0.031998 1.332359
73.973974 -1.288760 0.486181 -0.070619 1.379224
74.074074 -1.339732 0.469358 -0.109018 1.423750
74.174174 -1.387049 0.451265 -0.147109 1.466011
74.274274 -1.430867 0.432044 -0.184819 1.506055
74.374374 -1.471361 0.411829 -0.222090 1.543966
74.474474 -1.508700 0.390742 -0.258875 1.579832
74.574575 -1.543059 0.368892 -0.295139 1.613760
74.674675 -1.574613 0.346382 -0.330856 1.645859
74.774775 -1.603462 0.323287 -0.365995 1.676173
74.874875 -1.629664 0.299668 -0.400519 1.704706
74.974975 -1.653289 0.275585 -0.434401 1.731478
75.075075 -1.674507 0.251110 -0.467641 1.756621
75.175175 -1.693504 0.226312 -0.500252 1.780288
75.275275 -1.710400 0.201243 -0.532232 1.802564
75.375375 -1.725244 0.175942 -0.563564 1.823466
75.475475 -1.738074 0.150445 -0.594229 1.842998
75.575576 -1.748939 0.124788 -0.624212 1.861183
75.675676 -1.757912 0.099005 -0.653511 1.878066
75.775776 -1.765068 0.073130 -0.682125 1.893701
75.875876 -1.770485 0.047192 -0.710057 1.908147
75.975976 -1.774262 0.021219 -0.737322 1.921484
76.076076 -1.776428 -0.004762 -0.763908 1.933721
76.176176 -1.776931 -0.030730 -0.789769 1.944778
76.276276 -1.775769 -0.056659 -0.814881 1.954635
76.376376 -1.772951 -0.082525 -0.839223 1.963278
76.476476 -1.768458 -0.108304 -0.862763 1.970668
76.576577 -1.762307 -0.133971 -0.885484 1.976804
76.676677 -1.754563 -0.159508 -0.907395 1.981742
76.776777 -1.745294 -0.184896 -0.928508 1.985539
76.876877 -1.734523 -0.210115 -0.948812 1.988205
76.976977 -1.722275 -0.235145 -0.968298 1.989755
77.077077 -1.708553 -0.259964 -0.986946 1.990175
77.177177 -1.693327 -0.284544 -1.004714 1.989415
77.277277 -1.676609 -0.308862 -1.021587 1.987474
77.377377 -1.658429 -0.332901 -1.037559 1.984373
77.477477 -1.638830 -0.356645 -1.052633 1.980150
77.577578 -1.617856 -0.380079 -1.066814 1.974844
77.677678 -1.595522 -0.403184 -1.080087 1.968461
77.777778 -1.571809 -0.425928 -1.092416 1.960961
77.877878 -1.546706 -0.448285 -1.103767 1.952322
77.977978 -1.520253 -0.470239 -1.114145 1.942579
78.078078 -1.492495 -0.491779 -1.123556 1.931778
78.178178 -1.463451 -0.512883 -1.131986 1.919930
78.278278 -1.433103 -0.533519 -1.139397 1.907001
78.378378 -1.401436 -0.553651 -1.145746 1.892957
78.478478 -1.368444 -0.573248 -1.151001 1.877780
78.578579 -1.334103 -0.592267 -1.155107 1.861420
78.678679 -1.298390 -0.610664 -1.158014 1.843834
78.778779 -1.261330 -0.628414 -1.159706 1.825041
78.878879 -1.222937 -0.645488 -1.160160 1.805049
78.978979 -1.183203 -0.661839 -1.159328 1.783828
79.079079 -1.142102 -0.677411 -1.157141 1.761323
79.179179 -1.099583 -0.692126 -1.153503 1.737438
79.279279 -1.055616 -0.705916 -1.148332 1.712106
79.379379 -1.010179 -0.718705 -1.141544 1.685266
79.479479 -0.963253 -0.730419 -1.133058 1.656861
79.579580 -0.914838 -0.740986 -1.122803 1.626861
79.679680 -0.864945 -0.750338 -1.110716 1.595252
79.779780 -0.813574 -0.758388 -1.096712 1.561997
79.879880 -0.760724 -0.765040 -1.080694 1.527052
79.979980 -0.706434 -0.770222 -1.062610 1.490446
80.080080 -0.650755 -0.773866 -1.042414 1.452232
80.180180 -0.593709 -0.775859 -1.020002 1.412392
80.280280 -0.535287 -0.776023 -0.995195 1.370824
80.380380 -0.475507 -0.774189 -0.967836 1.327472
80.480480 -0.414401 -0.770160 -0.937740 1.282276
80.580581 -0.351970 -0.763622 -0.904602 1.235033
80.680681 -0.288232 -0.754197 -0.868053 1.185498
80.780781 -0.223282 -0.741535 -0.827790 1.133563
80.880881 -0.157272 -0.725268 -0.783513 1.079185
80.980981 -0.090390 -0.704839 -0.734752 1.022169
81.081081 -0.022913 -0.679503 -0.680892 0.962218
81.181181 0.044720 -0.648351 -0.621220 0.899040
81.281281 0.111817 -0.610184 -0.554850 0.832277
81.381381 0.177281 -0.563473 -0.480739 0.761603
81.481481 0.239362 -0.506319 -0.397759 0.686925
81.581582 0.295163 -0.436215 -0.304674 0.608466
81.681682 0.339560 -0.349711 -0.200266 0.526977
81.781782 0.363194 -0.242525 -0.084305 0.444787
81.881882 0.349478 -0.111605 0.039134 0.368947
81.981982 0.273806 0.036966 0.153528 0.316081
82.082082 0.124561 0.173422 0.224512 0.309833
82.182182 -0.062271 0.260549 0.230714 0.353543
82.282282 -0.239507 0.295288 0.189276 0.424717
82.382382 -0.389963 0.294927 0.124618 0.504562
82.482482 -0.513948 0.273901 0.050864 0.584595
82.582583 -0.615606 0.240728 -0.025345 0.661486
82.682683 -0.699074 0.200328 -0.100917 0.734180
82.782783 -0.767767 0.155641 -0.174410 0.802565
82.882883 -0.824263 0.108456 -0.245157 0.866760
82.982983 -0.870500 0.059911 -0.312862 0.926953
83.083083 -0.908032 0.010764 -0.377442 0.983412
83.183183 -0.938115 -0.038470 -0.438923 1.036433
83.283283 -0.961773 -0.087435 -0.497393 1.086302
83.383383 -0.979706 -0.135870 -0.552894 1.133127
83.483483 -0.992442 -0.183575 -0.605452 1.176951
83.583584 -1.000498 -0.230403 -0.655144 1.217907
83.683684 -1.004301 -0.276241 -0.702041 1.256102
83.783784 -1.004232 -0.321002 -0.746218 1.291652
83.883884 -1.000616 -0.364617 -0.787749 1.324661
83.983984 -0.993771 -0.407043 -0.826724 1.355263
84.084084 -0.983979 -0.448248 -0.863235 1.383588
84.184184 -0.971467 -0.488201 -0.897346 1.409723
84.284284 -0.956486 -0.526899 -0.929163 1.433817
84.384384 -0.939221 -0.564324 -0.958746 1.455950
84.484484 -0.919764 -0.600415 -0.986076 1.476080
84.584585 -0.898239 -0.635141 -1.011173 1.494225
84.684685 -0.874812 -0.668505 -1.034112 1.510491
84.784785 -0.849649 -0.700527 -1.054984 1.525003
84.884885 -0.822875 -0.731203 -1.073838 1.537826
84.984985 -0.794579 -0.760508 -1.090687 1.548976
85.085085 -0.764875 -0.788446 -1.105586 1.558525
85.185185 -0.733881 -0.815035 -1.118599 1.566566
85.285285 -0.701709 -0.840296 -1.129799 1.573194
85.385385 -0.668429 -0.864207 -1.139191 1.578419
85.485485 -0.634093 -0.886729 -1.146760 1.582220
85.585586 -0.598781 -0.907863 -1.152541 1.584646
85.685686 -0.562553 -0.927581 -1.156531 1.585697
85.785786 -0.525457 -0.945841 -1.158712 1.585350
85.885886 -0.487563 -0.962635 -1.159103 1.583637
85.985986 -0.448945 -0.977966 -1.157740 1.580610
86.086086 -0.409652 -0.991793 -1.154603 1.576253
86.186186 -0.369722 -1.004037 -1.149631 1.570489
86.286286 -0.329191 -1.014608 -1.142749 1.563225
86.386386 -0.288096 -1.023386 -1.133855 1.554331
86.486486 -0.246482 -1.030270 -1.122869 1.543712
86.586587 -0.204419 -1.035213 -1.109775 1.531357
86.686687 -0.161972 -1.038130 -1.094514 1.517205
86.786787 -0.119206 -1.038901 -1.076998 1.501149
86.886887 -0.076201 -1.037464 -1.057200 1.483175
86.986987 -0.033045 -1.033750 -1.035087 1.463262
87.087087 0.010173 -1.027637 -1.010580 1.441323
87.187187 0.053349 -1.018954 -0.983552 1.417212
87.287287 0.096366 -1.007543 -0.953897 1.390809
87.387387 0.139094 -0.993277 -0.921547 1.362055
87.487487 0.181387 -0.976021 -0.886430 1.330893
87.587588 0.223084 -0.955642 -0.848483 1.297283
87.687688 0.264007 -0.932023 -0.807665 1.261225
87.787788 0.303952 -0.905015 -0.763920 1.222707
87.887888 0.342647 -0.874343 -0.717090 1.181567
87.987988 0.379738 -0.839634 -0.666958 1.137550
88.088088 0.414786 -0.800458 -0.613288 1.090368
88.188188 0.447252 -0.756349 -0.555850 1.039744
88.288288 0.476487 -0.706826 -0.494444 0.985453
88.388388 0.501620 -0.651270 -0.428835 0.927187
88.488488 0.521485 -0.588933 -0.358778 0.864587
88.588589 0.534516 -0.518946 -0.284088 0.797319
88.688689 0.538504 -0.440266 -0.204677 0.725061
88.788789 0.530250 -0.351700 -0.120733 0.647637
88.888889 0.504928 -0.252004 -0.033093 0.565291
88.988989 0.454773 -0.140279 0.055816 0.479178
89.089089 0.367511 -0.017873 0.139414 0.393472
89.189189 0.226682 0.105207 0.200784 0.320574
89.289289 0.028738 0.197315 0.207156 0.287528
89.389389 -0.179087 0.219564 0.140311 0.316177
89.489489 -0.341487 0.180597 0.032420 0.387660
89.589590 -0.452677 0.112460 -0.082395 0.473659
89.689690 -0.525941 0.034128 -0.191069 0.560612
89.789790 -0.572727 -0.046228 -0.290427 0.643818
89.889890 -0.600470 -0.125190 -0.380269 0.721693
89.989990 -0.614094 -0.201280 -0.461241 0.793957
90.090090 -0.617070 -0.273922 -0.534257 0.860953
90.190190 -0.611859 -0.342947 -0.600201 0.923161
90.290290 -0.600242 -0.408390 -0.659869 0.981071
90.390390 -0.583557 -0.470384 -0.713966 1.035156
90.490490 -0.562771 -0.529063 -0.763036 1.085745
90.590591 -0.538577 -0.584525 -0.807471 1.133024
90.690691 -0.511474 -0.636812 -0.847528 1.177047
90.790791 -0.481916 -0.686023 -0.883499 1.217966
90.890891 -0.450317 -0.732307 -0.915706 1.256016
90.990991 -0.417007 -0.775785 -0.944410 1.291374
91.091091 -0.382237 -0.816514 -0.969776 1.324110
91.191191 -0.346215 -0.854534 -0.991930 1.354260
91.291291 -0.309154 -0.889958 -1.011077 1.381983
91.391391 -0.271244 -0.922893 -1.027403 1.407431
91.491491 -0.232636 -0.953400 -1.041033 1.430679
91.591592 -0.193465 -0.981542 -1.052085 1.451804
91.691692 -0.153854 -1.007381 -1.060677 1.470892
91.791792 -0.113919 -1.031007 -1.066943 1.488059
91.891892 -0.073765 -1.052528 -1.071037 1.503455
91.991992 -0.033481 -1.072010 -1.073061 1.517164
92.092092 0.006851 -1.089495 -1.073093 1.529240
92.192192 0.047157 -1.105042 -1.071222 1.539759
92.292292 0.087368 -1.118673 -1.067499 1.548746
92.392392 0.127414 -1.130361 -1.061928 1.556163
92.492492 0.167230 -1.140133 -1.054562 1.562040
92.592593 0.206761 -1.148044 -1.045481 1.566457
92.692693 0.245944 -1.154101 -1.034717 1.569419
92.792793 0.284721 -1.158310 -1.022301 1.570939
92.892893 0.323027 -1.160658 -1.008250 1.571000
92.992993 0.360786 -1.161089 -0.992538 1.569531
93.093093 0.397920 -1.159555 -0.975152 1.566470
93.193193 0.434353 -1.156014 -0.956084 1.561771
93.293293 0.470002 -1.150424 -0.935328 1.555383
93.393393 0.504798 -1.142777 -0.912905 1.547306
93.493493 0.538694 -1.133123 -0.888883 1.537619
93.593594 0.571633 -1.121483 -0.863310 1.526366
93.693694 0.603498 -1.107765 -0.836143 1.513436
93.793794 0.634157 -1.091859 -0.807331 1.498697
93.893894 0.663502 -1.073715 -0.776871 1.482102
93.993994 0.691413 -1.053275 -0.744754 1.463591
94.094094 0.717728 -1.030427 -0.710942 1.443036
94.194194 0.742290 -1.005083 -0.675415 1.420342
94.294294 0.764961 -0.977200 -0.638188 1.395482
94.394394 0.785589 -0.946727 -0.599275 1.368420
94.494494 0.803998 -0.913601 -0.558691 1.339110
94.594595 0.819963 -0.877717 -0.516428 1.307449
94.694695 0.833195 -0.838928 -0.472464 1.273278
94.794795 0.843391 -0.797101 -0.426797 1.236461
94.894895 0.850214 -0.752107 -0.379443 1.196873
94.994995 0.853246 -0.703780 -0.330418 1.154344
95.095095 0.852026 -0.651967 -0.279767 1.108728
95.195195 0.846060 -0.596543 -0.227578 1.059940
95.295295 0.834667 -0.537317 -0.173954 1.007789
95.395395 0.816884 -0.474006 -0.119026 0.951918
95.495495 0.791459 -0.406294 -0.063018 0.891882
95.595596 0.756715 -0.333841 -0.006309 0.827108
95.695696 0.710455 -0.256362 0.050441 0.756976
95.795796 0.649840 -0.173782 0.106094 0.680990
95.895896 0.571024 -0.086464 0.158648 0.598927
95.995996 0.468397 0.004201 0.204331 0.511043
96.096096 0.333860 0.093961 0.235483 0.419218
96.196196 0.158366 0.170281 0.235857 0.331216
96.296296 -0.052271 0.200608 0.175788 0.271804
96.396396 -0.236305 0.145175 0.042388 0.280557
96.496496 -0.330004 0.029283 -0.112116 0.349757
96.596597 -0.351188 -0.096447 -0.245343 0.439122
96.696697 -0.332543 -0.212704 -0.352195 0.529026
96.796797 -0.292640 -0.316035 -0.437194 0.613722
96.896897 -0.240935 -0.406989 -0.504926 0.691838
96.996997 -0.182551 -0.486890 -0.558887 0.763375
97.097097 -0.120448 -0.557032 -0.601620 0.828697
97.197197 -0.056447 -0.618512 -0.634987 0.888230
97.297297 0.008272 -0.672209 -0.660360 0.942342
97.397397 0.072908 -0.718916 -0.678866 0.991471
97.497497 0.136902 -0.759335 -0.691435 1.036057
97.597598 0.199856 -0.794030 -0.698796 1.076448
97.697698 0.261480 -0.823473 -0.701538 1.112940
97.797798 0.321534 -0.848011 -0.700107 1.145712
97.897898 0.379821 -0.867920 -0.694860 1.174896
97.997998 0.436188 -0.883470 -0.686127 1.200645
98.098098 0.490503 -0.894891 -0.674194 1.223095
98.198198 0.542605 -0.902301 -0.659245 1.242245
98.298298 0.592339 -0.905795 -0.641441 1.258084
98.398398 0.639574 -0.905491 -0.620953 1.270650
98.498498 0.684184 -0.901492 -0.597938 1.279971
98.598599 0.726012 -0.893847 -0.572511 1.286011
98.698699 0.764856 -0.882548 -0.544751 1.288662
98.798799 0.800527 -0.867607 -0.514750 1.287848
98.898899 0.832872 -0.849079 -0.482627 1.283565
98.998999 0.861734 -0.827017 -0.448503 1.275812
99.099099 0.886896 -0.801421 -0.412471 1.264513
99.199199 0.908158 -0.772318 -0.374640 1.249633
99.299299 0.925255 -0.739690 -0.335109 1.231071
99.399399 0.937883 -0.703506 -0.293976 1.208705
99.499499 0.945745 -0.663764 -0.251365 1.182455
99.599600 0.948470 -0.620434 -0.207406 1.152194
99.699700 0.945623 -0.573477 -0.162247 1.117766
99.799800 0.936716 -0.522863 -0.116066 1.079024
99.899900 0.921096 -0.468524 -0.069074 1.035715
100.000000 0.897903 -0.410356 -0.021538 0.987464
