0.000000 0.422432 -0.354068 0.826579 0.993502
0.100100 0.423690 -0.264112 0.858289 0.992939
0.200200 0.421845 -0.172275 0.883694 0.994257
0.300300 0.416926 -0.079237 0.902644 0.997433
0.400400 0.409000 0.014319 0.915065 1.002413
0.500501 0.398185 0.107720 0.921006 1.009162
0.600601 0.384628 0.200324 0.920585 1.017618
0.700701 0.368466 0.291512 0.913913 1.027610
0.800801 0.349870 0.380716 0.901184 1.038983
0.900901 0.329054 0.467443 0.882717 1.051650
1.001001 0.306230 0.551249 0.858840 1.065485
1.101101 0.281616 0.631765 0.829924 1.080375
1.201201 0.255447 0.708713 0.796397 1.096255
1.301301 0.227938 0.781858 0.758666 1.113028
1.401401 0.199281 0.850969 0.717085 1.130518
1.501502 0.169668 0.915882 0.672025 1.148584
1.601602 0.139280 0.976474 0.623850 1.167086
1.701702 0.108287 1.032669 0.572917 1.185903
1.801802 0.076862 1.084539 0.519631 1.205051
1.901902 0.045161 1.132226 0.464388 1.224595
2.002002 0.013319 1.175838 0.407519 1.244526
2.102102 -0.018550 1.215403 0.349292 1.264735
2.202202 -0.050337 1.250921 0.289947 1.285071
2.302302 -0.081943 1.282424 0.229713 1.305410
2.402402 -0.113281 1.310021 0.168820 1.325702
2.502503 -0.144274 1.333844 0.107483 1.345923
2.602603 -0.174858 1.354042 0.045893 1.366057
2.702703 -0.204967 1.370710 -0.015775 1.386040
2.802803 -0.234545 1.383950 -0.077364 1.405815
2.902903 -0.263560 1.393964 -0.138734 1.425429
3.003003 -0.291982 1.400943 -0.199763 1.444922
3.103103 -0.319783 1.405021 -0.260337 1.464282
3.203203 -0.346921 1.406273 -0.320348 1.483435
3.303303 -0.373376 1.404823 -0.379704 1.502368
3.403403 -0.399137 1.400832 -0.438332 1.521110
3.503504 -0.424189 1.394417 -0.496162 1.539647
3.603604 -0.448510 1.385658 -0.553116 1.557930
3.703704 -0.472073 1.374617 -0.609117 1.575896
3.803804 -0.494854 1.361353 -0.664091 1.593481
3.903904 -0.516822 1.345908 -0.717958 1.610602
4.004004 -0.537953 1.328333 -0.770646 1.627193
4.104104 -0.558229 1.308696 -0.822093 1.643211
4.204204 -0.577663 1.287129 -0.872284 1.658697
4.304304 -0.596277 1.263782 -0.921222 1.673721
4.404404 -0.614086 1.238773 -0.968904 1.688324
4.504505 -0.631114 1.212232 -1.015339 1.702564
4.604605 -0.647378 1.184263 -1.060531 1.716479
4.704705 -0.662890 1.154962 -1.104479 1.730097
4.804805 -0.677652 1.124393 -1.147163 1.743403
4.904905 -0.691651 1.092598 -1.188543 1.756356
5.005005 -0.704891 1.059643 -1.228607 1.768951
5.105105 -0.717381 1.025599 -1.267352 1.781199
5.205205 -0.729124 0.990525 -1.304765 1.793090
5.305305 -0.740124 0.954478 -1.340835 1.804619
5.405405 -0.750390 0.917521 -1.375564 1.815793
5.505506 -0.759922 0.879703 -1.408936 1.826598
5.605606 -0.768720 0.841070 -1.440936 1.837016
5.705706 -0.776805 0.801693 -1.471589 1.847082
5.805806 -0.784201 0.761640 -1.500925 1.856837
5.905906 -0.790908 0.720952 -1.528930 1.866262
6.006006 -0.796914 0.679661 -1.555571 1.875317
6.106106 -0.802210 0.637798 -1.580813 1.883958
6.206206 -0.806787 0.595397 -1.604628 1.892151
6.306306 -0.810666 0.552515 -1.627043 1.899927
6.406406 -0.813856 0.509197 -1.648064 1.907291
6.506507 -0.816348 0.465476 -1.667662 1.914207
6.606607 -0.818142 0.421392 -1.685824 1.920659
6.706707 -0.819249 0.376986 -1.702557 1.926652
6.806807 -0.819678 0.332302 -1.717873 1.932197
6.906907 -0.819436 0.287380 -1.731770 1.937289
7.007007 -0.818524 0.242256 -1.744240 1.941918
7.107107 -0.816957 0.196972 -1.755306 1.946102
7.207207 -0.814757 0.151568 -1.764999 1.949877
7.307307 -0.811933 0.106082 -1.773330 1.953250
7.407407 -0.808495 0.060550 -1.780310 1.956229
7.507508 -0.804455 0.015007 -1.785952 1.958826
7.607608 -0.799829 -0.030514 -1.790282 1.961063
7.707708 -0.794622 -0.075978 -1.793303 1.962940
7.807808 -0.788851 -0.121353 -1.795037 1.964477
7.907908 -0.782525 -0.166608 -1.795498 1.965685
8.008008 -0.775647 -0.211711 -1.794682 1.966553
8.108108 -0.768224 -0.256630 -1.792593 1.967084
8.208208 -0.760276 -0.301338 -1.789267 1.967308
8.308308 -0.751825 -0.345810 -1.784747 1.967269
8.408408 -0.742865 -0.390012 -1.779007 1.966932
8.508509 -0.733389 -0.433906 -1.772017 1.966260
8.608609 -0.723410 -0.477466 -1.763802 1.965272
8.708709 -0.712938 -0.520662 -1.754374 1.963975
8.808809 -0.701971 -0.563458 -1.743713 1.962341
8.908909 -0.690516 -0.605825 -1.731829 1.960374
9.009009 -0.678581 -0.647729 -1.718726 1.958071
9.109109 -0.666166 -0.689136 -1.704396 1.955416
9.209209 -0.653268 -0.730003 -1.688818 1.952375
9.309309 -0.639882 -0.770282 -1.671964 1.948909
9.409409 -0.626025 -0.809953 -1.653866 1.945046
9.509510 -0.611709 -0.848986 -1.634541 1.940796
9.609610 -0.596943 -0.887350 -1.613999 1.936162
9.709710 -0.581739 -0.925019 -1.592260 1.931158
9.809810 -0.566110 -0.961965 -1.569341 1.925796
9.909910 -0.550063 -0.998153 -1.545249 1.920071
10.010010 -0.533592 -1.033524 -1.519951 1.913935
10.110110 -0.516706 -1.068040 -1.493454 1.907380
10.210210 -0.499424 -1.101687 -1.465796 1.900446
10.310310 -0.481757 -1.134429 -1.436989 1.893134
10.410410 -0.463718 -1.166240 -1.407055 1.885458
10.510511 -0.445319 -1.197089 -1.376011 1.877429
10.610611 -0.426569 -1.226936 -1.343865 1.869039
10.710711 -0.407474 -1.255729 -1.310612 1.860267
10.810811 -0.388042 -1.283415 -1.276251 1.851094
10.910911 -0.368280 -1.309944 -1.240785 1.841502
11.011011 -0.348193 -1.335242 -1.204199 1.831449
11.111111 -0.327795 -1.359275 -1.166515 1.820944
11.211211 -0.307097 -1.381985 -1.127739 1.809969
11.311311 -0.286110 -1.403306 -1.087871 1.798497
11.411411 -0.264846 -1.423182 -1.046925 1.786517
11.511512 -0.243324 -1.441565 -1.004922 1.774031
11.611612 -0.221563 -1.458431 -0.961900 1.761069
11.711712 -0.199580 -1.473719 -0.917878 1.747621
11.811812 -0.177388 -1.487334 -0.872852 1.733638
11.911912 -0.155002 -1.499173 -0.826823 1.719064
12.012012 -0.132442 -1.509176 -0.779820 1.703899
12.112112 -0.109733 -1.517274 -0.731870 1.688134
12.212212 -0.086898 -1.523394 -0.683003 1.671758
12.312312 -0.063963 -1.527482 -0.633263 1.654785
12.412412 -0.040956 -1.529444 -0.582678 1.637189
12.512513 -0.017905 -1.529161 -0.531275 1.618921
12.612613 0.005156 -1.526488 -0.479078 1.599908
12.712713 0.028193 -1.521307 -0.426131 1.580113
12.812813 0.051165 -1.513491 -0.372483 1.559492
12.912913 0.074026 -1.502907 -0.318191 1.538003
13.013013 0.096732 -1.489495 -0.263336 1.515684
13.113113 0.119232 -1.473167 -0.208003 1.492549
13.213213 0.141465 -1.453753 -0.152271 1.468535
13.313313 0.163365 -1.431088 -0.096237 1.443593
13.413413 0.184862 -1.405051 -0.040015 1.417725
13.513514 0.205884 -1.375528 0.016268 1.390945
13.613614 0.226337 -1.342329 0.072468 1.363205
13.713714 0.246121 -1.305268 0.128418 1.334463
13.813814 0.265121 -1.264147 0.183927 1.304679
13.913914 0.283222 -1.218835 0.238785 1.273888
14.014014 0.300322 -1.169296 0.292771 1.242241
14.114114 0.316286 -1.115415 0.345623 1.209811
14.214214 0.330960 -1.057059 0.397041 1.176669
14.314314 0.344172 -0.994109 0.446682 1.142905
14.414414 0.355705 -0.926382 0.494121 1.108542
14.514515 0.365314 -0.853712 0.538864 1.073616
14.614615 0.372722 -0.775970 0.580339 1.038193
14.714715 0.377622 -0.693072 0.617885 1.002362
14.814815 0.379653 -0.604981 0.650717 0.966215
14.914915 0.378433 -0.511778 0.677953 0.929919
15.015015 0.373577 -0.413729 0.698652 0.893782
15.115115 0.364621 -0.311217 0.711658 0.858057
15.215215 0.351134 -0.204914 0.715798 0.823196
15.315315 0.332652 -0.095788 0.709724 0.789646
15.415415 0.308729 0.014812 0.692014 0.757902
15.515516 0.279103 0.125034 0.661485 0.728762
15.615616 0.243616 0.232506 0.617026 0.702943
15.715716 0.202405 0.334386 0.558028 0.681305
15.815816 0.155972 0.427481 0.484582 0.664745
15.915916 0.105184 0.508452 0.397544 0.653933
16.016016 0.051320 0.574340 0.298813 0.649453
16.116116 -0.004057 0.622951 0.191163 0.651635
16.216216 -0.059286 0.652942 0.077856 0.660235
16.316316 -0.112806 0.664216 -0.037661 0.674779
16.416416 -0.163325 0.657861 -0.152161 0.694701
16.516517 -0.209880 0.635569 -0.262959 0.719128
16.616617 -0.251864 0.599454 -0.368024 0.747143
16.716717 -0.288992 0.551801 -0.465989 0.777912
16.816817 -0.321189 0.494757 -0.555992 0.810601
16.916917 -0.348546 0.430283 -0.637611 0.844497
17.017017 -0.371267 0.360115 -0.710739 0.879017
17.117117 -0.389606 0.285729 -0.775468 0.913665
17.217217 -0.403885 0.208396 -0.832106 0.948131
17.317317 -0.414429 0.129172 -0.881037 0.982173
17.417417 -0.421519 0.048909 -0.922614 1.015523
17.517518 -0.425450 -0.031683 -0.957265 1.048031
17.617618 -0.426521 -0.112022 -0.985467 1.079636
17.717718 -0.425004 -0.191640 -1.007676 1.110300
17.817818 -0.421107 -0.270139 -1.024227 1.139889
17.917918 -0.414994 -0.347171 -1.035373 1.168223
18.018018 -0.406831 -0.422440 -1.041391 1.195183
18.118118 -0.396794 -0.495715 -1.042596 1.220732
18.218218 -0.385086 -0.566853 -1.039394 1.244971
18.318318 -0.371889 -0.635747 -1.032157 1.268000
18.418418 -0.357341 -0.702274 -1.021153 1.289820
18.518519 -0.341549 -0.766296 -1.006572 1.310364
18.618619 -0.324611 -0.827682 -0.988593 1.329566
18.718719 -0.306622 -0.886325 -0.967395 1.347383
18.818819 -0.287678 -0.942134 -0.943160 1.363791
18.918919 -0.267871 -0.995038 -0.916068 1.378780
19.019019 -0.247285 -1.044968 -0.886288 1.392342
19.119119 -0.226003 -1.091869 -0.853986 1.404474
19.219219 -0.204113 -1.135733 -0.819354 1.415235
19.319319 -0.181689 -1.176511 -0.782540 1.424626
19.419419 -0.158797 -1.214140 -0.743674 1.432621
19.519520 -0.135506 -1.248570 -0.702891 1.439217
19.619620 -0.111882 -1.279769 -0.660328 1.444423
19.719720 -0.087994 -1.307741 -0.616140 1.448295
19.819820 -0.063905 -1.332489 -0.570470 1.450878
19.919920 -0.039679 -1.353999 -0.523453 1.452202
20.020020 -0.015373 -1.372202 -0.475196 1.452235
20.120120 0.008954 -1.387090 -0.425827 1.451009
20.220220 0.033243 -1.398661 -0.375476 1.448565
20.320320 0.057435 -1.406840 -0.324252 1.444866
20.420420 0.081469 -1.411548 -0.272264 1.439873
20.520521 0.105283 -1.412737 -0.219633 1.433579
20.620621 0.128820 -1.410412 -0.166492 1.426036
20.720721 0.152017 -1.404543 -0.112968 1.417255
20.820821 0.174806 -1.395063 -0.059190 1.407218
20.920921 0.197120 -1.381919 -0.005294 1.395917
21.021021 0.218887 -1.365052 0.048580 1.383344
21.121121 0.240026 -1.344381 0.102282 1.369465
21.221221 0.260473 -1.319918 0.155658 1.354348
21.321321 0.280163 -1.291710 0.208555 1.338096
21.421421 0.299007 -1.259686 0.260796 1.320693
21.521522 0.316900 -1.223727 0.312181 1.302071
21.621622 0.333735 -1.183758 0.362503 1.282213
21.721722 0.349400 -1.139706 0.411531 1.261098
21.821822 0.363772 -1.091500 0.459015 1.238708
21.921922 0.376723 -1.039093 0.504686 1.215048
22.022022 0.388095 -0.982393 0.548223 1.190068
22.122122 0.397726 -0.921343 0.589281 1.163749
22.222222 0.405460 -0.855958 0.627511 1.136148
22.322322 0.411140 -0.786288 0.662542 1.107360
22.422422 0.414569 -0.712374 0.693931 1.077443
22.522523 0.415473 -0.634178 0.721072 1.046300
22.622623 0.413526 -0.551690 0.743247 1.013795
22.722723 0.408415 -0.465039 0.759714 0.979913
22.822823 0.399805 -0.374467 0.769655 0.944690
22.922923 0.387371 -0.280375 0.772213 0.908284
23.023023 0.370740 -0.183317 0.766382 0.870858
23.123123 0.349450 -0.084036 0.750895 0.832479
23.223223 0.323008 0.016393 0.724307 0.793236
23.323323 0.290981 0.116436 0.685163 0.753443
23.423423 0.253011 0.213969 0.631982 0.713582
23.523524 0.208922 0.306172 0.563467 0.674451
23.623624 0.158918 0.389507 0.478936 0.637456
23.723724 0.103622 0.459561 0.378356 0.604224
23.823824 0.044308 0.511340 0.262959 0.576697
23.923924 -0.016920 0.539986 0.135867 0.557074
24.024024 -0.077247 0.541866 0.002178 0.547348
24.124124 -0.133486 0.515431 -0.131510 0.548436
24.224224 -0.182703 0.461931 -0.258262 0.559875
24.324324 -0.222862 0.385497 -0.372221 0.580366
24.424424 -0.253149 0.291908 -0.469720 0.608220
24.524525 -0.273823 0.187162 -0.549403 0.641757
24.624625 -0.285713 0.076364 -0.611476 0.679240
24.724725 -0.289893 -0.036524 -0.657060 0.719097
24.824825 -0.287549 -0.148610 -0.687864 0.760215
24.924925 -0.279820 -0.257914 -0.705784 0.801841
25.025025 -0.267650 -0.363106 -0.712496 0.843287
25.125125 -0.251828 -0.463317 -0.709481 0.883993
25.225225 -0.233025 -0.558001 -0.698051 0.923548
25.325325 -0.211814 -0.646873 -0.679394 0.961709
25.425425 -0.188705 -0.729890 -0.654631 0.998444
25.525526 -0.164116 -0.807106 -0.624709 1.033739
25.625626 -0.138383 -0.878599 -0.590400 1.067548
25.725726 -0.111774 -0.944404 -0.552312 1.099746
25.825826 -0.084519 -1.004608 -0.510990 1.130262
25.925926 -0.056829 -1.059420 -0.466963 1.159161
26.026026 -0.028871 -1.108918 -0.420635 1.186367
26.126126 -0.000794 -1.153127 -0.372339 1.211751
26.226226 0.027271 -1.192181 -0.322415 1.235310
26.326326 0.055207 -1.226289 -0.271189 1.257130
26.426426 0.082914 -1.255667 -0.218953 1.277307
26.526527 0.110300 -1.280433 -0.165949 1.295845
26.626627 0.137281 -1.300684 -0.112395 1.312729
26.726727 0.163776 -1.316486 -0.058493 1.327923
26.826827 0.189710 -1.327902 -0.004430 1.341393
26.926927 0.215024 -1.335085 0.049612 1.353200
27.027027 0.239657 -1.338141 0.103465 1.363364
27.127127 0.263539 -1.337090 0.156966 1.371824
27.227227 0.286608 -1.331993 0.209956 1.378561
27.327327 0.308807 -1.322930 0.262285 1.383582
27.427427 0.330082 -1.309980 0.313808 1.386894
27.527528 0.350383 -1.293225 0.364383 1.388515
27.627628 0.369655 -1.272735 0.413869 1.388448
27.727728 0.387843 -1.248572 0.462122 1.386691
27.827828 0.404904 -1.220835 0.509015 1.383286
27.927928 0.420772 -1.189553 0.554390 1.378199
28.028028 0.435346 -1.154669 0.598044 1.371293
28.128128 0.448547 -1.116191 0.639795 1.362503
28.228228 0.460317 -1.074201 0.679491 1.351853
28.328328 0.470609 -1.028807 0.716989 1.339399
28.428428 0.479353 -0.980077 0.752115 1.325144
28.528529 0.486449 -0.928022 0.784639 1.309013
28.628629 0.491790 -0.872664 0.814319 1.290936
28.728729 0.495314 -0.814124 0.840975 1.270973
28.828829 0.496969 -0.752556 0.864445 1.249233
28.928929 0.496671 -0.688074 0.884504 1.225755
29.029029 0.494313 -0.620781 0.900880 1.200541
29.129129 0.489767 -0.550786 0.913254 1.173571
29.229229 0.482899 -0.478224 0.921285 1.144839
29.329329 0.473577 -0.403276 0.924618 1.114372
29.429429 0.461656 -0.326163 0.922862 1.082212
29.529530 0.446973 -0.247147 0.915570 1.048397
29.629630 0.429347 -0.166554 0.902233 1.012968
29.729730 0.408590 -0.084801 0.882298 0.976005
29.829830 0.384473 -0.002411 0.855091 0.937553
29.929930 0.356740 0.079935 0.819818 0.897638
30.030030 0.325177 0.161352 0.775720 0.856456
30.130130 0.289626 0.240706 0.722082 0.814386
30.230230 0.249957 0.316535 0.658144 0.771898
30.330330 0.206091 0.386919 0.583115 0.729523
30.430430 0.158126 0.449435 0.496431 0.688069
30.530531 0.106374 0.500914 0.397771 0.648422
30.630631 0.051538 0.537444 0.287442 0.611658
30.730731 -0.005040 0.554894 0.167103 0.579531
30.830831 -0.061322 0.549309 0.040020 0.554168
30.930931 -0.114640 0.517846 -0.088781 0.537763
31.031031 -0.162064 0.460011 -0.212936 0.532180
31.131131 -0.201107 0.378435 -0.326064 0.538493
31.231231 -0.230215 0.278162 -0.423084 0.556213
31.331331 -0.249016 0.165366 -0.501186 0.583560
31.431431 -0.258200 0.046116 -0.559952 0.618337
31.531532 -0.259005 -0.074692 -0.600567 0.658288
31.631632 -0.252894 -0.193552 -0.625160 0.701600
31.731732 -0.241304 -0.308250 -0.636220 0.747009
31.831832 -0.225485 -0.417553 -0.636131 0.793635
31.931932 -0.206448 -0.520889 -0.626964 0.840851
32.032032 -0.184993 -0.618092 -0.610441 0.888199
32.132132 -0.161726 -0.709187 -0.587920 0.935282
32.232232 -0.137121 -0.794348 -0.560515 0.981819
32.332332 -0.111557 -0.873865 -0.529162 1.027667
32.432432 -0.085325 -0.948011 -0.494595 1.072674
32.532533 -0.058649 -1.017041 -0.457395 1.116702
32.632633 -0.031710 -1.081248 -0.418062 1.159689
32.732733 -0.004654 -1.140871 -0.376993 1.201554
32.832833 0.022406 -1.196193 -0.334536 1.242294
32.932933 0.049374 -1.247483 -0.290986 1.281922
33.033033 0.076177 -1.294979 -0.246584 1.320446
33.133133 0.102755 -1.338907 -0.201535 1.357883
33.233233 0.129054 -1.379387 -0.156001 1.394167
33.333333 0.155027 -1.416545 -0.110123 1.429252
33.433433 0.180638 -1.450518 -0.064030 1.463124
33.533534 0.205856 -1.481448 -0.017833 1.495789
33.633634 0.230660 -1.509500 0.028368 1.527285
33.733734 0.255024 -1.534765 0.074485 1.557591
33.833834 0.278919 -1.557289 0.120438 1.586648
33.933934 0.302327 -1.577171 0.166156 1.614459
34.034034 0.325245 -1.594566 0.211583 1.641095
34.134134 0.347675 -1.609637 0.256672 1.666640
34.234234 0.369618 -1.622512 0.301381 1.691151
34.334334 0.391071 -1.633295 0.345671 1.714665
34.434434 0.412025 -1.642054 0.389503 1.737187
34.534535 0.432464 -1.648807 0.432829 1.758673
34.634635 0.452373 -1.653596 0.475610 1.779108
34.734735 0.471754 -1.656502 0.517820 1.798524
34.834835 0.490603 -1.657590 0.559431 1.816937
34.934935 0.508917 -1.656911 0.600415 1.834352
35.035035 0.526688 -1.654512 0.640747 1.850775
35.135135 0.543909 -1.650425 0.680394 1.866193
35.235235 0.560558 -1.644648 0.719314 1.880559
35.335335 0.576623 -1.637195 0.757471 1.893849
35.435435 0.592105 -1.628128 0.794849 1.906089
35.535536 0.607016 -1.617525 0.831448 1.917331
35.635636 0.621371 -1.605481 0.867275 1.927651
35.735736 0.635181 -1.592063 0.902328 1.937089
35.835836 0.648433 -1.577285 0.936578 1.945628
35.935936 0.661123 -1.561173 0.970004 1.953267
36.036036 0.673254 -1.543776 1.002599 1.960030
36.136136 0.684837 -1.525157 1.034368 1.965966
36.236236 0.695875 -1.505356 1.065301 1.971093
36.336336 0.706358 -1.484389 1.095376 1.975399
36.436436 0.716282 -1.462279 1.124573 1.978885
36.536537 0.725643 -1.439052 1.152876 1.981554
36.636637 0.734444 -1.414745 1.180278 1.983423
36.736737 0.742687 -1.389393 1.206774 1.984515
36.836837 0.750367 -1.363022 1.232346 1.984832
36.936937 0.757465 -1.335622 1.256952 1.984330
37.037037 0.763971 -1.307208 1.280566 1.983001
37.137137 0.769869 -1.277785 1.303151 1.980817
37.237237 0.775147 -1.247362 1.324677 1.977760
37.337337 0.779800 -1.215963 1.345126 1.973833
37.437437 0.783814 -1.183595 1.364462 1.969015
37.537538 0.787164 -1.150255 1.382634 1.963260
37.637638 0.789835 -1.115952 1.399604 1.956548
37.737738 0.791822 -1.080710 1.415353 1.948882
37.837838 0.793111 -1.044545 1.429845 1.940246
37.937938 0.793687 -1.007469 1.443041 1.930622
38.038038 0.793531 -0.969492 1.454898 1.919983
38.138138 0.792616 -0.930616 1.465354 1.908284
38.238238 0.790920 -0.890852 1.474358 1.895496
38.338338 0.788430 -0.850221 1.481872 1.881607
38.438438 0.785115 -0.808730 1.487827 1.866569
38.538539 0.780943 -0.766384 1.492148 1.850330
38.638639 0.775894 -0.723205 1.494784 1.832871
38.738739 0.769936 -0.679208 1.495660 1.814145
38.838839 0.763044 -0.634416 1.494714 1.794126
38.938939 0.755232 -0.588887 1.491954 1.772876
39.039039 0.746492 -0.542664 1.487352 1.750414
39.139139 0.736803 -0.495780 1.480851 1.726730
39.239239 0.726142 -0.448271 1.472388 1.701809
39.339339 0.714479 -0.400174 1.461882 1.675624
39.439439 0.701781 -0.351526 1.449247 1.648145
39.539540 0.688024 -0.302379 1.434417 1.619371
39.639640 0.673181 -0.252786 1.417313 1.589292
39.739740 0.657189 -0.202793 1.397779 1.557822
39.839840 0.639983 -0.152457 1.375653 1.524875
39.939940 0.621529 -0.101858 1.350835 1.490446
40.040040 0.601805 -0.051083 1.323245 1.454564
40.140140 0.580745 -0.000231 1.292707 1.417165
40.240240 0.558267 0.050586 1.259000 1.378152
40.340340 0.534286 0.101229 1.221889 1.337431
40.440440 0.508706 0.151530 1.181111 1.294900
40.540541 0.481420 0.201280 1.136359 1.250436
40.640641 0.452311 0.250225 1.087290 1.203909
40.740741 0.421256 0.298044 1.033527 1.155191
40.840841 0.388094 0.344319 0.974577 1.104072
40.940941 0.352640 0.388501 0.909852 1.050295
41.041041 0.314737 0.429919 0.838788 0.993708
41.141141 0.274250 0.467728 0.760812 0.934247
41.241241 0.231051 0.500814 0.675279 0.871895
41.341341 0.185017 0.527620 0.581420 0.806637
41.441441 0.136083 0.545958 0.478382 0.738538
41.541542 0.084349 0.552717 0.365390 0.667923
41.641642 0.030277 0.543413 0.242032 0.595646
41.741742 -0.024882 0.511545 0.109003 0.523621
41.841842 -0.078214 0.447908 -0.030168 0.455685
41.941942 -0.123708 0.342045 -0.165463 0.399595
42.042042 -0.151574 0.189387 -0.276553 0.367864
42.142142 -0.152562 0.003938 -0.338348 0.371174
42.242242 -0.127038 -0.183019 -0.341611 0.407839
42.342342 -0.084296 -0.346860 -0.299116 0.465712
42.442442 -0.033638 -0.480150 -0.229182 0.533104
42.542543 0.019226 -0.584980 -0.145192 0.603036
42.642643 0.071405 -0.665954 -0.055060 0.672030
42.742743 0.121554 -0.727573 0.036773 0.738573
42.842843 0.169099 -0.773496 0.127854 0.802021
42.942943 0.213849 -0.806610 0.216830 0.862187
43.043043 0.255770 -0.829070 0.302931 0.918990
43.143143 0.294907 -0.842531 0.385726 0.972427
43.243243 0.331353 -0.848340 0.464991 1.022591
43.343343 0.365191 -0.847509 0.540583 1.069517
43.443443 0.396542 -0.840941 0.612484 1.113357
43.543544 0.425575 -0.829491 0.680792 1.154403
43.643644 0.452422 -0.813820 0.745593 1.192853
43.743744 0.477181 -0.794425 0.806939 1.228806
43.843844 0.499927 -0.771717 0.864873 1.262331
43.943944 0.520726 -0.746037 0.919425 1.293472
44.044044 0.539636 -0.717685 0.970632 1.322273
44.144144 0.556745 -0.686970 1.018588 1.348856
44.244244 0.572129 -0.654159 1.063377 1.373326
44.344344 0.585833 -0.619460 1.105035 1.395720
44.444444 0.597904 -0.583067 1.143602 1.416079
44.544545 0.608371 -0.545140 1.179090 1.434415
44.644645 0.617271 -0.505841 1.211532 1.450762
44.744745 0.624678 -0.465349 1.241033 1.465242
44.844845 0.630639 -0.423810 1.267652 1.477925
44.944945 0.635173 -0.381343 1.291391 1.488811
45.045045 0.638307 -0.338066 1.312274 1.497928
45.145145 0.640066 -0.294091 1.330323 1.505302
45.245245 0.640465 -0.249523 1.345535 1.510934
45.345345 0.639492 -0.204451 1.357853 1.514766
45.445445 0.637139 -0.158968 1.367232 1.516753
45.545546 0.633406 -0.113173 1.373638 1.516869
45.645646 0.628311 -0.067164 1.377082 1.515137
45.745746 0.621871 -0.021044 1.377568 1.511575
45.845846 0.614096 0.025090 1.375084 1.506187
45.945946 0.605003 0.071138 1.369642 1.499003
46.046046 0.594583 0.116997 1.361184 1.489980
46.146146 0.582817 0.162558 1.349633 1.479057
46.246246 0.569702 0.207709 1.334948 1.466217
46.346346 0.555225 0.252328 1.317060 1.451411
46.446446 0.539366 0.296284 1.295883 1.434578
46.546547 0.522120 0.339442 1.271362 1.415694
46.646647 0.503472 0.381649 1.243413 1.394710
46.746747 0.483386 0.422727 1.211901 1.371519
46.846847 0.461835 0.462483 1.176702 1.346035
46.946947 0.438809 0.500721 1.137734 1.318224
47.047047 0.414295 0.537215 1.094892 1.288033
47.147147 0.388254 0.571680 1.047999 1.255333
47.247247 0.360647 0.603788 0.996862 1.219984
47.347347 0.331442 0.633164 0.941289 1.181853
47.447447 0.300606 0.659362 0.881065 1.140788
47.547548 0.268106 0.681842 0.815942 1.096608
47.647648 0.233918 0.699947 0.745656 1.049117
47.747748 0.198016 0.712824 0.669872 0.998027
47.847848 0.160389 0.719374 0.588219 0.942987
47.947948 0.121085 0.718230 0.500356 0.883670
48.048048 0.080233 0.707663 0.406020 0.819803
48.148148 0.038107 0.685433 0.305102 0.751237
48.248248 -0.004770 0.648554 0.197803 0.678064
48.348348 -0.047419 0.592994 0.085008 0.600930
48.448448 -0.087946 0.512870 -0.030956 0.521275
48.548549 -0.122601 0.400224 -0.144301 0.442756
48.648649 -0.144034 0.246612 -0.241379 0.373934
48.748749 -0.140352 0.052659 -0.295510 0.331358
48.848849 -0.103119 -0.152382 -0.278521 0.333808
48.948949 -0.041253 -0.323285 -0.195725 0.380162
49.049049 0.028233 -0.443054 -0.079533 0.451021
49.149149 0.095491 -0.519838 0.045514 0.530492
49.249249 0.157284 -0.565631 0.168352 0.610753
49.349349 0.213075 -0.589475 0.284884 0.688506
49.449449 0.263190 -0.597483 0.393870 0.762489
49.549550 0.308160 -0.593770 0.495170 0.832297
49.649650 0.348497 -0.581126 0.589027 0.897837
49.749750 0.384699 -0.561596 0.675892 0.959277
49.849850 0.417233 -0.536729 0.756305 1.016936
49.949950 0.446460 -0.507636 0.830717 1.071033
50.050050 0.472634 -0.475099 0.899438 1.121646
50.150150 0.495962 -0.439731 0.962734 1.168846
50.250250 0.516654 -0.402055 1.020904 1.212775
50.350350 0.534901 -0.362507 1.074233 1.253597
50.450450 0.550883 -0.321452 1.123002 1.291486
50.550551 0.564760 -0.279199 1.167471 1.326610
50.650651 0.576662 -0.236001 1.207848 1.359093
50.750751 0.586693 -0.192066 1.244297 1.389018
50.850851 0.594954 -0.147582 1.276984 1.416488
50.950951 0.601539 -0.102712 1.306061 1.441594
51.051051 0.606516 -0.057598 1.331637 1.464390
51.151151 0.609947 -0.012368 1.353812 1.484922
51.251251 0.611869 0.032863 1.372624 1.503183
51.351351 0.612301 0.077983 1.388086 1.519137
51.451451 0.611319 0.122893 1.400333 1.532888
51.551552 0.609006 0.167504 1.409520 1.544569
51.651652 0.605404 0.211731 1.415716 1.554219
51.751752 0.600545 0.255486 1.418961 1.561851
51.851852 0.594464 0.298690 1.419308 1.567495
51.951952 0.587204 0.341269 1.416830 1.571203
52.052052 0.578812 0.383159 1.411611 1.573048
52.152152 0.569337 0.424298 1.403740 1.573105
52.252252 0.558815 0.464623 1.393274 1.571420
52.352352 0.547261 0.504057 1.380228 1.567992
52.452452 0.534692 0.542521 1.364610 1.562813
52.552553 0.521142 0.579953 1.346474 1.555933
52.652653 0.506634 0.616283 1.325854 1.547376
52.752753 0.491177 0.651421 1.302737 1.537116
52.852853 0.474782 0.685276 1.277122 1.525143
52.952953 0.457457 0.717748 1.248990 1.511425
53.053053 0.439211 0.748733 1.218329 1.495939
53.153153 0.420067 0.778146 1.185167 1.478711
53.253253 0.400033 0.805863 1.149477 1.459705
53.353353 0.379114 0.831750 1.111229 1.438876
53.453453 0.357321 0.855669 1.070402 1.416195
53.553554 0.334646 0.877424 1.026918 1.391554
53.653654 0.311081 0.896785 0.980682 1.364819
53.753754 0.286625 0.913520 0.931619 1.335884
53.853854 0.261307 0.927442 0.879734 1.304746
53.953954 0.235163 0.938361 0.825045 1.271426
54.054054 0.208214 0.945984 0.767504 1.235841
54.154154 0.180473 0.949915 0.707012 1.197821
54.254254 0.151972 0.949743 0.643512 1.157245
54.354354 0.122769 0.945055 0.576997 1.114058
54.454454 0.092926 0.935284 0.507427 1.068117
54.554555 0.062534 0.919759 0.434782 1.019266
54.654655 0.031720 0.897683 0.359093 0.967362
54.754755 0.000665 0.868073 0.280446 0.912251
54.854855 -0.030369 0.829722 0.199038 0.853802
54.954955 -0.060992 0.781063 0.115232 0.791870
55.055055 -0.090612 0.720099 0.029704 0.726385
55.155155 -0.118288 0.644160 -0.056308 0.657347
55.255255 -0.142516 0.549921 -0.140526 0.585210
55.355355 -0.160788 0.433313 -0.218676 0.511304
55.455455 -0.168738 0.289791 -0.282495 0.438469
55.555556 -0.159253 0.117760 -0.316664 0.373504
55.655656 -0.123392 -0.071552 -0.297675 0.330084
55.755756 -0.058640 -0.241993 -0.208304 0.324638
55.855856 0.021176 -0.352781 -0.066233 0.359569
55.955956 0.097995 -0.397957 0.090256 0.419665
56.056056 0.163734 -0.395588 0.237357 0.489527
56.156156 0.217496 -0.363453 0.367361 0.560675
56.256256 0.260590 -0.313165 0.479453 0.629170
56.356356 0.294677 -0.251906 0.575018 0.693496
56.456456 0.321212 -0.184133 0.655867 0.753156
56.556557 0.341346 -0.112672 0.723652 0.808013
56.656657 0.356056 -0.039418 0.779938 0.858273
56.756757 0.366155 0.034334 0.826122 0.904282
56.856857 0.372242 0.107687 0.863245 0.946231
56.956957 0.374797 0.179992 0.892168 0.984294
57.057057 0.374234 0.250769 0.913659 1.018680
57.157157 0.370899 0.319656 0.928374 1.049583
57.257257 0.365091 0.386375 0.936886 1.077188
57.357357 0.357055 0.450697 0.939668 1.101632
57.457457 0.346988 0.512414 0.937091 1.122990
57.557558 0.335064 0.571346 0.929487 1.141337
57.657658 0.321441 0.627331 0.917151 1.156734
57.757758 0.306260 0.680229 0.900356 1.169251
57.857858 0.289658 0.729919 0.879369 1.178971
57.957958 0.271751 0.776262 0.854399 1.185930
58.058058 0.252642 0.819112 0.825632 1.190143
58.158158 0.232440 0.858351 0.793269 1.191667
58.258258 0.211250 0.893873 0.757515 1.190573
58.358358 0.189168 0.925538 0.718535 1.186886
58.458458 0.166285 0.953198 0.676485 1.180622
58.558559 0.142690 0.976670 0.631504 1.171769
58.658659 0.118469 0.995738 0.583714 1.160280
58.758759 0.093712 1.010154 0.533237 1.146096
58.858859 0.068517 1.019652 0.480201 1.129149
58.958959 0.042986 1.023909 0.424737 1.109342
59.059059 0.017236 1.022506 0.366965 1.086499
59.159159 -0.008598 1.015072 0.307067 1.060535
59.259259 -0.034360 1.001200 0.245262 1.031376
59.359359 -0.059864 0.980385 0.181797 0.998894
59.459459 -0.084895 0.952124 0.116995 0.963034
59.559560 -0.109177 0.915719 0.051241 0.923627
59.659660 -0.132359 0.870279 -0.014966 0.880414
59.759760 -0.153980 0.814758 -0.080938 0.833122
59.859860 -0.173415 0.747847 -0.145704 0.781395
59.959960 -0.189804 0.667984 -0.207852 0.724866
60.060060 -0.201974 0.573473 -0.265315 0.663368
60.160160 -0.208265 0.462521 -0.314975 0.597084
60.260260 -0.206173 0.333319 -0.351841 0.526688
60.360360 -0.191842 0.184925 -0.367625 0.454036
60.460460 -0.159477 0.020294 -0.348486 0.383781
60.560561 -0.102488 -0.145188 -0.274803 0.327262
60.660661 -0.021160 -0.272170 -0.134568 0.304357
60.760761 0.066492 -0.317197 0.046081 0.327351
60.860861 0.138843 -0.283326 0.218024 0.383517
60.960961 0.189940 -0.203643 0.357376 0.453062
61.061061 0.222986 -0.103613 0.463087 0.524316
61.161161 0.242422 0.003196 0.540676 0.592545
61.261261 0.251768 0.110077 0.595829 0.656137
61.361361 0.253428 0.213689 0.632822 0.714390
61.461461 0.249097 0.312292 0.654868 0.767090
61.561562 0.240028 0.404961 0.664458 0.814317
61.661662 0.227171 0.491230 0.663562 0.856287
61.761762 0.211293 0.570944 0.653833 0.893375
61.861862 0.192977 0.644025 0.636546 0.925851
61.961962 0.172684 0.710459 0.612722 0.953939
62.062062 0.150810 0.770322 0.583266 0.977926
62.162162 0.127666 0.823615 0.548874 0.997949
62.262262 0.103509 0.870258 0.510087 1.014027
62.362362 0.078570 0.910193 0.467405 1.026203
62.462462 0.053064 0.943367 0.421287 1.034524
62.562563 0.027191 0.969736 0.372165 1.039055
62.662663 0.001141 0.989258 0.320451 1.039866
62.762763 -0.024901 1.001845 0.266525 1.036990
62.862863 -0.050752 1.007409 0.210766 1.030471
62.962963 -0.076226 1.005792 0.153541 1.020296
63.063063 -0.101121 0.996767 0.095222 1.006398
63.163163 -0.125224 0.980106 0.036211 0.988737
63.263263 -0.148302 0.955555 -0.023051 0.967270
63.363363 -0.170088 0.922803 -0.082074 0.941929
63.463463 -0.190254 0.881374 -0.140279 0.912521
63.563564 -0.208410 0.830738 -0.196968 0.878838
63.663664 -0.224100 0.770371 -0.251293 0.840738
63.763764 -0.236756 0.699678 -0.302185 0.798072
63.863864 -0.245624 0.617907 -0.348204 0.750591
63.963964 -0.249744 0.524312 -0.387454 0.698137
64.064064 -0.247830 0.418208 -0.417290 0.640663
64.164164 -0.238051 0.299048 -0.433815 0.578181
64.264264 -0.217815 0.167089 -0.431175 0.511149
64.364364 -0.183467 0.024908 -0.400405 0.441140
64.464464 -0.130435 -0.118549 -0.328455 0.372760
64.564565 -0.055796 -0.239361 -0.201127 0.317583
64.664665 0.032616 -0.292951 -0.021538 0.295547
64.764765 0.110261 -0.249637 0.165225 0.319022
64.864865 0.159356 -0.137697 0.310488 0.375177
64.964965 0.182010 -0.000642 0.404960 0.443983
65.065065 0.186256 0.137582 0.458834 0.513954
65.165165 0.178520 0.267510 0.483365 0.580580
65.265265 0.162850 0.385812 0.486501 0.641914
65.365365 0.141819 0.491583 0.473676 0.697234
65.465465 0.117182 0.584925 0.448829 0.746537
65.565566 0.090135 0.666269 0.414760 0.789978
65.665666 0.061550 0.736227 0.373611 0.827892
65.765766 0.032065 0.795310 0.326962 0.860495
65.865866 0.002170 0.843962 0.276048 0.887963
65.965966 -0.027739 0.882547 0.221869 0.910431
66.066066 -0.057331 0.911441 0.165282 0.928079
66.166166 -0.086319 0.930965 0.107026 0.941064
66.266266 -0.114443 0.941327 0.047748 0.949459
66.366366 -0.141460 0.942702 -0.011951 0.953332
66.466466 -0.167133 0.935218 -0.071505 0.952722
66.566567 -0.191225 0.918983 -0.130353 0.947675
66.666667 -0.213491 0.894054 -0.187930 0.938205
66.766767 -0.233669 0.860457 -0.243645 0.924311
66.866867 -0.251462 0.818150 -0.296850 0.905937
66.966967 -0.266531 0.767051 -0.346816 0.882999
67.067067 -0.278484 0.707054 -0.392705 0.855392
67.167167 -0.286824 0.637958 -0.433474 0.822896
67.267267 -0.290953 0.559574 -0.467855 0.785280
67.367367 -0.290146 0.471784 -0.494271 0.742340
67.467467 -0.283482 0.374573 -0.510677 0.693871
67.567568 -0.269734 0.268137 -0.514277 0.639636
67.667668 -0.247313 0.153264 -0.501284 0.579602
67.767768 -0.214200 0.032058 -0.466522 0.514346
67.867868 -0.167760 -0.090582 -0.402556 0.445421
67.967968 -0.105207 -0.203259 -0.299518 0.376953
68.068068 -0.026401 -0.280980 -0.149067 0.319167
68.168168 0.057831 -0.283173 0.037734 0.291471
68.268268 0.122349 -0.190149 0.211251 0.309439
68.368368 0.152572 -0.040377 0.326660 0.362788
68.468468 0.155053 0.119254 0.383482 0.430490
68.568569 0.140490 0.267203 0.398611 0.500026
68.668669 0.116274 0.397596 0.386608 0.566628
68.768769 0.086708 0.510185 0.356973 0.628679
68.868869 0.054308 0.606453 0.315785 0.685897
68.968969 0.020577 0.688077 0.266929 0.738325
69.069069 -0.013555 0.756436 0.212916 0.785947
69.169169 -0.047472 0.812854 0.155546 0.828963
69.269269 -0.080760 0.858598 0.096145 0.867730
69.369369 -0.113128 0.894665 0.035682 0.902495
69.469469 -0.144362 0.921845 -0.025113 0.933418
69.569570 -0.174299 0.940818 -0.085657 0.960654
69.669670 -0.202807 0.952149 -0.145478 0.984318
69.769770 -0.229785 0.956356 -0.204181 1.004544
69.869870 -0.255123 0.953799 -0.261407 1.021350
69.969970 -0.278742 0.944864 -0.316856 1.034825
70.070070 -0.300588 0.929971 -0.370273 1.045132
70.170170 -0.320587 0.909411 -0.421399 1.052322
70.270270 -0.338644 0.883388 -0.469958 1.056369
70.370370 -0.354674 0.852121 -0.515689 1.057279
70.470470 -0.368576 0.815787 -0.558313 1.055021
70.570571 -0.380203 0.774460 -0.597476 1.049437
70.670671 -0.389427 0.728280 -0.632851 1.040455
70.770771 -0.396130 0.677426 -0.664115 1.028044
70.870871 -0.400168 0.622055 -0.690898 1.012139
70.970971 -0.401399 0.562361 -0.712822 0.992716
71.071071 -0.399607 0.498475 -0.729362 0.969604
71.171171 -0.394543 0.430552 -0.739918 0.942612
71.271271 -0.385975 0.358850 -0.743888 0.911658
71.371371 -0.373590 0.283649 -0.740485 0.876553
71.471471 -0.356999 0.205309 -0.728726 0.837043
71.571572 -0.335777 0.124367 -0.707497 0.792948
71.671672 -0.309379 0.041586 -0.675335 0.743990
71.771772 -0.277087 -0.041886 -0.630277 0.689768
71.871872 -0.238105 -0.124209 -0.569955 0.630056
71.971972 -0.191469 -0.202303 -0.491236 0.564712
72.072072 -0.136130 -0.270761 -0.390047 0.493943
72.172172 -0.071450 -0.319534 -0.261738 0.419182
72.272272 0.000997 -0.329559 -0.103688 0.345487
72.372372 0.071566 -0.268552 0.073009 0.287354
72.472472 0.114746 -0.113005 0.219118 0.271936
72.572573 0.110552 0.091054 0.275359 0.310379
72.672673 0.073152 0.273411 0.250706 0.378098
72.772773 0.022788 0.412637 0.183333 0.452106
72.872873 -0.030183 0.512882 0.097631 0.522963
72.972973 -0.081505 0.582079 0.005622 0.587785
73.073073 -0.129488 0.626877 -0.086794 0.645969
73.173173 -0.173502 0.652289 -0.176607 0.697692
73.273273 -0.213370 0.662057 -0.262217 0.743373
73.373373 -0.249091 0.658948 -0.342734 0.783406
73.473473 -0.280758 0.645123 -0.417668 0.818202
73.573574 -0.308479 0.622255 -0.486726 0.848093
73.673674 -0.332326 0.591601 -0.549663 0.873248
73.773774 -0.352375 0.554216 -0.606308 0.893830
73.873874 -0.368691 0.510991 -0.656519 0.909979
73.973974 -0.381329 0.462701 -0.700171 0.921815
74.074074 -0.390350 0.410054 -0.737170 0.929482
74.174174 -0.395774 0.353665 -0.767366 0.933041
74.274274 -0.397628 0.294118 -0.790629 0.932581
74.374374 -0.395930 0.231981 -0.806819 0.928188
74.474474 -0.390626 0.167770 -0.815647 0.919791
74.574575 -0.381645 0.102019 -0.816783 0.907301
74.674675 -0.368938 0.035313 -0.809935 0.890706
74.774775 -0.352429 -0.031711 -0.794724 0.869941
74.874875 -0.331995 -0.098332 -0.770646 0.844858
74.974975 -0.307441 -0.163671 -0.736984 0.815140
75.075075 -0.278515 -0.226613 -0.692820 0.780336
75.175175 -0.244967 -0.285704 -0.637129 0.739979
75.275275 -0.206584 -0.339043 -0.568826 0.693678
75.375375 -0.163219 -0.384039 -0.486754 0.641137
75.475475 -0.114846 -0.416967 -0.389654 0.582135
75.575576 -0.061774 -0.432238 -0.276418 0.516772
75.675676 -0.005166 -0.420904 -0.146763 0.445787
75.775776 0.051441 -0.368559 -0.003929 0.372152
75.875876 0.098345 -0.254732 0.137061 0.305525
75.975976 0.114731 -0.068354 0.233433 0.268936
76.076076 0.083274 0.144812 0.231912 0.285811
76.176176 0.020723 0.310817 0.146015 0.344031
76.276276 -0.047697 0.413287 0.026639 0.416882
76.376376 -0.111199 0.467738 -0.097222 0.490506
76.476476 -0.167185 0.489497 -0.214859 0.560109
76.576577 -0.215645 0.488863 -0.322938 0.624323
76.676677 -0.257263 0.472582 -0.420816 0.683085
76.776777 -0.292741 0.444978 -0.508664 0.736507
76.876877 -0.322723 0.409002 -0.586966 0.784832
76.976977 -0.347785 0.366799 -0.656320 0.828403
77.077077 -0.368415 0.319934 -0.717304 0.867532
77.177177 -0.385053 0.269621 -0.770509 0.902577
77.277277 -0.398022 0.216765 -0.816365 0.933735
77.377377 -0.407586 0.162081 -0.855228 0.961151
77.477477 -0.413971 0.106161 -0.887413 0.984959
77.577578 -0.417326 0.049495 -0.913091 1.005160
77.677678 -0.417770 -0.007485 -0.932392 1.021735
77.777778 -0.415444 -0.064384 -0.945498 1.034749
77.877878 -0.410442 -0.120835 -0.952505 1.044188
77.977978 -0.402839 -0.176485 -0.953464 1.050010
78.078078 -0.392736 -0.231006 -0.948496 1.052259
78.178178 -0.380222 -0.284071 -0.937690 1.050965
78.278278 -0.365385 -0.335363 -0.921147 1.046177
78.378378 -0.348338 -0.384588 -0.899017 1.038017
78.478478 -0.329115 -0.431364 -0.871259 1.026393
78.578579 -0.307718 -0.475243 -0.837727 1.011105
78.678679 -0.284188 -0.515778 -0.798376 0.992066
78.778779 -0.258570 -0.552466 -0.753138 0.969172
78.878879 -0.230921 -0.584752 -0.701965 0.942345
78.978979 -0.201310 -0.611994 -0.644802 0.911500
79.079079 -0.169779 -0.633305 -0.581461 0.876354
79.179179 -0.136400 -0.647612 -0.511755 0.836600
79.279279 -0.101314 -0.653660 -0.435595 0.792009
79.379379 -0.064720 -0.649726 -0.352870 0.742192
79.479479 -0.026941 -0.633411 -0.263527 0.686572
79.579580 0.011439 -0.601570 -0.167858 0.624655
79.679680 0.049349 -0.549875 -0.066855 0.556118
79.779780 0.084750 -0.472011 0.036972 0.480983
79.879880 0.113369 -0.358421 0.137185 0.400172
79.979980 0.125856 -0.197023 0.216849 0.318875
80.080080 0.103481 0.012702 0.234437 0.256574
80.180180 0.031504 0.208692 0.137196 0.251729
80.280280 -0.059206 0.300215 -0.035319 0.308029
80.380380 -0.134634 0.300246 -0.203217 0.386745
80.480480 -0.189979 0.252639 -0.341719 0.465500
80.580581 -0.228911 0.182330 -0.450979 0.537611
80.680681 -0.255127 0.101566 -0.535292 0.601617
80.780781 -0.271274 0.016657 -0.598522 0.657339
80.880881 -0.279184 -0.068812 -0.643598 0.704910
80.980981 -0.280169 -0.152592 -0.672714 0.744529
81.081081 -0.275244 -0.233151 -0.687639 0.776509
81.181181 -0.265231 -0.309384 -0.689848 0.801222
81.281281 -0.250773 -0.380401 -0.680485 0.818933
81.381381 -0.232356 -0.445372 -0.660367 0.829716
81.481481 -0.210431 -0.503574 -0.630264 0.833727
81.581582 -0.185439 -0.554379 -0.590957 0.831237
81.681682 -0.157763 -0.597088 -0.543073 0.822394
81.781782 -0.127741 -0.630817 -0.487083 0.807154
81.881882 -0.095691 -0.654385 -0.423311 0.785219
81.981982 -0.061988 -0.666446 -0.352161 0.756313
82.082082 -0.027089 -0.665256 -0.274091 0.720018
82.182182 0.008398 -0.648637 -0.189754 0.675875
82.282282 0.043592 -0.613791 -0.100211 0.623443
82.382382 0.077130 -0.556802 -0.007239 0.562165
82.482482 0.106706 -0.472269 0.085767 0.491711
82.582583 0.128024 -0.352589 0.171681 0.412533
82.682683 0.132288 -0.188513 0.233901 0.328248
82.782783 0.101626 0.019257 0.232416 0.254394
82.882883 0.019804 0.205812 0.110226 0.234309
82.982983 -0.076936 0.263808 -0.086488 0.288087
83.083083 -0.148153 0.219853 -0.259146 0.370731
83.183183 -0.193524 0.134209 -0.387668 0.453597
83.283283 -0.220383 0.034735 -0.479427 0.528796
83.383383 -0.233941 -0.067212 -0.542369 0.594483
83.483483 -0.237611 -0.166494 -0.582443 0.650707
83.583584 -0.233742 -0.260575 -0.604066 0.698162
83.683684 -0.223940 -0.348069 -0.610364 0.737459
83.783784 -0.209363 -0.428142 -0.603645 0.769107
83.883884 -0.190903 -0.500257 -0.585728 0.793585
83.983984 -0.169254 -0.563975 -0.558011 0.811228
84.084084 -0.144973 -0.618868 -0.521601 0.822242
84.184184 -0.118529 -0.664451 -0.477385 0.826704
84.284284 -0.090341 -0.700144 -0.426107 0.824579
84.384384 -0.060830 -0.725438 -0.368541 0.815955
84.484484 -0.030413 -0.739668 -0.305404 0.800816
84.584585 0.000472 -0.741978 -0.237394 0.779030
84.684685 0.031322 -0.731308 -0.165291 0.750409
84.784785 0.061530 -0.706326 -0.090018 0.714693
84.884885 0.090303 -0.665327 -0.012791 0.671549
84.984985 0.116538 -0.606014 0.064672 0.620497
85.085085 0.138596 -0.525402 0.139679 0.561040
85.185185 0.153829 -0.419487 0.207627 0.492688
85.285285 0.157694 -0.283482 0.259938 0.415689
85.385385 0.141898 -0.114018 0.279235 0.333327
85.485485 0.092061 0.077803 0.229936 0.259614
85.585586 0.000541 0.222225 0.072620 0.233790
85.685686 -0.092674 0.228492 -0.132870 0.280093
85.785786 -0.152008 0.139595 -0.293519 0.358813
85.885886 -0.182364 0.020658 -0.399317 0.439474
85.985986 -0.193875 -0.101580 -0.464223 0.513234
86.086086 -0.193035 -0.217819 -0.499708 0.578287
86.186186 -0.183789 -0.324813 -0.513510 0.634803
86.286286 -0.168688 -0.421580 -0.510992 0.683592
86.386386 -0.149380 -0.507877 -0.495744 0.725270
86.486486 -0.126987 -0.583690 -0.470258 0.760239
86.586587 -0.102342 -0.649130 -0.436428 0.788868
86.686687 -0.076093 -0.704331 -0.395735 0.811467
86.786787 -0.048756 -0.749346 -0.349347 0.828215
86.886887 -0.020772 -0.784215 -0.298258 0.839275
86.986987 0.007465 -0.809048 -0.243381 0.844896
87.087087 0.035594 -0.823852 -0.185522 0.845232
87.187187 0.063270 -0.828525 -0.125415 0.840348
87.287287 0.090142 -0.822904 -0.063787 0.830280
87.387387 0.115831 -0.806641 -0.001377 0.814917
87.487487 0.139909 -0.779306 0.061008 0.794112
87.587588 0.161906 -0.740495 0.122447 0.767815
87.687688 0.181229 -0.689582 0.181822 0.735816
87.787788 0.197121 -0.625740 0.237716 0.697793
87.887888 0.208632 -0.548127 0.288281 0.653511
87.987988 0.214481 -0.455804 0.330971 0.602745
88.088088 0.212838 -0.347788 0.362027 0.545271
88.188188 0.200963 -0.223409 0.375563 0.480983
88.288288 0.174661 -0.083658 0.361923 0.410480
88.388388 0.127823 0.064433 0.305249 0.337145
88.488488 0.054090 0.194569 0.182936 0.272486
88.588589 -0.038522 0.241748 -0.008063 0.244931
88.688689 -0.110872 0.160845 -0.195119 0.276107
88.788789 -0.141437 0.012063 -0.310973 0.341839
88.888889 -0.142214 -0.142885 -0.362498 0.414784
88.988989 -0.126393 -0.282767 -0.372231 0.484240
89.089089 -0.101557 -0.403339 -0.355692 0.547278
89.189189 -0.071875 -0.505175 -0.322343 0.603550
89.289289 -0.039690 -0.589755 -0.277879 0.653149
89.389389 -0.006430 -0.658656 -0.225982 0.696374
89.489489 0.026974 -0.713435 -0.169227 0.733727
89.589590 0.059891 -0.755397 -0.109435 0.765629
89.689690 0.091882 -0.785735 -0.047970 0.792542
89.789790 0.122620 -0.805434 0.014124 0.814836
89.889890 0.151838 -0.815220 0.076020 0.832717
89.989990 0.179279 -0.815543 0.137003 0.846180
90.090090 0.204703 -0.806747 0.196425 0.855176
90.190190 0.227918 -0.789299 0.253710 0.859831
90.290290 0.248729 -0.763583 0.308301 0.860218
90.390390 0.266916 -0.729865 0.359623 0.856315
90.490490 0.282237 -0.688358 0.407066 0.848055
90.590591 0.294429 -0.639272 0.449981 0.835368
90.690691 0.303173 -0.582754 0.487610 0.818095
90.790791 0.308048 -0.518856 0.518997 0.795904
90.890891 0.308600 -0.447731 0.543082 0.768528
90.990991 0.304321 -0.369660 0.558644 0.735760
91.091091 0.294510 -0.284948 0.564028 0.697179
91.191191 0.278254 -0.194096 0.557038 0.652220
91.291291 0.254444 -0.098101 0.534885 0.600390
91.391391 0.221621 0.001167 0.493719 0.541180
91.491491 0.177780 0.100006 0.427889 0.474021
91.591592 0.120523 0.190473 0.329505 0.399223
91.691692 0.048138 0.254471 0.188937 0.320578
91.791792 -0.034292 0.250241 0.004082 0.252613
91.891892 -0.095779 0.122259 -0.173921 0.233172
91.991992 -0.099710 -0.083354 -0.248748 0.280652
92.092092 -0.064410 -0.265990 -0.228860 0.356758
92.192192 -0.015980 -0.401819 -0.164702 0.434558
92.292292 0.034506 -0.498163 -0.083278 0.506253
92.392392 0.083053 -0.564011 0.003630 0.570105
92.492492 0.128207 -0.606289 0.090558 0.626278
92.592593 0.169462 -0.629983 0.174782 0.675385
92.692693 0.206635 -0.638457 0.254808 0.717811
92.792793 0.239681 -0.634175 0.329746 0.753895
92.892893 0.268640 -0.619094 0.399059 0.784023
92.992993 0.293549 -0.594701 0.462346 0.808457
93.093093 0.314423 -0.562162 0.519270 0.827362
93.193193 0.331265 -0.522446 0.569525 0.840860
93.293293 0.344009 -0.476302 0.612724 0.848903
93.393393 0.352579 -0.424412 0.648477 0.851446
93.493493 0.356895 -0.367438 0.676393 0.848464
93.593594 0.356800 -0.305963 0.695938 0.839791
93.693694 0.352086 -0.240568 0.706458 0.825179
93.793794 0.342571 -0.171936 0.707334 0.804511
93.893894 0.328043 -0.100838 0.697841 0.777664
93.993994 0.308129 -0.028146 0.676871 0.744238
94.094094 0.282342 0.045007 0.642976 0.703677
94.194194 0.250144 0.117040 0.594452 0.655472
94.294294 0.210854 0.185601 0.529022 0.598975
94.394394 0.163596 0.246880 0.443515 0.533309
94.494494 0.107424 0.294107 0.333648 0.457559
94.594595 0.041994 0.314184 0.194449 0.371868
94.694695 -0.029263 0.278677 0.024416 0.281271
94.794795 -0.084034 0.132987 -0.144329 0.213490
94.894895 -0.070140 -0.109210 -0.191233 0.231120
94.994995 -0.004902 -0.294661 -0.105605 0.313052
95.095095 0.064998 -0.397101 0.017077 0.402748
95.195195 0.126984 -0.446094 0.139316 0.484287
95.295295 0.179657 -0.461365 0.251664 0.555400
95.395395 0.223605 -0.453923 0.351887 0.616336
95.495495 0.259659 -0.430339 0.439725 0.667812
95.595596 0.288554 -0.394852 0.515451 0.710536
95.695696 0.310825 -0.350295 0.579347 0.744958
95.795796 0.326826 -0.298685 0.631552 0.771288
95.895896 0.336814 -0.241600 0.672131 0.789667
95.995996 0.341028 -0.180399 0.701180 0.800311
96.096096 0.339632 -0.116260 0.718683 0.803350
96.196196 0.332770 -0.050283 0.724611 0.798952
96.296296 0.320558 0.016463 0.718875 0.787280
96.396396 0.302957 0.082881 0.701040 0.768186
96.496496 0.279920 0.147760 0.670606 0.741553
96.596597 0.251372 0.209656 0.626949 0.707254
96.696697 0.217067 0.266643 0.568895 0.664724
96.796797 0.176668 0.315986 0.494822 0.613113
96.896897 0.129845 0.353550 0.402662 0.551357
96.996997 0.076462 0.372613 0.289953 0.478288
97.097097 0.017230 0.360996 0.154366 0.392993
97.197197 -0.043482 0.294563 -0.002132 0.297763
97.297297 -0.085001 0.127614 -0.148207 0.213251
97.397397 -0.054099 -0.126539 -0.161094 0.211873
97.497497 0.028535 -0.292271 -0.030403 0.295230
97.597598 0.105635 -0.355693 0.120845 0.390231
97.697698 0.167544 -0.364149 0.255942 0.475586
97.797798 0.215919 -0.342304 0.370646 0.548791
97.897898 0.252976 -0.302243 0.466013 0.610340
97.997998 0.280394 -0.250554 0.543659 0.661032
98.098098 0.299436 -0.191340 0.605077 0.701706
98.198198 0.311011 -0.127346 0.651408 0.732992
98.298298 0.315777 -0.060575 0.683477 0.755331
98.398398 0.314185 0.007393 0.701775 0.768931
98.498498 0.306521 0.075185 0.706499 0.773789
98.598599 0.292965 0.141491 0.697631 0.769765
98.698699 0.273638 0.204960 0.675005 0.756649
98.798799 0.248605 0.264091 0.638282 0.734133
98.898899 0.217858 0.317066 0.586861 0.701712
98.998999 0.181375 0.361573 0.519950 0.658772
99.099099 0.139116 0.394358 0.436415 0.604425
99.199199 0.091082 0.410349 0.334627 0.537268
99.299299 0.037699 0.401098 0.212819 0.455624
99.399399 -0.018967 0.350633 0.070458 0.358145
99.499499 -0.069381 0.224294 -0.082367 0.248809
99.599600 -0.068447 -0.027108 -0.161080 0.177106
99.699700 0.021659 -0.239473 -0.028743 0.242162
99.799800 0.110090 -0.296633 0.149742 0.350048
99.899900 0.174500 -0.281777 0.297898 0.445636
100.000000 0.219837 -0.234768 0.413928 0.524195
