0.000000 -0.147600 -0.881269 0.427232 0.990428
0.100100 -0.086226 -0.908543 0.351249 0.977886
0.200200 -0.024001 -0.926615 0.271740 0.965937
0.300300 0.038453 -0.934939 0.189404 0.954706
0.400400 0.100467 -0.933083 0.105034 0.944336
0.500501 0.161330 -0.920744 0.019515 0.934975
0.600601 0.220311 -0.897787 -0.066202 0.926791
0.700701 0.276673 -0.864247 -0.151108 0.919948
0.800801 0.329654 -0.820219 -0.234148 0.914470
0.900901 0.378509 -0.765983 -0.314242 0.910356
1.001001 0.422590 -0.702130 -0.390361 0.907718
1.101101 0.461341 -0.629463 -0.461547 0.906689
1.201201 0.494243 -0.548854 -0.526871 0.907254
1.301301 0.520842 -0.461280 -0.585466 0.909300
1.401401 0.540768 -0.367831 -0.636553 0.912649
1.501502 0.553816 -0.269730 -0.679536 0.917189
1.601602 0.559913 -0.168272 -0.713982 0.922816
1.701702 0.559030 -0.064745 -0.739519 0.929298
1.801802 0.551251 0.039553 -0.755929 0.936413
1.901902 0.536802 0.143347 -0.763185 0.944010
2.002002 0.515971 0.245407 -0.761359 0.951902
2.102102 0.489176 0.344607 -0.750728 0.960020
2.202202 0.456895 0.439911 -0.731668 0.968304
2.302302 0.419655 0.530413 -0.704660 0.976726
2.402402 0.378055 0.615374 -0.670325 0.985366
2.502503 0.332673 0.694141 -0.629272 0.994227
2.602603 0.284105 0.766223 -0.582184 1.003370
2.702703 0.232938 0.831247 -0.529757 1.012854
2.802803 0.179713 0.888864 -0.472635 1.022624
2.902903 0.124947 0.938772 -0.411436 1.032562
3.003003 0.069144 0.980768 -0.346792 1.042570
3.103103 0.012789 1.014697 -0.279318 1.052517
3.203203 -0.043654 1.040506 -0.209628 1.062310
3.303303 -0.099750 1.058356 -0.138352 1.072012
3.403403 -0.155103 1.068478 -0.066086 1.081698
3.503504 -0.209353 1.071098 0.006626 1.091386
3.603604 -0.262171 1.066462 0.079273 1.101072
3.703704 -0.313255 1.054838 0.151380 1.110733
3.803804 -0.362345 1.036545 0.222510 1.120370
3.903904 -0.409211 1.011937 0.292264 1.129995
4.004004 -0.453655 0.981376 0.360278 1.139606
4.104104 -0.495501 0.945233 0.426219 1.149195
4.204204 -0.534578 0.903841 0.489769 1.158696
4.304304 -0.570706 0.857497 0.550609 1.167980
4.404404 -0.603775 0.806583 0.608491 1.177022
4.504505 -0.633695 0.751493 0.663191 1.185804
4.604605 -0.660346 0.692553 0.714463 1.194212
4.704705 -0.683636 0.630116 0.762092 1.202160
4.804805 -0.703497 0.564544 0.805892 1.209579
4.904905 -0.719916 0.496233 0.845742 1.216473
5.005005 -0.732906 0.425584 0.881558 1.222873
5.105105 -0.742493 0.352981 0.913274 1.228804
5.205205 -0.748711 0.278800 0.940841 1.234293
5.305305 -0.751593 0.203401 0.964209 1.239340
5.405405 -0.751158 0.127129 0.983317 1.243910
5.505506 -0.747441 0.050325 0.998120 1.247976
5.605606 -0.740513 -0.026672 1.008630 1.251562
5.705706 -0.730451 -0.103531 1.014865 1.254682
5.805806 -0.717303 -0.179927 1.016807 1.257297
5.905906 -0.701084 -0.255526 1.014387 1.259283
6.006006 -0.681835 -0.329994 1.007578 1.260559
6.106106 -0.659619 -0.402997 0.996375 1.261057
6.206206 -0.634508 -0.474204 0.980792 1.260723
6.306306 -0.606633 -0.543318 0.960931 1.259598
6.406406 -0.576162 -0.610076 0.936949 1.257788
6.506507 -0.543288 -0.674261 0.909053 1.255455
6.606607 -0.508184 -0.735643 0.877414 1.252708
6.706707 -0.470978 -0.793946 0.842138 1.249547
6.806807 -0.431808 -0.848899 0.803342 1.245972
6.906907 -0.390832 -0.900257 0.761172 1.242012
7.007007 -0.348196 -0.947742 0.715756 1.237643
7.107107 -0.304050 -0.991063 0.667223 1.232817
7.207207 -0.258575 -1.029993 0.615760 1.227561
7.307307 -0.211961 -1.064306 0.561561 1.221894
7.407407 -0.164403 -1.093801 0.504843 1.215852
7.507508 -0.116117 -1.118332 0.445857 1.209520
7.607608 -0.067309 -1.137673 0.384826 1.202880
7.707708 -0.018199 -1.151625 0.321994 1.195931
7.807808 0.030982 -1.160085 0.257648 1.188755
7.907908 0.079994 -1.162884 0.192068 1.181351
8.008008 0.128587 -1.159820 0.125542 1.173660
8.108108 0.176500 -1.150769 0.058390 1.165689
8.208208 0.223462 -1.135632 -0.009047 1.157444
8.308308 0.269188 -1.114300 -0.076413 1.148897
8.408408 0.313404 -1.086782 -0.143332 1.140114
8.508509 0.355840 -1.053153 -0.209422 1.131199
8.608609 0.396197 -1.013428 -0.274273 1.122156
8.708709 0.434152 -0.967609 -0.337449 1.112936
8.808809 0.469364 -0.915724 -0.398482 1.103467
8.908909 0.501520 -0.857914 -0.456908 1.093757
9.009009 0.530325 -0.794412 -0.512272 1.083862
9.109109 0.555500 -0.725508 -0.564121 1.073860
9.209209 0.576765 -0.651533 -0.611989 1.063806
9.309309 0.593875 -0.572895 -0.655442 1.053803
9.409409 0.606674 -0.490129 -0.694128 1.044076
9.509510 0.614974 -0.403759 -0.727658 1.034746
9.609610 0.618557 -0.314326 -0.755599 1.025838
9.709710 0.617234 -0.222430 -0.777538 1.017359
9.809810 0.610789 -0.128724 -0.793017 1.009211
9.909910 0.599048 -0.033934 -0.801611 1.001294
10.010010 0.581984 0.061127 -0.803074 0.993665
10.110110 0.559662 0.155605 -0.797274 0.986448
10.210210 0.532117 0.248592 -0.784023 0.979612
10.310310 0.499372 0.339111 -0.763101 0.972981
10.410410 0.461614 0.426191 -0.734510 0.966556
10.510511 0.419169 0.508903 -0.698448 0.960476
10.610611 0.372369 0.586281 -0.655120 0.954760
10.710711 0.321606 0.657370 -0.604805 0.949397
10.810811 0.267359 0.721282 -0.547926 0.944432
10.910911 0.210183 0.777225 -0.485026 0.939950
11.011011 0.150692 0.824523 -0.416761 0.936075
11.111111 0.089542 0.862645 -0.343884 0.932969
11.211211 0.027415 0.891157 -0.267203 0.930758
11.311311 -0.035000 0.909624 -0.187538 0.929414
11.411411 -0.097000 0.917763 -0.105768 0.928915
11.511512 -0.157888 0.915537 -0.022826 0.929332
11.611612 -0.216991 0.903063 0.060349 0.930725
11.711712 -0.273660 0.880531 0.142826 0.933072
11.811812 -0.327278 0.848239 0.223697 0.936302
11.911912 -0.377334 0.806756 0.302124 0.940487
12.012012 -0.423421 0.756823 0.377363 0.945764
12.112112 -0.465188 0.699199 0.448743 0.952181
12.212212 -0.502365 0.634705 0.515689 0.959769
12.312312 -0.534708 0.564135 0.577665 0.968431
12.412412 -0.562090 0.488351 0.634275 0.978129
12.512513 -0.584547 0.408311 0.685322 0.988979
12.612613 -0.602152 0.324904 0.730676 1.001018
12.712713 -0.614901 0.238903 0.770129 1.014039
12.812813 -0.622800 0.151040 0.803502 1.027769
12.912913 -0.625980 0.062056 0.830782 1.042066
13.013013 -0.624572 -0.027358 0.851966 1.056733
13.113113 -0.618702 -0.116552 0.867057 1.071524
13.213213 -0.608544 -0.204915 0.876133 1.086243
13.313313 -0.594333 -0.291889 0.879367 1.100780
13.413413 -0.576337 -0.376979 0.876996 1.115078
13.513514 -0.554845 -0.459758 0.869297 1.129119
13.613614 -0.530118 -0.539826 0.856522 1.142833
13.713714 -0.502378 -0.616796 0.838871 1.156082
13.813814 -0.471846 -0.690306 0.816551 1.168724
13.913914 -0.438738 -0.760011 0.789762 1.180607
14.014014 -0.403295 -0.825636 0.758763 1.191655
14.114114 -0.365773 -0.886962 0.723839 1.201846
14.214214 -0.326413 -0.943786 0.685268 1.211144
14.314314 -0.285440 -0.995893 0.643296 1.219471
14.414414 -0.243080 -1.043099 0.598182 1.226770
14.514515 -0.199573 -1.085323 0.550231 1.233090
14.614615 -0.155159 -1.122525 0.499755 1.238504
14.714715 -0.110048 -1.154564 0.447003 1.242956
14.814815 -0.064446 -1.181292 0.392216 1.246370
14.914915 -0.018562 -1.202581 0.335644 1.248680
15.015015 0.027392 -1.218347 0.277549 1.249862
15.115115 0.073207 -1.228570 0.218212 1.249944
15.215215 0.118677 -1.233244 0.157908 1.248963
15.315315 0.163600 -1.232386 0.096916 1.246970
15.415415 0.207769 -1.225958 0.035506 1.243946
15.515516 0.250987 -1.214004 -0.026045 1.239951
15.615616 0.293075 -1.196653 -0.087461 1.235120
15.715716 0.333848 -1.173994 -0.148468 1.229537
15.815816 0.373108 -1.146072 -0.208789 1.223226
15.915916 0.410670 -1.112980 -0.268146 1.216255
16.016016 0.446363 -1.074866 -0.326272 1.208731
16.116116 0.479978 -1.031790 -0.382868 1.200649
16.216216 0.511281 -0.983787 -0.437610 1.191951
16.316316 0.540077 -0.930994 -0.490197 1.182677
16.416416 0.566209 -0.873640 -0.540356 1.172955
16.516517 0.589525 -0.811976 -0.587822 1.162919
16.616617 0.609827 -0.746192 -0.632272 1.152588
16.716717 0.626845 -0.676423 -0.673310 1.141854
16.816817 0.640338 -0.602880 -0.710552 1.130655
16.916917 0.650144 -0.525896 -0.743698 1.119080
17.017017 0.656152 -0.445865 -0.772490 1.107281
17.117117 0.658232 -0.363196 -0.796651 1.095369
17.217217 0.656240 -0.278308 -0.815876 1.083402
17.317317 0.650058 -0.191671 -0.829885 1.071458
17.417417 0.639588 -0.103800 -0.838411 1.059613
17.517518 0.624812 -0.015257 -0.841286 1.048038
17.617618 0.605750 0.073361 -0.838384 1.036920
17.717718 0.582382 0.161425 -0.829511 1.026311
17.817818 0.554682 0.248254 -0.814462 1.016194
17.917918 0.522699 0.333133 -0.793113 1.006589
18.018018 0.486545 0.415316 -0.765427 0.997543
18.118118 0.446434 0.494088 -0.731507 0.989206
18.218218 0.402642 0.568744 -0.691544 0.981745
18.318318 0.355436 0.638531 -0.645706 0.975189
18.418418 0.305140 0.702715 -0.594240 0.969556
18.518519 0.252109 0.760536 -0.537432 0.964783
18.618619 0.196765 0.811315 -0.475677 0.960842
18.718719 0.139615 0.854566 -0.409535 0.957860
18.818819 0.081181 0.889824 -0.339591 0.955876
18.918919 0.021996 0.916644 -0.266453 0.954839
19.019019 -0.037381 0.934741 -0.190803 0.954748
19.119119 -0.096391 0.944049 -0.113379 0.955707
19.219219 -0.154486 0.944561 -0.034923 0.957748
19.319319 -0.211116 0.936229 0.043836 0.960737
19.419419 -0.265749 0.919117 0.122161 0.964532
19.519520 -0.317919 0.893535 0.199340 0.969131
19.619620 -0.367216 0.859927 0.274707 0.974570
19.719720 -0.413258 0.818736 0.347627 0.980793
19.819820 -0.455725 0.770497 0.417532 0.987767
19.919920 -0.494377 0.715836 0.483933 0.995500
20.020020 -0.529020 0.655400 0.546403 1.003976
20.120120 -0.559540 0.589881 0.604608 1.013210
20.220220 -0.585863 0.519963 0.658271 1.023190
20.320320 -0.607973 0.446328 0.707195 1.033907
20.420420 -0.625905 0.369650 0.751253 1.045360
20.520521 -0.639670 0.290534 0.790303 1.057434
20.620621 -0.649249 0.209543 0.824176 1.069906
20.720721 -0.654653 0.127228 0.852742 1.082555
20.820821 -0.655959 0.044140 0.875963 1.095236
20.920921 -0.653275 -0.039194 0.893850 1.107823
21.021021 -0.646708 -0.122270 0.906420 1.120169
21.121121 -0.636345 -0.204602 0.913660 1.132065
21.221221 -0.622348 -0.285744 0.915678 1.143430
21.321321 -0.604954 -0.365301 0.912692 1.154305
21.421421 -0.584347 -0.442891 0.904850 1.164632
21.521522 -0.560706 -0.518155 0.892305 1.174344
21.621622 -0.534243 -0.590782 0.875260 1.183435
21.721722 -0.505179 -0.660504 0.853947 1.191930
21.821822 -0.473720 -0.727062 0.828578 1.199821
21.921922 -0.440059 -0.790204 0.799347 1.207075
22.022022 -0.404414 -0.849749 0.766503 1.213734
22.122122 -0.366985 -0.905501 0.730266 1.219795
22.222222 -0.327959 -0.957268 0.690840 1.225226
22.322322 -0.287523 -1.004870 0.648432 1.229999
22.422422 -0.245886 -1.048216 0.603299 1.234174
22.522523 -0.203253 -1.087247 0.555705 1.237831
22.622623 -0.159799 -1.121802 0.505846 1.240909
22.722723 -0.115703 -1.151735 0.453923 1.243353
22.822823 -0.071144 -1.176903 0.400143 1.245101
22.922923 -0.026306 -1.197237 0.344739 1.246159
23.023023 0.018623 -1.212764 0.287969 1.246623
23.123123 0.063465 -1.223523 0.230086 1.246585
23.223223 0.108046 -1.229513 0.171326 1.246085
23.323323 0.152192 -1.230726 0.111919 1.245140
23.423423 0.195731 -1.227142 0.052096 1.243746
23.523524 0.238479 -1.218694 -0.007914 1.241833
23.623624 0.280231 -1.205234 -0.067870 1.239243
23.723724 0.320753 -1.186556 -0.127510 1.235742
23.823824 0.359840 -1.162622 -0.186565 1.231252
23.923924 0.397296 -1.133471 -0.244762 1.225769
24.024024 0.432928 -1.099163 -0.301824 1.219297
24.124124 0.466551 -1.059793 -0.357474 1.211866
24.224224 0.497962 -1.015438 -0.411419 1.203473
24.324324 0.526938 -0.966156 -0.463343 1.194072
24.424424 0.553229 -0.911986 -0.512896 1.183572
24.524525 0.576628 -0.853083 -0.559760 1.171999
24.624625 0.596935 -0.789636 -0.603613 1.159399
24.724725 0.613902 -0.721805 -0.644082 1.145739
24.824825 0.627280 -0.649785 -0.680776 1.130998
24.924925 0.636813 -0.573813 -0.713290 1.115156
25.025025 0.642215 -0.494151 -0.741168 1.098160
25.125125 0.643190 -0.411114 -0.763929 1.079951
25.225225 0.639495 -0.325123 -0.781136 1.060581
25.325325 0.630915 -0.236680 -0.792366 1.040151
25.425425 0.617173 -0.146336 -0.797106 1.018673
25.525526 0.598064 -0.054752 -0.794905 0.996269
25.625626 0.573408 0.037303 -0.785321 0.973097
25.725726 0.543008 0.128944 -0.767861 0.949260
25.825826 0.506725 0.219144 -0.742070 0.924912
25.925926 0.464460 0.306707 -0.707506 0.900198
26.026026 0.416204 0.390258 -0.663802 0.875306
26.126126 0.362077 0.468239 -0.610716 0.850483
26.226226 0.302365 0.538922 -0.548191 0.826060
26.326326 0.237600 0.600512 -0.476483 0.802561
26.426426 0.168562 0.651187 -0.396176 0.780649
26.526527 0.096295 0.689245 -0.308243 0.761147
26.626627 0.022079 0.713056 -0.213994 0.744802
26.726727 -0.052589 0.721114 -0.115067 0.732128
26.826827 -0.125995 0.712353 -0.013504 0.723535
26.926927 -0.196335 0.686406 0.088351 0.719379
27.027027 -0.261843 0.643650 0.188009 0.719858
27.127127 -0.320927 0.585147 0.283043 0.724917
27.227227 -0.372380 0.512744 0.371343 0.734486
27.327327 -0.415461 0.428817 0.451293 0.748437
27.427427 -0.449801 0.335873 0.521747 0.766389
27.527528 -0.475379 0.236385 0.582038 0.787801
27.627628 -0.492473 0.132680 0.631941 0.812085
27.727728 -0.501548 0.026818 0.671554 0.838603
27.827828 -0.503274 -0.079438 0.701326 0.866864
27.927928 -0.498393 -0.184645 0.721890 0.896446
28.028028 -0.487531 -0.287621 0.733787 0.926745
28.128128 -0.471306 -0.387421 0.737609 0.957231
28.228228 -0.450372 -0.483334 0.734057 0.987565
28.328328 -0.425283 -0.574764 0.723726 1.017349
28.428428 -0.396548 -0.661244 0.707185 1.046234
28.528529 -0.364646 -0.742412 0.684989 1.073942
28.628629 -0.330037 -0.818041 0.657701 1.100312
28.728729 -0.293167 -0.888028 0.625896 1.125294
28.828829 -0.254410 -0.952251 0.590050 1.148768
28.928929 -0.214105 -1.010630 0.550602 1.170630
29.029029 -0.172577 -1.063164 0.507989 1.190863
29.129129 -0.130115 -1.109869 0.462608 1.209440
29.229229 -0.086981 -1.150717 0.414806 1.226287
29.329329 -0.043418 -1.185718 0.364913 1.241359
29.429429 0.000343 -1.214959 0.313265 1.254695
29.529530 0.044090 -1.238577 0.260184 1.266378
29.629630 0.087629 -1.256710 0.205969 1.276488
29.729730 0.130780 -1.269466 0.150889 1.285074
29.829830 0.173373 -1.276933 0.095198 1.292160
29.929930 0.215241 -1.279158 0.039135 1.297731
30.030030 0.256209 -1.276114 -0.017071 1.301692
30.130130 0.296112 -1.267831 -0.073189 1.304007
30.230230 0.334784 -1.254341 -0.128987 1.304641
30.330330 0.372050 -1.235635 -0.184230 1.303516
30.430430 0.407744 -1.211756 -0.238682 1.300606
30.530531 0.441696 -1.182743 -0.292102 1.295878
30.630631 0.473719 -1.148608 -0.344237 1.289266
30.730731 0.503611 -1.109344 -0.394812 1.280682
30.830831 0.531166 -1.064970 -0.443547 1.270052
30.930931 0.556201 -1.015577 -0.490168 1.257387
31.031031 0.578510 -0.961240 -0.534377 1.242664
31.131131 0.597856 -0.902013 -0.575842 1.225828
31.231231 0.614000 -0.837988 -0.614214 1.206846
31.331331 0.626690 -0.769279 -0.649122 1.185702
31.431431 0.635664 -0.696042 -0.680174 1.162403
31.531532 0.640679 -0.618499 -0.706981 1.137028
31.631632 0.641477 -0.536916 -0.729127 1.109683
31.731732 0.637782 -0.451605 -0.746158 1.080493
31.831832 0.629263 -0.362913 -0.757536 1.049542
31.931932 0.615599 -0.271286 -0.762711 1.016999
32.032032 0.596495 -0.177299 -0.761137 0.983143
32.132132 0.571601 -0.081632 -0.752165 0.948231
32.232232 0.540529 0.014871 -0.735051 0.912520
32.332332 0.502875 0.111140 -0.708973 0.876287
32.432432 0.458287 0.205815 -0.673102 0.839913
32.532533 0.406434 0.297150 -0.626542 0.803767
32.632633 0.347215 0.383014 -0.568604 0.768484
32.732733 0.280916 0.460969 -0.499047 0.735156
32.832833 0.208145 0.528155 -0.417954 0.704952
32.932933 0.129964 0.581423 -0.325948 0.679107
33.033033 0.048032 0.617583 -0.224449 0.658857
33.133133 -0.035391 0.633901 -0.115812 0.645365
33.233233 -0.117570 0.628699 -0.003299 0.639606
33.333333 -0.195658 0.601726 0.109302 0.642109
33.433433 -0.267076 0.554263 0.218170 0.652790
33.533534 -0.329767 0.488683 0.319910 0.670746
33.633634 -0.382455 0.408247 0.411956 0.694726
33.733734 -0.424730 0.316655 0.492794 0.723541
33.833834 -0.456803 0.217426 0.561804 0.756020
33.933934 -0.479311 0.113618 0.619059 0.791127
34.034034 -0.493049 0.007720 0.664988 0.827868
34.134134 -0.498849 -0.098310 0.700214 0.865341
34.234234 -0.497620 -0.202959 0.725573 0.902925
34.334334 -0.490197 -0.305075 0.741901 0.940096
34.434434 -0.477384 -0.403832 0.750069 0.976514
34.534535 -0.459929 -0.498649 0.750940 1.011977
34.634635 -0.438463 -0.589100 0.745258 1.046278
34.734735 -0.413575 -0.674936 0.733754 1.079341
34.834835 -0.385790 -0.756020 0.717106 1.111144
34.934935 -0.355560 -0.832285 0.695905 1.141667
35.035035 -0.323288 -0.903737 0.670699 1.170937
35.135135 -0.289314 -0.970392 0.641952 1.198943
35.235235 -0.253923 -1.032243 0.610047 1.225627
35.335335 -0.217374 -1.089335 0.575347 1.250970
35.435435 -0.179906 -1.141751 0.538196 1.274996
35.535536 -0.141723 -1.189555 0.498888 1.297697
35.635636 -0.103007 -1.232760 0.457670 1.319003
35.735736 -0.063921 -1.271394 0.414772 1.338867
35.835836 -0.024621 -1.305534 0.370424 1.357291
35.935936 0.014749 -1.335304 0.324853 1.374331
36.036036 0.054060 -1.360857 0.278272 1.390068
36.136136 0.093195 -1.382282 0.230864 1.404524
36.236236 0.132043 -1.399627 0.182790 1.417675
36.336336 0.170499 -1.412939 0.134207 1.429503
36.436436 0.208466 -1.422304 0.085264 1.440027
36.536537 0.245857 -1.427823 0.036107 1.449285
36.636637 0.282582 -1.429544 -0.013129 1.457265
36.736737 0.318550 -1.427492 -0.062314 1.463930
36.836837 0.353679 -1.421739 -0.111322 1.469294
36.936937 0.387908 -1.412417 -0.160033 1.473433
37.037037 0.421177 -1.399642 -0.208337 1.476412
37.137137 0.453423 -1.383508 -0.256124 1.478271
37.237237 0.484566 -1.364049 -0.303278 1.478990
37.337337 0.514499 -1.341223 -0.349665 1.478463
37.437437 0.543137 -1.315054 -0.395163 1.476657
37.537538 0.570401 -1.285593 -0.439653 1.473567
37.637638 0.596212 -1.252888 -0.483014 1.469183
37.737738 0.620479 -1.216968 -0.525117 1.463473
37.837838 0.643084 -1.177819 -0.565805 1.456348
37.937938 0.663948 -1.135509 -0.604955 1.447818
38.038038 0.683044 -1.090200 -0.642487 1.438010
38.138138 0.700325 -1.042020 -0.678305 1.427011
38.238238 0.715675 -0.990995 -0.712246 1.414764
38.338338 0.728962 -0.937139 -0.744128 1.401193
38.438438 0.740101 -0.880545 -0.773810 1.386323
38.538539 0.749025 -0.821340 -0.801170 1.370223
38.638639 0.755655 -0.759643 -0.826071 1.352947
38.738739 0.759914 -0.695586 -0.848372 1.334558
38.838839 0.761745 -0.629330 -0.867959 1.315167
38.938939 0.761059 -0.561019 -0.884670 1.294834
39.039039 0.757734 -0.490786 -0.898308 1.273574
39.139139 0.751627 -0.418777 -0.908640 1.251377
39.239239 0.742548 -0.345137 -0.915374 1.228172
39.339339 0.730351 -0.270072 -0.918257 1.203971
39.439439 0.714915 -0.193836 -0.917062 1.178847
39.539540 0.696110 -0.116713 -0.911539 1.152864
39.639640 0.673772 -0.039026 -0.901381 1.126046
39.739740 0.647719 0.038847 -0.886246 1.098400
39.839840 0.617781 0.116455 -0.865786 1.069954
39.939940 0.583751 0.193257 -0.839584 1.040680
40.040040 0.545448 0.268606 -0.807225 1.010581
40.140140 0.502748 0.341749 -0.768350 0.979750
40.240240 0.455589 0.411816 -0.722647 0.948353
40.340340 0.403907 0.477737 -0.669755 0.916485
40.440440 0.347719 0.538267 -0.609375 0.884295
40.540541 0.287230 0.592065 -0.541440 0.852173
40.640641 0.222781 0.637601 -0.466014 0.820571
40.740741 0.154919 0.673244 -0.383416 0.790105
40.840841 0.084416 0.697201 -0.294229 0.761437
40.940941 0.012308 0.707495 -0.199341 0.735145
41.041041 -0.060020 0.702163 -0.100121 0.711800
41.141141 -0.130838 0.679682 0.001485 0.692162
41.241241 -0.198128 0.639127 0.102984 0.677011
41.341341 -0.259713 0.580308 0.201483 0.666935
41.441441 -0.313543 0.504236 0.293947 0.662547
41.541542 -0.357846 0.412896 0.377465 0.664090
41.641642 -0.391338 0.309101 0.449573 0.671420
41.741742 -0.413485 0.196345 0.508650 0.684285
41.841842 -0.424386 0.078241 0.553893 0.702156
41.941942 -0.424593 -0.041844 0.585182 0.724201
42.042042 -0.415067 -0.160986 0.603060 0.749586
42.142142 -0.397058 -0.276857 0.608619 0.777639
42.242242 -0.371875 -0.387737 0.603183 0.807751
42.342342 -0.340732 -0.492408 0.588082 0.839288
42.442442 -0.304792 -0.590156 0.564705 0.871822
42.542543 -0.265094 -0.680618 0.534362 0.905018
42.642643 -0.222464 -0.763530 0.498102 0.938389
42.742743 -0.177654 -0.838953 0.456961 0.971708
42.842843 -0.131338 -0.907228 0.411936 1.004989
42.942943 -0.084038 -0.968648 0.363811 1.038124
43.043043 -0.036172 -1.023401 0.313197 1.070864
43.143143 0.011913 -1.071675 0.260614 1.102973
43.243243 0.059919 -1.113768 0.206542 1.134341
43.343343 0.107595 -1.149942 0.151389 1.164844
43.443443 0.154731 -1.180462 0.095505 1.194384
43.543544 0.201145 -1.205565 0.039200 1.222858
43.643644 0.246683 -1.225480 -0.017259 1.250181
43.743744 0.291228 -1.240524 -0.073634 1.276376
43.843844 0.334706 -1.251067 -0.129727 1.301548
43.943944 0.377065 -1.257471 -0.185375 1.325812
44.044044 0.418249 -1.259996 -0.240436 1.349197
44.144144 0.458176 -1.258773 -0.294763 1.371612
44.244244 0.496782 -1.253956 -0.348232 1.393005
44.344344 0.534057 -1.245811 -0.400761 1.413461
44.444444 0.569970 -1.234517 -0.452258 1.432981
44.544545 0.604464 -1.220180 -0.502623 1.451498
44.644645 0.637500 -1.202927 -0.551768 1.468975
44.744745 0.669045 -1.182887 -0.599615 1.485389
44.844845 0.699064 -1.160176 -0.646089 1.500710
44.944945 0.727549 -1.134942 -0.691140 1.514957
45.045045 0.754492 -1.107325 -0.734718 1.528148
45.145145 0.779857 -1.077416 -0.776755 1.540243
45.245245 0.803654 -1.045361 -0.817224 1.551288
45.345345 0.825882 -1.011287 -0.856091 1.561305
45.445445 0.846513 -0.975280 -0.893299 1.570267
45.545546 0.865581 -0.937490 -0.928851 1.578253
45.645646 0.883127 -0.898072 -0.962766 1.585360
45.745746 0.899150 -0.857126 -0.995014 1.591599
45.845846 0.913674 -0.814769 -1.025599 1.597029
45.945946 0.926720 -0.771113 -1.054519 1.601698
46.046046 0.938250 -0.726216 -1.081711 1.605554
46.146146 0.948252 -0.680154 -1.107135 1.608584
46.246246 0.956705 -0.633001 -1.130747 1.610765
46.346346 0.963590 -0.584828 -1.152499 1.612074
46.446446 0.968919 -0.535729 -1.172386 1.612544
46.546547 0.972686 -0.485786 -1.190380 1.612176
46.646647 0.974871 -0.435070 -1.206431 1.610943
46.746747 0.975454 -0.383658 -1.220495 1.608823
46.846847 0.974414 -0.331626 -1.232524 1.605794
46.946947 0.971742 -0.279056 -1.242484 1.601849
47.047047 0.967440 -0.226037 -1.250356 1.597005
47.147147 0.961494 -0.172652 -1.256096 1.591244
47.247247 0.953902 -0.118990 -1.259683 1.584578
47.347347 0.944690 -0.065144 -1.261126 1.577061
47.447447 0.933862 -0.011206 -1.260407 1.568710
47.547548 0.921424 0.042733 -1.257508 1.559543
47.647648 0.907393 0.096579 -1.252433 1.549606
47.747748 0.891801 0.150240 -1.245197 1.538960
47.847848 0.874657 0.203619 -1.235788 1.527631
47.947948 0.855925 0.256608 -1.224131 1.515569
48.048048 0.835539 0.309080 -1.210103 1.502667
48.148148 0.813421 0.360888 -1.193560 1.488784
48.248248 0.789541 0.411894 -1.174427 1.473877
48.348348 0.763900 0.461958 -1.152668 1.457941
48.448448 0.736451 0.510904 -1.128175 1.440890
48.548549 0.707167 0.558553 -1.100865 1.422663
48.648649 0.676053 0.604732 -1.070698 1.403261
48.748749 0.643096 0.649235 -1.037607 1.382644
48.848849 0.608301 0.691856 -1.001543 1.360803
48.948949 0.571697 0.732390 -0.962493 1.337768
49.049049 0.533287 0.770577 -0.920394 1.313511
49.149149 0.493106 0.806173 -0.875230 1.288059
49.249249 0.451199 0.838911 -0.826994 1.261456
49.349349 0.407593 0.868447 -0.775631 1.233668
49.449449 0.362325 0.894397 -0.721095 1.204659
49.549550 0.315458 0.916346 -0.663362 1.174416
49.649650 0.267087 0.933869 -0.602453 1.142977
49.749750 0.217330 0.946470 -0.538397 1.110364
49.849850 0.166352 0.953667 -0.471294 1.076694
49.949950 0.114368 0.954980 -0.401311 1.042169
50.050050 0.061631 0.949816 -0.328636 1.006951
50.150150 0.008453 0.937506 -0.253519 0.971216
50.250250 -0.044771 0.917219 -0.176281 0.935078
50.350350 -0.097535 0.888051 -0.097372 0.898682
50.450450 -0.149193 0.849090 -0.017430 0.862273
50.550551 -0.198959 0.799533 0.062688 0.826297
50.650651 -0.245853 0.738595 0.141860 0.791259
50.750751 -0.288660 0.665514 0.218640 0.757652
50.850851 -0.325990 0.579922 0.291240 0.726222
50.950951 -0.356247 0.481866 0.357492 0.697788
51.051051 -0.377727 0.372042 0.414908 0.673232
51.151151 -0.388801 0.252068 0.460869 0.653533
51.251251 -0.388138 0.124568 0.492895 0.639620
51.351351 -0.375021 -0.006867 0.509090 0.632345
51.451451 -0.349558 -0.138036 0.508516 0.632323
51.551552 -0.312647 -0.264661 0.491280 0.639648
51.651652 -0.265915 -0.382988 0.458617 0.654003
51.751752 -0.211409 -0.490140 0.412553 0.674634
51.851852 -0.151237 -0.584196 0.355441 0.700354
51.951952 -0.087406 -0.664175 0.289745 0.729876
52.052052 -0.021694 -0.729979 0.217844 0.762100
52.152152 0.044432 -0.782268 0.141892 0.796273
52.252252 0.109845 -0.821929 0.063645 0.831675
52.352352 0.173714 -0.850008 -0.015505 0.867716
52.452452 0.235447 -0.867643 -0.094461 0.903970
52.552553 0.294613 -0.875835 -0.172384 0.940000
52.652653 0.350938 -0.875594 -0.248640 0.975523
52.752753 0.404249 -0.867856 -0.322756 1.010328
52.852853 0.454410 -0.853378 -0.394351 1.044153
52.952953 0.501283 -0.832750 -0.463086 1.076664
53.053053 0.544798 -0.806564 -0.528713 1.107650
53.153153 0.584969 -0.775447 -0.591090 1.137055
53.253253 0.621840 -0.739976 -0.650128 1.164868
53.353353 0.655500 -0.700702 -0.705803 1.191143
53.453453 0.686031 -0.658104 -0.758104 1.215920
53.553554 0.713489 -0.612578 -0.807005 1.239184
53.653654 0.737956 -0.564502 -0.852517 1.260962
53.753754 0.759507 -0.514216 -0.894656 1.281281
53.853854 0.778184 -0.462003 -0.933405 1.300101
53.953954 0.794002 -0.408113 -0.968717 1.317349
54.054054 0.806960 -0.352772 -1.000537 1.332932
54.154154 0.817073 -0.296208 -1.028824 1.346784
54.254254 0.824360 -0.238638 -1.053548 1.358853
54.354354 0.828877 -0.180284 -1.074726 1.369152
54.454454 0.830695 -0.121363 -1.092400 1.377723
54.554555 0.829876 -0.062075 -1.106601 1.384599
54.654655 0.826494 -0.002615 -1.117380 1.389834
54.754755 0.820603 0.056834 -1.124762 1.393452
54.854855 0.812218 0.116089 -1.128720 1.395416
54.954955 0.801374 0.174973 -1.129256 1.395720
55.055055 0.788115 0.233310 -1.126383 1.394380
55.155155 0.772449 0.290912 -1.120065 1.391349
55.255255 0.754402 0.347596 -1.110289 1.386610
55.355355 0.734026 0.403185 -1.097079 1.380193
55.455455 0.711372 0.457500 -1.080459 1.372133
55.555556 0.686541 0.510394 -1.060527 1.362556
55.655656 0.659604 0.561696 -1.037335 1.351534
55.755756 0.630562 0.611180 -1.010825 1.338998
55.855856 0.599462 0.658644 -0.981010 1.324971
55.955956 0.566406 0.703930 -0.947986 1.309584
56.056056 0.531464 0.746843 -0.911799 1.292906
56.156156 0.494692 0.787153 -0.872465 1.274961
56.256256 0.456115 0.824554 -0.829937 1.255677
56.356356 0.415774 0.858727 -0.784189 1.235003
56.456456 0.373771 0.889428 -0.735295 1.213031
56.556557 0.330212 0.916379 -0.683329 1.189844
56.656657 0.285183 0.939197 -0.628308 1.165415
56.756757 0.238803 0.957502 -0.570293 1.139768
56.856857 0.191229 0.970947 -0.509408 1.113016
56.956957 0.142632 0.979097 -0.445772 1.085213
57.057057 0.093203 0.981405 -0.379503 1.056346
57.157157 0.043187 0.977312 -0.310786 1.026447
57.257257 -0.007118 0.966204 -0.239866 0.995558
57.357357 -0.057342 0.947303 -0.167044 0.963626
57.457457 -0.107026 0.919872 -0.092749 0.930711
57.557558 -0.155606 0.883176 -0.017556 0.896951
57.657658 -0.202398 0.836485 0.057799 0.862562
57.757758 -0.246580 0.779144 0.132375 0.827883
57.857858 -0.287182 0.710600 0.204999 0.793379
57.957958 -0.323037 0.630422 0.274205 0.759588
58.058058 -0.352785 0.538431 0.338202 0.727149
58.158158 -0.374881 0.434870 0.394835 0.696808
58.258258 -0.387598 0.320540 0.441560 0.669294
58.358358 -0.389264 0.197177 0.475669 0.645497
58.458458 -0.378530 0.067632 0.494600 0.626489
58.558559 -0.354576 -0.064180 0.496232 0.613261
58.658659 -0.317433 -0.193534 0.479388 0.606657
58.758759 -0.268076 -0.315378 0.444083 0.607073
58.858859 -0.208405 -0.425073 0.391687 0.614441
58.958959 -0.141054 -0.519134 0.324865 0.628438
59.059059 -0.068832 -0.595316 0.246838 0.648127
59.159159 0.005582 -0.652770 0.161009 0.672357
59.259259 0.079857 -0.691843 0.070621 0.700008
59.359359 0.152162 -0.713669 -0.021556 0.730029
59.459459 0.221176 -0.719980 -0.113285 0.761659
59.559560 0.285974 -0.712547 -0.202862 0.794139
59.659660 0.345971 -0.693131 -0.289037 0.826842
59.759760 0.400876 -0.663510 -0.370960 0.859394
59.859860 0.450622 -0.625348 -0.448109 0.891584
59.959960 0.495269 -0.580117 -0.520185 0.923266
60.060060 0.534984 -0.529116 -0.587081 0.954377
60.160160 0.570008 -0.473486 -0.648825 0.984923
60.260260 0.600509 -0.414115 -0.705416 1.014748
60.360360 0.626666 -0.351762 -0.756901 1.043717
60.460460 0.648692 -0.287108 -0.803394 1.071762
60.560561 0.666789 -0.220730 -0.845015 1.098808
60.660661 0.681175 -0.153141 -0.881928 1.124833
60.760761 0.692069 -0.084785 -0.914317 1.149836
60.860861 0.699650 -0.016041 -0.942322 1.173771
60.960961 0.704065 0.052757 -0.966061 1.196563
61.061061 0.705499 0.121313 -0.985703 1.218218
61.161161 0.704104 0.189362 -1.001388 1.238709
61.261261 0.700063 0.256682 -1.013304 1.258078
61.361361 0.693606 0.323096 -1.021720 1.276476
61.461461 0.684894 0.388439 -1.026807 1.293946
61.561562 0.674082 0.452571 -1.028742 1.310541
61.661662 0.661306 0.515361 -1.027672 1.326285
61.761762 0.646667 0.576678 -1.023703 1.341157
61.861862 0.630267 0.636399 -1.016938 1.355140
61.961962 0.612166 0.694378 -1.007424 1.368142
62.062062 0.592422 0.750467 -0.995197 1.380066
62.162162 0.571132 0.804572 -0.980368 1.390916
62.262262 0.548417 0.856643 -0.963085 1.400761
62.362362 0.524375 0.906614 -0.943466 1.409626
62.462462 0.499098 0.954418 -0.921616 1.417529
62.562563 0.472673 0.999996 -0.897639 1.424489
62.662663 0.445185 1.043292 -0.871634 1.430523
62.762763 0.416719 1.084260 -0.843704 1.435657
62.862863 0.387365 1.122879 -0.813967 1.439948
62.962963 0.357206 1.159125 -0.782529 1.443440
63.063063 0.326318 1.192958 -0.749481 1.446151
63.163163 0.294777 1.224359 -0.714922 1.448124
63.263263 0.262652 1.253277 -0.678932 1.449358
63.363363 0.230011 1.279669 -0.641590 1.449860
63.463463 0.196917 1.303475 -0.602970 1.449619
63.563564 0.163440 1.324660 -0.563153 1.448647
63.663664 0.129647 1.343181 -0.522222 1.446949
63.763764 0.095599 1.358929 -0.480228 1.444453
63.863864 0.061361 1.371813 -0.437239 1.441116
63.963964 0.027005 1.381813 -0.393346 1.436961
64.064064 -0.007394 1.388934 -0.348650 1.432044
64.164164 -0.041767 1.393133 -0.303237 1.426365
64.264264 -0.076039 1.394371 -0.257194 1.419930
64.364364 -0.110139 1.392669 -0.210625 1.412806
64.464464 -0.143995 1.388020 -0.163625 1.405029
64.564565 -0.177529 1.380382 -0.116290 1.396601
64.664665 -0.210657 1.369689 -0.068713 1.387496
64.764765 -0.243289 1.355842 -0.020995 1.377656
64.864865 -0.275324 1.338741 0.026757 1.367021
64.964965 -0.306651 1.318257 0.074425 1.355499
65.065065 -0.337167 1.294342 0.121882 1.343078
65.165165 -0.366761 1.266936 0.168993 1.329736
65.265265 -0.395301 1.235935 0.215606 1.315402
65.365365 -0.422658 1.201277 0.261563 1.300047
65.465465 -0.448675 1.162852 0.306681 1.283583
65.565566 -0.473196 1.120585 0.350766 1.265963
65.665666 -0.496050 1.074406 0.393605 1.247132
65.765766 -0.517082 1.024316 0.434992 1.227116
65.865866 -0.536135 0.970337 0.474705 1.205960
65.965966 -0.552969 0.912376 0.512444 1.183555
66.066066 -0.567319 0.850349 0.547873 1.159789
66.166166 -0.578927 0.784243 0.580646 1.134612
66.266266 -0.587532 0.714099 0.610399 1.108024
66.366366 -0.592827 0.639966 0.636705 1.079997
66.466466 -0.594490 0.561942 0.659103 1.050530
66.566567 -0.592191 0.480205 0.677099 1.019681
66.666667 -0.585519 0.394957 0.690086 0.987442
66.766767 -0.574059 0.306514 0.697421 0.953882
66.866867 -0.557380 0.215324 0.698406 0.919134
66.966967 -0.534968 0.121962 0.692195 0.883289
67.067067 -0.506353 0.027231 0.677947 0.846608
67.167167 -0.471093 -0.067803 0.654788 0.809490
67.267267 -0.428665 -0.161737 0.621649 0.772244
67.367367 -0.378682 -0.252745 0.577533 0.735408
67.467467 -0.321079 -0.338579 0.521774 0.699983
67.567568 -0.256037 -0.416441 0.453893 0.667081
67.667668 -0.184120 -0.482953 0.373781 0.637853
67.767768 -0.106523 -0.534312 0.282072 0.613515
67.867868 -0.025231 -0.566756 0.180481 0.595333
67.967968 0.056975 -0.577290 0.071995 0.584545
68.068068 0.136769 -0.563945 -0.039394 0.581629
68.168168 0.210744 -0.526664 -0.149091 0.586529
68.268268 0.275989 -0.467566 -0.252614 0.598833
68.368368 0.330521 -0.390262 -0.346344 0.617659
68.468468 0.373378 -0.299125 -0.427853 0.641830
68.568569 0.404396 -0.198460 -0.495808 0.669886
68.668669 0.424018 -0.092166 -0.549799 0.700404
68.768769 0.433223 0.016433 -0.590294 0.732393
68.868869 0.433265 0.124711 -0.618311 0.765232
68.968969 0.425354 0.230716 -0.634982 0.798347
69.069069 0.410619 0.333028 -0.641468 0.831262
69.169169 0.390077 0.430630 -0.638882 0.863581
69.269269 0.364637 0.522820 -0.628273 0.895001
69.369369 0.335135 0.609178 -0.610664 0.925378
69.469469 0.302259 0.689381 -0.586900 0.954494
69.569570 0.266575 0.763152 -0.557677 0.982072
69.669670 0.228596 0.830317 -0.523643 1.007911
69.769770 0.188766 0.890716 -0.485360 1.031786
69.869870 0.147505 0.944309 -0.443382 1.053596
69.969970 0.105189 0.991060 -0.398210 1.073236
70.070070 0.062144 1.030813 -0.350245 1.090462
70.170170 0.018682 1.063453 -0.299879 1.105083
70.270270 -0.024893 1.088962 -0.247520 1.117015
70.370370 -0.068291 1.107327 -0.193554 1.126188
70.470470 -0.111233 1.118492 -0.138347 1.132492
70.570571 -0.153446 1.122452 -0.082265 1.135875
70.670671 -0.194663 1.119225 -0.025675 1.136317
70.770771 -0.234612 1.108790 0.031063 1.133765
70.870871 -0.273016 1.091116 0.087578 1.128158
70.970971 -0.309588 1.066178 0.143491 1.119451
71.071071 -0.344036 1.033976 0.198406 1.107625
71.171171 -0.376045 0.994492 0.251902 1.092648
71.271271 -0.405252 0.947646 0.303509 1.074421
71.371371 -0.431262 0.893370 0.352711 1.052854
71.471471 -0.453664 0.831660 0.398950 1.027926
71.571572 -0.472013 0.762562 0.441614 0.999660
71.671672 -0.485771 0.686093 0.479971 0.968024
71.771772 -0.494274 0.602251 0.513125 0.932904
71.871872 -0.496828 0.511207 0.540089 0.894353
71.971972 -0.492738 0.413376 0.559818 0.852682
72.072072 -0.481199 0.309356 0.571069 0.808316
72.172172 -0.461222 0.199984 0.572287 0.761729
72.272272 -0.431597 0.086524 0.561509 0.713481
72.372372 -0.391158 -0.028997 0.536634 0.664696
72.472472 -0.338781 -0.143466 0.495339 0.617021
72.572573 -0.273588 -0.252289 0.435248 0.572662
72.672673 -0.195530 -0.348898 0.354600 0.534512
72.772773 -0.106223 -0.424956 0.253428 0.506060
72.872873 -0.009794 -0.471719 0.135057 0.490770
72.972973 0.087295 -0.482925 0.006611 0.490796
73.073073 0.177851 -0.457797 -0.122378 0.506148
73.173173 0.256296 -0.401161 -0.243121 0.534534
73.273273 0.319962 -0.321085 -0.349924 0.572641
73.373373 0.368670 -0.225779 -0.440424 0.617144
73.473473 0.403570 -0.121874 -0.514466 0.665129
73.573574 0.426443 -0.014231 -0.573204 0.714576
73.673674 0.439223 0.093816 -0.618393 0.764283
73.773774 0.443648 0.200122 -0.651830 0.813483
73.873874 0.441184 0.303342 -0.675149 0.861676
73.973974 0.432976 0.402621 -0.689683 0.908424
74.074074 0.419941 0.497408 -0.696525 0.953369
74.174174 0.402854 0.587389 -0.696645 0.996309
74.274274 0.382347 0.672367 -0.690847 1.037080
74.374374 0.358971 0.752285 -0.679861 1.075641
74.474474 0.333197 0.827151 -0.664328 1.111994
74.574575 0.305434 0.897052 -0.644820 1.146204
74.674675 0.276032 0.962106 -0.621845 1.178360
74.774775 0.245271 1.022377 -0.595795 1.208464
74.874875 0.213379 1.077885 -0.566986 1.236463
74.974975 0.180566 1.128683 -0.535715 1.262347
75.075075 0.147043 1.174973 -0.502319 1.286277
75.175175 0.112997 1.217000 -0.467115 1.308454
75.275275 0.078580 1.254914 -0.430348 1.328979
75.375375 0.043921 1.288776 -0.392206 1.347849
75.475475 0.009137 1.318627 -0.352858 1.365053
75.575576 -0.025664 1.344530 -0.312469 1.380600
75.675676 -0.060381 1.366585 -0.271201 1.394543
75.775776 -0.094922 1.384901 -0.229205 1.406945
75.875876 -0.129204 1.399592 -0.186623 1.417878
75.975976 -0.163154 1.410805 -0.143591 1.427448
76.076076 -0.196696 1.418579 -0.100224 1.435653
76.176176 -0.229737 1.422825 -0.056624 1.442365
76.276276 -0.262196 1.423536 -0.012897 1.447539
76.376376 -0.293994 1.420716 0.030846 1.451144
76.476476 -0.325043 1.414330 0.074498 1.453111
76.576577 -0.355265 1.404393 0.117947 1.453425
76.676677 -0.384603 1.391005 0.161092 1.452159
76.776777 -0.413004 1.374267 0.203834 1.449390
76.876877 -0.440395 1.354207 0.246067 1.445121
76.976977 -0.466706 1.330860 0.287688 1.439364
77.077077 -0.491849 1.304220 0.328580 1.432087
77.177177 -0.515717 1.274230 0.368612 1.423201
77.277277 -0.538221 1.240900 0.407661 1.412693
77.377377 -0.559282 1.204274 0.445609 1.400586
77.477477 -0.578829 1.164416 0.482345 1.386926
77.577578 -0.596790 1.121394 0.517751 1.371768
77.677678 -0.613064 1.075229 0.551687 1.355110
77.777778 -0.627513 1.025890 0.583973 1.336879
77.877878 -0.639998 0.973367 0.614425 1.317026
77.977978 -0.650422 0.917733 0.642893 1.295606
78.078078 -0.658686 0.859075 0.669218 1.272686
78.178178 -0.664652 0.797447 0.693203 1.248285
78.278278 -0.668132 0.732860 0.714588 1.222341
78.378378 -0.668916 0.665341 0.733083 1.194796
78.478478 -0.666794 0.594958 0.748387 1.165621
78.578579 -0.661502 0.521775 0.760126 1.134736
78.678679 -0.652757 0.445893 0.767890 1.102074
78.778779 -0.640321 0.367517 0.771306 1.067705
78.878879 -0.623916 0.286893 0.769933 1.031686
78.978979 -0.603190 0.204314 0.763218 0.994024
79.079079 -0.577723 0.120166 0.750497 0.954699
79.179179 -0.547005 0.034967 0.730942 0.913627
79.279279 -0.510528 -0.050556 0.703681 0.870840
79.379379 -0.467770 -0.135399 0.667748 0.826455
79.479479 -0.418212 -0.218207 0.622090 0.780713
79.579580 -0.361422 -0.297154 0.565652 0.734090
79.679680 -0.297117 -0.369806 0.497423 0.687361
79.779780 -0.225273 -0.432891 0.416524 0.641587
79.879880 -0.146392 -0.482182 0.322545 0.598302
79.979980 -0.061960 -0.512718 0.216213 0.559881
80.080080 0.025228 -0.519248 0.099953 0.529382
80.180180 0.110886 -0.497175 -0.021622 0.509850
80.280280 0.189585 -0.444350 -0.141724 0.503463
80.380380 0.256132 -0.363059 -0.252737 0.511167
80.480480 0.307116 -0.259599 -0.348423 0.532081
80.580581 0.341429 -0.141896 -0.425234 0.563500
80.680681 0.359986 -0.017488 -0.482463 0.602218
80.780781 0.365056 0.107728 -0.521654 0.645751
80.880881 0.359261 0.229847 -0.545349 0.692318
80.980981 0.344864 0.346532 -0.556003 0.740375
81.081081 0.323708 0.456474 -0.555774 0.788695
81.181181 0.297313 0.559061 -0.546558 0.836463
81.281281 0.266873 0.654051 -0.529908 0.883067
81.381381 0.233337 0.741458 -0.507112 0.928099
81.481481 0.197492 0.821524 -0.479297 0.971406
81.581582 0.159967 0.894579 -0.447399 1.012930
81.681682 0.121247 0.960899 -0.412144 1.052564
81.781782 0.081712 1.020699 -0.374105 1.090164
81.881882 0.041689 1.074277 -0.333797 1.125712
81.981982 0.001445 1.121937 -0.291663 1.159229
82.082082 -0.038796 1.163923 -0.248068 1.190697
82.182182 -0.078844 1.200427 -0.203318 1.220073
82.282282 -0.118534 1.231635 -0.157685 1.247333
82.382382 -0.157733 1.257835 -0.111424 1.272573
82.482482 -0.196328 1.279308 -0.064759 1.295904
82.582583 -0.234218 1.296248 -0.017877 1.317359
82.682683 -0.271315 1.308859 0.029050 1.336999
82.782783 -0.307551 1.317370 0.075872 1.354920
82.882883 -0.342862 1.321962 0.122454 1.371179
82.982983 -0.377182 1.322774 0.168671 1.385803
83.083083 -0.410459 1.319965 0.214413 1.398841
83.183183 -0.442649 1.313697 0.259577 1.410361
83.283283 -0.473718 1.304131 0.304076 1.420433
83.383383 -0.503596 1.291322 0.347801 1.429016
83.483483 -0.532202 1.275281 0.390641 1.436030
83.583584 -0.559480 1.256086 0.432498 1.441466
83.683684 -0.585369 1.233800 0.473275 1.445306
83.783784 -0.609815 1.208499 0.512878 1.447546
83.883884 -0.632763 1.180253 0.551215 1.448180
83.983984 -0.654173 1.149163 0.588207 1.447240
84.084084 -0.674009 1.115330 0.623776 1.444764
84.184184 -0.692218 1.078828 0.657834 1.440758
84.284284 -0.708782 1.039784 0.690324 1.435294
84.384384 -0.723650 0.998274 0.721155 1.428386
84.484484 -0.736711 0.954294 0.750181 1.419926
84.584585 -0.747883 0.907887 0.777277 1.409875
84.684685 -0.757130 0.859163 0.802367 1.398285
84.784785 -0.764429 0.808250 0.825389 1.385239
84.884885 -0.769723 0.755236 0.846239 1.370758
84.984985 -0.772922 0.700188 0.864781 1.354813
85.085085 -0.773969 0.643209 0.880910 1.337441
85.185185 -0.772821 0.584427 0.894537 1.318713
85.285285 -0.769439 0.523974 0.905572 1.298709
85.385385 -0.763713 0.461947 0.913843 1.277405
85.485485 -0.755508 0.398440 0.919142 1.254738
85.585586 -0.744735 0.333601 0.921312 1.230746
85.685686 -0.731260 0.267573 0.920133 1.205397
85.785786 -0.714922 0.200520 0.915346 1.178635
85.885886 -0.695600 0.132652 0.906733 1.150487
85.985986 -0.673186 0.064218 0.894083 1.121021
86.086086 -0.647499 -0.004501 0.877079 1.090203
86.186186 -0.618294 -0.073168 0.855303 1.057915
86.286286 -0.585302 -0.141355 0.828280 1.024015
86.386386 -0.548209 -0.208516 0.795443 0.988302
86.486486 -0.506731 -0.273971 0.756236 0.950647
86.586587 -0.460681 -0.336912 0.710193 0.911104
86.686687 -0.409836 -0.396291 0.656744 0.869669
86.786787 -0.353975 -0.450752 0.595241 0.826310
86.886887 -0.293049 -0.498681 0.525198 0.781277
86.986987 -0.227149 -0.538022 0.446209 0.734960
87.087087 -0.156563 -0.566068 0.357964 0.687810
87.187187 -0.081978 -0.579290 0.260483 0.640429
87.287287 -0.004813 -0.573466 0.154592 0.593957
87.387387 0.072406 -0.543930 0.042506 0.550372
87.487487 0.145682 -0.486123 -0.071547 0.512502
87.587588 0.209420 -0.397197 -0.180731 0.484031
87.687688 0.257225 -0.278438 -0.276068 0.468941
87.787788 0.283839 -0.136879 -0.348624 0.469935
87.887888 0.287184 0.015969 -0.392617 0.486701
87.987988 0.269087 0.167854 -0.407356 0.516257
88.088088 0.233952 0.309409 -0.396380 0.554603
88.188188 0.186783 0.435367 -0.365096 0.598103
88.288288 0.131971 0.543831 -0.318955 0.644128
88.388388 0.072837 0.634783 -0.262446 0.690748
88.488488 0.011754 0.709155 -0.199020 0.736647
88.588589 -0.049605 0.768323 -0.131293 0.781037
88.688689 -0.110091 0.813737 -0.061197 0.823427
88.788789 -0.168916 0.846824 0.009836 0.863563
88.888889 -0.225552 0.868928 0.080744 0.901349
88.988989 -0.279630 0.881190 0.150733 0.936701
89.089089 -0.330906 0.884632 0.219208 0.969600
89.189189 -0.379230 0.880202 0.285723 1.000104
89.289289 -0.424492 0.868687 0.349926 1.028230
89.389389 -0.466637 0.850812 0.411554 1.054044
89.489489 -0.505653 0.827251 0.470417 1.077646
89.589590 -0.541490 0.798512 0.526317 1.099019
89.689690 -0.574087 0.765017 0.579063 1.118097
89.789790 -0.603383 0.727145 0.628474 1.134808
89.889890 -0.629287 0.685206 0.674345 1.149022
89.989990 -0.651745 0.639535 0.716518 1.160679
90.090090 -0.670781 0.590525 0.754925 1.169862
90.190190 -0.686439 0.538560 0.789526 1.176688
90.290290 -0.698778 0.484009 0.820304 1.181293
90.390390 -0.707864 0.427223 0.847259 1.183824
90.490490 -0.713721 0.368507 0.870342 1.184352
90.590591 -0.716307 0.308124 0.889434 1.182848
90.690691 -0.715520 0.246311 0.904330 1.179174
90.790791 -0.711316 0.183340 0.914904 1.173300
90.890891 -0.703711 0.119513 0.921098 1.165296
90.990991 -0.692697 0.055128 0.922824 1.155194
91.091091 -0.678198 -0.009511 0.919902 1.142918
91.191191 -0.660123 -0.074078 0.912122 1.128369
91.291291 -0.638470 -0.138222 0.899394 1.111602
91.391391 -0.613243 -0.201567 0.881625 1.092685
91.491491 -0.584395 -0.263695 0.858643 1.071597
91.591592 -0.551888 -0.324145 0.830279 1.048339
91.691692 -0.515701 -0.382404 0.796370 1.022930
91.791792 -0.475854 -0.437916 0.756801 0.995468
91.891892 -0.432413 -0.490086 0.711506 0.966129
91.991992 -0.385419 -0.538183 0.660353 0.935016
92.092092 -0.334926 -0.581346 0.603194 0.902210
92.192192 -0.281066 -0.618601 0.539954 0.867880
92.292292 -0.224011 -0.648738 0.470553 0.832143
92.392392 -0.164013 -0.670232 0.394940 0.795040
92.492492 -0.101539 -0.681442 0.313322 0.756865
92.592593 -0.037314 -0.680582 0.226218 0.718164
92.692693 0.027636 -0.665466 0.134453 0.679475
92.792793 0.091832 -0.633762 0.039424 0.641593
92.892893 0.153190 -0.583066 -0.056670 0.605511
92.992993 0.208877 -0.511185 -0.150563 0.572371
93.093093 0.255318 -0.417005 -0.237706 0.543677
93.193193 0.288484 -0.301408 -0.312422 0.521227
93.293293 0.304531 -0.168137 -0.368544 0.506788
93.393393 0.300966 -0.024149 -0.400902 0.501883
93.493493 0.277698 0.121414 -0.407014 0.507462
93.593594 0.236990 0.259425 -0.387582 0.523150
93.693694 0.182542 0.382517 -0.345712 0.546953
93.793794 0.118684 0.486139 -0.286084 0.576421
93.893894 0.049580 0.568633 -0.213904 0.609554
93.993994 -0.021405 0.630256 -0.133790 0.644656
94.094094 -0.091759 0.672195 -0.049447 0.680228
94.194194 -0.159704 0.696249 0.036255 0.715250
94.294294 -0.224054 0.704549 0.121164 0.749179
94.394394 -0.284056 0.699132 0.203731 0.781651
94.494494 -0.339250 0.681869 0.282853 0.812430
94.594595 -0.389345 0.654358 0.357724 0.841274
94.694695 -0.434146 0.617959 0.427729 0.867933
94.794795 -0.473581 0.573928 0.492445 0.892286
94.894895 -0.507657 0.523417 0.551585 0.914291
94.994995 -0.536398 0.467420 0.604925 0.933884
95.095095 -0.559889 0.406862 0.652340 0.951084
95.195195 -0.578287 0.342617 0.693818 0.966015
95.295295 -0.591700 0.275437 0.729310 0.978707
95.395395 -0.600150 0.205967 0.758679 0.989038
95.495495 -0.603640 0.134815 0.781773 0.996857
95.595596 -0.602139 0.062571 0.798398 1.001961
95.695696 -0.595626 -0.010171 0.808371 1.004160
95.795796 -0.584146 -0.082807 0.811598 1.003382
95.895896 -0.567800 -0.154731 0.808057 0.999648
95.995996 -0.546669 -0.225325 0.797701 0.992948
96.096096 -0.520796 -0.293937 0.780417 0.983198
96.196196 -0.490233 -0.359872 0.756100 0.970321
96.296296 -0.455062 -0.422391 0.724664 0.954271
96.396396 -0.415401 -0.480708 0.686071 0.935057
96.496496 -0.371359 -0.533907 0.640229 0.912610
96.596597 -0.323040 -0.580904 0.587001 0.886778
96.696697 -0.270658 -0.620530 0.526373 0.857544
96.796797 -0.214514 -0.651442 0.458405 0.824941
96.896897 -0.155016 -0.672045 0.383237 0.789015
96.996997 -0.092756 -0.680474 0.301190 0.749909
97.097097 -0.028588 -0.674515 0.212848 0.707879
97.197197 0.036231 -0.651535 0.119228 0.663345
97.297297 0.099842 -0.608441 0.022050 0.616972
97.397397 0.159513 -0.542059 -0.075813 0.570106
97.497497 0.211327 -0.449577 -0.169785 0.524981
97.597598 0.249935 -0.329565 -0.253004 0.484863
97.697698 0.268910 -0.184204 -0.316208 0.454127
97.797798 0.262314 -0.021783 -0.349225 0.437312
97.897898 0.227857 0.142745 -0.345098 0.437479
97.997998 0.169197 0.292279 -0.304357 0.454630
98.098098 0.094373 0.414491 -0.234695 0.485583
98.198198 0.011951 0.504469 -0.146432 0.525428
98.298298 -0.071413 0.563141 -0.048811 0.569746
98.398398 -0.151422 0.594341 0.051366 0.615474
98.498498 -0.225663 0.602550 0.149678 0.660601
98.598599 -0.292870 0.591841 0.243359 0.703756
98.698699 -0.352414 0.565574 0.330691 0.743926
98.798799 -0.404081 0.526631 0.410641 0.780543
98.898899 -0.447947 0.477501 0.482668 0.813408
98.998999 -0.484205 0.420257 0.546499 0.842456
99.099099 -0.513036 0.356570 0.601944 0.867574
99.199199 -0.534688 0.287901 0.648967 0.888784
99.299299 -0.549367 0.215491 0.687522 0.906050
99.399399 -0.557257 0.140431 0.717577 0.919333
99.499499 -0.558591 0.063736 0.739187 0.928700
99.599600 -0.553562 -0.013666 0.752371 0.934173
99.699700 -0.542348 -0.090894 0.757142 0.935771
99.799800 -0.525139 -0.167097 0.753540 0.933550
99.899900 -0.502074 -0.241406 0.741526 0.927478
100.000000 -0.473234 -0.312910 0.720976 0.917426
