0.000000 0.868560 0.288082 0.612108 1.100938
0.100100 0.893949 0.349570 0.552288 1.107414
0.200200 0.914742 0.409231 0.489674 1.115349
0.300300 0.930947 0.466808 0.424650 1.124677
0.400400 0.942607 0.522077 0.357595 1.135317
0.500501 0.949829 0.574858 0.288899 1.147213
0.600601 0.952744 0.625004 0.218936 1.160295
0.700701 0.951450 0.672359 0.148049 1.174411
0.800801 0.946083 0.716806 0.076571 1.189431
0.900901 0.936849 0.758295 0.004823 1.205288
1.001001 0.923944 0.796782 -0.066900 1.221887
1.101101 0.907582 0.832257 -0.138328 1.239150
1.201201 0.888012 0.864759 -0.209222 1.257039
1.301301 0.865458 0.894325 -0.279367 1.275493
1.401401 0.840102 0.920960 -0.348557 1.294384
1.501502 0.812134 0.944699 -0.416614 1.313615
1.601602 0.781744 0.965584 -0.483375 1.333089
1.701702 0.749120 0.983671 -0.548700 1.352723
1.801802 0.714503 0.999104 -0.612510 1.372549
1.901902 0.678140 1.012055 -0.674764 1.392636
2.002002 0.640230 1.022654 -0.735414 1.412993
2.102102 0.600918 1.030967 -0.794386 1.433542
2.202202 0.560326 1.037032 -0.851590 1.454169
2.302302 0.518578 1.040903 -0.906958 1.474780
2.402402 0.475812 1.042674 -0.960461 1.495344
2.502503 0.432165 1.042447 -1.012090 1.515846
2.602603 0.387763 1.040330 -1.061849 1.536284
2.702703 0.342712 1.036394 -1.109715 1.556609
2.802803 0.297114 1.030712 -1.155675 1.576778
2.902903 0.251079 1.023410 -1.199784 1.596837
3.003003 0.204706 1.014604 -1.242094 1.616825
3.103103 0.158077 1.004379 -1.282630 1.636736
3.203203 0.111263 0.992780 -1.321374 1.656508
3.303303 0.064336 0.979883 -1.358351 1.676135
3.403403 0.017362 0.965779 -1.393618 1.695642
3.503504 -0.029599 0.950536 -1.427201 1.715021
3.603604 -0.076493 0.934200 -1.459103 1.734232
3.703704 -0.123265 0.916807 -1.489312 1.753220
3.803804 -0.169864 0.898393 -1.517821 1.771932
3.903904 -0.216239 0.878982 -1.544602 1.790297
4.004004 -0.262339 0.858605 -1.569641 1.808257
4.104104 -0.308117 0.837300 -1.592939 1.825777
4.204204 -0.353541 0.815139 -1.614562 1.842893
4.304304 -0.398588 0.792200 -1.634595 1.859665
4.404404 -0.443234 0.768544 -1.653102 1.876129
4.504505 -0.487461 0.744238 -1.670160 1.892338
4.604605 -0.531255 0.719338 -1.685829 1.908323
4.704705 -0.574599 0.693889 -1.700161 1.924108
4.804805 -0.617469 0.667928 -1.713177 1.939683
4.904905 -0.659835 0.641475 -1.724874 1.955010
5.005005 -0.701679 0.614565 -1.735280 1.970086
5.105105 -0.742986 0.587233 -1.744429 1.984919
5.205205 -0.783741 0.559508 -1.752346 1.999503
5.305305 -0.823925 0.531420 -1.759051 2.013832
5.405405 -0.863531 0.502999 -1.764580 2.027914
5.505506 -0.902540 0.474270 -1.768946 2.041735
5.605606 -0.940935 0.445255 -1.772165 2.055281
5.705706 -0.978720 0.415987 -1.774287 2.068582
5.805806 -1.015902 0.386498 -1.775366 2.081673
5.905906 -1.052467 0.356807 -1.775415 2.094540
6.006006 -1.088388 0.326931 -1.774427 2.107146
6.106106 -1.123641 0.296885 -1.772394 2.119456
6.206206 -1.158203 0.266687 -1.769316 2.131440
6.306306 -1.192082 0.236361 -1.765237 2.143126
6.406406 -1.225274 0.205927 -1.760183 2.154518
6.506507 -1.257756 0.175402 -1.754151 2.165586
6.606607 -1.289516 0.144803 -1.747151 2.176317
6.706707 -1.320551 0.114150 -1.739208 2.186717
6.806807 -1.350863 0.083460 -1.730350 2.196795
6.906907 -1.380445 0.052750 -1.720594 2.206549
7.007007 -1.409287 0.022037 -1.709953 2.215968
7.107107 -1.437398 -0.008664 -1.698459 2.225073
7.207207 -1.464791 -0.039336 -1.686153 2.233891
7.307307 -1.491469 -0.069965 -1.673058 2.242431
7.407407 -1.517434 -0.100538 -1.659197 2.250700
7.507508 -1.542691 -0.131042 -1.644595 2.258707
7.607608 -1.567251 -0.161464 -1.629282 2.266474
7.707708 -1.591113 -0.191792 -1.613276 2.274001
7.807808 -1.614286 -0.222016 -1.596603 2.281305
7.907908 -1.636778 -0.252124 -1.579288 2.288397
8.008008 -1.658581 -0.282105 -1.561339 2.295268
8.108108 -1.679696 -0.311949 -1.542772 2.301921
8.208208 -1.700142 -0.341648 -1.523621 2.308383
8.308308 -1.719945 -0.371197 -1.503924 2.314689
8.408408 -1.739084 -0.400583 -1.483675 2.320813
8.508509 -1.757538 -0.429791 -1.462871 2.326726
8.608609 -1.775319 -0.458815 -1.441535 2.332444
8.708709 -1.792432 -0.487647 -1.419686 2.337973
8.808809 -1.808861 -0.516274 -1.397323 2.343294
8.908909 -1.824610 -0.544687 -1.374463 2.348411
9.009009 -1.839678 -0.572878 -1.351117 2.353321
9.109109 -1.854056 -0.600836 -1.327292 2.358015
9.209209 -1.867726 -0.628545 -1.302988 2.362467
9.309309 -1.880665 -0.655990 -1.278201 2.366648
9.409409 -1.892892 -0.683169 -1.252956 2.370582
9.509510 -1.904414 -0.710075 -1.227272 2.374278
9.609610 -1.915237 -0.736701 -1.201163 2.377741
9.709710 -1.925369 -0.763044 -1.174648 2.380983
9.809810 -1.934820 -0.789100 -1.147743 2.384013
9.909910 -1.943589 -0.814860 -1.120460 2.386832
10.010010 -1.951650 -0.840304 -1.092795 2.389403
10.110110 -1.959000 -0.865425 -1.064757 2.391725
10.210210 -1.965664 -0.890226 -1.036372 2.393826
10.310310 -1.971646 -0.914701 -1.007654 2.395711
10.410410 -1.976959 -0.938847 -0.978618 2.397393
10.510511 -1.981608 -0.962661 -0.949280 2.398879
10.610611 -1.985594 -0.986135 -0.919649 2.400167
10.710711 -1.988906 -1.009257 -0.889732 2.401243
10.810811 -1.991535 -1.032016 -0.859534 2.402096
10.910911 -1.993474 -1.054399 -0.829063 2.402716
11.011011 -1.994701 -1.076389 -0.798322 2.403074
11.111111 -1.995224 -1.097982 -0.767324 2.403179
11.211211 -1.995037 -1.119167 -0.736078 2.403023
11.311311 -1.994126 -1.139929 -0.704590 2.402588
11.411411 -1.992491 -1.160260 -0.672871 2.401870
11.511512 -1.990133 -1.180152 -0.640934 2.400872
11.611612 -1.987074 -1.199612 -0.608795 2.399618
11.711712 -1.983312 -1.218630 -0.576466 2.398103
11.811812 -1.978822 -1.237184 -0.543951 2.396298
11.911912 -1.973579 -1.255250 -0.511254 2.394169
12.012012 -1.967585 -1.272821 -0.478388 2.391719
12.112112 -1.960840 -1.289889 -0.445364 2.388945
12.212212 -1.953343 -1.306445 -0.412195 2.385844
12.312312 -1.945103 -1.322487 -0.378894 2.382427
12.412412 -1.936112 -1.338000 -0.345472 2.378681
12.512513 -1.926347 -1.352962 -0.311938 2.374579
12.612613 -1.915778 -1.367341 -0.278299 2.370080
12.712713 -1.904391 -1.381118 -0.244568 2.365165
12.812813 -1.892169 -1.394273 -0.210755 2.359813
12.912913 -1.879096 -1.406783 -0.176873 2.354002
13.013013 -1.865195 -1.418654 -0.142939 2.347757
13.113113 -1.850474 -1.429885 -0.108968 2.341090
13.213213 -1.834910 -1.440446 -0.074975 2.333967
13.313313 -1.818484 -1.450312 -0.040973 2.326364
13.413413 -1.801200 -1.459476 -0.006978 2.318284
13.513514 -1.783066 -1.467932 0.026993 2.309735
13.613614 -1.764063 -1.475654 0.060923 2.300692
13.713714 -1.744175 -1.482617 0.094796 2.291132
13.813814 -1.723387 -1.488797 0.128592 2.281034
13.913914 -1.701711 -1.494190 0.162294 2.270410
14.014014 -1.679193 -1.498825 0.195887 2.259322
14.114114 -1.655852 -1.502705 0.229356 2.247793
14.214214 -1.631699 -1.505828 0.262683 2.235836
14.314314 -1.606747 -1.508195 0.295853 2.223469
14.414414 -1.580984 -1.509780 0.328843 2.210675
14.514515 -1.554397 -1.510558 0.361632 2.197433
14.614615 -1.526976 -1.510504 0.394197 2.183729
14.714715 -1.498712 -1.509595 0.426513 2.169545
14.814815 -1.469585 -1.507795 0.458551 2.154854
14.914915 -1.439587 -1.505080 0.490286 2.139639
15.015015 -1.408727 -1.501442 0.521695 2.123912
15.115115 -1.376989 -1.496845 0.552746 2.107646
15.215215 -1.344379 -1.491277 0.583413 2.090845
15.315315 -1.310887 -1.484707 0.613662 2.073490
15.415415 -1.276490 -1.477087 0.643452 2.055540
15.515516 -1.241200 -1.468410 0.672756 2.037009
15.615616 -1.205001 -1.458632 0.701530 2.017865
15.715716 -1.167891 -1.447725 0.729736 1.998097
15.815816 -1.129873 -1.435666 0.757335 1.977702
15.915916 -1.090936 -1.422412 0.784278 1.956652
16.016016 -1.051086 -1.407940 0.810524 1.934948
16.116116 -1.010339 -1.392236 0.836035 1.912606
16.216216 -0.968684 -1.375251 0.860749 1.889591
16.316316 -0.926124 -1.356949 0.884614 1.865893
16.416416 -0.882684 -1.337324 0.907589 1.841544
16.516517 -0.838367 -1.316338 0.929613 1.816531
16.616617 -0.793179 -1.293947 0.950618 1.790839
16.716717 -0.747130 -1.270115 0.970537 1.764465
16.816817 -0.700222 -1.244780 0.989279 1.737372
16.916917 -0.652455 -1.217878 1.006747 1.709521
17.017017 -0.603838 -1.189343 1.022835 1.680877
17.117117 -0.554378 -1.159098 1.037425 1.651392
17.217217 -0.504103 -1.127095 1.050410 1.621057
17.317317 -0.453042 -1.093279 1.061675 1.589862
17.417417 -0.401221 -1.057563 1.071062 1.557752
17.517518 -0.348682 -1.019882 1.078427 1.524711
17.617618 -0.295484 -0.980191 1.083633 1.490753
17.717718 -0.241694 -0.938439 1.086526 1.455892
17.817818 -0.187378 -0.894526 1.086879 1.420068
17.917918 -0.132614 -0.848316 1.084403 1.383169
18.018018 -0.077507 -0.799690 1.078798 1.345109
18.118118 -0.022192 -0.748566 1.069780 1.305861
18.218218 0.033159 -0.694928 1.057126 1.265520
18.318318 0.088349 -0.638768 1.040587 1.224194
18.418418 0.143137 -0.580030 1.019793 1.181906
18.518519 0.197219 -0.518638 0.994273 1.138621
18.618619 0.250213 -0.454536 0.963488 1.094312
18.718719 0.301644 -0.387716 0.926862 1.048993
18.818819 0.350922 -0.318233 0.883775 1.002735
18.918919 0.397320 -0.246229 0.833567 0.955681
19.019019 0.439923 -0.171959 0.775522 0.908040
19.119119 0.477599 -0.095843 0.708909 0.860138
19.219219 0.509006 -0.018546 0.633103 0.812558
19.319319 0.532425 0.058958 0.547486 0.765960
19.419419 0.545773 0.135262 0.451636 0.721207
19.519520 0.546669 0.208387 0.345618 0.679503
19.619620 0.532614 0.275718 0.230288 0.642441
19.719720 0.501398 0.334062 0.107688 0.612041
19.819820 0.451580 0.379910 -0.018758 0.590431
19.919920 0.383155 0.410009 -0.144292 0.579427
20.020020 0.297946 0.422067 -0.263386 0.579900
20.120120 0.199742 0.415701 -0.370970 0.591880
20.220220 0.093388 0.392384 -0.463435 0.614377
20.320320 -0.016415 0.354715 -0.538985 0.645443
20.420420 -0.125733 0.305835 -0.597543 0.682936
20.520521 -0.231751 0.248825 -0.640267 0.724958
20.620621 -0.332726 0.186371 -0.669016 0.770080
20.720721 -0.427710 0.120560 -0.685714 0.817113
20.820821 -0.516276 0.052949 -0.692138 0.865101
20.920921 -0.598369 -0.015310 -0.689907 0.913374
21.021021 -0.674141 -0.083388 -0.680415 0.961449
21.121121 -0.743830 -0.150693 -0.664816 1.008946
21.221221 -0.807847 -0.216828 -0.644176 1.055743
21.321321 -0.866655 -0.281544 -0.619415 1.101832
21.421421 -0.920591 -0.344654 -0.591204 1.147082
21.521522 -0.969925 -0.406018 -0.560073 1.191338
21.621622 -1.014962 -0.465561 -0.526492 1.234540
21.721722 -1.055985 -0.523240 -0.490862 1.276648
21.821822 -1.093255 -0.579038 -0.453519 1.317638
21.921922 -1.127029 -0.632963 -0.414758 1.357520
22.022022 -1.157502 -0.685011 -0.374815 1.396259
22.122122 -1.184872 -0.735202 -0.333898 1.433852
22.222222 -1.209365 -0.783587 -0.292201 1.470358
22.322322 -1.231205 -0.830232 -0.249894 1.505855
22.422422 -1.250571 -0.875187 -0.207116 1.540382
22.522523 -1.267543 -0.918445 -0.163973 1.573879
22.622623 -1.282171 -0.959984 -0.120557 1.606258
22.722723 -1.294549 -0.999817 -0.076961 1.637503
22.822823 -1.304778 -1.037969 -0.033268 1.667613
22.922923 -1.312979 -1.074487 0.010446 1.696628
23.023023 -1.319251 -1.109406 0.054115 1.724567
23.123123 -1.323633 -1.142714 0.097674 1.751382
23.223223 -1.326146 -1.174387 0.141065 1.777005
23.323323 -1.326839 -1.204427 0.184231 1.801412
23.423423 -1.325759 -1.232837 0.227119 1.824584
23.523524 -1.322970 -1.259636 0.269684 1.846527
23.623624 -1.318590 -1.284898 0.311893 1.867330
23.723724 -1.312704 -1.308673 0.353715 1.887043
23.823824 -1.305392 -1.331003 0.395120 1.905712
23.923924 -1.296746 -1.351952 0.436089 1.923408
24.024024 -1.286857 -1.371582 0.476609 1.940205
24.124124 -1.275771 -1.389914 0.516651 1.956114
24.224224 -1.263494 -1.406925 0.556178 1.971088
24.324324 -1.250048 -1.422613 0.595157 1.985110
24.424424 -1.235484 -1.437004 0.633569 1.998202
24.524525 -1.219872 -1.450153 0.671410 2.010428
24.624625 -1.203258 -1.462087 0.708664 2.021815
24.724725 -1.185670 -1.472813 0.745309 2.032357
24.824825 -1.167149 -1.482355 0.781331 2.042081
24.924925 -1.147747 -1.490754 0.816727 2.051028
25.025025 -1.127487 -1.498012 0.851475 2.059193
25.125125 -1.106381 -1.504120 0.885545 2.066554
25.225225 -1.084440 -1.509067 0.918909 2.073086
25.325325 -1.061688 -1.512857 0.951545 2.078787
25.425425 -1.038169 -1.515528 0.983454 2.083699
25.525526 -1.013925 -1.517112 1.014634 2.087859
25.625626 -0.988982 -1.517622 1.045073 2.091277
25.725726 -0.963349 -1.517040 1.074738 2.093923
25.825826 -0.937036 -1.515359 1.103600 2.095777
25.925926 -0.910079 -1.512606 1.131659 2.096872
26.026026 -0.882486 -1.508762 1.158877 2.097174
26.126126 -0.854249 -1.503784 1.185202 2.096619
26.226226 -0.825387 -1.497671 1.210609 2.095198
26.326326 -0.795933 -1.490450 1.235097 2.092944
26.426426 -0.765924 -1.482151 1.258669 2.089895
26.526527 -0.735377 -1.472773 1.281301 2.086042
26.626627 -0.704306 -1.462306 1.302961 2.081368
26.726727 -0.672720 -1.450729 1.323609 2.075840
26.826827 -0.640633 -1.438026 1.343205 2.069427
26.926927 -0.608071 -1.424213 1.361741 2.062152
27.027027 -0.575057 -1.409293 1.379193 2.054013
27.127127 -0.541599 -1.393234 1.395507 2.044962
27.227227 -0.507714 -1.376025 1.410644 2.034978
27.327327 -0.473425 -1.357661 1.424572 2.024050
27.427427 -0.438753 -1.338140 1.437260 2.012173
27.527528 -0.403723 -1.317463 1.448681 1.999344
27.627628 -0.368360 -1.295626 1.458800 1.985556
27.727728 -0.332688 -1.272622 1.467580 1.970797
27.827828 -0.296736 -1.248465 1.475003 1.955083
27.927928 -0.260528 -1.223134 1.481012 1.938383
28.028028 -0.224082 -1.196571 1.485501 1.920601
28.128128 -0.187422 -1.168746 1.488395 1.901687
28.228228 -0.150585 -1.139664 1.489660 1.881647
28.328328 -0.113609 -1.109343 1.489276 1.860509
28.428428 -0.076531 -1.077781 1.487196 1.838266
28.528529 -0.039388 -1.044945 1.483328 1.814862
28.628629 -0.002223 -1.010807 1.477578 1.790244
28.728729 0.034917 -0.975384 1.469920 1.764443
28.828829 0.071985 -0.938714 1.460347 1.737521
28.928929 0.108929 -0.900804 1.448812 1.709494
29.029029 0.145692 -0.861651 1.435240 1.680352
29.129129 0.182211 -0.821242 1.419540 1.650071
29.229229 0.218417 -0.779570 1.401617 1.618631
29.329329 0.254236 -0.736637 1.381386 1.586032
29.429429 0.289584 -0.692448 1.358755 1.552276
29.529530 0.324370 -0.647005 1.333618 1.517356
29.629630 0.358486 -0.600309 1.305851 1.481259
29.729730 0.391816 -0.552369 1.275325 1.443982
29.829830 0.424214 -0.503184 1.241867 1.405484
29.929930 0.455505 -0.452748 1.205258 1.365691
30.030030 0.485506 -0.401087 1.165321 1.324597
30.130130 0.514027 -0.348257 1.121908 1.282258
30.230230 0.540838 -0.294319 1.074840 1.238713
30.330330 0.565648 -0.239342 1.023866 1.193961
30.430430 0.588128 -0.183425 0.968742 1.148042
30.530531 0.607834 -0.126690 0.909119 1.100913
30.630631 0.624200 -0.069305 0.844568 1.052485
30.730731 0.636643 -0.011529 0.774773 1.002856
30.830831 0.644482 0.046285 0.699441 0.952217
30.930931 0.646902 0.103664 0.618297 0.900843
31.031031 0.642954 0.159974 0.531136 0.849168
31.131131 0.631566 0.214383 0.437904 0.797869
31.231231 0.611314 0.265720 0.338617 0.747645
31.331331 0.580428 0.312364 0.233542 0.699292
31.431431 0.536979 0.352162 0.123538 0.653931
31.531532 0.479011 0.382335 0.010346 0.612975
31.631632 0.405110 0.399667 -0.103009 0.578324
31.731732 0.315134 0.400999 -0.212072 0.552344
31.831832 0.210844 0.383957 -0.311268 0.537370
31.931932 0.096183 0.347884 -0.394940 0.535025
32.032032 -0.023264 0.294392 -0.458802 0.545625
32.132132 -0.141639 0.226966 -0.500983 0.567943
32.232232 -0.254154 0.150004 -0.522222 0.599842
32.332332 -0.357799 0.067715 -0.525102 0.639012
32.432432 -0.451149 -0.016567 -0.512807 0.683214
32.532533 -0.533912 -0.100486 -0.488443 0.730573
32.632633 -0.606525 -0.182502 -0.454779 0.779746
32.732733 -0.669693 -0.261674 -0.414039 0.829693
32.832833 -0.724318 -0.337501 -0.368026 0.879765
32.932933 -0.771306 -0.409755 -0.318154 0.929534
33.033033 -0.811484 -0.478377 -0.265493 0.978692
33.133133 -0.845604 -0.543410 -0.210878 1.027039
33.233233 -0.874230 -0.604891 -0.154923 1.074324
33.333333 -0.897871 -0.662903 -0.098113 1.120374
33.433433 -0.917000 -0.717562 -0.040842 1.165097
33.533534 -0.932047 -0.769006 0.016580 1.208452
33.633634 -0.943422 -0.817399 0.073904 1.250459
33.733734 -0.951428 -0.862848 0.130930 1.291071
33.833834 -0.956289 -0.905423 0.187490 1.330200
33.933934 -0.958260 -0.945238 0.243449 1.367847
34.034034 -0.957624 -0.982459 0.298712 1.404101
34.134134 -0.954646 -1.017252 0.353208 1.439065
34.234234 -0.949544 -1.049759 0.406884 1.472814
34.334334 -0.942500 -1.080092 0.459690 1.505397
34.434434 -0.933654 -1.108335 0.511579 1.536824
34.534535 -0.923098 -1.134522 0.562493 1.567051
34.634635 -0.910935 -1.158706 0.612389 1.596065
34.734735 -0.897289 -1.180978 0.661248 1.623911
34.834835 -0.882266 -1.201409 0.709052 1.650615
34.934935 -0.865955 -1.220058 0.755779 1.676192
35.035035 -0.848438 -1.236979 0.801410 1.700654
35.135135 -0.829783 -1.252210 0.845923 1.723994
35.235235 -0.810034 -1.265758 0.889273 1.746169
35.335335 -0.789242 -1.277645 0.931433 1.767158
35.435435 -0.767481 -1.287933 0.972402 1.786999
35.535536 -0.744835 -1.296700 1.012200 1.805757
35.635636 -0.721388 -1.304038 1.050859 1.823518
35.735736 -0.697206 -1.310013 1.088395 1.840335
35.835836 -0.672329 -1.314642 1.124789 1.856195
35.935936 -0.646798 -1.317954 1.160033 1.871103
36.036036 -0.620663 -1.319995 1.194134 1.885090
36.136136 -0.593980 -1.320828 1.227119 1.898215
36.236236 -0.566791 -1.320491 1.258993 1.910500
36.336336 -0.539127 -1.319001 1.289743 1.921942
36.436436 -0.511021 -1.316381 1.319365 1.932544
36.536537 -0.482506 -1.312656 1.347855 1.942316
36.636637 -0.453618 -1.307860 1.375221 1.951281
36.736737 -0.424391 -1.302028 1.401475 1.959469
36.836837 -0.394854 -1.295183 1.426612 1.966884
36.936937 -0.365027 -1.287316 1.450599 1.973490
37.037037 -0.334933 -1.278438 1.473423 1.979283
37.137137 -0.304597 -1.268552 1.495061 1.984241
37.237237 -0.274041 -1.257665 1.515493 1.988350
37.337337 -0.243293 -1.245797 1.534718 1.991622
37.437437 -0.212375 -1.232952 1.552713 1.994039
37.537538 -0.181309 -1.219122 1.569442 1.995565
37.637638 -0.150120 -1.204310 1.584882 1.996184
37.737738 -0.118832 -1.188538 1.599030 1.995906
37.837838 -0.087472 -1.171812 1.611870 1.994723
37.937938 -0.056065 -1.154140 1.623381 1.992624
38.038038 -0.024634 -1.135525 1.633538 1.989590
38.138138 0.006794 -1.115959 1.642297 1.985586
38.238238 0.038192 -1.095444 1.649633 1.980592
38.338338 0.069533 -1.073991 1.655528 1.974605
38.438438 0.100788 -1.051595 1.659937 1.967588
38.538539 0.131926 -1.028246 1.662815 1.959502
38.638639 0.162918 -1.003955 1.664137 1.950339
38.738739 0.193730 -0.978718 1.663860 1.940065
38.838839 0.224330 -0.952542 1.661956 1.928667
38.938939 0.254692 -0.925475 1.658463 1.916213
39.039039 0.284788 -0.897544 1.653389 1.902731
39.139139 0.314586 -0.868764 1.646716 1.888223
39.239239 0.344051 -0.839148 1.638423 1.872690
39.339339 0.373146 -0.808705 1.628477 1.856119
39.439439 0.401831 -0.777442 1.616845 1.838497
39.539540 0.430070 -0.745382 1.603514 1.819839
39.639640 0.457825 -0.712542 1.588463 1.800148
39.739740 0.485038 -0.678914 1.571613 1.779369
39.839840 0.511647 -0.644495 1.552888 1.757446
39.939940 0.537609 -0.609309 1.532266 1.734393
40.040040 0.562881 -0.573389 1.509752 1.710251
40.140140 0.587400 -0.536746 1.485279 1.684989
40.240240 0.611083 -0.499383 1.458758 1.658548
40.340340 0.633847 -0.461309 1.430102 1.630877
40.440440 0.655595 -0.422537 1.399215 1.601919
40.540541 0.676220 -0.383078 1.365984 1.571603
40.640641 0.695602 -0.342952 1.330296 1.539859
40.740741 0.713608 -0.302183 1.292029 1.506616
40.840841 0.730067 -0.260794 1.251013 1.471749
40.940941 0.744773 -0.218814 1.207044 1.435103
41.041041 0.757533 -0.176294 1.159969 1.396590
41.141141 0.768157 -0.133310 1.109669 1.356172
41.241241 0.776426 -0.089948 1.056015 1.313809
41.341341 0.782066 -0.046315 0.998832 1.269424
41.441441 0.784738 -0.002537 0.937904 1.222899
41.541542 0.784044 0.041220 0.873000 1.174118
41.641642 0.779512 0.084742 0.803872 1.122956
41.741742 0.770575 0.127752 0.730249 1.069285
41.841842 0.756480 0.169870 0.651792 1.012892
41.941942 0.736346 0.210594 0.568187 0.953620
42.042042 0.709151 0.249256 0.479196 0.891433
42.142142 0.673497 0.284895 0.384562 0.826227
42.242242 0.627578 0.316130 0.284158 0.757982
42.342342 0.569088 0.340949 0.178185 0.686919
42.442442 0.495095 0.356358 0.067534 0.613735
42.542543 0.402028 0.357835 -0.045420 0.540126
42.642643 0.286206 0.338684 -0.155256 0.469814
42.742743 0.146131 0.290040 -0.250774 0.410323
42.842843 -0.011723 0.204206 -0.312995 0.373903
42.942943 -0.166876 0.084528 -0.322440 0.372774
43.043043 -0.294206 -0.049907 -0.277154 0.407262
43.143143 -0.383305 -0.178708 -0.194605 0.465543
43.243243 -0.438491 -0.292218 -0.094076 0.535272
43.343343 -0.467972 -0.388872 0.012367 0.608582
43.443443 -0.478959 -0.470307 0.118542 0.681647
43.543544 -0.476854 -0.538963 0.221587 0.752975
43.643644 -0.465312 -0.596983 0.320292 0.821882
43.743744 -0.446789 -0.646052 0.414200 0.888012
43.843844 -0.423008 -0.687510 0.503220 0.951229
43.943944 -0.395205 -0.722407 0.587422 1.011496
44.044044 -0.364297 -0.751597 0.666963 1.068854
44.144144 -0.331013 -0.775849 0.742099 1.123487
44.244244 -0.295912 -0.795792 0.813089 1.175569
44.344344 -0.259407 -0.811896 0.880130 1.225192
44.444444 -0.221827 -0.824567 0.943423 1.272464
44.544545 -0.183434 -0.834127 1.003126 1.317451
44.644645 -0.144446 -0.840867 1.059410 1.360247
44.744745 -0.105051 -0.845104 1.112512 1.401042
44.844845 -0.065401 -0.847082 1.162611 1.439962
44.944945 -0.025616 -0.846977 1.209819 1.477054
45.045045 0.014201 -0.844960 1.254265 1.512395
45.145145 0.053963 -0.841182 1.296067 1.546056
45.245245 0.093592 -0.835770 1.335317 1.578082
45.345345 0.133020 -0.828805 1.372055 1.608462
45.445445 0.172184 -0.820372 1.406328 1.637197
45.545546 0.211029 -0.810552 1.438191 1.664308
45.645646 0.249510 -0.799445 1.467736 1.689857
45.745746 0.287588 -0.787142 1.495048 1.713904
45.845846 0.325226 -0.773718 1.520196 1.736493
45.945946 0.362398 -0.759255 1.543268 1.757691
46.046046 0.399066 -0.743805 1.564295 1.777504
46.146146 0.435195 -0.727410 1.583296 1.795925
46.246246 0.470758 -0.710125 1.600319 1.812984
46.346346 0.505724 -0.691992 1.615391 1.828687
46.446446 0.540064 -0.673049 1.628531 1.843035
46.546547 0.573756 -0.653344 1.639783 1.856056
46.646647 0.606775 -0.632915 1.649175 1.867762
46.746747 0.639086 -0.611789 1.656702 1.878131
46.846847 0.670659 -0.589995 1.662373 1.887157
46.946947 0.701480 -0.567575 1.666232 1.894873
47.047047 0.731530 -0.544566 1.668310 1.901301
47.147147 0.760775 -0.520992 1.668604 1.906423
47.247247 0.789181 -0.496877 1.667106 1.910219
47.347347 0.816720 -0.472246 1.663819 1.912679
47.447447 0.843358 -0.447125 1.658743 1.913793
47.547548 0.869060 -0.421537 1.651869 1.913539
47.647648 0.893790 -0.395506 1.643189 1.911898
47.747748 0.917495 -0.369049 1.632665 1.908819
47.847848 0.940113 -0.342182 1.620245 1.904231
47.947948 0.961587 -0.314925 1.605894 1.898084
48.048048 0.981873 -0.287304 1.589596 1.890353
48.148148 1.000938 -0.259351 1.571357 1.881038
48.248248 1.018762 -0.231100 1.551206 1.870166
48.348348 1.035348 -0.202593 1.529204 1.857809
48.448448 1.050677 -0.173863 1.505381 1.843996
48.548549 1.064727 -0.144945 1.479759 1.828753
48.648649 1.077470 -0.115871 1.452353 1.812098
48.748749 1.088845 -0.086673 1.423136 1.793993
48.848849 1.098805 -0.057384 1.392102 1.774433
48.948949 1.107308 -0.028041 1.359256 1.753424
49.049049 1.114304 0.001318 1.324589 1.730957
49.149149 1.119723 0.030655 1.288081 1.707007
49.249249 1.123478 0.059924 1.249689 1.681522
49.349349 1.125459 0.089077 1.209355 1.654428
49.449449 1.125549 0.118060 1.167020 1.625649
49.549550 1.123622 0.146810 1.122624 1.595106
49.649650 1.119522 0.175255 1.076088 1.562693
49.749750 1.113118 0.203319 1.027368 1.528351
49.849850 1.104301 0.230921 0.976452 1.492067
49.949950 1.092907 0.257963 0.923287 1.453771
50.050050 1.078683 0.284315 0.867764 1.413296
50.150150 1.061342 0.309824 0.809765 1.370458
50.250250 1.040604 0.334319 0.749207 1.325118
50.350350 1.016170 0.357605 0.686021 1.277148
50.450450 0.987712 0.379451 0.620152 1.226436
50.550551 0.954851 0.399581 0.551553 1.172866
50.650651 0.917107 0.417642 0.480173 1.116278
50.750751 0.873876 0.433177 0.405960 1.056459
50.850851 0.824452 0.445611 0.328914 0.993215
50.950951 0.767960 0.454191 0.249100 0.926339
51.051051 0.703262 0.457874 0.166686 0.855576
51.151151 0.628918 0.455223 0.082065 0.780705
51.251251 0.542986 0.444104 -0.003951 0.701483
51.351351 0.442959 0.421331 -0.089677 0.617879
51.451451 0.326153 0.382370 -0.171675 0.531088
51.551552 0.190124 0.320318 -0.242740 0.444605
51.651652 0.035607 0.225333 -0.287589 0.367083
51.751752 -0.122784 0.090607 -0.278853 0.317875
51.851852 -0.246374 -0.067184 -0.194910 0.321253
51.951952 -0.306184 -0.209089 -0.058307 0.375322
52.052052 -0.313885 -0.317049 0.090622 0.455254
52.152152 -0.291357 -0.395384 0.232156 0.543244
52.252252 -0.252614 -0.452185 0.361456 0.631614
52.352352 -0.205117 -0.493563 0.478593 0.717446
52.452452 -0.152867 -0.523646 0.584847 0.799763
52.552553 -0.098141 -0.545316 0.681729 0.878496
52.652653 -0.042255 -0.560537 0.770548 0.953799
52.752753 0.014003 -0.570653 0.852334 1.025824
52.852853 0.070141 -0.576662 0.927963 1.094794
52.952953 0.125846 -0.579300 0.998140 1.160909
53.053053 0.180916 -0.579141 1.063465 1.224375
53.153153 0.235234 -0.576665 1.124501 1.285450
53.253253 0.288718 -0.572223 1.181667 1.344296
53.353353 0.341319 -0.566094 1.235311 1.401055
53.453453 0.393013 -0.558520 1.285757 1.455876
53.553554 0.443772 -0.549669 1.333222 1.508824
53.653654 0.493573 -0.539678 1.377876 1.559939
53.753754 0.542409 -0.528674 1.419899 1.609291
53.853854 0.590306 -0.516795 1.459523 1.657029
53.953954 0.637304 -0.504166 1.496977 1.703315
54.054054 0.683420 -0.490872 1.532408 1.748226
54.154154 0.728651 -0.476977 1.565905 1.791786
54.254254 0.773012 -0.462543 1.597579 1.834053
54.354354 0.816539 -0.447639 1.627569 1.875126
54.454454 0.859247 -0.432315 1.655970 1.915056
54.554555 0.901153 -0.416615 1.682866 1.953890
54.654655 0.942282 -0.400580 1.708346 1.991684
54.754755 0.982652 -0.384249 1.732490 2.028490
54.854855 1.022290 -0.367655 1.755377 2.064364
54.954955 1.061215 -0.350828 1.777074 2.099345
55.055055 1.099446 -0.333795 1.797641 2.133475
55.155155 1.136993 -0.316575 1.817123 2.166774
55.255255 1.173876 -0.299193 1.835575 2.199281
55.355355 1.210122 -0.281668 1.853061 2.231047
55.455455 1.245727 -0.264015 1.869595 2.262062
55.555556 1.280684 -0.246244 1.885187 2.292317
55.655656 1.314994 -0.228368 1.899853 2.321810
55.755756 1.348638 -0.210396 1.913586 2.350511
55.855856 1.381617 -0.192338 1.926401 2.378420
55.955956 1.413944 -0.174207 1.938335 2.405563
56.056056 1.445634 -0.156016 1.949420 2.431962
56.156156 1.476686 -0.137773 1.959672 2.457620
56.256256 1.507086 -0.119487 1.969083 2.482514
56.356356 1.536832 -0.101165 1.977663 2.506639
56.456456 1.565925 -0.082817 1.985428 2.530001
56.556557 1.594361 -0.064451 1.992385 2.552594
56.656657 1.622161 -0.046074 1.998568 2.574452
56.756757 1.649354 -0.027697 2.004029 2.595625
56.856857 1.675951 -0.009324 2.008786 2.616127
56.956957 1.701958 0.009036 2.012859 2.635971
57.057057 1.727388 0.027378 2.016273 2.655179
57.157157 1.752258 0.045696 2.019054 2.673775
57.257257 1.776584 0.063986 2.021229 2.691787
57.357357 1.800378 0.082242 2.022820 2.709230
57.457457 1.823641 0.100459 2.023836 2.726109
57.557558 1.846376 0.118633 2.024288 2.742429
57.657658 1.868589 0.136759 2.024186 2.758198
57.757758 1.890285 0.154834 2.023546 2.773425
57.857858 1.911479 0.172854 2.022388 2.788132
57.957958 1.932174 0.190815 2.020722 2.802325
58.058058 1.952373 0.208714 2.018557 2.816007
58.158158 1.972090 0.226547 2.015913 2.829199
58.258258 1.991342 0.244315 2.012814 2.841928
58.358358 2.010140 0.262013 2.009274 2.854207
58.458458 2.028493 0.279641 2.005309 2.866051
58.558559 2.046407 0.297195 2.000928 2.877467
58.658659 2.063881 0.314672 1.996136 2.888456
58.758759 2.080913 0.332069 1.990935 2.899016
58.858859 2.097505 0.349384 1.985331 2.909147
58.958959 2.113649 0.366612 1.979323 2.918842
59.059059 2.129331 0.383746 1.972898 2.928078
59.159159 2.144553 0.400786 1.966066 2.936861
59.259259 2.159323 0.417729 1.958838 2.945203
59.359359 2.173644 0.434573 1.951219 2.953106
59.459459 2.187531 0.451319 1.943229 2.960595
59.559560 2.200985 0.467963 1.934872 2.967668
59.659660 2.213994 0.484500 1.926141 2.974311
59.759760 2.226547 0.500926 1.917031 2.980511
59.859860 2.238626 0.517234 1.907530 2.986243
59.959960 2.250212 0.533416 1.897625 2.991482
60.060060 2.261303 0.549469 1.887320 2.996228
60.160160 2.271916 0.565394 1.876633 3.000504
60.260260 2.282063 0.581192 1.865579 3.004327
60.360360 2.291751 0.596861 1.854165 3.007705
60.460460 2.300968 0.612397 1.842388 3.010627
60.560561 2.309710 0.627794 1.830247 3.013087
60.660661 2.317985 0.643053 1.817751 3.015094
60.760761 2.325787 0.658170 1.804902 3.016644
60.860861 2.333113 0.673141 1.791700 3.017735
60.960961 2.339957 0.687962 1.778143 3.018358
61.061061 2.346298 0.702624 1.764221 3.018488
61.161161 2.352133 0.717123 1.749936 3.018124
61.261261 2.357472 0.731460 1.735296 3.017277
61.361361 2.362293 0.745625 1.720291 3.015922
61.461461 2.366574 0.759609 1.704910 3.014034
61.561562 2.370303 0.773405 1.689147 3.011596
61.661662 2.373477 0.787009 1.673005 3.008608
61.761762 2.376115 0.800424 1.656500 3.005095
61.861862 2.378225 0.813650 1.639643 3.001069
61.961962 2.379814 0.826687 1.622442 2.996539
62.062062 2.380900 0.839539 1.604916 2.991533
62.162162 2.381486 0.852204 1.587067 2.986052
62.262262 2.381553 0.864672 1.568888 2.980077
62.362362 2.381090 0.876937 1.550376 2.973597
62.462462 2.380093 0.888994 1.531532 2.966605
62.562563 2.378562 0.900842 1.512360 2.959106
62.662663 2.376503 0.912478 1.492868 2.951108
62.762763 2.373918 0.923903 1.473062 2.942617
62.862863 2.370816 0.935115 1.452950 2.933644
62.962963 2.367195 0.946111 1.432536 2.924191
63.063063 2.363048 0.956887 1.411819 2.914252
63.163163 2.358377 0.967440 1.390804 2.903828
63.263263 2.353185 0.977769 1.369499 2.892929
63.363363 2.347477 0.987872 1.347908 2.881561
63.463463 2.341234 0.997740 1.326026 2.869705
63.563564 2.334444 1.007364 1.303849 2.857347
63.663664 2.327107 1.016741 1.281383 2.844491
63.763764 2.319226 1.025869 1.258633 2.831143
63.863864 2.310790 1.034742 1.235598 2.817293
63.963964 2.301799 1.043355 1.212281 2.802944
64.064064 2.292259 1.051709 1.188691 2.788105
64.164164 2.282156 1.059794 1.164825 2.772764
64.264264 2.271476 1.067599 1.140680 2.756905
64.364364 2.260192 1.075110 1.116248 2.740499
64.464464 2.248279 1.082311 1.091521 2.723522
64.564565 2.235723 1.089192 1.066497 2.705959
64.664665 2.222496 1.095735 1.041170 2.687780
64.764765 2.208578 1.101926 1.015535 2.668964
64.864865 2.193990 1.107772 0.989608 2.649542
64.964965 2.178733 1.113270 0.963395 2.629521
65.065065 2.162789 1.118405 0.936894 2.608880
65.165165 2.146150 1.123170 0.910109 2.587619
65.265265 2.128767 1.127534 0.883025 2.565680
65.365365 2.110586 1.131465 0.855626 2.543007
65.465465 2.091583 1.134943 0.827909 2.519573
65.565566 2.071730 1.137949 0.799874 2.495354
65.665666 2.051026 1.140476 0.771526 2.470353
65.765766 2.029446 1.142504 0.742865 2.444548
65.865866 2.006963 1.144013 0.713891 2.417914
65.965966 1.983545 1.144977 0.684601 2.390419
66.066066 1.959176 1.145381 0.655000 2.362053
66.166166 1.933841 1.145208 0.625094 2.332806
66.266266 1.907511 1.144434 0.594883 2.302653
66.366366 1.880160 1.143035 0.564371 2.271573
66.466466 1.851761 1.140988 0.533562 2.239545
66.566567 1.822294 1.138270 0.502464 2.206555
66.666667 1.791736 1.134857 0.471082 2.172587
66.766767 1.760062 1.130726 0.439426 2.137628
66.866867 1.727240 1.125845 0.407501 2.101653
66.966967 1.693234 1.120179 0.375316 2.064632
67.067067 1.658007 1.113693 0.342879 2.026540
67.167167 1.621495 1.106330 0.310195 1.987318
67.267267 1.583636 1.098034 0.277274 1.946911
67.367367 1.544376 1.088754 0.244127 1.905277
67.467467 1.503657 1.078431 0.210770 1.862370
67.567568 1.461403 1.066993 0.177219 1.818125
67.667668 1.417542 1.054367 0.143494 1.772486
67.767768 1.372037 1.040504 0.109624 1.725442
67.867868 1.324822 1.025329 0.075640 1.676954
67.967968 1.275804 1.008742 0.041576 1.626950
68.068068 1.224862 0.990618 0.007473 1.575330
68.168168 1.171854 0.970807 -0.026618 1.521978
68.268268 1.116649 0.949157 -0.060633 1.466792
68.368368 1.059117 0.925512 -0.094496 1.409692
68.468468 0.999052 0.899633 -0.128103 1.350502
68.568569 0.936210 0.871233 -0.161325 1.289016
68.668669 0.870382 0.840033 -0.194000 1.225095
68.768769 0.801315 0.805682 -0.225917 1.158563
68.868869 0.728743 0.767782 -0.256808 1.089269
68.968969 0.652293 0.725763 -0.286286 1.016945
69.069069 0.571430 0.678796 -0.313771 0.941142
69.169169 0.485587 0.625864 -0.338450 0.861423
69.269269 0.394180 0.565698 -0.359157 0.777422
69.369369 0.296512 0.496435 -0.373997 0.688652
69.469469 0.191914 0.415360 -0.379788 0.594638
69.569570 0.080275 0.318469 -0.370803 0.495340
69.669670 -0.036078 0.200050 -0.335902 0.392622
69.769770 -0.144724 0.054808 -0.252547 0.296191
69.869870 -0.199823 -0.101785 -0.088825 0.241204
69.969970 -0.144099 -0.200296 0.121770 0.275157
70.070070 -0.024653 -0.219452 0.292019 0.366117
70.170170 0.102564 -0.198295 0.412480 0.469021
70.270270 0.222322 -0.160208 0.499271 0.569531
70.370370 0.332524 -0.114774 0.563927 0.664650
70.470470 0.433810 -0.066140 0.613284 0.754110
70.570571 0.527162 -0.016263 0.651374 0.838124
70.670671 0.613589 0.033836 0.680896 0.917200
70.770771 0.693994 0.083596 0.703746 0.991904
70.870871 0.769106 0.132707 0.721245 1.062699
70.970971 0.839569 0.181001 0.734405 1.130039
71.071071 0.905840 0.228376 0.743922 1.194203
71.171171 0.968300 0.274773 0.750332 1.255429
71.271271 1.027341 0.320186 0.754115 1.314016
71.371371 1.083263 0.364610 0.755633 1.370175
71.471471 1.136306 0.408049 0.755165 1.424068
71.571572 1.186720 0.450530 0.752973 1.475889
71.671672 1.234701 0.492071 0.749258 1.525781
71.771772 1.280383 0.532681 0.744171 1.573824
71.871872 1.323930 0.572389 0.737863 1.620143
71.971972 1.365475 0.611217 0.730460 1.664837
72.072072 1.405113 0.649177 0.722058 1.707965
72.172172 1.442927 0.686281 0.712739 1.749576
72.272272 1.478979 0.722533 0.702570 1.789703
72.372372 1.513323 0.757937 0.691608 1.828370
72.472472 1.546004 0.792495 0.679906 1.865596
72.572573 1.577106 0.826231 0.667529 1.901451
72.672673 1.606697 0.859163 0.654531 1.935988
72.772773 1.634810 0.891291 0.640949 1.969218
72.872873 1.661485 0.922623 0.626822 2.001167
72.972973 1.686779 0.953175 0.612192 2.031883
73.073073 1.710761 0.982974 0.597103 2.061425
73.173173 1.733503 1.012049 0.581600 2.089865
73.273273 1.755083 1.040433 0.565724 2.117277
73.373373 1.775560 1.068151 0.549511 2.143717
73.473473 1.795000 1.095233 0.532993 2.169249
73.573574 1.813456 1.121704 0.516201 2.193925
73.673674 1.830951 1.147568 0.499152 2.217757
73.773774 1.847511 1.172835 0.481865 2.240767
73.873874 1.863165 1.197515 0.464359 2.262975
73.973974 1.877940 1.221619 0.446651 2.284406
74.074074 1.891877 1.245166 0.428760 2.305097
74.174174 1.905001 1.268166 0.410701 2.325069
74.274274 1.917347 1.290638 0.392492 2.344358
74.374374 1.928958 1.312603 0.374148 2.363005
74.474474 1.939840 1.334061 0.355679 2.381009
74.574575 1.950002 1.355013 0.337095 2.398374
74.674675 1.959475 1.375475 0.318408 2.415131
74.774775 1.968284 1.395459 0.299629 2.431301
74.874875 1.976440 1.414969 0.280767 2.446892
74.974975 1.983927 1.433990 0.261826 2.461878
75.075075 1.990714 1.452493 0.242809 2.476214
75.175175 1.996777 1.470458 0.223720 2.489863
75.275275 2.002118 1.487879 0.204566 2.502820
75.375375 2.006752 1.504765 0.185356 2.515100
75.475475 2.010702 1.521126 0.166098 2.526724
75.575576 2.013994 1.536979 0.146803 2.537721
75.675676 2.016645 1.552331 0.127476 2.548105
75.775776 2.018665 1.567187 0.108126 2.557885
75.875876 2.020084 1.581566 0.088759 2.567093
75.975976 2.020935 1.595489 0.069383 2.575767
76.076076 2.021233 1.608964 0.050004 2.583921
76.176176 2.020987 1.621996 0.030628 2.591562
76.276276 2.020213 1.634593 0.011260 2.598708
76.376376 2.018935 1.646771 -0.008095 2.605383
76.476476 2.017170 1.658541 -0.027433 2.611607
76.576577 2.014934 1.669913 -0.046747 2.617394
76.676677 2.012251 1.680904 -0.066036 2.622776
76.776777 2.009122 1.691511 -0.085294 2.627747
76.876877 2.005547 1.701731 -0.104517 2.632305
76.976977 2.001534 1.711569 -0.123700 2.636458
77.077077 1.997094 1.721031 -0.142842 2.640215
77.177177 1.992248 1.730132 -0.161938 2.643602
77.277277 1.986997 1.738869 -0.180985 2.646616
77.377377 1.981336 1.747238 -0.199979 2.649250
77.477477 1.975264 1.755233 -0.218915 2.651497
77.577578 1.968758 1.762831 -0.237786 2.653323
77.677678 1.961795 1.770009 -0.256586 2.654695
77.777778 1.954372 1.776759 -0.275309 2.655605
77.877878 1.946473 1.783067 -0.293949 2.656029
77.977978 1.938081 1.788912 -0.312498 2.655940
78.078078 1.929203 1.794296 -0.330952 2.655343
78.178178 1.919843 1.799221 -0.349306 2.654243
78.278278 1.910017 1.803697 -0.367559 2.652657
78.378378 1.899756 1.807752 -0.385712 2.650626
78.478478 1.889054 1.811376 -0.403759 2.648137
78.578579 1.877884 1.814539 -0.421688 2.645151
78.678679 1.866249 1.817242 -0.439496 2.641668
78.778779 1.854153 1.819483 -0.457179 2.637691
78.878879 1.841609 1.821273 -0.474733 2.633236
78.978979 1.828633 1.822625 -0.492160 2.628323
79.079079 1.815215 1.823524 -0.509450 2.622934
79.179179 1.801345 1.823957 -0.526595 2.617053
79.279279 1.787036 1.823933 -0.543595 2.610694
79.379379 1.772282 1.823443 -0.560442 2.603847
79.479479 1.757060 1.822460 -0.577123 2.596477
79.579580 1.741366 1.820974 -0.593631 2.588571
79.679680 1.725205 1.818989 -0.609961 2.580136
79.779780 1.708582 1.816503 -0.626111 2.571177
79.879880 1.691475 1.813492 -0.642064 2.561657
79.979980 1.673858 1.809919 -0.657806 2.551532
80.080080 1.655722 1.805774 -0.673325 2.540787
80.180180 1.637043 1.801022 -0.688604 2.529380
80.280280 1.617798 1.795636 -0.703626 2.517274
80.380380 1.597988 1.789609 -0.718383 2.504464
80.480480 1.577604 1.782927 -0.732863 2.490934
80.580581 1.556635 1.775569 -0.747052 2.476660
80.680681 1.535070 1.767519 -0.760935 2.461622
80.780781 1.512883 1.758739 -0.774489 2.445775
80.880881 1.490038 1.749180 -0.787687 2.429052
80.980981 1.466495 1.738787 -0.800494 2.411385
81.081081 1.442230 1.727524 -0.812887 2.392729
81.181181 1.417238 1.715377 -0.824850 2.373069
81.281281 1.391511 1.702325 -0.836363 2.352385
81.381381 1.365024 1.688328 -0.847397 2.330628
81.481481 1.337775 1.673374 -0.857937 2.307787
81.581582 1.309789 1.657483 -0.867982 2.283898
81.681682 1.281084 1.640665 -0.877527 2.258985
81.781782 1.251655 1.622907 -0.886554 2.233035
81.881882 1.221474 1.604156 -0.895025 2.205988
81.981982 1.190524 1.584379 -0.902908 2.177808
82.082082 1.158782 1.563530 -0.910165 2.148442
82.182182 1.126230 1.541573 -0.916762 2.117851
82.282282 1.092866 1.518486 -0.922671 2.086020
82.382382 1.058677 1.494235 -0.927858 2.052914
82.482482 1.023659 1.468796 -0.932292 2.018516
82.582583 0.987808 1.442141 -0.935938 1.982805
82.682683 0.951109 1.414230 -0.938753 1.945743
82.782783 0.913527 1.384985 -0.940667 1.907241
82.882883 0.875019 1.354316 -0.941596 1.867199
82.982983 0.835563 1.322157 -0.941472 1.825550
83.083083 0.795156 1.288471 -0.940245 1.782271
83.183183 0.753799 1.253222 -0.937860 1.737342
83.283283 0.711455 1.216307 -0.934210 1.690657
83.383383 0.668051 1.177554 -0.929130 1.642014
83.483483 0.623532 1.136807 -0.922458 1.591242
83.583584 0.577873 1.093951 -0.914055 1.538234
83.683684 0.531038 1.048839 -0.903747 1.482842
83.783784 0.482991 1.001299 -0.891326 1.424901
83.883884 0.433708 0.951157 -0.876567 1.364247
83.983984 0.383155 0.898187 -0.859179 1.300667
84.084084 0.331296 0.842108 -0.838792 1.233886
84.184184 0.278096 0.782559 -0.814921 1.163543
84.284284 0.223526 0.719084 -0.786931 1.089177
84.384384 0.167617 0.651211 -0.754094 1.010361
84.484484 0.110453 0.578315 -0.715396 0.926520
84.584585 0.052216 0.499565 -0.669403 0.836894
84.684685 -0.006677 0.413865 -0.614012 0.740500
84.784785 -0.065314 0.319737 -0.545976 0.636072
84.884885 -0.121540 0.215180 -0.459796 0.522003
84.984985 -0.169557 0.097784 -0.345044 0.396695
85.085085 -0.189711 -0.031490 -0.179727 0.263218
85.185185 -0.103828 -0.125623 0.060361 0.173795
85.285285 0.111422 -0.059329 0.219523 0.253230
85.385385 0.286809 0.060557 0.252751 0.387052
85.485485 0.418265 0.173855 0.243328 0.514179
85.585586 0.523029 0.276528 0.217691 0.630410
85.685686 0.610242 0.370048 0.184562 0.737152
85.785786 0.685020 0.456069 0.147612 0.836086
85.885886 0.750477 0.535894 0.108640 0.928548
85.985986 0.808641 0.610509 0.068615 1.015544
86.086086 0.860896 0.680653 0.028102 1.097825
86.186186 0.908290 0.746944 -0.012554 1.176042
86.286286 0.951693 0.809940 -0.053136 1.250818
86.386386 0.991719 0.870049 -0.093509 1.322587
86.486486 1.028807 0.927565 -0.133585 1.391642
86.586587 1.063321 0.982745 -0.173305 1.458243
86.686687 1.095561 1.035810 -0.212632 1.522619
86.786787 1.125761 1.086932 -0.251543 1.584940
86.886887 1.154129 1.136269 -0.290023 1.645368
86.986987 1.180881 1.184002 -0.328075 1.704105
87.087087 1.206196 1.230279 -0.365707 1.761317
87.187187 1.230217 1.275222 -0.402926 1.817133
87.287287 1.253074 1.318944 -0.439743 1.871679
87.387387 1.274860 1.361524 -0.476162 1.925032
87.487487 1.295659 1.403037 -0.512193 1.977267
87.587588 1.315575 1.443579 -0.547854 2.028498
87.687688 1.334685 1.483222 -0.583158 2.078799
87.787788 1.353045 1.522019 -0.618115 2.128224
87.887888 1.370730 1.560042 -0.652743 2.176857
87.987988 1.387814 1.597367 -0.687065 2.224785
88.088088 1.404357 1.634056 -0.721098 2.272078
88.188188 1.420404 1.670154 -0.754857 2.318787
88.288288 1.435987 1.705694 -0.788350 2.364941
88.388388 1.451145 1.740714 -0.821589 2.410584
88.488488 1.465903 1.775241 -0.854582 2.455741
88.588589 1.480283 1.809297 -0.887335 2.500431
88.688689 1.494312 1.842911 -0.919858 2.544686
88.788789 1.508010 1.876103 -0.952158 2.588525
88.888889 1.521400 1.908898 -0.984243 2.631973
88.988989 1.534497 1.941314 -1.016121 2.675048
89.089089 1.547323 1.973371 -1.047798 2.717772
89.189189 1.559903 2.005104 -1.079291 2.760183
89.289289 1.572247 2.036519 -1.110601 2.802286
89.389389 1.584363 2.067626 -1.141731 2.844087
89.489489 1.596272 2.098450 -1.172692 2.885616
89.589590 1.607993 2.129014 -1.203497 2.926900
89.689690 1.619553 2.159352 -1.234162 2.967980
89.789790 1.630974 2.189492 -1.264703 3.008891
89.889890 1.642268 2.219449 -1.295126 3.049647
89.989990 1.653430 2.249213 -1.325426 3.090234
90.090090 1.664452 2.278775 -1.355596 3.130632
90.190190 1.675348 2.308152 -1.385644 3.170862
90.290290 1.686128 2.337357 -1.415578 3.210938
90.390390 1.696797 2.366395 -1.445400 3.250866
90.490490 1.707360 2.395271 -1.475113 3.290647
90.590591 1.717821 2.423993 -1.504720 3.330290
90.690691 1.728182 2.452563 -1.534222 3.369795
90.790791 1.738437 2.480967 -1.563610 3.409140
90.890891 1.748584 2.509207 -1.592884 3.448325
90.990991 1.758635 2.537295 -1.622051 3.487365
91.091091 1.768589 2.565230 -1.651111 3.526256
91.191191 1.778441 2.593006 -1.680058 3.564986
91.291291 1.788195 2.620628 -1.708894 3.603561
91.391391 1.797858 2.648103 -1.737625 3.641989
91.491491 1.807425 2.675425 -1.766246 3.680260
91.591592 1.816900 2.702597 -1.794759 3.718376
91.691692 1.826296 2.729641 -1.823176 3.756364
91.791792 1.835622 2.756567 -1.851505 3.794238
91.891892 1.844884 2.783385 -1.879752 3.832009
91.991992 1.854092 2.810110 -1.907926 3.869698
92.092092 1.863245 2.836740 -1.936027 3.907298
92.192192 1.872344 2.863276 -1.964054 3.944810
92.292292 1.881392 2.889721 -1.992009 3.982238
92.392392 1.890385 2.916070 -2.019888 4.019573
92.492492 1.899328 2.942330 -2.047697 4.056824
92.592593 1.908229 2.968513 -2.075444 4.094005
92.692693 1.917085 2.994614 -2.103123 4.131108
92.792793 1.925892 3.020627 -2.130732 4.168125
92.892893 1.934652 3.046554 -2.158272 4.205057
92.992993 1.943364 3.072395 -2.185742 4.241903
93.093093 1.952028 3.098146 -2.213138 4.278657
93.193193 1.960640 3.123805 -2.240460 4.315313
93.293293 1.969194 3.149359 -2.267699 4.351856
93.393393 1.977686 3.174803 -2.294849 4.388274
93.493493 1.986116 3.200134 -2.321909 4.424566
93.593594 1.994479 3.225347 -2.348875 4.460720
93.693694 2.002769 3.250431 -2.375738 4.496723
93.793794 2.010992 3.275393 -2.402504 4.532584
93.893894 2.019154 3.300245 -2.429181 4.568317
93.993994 2.027255 3.324985 -2.455767 4.603919
94.094094 2.035290 3.349606 -2.482257 4.639382
94.194194 2.043264 3.374115 -2.508655 4.674712
94.294294 2.051180 3.398517 -2.534966 4.709916
94.394394 2.059037 3.422811 -2.561188 4.744992
94.494494 2.066835 3.446994 -2.587319 4.779936
94.594595 2.074575 3.471070 -2.613361 4.814753
94.694695 2.082262 3.495045 -2.639320 4.849450
94.794795 2.089895 3.518919 -2.665194 4.884026
94.894895 2.097476 3.542694 -2.690985 4.918484
94.994995 2.105007 3.566373 -2.716696 4.952829
95.095095 2.112489 3.589958 -2.742326 4.987059
95.195195 2.119922 3.613449 -2.767878 5.021178
95.295295 2.127308 3.636849 -2.793352 5.055188
95.395395 2.134645 3.660153 -2.818744 5.089081
95.495495 2.141930 3.683357 -2.844052 5.122852
95.595596 2.149162 3.706459 -2.869274 5.156498
95.695696 2.156337 3.729451 -2.894402 5.190005
95.795796 2.163445 3.752318 -2.919425 5.223354
95.895896 2.170481 3.775047 -2.944335 5.256527
95.995996 2.177444 3.797640 -2.969130 5.289524
96.096096 2.184335 3.820096 -2.993811 5.322345
96.196196 2.191160 3.842425 -3.018385 5.355004
96.296296 2.197927 3.864642 -3.042864 5.387519
96.396396 2.204638 3.886749 -3.067249 5.419895
96.496496 2.211299 3.908757 -3.091548 5.452146
96.596597 2.217918 3.930681 -3.115773 5.484292
96.696697 2.224496 3.952520 -3.139924 5.516332
96.796797 2.231029 3.974269 -3.163996 5.548259
96.896897 2.237514 3.995923 -3.187986 5.580065
96.996997 2.243951 4.017480 -3.211890 5.611746
97.097097 2.250339 4.038937 -3.235708 5.643300
97.197197 2.256679 4.060298 -3.259442 5.674732
97.297297 2.262978 4.081576 -3.283102 5.706057
97.397397 2.269241 4.102776 -3.306692 5.737285
97.497497 2.275467 4.123899 -3.330214 5.768416
97.597598 2.281655 4.144944 -3.353665 5.799447
97.697698 2.287805 4.165908 -3.377044 5.830375
97.797798 2.293915 4.186790 -3.400349 5.861197
97.897898 2.299982 4.207583 -3.423575 5.891905
97.997998 2.306002 4.228279 -3.446716 5.922486
98.098098 2.311973 4.248874 -3.469767 5.952935
98.198198 2.317893 4.269365 -3.492727 5.983247
98.298298 2.323761 4.289749 -3.515593 6.013419
98.398398 2.329573 4.310020 -3.538359 6.043440
98.498498 2.335325 4.330170 -3.561018 6.073299
98.598599 2.341012 4.350189 -3.583564 6.102984
98.698699 2.346632 4.370073 -3.605992 6.132487
98.798799 2.352184 4.389819 -3.628300 6.161805
98.898899 2.357666 4.409427 -3.650486 6.190936
98.998999 2.363082 4.428898 -3.672553 6.219883
99.099099 2.368431 4.448235 -3.694502 6.248649
99.199199 2.373713 4.467436 -3.716331 6.277230
99.299299 2.378927 4.486498 -3.738039 6.305624
99.399399 2.384075 4.505425 -3.759627 6.333834
99.499499 2.389155 4.524214 -3.781094 6.361858
99.599600 2.394165 4.542859 -3.802434 6.389687
99.699700 2.399100 4.561353 -3.823642 6.417310
99.799800 2.403961 4.579696 -3.844716 6.444725
99.899900 2.408749 4.597888 -3.865658 6.471936
100.000000 2.413465 4.615935 -3.886470 6.498948
