0.000000 0.824778 -0.092864 0.427176 0.933468
0.100100 0.784135 -0.057650 0.515290 0.940061
0.200200 0.734559 -0.021787 0.597507 0.947135
0.300300 0.676799 0.014310 0.673034 0.954587
0.400400 0.611681 0.050242 0.741212 0.962327
0.500501 0.540090 0.085632 0.801508 0.970281
0.600601 0.462945 0.120131 0.853524 0.978393
0.700701 0.381188 0.153418 0.896985 0.986622
0.800801 0.295707 0.185188 0.931618 0.994812
0.900901 0.207392 0.215162 0.957244 1.002807
1.001001 0.117153 0.243109 0.973882 1.010581
1.101101 0.025874 0.268841 0.981671 1.018147
1.201201 -0.065610 0.292173 0.980721 1.025419
1.301301 -0.156492 0.312930 0.971153 1.032256
1.401401 -0.245981 0.330952 0.953116 1.038492
1.501502 -0.333329 0.346121 0.926882 1.044039
1.601602 -0.417822 0.358348 0.892789 1.048838
1.701702 -0.498746 0.367532 0.851136 1.052739
1.801802 -0.575415 0.373597 0.802277 1.055616
1.901902 -0.647200 0.376503 0.746653 1.057408
2.002002 -0.713479 0.376218 0.684723 1.058035
2.102102 -0.773730 0.372765 0.617042 1.057522
2.202202 -0.827461 0.366181 0.544199 1.055903
2.302302 -0.874244 0.356531 0.466817 1.053250
2.402402 -0.913767 0.343929 0.385589 1.049732
2.502503 -0.945708 0.328481 0.301192 1.045457
2.602603 -0.969842 0.310330 0.214336 1.040594
2.702703 -0.985993 0.289632 0.125744 1.035316
2.802803 -0.993941 0.266533 0.036135 1.029691
2.902903 -0.993462 0.241182 -0.053749 1.023730
3.003003 -0.984402 0.213757 -0.143140 1.017461
3.103103 -0.966635 0.184449 -0.231234 1.010877
3.203203 -0.940137 0.153484 -0.317209 1.004010
3.303303 -0.905109 0.121135 -0.400278 0.997055
3.403403 -0.861841 0.087691 -0.479672 0.990224
3.503504 -0.810647 0.053450 -0.554622 0.983672
3.603604 -0.751904 0.018721 -0.624372 0.977523
3.703704 -0.686064 -0.016174 -0.688190 0.971880
3.803804 -0.613683 -0.050903 -0.745408 0.966867
3.903904 -0.535416 -0.085132 -0.795430 0.962614
4.004004 -0.451983 -0.118525 -0.837728 0.959231
4.104104 -0.364172 -0.150753 -0.871851 0.956803
4.204204 -0.272806 -0.181488 -0.897385 0.955333
4.304304 -0.178742 -0.210398 -0.913938 0.954725
4.404404 -0.082917 -0.237198 -0.921355 0.955004
4.504505 0.013704 -0.261628 -0.919597 0.956188
4.604605 0.110158 -0.283429 -0.908622 0.958155
4.704705 0.205478 -0.302379 -0.888534 0.960805
4.804805 0.298716 -0.318299 -0.859562 0.964050
4.904905 0.388985 -0.331077 -0.822125 0.967889
5.005005 0.475471 -0.340653 -0.776755 0.972350
5.105105 0.557438 -0.347004 -0.724050 0.977444
5.205205 0.634231 -0.350147 -0.664667 0.983175
5.305305 0.705264 -0.350120 -0.599285 0.989507
5.405405 0.770004 -0.346979 -0.528590 0.996348
5.505506 0.828009 -0.340812 -0.453303 1.003611
5.605606 0.878979 -0.331756 -0.374191 1.011279
5.705706 0.922687 -0.319967 -0.292015 1.019315
5.805806 0.958923 -0.305595 -0.207501 1.027608
5.905906 0.987452 -0.288774 -0.121348 1.035943
6.006006 1.008151 -0.269671 -0.034256 1.044157
6.106106 1.020974 -0.248468 0.053077 1.052112
6.206206 1.025943 -0.225360 0.139978 1.059688
6.306306 1.023247 -0.200575 0.225810 1.066891
6.406406 1.013195 -0.174354 0.309997 1.073807
6.506507 0.996192 -0.146943 0.392035 1.080594
6.606607 0.972611 -0.118569 0.471460 1.087338
6.706707 0.942728 -0.089434 0.547803 1.093994
6.806807 0.906850 -0.059738 0.620637 1.100516
6.906907 0.865337 -0.029679 0.689585 1.106895
7.007007 0.818516 0.000554 0.754272 1.113057
7.107107 0.766716 0.030774 0.814338 1.118904
7.207207 0.710342 0.060802 0.869515 1.124428
7.307307 0.649805 0.090462 0.919556 1.129608
7.407407 0.585530 0.119591 0.964270 1.134444
7.507508 0.517974 0.148038 1.003538 1.138991
7.607608 0.447542 0.175648 1.037177 1.143189
7.707708 0.374646 0.202274 1.065049 1.146998
7.807808 0.299735 0.227793 1.087123 1.150464
7.907908 0.223229 0.252072 1.103315 1.153549
8.008008 0.145533 0.274975 1.113507 1.156153
8.108108 0.067075 0.296382 1.117671 1.158244
8.208208 -0.011721 0.316183 1.115799 1.159792
8.308308 -0.090429 0.334261 1.107875 1.160730
8.408408 -0.168626 0.350536 1.093990 1.161087
8.508509 -0.245901 0.364940 1.074290 1.160925
8.608609 -0.321836 0.377388 1.048851 1.160211
8.708709 -0.395998 0.387783 1.017724 1.158858
8.808809 -0.467939 0.396023 0.980963 1.156759
8.908909 -0.537235 0.402041 0.938716 1.153883
9.009009 -0.603477 0.405788 0.891186 1.150244
9.109109 -0.666272 0.407231 0.838612 1.145874
9.209209 -0.725219 0.406335 0.781239 1.140783
9.309309 -0.779950 0.403086 0.719361 1.135025
9.409409 -0.830178 0.397520 0.653365 1.128762
9.509510 -0.875568 0.389648 0.583597 1.122066
9.609610 -0.915732 0.379459 0.510379 1.114918
9.709710 -0.950277 0.366951 0.434062 1.107289
9.809810 -0.978743 0.352105 0.355002 1.099064
9.909910 -1.000671 0.334916 0.273602 1.090123
10.010010 -1.015742 0.315439 0.190356 1.080494
10.110110 -1.023712 0.293766 0.105807 1.070271
10.210210 -1.024232 0.269964 0.020521 1.059411
10.310310 -1.016855 0.244090 -0.064890 1.047753
10.410410 -1.001321 0.216265 -0.149752 1.035297
10.510511 -0.977524 0.186665 -0.233349 1.022179
10.610611 -0.945310 0.155466 -0.314902 1.008436
10.710711 -0.904554 0.122873 -0.393575 0.994091
10.810811 -0.855256 0.089129 -0.468496 0.979232
10.910911 -0.797530 0.054517 -0.538764 0.963999
11.011011 -0.731627 0.019358 -0.603467 0.948592
11.111111 -0.657939 -0.015996 -0.661707 0.933271
11.211211 -0.576963 -0.051158 -0.712566 0.918289
11.311311 -0.489246 -0.085705 -0.755037 0.903763
11.411411 -0.395511 -0.119179 -0.788155 0.889844
11.511512 -0.296716 -0.151106 -0.811108 0.876795
11.611612 -0.193987 -0.180997 -0.823194 0.864893
11.711712 -0.088589 -0.208351 -0.823786 0.854331
11.811812 0.018056 -0.232667 -0.812406 0.845259
11.911912 0.124401 -0.253520 -0.788964 0.837981
12.012012 0.228851 -0.270570 -0.753714 0.832866
12.112112 0.329817 -0.283533 -0.707105 0.830162
12.212212 0.425787 -0.292220 -0.649853 0.830058
12.312312 0.515310 -0.296501 -0.582823 0.832550
12.412412 0.597173 -0.296382 -0.507160 0.837656
12.512513 0.670529 -0.292048 -0.424298 0.845535
12.612613 0.734765 -0.283749 -0.335688 0.856200
12.712713 0.789309 -0.271716 -0.242680 0.869328
12.812813 0.833767 -0.256215 -0.146591 0.884479
12.912913 0.868109 -0.237612 -0.048742 0.901360
13.013013 0.892431 -0.216272 0.049649 0.919604
13.113113 0.906915 -0.192553 0.147473 0.938786
13.213213 0.911910 -0.166824 0.243735 0.958550
13.313313 0.907940 -0.139461 0.337584 0.978656
13.413413 0.895625 -0.110821 0.428311 0.998937
13.513514 0.875643 -0.081237 0.515353 1.019283
13.613614 0.848623 -0.051007 0.598230 1.039539
13.713714 0.815116 -0.020394 0.676509 1.059478
13.813814 0.775661 0.010360 0.749824 1.078885
13.913914 0.730772 0.041033 0.817857 1.097544
14.014014 0.681002 0.071425 0.880399 1.115333
14.114114 0.626914 0.101353 0.937324 1.132197
14.214214 0.569028 0.130658 0.988535 1.148071
14.314314 0.507817 0.159187 1.033925 1.162849
14.414414 0.443739 0.186803 1.073429 1.176456
14.514515 0.377271 0.213399 1.107102 1.188927
14.614615 0.308872 0.238885 1.135043 1.200329
14.714715 0.238933 0.263155 1.157236 1.210593
14.814815 0.167825 0.286107 1.173659 1.219630
14.914915 0.095915 0.307645 1.184307 1.227366
15.015015 0.023562 0.327688 1.189223 1.233769
15.115115 -0.048880 0.346175 1.188511 1.238865
15.215215 -0.121073 0.363050 1.182284 1.242683
15.315315 -0.192692 0.378266 1.170675 1.245269
15.415415 -0.263413 0.391760 1.153754 1.246599
15.515516 -0.332933 0.403495 1.131670 1.246728
15.615616 -0.400975 0.413461 1.104643 1.245780
15.715716 -0.467262 0.421637 1.072850 1.243833
15.815816 -0.531503 0.427984 1.036421 1.240901
15.915916 -0.593429 0.432481 0.995527 1.237042
16.016016 -0.652791 0.435122 0.950378 1.232350
16.116116 -0.709290 0.435868 0.901107 1.226811
16.216216 -0.762594 0.434662 0.847817 1.220358
16.316316 -0.812421 0.431484 0.790699 1.213017
16.416416 -0.858544 0.426349 0.730010 1.204901
16.516517 -0.900745 0.419275 0.666018 1.196124
16.616617 -0.938728 0.410247 0.598941 1.186694
16.716717 -0.972097 0.399211 0.528952 1.176492
16.816817 -1.000483 0.386138 0.456283 1.165445
16.916917 -1.023628 0.371051 0.381251 1.153623
17.017017 -1.041335 0.353999 0.304222 1.141159
17.117117 -1.053371 0.335028 0.225564 1.128146
17.217217 -1.059465 0.314174 0.145662 1.114625
17.317317 -1.059370 0.291494 0.064937 1.100659
17.417417 -1.052852 0.267054 -0.016153 1.086313
17.517518 -1.039778 0.240958 -0.097117 1.071742
17.617618 -1.020059 0.213330 -0.177431 1.057124
17.717718 -0.993511 0.184283 -0.256527 1.042512
17.817818 -0.959927 0.153940 -0.333774 1.027892
17.917918 -0.919187 0.122458 -0.408501 1.013298
18.018018 -0.871258 0.090029 -0.479999 0.998797
18.118118 -0.816267 0.056878 -0.547573 0.984562
18.218218 -0.754437 0.023261 -0.610523 0.970801
18.318318 -0.685972 -0.010548 -0.668060 0.957588
18.418418 -0.611182 -0.044247 -0.719393 0.945001
18.518519 -0.530444 -0.077500 -0.763668 0.933041
18.618619 -0.444292 -0.109947 -0.800094 0.921756
18.718719 -0.353481 -0.141222 -0.828065 0.911364
18.818819 -0.258845 -0.170944 -0.846986 0.902002
18.918919 -0.161302 -0.198714 -0.856278 0.893710
19.019019 -0.061905 -0.224149 -0.855551 0.886591
19.119119 0.038196 -0.246920 -0.844681 0.880860
19.219219 0.137804 -0.266710 -0.823645 0.876650
19.319319 0.235675 -0.283199 -0.792440 0.873902
19.419419 0.330542 -0.296110 -0.751250 0.872534
19.519520 0.421215 -0.305282 -0.700593 0.872610
19.619620 0.506600 -0.310637 -0.641196 0.874226
19.719720 0.585671 -0.312133 -0.573854 0.877351
19.819820 0.657557 -0.309810 -0.499506 0.881969
19.919920 0.721580 -0.303791 -0.419216 0.888093
20.020020 0.777221 -0.294250 -0.334082 0.895693
20.120120 0.824170 -0.281425 -0.245235 0.904764
20.220220 0.862269 -0.265585 -0.153779 0.915254
20.320320 0.891525 -0.247026 -0.060763 0.927109
20.420420 0.912102 -0.226068 0.032822 0.940274
20.520521 0.924162 -0.203006 0.126080 0.954559
20.620621 0.927848 -0.178110 0.218171 0.969651
20.720721 0.923385 -0.151657 0.308324 0.985243
20.820821 0.911137 -0.123931 0.395855 1.001115
20.920921 0.891529 -0.095210 0.480167 1.017078
21.021021 0.864988 -0.065756 0.560720 1.032926
21.121121 0.831901 -0.035812 0.637002 1.048386
21.221221 0.792775 -0.005614 0.708636 1.063338
21.321321 0.748214 0.024614 0.775386 1.077800
21.421421 0.698726 0.054672 0.836999 1.091685
21.521522 0.644798 0.084374 0.893262 1.104898
21.621622 0.586942 0.113551 0.944047 1.117417
21.721722 0.525667 0.142057 0.989296 1.129253
21.821822 0.461444 0.169752 1.028949 1.140387
21.921922 0.394708 0.196509 1.062948 1.150769
22.022022 0.325911 0.222223 1.091337 1.160438
22.122122 0.255466 0.246792 1.114129 1.169381
22.222222 0.183762 0.270116 1.131332 1.177558
22.322322 0.111176 0.292106 1.142970 1.184934
22.422422 0.038082 0.312702 1.149172 1.191565
22.522523 -0.035164 0.331855 1.150095 1.197532
22.622623 -0.108227 0.349488 1.145771 1.202767
22.722723 -0.180775 0.365530 1.136249 1.207209
22.822823 -0.252481 0.379909 1.121577 1.210790
22.922923 -0.323033 0.392581 1.101883 1.213514
23.023023 -0.392154 0.403536 1.077386 1.215478
23.123123 -0.459584 0.412768 1.048307 1.216775
23.223223 -0.525057 0.420260 1.014824 1.217444
23.323323 -0.588312 0.425990 0.977103 1.217501
23.423423 -0.649082 0.429934 0.935302 1.216939
23.523524 -0.707071 0.432048 0.889537 1.215686
23.623624 -0.761926 0.432260 0.839873 1.213576
23.723724 -0.813237 0.430471 0.786339 1.210367
23.823824 -0.860681 0.426645 0.729101 1.205980
23.923924 -0.903982 0.420774 0.668386 1.200406
24.024024 -0.942870 0.412858 0.604438 1.193650
24.124124 -0.977093 0.402907 0.537530 1.185742
24.224224 -1.006371 0.390926 0.467930 1.176675
24.324324 -1.030384 0.376907 0.395911 1.166403
24.424424 -1.048762 0.360836 0.321756 1.154829
24.524525 -1.061235 0.342740 0.245816 1.141979
24.624625 -1.067550 0.322663 0.168478 1.127900
24.724725 -1.067372 0.300632 0.090143 1.112559
24.824825 -1.060371 0.276687 0.011261 1.095933
24.924925 -1.046218 0.250884 -0.067668 1.078004
25.025025 -1.024545 0.223287 -0.146079 1.058720
25.125125 -0.994981 0.193979 -0.223333 1.038024
25.225225 -0.957275 0.163092 -0.298727 1.015979
25.325325 -0.911237 0.130796 -0.371486 0.992704
25.425425 -0.856615 0.097279 -0.440706 0.968232
25.525526 -0.793304 0.062786 -0.505416 0.942718
25.625626 -0.721295 0.027619 -0.564536 0.916368
25.725726 -0.640624 -0.007865 -0.616822 0.889343
25.825826 -0.551506 -0.043227 -0.660908 0.861874
25.925926 -0.454341 -0.077934 -0.695269 0.834205
26.026026 -0.349821 -0.111351 -0.718270 0.806651
26.126126 -0.239015 -0.142727 -0.728221 0.779618
26.226226 -0.123457 -0.171204 -0.723476 0.753637
26.326326 -0.005228 -0.195864 -0.702676 0.729481
26.426426 0.113054 -0.215765 -0.664872 0.708090
26.526527 0.228332 -0.230041 -0.609785 0.690574
26.626627 0.337202 -0.237920 -0.537796 0.677890
26.726727 0.436104 -0.238799 -0.450029 0.670625
26.826827 0.521687 -0.232406 -0.348592 0.669093
26.926927 0.591280 -0.218899 -0.236500 0.673395
27.027027 0.643145 -0.198833 -0.117335 0.683328
27.127127 0.676548 -0.173059 0.005201 0.698351
27.227227 0.691922 -0.142668 0.127614 0.717911
27.327327 0.690598 -0.108828 0.246968 0.741460
27.427427 0.674305 -0.072626 0.360983 0.768290
27.527528 0.644959 -0.035015 0.468024 0.797650
27.627628 0.604526 0.003201 0.567026 0.828843
27.727728 0.554844 0.041369 0.657356 0.861209
27.827828 0.497670 0.078978 0.738810 0.894289
27.927928 0.434566 0.115643 0.811452 0.927726
28.028028 0.366780 0.151055 0.875325 0.961010
28.128128 0.295395 0.184977 0.930579 0.993706
28.228228 0.221390 0.217246 0.977536 1.025567
28.328328 0.145581 0.247722 1.016448 1.056280
28.428428 0.068674 0.276297 1.047576 1.085574
28.528529 -0.008705 0.302890 1.071208 1.113241
28.628629 -0.086010 0.327458 1.087696 1.139170
28.728729 -0.162763 0.349996 1.097453 1.163354
28.828829 -0.238545 0.370482 1.100795 1.185711
28.928929 -0.312981 0.388903 1.098018 1.206171
29.029029 -0.385749 0.405273 1.089463 1.224736
29.129129 -0.456560 0.419603 1.075441 1.241405
29.229229 -0.525129 0.431889 1.056194 1.256119
29.329329 -0.591203 0.442136 1.031974 1.268848
29.429429 -0.654577 0.450375 1.003082 1.279641
29.529530 -0.715084 0.456651 0.969834 1.288585
29.629630 -0.772574 0.461011 0.932530 1.295768
29.729730 -0.826894 0.463489 0.891432 1.301240
29.829830 -0.877884 0.464109 0.846776 1.305031
29.929930 -0.925364 0.462882 0.798766 1.307128
30.030030 -0.969100 0.459791 0.747554 1.307440
30.130130 -1.008895 0.454838 0.693330 1.305930
30.230230 -1.044550 0.448026 0.636288 1.302564
30.330330 -1.075824 0.439342 0.576605 1.297263
30.430430 -1.102511 0.428793 0.514489 1.289997
30.530531 -1.124391 0.416381 0.450156 1.280730
30.630631 -1.141206 0.402101 0.383821 1.269392
30.730731 -1.152662 0.385940 0.315710 1.255887
30.830831 -1.158464 0.367894 0.246076 1.240136
30.930931 -1.158379 0.347984 0.175216 1.222143
31.031031 -1.152125 0.326229 0.103449 1.201881
31.131131 -1.139366 0.302639 0.031125 1.179285
31.231231 -1.119769 0.277241 -0.041359 1.154320
31.331331 -1.092987 0.250072 -0.113548 1.126965
31.431431 -1.058673 0.221188 -0.184925 1.097229
31.531532 -1.016529 0.190676 -0.254905 1.065207
31.631632 -0.966253 0.158649 -0.322810 1.031029
31.731732 -0.907541 0.125247 -0.387861 0.994863
31.831832 -0.840032 0.090644 -0.449107 0.956853
31.931932 -0.763448 0.055074 -0.505456 0.917263
32.032032 -0.677650 0.018856 -0.555645 0.876531
32.132132 -0.582544 -0.017601 -0.598131 0.835121
32.232232 -0.478202 -0.053752 -0.631035 0.793581
32.332332 -0.364999 -0.088869 -0.652114 0.752579
32.432432 -0.243867 -0.122000 -0.658830 0.713030
32.532533 -0.116482 -0.151904 -0.648301 0.675971
32.632633 0.014357 -0.177106 -0.617842 0.642885
32.732733 0.144560 -0.196046 -0.565657 0.615873
32.832833 0.268891 -0.207183 -0.491064 0.596968
32.932933 0.381460 -0.209317 -0.395206 0.587804
33.033033 0.476660 -0.201948 -0.281450 0.589238
33.133133 0.550418 -0.185490 -0.155018 0.601163
33.233233 0.601008 -0.161209 -0.022008 0.622643
33.333333 0.628982 -0.130839 0.111912 0.652121
33.433433 0.636466 -0.096187 0.242259 0.687772
33.533534 0.626152 -0.058828 0.365890 0.727600
33.633634 0.600943 -0.020055 0.480870 0.769916
33.733734 0.563722 0.019131 0.586281 0.813557
33.833834 0.517009 0.058002 0.681846 0.857658
33.933934 0.462923 0.096051 0.767707 0.901608
34.034034 0.403161 0.132921 0.844150 0.944879
34.134134 0.339071 0.168362 0.911521 0.987008
34.234234 0.271795 0.202213 0.970302 1.027739
34.334334 0.202254 0.234367 1.020951 1.066853
34.434434 0.131214 0.264767 1.063975 1.104247
34.534535 0.059314 0.293396 1.099898 1.139901
34.634635 -0.012930 0.320243 1.129156 1.173762
34.734735 -0.085087 0.345330 1.152222 1.205864
34.834835 -0.156802 0.368691 1.169546 1.236267
34.934935 -0.227784 0.390365 1.181530 1.265023
35.035035 -0.297794 0.410399 1.188568 1.292209
35.135135 -0.366626 0.428833 1.190985 1.317861
35.235235 -0.434093 0.445688 1.189030 1.341964
35.335335 -0.500037 0.460995 1.182961 1.364533
35.435435 -0.564333 0.474796 1.173041 1.385615
35.535536 -0.626859 0.487121 1.159487 1.405222
35.635636 -0.687482 0.497978 1.142454 1.423311
35.735736 -0.746081 0.507381 1.122097 1.439852
35.835836 -0.802566 0.515355 1.098594 1.454859
35.935936 -0.856879 0.521944 1.072149 1.468391
36.036036 -0.908982 0.527194 1.042971 1.480530
36.136136 -0.958812 0.531136 1.011215 1.491302
36.236236 -1.006288 0.533780 0.977003 1.500690
36.336336 -1.051328 0.535141 0.940454 1.508681
36.436436 -1.093878 0.535241 0.901703 1.515295
36.536537 -1.133897 0.534110 0.860891 1.520569
36.636637 -1.171313 0.531760 0.818128 1.524492
36.736737 -1.206036 0.528193 0.773506 1.527030
36.836837 -1.238009 0.523429 0.727145 1.528196
36.936937 -1.267226 0.517505 0.679186 1.528060
37.037037 -1.293673 0.510457 0.629764 1.526682
37.137137 -1.317318 0.502309 0.578999 1.524100
37.237237 -1.338078 0.493066 0.526989 1.520290
37.337337 -1.355797 0.482710 0.473802 1.515151
37.437437 -1.370375 0.471241 0.419538 1.508644
37.537538 -1.381733 0.458670 0.364310 1.500762
37.637638 -1.389786 0.445008 0.308230 1.491490
37.737738 -1.394423 0.430258 0.251413 1.480793
37.837838 -1.395477 0.414409 0.193972 1.468576
37.937938 -1.392868 0.397477 0.136040 1.454846
38.038038 -1.386620 0.379512 0.077773 1.439720
38.138138 -1.376717 0.360552 0.019321 1.423278
38.238238 -1.363001 0.340600 -0.039163 1.405459
38.338338 -1.345291 0.319656 -0.097511 1.386180
38.438438 -1.323492 0.297746 -0.155542 1.365458
38.538539 -1.297551 0.274910 -0.213064 1.343358
38.638639 -1.267393 0.251187 -0.269873 1.319929
38.738739 -1.232944 0.226619 -0.325745 1.295229
38.838839 -1.194175 0.201264 -0.380454 1.269373
38.938939 -1.150997 0.175173 -0.433733 1.242419
39.039039 -1.103275 0.148397 -0.485275 1.214384
39.139139 -1.050847 0.120997 -0.534719 1.185261
39.239239 -0.993495 0.093037 -0.581626 1.154979
39.339339 -0.931083 0.064612 -0.625542 1.123563
39.439439 -0.863540 0.035841 -0.665977 1.091106
39.539540 -0.790805 0.006865 -0.702370 1.057707
39.639640 -0.712807 -0.022145 -0.734046 1.023429
39.739740 -0.629507 -0.050977 -0.760212 0.988332
39.839840 -0.540955 -0.079366 -0.779976 0.952519
39.939940 -0.447264 -0.106980 -0.792255 0.916056
40.040040 -0.348722 -0.133407 -0.795844 0.879075
40.140140 -0.245871 -0.158149 -0.789472 0.841861
40.240240 -0.139564 -0.180613 -0.771806 0.804850
40.340340 -0.031014 -0.200057 -0.741318 0.768464
40.440440 0.078056 -0.215614 -0.696500 0.733276
40.540541 0.185307 -0.226364 -0.636228 0.700261
40.640641 0.287735 -0.231327 -0.559771 0.670557
40.740741 0.381766 -0.229600 -0.467195 0.645548
40.840841 0.463369 -0.220450 -0.359591 0.626590
40.940941 0.528392 -0.203448 -0.239249 0.614678
41.041041 0.573199 -0.178687 -0.109844 0.610370
41.141141 0.595585 -0.146945 0.023830 0.613907
41.241241 0.595088 -0.109560 0.156578 0.625020
41.341341 0.572833 -0.068163 0.283625 0.642827
41.441441 0.531446 -0.024475 0.401249 0.666359
41.541542 0.474174 0.019957 0.506922 0.694413
41.641642 0.404364 0.063877 0.599248 0.725733
41.741742 0.325281 0.106349 0.677893 0.759379
41.841842 0.239754 0.146727 0.743151 0.794534
41.941942 0.150085 0.184580 0.795611 0.830417
42.042042 0.058155 0.219663 0.836118 0.866445
42.142142 -0.034536 0.251882 0.865724 0.902284
42.242242 -0.126830 0.281237 0.885489 0.937694
42.342342 -0.217840 0.307761 0.896349 0.972426
42.442442 -0.306911 0.331556 0.899265 1.006380
42.542543 -0.393561 0.352746 0.895128 1.039507
42.642643 -0.477376 0.371408 0.884587 1.071600
42.742743 -0.558104 0.387676 0.868352 1.102637
42.842843 -0.635646 0.401739 0.847189 1.132771
42.942943 -0.709909 0.413737 0.821684 1.162030
43.043043 -0.780756 0.423753 0.792257 1.190302
43.143143 -0.848070 0.431859 0.759271 1.217464
43.243243 -0.911808 0.438152 0.723110 1.243486
43.343343 -0.971925 0.442711 0.684102 1.268317
43.443443 -1.028392 0.445615 0.642548 1.291910
43.543544 -1.081176 0.446929 0.598716 1.314210
43.643644 -1.130253 0.446716 0.552854 1.335168
43.743744 -1.175680 0.445067 0.505226 1.354829
43.843844 -1.217578 0.442088 0.456102 1.373305
43.943944 -1.256085 0.437883 0.405727 1.390721
44.044044 -1.291267 0.432524 0.354299 1.407116
44.144144 -1.323088 0.426046 0.301968 1.422414
44.244244 -1.351542 0.418488 0.248888 1.436573
44.344344 -1.376742 0.409928 0.195228 1.449681
44.444444 -1.398728 0.400417 0.141130 1.461743
44.544545 -1.417472 0.389982 0.086725 1.472696
44.644645 -1.432972 0.378661 0.032140 1.482507
44.744745 -1.445238 0.366490 -0.022499 1.491152
44.844845 -1.454268 0.353504 -0.077069 1.498599
44.944945 -1.460110 0.339748 -0.131452 1.504869
45.045045 -1.462806 0.325265 -0.185534 1.509974
45.145145 -1.462341 0.310084 -0.239196 1.513872
45.245245 -1.458783 0.294253 -0.292334 1.516605
45.345345 -1.452176 0.277811 -0.344843 1.518193
45.445445 -1.442513 0.260791 -0.396607 1.518602
45.545546 -1.429893 0.243240 -0.447540 1.517911
45.645646 -1.414432 0.225212 -0.497565 1.516216
45.745746 -1.396161 0.206742 -0.546583 1.513526
45.845846 -1.375155 0.187872 -0.594511 1.509898
45.945946 -1.351482 0.168643 -0.641266 1.505379
46.046046 -1.325111 0.149083 -0.686720 1.499910
46.146146 -1.296050 0.129227 -0.730760 1.493471
46.246246 -1.264300 0.109108 -0.773262 1.486033
46.346346 -1.229862 0.088763 -0.814099 1.477564
46.446446 -1.192791 0.068235 -0.853171 1.468096
46.546547 -1.153114 0.047564 -0.890356 1.457624
46.646647 -1.110837 0.026792 -0.925509 1.446113
46.746747 -1.065971 0.005965 -0.958480 1.433532
46.846847 -1.018532 -0.014869 -0.989113 1.419850
46.946947 -0.968555 -0.035659 -1.017252 1.405052
47.047047 -0.916095 -0.056349 -1.042758 1.389154
47.147147 -0.861191 -0.076880 -1.065449 1.372131
47.247247 -0.803907 -0.097191 -1.085166 1.353994
47.347347 -0.744347 -0.117216 -1.101776 1.334804
47.447447 -0.682594 -0.136886 -1.115103 1.314582
47.547548 -0.618745 -0.156124 -1.124967 1.293356
47.647648 -0.552923 -0.174853 -1.131199 1.271184
47.747748 -0.485275 -0.192990 -1.133647 1.248155
47.847848 -0.415943 -0.210441 -1.132103 1.224316
47.947948 -0.345054 -0.227085 -1.126252 1.199614
48.048048 -0.272749 -0.242771 -1.115689 1.173922
48.148148 -0.199205 -0.257323 -1.099944 1.147072
48.248248 -0.124681 -0.270569 -1.078643 1.119028
48.348348 -0.049504 -0.282330 -1.051455 1.089825
48.448448 0.025940 -0.292376 -1.017907 1.059383
48.548549 0.101180 -0.300459 -0.977552 1.027678
48.648649 0.175643 -0.306325 -0.930017 0.994795
48.748749 0.248630 -0.309674 -0.874867 0.960785
48.848849 0.319305 -0.310184 -0.811727 0.925781
48.948949 0.386682 -0.307523 -0.740319 0.890037
49.049049 0.449526 -0.301289 -0.660345 0.853759
49.149149 0.506417 -0.291090 -0.571719 0.817346
49.249249 0.555673 -0.276531 -0.474572 0.781320
49.349349 0.595242 -0.257178 -0.369250 0.746190
49.449449 0.622777 -0.232655 -0.256564 0.712604
49.549550 0.635756 -0.202722 -0.137984 0.681411
49.649650 0.631719 -0.167393 -0.015813 0.653712
49.749750 0.608462 -0.127001 0.106728 0.630671
49.849850 0.564696 -0.082354 0.225582 0.613638
49.949950 0.500501 -0.034752 0.336189 0.603930
50.050050 0.417403 0.014146 0.434037 0.602340
50.150150 0.318461 0.062498 0.515380 0.609048
50.250250 0.207765 0.108544 0.577705 0.623451
50.350350 0.089858 0.150849 0.620071 0.644451
50.450450 -0.030900 0.188443 0.643029 0.670785
50.550551 -0.150859 0.220863 0.648291 0.701299
50.650651 -0.267242 0.248012 0.638056 0.734877
50.750751 -0.378090 0.270005 0.614536 0.770395
50.850851 -0.482177 0.287159 0.579990 0.807058
50.950951 -0.578781 0.299854 0.536433 0.844192
51.051051 -0.667544 0.308485 0.485604 0.881243
51.151151 -0.748390 0.313458 0.429020 0.917824
51.251251 -0.821418 0.315159 0.367961 0.953650
51.351351 -0.886891 0.313965 0.303527 0.988574
51.451451 -0.945183 0.310231 0.236647 1.022554
51.551552 -0.996659 0.304264 0.168075 1.055535
51.651652 -1.041711 0.296340 0.098433 1.087506
51.751752 -1.080696 0.286694 0.028235 1.118434
51.851852 -1.113856 0.275508 -0.042098 1.148195
51.951952 -1.141389 0.262936 -0.112200 1.176644
52.052052 -1.163536 0.249127 -0.181756 1.203709
52.152152 -1.180635 0.234243 -0.250506 1.229439
52.252252 -1.192949 0.218414 -0.318221 1.253832
52.352352 -1.200721 0.201759 -0.384708 1.276886
52.452452 -1.204202 0.184388 -0.449800 1.298623
52.552553 -1.203564 0.166392 -0.513335 1.319002
52.652653 -1.199006 0.147859 -0.575178 1.338024
52.752753 -1.190716 0.128872 -0.635212 1.355695
52.852853 -1.178812 0.109499 -0.693296 1.371951
52.952953 -1.163332 0.089801 -0.749255 1.386646
53.053053 -1.144356 0.069838 -0.802942 1.399695
53.153153 -1.122038 0.049678 -0.854262 1.411099
53.253253 -1.096536 0.029383 -0.903135 1.420883
53.353353 -1.068033 0.009013 -0.949515 1.429110
53.453453 -1.036691 -0.011373 -0.993347 1.435826
53.553554 -1.002631 -0.031723 -1.034549 1.441030
53.653654 -0.965988 -0.051984 -1.073063 1.444749
53.753754 -0.926893 -0.072106 -1.108824 1.447004
53.853854 -0.885435 -0.092036 -1.141731 1.447762
53.953954 -0.841682 -0.111718 -1.171649 1.446952
54.054054 -0.795695 -0.131096 -1.198423 1.444484
54.154154 -0.747546 -0.150108 -1.221910 1.440286
54.254254 -0.697321 -0.168692 -1.241967 1.434293
54.354354 -0.645137 -0.186793 -1.258496 1.426501
54.454454 -0.591123 -0.204352 -1.271417 1.416929
54.554555 -0.535411 -0.221312 -1.280639 1.405589
54.654655 -0.478141 -0.237613 -1.286086 1.392515
54.754755 -0.419447 -0.253192 -1.287648 1.377708
54.854855 -0.359452 -0.267967 -1.285150 1.361111
54.954955 -0.298300 -0.281858 -1.278440 1.342697
55.055055 -0.236152 -0.294783 -1.267372 1.322459
55.155155 -0.173174 -0.306638 -1.251729 1.300324
55.255255 -0.109557 -0.317318 -1.231311 1.276253
55.355355 -0.045523 -0.326719 -1.205953 1.250256
55.455455 0.018681 -0.334728 -1.175482 1.222354
55.555556 0.082781 -0.341253 -1.139814 1.192679
55.655656 0.146465 -0.346168 -1.098794 1.161307
55.755756 0.209365 -0.349285 -1.052091 1.128153
55.855856 0.271058 -0.350430 -0.999467 1.093256
55.955956 0.331084 -0.349448 -0.940800 1.056804
56.056056 0.388879 -0.346140 -0.875892 1.018934
56.156156 0.443755 -0.340258 -0.804497 0.979749
56.256256 0.494819 -0.331477 -0.726279 0.939258
56.356356 0.541001 -0.319448 -0.640974 0.897539
56.456456 0.581123 -0.303862 -0.548562 0.854960
56.556557 0.613748 -0.284377 -0.449153 0.811970
56.656657 0.637015 -0.260583 -0.342987 0.768981
56.756757 0.648796 -0.232115 -0.230727 0.726669
56.856857 0.646769 -0.198736 -0.113659 0.686093
56.956957 0.628322 -0.160345 0.006175 0.648488
57.057057 0.590765 -0.117118 0.125677 0.615236
57.157157 0.532041 -0.069735 0.240531 0.588036
57.257257 0.451371 -0.019523 0.345295 0.568635
57.357357 0.349829 0.031546 0.433929 0.558274
57.457457 0.231078 0.081035 0.501115 0.557745
57.557558 0.100886 0.126502 0.543458 0.567034
57.657658 -0.034117 0.166019 0.560177 0.585256
57.757758 -0.167744 0.198470 0.552983 0.610998
57.857858 -0.295219 0.223552 0.525190 0.642615
57.957958 -0.413386 0.241544 0.480687 0.678448
58.058058 -0.520516 0.253059 0.423254 0.717022
58.158158 -0.615904 0.258852 0.356222 0.757124
58.258258 -0.699420 0.259647 0.282296 0.797682
58.358358 -0.771382 0.256149 0.203690 0.837934
58.458458 -0.832411 0.249018 0.122190 0.877410
58.558559 -0.883213 0.238827 0.039190 0.915773
58.658659 -0.924553 0.226080 -0.044226 0.952820
58.758759 -0.957139 0.211194 -0.127214 0.988383
58.858859 -0.981638 0.194527 -0.209116 1.022343
58.958959 -0.998771 0.176404 -0.289438 1.054721
59.059059 -1.009083 0.157080 -0.367765 1.085437
59.159159 -1.013059 0.136775 -0.443769 1.114418
59.259259 -1.011171 0.115683 -0.517185 1.141635
59.359359 -1.003842 0.093974 -0.587800 1.167064
59.459459 -0.991529 0.071803 -0.655478 1.190771
59.559560 -0.974588 0.049303 -0.720074 1.212748
59.659660 -0.953336 0.026591 -0.781465 1.232981
59.759760 -0.928123 0.003775 -0.839587 1.251533
59.859860 -0.899303 -0.019049 -0.894423 1.268504
59.959960 -0.867196 -0.041797 -0.945966 1.283989
60.060060 -0.832114 -0.064395 -0.994239 1.298103
60.160160 -0.794356 -0.086778 -1.039288 1.310973
60.260260 -0.754124 -0.108882 -1.081069 1.322599
60.360360 -0.711601 -0.130647 -1.119535 1.332967
60.460460 -0.666979 -0.152017 -1.154665 1.342096
60.560561 -0.620433 -0.172939 -1.186428 1.349983
60.660661 -0.572140 -0.193362 -1.214813 1.356652
60.760761 -0.522277 -0.213244 -1.239822 1.362132
60.860861 -0.470997 -0.232532 -1.261416 1.366411
60.960961 -0.418437 -0.251175 -1.279533 1.369446
61.061061 -0.364756 -0.269128 -1.294162 1.371252
61.161161 -0.310101 -0.286342 -1.305264 1.371812
61.261261 -0.254628 -0.302781 -1.312853 1.371165
61.361361 -0.198514 -0.318430 -1.317035 1.369447
61.461461 -0.141907 -0.333254 -1.317825 1.366696
61.561562 -0.084956 -0.347221 -1.315248 1.362959
61.661662 -0.027808 -0.360295 -1.309306 1.358259
61.761762 0.029394 -0.372426 -1.299954 1.352570
61.861862 0.086498 -0.383564 -1.287155 1.345872
61.961962 0.143343 -0.393636 -1.270795 1.338065
62.062062 0.199751 -0.402563 -1.250756 1.329041
62.162162 0.255549 -0.410292 -1.227014 1.318790
62.262262 0.310563 -0.416792 -1.199610 1.307375
62.362362 0.364609 -0.422015 -1.168547 1.294812
62.462462 0.417489 -0.425909 -1.133819 1.281109
62.562563 0.468997 -0.428420 -1.095424 1.266276
62.662663 0.518913 -0.429492 -1.053366 1.250325
62.762763 0.567007 -0.429070 -1.007659 1.233278
62.862863 0.613053 -0.427111 -0.958356 1.215197
62.962963 0.656801 -0.423562 -0.905504 1.196131
63.063063 0.697972 -0.418363 -0.849139 1.176107
63.163163 0.736280 -0.411458 -0.789327 1.155181
63.263263 0.771385 -0.402774 -0.726119 1.133362
63.363363 0.802924 -0.392237 -0.659588 1.110673
63.463463 0.830484 -0.379765 -0.589823 1.087113
63.563564 0.853644 -0.365292 -0.516965 1.062732
63.663664 0.871936 -0.348744 -0.441193 1.037567
63.763764 0.884758 -0.330019 -0.362689 1.011560
63.863864 0.891492 -0.309032 -0.281722 0.984696
63.963964 0.891570 -0.285747 -0.198685 0.957091
64.064064 0.884441 -0.260161 -0.114075 0.928942
64.164164 0.869435 -0.232270 -0.028488 0.900377
64.264264 0.845879 -0.202104 0.057342 0.871577
64.364364 0.813209 -0.169773 0.142514 0.842878
64.464464 0.770846 -0.135430 0.225943 0.814614
64.564565 0.718231 -0.099300 0.306315 0.787112
64.664665 0.654896 -0.061705 0.382057 0.760699
64.764765 0.580549 -0.023092 0.451305 0.735694
64.864865 0.495239 0.015935 0.511950 0.712466
64.964965 0.399434 0.054595 0.561645 0.691356
65.065065 0.294314 0.091953 0.598136 0.672936
65.165165 0.181724 0.126928 0.619274 0.657750
65.265265 0.064146 0.158357 0.623191 0.646188
65.365365 -0.055260 0.185101 0.608735 0.638651
65.465465 -0.172903 0.206112 0.575472 0.635252
65.565566 -0.285049 0.220604 0.524033 0.636027
65.665666 -0.388144 0.228109 0.456020 0.640815
65.765766 -0.479279 0.228585 0.373953 0.649462
65.865866 -0.556337 0.222349 0.280910 0.661710
65.965966 -0.617787 0.209876 0.179990 0.676835
66.066066 -0.662878 0.191845 0.074301 0.694069
66.166166 -0.691651 0.169089 -0.033224 0.712795
66.266266 -0.704751 0.142500 -0.140003 0.732517
66.366366 -0.703129 0.112934 -0.243856 0.752735
66.466466 -0.687990 0.081197 -0.343024 0.773038
66.566567 -0.660727 0.048030 -0.436143 0.793150
66.666667 -0.622663 0.014080 -0.522122 0.812723
66.766767 -0.575169 -0.020081 -0.600187 0.831533
66.866867 -0.519604 -0.053955 -0.669812 0.849440
66.966967 -0.457187 -0.087111 -0.730583 0.866233
67.067067 -0.389134 -0.119188 -0.782327 0.881854
67.167167 -0.316601 -0.149884 -0.825030 0.896312
67.267267 -0.240588 -0.178917 -0.858613 0.909456
67.367367 -0.162054 -0.206059 -0.883141 0.921227
67.467467 -0.081933 -0.231161 -0.898943 0.931798
67.567568 -0.001064 -0.254092 -0.906319 0.941264
67.667668 0.079795 -0.274719 -0.905495 0.949610
67.767768 0.159928 -0.292916 -0.896683 0.956775
67.867868 0.238661 -0.308580 -0.880132 0.962711
67.967968 0.315364 -0.321644 -0.856179 0.967446
68.068068 0.389382 -0.331991 -0.825016 0.970818
68.168168 0.460081 -0.339522 -0.786870 0.972683
68.268268 0.526875 -0.344185 -0.742095 0.973019
68.368368 0.589206 -0.345944 -0.691073 0.971814
68.468468 0.646520 -0.344769 -0.634208 0.969058
68.568569 0.698199 -0.340599 -0.571853 0.964627
68.668669 0.743586 -0.333370 -0.504382 0.958361
68.768769 0.782134 -0.323084 -0.432302 0.950263
68.868869 0.813394 -0.309796 -0.356224 0.940467
68.968969 0.836867 -0.293550 -0.276767 0.929041
69.069069 0.852028 -0.274398 -0.194592 0.916030
69.169169 0.858328 -0.252401 -0.110427 0.901458
69.269269 0.855224 -0.227649 -0.025085 0.885360
69.369369 0.842272 -0.200283 0.060514 0.867869
69.469469 0.818925 -0.170458 0.145325 0.849008
69.569570 0.784569 -0.138353 0.228141 0.828697
69.669670 0.738688 -0.104229 0.307557 0.806917
69.769770 0.680801 -0.068426 0.381919 0.783603
69.869870 0.610711 -0.031414 0.449375 0.758876
69.969970 0.528424 0.006202 0.507774 0.732875
70.070070 0.434114 0.043647 0.554511 0.705579
70.170170 0.328511 0.079916 0.586678 0.677124
70.270270 0.213161 0.113755 0.601232 0.647964
70.370370 0.090581 0.143630 0.595012 0.618768
70.470470 -0.035477 0.167703 0.564927 0.590360
70.570571 -0.159716 0.183954 0.508640 0.563971
70.670671 -0.275247 0.190362 0.425287 0.541172
70.770771 -0.373926 0.185221 0.316276 0.523601
70.870871 -0.447380 0.167652 0.186162 0.512750
70.970971 -0.488739 0.138088 0.042814 0.509674
71.071071 -0.494453 0.098460 -0.103634 0.514702
71.171171 -0.465104 0.051836 -0.242784 0.527213
71.271271 -0.404833 0.001737 -0.365894 0.545684
71.371371 -0.320102 -0.048513 -0.467058 0.568297
71.471471 -0.218204 -0.096218 -0.543380 0.593407
71.571572 -0.106026 -0.139466 -0.594373 0.619654
71.671672 0.010568 -0.177015 -0.621000 0.645823
71.771772 0.126827 -0.208118 -0.624965 0.670805
71.871872 0.239013 -0.232472 -0.608632 0.693976
71.971972 0.344350 -0.250140 -0.574766 0.715194
72.072072 0.440830 -0.261362 -0.526078 0.734438
72.172172 0.526970 -0.266452 -0.465042 0.751637
72.272272 0.601638 -0.265743 -0.393886 0.766638
72.372372 0.664206 -0.259687 -0.314804 0.779556
72.472472 0.714335 -0.248772 -0.229839 0.790562
72.572573 0.751814 -0.233454 -0.140814 0.799721
72.672673 0.776546 -0.214183 -0.049421 0.807057
72.772773 0.788525 -0.191400 0.042767 0.812548
72.872873 0.787856 -0.165553 0.134246 0.816179
72.972973 0.774692 -0.137087 0.223573 0.817879
73.073073 0.749345 -0.106472 0.309359 0.817654
73.173173 0.712202 -0.074189 0.390246 0.815492
73.273273 0.663823 -0.040744 0.464949 0.811479
73.373373 0.604872 -0.006659 0.532211 0.805706
73.473473 0.536016 0.027521 0.590712 0.798130
73.573574 0.458125 0.061225 0.639210 0.788807
73.673674 0.372317 0.093855 0.676605 0.777960
73.773774 0.279867 0.124789 0.701856 0.765833
73.873874 0.182228 0.153379 0.713983 0.752664
73.973974 0.081028 0.178917 0.711962 0.738557
74.074074 -0.021839 0.200645 0.694835 0.723555
74.174174 -0.124154 0.217798 0.661914 0.707800
74.274274 -0.223358 0.229591 0.612756 0.691427
74.374374 -0.316601 0.235308 0.547426 0.674745
74.474474 -0.400757 0.234313 0.466533 0.658150
74.574575 -0.472594 0.226145 0.371401 0.642203
74.674675 -0.528875 0.210561 0.264149 0.627550
74.774775 -0.566440 0.187551 0.147638 0.614677
74.874875 -0.582465 0.157436 0.025607 0.603910
74.974975 -0.575024 0.120996 -0.097390 0.595632
75.075075 -0.543764 0.079557 -0.216309 0.590591
75.175175 -0.489832 0.034809 -0.326178 0.589525
75.275275 -0.415549 -0.011375 -0.422462 0.592693
75.375375 -0.324229 -0.057089 -0.501411 0.599831
75.475475 -0.220033 -0.100537 -0.560451 0.610433
75.575576 -0.107531 -0.140204 -0.598385 0.623926
75.675676 0.008766 -0.174963 -0.615344 0.639794
75.775776 0.124804 -0.204088 -0.612465 0.657527
75.875876 0.237202 -0.227223 -0.591591 0.676665
75.975976 0.343340 -0.244342 -0.555038 0.696888
76.076076 0.441175 -0.255552 -0.505058 0.717653
76.176176 0.529066 -0.261002 -0.443695 0.738172
76.276276 0.605947 -0.261018 -0.373093 0.757958
76.376376 0.671145 -0.256005 -0.295306 0.776646
76.476476 0.724204 -0.246363 -0.212186 0.793844
76.576577 0.764995 -0.232551 -0.125481 0.809347
76.676677 0.793739 -0.215078 -0.036806 0.823186
76.776777 0.810795 -0.194442 0.052398 0.835429
76.876877 0.816469 -0.171081 0.140849 0.846008
76.976977 0.811164 -0.145424 0.227391 0.854893
77.077077 0.795265 -0.117874 0.310940 0.861989
77.177177 0.769106 -0.088809 0.390454 0.867102
77.277277 0.733208 -0.058627 0.465003 0.870206
77.377377 0.688193 -0.027722 0.533743 0.871355
77.477477 0.634755 0.003514 0.595926 0.870663
77.577578 0.573631 0.034699 0.650861 0.868261
77.677678 0.505529 0.065452 0.697839 0.864189
77.777778 0.431135 0.095375 0.736081 0.858364
77.877878 0.351239 0.124066 0.764877 0.850763
77.977978 0.266798 0.151134 0.783711 0.841561
78.078078 0.178845 0.176187 0.792140 0.830971
78.178178 0.088472 0.198813 0.789693 0.819127
78.278278 -0.003142 0.218558 0.775844 0.806047
78.378378 -0.094669 0.234956 0.750149 0.791764
78.478478 -0.184625 0.247548 0.712337 0.776396
78.578579 -0.271336 0.255844 0.662198 0.759990
78.678679 -0.352948 0.259367 0.599740 0.742652
78.778779 -0.427519 0.257742 0.525413 0.724749
78.878879 -0.492951 0.250633 0.439946 0.706662
78.978979 -0.546982 0.237751 0.344387 0.688707
79.079079 -0.587234 0.218904 0.240237 0.671176
79.179179 -0.611260 0.194032 0.129534 0.654268
79.279279 -0.616910 0.163347 0.015011 0.638346
79.379379 -0.602480 0.127369 -0.099919 0.623850
79.479479 -0.566962 0.086953 -0.211278 0.611265
79.579580 -0.510398 0.043331 -0.314718 0.601192
79.679680 -0.434021 -0.001956 -0.405878 0.594235
79.779780 -0.340255 -0.047142 -0.480699 0.590819
79.879880 -0.232646 -0.090397 -0.535915 0.591186
79.979980 -0.115718 -0.130028 -0.569650 0.595650
80.080080 0.005670 -0.164663 -0.581490 0.604382
80.180180 0.126861 -0.193306 -0.572161 0.617113
80.280280 0.243730 -0.215342 -0.543260 0.633173
80.380380 0.352977 -0.230620 -0.497289 0.651978
80.480480 0.452193 -0.239335 -0.437150 0.672949
80.580581 0.539627 -0.241810 -0.365606 0.695225
80.680681 0.614171 -0.238504 -0.285315 0.717979
80.780781 0.675520 -0.230069 -0.198876 0.740818
80.880881 0.723912 -0.217219 -0.108614 0.763563
80.980981 0.759653 -0.200575 -0.016458 0.785859
81.081081 0.783126 -0.180692 0.075957 0.807283
81.181181 0.794876 -0.158108 0.167226 0.827520
81.281281 0.795466 -0.133307 0.256135 0.846252
81.381381 0.785525 -0.106745 0.341639 0.863227
81.481481 0.765824 -0.078861 0.422884 0.878371
81.581582 0.737151 -0.050057 0.499159 0.891660
81.681682 0.700189 -0.020698 0.569798 0.902974
81.781782 0.655539 0.008883 0.634156 0.912121
81.881882 0.603893 0.038361 0.691720 0.919040
81.981982 0.545952 0.067431 0.742043 0.923709
82.082082 0.482376 0.095794 0.784670 0.926051
82.182182 0.413809 0.123153 0.819133 0.925950
82.282282 0.340920 0.149212 0.844988 0.923307
82.382382 0.264474 0.173697 0.861968 0.918208
82.482482 0.185260 0.196340 0.869842 0.910767
82.582583 0.104067 0.216849 0.868291 0.900989
82.682683 0.021741 0.234932 0.857056 0.888939
82.782783 -0.060806 0.250307 0.835967 0.874752
82.882883 -0.142588 0.262662 0.804822 0.858523
82.982983 -0.222516 0.271660 0.763420 0.840311
83.083083 -0.299387 0.276964 0.711666 0.820251
83.183183 -0.371871 0.278239 0.649590 0.798543
83.283283 -0.438491 0.275152 0.577361 0.775454
83.383383 -0.497456 0.267290 0.495155 0.751056
83.483483 -0.546694 0.254227 0.403354 0.725396
83.583584 -0.583986 0.235633 0.302829 0.698762
83.683684 -0.606888 0.211260 0.194936 0.671524
83.783784 -0.612858 0.181019 0.081701 0.644235
83.883884 -0.599370 0.145063 -0.034016 0.617612
83.983984 -0.564313 0.103918 -0.148396 0.592680
84.084084 -0.506336 0.058591 -0.256612 0.570665
84.184184 -0.425305 0.010637 -0.352999 0.552816
84.284284 -0.323157 -0.037808 -0.431725 0.540599
84.384384 -0.203897 -0.084202 -0.487417 0.535014
84.484484 -0.073358 -0.125892 -0.515983 0.536161
84.584585 0.061255 -0.160604 -0.515940 0.543820
84.684685 0.192695 -0.186872 -0.488727 0.557590
84.784785 0.314931 -0.204152 -0.437950 0.576766
84.884885 0.423638 -0.212628 -0.368235 0.600231
84.984985 0.516224 -0.212984 -0.284409 0.626688
85.085085 0.591754 -0.206281 -0.191107 0.655169
85.185185 0.650474 -0.193703 -0.092322 0.684953
85.285285 0.693360 -0.176399 0.008751 0.715501
85.385385 0.721545 -0.155350 0.109654 0.746180
85.485485 0.736262 -0.131397 0.208526 0.776421
85.585586 0.738982 -0.105301 0.304008 0.805980
85.685686 0.731012 -0.077682 0.395090 0.834571
85.785786 0.713541 -0.049055 0.481032 0.861939
85.885886 0.687770 -0.019859 0.561373 0.888010
85.985986 0.654834 0.009541 0.635854 0.912803
86.086086 0.615646 0.038845 0.704246 0.936211
86.186186 0.570957 0.067795 0.766322 0.958039
86.286286 0.521445 0.096164 0.821896 0.978093
86.386386 0.467700 0.123743 0.870767 0.996138
86.486486 0.410312 0.150349 0.912817 1.012025
86.586587 0.349895 0.175833 0.948090 1.025777
86.686687 0.286991 0.200052 0.976569 1.037339
86.786787 0.222089 0.222859 0.998180 1.046591
86.886887 0.155694 0.244145 1.012999 1.053573
86.986987 0.088287 0.263809 1.021107 1.058324
87.087087 0.020319 0.281729 1.022489 1.060787
87.187187 -0.047761 0.297766 1.017055 1.060824
87.287287 -0.115498 0.311790 1.004765 1.058351
87.387387 -0.182432 0.323698 0.985677 1.053386
87.487487 -0.248097 0.333390 0.959855 1.045955
87.587588 -0.312025 0.340770 0.927397 1.036122
87.687688 -0.373750 0.345766 0.888464 1.024017
87.787788 -0.432789 0.348294 0.843210 1.009761
87.887888 -0.488558 0.348208 0.791646 0.993298
87.987988 -0.540371 0.345318 0.733728 0.974475
88.088088 -0.587457 0.339423 0.669446 0.953137
88.188188 -0.628977 0.330325 0.598870 0.929178
88.288288 -0.664048 0.317854 0.522202 0.902600
88.388388 -0.691620 0.301808 0.439689 0.873357
88.488488 -0.710477 0.281974 0.351686 0.841409
88.588589 -0.719260 0.258158 0.258755 0.806805
88.688689 -0.716406 0.230182 0.161699 0.769654
88.788789 -0.700159 0.197924 0.061694 0.730208
88.888889 -0.668592 0.161359 -0.039576 0.688926
88.988989 -0.619511 0.120599 -0.139692 0.646415
89.089089 -0.550725 0.076045 -0.235221 0.603664
89.189189 -0.460459 0.028583 -0.321365 0.562241
89.289289 -0.347929 -0.020175 -0.391668 0.524276
89.389389 -0.214745 -0.067611 -0.438273 0.492717
89.489489 -0.066380 -0.110071 -0.453197 0.471073
89.589590 0.087209 -0.143349 -0.430604 0.462141
89.689690 0.233036 -0.163969 -0.370043 0.467037
89.789790 0.358871 -0.170468 -0.277545 0.484643
89.889890 0.456819 -0.163640 -0.163193 0.511951
89.989990 0.524394 -0.145857 -0.037722 0.545606
90.090090 0.563317 -0.120040 0.090037 0.582960
90.190190 0.577304 -0.088866 0.213968 0.622060
90.290290 0.570604 -0.054472 0.330357 0.661583
90.390390 0.547273 -0.018467 0.437201 0.700710
90.490490 0.510720 0.018001 0.533540 0.738799
90.590591 0.463685 0.054107 0.618959 0.775268
90.690691 0.408335 0.089247 0.693293 0.809542
90.790791 0.346571 0.122990 0.756752 0.841374
90.890891 0.280040 0.155041 0.809803 0.870770
90.990991 0.210081 0.185189 0.852923 0.897723
91.091091 0.137776 0.213255 0.886468 0.922110
91.191191 0.064047 0.239094 0.910768 0.943804
91.291291 -0.010285 0.262639 0.926341 0.962909
91.391391 -0.084511 0.283850 0.933696 0.979541
91.491491 -0.158011 0.302675 0.933216 0.993716
91.591592 -0.230231 0.319078 0.925283 1.005468
91.691692 -0.300673 0.333038 0.910279 1.014853
91.791792 -0.368902 0.344562 0.888629 1.021995
91.891892 -0.434545 0.353682 0.860795 1.027078
91.991992 -0.497226 0.360406 0.827141 1.030188
92.092092 -0.556576 0.364725 0.787983 1.031368
92.192192 -0.612262 0.366654 0.743675 1.030705
92.292292 -0.663914 0.366177 0.694501 1.028202
92.392392 -0.711096 0.363245 0.640687 1.023760
92.492492 -0.753450 0.357854 0.582551 1.017405
92.592593 -0.790675 0.350034 0.520478 1.009251
92.692693 -0.822370 0.339776 0.454796 0.999290
92.792793 -0.848140 0.327077 0.385863 0.987528
92.892893 -0.867530 0.311926 0.314058 0.973930
92.992993 -0.879973 0.294286 0.239769 0.958356
93.093093 -0.884893 0.274138 0.163461 0.940695
93.193193 -0.881706 0.251488 0.085685 0.920866
93.293293 -0.869796 0.226359 0.007096 0.898796
93.393393 -0.848618 0.198827 -0.071537 0.874529
93.493493 -0.817771 0.169039 -0.149322 0.848304
93.593594 -0.776792 0.137168 -0.225215 0.820330
93.693694 -0.724908 0.103387 -0.297891 0.790518
93.793794 -0.661351 0.067958 -0.365712 0.758781
93.893894 -0.585648 0.031301 -0.426744 0.725310
93.993994 -0.497510 -0.005994 -0.478621 0.690384
94.094094 -0.396897 -0.043099 -0.518354 0.654275
94.194194 -0.284466 -0.078868 -0.542463 0.617582
94.294294 -0.162001 -0.111764 -0.547115 0.581438
94.394394 -0.032763 -0.139803 -0.528238 0.547407
94.494494 0.097931 -0.160579 -0.482143 0.517531
94.594595 0.222356 -0.171456 -0.406539 0.494079
94.694695 0.330742 -0.170116 -0.302146 0.479189
94.794795 0.413156 -0.155476 -0.174235 0.474583
94.894895 0.462310 -0.128328 -0.032328 0.480879
94.994995 0.475649 -0.091210 0.112184 0.497138
95.095095 0.455697 -0.047655 0.249033 0.521487
95.195195 0.408370 -0.001175 0.371148 0.551832
95.295295 0.340445 0.045423 0.474747 0.585962
95.395395 0.258099 0.090151 0.558432 0.621762
95.495495 0.166524 0.131711 0.622343 0.657563
95.595596 0.069845 0.169287 0.667372 0.692042
95.695696 -0.028709 0.202411 0.694811 0.724263
95.795796 -0.126625 0.230873 0.706229 0.753721
95.895896 -0.221979 0.254643 0.703284 0.780209
95.995996 -0.313278 0.273763 0.687494 0.803578
96.096096 -0.399315 0.288287 0.660168 0.823640
96.196196 -0.479099 0.298302 0.622522 0.840270
96.296296 -0.551813 0.303921 0.575711 0.853410
96.396396 -0.616792 0.305286 0.520852 0.863086
96.496496 -0.673384 0.302507 0.458938 0.869242
96.596597 -0.720912 0.295664 0.390874 0.871731
96.696697 -0.758819 0.284883 0.317619 0.870544
96.796797 -0.786580 0.270300 0.240145 0.865701
96.896897 -0.803640 0.252048 0.159432 0.857196
96.996997 -0.809457 0.230279 0.076521 0.845047
97.097097 -0.803465 0.205159 -0.007474 0.829278
97.197197 -0.785057 0.176880 -0.091315 0.809901
97.297297 -0.753564 0.145665 -0.173589 0.786899
97.397397 -0.708443 0.111829 -0.252678 0.760423
97.497497 -0.649258 0.075790 -0.326690 0.730758
97.597598 -0.575632 0.038087 -0.393360 0.698237
97.697698 -0.487391 -0.000555 -0.449939 0.663321
97.797798 -0.384666 -0.039136 -0.492992 0.626531
97.897898 -0.268318 -0.076265 -0.518346 0.588637
97.997998 -0.140553 -0.110030 -0.521225 0.550942
98.098098 -0.005617 -0.137905 -0.496524 0.515349
98.198198 0.129329 -0.156682 -0.439397 0.484092
98.298298 0.253627 -0.162933 -0.347429 0.459979
98.398398 0.354057 -0.154022 -0.223374 0.446067
98.498498 0.418256 -0.129409 -0.076670 0.444480
98.598599 0.439037 -0.091359 0.078005 0.455176
98.698699 0.416796 -0.044298 0.225243 0.475831
98.798799 0.358360 0.006697 0.353229 0.503227
98.898899 0.273487 0.057304 0.455538 0.534410
98.998999 0.171751 0.104487 0.530147 0.566985
99.099099 0.061070 0.146362 0.577623 0.598998
99.199199 -0.052367 0.181925 0.600076 0.629230
99.299299 -0.163904 0.210694 0.600069 0.656765
99.399399 -0.270080 0.232522 0.580256 0.680961
99.499499 -0.368329 0.247508 0.543352 0.701540
99.599600 -0.456692 0.255847 0.491847 0.718289
99.699700 -0.533649 0.257795 0.428058 0.731077
99.799800 -0.598033 0.253672 0.354191 0.739895
99.899900 -0.648800 0.243779 0.272282 0.744652
100.000000 -0.684948 0.228401 0.184265 0.745167
