0.000000 0.824695 -0.552351 0.427247 1.080626
0.100100 0.856370 -0.463279 0.483864 1.087254
0.200200 0.881762 -0.370837 0.536921 1.096955
0.300300 0.900851 -0.275773 0.586129 1.109563
0.400400 0.913725 -0.178832 0.631284 1.124897
0.500501 0.920564 -0.080737 0.672260 1.142756
0.600601 0.921632 0.017840 0.709012 1.162937
0.700701 0.917252 0.116286 0.741564 1.185239
0.800801 0.907714 0.214050 0.769936 1.209365
0.900901 0.893332 0.310646 0.794190 1.235022
1.001001 0.874503 0.405669 0.814480 1.262023
1.101101 0.851644 0.498794 0.831007 1.290219
1.201201 0.825106 0.589735 0.843933 1.319398
1.301301 0.795206 0.678241 0.853409 1.349322
1.401401 0.762234 0.764092 0.859575 1.379749
1.501502 0.726496 0.847135 0.862609 1.410506
1.601602 0.688287 0.927260 0.862696 1.441455
1.701702 0.647853 1.004346 0.859978 1.472408
1.801802 0.605427 1.078301 0.854602 1.503203
1.901902 0.561247 1.149082 0.846730 1.533734
2.002002 0.515522 1.216649 0.836510 1.563888
2.102102 0.468467 1.281022 0.824111 1.593624
2.202202 0.420279 1.342235 0.809697 1.622910
2.302302 0.371142 1.400343 0.793427 1.651737
2.402402 0.321232 1.455457 0.775476 1.680151
2.502503 0.270699 1.507658 0.755989 1.708166
2.602603 0.219684 1.557058 0.735113 1.735824
2.702703 0.168310 1.603772 0.712984 1.763167
2.802803 0.116680 1.647865 0.689705 1.790186
2.902903 0.064888 1.689380 0.665361 1.816844
3.003003 0.013017 1.728366 0.640036 1.843113
3.103103 -0.038854 1.764856 0.613801 1.868951
3.203203 -0.090653 1.798900 0.586729 1.894336
3.303303 -0.142316 1.830611 0.558910 1.919316
3.403403 -0.193790 1.860108 0.530428 1.943942
3.503504 -0.245024 1.887479 0.501354 1.968241
3.603604 -0.295976 1.912804 0.471750 1.992227
3.703704 -0.346603 1.936151 0.441671 2.015909
3.803804 -0.396873 1.957595 0.411170 2.039301
3.903904 -0.446756 1.977214 0.380300 2.062424
4.004004 -0.496225 1.995078 0.349105 2.085294
4.104104 -0.545257 2.011252 0.317627 2.107920
4.204204 -0.593824 2.025774 0.285902 2.130288
4.304304 -0.641893 2.038653 0.253958 2.152354
4.404404 -0.689443 2.049941 0.221828 2.174120
4.504505 -0.736458 2.059687 0.189544 2.195589
4.604605 -0.782909 2.067903 0.157132 2.216723
4.704705 -0.828771 2.074607 0.124618 2.237495
4.804805 -0.874021 2.079822 0.092028 2.257884
4.904905 -0.918651 2.083600 0.059387 2.277901
5.005005 -0.962656 2.086000 0.026719 2.297568
5.105105 -1.006034 2.087078 -0.005953 2.316902
5.205205 -1.048783 2.086886 -0.038608 2.335921
5.305305 -1.090898 2.085465 -0.071228 2.354633
5.405405 -1.132366 2.082840 -0.103793 2.373025
5.505506 -1.173178 2.079040 -0.136287 2.391093
5.605606 -1.213334 2.074108 -0.168694 2.408851
5.705706 -1.252834 2.068085 -0.200999 2.426308
5.805806 -1.291667 2.060988 -0.233186 2.443451
5.905906 -1.329802 2.052807 -0.265237 2.460232
6.006006 -1.367219 2.043544 -0.297135 2.476620
6.106106 -1.403900 2.033206 -0.328864 2.492592
6.206206 -1.439828 2.021805 -0.360406 2.508126
6.306306 -1.475010 2.009381 -0.391753 2.523239
6.406406 -1.509467 1.995994 -0.422898 2.537976
6.506507 -1.543234 1.981717 -0.453842 2.552400
6.606607 -1.576333 1.966607 -0.484580 2.566551
6.706707 -1.608761 1.950683 -0.515104 2.580428
6.806807 -1.640516 1.933966 -0.545404 2.594028
6.906907 -1.671603 1.916482 -0.575473 2.607360
7.007007 -1.702011 1.898243 -0.605301 2.620412
7.107107 -1.731728 1.879255 -0.634875 2.633163
7.207207 -1.760756 1.859540 -0.664189 2.645619
7.307307 -1.789097 1.839120 -0.693236 2.657782
7.407407 -1.816756 1.818019 -0.722012 2.669662
7.507508 -1.843748 1.796273 -0.750515 2.681283
7.607608 -1.870067 1.773889 -0.778737 2.692632
7.707708 -1.895708 1.750882 -0.806669 2.703703
7.807808 -1.920684 1.727282 -0.834311 2.714518
7.907908 -1.944993 1.703099 -0.861656 2.725068
8.008008 -1.968613 1.678334 -0.888690 2.735327
8.108108 -1.991543 1.652998 -0.915404 2.745289
8.208208 -2.013777 1.627104 -0.941793 2.754948
8.308308 -2.035303 1.600656 -0.967843 2.764286
8.408408 -2.056130 1.573676 -0.993554 2.773315
8.508509 -2.076273 1.546191 -1.018928 2.782055
8.608609 -2.095726 1.518210 -1.043957 2.790497
8.708709 -2.114470 1.489733 -1.068626 2.798616
8.808809 -2.132480 1.460757 -1.092918 2.806377
8.908909 -2.149749 1.431291 -1.116824 2.813772
9.009009 -2.166280 1.401351 -1.140340 2.820803
9.109109 -2.182079 1.370955 -1.163465 2.827479
9.209209 -2.197146 1.340115 -1.186193 2.833799
9.309309 -2.211492 1.308853 -1.208525 2.839775
9.409409 -2.225149 1.277200 -1.230475 2.845452
9.509510 -2.238131 1.245176 -1.252045 2.850844
9.609610 -2.250429 1.212788 -1.273227 2.855939
9.709710 -2.262030 1.180042 -1.294009 2.860723
9.809810 -2.272905 1.146933 -1.314368 2.865155
9.909910 -2.283019 1.113456 -1.334282 2.869193
10.010010 -2.292371 1.079625 -1.353745 2.872835
10.110110 -2.300975 1.045458 -1.372759 2.876097
10.210210 -2.308811 1.010957 -1.391310 2.878956
10.310310 -2.315834 0.976118 -1.409365 2.881355
10.410410 -2.322034 0.940947 -1.426913 2.883280
10.510511 -2.327424 0.905464 -1.443957 2.884750
10.610611 -2.331996 0.869680 -1.460489 2.885754
10.710711 -2.335739 0.833602 -1.476495 2.886279
10.810811 -2.338649 0.797242 -1.491969 2.886320
10.910911 -2.340732 0.760617 -1.506909 2.885886
11.011011 -2.342001 0.723743 -1.521319 2.884993
11.111111 -2.342477 0.686640 -1.535209 2.883667
11.211211 -2.342175 0.649325 -1.548583 2.881929
11.311311 -2.341086 0.611808 -1.561431 2.879767
11.411411 -2.339202 0.574099 -1.573742 2.877173
11.511512 -2.336536 0.536213 -1.585522 2.874161
11.611612 -2.333098 0.498166 -1.596772 2.870748
11.711712 -2.328887 0.459971 -1.607488 2.866933
11.811812 -2.323897 0.421637 -1.617659 2.862708
11.911912 -2.318148 0.383182 -1.627297 2.858100
12.012012 -2.311675 0.344622 -1.636420 2.853152
12.112112 -2.304497 0.305974 -1.645040 2.847891
12.212212 -2.296637 0.267251 -1.653165 2.842344
12.312312 -2.288091 0.228465 -1.660792 2.836510
12.412412 -2.278872 0.189627 -1.667924 2.830404
12.512513 -2.269023 0.150753 -1.674588 2.824082
12.612613 -2.258572 0.111855 -1.680803 2.817580
12.712713 -2.247502 0.072942 -1.686552 2.810880
12.812813 -2.235782 0.034026 -1.691806 2.803941
12.912913 -2.223405 -0.004885 -1.696558 2.796759
13.013013 -2.210353 -0.043777 -1.700788 2.789312
13.113113 -2.196595 -0.082639 -1.704469 2.781559
13.213213 -2.182106 -0.121457 -1.707577 2.773473
13.313313 -2.166880 -0.160217 -1.710102 2.765047
13.413413 -2.150921 -0.198906 -1.712041 2.756285
13.513514 -2.134238 -0.237511 -1.713400 2.747203
13.613614 -2.116831 -0.276018 -1.714170 2.737798
13.713714 -2.098676 -0.314411 -1.714329 2.728043
13.813814 -2.079752 -0.352671 -1.713852 2.717909
13.913914 -2.060028 -0.390777 -1.712710 2.707360
14.014014 -2.039493 -0.428713 -1.710888 2.696380
14.114114 -2.018149 -0.466461 -1.708380 2.684972
14.214214 -1.995990 -0.504002 -1.705177 2.673130
14.314314 -1.973001 -0.541316 -1.701257 2.660833
14.414414 -1.949170 -0.578381 -1.696605 2.648066
14.514515 -1.924512 -0.615182 -1.691226 2.634851
14.614615 -1.899048 -0.651707 -1.685132 2.621216
14.714715 -1.872764 -0.687931 -1.678303 2.607143
14.814815 -1.845640 -0.723828 -1.670716 2.592606
14.914915 -1.817659 -0.759370 -1.662345 2.577580
15.015015 -1.788814 -0.794530 -1.653176 2.562054
15.115115 -1.759110 -0.829290 -1.643207 2.546040
15.215215 -1.728557 -0.863630 -1.632437 2.529549
15.315315 -1.697165 -0.897530 -1.620868 2.512597
15.415415 -1.664928 -0.930962 -1.608484 2.495175
15.515516 -1.631859 -0.963908 -1.595288 2.477302
15.615616 -1.597989 -0.996360 -1.581302 2.459028
15.715716 -1.563337 -1.028302 -1.566534 2.440380
15.815816 -1.527904 -1.059710 -1.550977 2.421364
15.915916 -1.491705 -1.090562 -1.534632 2.402000
16.016016 -1.454760 -1.120847 -1.517512 2.382324
16.116116 -1.417065 -1.150529 -1.499600 2.362327
16.216216 -1.378598 -1.179561 -1.480863 2.341976
16.316316 -1.339366 -1.207912 -1.461295 2.321279
16.416416 -1.299392 -1.235570 -1.440908 2.300276
16.516517 -1.258703 -1.262522 -1.419719 2.279012
16.616617 -1.217296 -1.288726 -1.397710 2.257481
16.716717 -1.175143 -1.314112 -1.374834 2.235625
16.816817 -1.132225 -1.338615 -1.351053 2.213406
16.916917 -1.088556 -1.362201 -1.326366 2.190843
17.017017 -1.044165 -1.384851 -1.300786 2.167980
17.117117 -0.999068 -1.406533 -1.274316 2.144844
17.217217 -0.953273 -1.427200 -1.246944 2.121438
17.317317 -0.906792 -1.446804 -1.218661 2.097772
17.417417 -0.859636 -1.465296 -1.189459 2.073856
17.517518 -0.811834 -1.482648 -1.159348 2.049734
17.617618 -0.763417 -1.498837 -1.128344 2.025458
17.717718 -0.714396 -1.513797 -1.096432 2.001026
17.817818 -0.664773 -1.527435 -1.063580 1.976407
17.917918 -0.614560 -1.539669 -1.029765 1.951584
18.018018 -0.563776 -1.550419 -0.994975 1.926556
18.118118 -0.512456 -1.559638 -0.959217 1.901362
18.218218 -0.460638 -1.567282 -0.922506 1.876054
18.318318 -0.408352 -1.573258 -0.884830 1.850626
18.418418 -0.355627 -1.577470 -0.846177 1.825075
18.518519 -0.302497 -1.579788 -0.806523 1.799365
18.618619 -0.249000 -1.580093 -0.765857 1.773481
18.718719 -0.195197 -1.578326 -0.724202 1.747479
18.818819 -0.141146 -1.574392 -0.681568 1.721385
18.918919 -0.086910 -1.568162 -0.637954 1.695190
19.019019 -0.032560 -1.559525 -0.593378 1.668915
19.119119 0.021822 -1.548424 -0.547878 1.642639
19.219219 0.076148 -1.534767 -0.501490 1.616416
19.319319 0.130318 -1.518394 -0.454230 1.590229
19.419419 0.184220 -1.499137 -0.406123 1.564060
19.519520 0.237736 -1.476901 -0.357224 1.537974
19.619620 0.290741 -1.451616 -0.307603 1.512065
19.719720 0.343090 -1.423168 -0.257329 1.486384
19.819820 0.394633 -1.391462 -0.206481 1.461005
19.919920 0.445213 -1.356435 -0.155158 1.436038
20.020020 0.494659 -1.318022 -0.103464 1.411586
20.120120 0.542798 -1.276188 -0.051518 1.387782
20.220220 0.589443 -1.230896 0.000549 1.364753
20.320320 0.634402 -1.182133 0.052597 1.342636
20.420420 0.677478 -1.129906 0.104471 1.321582
20.520521 0.718427 -1.074179 0.156001 1.301666
20.620621 0.756953 -1.014872 0.206989 1.282882
20.720721 0.792740 -0.951934 0.257213 1.265217
20.820821 0.825497 -0.885394 0.306440 1.248708
20.920921 0.854932 -0.815328 0.354421 1.233403
21.021021 0.880740 -0.741838 0.400885 1.219318
21.121121 0.902576 -0.665039 0.445529 1.206406
21.221221 0.920184 -0.585154 0.488074 1.194722
21.321321 0.933410 -0.502514 0.528284 1.184423
21.421421 0.942054 -0.417437 0.565889 1.175564
21.521522 0.945940 -0.330283 0.600625 1.168177
21.621622 0.944973 -0.241462 0.632269 1.162343
21.721722 0.939127 -0.151423 0.660639 1.158159
21.821822 0.928393 -0.060626 0.685559 1.155673
21.921922 0.912784 0.030462 0.706870 1.154889
22.022022 0.892427 0.121363 0.724493 1.155874
22.122122 0.867453 0.211607 0.738357 1.158630
22.222222 0.838014 0.300732 0.748410 1.163110
22.322322 0.804305 0.388294 0.754638 1.169254
22.422422 0.766617 0.473908 0.757123 1.177084
22.522523 0.725284 0.557234 0.755995 1.186623
22.622623 0.680558 0.637919 0.751318 1.197739
22.722723 0.632716 0.715646 0.743189 1.210293
22.822823 0.582044 0.790133 0.731720 1.224132
22.922923 0.528868 0.861179 0.717088 1.239171
23.023023 0.473548 0.928690 0.699533 1.255412
23.123123 0.416425 0.992615 0.679297 1.272847
23.223223 0.357803 1.052907 0.656594 1.291415
23.323323 0.297959 1.109537 0.631624 1.311031
23.423423 0.237151 1.162489 0.604578 1.331592
23.523524 0.175607 1.211723 0.575616 1.352939
23.623624 0.113533 1.257146 0.544861 1.374838
23.723724 0.051126 1.298628 0.512414 1.397003
23.823824 -0.011417 1.336177 0.478430 1.419294
23.923924 -0.073907 1.369868 0.443081 1.441639
24.024024 -0.136175 1.399794 0.406527 1.463978
24.124124 -0.198069 1.426073 0.368930 1.486279
24.224224 -0.259451 1.448800 0.330427 1.508482
24.324324 -0.320190 1.468043 0.291145 1.530502
24.424424 -0.380158 1.483841 0.251194 1.552225
24.524525 -0.439257 1.496314 0.210693 1.573624
24.624625 -0.497399 1.505592 0.169758 1.594688
24.724725 -0.554492 1.511754 0.128485 1.615354
24.824825 -0.610454 1.514879 0.086968 1.635566
24.924925 -0.665204 1.515048 0.045296 1.655270
25.025025 -0.718664 1.512319 0.003552 1.674395
25.125125 -0.770752 1.506744 -0.038184 1.692865
25.225225 -0.821417 1.498426 -0.079836 1.710667
25.325325 -0.870624 1.487483 -0.121333 1.727806
25.425425 -0.918314 1.473981 -0.162607 1.744237
25.525526 -0.964455 1.458024 -0.203595 1.759960
25.625626 -1.009023 1.439720 -0.244240 1.774985
25.725726 -1.051974 1.419139 -0.284482 1.789283
25.825826 -1.093275 1.396359 -0.324268 1.802836
25.925926 -1.132880 1.371442 -0.363541 1.815608
26.026026 -1.170748 1.344448 -0.402248 1.827565
26.126126 -1.206843 1.315442 -0.440335 1.838682
26.226226 -1.241133 1.284496 -0.477755 1.848943
26.326326 -1.273624 1.251710 -0.514474 1.858381
26.426426 -1.304336 1.217200 -0.550465 1.867051
26.526527 -1.333315 1.181095 -0.585717 1.875041
26.626627 -1.360588 1.143501 -0.620211 1.882407
26.726727 -1.386137 1.104481 -0.653912 1.889142
26.826827 -1.409942 1.064093 -0.686781 1.895230
26.926927 -1.431996 1.022405 -0.718789 1.900679
27.027027 -1.452296 0.979487 -0.749910 1.905498
27.127127 -1.470829 0.935397 -0.780111 1.909681
27.227227 -1.487617 0.890218 -0.809378 1.913266
27.327327 -1.502707 0.844043 -0.837715 1.916326
27.427427 -1.516123 0.796948 -0.865111 1.918899
27.527528 -1.527873 0.748997 -0.891548 1.921003
27.627628 -1.537959 0.700251 -0.917008 1.922647
27.727728 -1.546369 0.650762 -0.941461 1.923824
27.827828 -1.553120 0.600594 -0.964897 1.924557
27.927928 -1.558229 0.549810 -0.987305 1.924874
28.028028 -1.561645 0.498450 -1.008634 1.924716
28.128128 -1.563316 0.446552 -1.028828 1.924020
28.228228 -1.563225 0.394170 -1.047856 1.922770
28.328328 -1.561317 0.341351 -1.065658 1.920901
28.428428 -1.557534 0.288141 -1.082173 1.918342
28.528529 -1.551824 0.234595 -1.097342 1.915034
28.628629 -1.544166 0.180773 -1.111126 1.910950
28.728729 -1.534569 0.126745 -1.123508 1.906105
28.828829 -1.523008 0.072574 -1.134445 1.900470
28.928929 -1.509458 0.018329 -1.143893 1.894015
29.029029 -1.493924 -0.035920 -1.151830 1.886746
29.129129 -1.476403 -0.090101 -1.158228 1.878663
29.229229 -1.456869 -0.144138 -1.163038 1.869733
29.329329 -1.435306 -0.197953 -1.166222 1.859936
29.429429 -1.411734 -0.251471 -1.167765 1.849299
29.529530 -1.386192 -0.304616 -1.167671 1.837873
29.629630 -1.358720 -0.357316 -1.165943 1.825710
29.729730 -1.329340 -0.409492 -1.162571 1.812843
29.829830 -1.298068 -0.461062 -1.157535 1.799290
29.929930 -1.264899 -0.511935 -1.150799 1.785045
30.030030 -1.229794 -0.562000 -1.142293 1.770049
30.130130 -1.192742 -0.611151 -1.131969 1.754279
30.230230 -1.153735 -0.659274 -1.119780 1.737715
30.330330 -1.112745 -0.706239 -1.105659 1.720307
30.430430 -1.069775 -0.751919 -1.089558 1.702039
30.530531 -1.024823 -0.796179 -1.071430 1.682892
30.630631 -0.977881 -0.838863 -1.051210 1.662824
30.730731 -0.928934 -0.879795 -1.028823 1.641777
30.830831 -0.877979 -0.918794 -1.004201 1.619707
30.930931 -0.825055 -0.955697 -0.977314 1.596626
31.031031 -0.770192 -0.990319 -0.948117 1.572531
31.131131 -0.713416 -1.022441 -0.916550 1.547389
31.231231 -0.654771 -1.051843 -0.882568 1.521192
31.331331 -0.594316 -1.078292 -0.846129 1.493940
31.431431 -0.532129 -1.101547 -0.807205 1.465656
31.531532 -0.468319 -1.121389 -0.765800 1.436414
31.631632 -0.403014 -1.137586 -0.721927 1.406307
31.731732 -0.336357 -1.149896 -0.675606 1.375442
31.831832 -0.268504 -1.158021 -0.626848 1.343892
31.931932 -0.199639 -1.161679 -0.575689 1.311782
32.032032 -0.129989 -1.160617 -0.522212 1.279310
32.132132 -0.059801 -1.154519 -0.466489 1.246637
32.232232 0.010639 -1.143019 -0.408603 1.213903
32.332332 0.080998 -1.125697 -0.348658 1.181235
32.432432 0.150879 -1.102134 -0.286801 1.148790
32.532533 0.219806 -1.071827 -0.223213 1.116670
32.632633 0.287235 -1.034358 -0.158155 1.085087
32.732733 0.352586 -0.989515 -0.091993 1.054476
32.832833 0.415195 -0.937072 -0.025150 1.025243
32.932933 0.474315 -0.876832 0.041875 0.997779
33.033033 0.529118 -0.808685 0.108493 0.972475
33.133133 0.578733 -0.732670 0.174025 0.949749
33.233233 0.622306 -0.649062 0.237719 0.930084
33.333333 0.659019 -0.558348 0.298775 0.913961
33.433433 0.688121 -0.461233 0.356363 0.901798
33.533534 0.708853 -0.358554 0.409600 0.893759
33.633634 0.720636 -0.251387 0.457652 0.889920
33.733734 0.723226 -0.141044 0.499853 0.890394
33.833834 0.716630 -0.028940 0.535696 0.895190
33.933934 0.701123 0.083498 0.564868 0.904224
34.034034 0.677126 0.194898 0.587190 0.917212
34.134134 0.645192 0.303988 0.602619 0.933719
34.234234 0.606079 0.409673 0.611336 0.953360
34.334334 0.560601 0.511029 0.613621 0.975682
34.434434 0.509638 0.607364 0.609896 1.000298
34.534535 0.454087 0.698203 0.600670 1.026882
34.634635 0.394763 0.783205 0.586440 1.055064
34.734735 0.332446 0.862235 0.567752 1.084579
34.834835 0.267847 0.935295 0.545147 1.115215
34.934935 0.201579 1.002467 0.519124 1.146762
35.035035 0.134180 1.063930 0.490158 1.179070
35.135135 0.066104 1.119873 0.458662 1.211964
35.235235 -0.002270 1.170463 0.424988 1.245232
35.335335 -0.070617 1.215921 0.389464 1.278723
35.435435 -0.138663 1.256510 0.352394 1.312336
35.535536 -0.206180 1.292467 0.314038 1.345957
35.635636 -0.272968 1.323969 0.274614 1.379427
35.735736 -0.338859 1.351205 0.234319 1.412617
35.835836 -0.403719 1.374403 0.193336 1.445459
35.935936 -0.467454 1.393826 0.151836 1.477944
36.036036 -0.529997 1.409750 0.109969 1.510094
36.136136 -0.591285 1.422382 0.067858 1.541880
36.236236 -0.651254 1.431888 0.025612 1.573242
36.336336 -0.709855 1.438424 -0.016674 1.604131
36.436436 -0.767060 1.442168 -0.058913 1.634534
36.536537 -0.822858 1.443302 -0.101031 1.664459
36.636637 -0.877226 1.441961 -0.142962 1.693876
36.736737 -0.930137 1.438255 -0.184643 1.722738
36.836837 -0.981588 1.432322 -0.226025 1.751042
36.936937 -1.031610 1.424332 -0.267067 1.778838
37.037037 -1.080234 1.414439 -0.307737 1.806169
37.137137 -1.127483 1.402770 -0.348006 1.833055
37.237237 -1.173355 1.389414 -0.387841 1.859476
37.337337 -1.217810 1.374405 -0.427198 1.885351
37.437437 -1.260843 1.357815 -0.466049 1.910652
37.537538 -1.302466 1.339729 -0.504369 1.935376
37.637638 -1.342686 1.320223 -0.542138 1.959517
37.737738 -1.381504 1.299360 -0.579333 1.983058
37.837838 -1.418895 1.277176 -0.615921 2.005941
37.937938 -1.454879 1.253746 -0.651892 2.028180
38.038038 -1.489532 1.229189 -0.687258 2.049862
38.138138 -1.522909 1.203600 -0.722029 2.071045
38.238238 -1.555002 1.177016 -0.756184 2.091701
38.338338 -1.585796 1.149467 -0.789700 2.111788
38.438438 -1.615318 1.121016 -0.822575 2.131327
38.538539 -1.643614 1.091732 -0.854820 2.150363
38.638639 -1.670723 1.061678 -0.886440 2.168929
38.738739 -1.696687 1.030915 -0.917446 2.187062
38.838839 -1.721564 0.999509 -0.947859 2.204821
38.938939 -1.745390 0.967510 -0.977685 2.222235
39.039039 -1.768181 0.934956 -1.006926 2.239309
39.139139 -1.789943 0.901874 -1.035575 2.256034
39.239239 -1.810659 0.868283 -1.063612 2.272371
39.339339 -1.830340 0.834213 -1.091034 2.288320
39.439439 -1.849015 0.799701 -1.117851 2.303903
39.539540 -1.866708 0.764782 -1.144069 2.319134
39.639640 -1.883426 0.729479 -1.169682 2.334008
39.739740 -1.899167 0.693815 -1.194683 2.348507
39.839840 -1.913932 0.657811 -1.219064 2.362619
39.939940 -1.927702 0.621481 -1.242804 2.376307
40.040040 -1.940461 0.584841 -1.265887 2.389539
40.140140 -1.952212 0.547914 -1.288307 2.402307
40.240240 -1.962969 0.510725 -1.310065 2.414613
40.340340 -1.972717 0.473288 -1.331144 2.426429
40.440440 -1.981444 0.435623 -1.351528 2.437728
40.540541 -1.989177 0.397756 -1.371228 2.448530
40.640641 -1.995937 0.359709 -1.390251 2.458852
40.740741 -2.001757 0.321509 -1.408614 2.468723
40.840841 -2.006659 0.283177 -1.426325 2.478159
40.940941 -2.010634 0.244731 -1.443372 2.487140
41.041041 -2.013662 0.206185 -1.459732 2.495629
41.141141 -2.015745 0.167558 -1.475402 2.503620
41.241241 -2.016892 0.128869 -1.490382 2.511115
41.341341 -2.017100 0.090135 -1.504661 2.518099
41.441441 -2.016393 0.051377 -1.518253 2.524594
41.541542 -2.014785 0.012612 -1.531160 2.530606
41.641642 -2.012275 -0.026144 -1.543376 2.536128
41.741742 -2.008892 -0.064872 -1.554916 2.541185
41.841842 -2.004658 -0.103557 -1.565792 2.545797
41.941942 -1.999573 -0.142181 -1.575998 2.549956
42.042042 -1.993644 -0.180730 -1.585532 2.553662
42.142142 -1.986898 -0.219189 -1.594411 2.556943
42.242242 -1.979364 -0.257545 -1.602652 2.559826
42.342342 -1.971052 -0.295784 -1.610257 2.562315
42.442442 -1.961989 -0.333893 -1.617242 2.564441
42.542543 -1.952205 -0.371864 -1.623628 2.566234
42.642643 -1.941687 -0.409679 -1.629397 2.567668
42.742743 -1.930457 -0.447327 -1.634562 2.568766
42.842843 -1.918573 -0.484807 -1.639168 2.569597
42.942943 -1.906062 -0.522112 -1.643231 2.570191
43.043043 -1.892911 -0.559225 -1.646738 2.570523
43.143143 -1.879101 -0.596126 -1.649664 2.570560
43.243243 -1.864636 -0.632802 -1.652009 2.570299
43.343343 -1.849508 -0.669236 -1.653761 2.569724
43.443443 -1.833712 -0.705412 -1.654910 2.568819
43.543544 -1.817239 -0.741309 -1.655440 2.567563
43.643644 -1.800077 -0.776908 -1.655337 2.565932
43.743744 -1.782245 -0.812200 -1.654611 2.563943
43.843844 -1.763780 -0.847186 -1.653291 2.561642
43.943944 -1.744720 -0.881868 -1.651407 2.559079
44.044044 -1.725084 -0.916241 -1.648971 2.556270
44.144144 -1.704850 -0.950277 -1.645956 2.553177
44.244244 -1.684009 -0.983957 -1.642349 2.549779
44.344344 -1.662592 -1.017282 -1.638173 2.546111
44.444444 -1.640603 -1.050237 -1.633426 2.542175
44.544545 -1.618026 -1.082796 -1.628088 2.537937
44.644645 -1.594854 -1.114939 -1.622143 2.533377
44.744745 -1.571085 -1.146643 -1.615584 2.528479
44.844845 -1.546711 -1.177886 -1.608396 2.523226
44.944945 -1.521744 -1.208657 -1.600583 2.517623
45.045045 -1.496192 -1.238943 -1.592147 2.511673
45.145145 -1.470046 -1.268716 -1.583072 2.505353
45.245245 -1.443325 -1.297971 -1.573370 2.498682
45.345345 -1.416040 -1.326697 -1.563045 2.491667
45.445445 -1.388186 -1.354868 -1.552084 2.484289
45.545546 -1.359793 -1.382490 -1.540511 2.476589
45.645646 -1.330894 -1.409575 -1.528357 2.468614
45.745746 -1.301497 -1.436110 -1.515624 2.460370
45.845846 -1.271625 -1.462096 -1.502328 2.451885
45.945946 -1.241296 -1.487533 -1.488484 2.443185
46.046046 -1.210502 -1.512387 -1.474072 2.434239
46.146146 -1.179244 -1.536636 -1.459087 2.425037
46.246246 -1.147523 -1.560255 -1.443518 2.415563
46.346346 -1.115337 -1.583215 -1.427355 2.405804
46.446446 -1.082704 -1.605513 -1.410610 2.395776
46.546547 -1.049631 -1.627129 -1.393280 2.385477
46.646647 -1.016117 -1.648034 -1.375357 2.374893
46.746747 -0.982167 -1.668200 -1.356830 2.364008
46.846847 -0.947783 -1.687598 -1.337694 2.352808
46.946947 -0.912973 -1.706205 -1.317943 2.341288
47.047047 -0.877751 -1.724008 -1.297585 2.329458
47.147147 -0.842122 -1.740978 -1.276614 2.317308
47.247247 -0.806100 -1.757100 -1.255035 2.304845
47.347347 -0.769708 -1.772377 -1.232865 2.292100
47.447447 -0.732960 -1.786795 -1.210110 2.279086
47.547548 -0.695872 -1.800343 -1.186779 2.265815
47.647648 -0.658464 -1.813020 -1.162887 2.252315
47.747748 -0.620759 -1.824834 -1.138454 2.238624
47.847848 -0.582774 -1.835776 -1.113489 2.224760
47.947948 -0.544513 -1.845798 -1.087979 2.210693
48.048048 -0.505975 -1.854823 -1.061893 2.196359
48.148148 -0.467155 -1.862755 -1.035194 2.181677
48.248248 -0.428064 -1.869545 -1.007873 2.166621
48.348348 -0.388721 -1.875166 -0.979934 2.151190
48.448448 -0.349137 -1.879544 -0.951357 2.135336
48.548549 -0.309327 -1.882619 -0.922133 2.119025
48.648649 -0.269314 -1.884363 -0.892269 2.102260
48.748749 -0.229118 -1.884723 -0.861761 2.085020
48.848849 -0.188765 -1.883661 -0.830616 2.067301
48.948949 -0.148284 -1.881161 -0.798847 2.049125
49.049049 -0.107700 -1.877169 -0.766457 2.030473
49.149149 -0.067045 -1.871662 -0.733461 2.011362
49.249249 -0.026351 -1.864621 -0.699874 1.991816
49.349349 0.014351 -1.855983 -0.665701 1.971810
49.449449 0.055024 -1.845681 -0.630942 1.951321
49.549550 0.095630 -1.833656 -0.595606 1.930333
49.649650 0.136128 -1.819867 -0.559710 1.908854
49.749750 0.176475 -1.804260 -0.523266 1.886877
49.849850 0.216626 -1.786813 -0.486300 1.864435
49.949950 0.256540 -1.767536 -0.448849 1.841592
50.050050 0.296168 -1.746402 -0.410937 1.818380
50.150150 0.335459 -1.723374 -0.372593 1.794819
50.250250 0.374348 -1.698366 -0.333833 1.770884
50.350350 0.412763 -1.671287 -0.294678 1.746542
50.450450 0.450630 -1.642056 -0.255158 1.721778
50.550551 0.487880 -1.610635 -0.215309 1.696624
50.650651 0.524433 -1.576972 -0.175174 1.671094
50.750751 0.560188 -1.540962 -0.134792 1.645158
50.850851 0.595050 -1.502545 -0.094213 1.618828
50.950951 0.628909 -1.461642 -0.053492 1.592101
51.051051 0.661639 -1.418160 -0.012691 1.564962
51.151151 0.693112 -1.372025 0.028118 1.537416
51.251251 0.723189 -1.323166 0.068857 1.509474
51.351351 0.751736 -1.271546 0.109436 1.481186
51.451451 0.778626 -1.217159 0.149761 1.452640
51.551552 0.803708 -1.159980 0.189725 1.423901
51.651652 0.826827 -1.100002 0.229214 1.395058
51.751752 0.847801 -1.037203 0.268096 1.366174
51.851852 0.866382 -0.971509 0.306210 1.337241
51.951952 0.882283 -0.902843 0.343363 1.308223
52.052052 0.895221 -0.831177 0.379353 1.279134
52.152152 0.904967 -0.756577 0.413979 1.250101
52.252252 0.911237 -0.679102 0.447003 1.221206
52.352352 0.913732 -0.598844 0.478165 1.192544
52.452452 0.912158 -0.515950 0.507186 1.164248
52.552553 0.906153 -0.430582 0.533731 1.136390
52.652653 0.895387 -0.342982 0.557462 1.109107
52.752753 0.879534 -0.253467 0.578013 1.082555
52.852853 0.858204 -0.162408 0.594952 1.056815
52.952953 0.830926 -0.070262 0.607753 1.031862
53.053053 0.797326 0.022384 0.615917 1.007762
53.153153 0.757185 0.114807 0.619015 0.984728
53.253253 0.710385 0.206183 0.616655 0.963027
53.353353 0.656958 0.295594 0.608528 0.943014
53.453453 0.597038 0.382040 0.594370 0.925032
53.553554 0.530845 0.464421 0.573949 0.909341
53.653654 0.458797 0.541629 0.547178 0.896247
53.753754 0.381476 0.612550 0.514096 0.886023
53.853854 0.299587 0.676067 0.474834 0.878798
53.953954 0.213980 0.731100 0.429644 0.874579
54.054054 0.125640 0.776683 0.378925 0.873273
54.154154 0.035681 0.812067 0.323254 0.874768
54.254254 -0.054723 0.836743 0.263341 0.878909
54.354354 -0.144397 0.850557 0.200024 0.885611
54.454454 -0.232229 0.853642 0.134199 0.894787
54.554555 -0.317218 0.846342 0.066755 0.906300
54.654655 -0.398512 0.829227 -0.001451 0.920017
54.754755 -0.475392 0.802965 -0.069626 0.935734
54.854855 -0.547245 0.768246 -0.137053 0.953133
54.954955 -0.613630 0.725875 -0.203102 0.971950
55.055055 -0.674261 0.676724 -0.267237 0.991967
55.155155 -0.728911 0.621593 -0.328993 1.012880
55.255255 -0.777489 0.561305 -0.388000 1.034455
55.355355 -0.820040 0.496687 -0.443993 1.056548
55.455455 -0.856687 0.428511 -0.496781 1.079039
55.555556 -0.887705 0.357536 -0.546300 1.101951
55.655656 -0.913352 0.284419 -0.592506 1.125242
55.755756 -0.933763 0.209693 -0.635307 1.148695
55.855856 -0.949194 0.133867 -0.674713 1.172231
55.955956 -0.960010 0.057410 -0.710832 1.195908
56.056056 -0.966519 -0.019285 -0.743754 1.219714
56.156156 -0.968986 -0.095879 -0.773558 1.243591
56.256256 -0.967594 -0.172067 -0.800274 1.267393
56.356356 -0.962542 -0.247583 -0.823954 1.291001
56.456456 -0.954126 -0.322213 -0.844747 1.314448
56.556557 -0.942620 -0.395776 -0.862795 1.337754
56.656657 -0.928212 -0.468096 -0.878179 1.360842
56.756757 -0.911110 -0.539034 -0.891005 1.383679
56.856857 -0.891551 -0.608494 -0.901419 1.406302
56.956957 -0.869727 -0.676383 -0.909534 1.428695
57.057057 -0.845782 -0.742594 -0.915422 1.450789
57.157157 -0.819869 -0.807050 -0.919168 1.472543
57.257257 -0.792130 -0.869678 -0.920857 1.493916
57.357357 -0.762663 -0.930377 -0.920525 1.514801
57.457457 -0.731587 -0.989083 -0.918240 1.535144
57.557558 -0.699031 -1.045752 -0.914084 1.554925
57.657658 -0.665116 -1.100355 -0.908139 1.574127
57.757758 -0.629971 -1.152885 -0.900501 1.592768
57.857858 -0.593719 -1.203351 -0.891267 1.610873
57.957958 -0.556469 -1.251751 -0.880519 1.628451
58.058058 -0.518319 -1.298082 -0.868330 1.645500
58.158158 -0.479358 -1.342332 -0.854765 1.662005
58.258258 -0.439655 -1.384450 -0.839857 1.677903
58.358358 -0.399285 -1.424406 -0.823651 1.693151
58.458458 -0.358326 -1.462200 -0.806209 1.707747
58.558559 -0.316855 -1.497833 -0.787589 1.721684
58.658659 -0.274948 -1.531320 -0.767854 1.734974
58.758759 -0.232672 -1.562662 -0.747056 1.747611
58.858859 -0.190095 -1.591864 -0.725248 1.759588
58.958959 -0.147284 -1.618972 -0.702498 1.770951
59.059059 -0.104298 -1.643980 -0.678850 1.781680
59.159159 -0.061194 -1.666875 -0.654341 1.791754
59.259259 -0.018029 -1.687660 -0.629016 1.801161
59.359359 0.025143 -1.706332 -0.602916 1.809892
59.459459 0.068269 -1.722935 -0.576096 1.817980
59.559560 0.111298 -1.737470 -0.548597 1.825417
59.659660 0.154179 -1.749935 -0.520456 1.832189
59.759760 0.196866 -1.760369 -0.491722 1.838327
59.859860 0.239317 -1.768833 -0.462449 1.843883
59.959960 0.281495 -1.775389 -0.432689 1.848909
60.060060 0.323368 -1.780107 -0.402493 1.853470
60.160160 0.364907 -1.783072 -0.371911 1.857639
60.260260 0.406073 -1.784290 -0.340976 1.861411
60.360360 0.446826 -1.783762 -0.309719 1.864775
60.460460 0.487132 -1.781507 -0.278174 1.867738
60.560561 0.526953 -1.777532 -0.246372 1.870294
60.660661 0.566256 -1.771863 -0.214346 1.872455
60.760761 0.605012 -1.764528 -0.182131 1.874238
60.860861 0.643183 -1.755530 -0.149755 1.875632
60.960961 0.680723 -1.744857 -0.117249 1.876608
61.061061 0.717604 -1.732529 -0.084643 1.877172
61.161161 0.753784 -1.718550 -0.051968 1.877314
61.261261 0.789243 -1.702960 -0.019256 1.877059
61.361361 0.823984 -1.685855 0.013461 1.876496
61.461461 0.857986 -1.667271 0.046154 1.875650
61.561562 0.891235 -1.647255 0.078796 1.874555
61.661662 0.923709 -1.625835 0.111357 1.873226
61.761762 0.955370 -1.603014 0.143810 1.871649
61.861862 0.986183 -1.578800 0.176126 1.869810
61.961962 1.016088 -1.553158 0.208268 1.867648
62.062062 1.045017 -1.526052 0.240202 1.865098
62.162162 1.072938 -1.497500 0.271894 1.862157
62.262262 1.099846 -1.467558 0.303320 1.858868
62.362362 1.125717 -1.436257 0.334452 1.855244
62.462462 1.150528 -1.403627 0.365260 1.851296
62.562563 1.174254 -1.369697 0.395715 1.847034
62.662663 1.196873 -1.334498 0.425788 1.842467
62.762763 1.218364 -1.298064 0.455453 1.837612
62.862863 1.238725 -1.260448 0.484687 1.832509
62.962963 1.257947 -1.221693 0.513467 1.827187
63.063063 1.276010 -1.181834 0.541767 1.821660
63.163163 1.292907 -1.140917 0.569564 1.815958
63.263263 1.308611 -1.098966 0.596828 1.810081
63.363363 1.323097 -1.056014 0.623530 1.804035
63.463463 1.336333 -1.012084 0.649634 1.797811
63.563564 1.348298 -0.967211 0.675114 1.791420
63.663664 1.358969 -0.921429 0.699939 1.784865
63.763764 1.368280 -0.874745 0.724056 1.778096
63.863864 1.376178 -0.827177 0.747418 1.771079
63.963964 1.382653 -0.778772 0.770000 1.763835
64.064064 1.387712 -0.729588 0.791787 1.756408
64.164164 1.391331 -0.679667 0.812746 1.748801
64.264264 1.393491 -0.629052 0.832846 1.741022
64.364364 1.394211 -0.577805 0.852077 1.733123
64.464464 1.393489 -0.525979 0.870421 1.725137
64.564565 1.391307 -0.473621 0.887847 1.717069
64.664665 1.387629 -0.420772 0.904310 1.708901
64.764765 1.382400 -0.367472 0.919756 1.700593
64.864865 1.375566 -0.313764 0.934127 1.692106
64.964965 1.367052 -0.259693 0.947350 1.683372
65.065065 1.356836 -0.205317 0.959387 1.674390
65.165165 1.344889 -0.150698 0.970193 1.665146
65.265265 1.331156 -0.095898 0.979704 1.655594
65.365365 1.315605 -0.040987 0.987869 1.645717
65.465465 1.298176 0.013962 0.994617 1.635457
65.565566 1.278829 0.068872 0.999889 1.624785
65.665666 1.257528 0.123655 1.003624 1.613669
65.765766 1.234276 0.178227 1.005796 1.602132
65.865866 1.209091 0.232499 1.006385 1.590210
65.965966 1.181911 0.286365 1.005305 1.577833
66.066066 1.152672 0.339711 1.002466 1.564927
66.166166 1.121347 0.392419 0.997805 1.551459
66.266266 1.087932 0.444374 0.991276 1.537431
66.366366 1.052413 0.495446 0.982821 1.522819
66.466466 1.014786 0.545501 0.972389 1.507614
66.566567 0.975071 0.594408 0.959947 1.491838
66.666667 0.933258 0.642011 0.945430 1.475461
66.766767 0.889365 0.688155 0.928795 1.458488
66.866867 0.843424 0.732687 0.910012 1.440943
66.966967 0.795447 0.775419 0.889020 1.422803
67.067067 0.745485 0.816186 0.865801 1.404108
67.167167 0.693615 0.854830 0.840351 1.384928
67.267267 0.639868 0.891122 0.812614 1.365237
67.367367 0.584309 0.924853 0.782562 1.345055
67.467467 0.527073 0.955890 0.750249 1.324540
67.567568 0.468284 0.984061 0.715708 1.303803
67.667668 0.408047 1.009138 0.678935 1.282894
67.767768 0.346478 1.030855 0.639922 1.261828
67.867868 0.283712 1.048939 0.598671 1.240634
67.967968 0.219921 1.063145 0.555226 1.219392
68.068068 0.155276 1.073098 0.509580 1.198049
68.168168 0.089985 1.078421 0.461753 1.176565
68.268268 0.024305 1.078800 0.411827 1.154990
68.368368 -0.041469 1.073927 0.359914 1.133392
68.468468 -0.107004 1.063491 0.306156 1.111843
68.568569 -0.171914 1.047098 0.250703 1.090331
68.668669 -0.235749 1.024328 0.193743 1.068814
68.768769 -0.298031 0.994912 0.135545 1.047399
68.868869 -0.358255 0.958715 0.076443 1.026316
68.968969 -0.415862 0.915588 0.016810 1.005746
69.069069 -0.470241 0.865419 -0.042931 0.985860
69.169169 -0.520729 0.808149 -0.102294 0.966814
69.269269 -0.566632 0.743815 -0.160738 0.948772
69.369369 -0.607281 0.672629 -0.217675 0.931989
69.469469 -0.641934 0.594851 -0.272444 0.916599
69.569570 -0.669791 0.510820 -0.324313 0.902628
69.669670 -0.690107 0.421081 -0.372516 0.890127
69.769770 -0.702148 0.326335 -0.416236 0.879067
69.869870 -0.705370 0.227526 -0.454714 0.869529
69.969970 -0.699330 0.125771 -0.487208 0.861541
70.070070 -0.683586 0.022311 -0.512925 0.854915
70.170170 -0.657913 -0.081434 -0.531178 0.849488
70.270270 -0.622395 -0.183924 -0.541470 0.845218
70.370370 -0.577338 -0.283555 -0.543448 0.842056
70.470470 -0.523213 -0.378690 -0.536876 0.839877
70.570571 -0.460752 -0.467752 -0.521735 0.838625
70.670671 -0.390902 -0.549266 -0.498210 0.838279
70.770771 -0.314745 -0.621864 -0.466626 0.838760
70.870871 -0.233491 -0.684327 -0.427464 0.839969
70.970971 -0.148465 -0.735654 -0.381366 0.841824
71.071071 -0.061065 -0.775090 -0.329123 0.844284
71.171171 0.027291 -0.802101 -0.271622 0.847283
71.271271 0.115185 -0.816294 -0.209799 0.850658
71.371371 0.201229 -0.817528 -0.144662 0.854267
71.471471 0.284103 -0.805966 -0.077277 0.858060
71.571572 0.362594 -0.782027 -0.008720 0.862042
71.671672 0.435570 -0.746247 0.059950 0.866140
71.771772 0.501962 -0.699230 0.127698 0.870169
71.871872 0.560907 -0.641870 0.193540 0.874112
71.971972 0.611822 -0.575343 0.256603 0.878175
72.072072 0.654292 -0.500900 0.316116 0.882569
72.172172 0.688001 -0.419774 0.371386 0.887402
72.272272 0.712697 -0.333174 0.421783 0.892660
72.372372 0.728416 -0.242394 0.466860 0.898500
72.472472 0.735346 -0.148712 0.506297 0.905089
72.572573 0.733724 -0.053319 0.539838 0.912480
72.672673 0.723855 0.042649 0.567302 0.920661
72.772773 0.706103 0.138132 0.588582 0.929564
72.872873 0.680912 0.232134 0.603650 0.939106
72.972973 0.648749 0.323736 0.612531 0.949144
73.073073 0.610177 0.412113 0.615349 0.959587
73.173173 0.565777 0.496527 0.612280 0.970324
73.273273 0.516193 0.576364 0.603591 0.981311
73.373373 0.462074 0.651104 0.589587 0.992503
73.473473 0.404013 0.720249 0.570539 1.003743
73.573574 0.342626 0.783422 0.546779 1.014943
73.673674 0.278552 0.840405 0.518713 1.026127
73.773774 0.212399 0.891053 0.486753 1.037313
73.873874 0.144734 0.935274 0.451298 1.048502
73.973974 0.076076 0.972941 0.412695 1.059584
74.074074 0.006915 1.003926 0.371274 1.070402
74.174174 -0.062272 1.028183 0.327380 1.080840
74.274274 -0.131030 1.045680 0.281348 1.090767
74.374374 -0.198932 1.056481 0.233529 1.100119
74.474474 -0.265575 1.060701 0.184269 1.108860
74.574575 -0.330599 1.058523 0.133911 1.117004
74.674675 -0.393674 1.050171 0.082787 1.124585
74.774775 -0.454474 1.035798 0.031203 1.131547
74.874875 -0.512662 1.015521 -0.020542 1.137773
74.974975 -0.567935 0.989511 -0.072157 1.143193
75.075075 -0.620104 0.958124 -0.123365 1.147932
75.175175 -0.669034 0.921764 -0.173917 1.152173
75.275275 -0.714563 0.880750 -0.223574 1.155987
75.375375 -0.756482 0.835317 -0.272090 1.159333
75.475475 -0.794588 0.785703 -0.319224 1.162154
75.575576 -0.828713 0.732179 -0.364749 1.164428
75.675676 -0.858744 0.675063 -0.408463 1.166188
75.775776 -0.884599 0.614689 -0.450182 1.167485
75.875876 -0.906224 0.551399 -0.489739 1.168387
75.975976 -0.923623 0.485560 -0.527004 1.169009
76.076076 -0.936711 0.417481 -0.561801 1.169332
76.176176 -0.945290 0.347416 -0.593883 1.169174
76.276276 -0.949260 0.275682 -0.623062 1.168461
76.376376 -0.948557 0.202614 -0.649164 1.167145
76.476476 -0.943088 0.128552 -0.671997 1.165127
76.576577 -0.932839 0.053863 -0.691414 1.162387
76.676677 -0.917906 -0.021076 -0.707352 1.159027
76.776777 -0.898410 -0.095885 -0.719765 1.155160
76.876877 -0.874407 -0.170189 -0.728558 1.150803
76.976977 -0.845986 -0.243607 -0.733660 1.145990
77.077077 -0.813211 -0.315744 -0.734976 1.140700
77.177177 -0.776113 -0.386173 -0.732376 1.134837
77.277277 -0.734824 -0.454489 -0.725809 1.128418
77.377377 -0.689529 -0.520296 -0.715274 1.121506
77.477477 -0.640454 -0.583221 -0.700808 1.114208
77.577578 -0.587854 -0.642900 -0.682471 1.106643
77.677678 -0.531961 -0.698940 -0.660298 1.098860
77.777778 -0.472991 -0.750890 -0.634288 1.090815
77.877878 -0.411206 -0.798326 -0.604487 1.082506
77.977978 -0.346956 -0.840922 -0.571042 1.074066
78.078078 -0.280616 -0.878390 -0.534134 1.065651
78.178178 -0.212561 -0.910408 -0.493932 1.057352
78.278278 -0.143171 -0.936598 -0.450589 1.049164
78.378378 -0.072860 -0.956605 -0.404289 1.041082
78.478478 -0.002081 -0.970139 -0.355271 1.033146
78.578579 0.068689 -0.976882 -0.303786 1.025331
78.678679 0.138939 -0.976573 -0.250126 1.017626
78.778779 0.208154 -0.969138 -0.194656 1.010172
78.878879 0.275805 -0.954529 -0.137764 1.003082
78.978979 0.341344 -0.932692 -0.079847 0.996396
79.079079 0.404198 -0.903590 -0.021326 0.990104
79.179179 0.463758 -0.867183 0.037346 0.984110
79.279279 0.519439 -0.823570 0.095688 0.978387
79.379379 0.570676 -0.772956 0.153196 0.972934
79.479479 0.616932 -0.715634 0.209352 0.967764
79.579580 0.657744 -0.652032 0.263649 0.962956
79.679680 0.692717 -0.582671 0.315593 0.958625
79.779780 0.721484 -0.508124 0.364699 0.954848
79.879880 0.743742 -0.429019 0.410504 0.951695
79.979980 0.759365 -0.346112 0.452639 0.949374
80.080080 0.768349 -0.260202 0.490807 0.948133
80.180180 0.770674 -0.172064 0.524712 0.948086
80.280280 0.766297 -0.082457 0.554044 0.949196
80.380380 0.755328 0.007837 0.578602 0.951505
80.480480 0.737967 0.098039 0.598253 0.955046
80.580581 0.714333 0.187378 0.612809 0.959644
80.680681 0.684595 0.275088 0.622118 0.965078
80.780781 0.649149 0.360481 0.626231 0.971342
80.880881 0.608498 0.442957 0.625314 0.978519
80.980981 0.563072 0.521925 0.619477 0.986513
81.081081 0.513274 0.596806 0.608819 0.995132
81.181181 0.459558 0.667094 0.593499 1.004216
81.281281 0.402378 0.732312 0.573691 1.013564
81.381381 0.342214 0.792052 0.549610 1.022999
81.481481 0.279588 0.846044 0.521559 1.032465
81.581582 0.215023 0.894101 0.489864 1.041930
81.681682 0.149003 0.936015 0.454822 1.051280
81.781782 0.081991 0.971564 0.416702 1.060330
81.881882 0.014453 1.000658 0.375829 1.069005
81.981982 -0.053159 1.023269 0.332535 1.077258
82.082082 -0.120413 1.039360 0.287137 1.084996
82.182182 -0.186888 1.048895 0.239944 1.092099
82.282282 -0.252176 1.051876 0.191265 1.098462
82.382382 -0.315916 1.048473 0.141439 1.104130
82.482482 -0.377775 1.038892 0.090794 1.109168
82.582583 -0.437422 1.023281 0.039637 1.113559
82.682683 -0.494558 1.001839 -0.011731 1.117321
82.782783 -0.548925 0.974829 -0.063020 1.120528
82.882883 -0.600270 0.942489 -0.113947 1.123207
82.982983 -0.648341 0.905043 -0.164241 1.125355
83.083083 -0.692923 0.862758 -0.213639 1.127003
83.183183 -0.733837 0.815934 -0.261896 1.128208
83.283283 -0.770929 0.764889 -0.308779 1.129040
83.383383 -0.803968 0.709853 -0.354027 1.129421
83.483483 -0.832700 0.651040 -0.397369 1.129223
83.583584 -0.856951 0.588750 -0.438564 1.128419
83.683684 -0.876554 0.523292 -0.477370 1.126971
83.783784 -0.891378 0.455005 -0.513565 1.124870
83.883884 -0.901304 0.384243 -0.546929 1.122107
83.983984 -0.906278 0.311392 -0.577280 1.118730
84.084084 -0.906269 0.236853 -0.604448 1.114801
84.184184 -0.901236 0.161025 -0.628256 1.110342
84.284284 -0.891234 0.084331 -0.648593 1.105478
84.384384 -0.876274 0.007194 -0.665312 1.100248
84.484484 -0.856257 -0.069958 -0.678181 1.094532
84.584585 -0.831186 -0.146672 -0.687039 1.088304
84.684685 -0.801194 -0.222493 -0.691820 1.081679
84.784785 -0.766470 -0.296974 -0.692506 1.074818
84.884885 -0.727169 -0.369652 -0.689045 1.067801
84.984985 -0.683422 -0.440040 -0.681361 1.060639
85.085085 -0.635461 -0.507684 -0.669464 1.053440
85.185185 -0.583573 -0.572157 -0.653417 1.046363
85.285285 -0.528077 -0.633060 -0.633319 1.039578
85.385385 -0.469250 -0.689923 -0.609210 1.033115
85.485485 -0.407379 -0.742266 -0.581132 1.026952
85.585586 -0.342847 -0.789709 -0.549239 1.021199
85.685686 -0.276036 -0.831837 -0.513671 1.015878
85.785786 -0.207351 -0.868239 -0.474588 1.010973
85.885886 -0.137251 -0.898622 -0.432232 1.006570
85.985986 -0.066224 -0.922784 -0.386900 1.002800
86.086086 0.005244 -0.940456 -0.338867 0.999658
86.186186 0.076651 -0.951330 -0.288402 0.997035
86.286286 0.147463 -0.955127 -0.235809 0.994796
86.386386 0.217116 -0.951565 -0.181419 0.992738
86.486486 0.285031 -0.940490 -0.125613 0.990728
86.586587 0.350667 -0.921962 -0.068828 0.988796
86.686687 0.413460 -0.896026 -0.011509 0.986886
86.786787 0.472832 -0.862727 0.045887 0.984873
86.886887 0.528290 -0.822327 0.102888 0.982801
86.986987 0.579366 -0.775146 0.159021 0.980716
87.087087 0.625568 -0.721482 0.213803 0.978562
87.187187 0.666374 -0.661631 0.266727 0.976193
87.287287 0.701330 -0.596002 0.317299 0.973530
87.387387 0.730097 -0.525143 0.365060 0.970611
87.487487 0.752392 -0.449657 0.409574 0.967490
87.587588 0.768018 -0.370211 0.450448 0.964267
87.687688 0.776891 -0.287534 0.487354 0.961119
87.787788 0.778983 -0.202372 0.519996 0.958209
87.887888 0.774171 -0.115446 0.548019 0.955507
87.987988 0.762318 -0.027499 0.571047 0.952880
88.088088 0.743353 0.060675 0.588737 0.950193
88.188188 0.717316 0.148244 0.600815 0.947363
88.288288 0.684396 0.234362 0.607119 0.944414
88.388388 0.644811 0.318164 0.607497 0.941309
88.488488 0.598835 0.398782 0.601843 0.938001
88.588589 0.546852 0.475363 0.590139 0.934495
88.688689 0.489311 0.547076 0.572423 0.930799
88.788789 0.426753 0.613136 0.548822 0.926962
88.888889 0.359794 0.672827 0.519545 0.923079
88.988989 0.289085 0.725446 0.484831 0.919186
89.089089 0.215335 0.770364 0.444991 0.915339
89.189189 0.139314 0.807065 0.400425 0.911648
89.289289 0.061818 0.835066 0.351562 0.908159
89.389389 -0.016325 0.854019 0.298908 0.904965
89.489489 -0.094269 0.863713 0.243030 0.902192
89.589590 -0.171149 0.863906 0.184499 0.899814
89.689690 -0.246086 0.854412 0.123917 0.897738
89.789790 -0.318182 0.835145 0.061938 0.895848
89.889890 -0.386513 0.806068 -0.000748 0.893945
89.989990 -0.450199 0.767356 -0.063405 0.891928
90.090090 -0.508489 0.719486 -0.125288 0.889898
90.190190 -0.560725 0.663088 -0.185666 0.888014
90.290290 -0.606362 0.598914 -0.243848 0.886473
90.390390 -0.644966 0.527824 -0.299191 0.885491
90.490490 -0.676141 0.450683 -0.351078 0.885176
90.590591 -0.699485 0.368354 -0.398887 0.885480
90.690691 -0.714587 0.281715 -0.441984 0.886198
90.790791 -0.721265 0.191778 -0.479863 0.887283
90.890891 -0.719573 0.099640 -0.512164 0.888833
90.990991 -0.709631 0.006385 -0.538584 0.890893
91.091091 -0.691551 -0.086915 -0.558817 0.893350
91.191191 -0.665524 -0.179189 -0.572619 0.896061
91.291291 -0.632006 -0.269424 -0.579967 0.899101
91.391391 -0.591539 -0.356670 -0.580929 0.902557
91.491491 -0.544656 -0.440016 -0.575578 0.906397
91.591592 -0.491964 -0.518640 -0.564078 0.910605
91.691692 -0.434136 -0.591813 -0.546676 0.915189
91.791792 -0.371910 -0.658959 -0.523724 0.920235
91.891892 -0.306070 -0.719661 -0.495669 0.925894
91.991992 -0.237352 -0.773539 -0.462931 0.932204
92.092092 -0.166466 -0.820285 -0.425941 0.939151
92.192192 -0.094119 -0.859737 -0.385178 0.946768
92.292292 -0.020979 -0.891750 -0.341098 0.954990
92.392392 0.052320 -0.916161 -0.294126 0.963638
92.492492 0.125172 -0.933022 -0.244742 0.972675
92.592593 0.197022 -0.942545 -0.193447 0.982156
92.692693 0.267352 -0.944886 -0.140692 0.992009
92.792793 0.335696 -0.940269 -0.086913 1.002173
92.892893 0.401619 -0.928926 -0.032529 1.012551
92.992993 0.464694 -0.911041 0.022070 1.022949
93.093093 0.524537 -0.886860 0.076500 1.033204
93.193193 0.580813 -0.856683 0.130398 1.043193
93.293293 0.633225 -0.820839 0.183417 1.052802
93.393393 0.681563 -0.779740 0.235246 1.062009
93.493493 0.725739 -0.733904 0.285630 1.070933
93.593594 0.765675 -0.683804 0.334335 1.079641
93.693694 0.801154 -0.629753 0.381084 1.087962
93.793794 0.831969 -0.572059 0.425606 1.095703
93.893894 0.858033 -0.511122 0.467690 1.102815
93.993994 0.879277 -0.447336 0.507137 1.109246
94.094094 0.895579 -0.381060 0.543726 1.114857
94.194194 0.906881 -0.312678 0.577271 1.119572
94.294294 0.913228 -0.242608 0.607654 1.123427
94.394394 0.914677 -0.171259 0.634770 1.126453
94.494494 0.911296 -0.099027 0.658527 1.128682
94.594595 0.903119 -0.026296 0.678810 1.130088
94.694695 0.890150 0.046550 0.695483 1.130589
94.794795 0.872447 0.119127 0.708448 1.130157
94.894895 0.850106 0.191046 0.717638 1.128797
94.994995 0.823211 0.261917 0.722975 1.126485
95.095095 0.791898 0.331358 0.724423 1.123250
95.195195 0.756373 0.399012 0.722009 1.119199
95.295295 0.716797 0.464500 0.715718 1.114365
95.395395 0.673267 0.527394 0.705467 1.108655
95.495495 0.625884 0.587236 0.691166 1.101947
95.595596 0.574748 0.643518 0.672707 1.094068
95.695696 0.519998 0.695715 0.650004 1.084861
95.795796 0.461862 0.743339 0.623053 1.074274
95.895896 0.400637 0.785942 0.591916 1.062346
95.995996 0.336640 0.823050 0.556663 1.049101
96.096096 0.270204 0.854123 0.517351 1.034499
96.196196 0.201712 0.878610 0.474070 1.018521
96.296296 0.131611 0.895968 0.426965 1.001189
96.396396 0.060415 0.905689 0.376240 0.982588
96.496496 -0.011299 0.907188 0.322123 0.962746
96.596597 -0.082873 0.899798 0.264872 0.941627
96.696697 -0.153547 0.882965 0.204864 0.919333
96.796797 -0.222458 0.856177 0.142571 0.896021
96.896897 -0.288620 0.818941 0.078564 0.871859
96.996997 -0.350921 0.770859 0.013546 0.847085
97.097097 -0.408114 0.711646 -0.051636 0.821987
97.197197 -0.458797 0.641168 -0.115963 0.796893
97.297297 -0.501416 0.559500 -0.178223 0.772154
97.397397 -0.534401 0.467152 -0.237033 0.748331
97.497497 -0.556219 0.365113 -0.290865 0.726147
97.597598 -0.565405 0.254848 -0.338066 0.706342
97.697698 -0.560723 0.138398 -0.376951 0.689678
97.797798 -0.541239 0.018362 -0.405862 0.676757
97.897898 -0.506579 -0.102130 -0.423370 0.668053
97.997998 -0.457173 -0.219599 -0.428537 0.663985
98.098098 -0.394243 -0.330530 -0.421011 0.664776
98.198198 -0.319571 -0.431568 -0.400928 0.670164
98.298298 -0.235506 -0.519903 -0.369055 0.679679
98.398398 -0.144787 -0.593533 -0.326749 0.692827
98.498498 -0.050193 -0.651293 -0.275702 0.709023
98.598599 0.045660 -0.692680 -0.217728 0.727527
98.698699 0.140434 -0.717699 -0.154608 0.747474
98.798799 0.232118 -0.726930 -0.088088 0.768157
98.898899 0.319107 -0.721445 -0.019781 0.789116
98.998999 0.400157 -0.702541 0.048890 0.809987
99.099099 0.474290 -0.671504 0.116713 0.830355
99.199199 0.540840 -0.629740 0.182666 0.849969
99.299299 0.599304 -0.578579 0.245882 0.868548
99.399399 0.649341 -0.519296 0.305636 0.885847
99.499499 0.690819 -0.453184 0.361355 0.901767
99.599600 0.723683 -0.381437 0.412561 0.916197
99.699700 0.747957 -0.305181 0.458866 0.929050
99.799800 0.763776 -0.225492 0.499975 0.940306
99.899900 0.771252 -0.143362 0.535617 0.949878
100.000000 0.770475 -0.059719 0.565518 0.957606
