0.000000 0.709882 0.359387 0.498040 0.938688
0.100100 0.672729 0.438061 0.474353 0.932455
0.200200 0.627720 0.511586 0.445126 0.924062
0.300300 0.575172 0.578927 0.410552 0.913528
0.400400 0.515480 0.639034 0.370878 0.900908
0.500501 0.449125 0.690827 0.326409 0.886283
0.600601 0.376693 0.733215 0.277521 0.869782
0.700701 0.298898 0.765082 0.224681 0.851570
0.800801 0.216544 0.785168 0.168410 0.831710
0.900901 0.130630 0.792184 0.109367 0.810297
1.001001 0.042416 0.784999 0.048393 0.787632
1.101101 -0.046570 0.762602 -0.013485 0.764141
1.201201 -0.134509 0.723983 -0.075037 0.740185
1.301301 -0.219210 0.668292 -0.134775 0.716122
1.401401 -0.298069 0.595032 -0.190914 0.692356
1.501502 -0.368145 0.504411 -0.241424 0.669513
1.601602 -0.426227 0.397512 -0.284064 0.648365
1.701702 -0.468897 0.276384 -0.316430 0.629588
1.801802 -0.492940 0.144399 -0.336223 0.613911
1.901902 -0.495836 0.006323 -0.341589 0.602143
2.002002 -0.476103 -0.131947 -0.331362 0.594882
2.102102 -0.433912 -0.263945 -0.305505 0.592689
2.202202 -0.371093 -0.383348 -0.265123 0.595781
2.302302 -0.290967 -0.484893 -0.212376 0.604058
2.402402 -0.197966 -0.565028 -0.150233 0.617266
2.502503 -0.096791 -0.621942 -0.081890 0.634734
2.602603 0.008047 -0.655617 -0.010455 0.655749
2.702703 0.112653 -0.667336 0.061357 0.679553
2.802803 0.213912 -0.659049 0.131349 0.705235
2.902903 0.309450 -0.633061 0.197830 0.731890
3.003003 0.397570 -0.591861 0.259571 0.758774
3.103103 0.477102 -0.537860 0.315704 0.785232
3.203203 0.547330 -0.473359 0.365681 0.810778
3.303303 0.608001 -0.400587 0.409273 0.835248
3.403403 0.659120 -0.321524 0.446435 0.858557
3.503504 0.700809 -0.237869 0.477210 0.880593
3.603604 0.733288 -0.151099 0.501713 0.901253
3.703704 0.756836 -0.062501 0.520105 0.920443
3.803804 0.771809 0.026790 0.532604 0.938123
3.903904 0.778611 0.115782 0.539464 0.954287
4.004004 0.777652 0.203602 0.540946 0.968927
4.104104 0.769343 0.289478 0.537315 0.982036
4.204204 0.754048 0.372703 0.528805 0.993544
4.304304 0.732075 0.452603 0.515611 1.003313
4.404404 0.703830 0.528603 0.497999 1.011336
4.504505 0.669725 0.600174 0.476239 1.017616
4.604605 0.630088 0.666758 0.450546 1.022042
4.704705 0.585281 0.727839 0.421154 1.024536
4.804805 0.535682 0.782924 0.388313 1.025043
4.904905 0.481725 0.831605 0.352313 1.023597
5.005005 0.423868 0.873509 0.313460 1.020265
5.105105 0.362574 0.908280 0.272062 1.015111
5.205205 0.298318 0.935570 0.228441 1.008202
5.305305 0.231585 0.955018 0.182922 0.999575
5.405405 0.162878 0.966220 0.135841 0.989223
5.505506 0.092740 0.968794 0.087563 0.977154
5.605606 0.021773 0.962436 0.038496 0.963452
5.705706 -0.049377 0.946848 -0.010923 0.948198
5.805806 -0.119998 0.921676 -0.060212 0.931403
5.905906 -0.189282 0.886478 -0.108823 0.912970
6.006006 -0.256321 0.840917 -0.156139 0.892873
6.106106 -0.320085 0.784741 -0.201459 0.871125
6.206206 -0.379422 0.717809 -0.243988 0.847786
6.306306 -0.433098 0.640251 -0.282876 0.823112
6.406406 -0.479807 0.552472 -0.317212 0.797536
6.506507 -0.518201 0.455188 -0.346048 0.771672
6.606607 -0.546791 0.349370 -0.368336 0.746131
6.706707 -0.563902 0.236298 -0.382888 0.721405
6.806807 -0.567882 0.117803 -0.388524 0.698082
6.906907 -0.557280 -0.003635 -0.384180 0.676882
7.007007 -0.530895 -0.124881 -0.368954 0.658462
7.107107 -0.488055 -0.242169 -0.342290 0.643433
7.207207 -0.429019 -0.351342 -0.304266 0.632516
7.307307 -0.355006 -0.448164 -0.255617 0.626275
7.407407 -0.268245 -0.528836 -0.197788 0.625095
7.507508 -0.171867 -0.590503 -0.132867 0.629195
7.607608 -0.069431 -0.631300 -0.063261 0.638249
7.707708 0.035369 -0.650696 0.008496 0.651712
7.807808 0.139068 -0.649537 0.079996 0.669057
7.907908 0.238715 -0.629398 0.149167 0.689476
8.008008 0.331957 -0.592334 0.214337 0.712036
8.108108 0.417112 -0.540805 0.274285 0.735992
8.208208 0.493057 -0.477324 0.328177 0.760686
8.308308 0.559100 -0.404251 0.375480 0.785492
8.408408 0.615012 -0.323845 0.415978 0.810033
8.508509 0.660870 -0.238147 0.449676 0.834069
8.608609 0.696819 -0.148887 0.476632 0.857264
8.708709 0.723070 -0.057567 0.496953 0.879265
8.808809 0.739888 0.034489 0.510791 0.899739
8.908909 0.747676 0.126112 0.518395 0.918508
9.009009 0.746913 0.216276 0.520070 0.935483
9.109109 0.738105 0.304094 0.516142 0.950618
9.209209 0.721734 0.388774 0.506926 0.963856
9.309309 0.698314 0.469640 0.492758 0.975199
9.409409 0.668450 0.546149 0.474042 0.984794
9.509510 0.632645 0.617779 0.451113 0.992670
9.609610 0.591331 0.683999 0.424253 0.998758
9.709710 0.544928 0.744301 0.393743 1.002977
9.809810 0.493813 0.798125 0.359827 1.005152
9.909910 0.438374 0.844919 0.322760 1.005104
10.010010 0.379097 0.884269 0.282865 1.002825
10.110110 0.316503 0.915828 0.240493 0.998375
10.210210 0.251079 0.939120 0.195970 0.991660
10.310310 0.183309 0.953538 0.149613 0.982457
10.410410 0.113771 0.958634 0.101810 0.970715
10.510511 0.043113 0.954085 0.053000 0.956528
10.610611 -0.027972 0.939457 0.003649 0.939881
10.710711 -0.098714 0.914294 -0.045722 0.920743
10.810811 -0.168245 0.878206 -0.094525 0.899159
10.910911 -0.235589 0.830877 -0.142096 0.875243
11.011011 -0.299645 0.772087 -0.187679 0.849193
11.111111 -0.359177 0.701748 -0.230427 0.821313
11.211211 -0.412757 0.619890 -0.269353 0.791949
11.311311 -0.458665 0.526617 -0.303271 0.761363
11.411411 -0.494946 0.422393 -0.330821 0.729952
11.511512 -0.519493 0.308257 -0.350524 0.698400
11.611612 -0.530040 0.185926 -0.360779 0.667587
11.711712 -0.524214 0.057977 -0.359887 0.638499
11.811812 -0.499828 -0.071891 -0.346249 0.612278
11.911912 -0.455549 -0.198772 -0.318827 0.590496
12.012012 -0.391341 -0.316828 -0.277455 0.574899
12.112112 -0.308745 -0.419878 -0.223042 0.566894
12.212212 -0.211129 -0.502431 -0.157778 0.567368
12.312312 -0.103262 -0.560550 -0.084852 0.576264
12.412412 0.009418 -0.592816 -0.007977 0.592944
12.512513 0.121774 -0.600440 0.069275 0.616568
12.612613 0.229762 -0.586190 0.144051 0.645879
12.712713 0.330494 -0.553305 0.214281 0.679183
12.812813 0.422155 -0.505142 0.278631 0.714855
12.912913 0.503889 -0.445046 0.336431 0.751768
13.013013 0.575391 -0.375886 0.387400 0.788951
13.113113 0.636680 -0.300041 0.431493 0.825574
13.213213 0.688037 -0.219510 0.468855 0.861049
13.313313 0.729948 -0.135965 0.499780 0.895036
13.413413 0.762989 -0.050772 0.524632 0.927345
13.513514 0.787784 0.034962 0.543814 0.957893
13.613614 0.804879 0.120341 0.557680 0.986569
13.713714 0.814719 0.204621 0.566519 1.013203
13.813814 0.817716 0.287164 0.570599 1.037644
13.913914 0.814234 0.367413 0.570158 1.059740
14.014014 0.804677 0.444902 0.565462 1.079439
14.114114 0.789457 0.519240 0.556786 1.096752
14.214214 0.768945 0.590075 0.544378 1.111671
14.314314 0.743449 0.657061 0.528440 1.124142
14.414414 0.713272 0.719885 0.509174 1.134129
14.514515 0.678771 0.778320 0.486822 1.141713
14.614615 0.640302 0.832176 0.461622 1.146995
14.714715 0.598117 0.881170 0.433743 1.149930
14.814815 0.552454 0.925005 0.403341 1.150445
14.914915 0.503555 0.963381 0.370575 1.148475
15.015015 0.451682 0.996027 0.335619 1.143996
15.115115 0.397128 1.022712 0.298671 1.137038
15.215215 0.340190 1.043204 0.259928 1.127637
15.315315 0.281178 1.057270 0.219599 1.115842
15.415415 0.220395 1.064589 0.177884 1.101620
15.515516 0.158183 1.064912 0.135014 1.085029
15.615616 0.094926 1.058052 0.091248 1.066213
15.715716 0.031025 1.043754 0.046857 1.045266
15.815816 -0.033083 1.021672 0.002133 1.022209
15.915916 -0.096905 0.991496 -0.042591 0.997130
16.016016 -0.159882 0.952957 -0.086937 0.970180
16.116116 -0.221355 0.905637 -0.130460 0.941380
16.216216 -0.280527 0.849049 -0.172624 0.910702
16.316316 -0.336490 0.782859 -0.212811 0.878283
16.416416 -0.388214 0.706904 -0.250314 0.844441
16.516517 -0.434492 0.621128 -0.284304 0.809575
16.616617 -0.473811 0.525506 -0.313737 0.774005
16.716717 -0.504257 0.420153 -0.337292 0.737950
16.816817 -0.523654 0.305702 -0.353455 0.701853
16.916917 -0.529744 0.183595 -0.360632 0.666626
17.017017 -0.520247 0.056208 -0.357195 0.633565
17.117117 -0.492977 -0.072955 -0.341553 0.604158
17.217217 -0.446254 -0.199085 -0.312428 0.579991
17.317317 -0.379637 -0.316184 -0.269372 0.562724
17.417417 -0.294505 -0.417717 -0.213175 0.553773
17.517518 -0.194402 -0.497947 -0.146140 0.554166
17.617618 -0.084512 -0.553114 -0.071747 0.564114
17.717718 0.029453 -0.581872 0.006099 0.582649
17.817818 0.142194 -0.585251 0.083720 0.608068
17.917918 0.249538 -0.566107 0.158172 0.638564
18.018018 0.348664 -0.528165 0.227418 0.672490
18.118118 0.438046 -0.475352 0.290311 0.708607
18.218218 0.517091 -0.411267 0.346355 0.745980
18.318318 0.585692 -0.338844 0.395404 0.783706
18.418418 0.644104 -0.260509 0.437575 0.821101
18.518519 0.692714 -0.178207 0.473086 0.857567
18.618619 0.732050 -0.093518 0.502265 0.892699
18.718719 0.762823 -0.007737 0.525568 0.926380
18.818819 0.785665 0.078115 0.543407 0.958469
18.918919 0.801113 0.163219 0.556131 0.988789
19.019019 0.809720 0.246917 0.564105 1.017265
19.119119 0.812084 0.328697 0.567731 1.043954
19.219219 0.808716 0.408139 0.567348 1.068870
19.319319 0.799983 0.484854 0.563202 1.091903
19.419419 0.786227 0.558504 0.555518 1.112960
19.519520 0.767849 0.628850 0.544568 1.132077
19.619620 0.745244 0.695713 0.530621 1.149332
19.719720 0.718736 0.758907 0.513892 1.164734
19.819820 0.688634 0.818282 0.494595 1.178315
19.919920 0.655253 0.873734 0.472941 1.190143
20.020020 0.618878 0.925164 0.449126 1.200272
20.120120 0.579791 0.972510 0.423341 1.208781
20.220220 0.538249 1.015703 0.395764 1.215728
20.320320 0.494498 1.054693 0.366561 1.221177
20.420420 0.448777 1.089441 0.335898 1.225198
20.520521 0.401283 1.119835 0.303905 1.227769
20.620621 0.352180 1.145685 0.270693 1.228779
20.720721 0.301637 1.166790 0.236373 1.228111
20.820821 0.249848 1.183000 0.201074 1.225701
20.920921 0.197012 1.194171 0.164931 1.221499
21.021021 0.143335 1.200126 0.128080 1.215423
21.121121 0.089025 1.200622 0.090661 1.207327
21.221221 0.034318 1.195513 0.052830 1.197171
21.321321 -0.020534 1.184752 0.014763 1.185022
21.421421 -0.075265 1.168189 -0.023364 1.170844
21.521522 -0.129592 1.145655 -0.061358 1.154592
21.621622 -0.183210 1.117026 -0.099011 1.136273
21.721722 -0.235792 1.082206 -0.136101 1.115926
21.821822 -0.286972 1.041055 -0.172380 1.093555
21.921922 -0.336335 0.993401 -0.207566 1.069136
22.022022 -0.383443 0.939156 -0.241357 1.042735
22.122122 -0.427775 0.878185 -0.273401 1.014371
22.222222 -0.468729 0.810340 -0.303283 0.984041
22.322322 -0.505601 0.735502 -0.330522 0.951757
22.422422 -0.537648 0.653700 -0.354607 0.917679
22.522523 -0.564018 0.565056 -0.374945 0.882036
22.622623 -0.583592 0.469669 -0.390764 0.844906
22.722723 -0.595071 0.367836 -0.401160 0.806438
22.822823 -0.596927 0.260133 -0.405068 0.766858
22.922923 -0.587522 0.147603 -0.401332 0.726661
23.023023 -0.565187 0.031920 -0.388762 0.686725
23.123123 -0.528211 -0.084476 -0.366118 0.648218
23.223223 -0.474961 -0.198124 -0.332190 0.612528
23.323323 -0.404334 -0.304351 -0.286105 0.581353
23.423423 -0.316355 -0.397295 -0.227736 0.556586
23.523524 -0.212777 -0.470389 -0.158131 0.539949
23.623624 -0.097532 -0.517356 -0.079848 0.532489
23.723724 0.023407 -0.533712 0.003107 0.534234
23.823824 0.142985 -0.518576 0.085892 0.544742
23.923924 0.254647 -0.474537 0.163928 0.562941
24.024024 0.353539 -0.406496 0.233747 0.587253
24.124124 0.436835 -0.320386 0.293258 0.616013
24.224224 0.503423 -0.221916 0.341556 0.647566
24.324324 0.553363 -0.116040 0.378559 0.680428
24.424424 0.587380 -0.006777 0.404672 0.713317
24.524525 0.606775 0.102694 0.420711 0.745466
24.624625 0.613013 0.209957 0.427628 0.776359
24.724725 0.607443 0.313185 0.426308 0.805488
24.824825 0.591361 0.410996 0.417611 0.832481
24.924925 0.565975 0.502334 0.402344 0.857058
25.025025 0.532363 0.586358 0.381228 0.878954
25.125125 0.491501 0.662379 0.354921 0.897935
25.225225 0.444367 0.729929 0.324084 0.913941
25.325325 0.391885 0.788664 0.289345 0.926977
25.425425 0.334855 0.838207 0.251248 0.936934
25.525526 0.274072 0.878313 0.210333 0.943816
25.625626 0.210301 0.908782 0.167125 0.947651
25.725726 0.144261 0.929353 0.122110 0.948377
25.825826 0.076669 0.939797 0.075779 0.945960
25.925926 0.008253 0.939847 0.028626 0.940319
26.026026 -0.060233 0.929241 -0.018835 0.931382
26.126126 -0.127986 0.907732 -0.066057 0.919087
26.226226 -0.194145 0.875104 -0.112452 0.903407
26.326326 -0.257789 0.831270 -0.157387 0.884441
26.426426 -0.317925 0.776230 -0.200177 0.862369
26.526527 -0.373494 0.710121 -0.240090 0.837504
26.626627 -0.423266 0.633085 -0.276275 0.810110
26.726727 -0.465765 0.545258 -0.307709 0.780339
26.826827 -0.499265 0.446993 -0.333197 0.748390
26.926927 -0.521835 0.339034 -0.351387 0.714653
27.027027 -0.531283 0.222662 -0.360739 0.679686
27.127127 -0.525158 0.099887 -0.359515 0.644220
27.227227 -0.501076 -0.026164 -0.345993 0.609485
27.327327 -0.457014 -0.151007 -0.318671 0.577249
27.427427 -0.391645 -0.268600 -0.276487 0.549525
27.527528 -0.305190 -0.371500 -0.219411 0.528483
27.627628 -0.200319 -0.451721 -0.149089 0.516146
27.727728 -0.082456 -0.502416 -0.069093 0.513804
27.827828 0.040843 -0.520022 0.015458 0.521852
27.927928 0.161655 -0.505092 0.099090 0.539509
28.028028 0.273308 -0.461255 0.177113 0.564644
28.128128 0.371288 -0.394106 0.246283 0.594835
28.228228 0.453316 -0.309870 0.304874 0.628062
28.328328 0.518596 -0.214094 0.352204 0.662439
28.428428 0.567346 -0.111427 0.388310 0.696478
28.528529 0.600376 -0.005634 0.413656 0.729105
28.628629 0.618848 0.100326 0.428974 0.759642
28.728729 0.624119 0.204161 0.435141 0.787752
28.828829 0.617400 0.304076 0.432949 0.813074
28.928929 0.599844 0.398652 0.423157 0.835343
29.029029 0.572608 0.486787 0.406537 0.854467
29.129129 0.536754 0.567580 0.383797 0.870375
29.229229 0.493213 0.640222 0.355560 0.882930
29.329329 0.442885 0.704029 0.322430 0.892056
29.429429 0.386690 0.758478 0.285028 0.897808
29.529530 0.325535 0.803163 0.243969 0.900314
29.629630 0.260298 0.837722 0.199849 0.899706
29.729730 0.191818 0.861774 0.153238 0.896064
29.829830 0.120937 0.874936 0.104707 0.889440
29.929930 0.048517 0.876768 0.054838 0.879820
30.030030 -0.024530 0.866713 0.004246 0.867070
30.130130 -0.097200 0.844315 -0.046387 0.851157
30.230230 -0.168363 0.809144 -0.096292 0.832065
30.330330 -0.236730 0.760723 -0.144594 0.809721
30.430430 -0.300828 0.698736 -0.190285 0.784180
30.530531 -0.358936 0.622971 -0.232184 0.755538
30.630631 -0.408991 0.533363 -0.268870 0.723906
30.730731 -0.448505 0.430150 -0.298623 0.689464
30.830831 -0.474543 0.314163 -0.319399 0.652614
30.930931 -0.483803 0.187236 -0.328880 0.614235
31.031031 -0.472527 0.052580 -0.324395 0.575568
31.131131 -0.436805 -0.084530 -0.303120 0.538355
31.231231 -0.373511 -0.215960 -0.262704 0.505136
31.331331 -0.281801 -0.330539 -0.202291 0.479155
31.431431 -0.165148 -0.415372 -0.123962 0.463869
31.531532 -0.032504 -0.459614 -0.033620 0.461986
31.631632 0.103376 -0.458763 0.060053 0.474085
31.731732 0.230124 -0.416356 0.148446 0.498342
31.831832 0.339143 -0.341338 0.225415 0.531358
31.931932 0.426589 -0.244206 0.288056 0.569729
32.032032 0.492180 -0.134325 0.335945 0.610855
32.132132 0.537414 -0.018727 0.369942 0.652704
32.232232 0.564479 0.097598 0.391435 0.693817
32.332332 0.575643 0.211240 0.401903 0.733153
32.432432 0.573079 0.319881 0.402787 0.770053
32.532533 0.558628 0.421904 0.395317 0.803955
32.632633 0.533992 0.516251 0.380640 0.834595
32.732733 0.500825 0.602358 0.359883 0.862077
32.832833 0.460500 0.679846 0.333981 0.886450
32.932933 0.414165 0.748450 0.303720 0.907720
33.033033 0.362822 0.807976 0.269785 0.925877
33.133133 0.307362 0.858306 0.232789 0.940931
33.233233 0.248616 0.899420 0.193304 0.952960
33.333333 0.187342 0.931333 0.151851 0.962048
33.433433 0.124238 0.954058 0.108913 0.968258
33.533534 0.059938 0.967452 0.064923 0.971478
33.633634 -0.004929 0.971377 0.020310 0.971602
33.733734 -0.069728 0.965825 -0.024487 0.968648
33.833834 -0.133823 0.950789 -0.069029 0.962639
33.933934 -0.196563 0.926286 -0.112869 0.953615
34.034034 -0.257254 0.892245 -0.155529 0.941526
34.134134 -0.315131 0.848542 -0.196487 0.926249
34.234234 -0.369383 0.795156 -0.235181 0.907759
34.334334 -0.419089 0.732062 -0.270980 0.885991
34.434434 -0.463251 0.659350 -0.303192 0.860970
34.534535 -0.500761 0.577240 -0.331049 0.832803
34.634635 -0.530305 0.486019 -0.353638 0.801559
34.734735 -0.550439 0.386246 -0.369950 0.767484
34.834835 -0.559516 0.278798 -0.378828 0.730956
34.934935 -0.555638 0.164989 -0.378933 0.692492
35.035035 -0.536727 0.046830 -0.368783 0.652893
35.135135 -0.500506 -0.072689 -0.346735 0.613201
35.235235 -0.444711 -0.189170 -0.311123 0.574761
35.335335 -0.367801 -0.296418 -0.260732 0.539557
35.435435 -0.269887 -0.386402 -0.195444 0.510239
35.535536 -0.153817 -0.449934 -0.116996 0.489681
35.635636 -0.026040 -0.478583 -0.029627 0.480205
35.735736 0.103814 -0.467835 0.060133 0.482973
35.835836 0.225333 -0.419224 0.145074 0.497565
35.935936 0.330408 -0.339633 0.219436 0.522180
36.036036 0.414740 -0.238420 0.280030 0.554320
36.136136 0.477327 -0.124491 0.325948 0.591254
36.236236 0.519248 -0.005019 0.357756 0.630582
36.336336 0.542632 0.114740 0.376796 0.670514
36.436436 0.549993 0.231188 0.384711 0.709890
36.536537 0.543798 0.341989 0.383146 0.747979
36.636637 0.526175 0.445630 0.373529 0.784200
36.736737 0.498942 0.541148 0.357090 0.818106
36.836837 0.463731 0.628022 0.334942 0.849496
36.936937 0.422007 0.706079 0.308091 0.878384
37.037037 0.375012 0.775304 0.277389 0.904807
37.137137 0.323780 0.835753 0.243554 0.928782
37.237237 0.269172 0.887453 0.207179 0.950236
37.337337 0.211904 0.930329 0.168755 0.968966
37.437437 0.152655 0.964449 0.128752 0.984907
37.537538 0.092055 0.989937 0.087607 0.998061
37.637638 0.030679 1.006916 0.045719 1.008420
37.737738 -0.030936 1.015468 0.003461 1.015945
37.837838 -0.092276 1.015580 -0.038813 1.020502
37.937938 -0.152846 1.007396 -0.080759 1.022121
38.038038 -0.212189 0.991232 -0.122054 1.021011
38.138138 -0.269858 0.967334 -0.162384 1.017314
38.238238 -0.325353 0.935730 -0.201404 1.010945
38.338338 -0.378148 0.896424 -0.238751 1.001786
38.438438 -0.427737 0.849571 -0.274073 0.989872
38.538539 -0.473616 0.795399 -0.307016 0.975311
38.638639 -0.515239 0.734126 -0.337199 0.958183
38.738739 -0.552026 0.666008 -0.364216 0.938591
38.838839 -0.583395 0.591394 -0.387657 0.916719
38.938939 -0.608652 0.510630 -0.407036 0.892680
39.039039 -0.626985 0.424104 -0.421783 0.866531
39.139139 -0.637462 0.332315 -0.431244 0.838310
39.239239 -0.638965 0.235903 -0.434633 0.807980
39.339339 -0.630369 0.135818 -0.431151 0.775695
39.439439 -0.610527 0.033377 -0.419976 0.741780
39.539540 -0.578217 -0.069671 -0.400222 0.706659
39.639640 -0.532144 -0.170960 -0.370940 0.670821
39.739740 -0.471113 -0.267321 -0.331227 0.634917
39.839840 -0.394342 -0.354583 -0.280444 0.599903
39.939940 -0.301751 -0.427381 -0.218405 0.566929
40.040040 -0.194693 -0.479349 -0.145887 0.537553
40.140140 -0.076701 -0.503852 -0.065162 0.513805
40.240240 0.046128 -0.495354 0.019703 0.497888
40.340340 0.165459 -0.450991 0.103032 0.491310
40.440440 0.272195 -0.372419 0.178514 0.494624
40.540541 0.358810 -0.266214 0.240804 0.507544
40.640641 0.420961 -0.141695 0.286679 0.528650
40.740741 0.457877 -0.008490 0.315373 0.556043
40.840841 0.471310 0.125300 0.327897 0.587664
40.940941 0.464178 0.253750 0.326116 0.621451
41.041041 0.439795 0.372863 0.312218 0.655688
41.141141 0.401502 0.480272 0.288447 0.689251
41.241241 0.352325 0.574717 0.256858 0.721393
41.341341 0.294806 0.655599 0.219188 0.751508
41.441441 0.231174 0.722925 0.176974 0.779347
41.541542 0.163273 0.776909 0.131493 0.804697
41.641642 0.092636 0.817870 0.083808 0.827355
41.741742 0.020590 0.846360 0.034847 0.847327
41.841842 -0.051737 0.862947 -0.014597 0.864619
41.941942 -0.123366 0.868103 -0.063840 0.879146
42.042042 -0.193431 0.862345 -0.112271 0.890876
42.142142 -0.261174 0.846290 -0.159353 0.899896
42.242242 -0.325911 0.820550 -0.204600 0.906301
42.342342 -0.386989 0.785647 -0.247548 0.910100
42.442442 -0.443834 0.742187 -0.287788 0.911401
42.542543 -0.495905 0.690783 -0.324931 0.910320
42.642643 -0.542567 0.631888 -0.358529 0.906755
42.742743 -0.583299 0.566114 -0.388207 0.900793
42.842843 -0.617708 0.494236 -0.413677 0.892726
42.942943 -0.645308 0.416944 -0.434587 0.882683
43.043043 -0.665464 0.334880 -0.450481 0.870586
43.143143 -0.677498 0.248766 -0.460877 0.856327
43.243243 -0.680813 0.159487 -0.465341 0.839931
43.343343 -0.674759 0.068055 -0.463400 0.821383
43.443443 -0.658692 -0.024345 -0.454581 0.800695
43.543544 -0.631954 -0.116299 -0.438397 0.777871
43.643644 -0.593927 -0.206121 -0.414380 0.752958
43.743744 -0.544232 -0.291832 -0.382221 0.726256
43.843844 -0.482761 -0.371160 -0.341790 0.698311
43.943944 -0.409697 -0.441481 -0.293148 0.669845
44.044044 -0.325498 -0.499673 -0.236536 0.641538
44.144144 -0.231089 -0.541986 -0.172500 0.613927
44.244244 -0.128342 -0.564467 -0.102233 0.587832
44.344344 -0.020403 -0.563610 -0.027818 0.564665
44.444444 0.088353 -0.536396 0.047804 0.545721
44.544545 0.192359 -0.481106 0.120837 0.532040
44.644645 0.285326 -0.398485 0.186929 0.524541
44.744745 0.361228 -0.292140 0.241838 0.523753
44.844845 0.415369 -0.168222 0.282177 0.529579
44.944945 0.445387 -0.034481 0.306131 0.541548
45.045045 0.451269 0.101189 0.313496 0.558715
45.145145 0.434771 0.231923 0.305316 0.579683
45.245245 0.399102 0.352534 0.283675 0.603352
45.345345 0.347919 0.459519 0.251009 0.628658
45.445445 0.284754 0.550762 0.209702 0.654521
45.545546 0.213026 0.625546 0.162090 0.680412
45.645646 0.135716 0.684016 0.110233 0.706008
45.745746 0.055242 0.726619 0.055808 0.730850
45.845846 -0.026383 0.754257 0.000224 0.754718
45.945946 -0.107523 0.767989 -0.055364 0.777453
46.046046 -0.186836 0.768701 -0.110011 0.798694
46.146146 -0.263228 0.757414 -0.162938 0.818239
46.246246 -0.335786 0.735130 -0.213491 0.835911
46.346346 -0.403756 0.702822 -0.261126 0.851566
46.446446 -0.466561 0.661546 -0.305420 0.865219
46.546547 -0.523692 0.612252 -0.345999 0.876825
46.646647 -0.574688 0.555811 -0.382524 0.886294
46.746747 -0.619149 0.493075 -0.414699 0.893556
46.846847 -0.656720 0.424878 -0.442258 0.898552
46.946947 -0.687106 0.352056 -0.464979 0.901256
47.047047 -0.710081 0.275460 -0.482683 0.901708
47.147147 -0.725388 0.195917 -0.495174 0.899872
47.247247 -0.732841 0.114276 -0.502304 0.895781
47.347347 -0.732346 0.031421 -0.503984 0.889561
47.447447 -0.723770 -0.051753 -0.500103 0.881263
47.547548 -0.707011 -0.134314 -0.490568 0.870955
47.647648 -0.682042 -0.215286 -0.475335 0.858762
47.747748 -0.648907 -0.293649 -0.454410 0.844866
47.847848 -0.607641 -0.368294 -0.427790 0.829380
47.947948 -0.558221 -0.437953 -0.395429 0.812267
48.048048 -0.500638 -0.501149 -0.357283 0.793373
48.148148 -0.434974 -0.556190 -0.313369 0.772496
48.248248 -0.361625 -0.601334 -0.263917 0.749685
48.348348 -0.281276 -0.634733 -0.209354 0.725142
48.448448 -0.194822 -0.654198 -0.150243 0.698930
48.548549 -0.103608 -0.657441 -0.087455 0.671276
48.648649 -0.009567 -0.642239 -0.022268 0.642697
48.748749 0.084683 -0.606342 0.043567 0.613776
48.848849 0.175680 -0.547941 0.107710 0.585409
48.948949 0.259040 -0.466161 0.167160 0.558883
49.049049 0.329455 -0.361424 0.218247 0.535536
49.149149 0.381278 -0.236519 0.257014 0.517078
49.249249 0.409319 -0.097058 0.279744 0.505192
49.349349 0.409915 0.048791 0.283715 0.500904
49.449449 0.382215 0.191224 0.268099 0.504512
49.549550 0.328624 0.320749 0.234324 0.515539
49.649650 0.254182 0.430050 0.185685 0.532945
49.749750 0.165118 0.514806 0.126368 0.555210
49.849850 0.067664 0.573780 0.060639 0.580930
49.949950 -0.032794 0.608036 -0.007763 0.608969
50.050050 -0.132105 0.619775 -0.075924 0.638229
50.150150 -0.227256 0.611752 -0.141700 0.667805
50.250250 -0.316115 0.586708 -0.203555 0.696843
50.350350 -0.397246 0.547273 -0.260435 0.724665
50.450450 -0.469744 0.495923 -0.311656 0.750818
50.550551 -0.533154 0.434963 -0.356848 0.775104
50.650651 -0.587252 0.366410 -0.395807 0.797361
50.750751 -0.631890 0.291960 -0.428389 0.817339
50.850851 -0.667124 0.213174 -0.454596 0.834958
50.950951 -0.693051 0.131429 -0.474461 0.850122
51.051051 -0.709796 0.047957 -0.488039 0.862724
51.151151 -0.717549 -0.036105 -0.495434 0.872717
51.251251 -0.716529 -0.119707 -0.496771 0.880071
51.351351 -0.707030 -0.201874 -0.492230 0.884837
51.451451 -0.689411 -0.281702 -0.482034 0.887130
51.551552 -0.663993 -0.358319 -0.466386 0.887015
51.651652 -0.631135 -0.430898 -0.445511 0.884582
51.751752 -0.591177 -0.498597 -0.419623 0.879871
51.851852 -0.544383 -0.560496 -0.388882 0.872775
51.951952 -0.491032 -0.615600 -0.353456 0.863138
52.052052 -0.431509 -0.662922 -0.313586 0.850883
52.152152 -0.366361 -0.701553 -0.269627 0.836119
52.252252 -0.296172 -0.730457 -0.221957 0.818872
52.352352 -0.221636 -0.748550 -0.171026 0.799187
52.452452 -0.143608 -0.754713 -0.117397 0.777173
52.552553 -0.063108 -0.747651 -0.061743 0.752845
52.652653 0.018565 -0.726106 -0.004926 0.726360
52.752753 0.099777 -0.688820 0.051957 0.697946
52.852853 0.178438 -0.634450 0.107500 0.667775
52.952953 0.251812 -0.561650 0.159847 0.635933
53.053053 0.316456 -0.469652 0.206647 0.602844
53.153153 0.368185 -0.358759 0.245007 0.569470
53.253253 0.402098 -0.230769 0.271504 0.537263
53.353353 0.412969 -0.089833 0.282436 0.508315
53.453453 0.396032 0.056866 0.274343 0.485118
53.553554 0.348425 0.198878 0.244997 0.470081
53.653654 0.271263 0.323847 0.194865 0.465223
53.753754 0.170388 0.420450 0.127697 0.471293
53.853854 0.055028 0.481576 0.049680 0.487249
53.953954 -0.064718 0.505614 -0.032265 0.510759
54.054054 -0.180260 0.495463 -0.112147 0.539031
54.154154 -0.285504 0.456579 -0.185633 0.569593
54.254254 -0.376767 0.395111 -0.250034 0.600486
54.354354 -0.452286 0.316992 -0.303990 0.630442
54.454454 -0.511552 0.227402 -0.347024 0.658652
54.554555 -0.554784 0.130634 -0.379183 0.684565
54.654655 -0.582665 0.030221 -0.400850 0.707879
54.754755 -0.596043 -0.070957 -0.412540 0.728349
54.854855 -0.595761 -0.170510 -0.414775 0.745683
54.954955 -0.582769 -0.266423 -0.408161 0.759734
55.055055 -0.558072 -0.356973 -0.393349 0.770453
55.155155 -0.522575 -0.440595 -0.370925 0.777684
55.255255 -0.477237 -0.515899 -0.341515 0.781370
55.355355 -0.423095 -0.581654 -0.305803 0.781567
55.455455 -0.361206 -0.636724 -0.264492 0.778359
55.555556 -0.292756 -0.680187 -0.218376 0.772042
55.655656 -0.218932 -0.711085 -0.168248 0.762811
55.755756 -0.140910 -0.728225 -0.114892 0.750578
55.855856 -0.060069 -0.730631 -0.059233 0.735485
55.955956 0.022005 -0.717604 -0.002348 0.717945
56.056056 0.103536 -0.688411 0.054558 0.698288
56.156156 0.182481 -0.642382 0.110093 0.676812
56.256256 0.256393 -0.578902 0.162584 0.653680
56.356356 0.322424 -0.497813 0.210073 0.629211
56.456456 0.377451 -0.399894 0.250389 0.604218
56.556557 0.418014 -0.286815 0.281106 0.579671
56.656657 0.440319 -0.161388 0.299540 0.556463
56.756757 0.440881 -0.028146 0.303179 0.535804
56.856857 0.417228 0.106481 0.290162 0.519241
56.956957 0.368427 0.234538 0.259653 0.508101
57.057057 0.295804 0.347290 0.212351 0.503193
57.157157 0.203427 0.436793 0.150867 0.504907
57.257257 0.097559 0.497324 0.079378 0.512981
57.357357 -0.014581 0.526084 0.002790 0.526293
57.457457 -0.125931 0.523601 -0.074016 0.543594
57.557558 -0.230567 0.492888 -0.146883 0.563626
57.657658 -0.324147 0.438357 -0.212712 0.585214
57.757758 -0.403896 0.365012 -0.269466 0.607435
57.857858 -0.468346 0.277765 -0.316017 0.629578
57.957958 -0.516948 0.181076 -0.351874 0.651029
58.058058 -0.549787 0.078835 -0.377003 0.671277
58.158158 -0.567361 -0.025609 -0.391664 0.689895
58.258258 -0.570310 -0.129395 -0.396230 0.706395
58.358358 -0.559500 -0.230059 -0.391236 0.720440
58.458458 -0.535994 -0.325497 -0.377365 0.731875
58.558559 -0.500898 -0.413882 -0.355333 0.740580
58.658659 -0.455391 -0.493649 -0.325915 0.746519
58.758759 -0.400648 -0.563373 -0.289886 0.749628
58.858859 -0.337877 -0.621776 -0.248048 0.749863
58.958959 -0.268411 -0.667813 -0.201294 0.747354
59.059059 -0.193563 -0.700376 -0.150502 0.742054
59.159159 -0.114733 -0.718425 -0.096611 0.733916
59.259259 -0.033474 -0.721036 -0.040669 0.722958
59.359359 0.048503 -0.707377 0.016165 0.709222
59.459459 0.129285 -0.676899 0.072586 0.692947
59.559560 0.206702 -0.629095 0.127111 0.674273
59.659660 0.278286 -0.563726 0.178043 0.653399
59.759760 0.341280 -0.481120 0.223477 0.630786
59.859860 0.392672 -0.382297 0.261309 0.607144
59.959960 0.429191 -0.269144 0.289241 0.583356
60.060060 0.447562 -0.144746 0.304939 0.560581
60.160160 0.444839 -0.013674 0.306260 0.540244
60.260260 0.418610 0.117952 0.291395 0.523506
60.360360 0.367990 0.242562 0.259548 0.511486
60.460460 0.294390 0.351888 0.211489 0.505192
60.560561 0.201674 0.438277 0.149695 0.505142
60.660661 0.095861 0.496206 0.078180 0.511392
60.760761 -0.015970 0.523215 0.001762 0.523462
60.860861 -0.126933 0.519809 -0.074799 0.540286
60.960961 -0.231238 0.488828 -0.147444 0.560503
61.061061 -0.324689 0.434713 -0.213175 0.582959
61.161161 -0.404580 0.362344 -0.270003 0.606531
61.261261 -0.469608 0.276570 -0.316916 0.630443
61.361361 -0.519620 0.181896 -0.353696 0.654363
61.461461 -0.554934 0.082046 -0.380472 0.677821
61.561562 -0.576308 -0.019893 -0.397692 0.700490
61.661662 -0.584697 -0.121392 -0.405951 0.722082
61.761762 -0.581086 -0.220405 -0.405878 0.742278
61.861862 -0.566527 -0.315262 -0.398159 0.760837
61.961962 -0.541959 -0.404537 -0.383405 0.777412
62.062062 -0.508307 -0.487018 -0.362224 0.791687
62.162162 -0.466611 -0.561779 -0.335311 0.803589
62.262262 -0.417957 -0.628144 -0.303397 0.813205
62.362362 -0.363331 -0.685506 -0.267147 0.820546
62.462462 -0.303678 -0.733349 -0.227200 0.825615
62.562563 -0.239922 -0.771237 -0.184183 0.828428
62.662663 -0.172975 -0.798805 -0.138714 0.829006
62.762763 -0.103749 -0.815756 -0.091416 0.827393
62.862863 -0.033170 -0.821918 -0.042921 0.823706
62.962963 0.037827 -0.817140 0.006128 0.818038
63.063063 0.108290 -0.801289 0.055080 0.810447
63.163163 0.177226 -0.774338 0.103250 0.801043
63.263263 0.243586 -0.736255 0.149917 0.789861
63.363363 0.306258 -0.687115 0.194311 0.776967
63.463463 0.364033 -0.627078 0.235596 0.762399
63.563564 0.415653 -0.556502 0.272896 0.746280
63.663664 0.459749 -0.475927 0.305255 0.728736
63.763764 0.494761 -0.386022 0.331581 0.709751
63.863864 0.519068 -0.287834 0.350730 0.689414
63.963964 0.531116 -0.182915 0.361594 0.668051
64.064064 0.529436 -0.073343 0.363111 0.646166
64.164164 0.512553 0.038247 0.354198 0.624203
64.264264 0.479283 0.148523 0.333959 0.602744
64.364364 0.429082 0.253451 0.301920 0.582670
64.464464 0.362121 0.348354 0.258085 0.564881
64.564565 0.279590 0.428134 0.203149 0.550217
64.664665 0.183980 0.487704 0.138706 0.539391
64.764765 0.079163 0.522638 0.067316 0.532869
64.864865 -0.029775 0.529983 -0.007587 0.530873
64.964965 -0.137066 0.508727 -0.082053 0.533219
65.065065 -0.237066 0.460364 -0.152156 0.539710
65.165165 -0.324879 0.388329 -0.214437 0.549845
65.265265 -0.396827 0.297275 -0.266248 0.562789
65.365365 -0.450691 0.192630 -0.305927 0.577772
65.465465 -0.485445 0.079783 -0.332634 0.593858
65.565566 -0.501203 -0.036225 -0.346326 0.610294
65.665666 -0.498856 -0.150945 -0.347508 0.626421
65.765766 -0.479953 -0.260690 -0.337158 0.641864
65.865866 -0.446390 -0.362482 -0.316510 0.656381
65.965966 -0.399963 -0.453824 -0.286740 0.669437
66.066066 -0.342559 -0.532706 -0.249102 0.680569
66.166166 -0.276182 -0.597622 -0.204937 0.689513
66.266266 -0.202863 -0.647493 -0.155621 0.696145
66.366366 -0.124584 -0.681478 -0.102499 0.700314
66.466466 -0.043317 -0.699025 -0.046916 0.701935
66.566567 0.038963 -0.699886 0.009773 0.701038
66.666667 0.120275 -0.683884 0.066206 0.697529
66.766767 0.198618 -0.651148 0.121000 0.691436
66.866867 0.271945 -0.602090 0.172737 0.682865
66.966967 0.338108 -0.537274 0.219920 0.671822
67.067067 0.394957 -0.457737 0.261043 0.658527
67.167167 0.440324 -0.364975 0.294575 0.643324
67.267267 0.471844 -0.260833 0.318841 0.626362
67.367367 0.487262 -0.147873 0.332224 0.608000
67.467467 0.484766 -0.029562 0.333391 0.589086
67.567568 0.462823 0.089827 0.321182 0.570466
67.667668 0.420411 0.205122 0.294764 0.552907
67.767768 0.357483 0.310261 0.253958 0.537169
67.867868 0.275465 0.398676 0.199587 0.524079
67.967968 0.177649 0.464048 0.133766 0.514580
68.068068 0.068981 0.500764 0.059765 0.509014
68.168168 -0.044078 0.505252 -0.018048 0.507492
68.268268 -0.154240 0.476898 -0.094667 0.510082
68.368368 -0.254539 0.417999 -0.165233 0.516541
68.468468 -0.339161 0.333314 -0.225623 0.526340
68.568569 -0.403883 0.229022 -0.272777 0.538498
68.668669 -0.446236 0.112000 -0.304823 0.551894
68.768769 -0.465653 -0.010846 -0.321204 0.565793
68.868869 -0.463089 -0.133229 -0.322424 0.579792
68.968969 -0.440323 -0.249838 -0.309579 0.593416
69.069069 -0.399702 -0.356345 -0.284181 0.606220
69.169169 -0.343896 -0.449333 -0.247988 0.617789
69.269269 -0.275756 -0.526218 -0.202901 0.627787
69.369369 -0.198255 -0.585252 -0.150926 0.636084
69.469469 -0.114280 -0.625126 -0.094022 0.642404
69.569570 -0.026644 -0.644892 -0.034103 0.646343
69.669670 0.061818 -0.644088 0.026887 0.647606
69.769770 0.148259 -0.622550 0.086990 0.645845
69.869870 0.229828 -0.580678 0.144231 0.640945
69.969970 0.303598 -0.519239 0.196575 0.632789
70.070070 0.366429 -0.439220 0.241833 0.621021
70.170170 0.415045 -0.342282 0.277705 0.605425
70.270270 0.446131 -0.231012 0.301847 0.586098
70.370370 0.456287 -0.109057 0.311823 0.563316
70.470470 0.442085 0.018532 0.305149 0.537493
70.570571 0.400605 0.144743 0.279640 0.509542
70.670671 0.330119 0.260141 0.233876 0.480988
70.770771 0.231235 0.352668 0.167980 0.453940
70.870871 0.108794 0.408488 0.084953 0.431180
70.970971 -0.026371 0.414991 -0.008047 0.415905
71.071071 -0.157756 0.366020 -0.099797 0.410873
71.171171 -0.267253 0.266324 -0.177698 0.417048
71.271271 -0.341221 0.130923 -0.231983 0.432884
71.371371 -0.374297 -0.020581 -0.258477 0.455337
71.471471 -0.368626 -0.170348 -0.258224 0.481231
71.571572 -0.330589 -0.305511 -0.235307 0.507933
71.671672 -0.267800 -0.418078 -0.194778 0.533333
71.771772 -0.187548 -0.503632 -0.141554 0.555749
71.871872 -0.096487 -0.560445 -0.080180 0.574314
71.971972 -0.000444 -0.588707 -0.014674 0.588890
72.072072 0.095655 -0.589621 0.051538 0.599549
72.172172 0.187606 -0.564881 0.115516 0.606325
72.272272 0.271692 -0.516489 0.174652 0.609164
72.372372 0.344738 -0.447109 0.226690 0.608391
72.472472 0.403938 -0.359827 0.269623 0.604432
72.572573 0.446769 -0.258006 0.301627 0.597619
72.672673 0.470966 -0.145499 0.321050 0.588262
72.772773 0.474615 -0.026712 0.326465 0.576674
72.872873 0.456304 0.093212 0.316771 0.563246
72.972973 0.415269 0.208386 0.291300 0.548387
73.073073 0.351844 0.312184 0.250119 0.532740
73.173173 0.267721 0.397434 0.194220 0.517059
73.273273 0.166458 0.456999 0.125881 0.502397
73.373373 0.053666 0.484496 0.048812 0.489897
73.473473 -0.063061 0.475188 -0.031866 0.480413
73.573574 -0.174619 0.427628 -0.109915 0.474804
73.673674 -0.271665 0.344672 -0.178826 0.473898
73.773774 -0.346234 0.233196 -0.232942 0.478038
73.873874 -0.393067 0.102978 -0.268399 0.486975
73.973974 -0.410036 -0.035141 -0.283465 0.499716
74.074074 -0.397970 -0.170872 -0.278461 0.514896
74.174174 -0.360039 -0.295604 -0.255363 0.531244
74.274274 -0.300679 -0.402837 -0.217067 0.547544
74.374374 -0.224957 -0.488269 -0.166962 0.562928
74.474474 -0.137992 -0.549389 -0.108516 0.576755
74.574575 -0.044633 -0.585221 -0.045045 0.588646
74.674675 0.050657 -0.595895 0.020371 0.598391
74.774775 0.143876 -0.582151 0.084955 0.605655
74.874875 0.231349 -0.545228 0.146145 0.610044
74.974975 0.309760 -0.486972 0.201610 0.611343
75.075075 0.376286 -0.410057 0.249338 0.609842
75.175175 0.428550 -0.317631 0.287615 0.606026
75.275275 0.464394 -0.213092 0.314872 0.600179
75.375375 0.481856 -0.100180 0.329662 0.592367
75.475475 0.479376 0.016808 0.330808 0.582681
75.575576 0.456006 0.132987 0.317536 0.571364
75.675676 0.411629 0.242954 0.289634 0.558885
75.775776 0.347084 0.340909 0.247539 0.545859
75.875876 0.264403 0.420918 0.192506 0.533047
75.975976 0.167050 0.477404 0.126786 0.521436
76.076076 0.059820 0.505313 0.053562 0.511653
76.176176 -0.051154 0.500660 -0.023038 0.503793
76.276276 -0.158579 0.461999 -0.098021 0.498196
76.376376 -0.254734 0.390753 -0.166032 0.495120
76.476476 -0.332361 0.291182 -0.221965 0.494489
76.576577 -0.385712 0.170373 -0.261684 0.496266
76.676677 -0.411453 0.037342 -0.282673 0.500592
76.776777 -0.408779 -0.098295 -0.284140 0.507442
76.876877 -0.379036 -0.227462 -0.266792 0.516319
76.976977 -0.325529 -0.342431 -0.232720 0.526676
77.077077 -0.252765 -0.437190 -0.184882 0.537779
77.177177 -0.165827 -0.507499 -0.126678 0.548727
77.277277 -0.070132 -0.551122 -0.061787 0.558991
77.377377 0.029055 -0.567485 0.006175 0.568262
77.477477 0.126910 -0.557379 0.073866 0.576397
77.577578 0.219159 -0.522618 0.138295 0.583340
77.677678 0.302091 -0.465639 0.196844 0.588919
77.777778 0.372458 -0.389326 0.247206 0.592799
77.877878 0.427611 -0.297123 0.287469 0.594787
77.977978 0.465643 -0.193041 0.316221 0.595049
78.078078 0.485267 -0.081352 0.332473 0.593835
78.178178 0.485683 0.033520 0.335563 0.591281
78.278278 0.466541 0.146995 0.325139 0.587353
78.378378 0.428150 0.254353 0.301300 0.582056
78.478478 0.371595 0.350859 0.264676 0.575533
78.578579 0.298636 0.431781 0.216365 0.567831
78.678679 0.211881 0.492651 0.158057 0.559089
78.778779 0.114956 0.529727 0.092159 0.549835
78.878879 0.012292 0.540019 0.021651 0.540593
78.978979 -0.090953 0.521543 -0.049958 0.531766
79.079079 -0.188998 0.473728 -0.118700 0.523668
79.179179 -0.275691 0.397705 -0.180307 0.516416
79.279279 -0.345085 0.296853 -0.230596 0.510274
79.379379 -0.391971 0.176753 -0.265843 0.505525
79.479479 -0.412535 0.044846 -0.283235 0.502412
79.579580 -0.404964 -0.090067 -0.281310 0.501242
79.679680 -0.369738 -0.218812 -0.260173 0.502269
79.779780 -0.309500 -0.332736 -0.221436 0.505507
79.879880 -0.228773 -0.424660 -0.168041 0.510795
79.979980 -0.133546 -0.489752 -0.103996 0.518176
80.080080 -0.030328 -0.525716 -0.033733 0.527669
80.180180 0.074618 -0.532348 0.038436 0.538924
80.280280 0.175689 -0.511089 0.108615 0.551249
80.380380 0.268263 -0.464971 0.173545 0.564164
80.480480 0.348796 -0.397926 0.230687 0.577252
80.580581 0.414582 -0.314037 0.278076 0.589766
80.680681 0.463747 -0.217543 0.314317 0.600983
80.780781 0.495455 -0.112835 0.338726 0.610690
80.880881 0.509639 -0.004130 0.351155 0.618917
80.980981 0.506501 0.104704 0.351648 0.625430
81.081081 0.486527 0.210041 0.340453 0.629869
81.181181 0.450616 0.308474 0.318105 0.631983
81.281281 0.399933 0.396755 0.285327 0.631485
81.381381 0.335983 0.471829 0.243084 0.628170
81.481481 0.260717 0.530950 0.192651 0.622090
81.581582 0.176437 0.571618 0.135556 0.613395
81.681682 0.085779 0.591418 0.073555 0.602116
81.781782 -0.008165 0.588078 0.008725 0.588200
81.881882 -0.101691 0.559954 -0.056422 0.571902
81.981982 -0.190441 0.506089 -0.118905 0.553654
82.082082 -0.269353 0.426424 -0.175238 0.533945
82.182182 -0.332638 0.322324 -0.221396 0.513378
82.282282 -0.374084 0.197330 -0.253012 0.492841
82.382382 -0.387935 0.058020 -0.265959 0.473914
82.482482 -0.369831 -0.085818 -0.256991 0.458458
82.582583 -0.318106 -0.221619 -0.224655 0.448081
82.682683 -0.235505 -0.335748 -0.170510 0.444143
82.782783 -0.129557 -0.416554 -0.099460 0.447431
82.882883 -0.011019 -0.457106 -0.018751 0.457623
82.982983 0.108650 -0.456391 0.063745 0.473457
83.083083 0.219661 -0.418579 0.141180 0.493347
83.183183 0.315172 -0.350871 0.208661 0.515736
83.283283 0.391335 -0.261399 0.263338 0.539277
83.383383 0.446375 -0.157705 0.303804 0.562510
83.483483 0.480003 -0.046353 0.329699 0.584169
83.583584 0.493089 0.067041 0.341485 0.603525
83.683684 0.487027 0.177868 0.340012 0.620033
83.783784 0.463554 0.282360 0.326385 0.633354
83.883884 0.424558 0.377401 0.301827 0.643258
83.983984 0.372076 0.460457 0.267682 0.649704
84.084084 0.308214 0.529408 0.225349 0.652726
84.184184 0.235081 0.582398 0.176238 0.652312
84.284284 0.154953 0.618007 0.121881 0.648690
84.384384 0.070173 0.634901 0.063861 0.641951
84.484484 -0.016785 0.631656 0.003848 0.631891
84.584585 -0.103134 0.607291 -0.056261 0.618550
84.684685 -0.185777 0.561441 -0.114340 0.602331
84.784785 -0.261307 0.494313 -0.168035 0.583834
84.884885 -0.325883 0.406672 -0.214681 0.563622
84.984985 -0.375217 0.300206 -0.251283 0.542268
85.085085 -0.404943 0.178228 -0.274747 0.520798
85.185185 -0.410961 0.046007 -0.282122 0.500598
85.285285 -0.390136 -0.089038 -0.271064 0.483332
85.385385 -0.340935 -0.217379 -0.240286 0.470348
85.485485 -0.264683 -0.328302 -0.190439 0.462716
85.585586 -0.166481 -0.411876 -0.124795 0.461445
85.685686 -0.054327 -0.460891 -0.048692 0.466630
85.785786 0.062305 -0.472435 0.031412 0.477560
85.885886 0.174349 -0.448330 0.109224 0.493282
85.985986 0.274707 -0.393821 0.179723 0.512698
86.086086 0.358622 -0.315555 0.239470 0.534351
86.186186 0.423441 -0.220356 0.286468 0.556707
86.286286 0.468148 -0.114610 0.319862 0.578455
86.386386 0.492764 -0.003896 0.339530 0.598425
86.486486 0.498120 0.107012 0.345929 0.615826
86.586587 0.485701 0.214131 0.339983 0.630354
86.686687 0.457086 0.314110 0.322702 0.641662
86.786787 0.413887 0.404062 0.295123 0.649358
86.886887 0.358006 0.481626 0.258501 0.653418
86.986987 0.291415 0.544748 0.214145 0.653859
87.087087 0.216086 0.591472 0.163367 0.650555
87.187187 0.134105 0.619866 0.107557 0.643263
87.287287 0.047832 0.628221 0.048299 0.631888
87.387387 -0.040017 0.615164 -0.012567 0.616592
87.487487 -0.126332 0.579568 -0.072927 0.597643
87.587588 -0.207500 0.520754 -0.130305 0.575518
87.687688 -0.279337 0.438806 -0.181817 0.551033
87.787788 -0.336984 0.334842 -0.224086 0.525254
87.887888 -0.374732 0.211410 -0.253115 0.499185
87.987988 -0.386381 0.073575 -0.264508 0.473992
88.088088 -0.366263 -0.069951 -0.254145 0.451256
88.188188 -0.311073 -0.206403 -0.219437 0.433037
88.288288 -0.222253 -0.320174 -0.160996 0.421696
88.388388 -0.107377 -0.396061 -0.083673 0.418802
88.488488 0.020472 -0.424108 0.003759 0.424619
88.588589 0.146084 -0.402931 0.090851 0.438118
88.688689 0.256453 -0.339024 0.168480 0.457264
88.788789 0.343182 -0.243443 0.230588 0.479801
88.888889 0.402584 -0.128180 0.274342 0.503753
88.988989 0.434301 -0.003914 0.299236 0.527423
89.089089 0.440082 0.120736 0.306262 0.549587
89.189189 0.422816 0.239164 0.297253 0.569501
89.289289 0.385730 0.346452 0.274310 0.586568
89.389389 0.332213 0.439037 0.239684 0.600472
89.489489 0.265637 0.514400 0.195638 0.611102
89.589590 0.189155 0.570568 0.144296 0.618182
89.689690 0.105816 0.606020 0.087722 0.621411
89.789790 0.018689 0.619609 0.028003 0.620523
89.889890 -0.069088 0.610406 -0.032720 0.615175
89.989990 -0.154187 0.577959 -0.092164 0.605231
90.090090 -0.233102 0.522527 -0.147907 0.590972
90.190190 -0.302063 0.444974 -0.197329 0.572872
90.290290 -0.357028 0.346969 -0.237605 0.551645
90.390390 -0.393670 0.231350 -0.265681 0.528285
90.490490 -0.407397 0.102479 -0.278287 0.503903
90.590591 -0.393653 -0.033028 -0.272121 0.479691
90.690691 -0.348737 -0.165587 -0.244400 0.456911
90.790791 -0.271829 -0.282596 -0.194249 0.437589
90.890891 -0.166782 -0.369920 -0.123978 0.424296
90.990991 -0.042907 -0.415011 -0.039701 0.419108
91.091091 0.085987 -0.410832 0.049238 0.422612
91.191191 0.204968 -0.358764 0.132513 0.433916
91.291291 0.302213 -0.268161 0.201748 0.451603
91.391391 0.371150 -0.152090 0.252094 0.473746
91.491491 0.409970 -0.023408 0.281991 0.498139
91.591592 0.420264 0.107116 0.292271 0.522990
91.691692 0.405447 0.231401 0.285092 0.547002
91.791792 0.369723 0.343892 0.263215 0.569420
91.891892 0.317422 0.441075 0.229540 0.589909
91.991992 0.252482 0.520769 0.186727 0.608124
92.092092 0.178438 0.581755 0.137182 0.623777
92.192192 0.098507 0.623604 0.083113 0.636784
92.292292 0.015540 0.646243 0.026483 0.646972
92.392392 -0.067877 0.649771 -0.030924 0.654039
92.492492 -0.149356 0.634791 -0.087447 0.657962
92.592593 -0.226696 0.602282 -0.141545 0.658915
92.692693 -0.297778 0.553221 -0.191735 0.656877
92.792793 -0.360579 0.488827 -0.236590 0.651878
92.892893 -0.413070 0.410529 -0.274679 0.643901
92.992993 -0.453132 0.319949 -0.304501 0.632785
93.093093 -0.478656 0.219182 -0.324552 0.618455
93.193193 -0.487571 0.110894 -0.333340 0.600948
93.293293 -0.477869 -0.001524 -0.329397 0.580400
93.393393 -0.447880 -0.113763 -0.311467 0.557270
93.493493 -0.396627 -0.220458 -0.278746 0.532554
93.593594 -0.323915 -0.315012 -0.230939 0.507431
93.693694 -0.230661 -0.389231 -0.168477 0.482793
93.793794 -0.120200 -0.433896 -0.093434 0.459830
93.893894 0.000551 -0.440360 -0.010368 0.440483
93.993994 0.120973 -0.402651 0.073550 0.426815
94.094094 0.227705 -0.320201 0.149125 0.420258
94.194194 0.307710 -0.200285 0.207193 0.421579
94.294294 0.352155 -0.057127 0.241320 0.430711
94.394394 0.358555 0.092429 0.249381 0.446426
94.494494 0.330242 0.233313 0.233305 0.466825
94.594595 0.273914 0.354689 0.197445 0.489712
94.694695 0.197344 0.450147 0.147001 0.513017
94.794795 0.108062 0.516954 0.087096 0.535262
94.894895 0.012647 0.554871 0.022259 0.555461
94.994995 -0.083460 0.565050 -0.043732 0.572852
95.095095 -0.175828 0.549612 -0.107771 0.587029
95.195195 -0.260911 0.511313 -0.167347 0.597930
95.295295 -0.335782 0.452996 -0.220373 0.605408
95.395395 -0.397873 0.377462 -0.265012 0.609108
95.495495 -0.444913 0.287688 -0.299624 0.608676
95.595596 -0.474786 0.186870 -0.322674 0.603706
95.695696 -0.485579 0.078608 -0.332754 0.593878
95.795796 -0.475732 -0.032917 -0.328690 0.579173
95.895896 -0.444100 -0.142831 -0.309571 0.559875
95.995996 -0.389921 -0.245338 -0.274731 0.536382
96.096096 -0.313091 -0.333356 -0.223926 0.509210
96.196196 -0.214934 -0.398280 -0.157858 0.479314
96.296296 -0.099295 -0.430074 -0.078933 0.448390
96.396396 0.025937 -0.418345 0.007667 0.419218
96.496496 0.147396 -0.354907 0.092927 0.395373
96.596597 0.246529 -0.239183 0.164076 0.380665
96.696697 0.304676 -0.084127 0.207937 0.378342
96.796797 0.311554 0.085204 0.216810 0.389014
96.896897 0.269960 0.241811 0.191965 0.410124
96.996997 0.192232 0.366812 0.141443 0.437619
97.097097 0.093132 0.452011 0.075220 0.467595
97.197197 -0.014602 0.496848 0.002062 0.497067
97.297297 -0.121454 0.504652 -0.071392 0.523948
97.397397 -0.220774 0.480524 -0.140435 0.547144
97.497497 -0.308068 0.430002 -0.201833 0.566166
97.597598 -0.380303 0.358360 -0.253368 0.580730
97.697698 -0.435429 0.270558 -0.293505 0.590716
97.797798 -0.471946 0.171194 -0.321099 0.595940
97.897898 -0.488784 0.064707 -0.335303 0.596259
97.997998 -0.485314 -0.044434 -0.335575 0.591705
98.098098 -0.461248 -0.151635 -0.321605 0.582385
98.198198 -0.416441 -0.251915 -0.293170 0.568183
98.298298 -0.351261 -0.339747 -0.250390 0.549097
98.398398 -0.266987 -0.408897 -0.193993 0.525463
98.498498 -0.166140 -0.452308 -0.125547 0.497943
98.598599 -0.053211 -0.461971 -0.047949 0.467491
98.698699 0.064169 -0.429491 0.033745 0.435568
98.798799 0.173723 -0.348395 0.111231 0.404884
98.898899 0.258236 -0.218632 0.172647 0.379859
98.998999 0.298580 -0.052458 0.204508 0.365685
99.099099 0.282185 0.123299 0.197498 0.365837
99.199199 0.212231 0.276010 0.153011 0.380311
99.299299 0.105837 0.382335 0.082277 0.405155
99.399399 -0.016133 0.434805 -0.000507 0.435105
99.499499 -0.136734 0.437575 -0.083561 0.465994
99.599600 -0.244921 0.399510 -0.159055 0.494867
99.699700 -0.334280 0.330312 -0.222333 0.519886
99.799800 -0.401474 0.239002 -0.270873 0.540070
99.899900 -0.444855 0.133432 -0.303349 0.554726
100.000000 -0.463709 0.020468 -0.319100 0.563267
