0.000000 -0.959261 0.012620 -0.320541 1.011478
0.100100 -0.932658 -0.071840 -0.375699 1.008048
0.200200 -0.899571 -0.155749 -0.428205 1.008388
0.300300 -0.860248 -0.238524 -0.477702 1.012482
0.400400 -0.815034 -0.319612 -0.523887 1.020240
0.500501 -0.764406 -0.398520 -0.566549 1.031558
0.600601 -0.708896 -0.474825 -0.605548 1.046270
0.700701 -0.649023 -0.548141 -0.640769 1.064084
0.800801 -0.585343 -0.618173 -0.672180 1.084708
0.900901 -0.518456 -0.684744 -0.699851 1.107909
1.001001 -0.448922 -0.747731 -0.723883 1.133419
1.101101 -0.377270 -0.807090 -0.744422 1.160987
1.201201 -0.303998 -0.862863 -0.761674 1.190418
1.301301 -0.229540 -0.915116 -0.775837 1.221494
1.401401 -0.154264 -0.963897 -0.787075 1.253947
1.501502 -0.078497 -1.009301 -0.795571 1.287550
1.601602 -0.002524 -1.051435 -0.801508 1.322096
1.701702 0.073410 -1.090426 -0.805063 1.357403
1.801802 0.149102 -1.126494 -0.806478 1.393423
1.901902 0.224396 -1.159890 -0.805994 1.430148
2.002002 0.299167 -1.190809 -0.803804 1.467524
2.102102 0.373302 -1.219375 -0.800040 1.505421
2.202202 0.446699 -1.245673 -0.794804 1.543683
2.302302 0.519275 -1.269802 -0.788199 1.582183
2.402402 0.590977 -1.291896 -0.780345 1.620860
2.502503 0.661769 -1.312092 -0.771360 1.659675
2.602603 0.731630 -1.330527 -0.761353 1.698600
2.702703 0.800532 -1.347294 -0.750407 1.737574
2.802803 0.868456 -1.362486 -0.738597 1.776544
2.902903 0.935424 -1.376242 -0.726024 1.815536
3.003003 1.001462 -1.388691 -0.712775 1.854572
3.103103 1.066581 -1.399922 -0.698915 1.893636
3.203203 1.130768 -1.409986 -0.684487 1.932672
3.303303 1.194040 -1.418959 -0.669543 1.971665
3.403403 1.256428 -1.426931 -0.654142 2.010633
3.503504 1.317951 -1.433968 -0.638326 2.049566
3.603604 1.378610 -1.440111 -0.622126 2.088427
3.703704 1.438401 -1.445391 -0.605568 2.127173
3.803804 1.497318 -1.449835 -0.588674 2.165761
3.903904 1.555348 -1.453459 -0.571462 2.204137
4.004004 1.612480 -1.456285 -0.553951 2.242258
4.104104 1.668717 -1.458341 -0.536161 2.280097
4.204204 1.724101 -1.459687 -0.518125 2.317685
4.304304 1.778685 -1.460393 -0.499876 2.355068
4.404404 1.832511 -1.460511 -0.481440 2.392273
4.504505 1.885627 -1.460096 -0.462844 2.429340
4.604605 1.938071 -1.459196 -0.444108 2.466293
4.704705 1.989876 -1.457847 -0.425251 2.503151
4.804805 2.041056 -1.456071 -0.406284 2.539906
4.904905 2.091609 -1.453880 -0.387217 2.576534
5.005005 2.141550 -1.451294 -0.368059 2.613036
5.105105 2.190902 -1.448339 -0.348824 2.649418
5.205205 2.239679 -1.445033 -0.329519 2.685677
5.305305 2.287892 -1.441392 -0.310153 2.721812
5.405405 2.335564 -1.437439 -0.290735 2.757828
5.505506 2.382701 -1.433185 -0.271272 2.793720
5.605606 2.429312 -1.428641 -0.251771 2.829480
5.705706 2.475426 -1.423833 -0.232238 2.865130
5.805806 2.521078 -1.418785 -0.212682 2.900693
5.905906 2.566272 -1.413506 -0.193108 2.936162
6.006006 2.611003 -1.407998 -0.173518 2.971515
6.106106 2.655262 -1.402261 -0.153917 3.006733
6.206206 2.699045 -1.396298 -0.134307 3.041798
6.306306 2.742381 -1.390128 -0.114694 3.076729
6.406406 2.785282 -1.383762 -0.095082 3.111532
6.506507 2.827743 -1.377202 -0.075473 3.146190
6.606607 2.869769 -1.370454 -0.055870 3.180698
6.706707 2.911371 -1.363528 -0.036277 3.215059
6.806807 2.952567 -1.356434 -0.016697 3.249284
6.906907 2.993364 -1.349181 0.002867 3.283371
7.007007 3.033766 -1.341772 0.022414 3.317317
7.107107 3.073794 -1.334220 0.041941 3.351136
7.207207 3.113471 -1.326538 0.061446 3.384846
7.307307 3.152809 -1.318735 0.080928 3.418453
7.407407 3.191822 -1.310817 0.100384 3.451963
7.507508 3.230523 -1.302792 0.119814 3.485384
7.607608 3.268929 -1.294670 0.139217 3.518728
7.707708 3.307049 -1.286456 0.158592 3.551998
7.807808 3.344898 -1.278158 0.177937 3.585205
7.907908 3.382490 -1.269782 0.197253 3.618355
8.008008 3.419826 -1.261332 0.216538 3.651446
8.108108 3.456915 -1.252810 0.235792 3.684480
8.208208 3.493776 -1.244226 0.255015 3.717473
8.308308 3.530434 -1.235590 0.274207 3.750445
8.408408 3.566881 -1.226901 0.293368 3.783384
8.508509 3.603109 -1.218155 0.312496 3.816274
8.608609 3.639131 -1.209360 0.331591 3.849127
8.708709 3.674955 -1.200519 0.350653 3.881946
8.808809 3.710579 -1.191631 0.369682 3.914722
8.908909 3.746008 -1.182701 0.388676 3.947458
9.009009 3.781247 -1.173729 0.407636 3.980155
9.109109 3.816296 -1.164717 0.426561 4.012809
9.209209 3.851149 -1.155665 0.445450 4.045409
9.309309 3.885796 -1.146569 0.464300 4.077941
9.409409 3.920254 -1.137436 0.483114 4.110419
9.509510 3.954530 -1.128268 0.501892 4.142849
9.609610 3.988633 -1.119069 0.520634 4.175233
9.709710 4.022571 -1.109843 0.539340 4.207579
9.809810 4.056354 -1.100591 0.558012 4.239892
9.909910 4.089984 -1.091316 0.576650 4.272173
10.010010 4.123451 -1.082015 0.595250 4.304408
10.110110 4.156758 -1.072690 0.613815 4.336596
10.210210 4.189920 -1.063345 0.632344 4.368752
10.310310 4.222945 -1.053982 0.650840 4.400879
10.410410 4.255840 -1.044605 0.669302 4.432983
10.510511 4.288612 -1.035214 0.687732 4.465069
10.610611 4.321265 -1.025812 0.706129 4.497137
10.710711 4.353795 -1.016398 0.724494 4.529182
10.810811 4.386202 -1.006971 0.742826 4.561200
10.910911 4.418484 -0.997533 0.761123 4.593188
11.011011 4.450633 -0.988082 0.779385 4.625136
11.111111 4.482657 -0.978619 0.797612 4.657047
11.211211 4.514554 -0.969145 0.815804 4.688920
11.311311 4.546321 -0.959660 0.833960 4.720749
11.411411 4.577960 -0.950164 0.852081 4.752533
11.511512 4.609475 -0.940658 0.870165 4.784275
11.611612 4.640879 -0.931146 0.888217 4.815986
11.711712 4.672172 -0.921628 0.906235 4.847664
11.811812 4.703346 -0.912102 0.924218 4.879300
11.911912 4.734392 -0.902567 0.942164 4.910882
12.012012 4.765314 -0.893024 0.960073 4.942413
12.112112 4.796113 -0.883474 0.977945 4.973892
12.212212 4.826792 -0.873917 0.995781 5.005321
12.312312 4.857358 -0.864356 1.013582 5.036704
12.412412 4.887809 -0.854789 1.031347 5.068038
12.512513 4.918137 -0.845217 1.049074 5.099316
12.612613 4.948333 -0.835636 1.066762 5.130523
12.712713 4.978392 -0.826048 1.084408 5.161655
12.812813 5.008310 -0.816452 1.102013 5.192706
12.912913 5.038084 -0.806847 1.119574 5.223671
13.013013 5.067724 -0.797236 1.137094 5.254560
13.113113 5.097239 -0.787620 1.154574 5.285379
13.213213 5.126619 -0.777998 1.172013 5.316118
13.313313 5.155860 -0.768369 1.189409 5.346773
13.413413 5.184967 -0.758736 1.206763 5.377345
13.513514 5.213946 -0.749098 1.224075 5.407840
13.613614 5.242791 -0.739455 1.241345 5.438252
13.713714 5.271499 -0.729808 1.258572 5.468576
13.813814 5.300068 -0.720155 1.275755 5.498808
13.913914 5.328503 -0.710499 1.292894 5.528954
14.014014 5.356827 -0.700843 1.309996 5.559035
14.114114 5.385050 -0.691187 1.327062 5.589061
14.214214 5.413178 -0.681533 1.344094 5.619037
14.314314 5.441220 -0.671883 1.361093 5.648971
14.414414 5.469173 -0.662236 1.378060 5.678861
14.514515 5.497035 -0.652591 1.394994 5.708702
14.614615 5.524805 -0.642950 1.411893 5.738492
14.714715 5.552481 -0.633311 1.428758 5.768230
14.814815 5.580059 -0.623675 1.445587 5.797909
14.914915 5.607538 -0.614042 1.462380 5.827528
15.015015 5.634925 -0.604412 1.479139 5.857093
15.115115 5.662215 -0.594785 1.495861 5.886599
15.215215 5.689414 -0.585163 1.512550 5.916050
15.315315 5.716519 -0.575544 1.529203 5.945443
15.415415 5.743524 -0.565928 1.545819 5.974772
15.515516 5.770437 -0.556317 1.562401 6.004043
15.615616 5.797254 -0.546710 1.578946 6.033250
15.715716 5.823974 -0.537107 1.595454 6.062395
15.815816 5.850602 -0.527509 1.611928 6.091479
15.915916 5.877135 -0.517915 1.628365 6.120500
16.016016 5.903577 -0.508327 1.644767 6.149461
16.116116 5.929934 -0.498744 1.661135 6.178368
16.216216 5.956203 -0.489167 1.677469 6.207217
16.316316 5.982387 -0.479596 1.693769 6.236010
16.416416 6.008494 -0.470031 1.710038 6.264755
16.516517 6.034526 -0.460473 1.726275 6.293454
16.616617 6.060484 -0.450923 1.742481 6.322107
16.716717 6.086370 -0.441380 1.758657 6.350715
16.816817 6.112181 -0.431844 1.774802 6.379276
16.916917 6.137914 -0.422316 1.790915 6.407786
17.017017 6.163568 -0.412794 1.806994 6.436241
17.117117 6.189137 -0.403279 1.823040 6.464637
17.217217 6.214625 -0.393772 1.839051 6.492976
17.317317 6.240033 -0.384272 1.855030 6.521259
17.417417 6.265358 -0.374779 1.870974 6.549482
17.517518 6.290599 -0.365294 1.886885 6.577644
17.617618 6.315762 -0.355816 1.902762 6.605752
17.717718 6.340853 -0.346347 1.918608 6.633810
17.817818 6.365866 -0.336886 1.934422 6.661812
17.917918 6.390791 -0.327432 1.950199 6.689745
18.018018 6.415618 -0.317985 1.965937 6.717603
18.118118 6.440349 -0.308545 1.981637 6.745382
18.218218 6.464995 -0.299114 1.997301 6.773097
18.318318 6.489567 -0.289691 2.012933 6.800757
18.418418 6.514066 -0.280277 2.028534 6.828365
18.518519 6.538488 -0.270871 2.044101 6.855913
18.618619 6.562825 -0.261474 2.059633 6.883395
18.718719 6.587073 -0.252085 2.075128 6.910806
18.818819 6.611231 -0.242705 2.090585 6.938143
18.918919 6.635297 -0.233332 2.106005 6.965405
19.019019 6.659270 -0.223969 2.121386 6.992590
19.119119 6.683151 -0.214614 2.136729 7.019699
19.219219 6.706946 -0.205267 2.152035 7.046738
19.319319 6.730655 -0.195930 2.167305 7.073706
19.419419 6.754276 -0.186602 2.182538 7.100601
19.519520 6.777809 -0.177282 2.197734 7.127423
19.619620 6.801255 -0.167972 2.212893 7.154172
19.719720 6.824621 -0.158672 2.228017 7.180856
19.819820 6.847913 -0.149381 2.243108 7.207480
19.919920 6.871136 -0.140100 2.258168 7.234049
20.020020 6.894286 -0.130828 2.273195 7.260558
20.120120 6.917367 -0.121567 2.288192 7.287014
20.220220 6.940386 -0.112316 2.303159 7.313420
20.320320 6.963340 -0.103075 2.318095 7.339775
20.420420 6.986225 -0.093844 2.333001 7.366074
20.520521 7.009042 -0.084624 2.347875 7.392317
20.620621 7.031798 -0.075414 2.362720 7.418512
20.720721 7.054496 -0.066214 2.377538 7.444662
20.820821 7.077135 -0.057025 2.392327 7.470764
20.920921 7.099716 -0.047846 2.407088 7.496822
21.021021 7.122240 -0.038678 2.421821 7.522833
21.121121 7.144706 -0.029520 2.436526 7.548798
21.221221 7.167121 -0.020373 2.451206 7.574724
21.321321 7.189496 -0.011237 2.465864 7.600623
21.421421 7.211833 -0.002112 2.480500 7.626495
21.521522 7.234126 0.007003 2.495114 7.652335
21.621622 7.256376 0.016106 2.509703 7.678142
21.721722 7.278581 0.025199 2.524270 7.703915
21.821822 7.300741 0.034281 2.538812 7.729655
21.921922 7.322859 0.043353 2.553332 7.755362
22.022022 7.344930 0.052413 2.567828 7.781034
22.122122 7.366955 0.061462 2.582299 7.806669
22.222222 7.388938 0.070501 2.596748 7.832272
22.322322 7.410886 0.079529 2.611176 7.857849
22.422422 7.432802 0.088546 2.625585 7.883405
22.522523 7.454677 0.097551 2.639971 7.908930
22.622623 7.476501 0.106546 2.654332 7.934412
22.722723 7.498270 0.115530 2.668665 7.959847
22.822823 7.519981 0.124502 2.682969 7.985233
22.922923 7.541638 0.133463 2.697246 8.010571
23.023023 7.563239 0.142413 2.711496 8.035862
23.123123 7.584778 0.151352 2.725716 8.061098
23.223223 7.606244 0.160278 2.739901 8.086266
23.323323 7.627632 0.169193 2.754051 8.111362
23.423423 7.648937 0.178096 2.768162 8.136380
23.523524 7.670158 0.186987 2.782236 8.161319
23.623624 7.691305 0.195865 2.796275 8.186189
23.723724 7.712382 0.204732 2.810281 8.210995
23.823824 7.733395 0.213587 2.824256 8.235741
23.923924 7.754350 0.222431 2.838202 8.260437
24.024024 7.775257 0.231263 2.852124 8.285090
24.124124 7.796116 0.240084 2.866019 8.309701
24.224224 7.816920 0.248893 2.879887 8.334263
24.324324 7.837665 0.257690 2.893726 8.358771
24.424424 7.858353 0.266476 2.907537 8.383227
24.524525 7.878994 0.275250 2.921322 8.407641
24.624625 7.899588 0.284013 2.935082 8.432014
24.724725 7.920136 0.292764 2.948818 8.456346
24.824825 7.940640 0.301504 2.962530 8.480640
24.924925 7.961106 0.310232 2.976220 8.504901
25.025025 7.981532 0.318950 2.989889 8.529128
25.125125 8.001916 0.327656 3.003533 8.553317
25.225225 8.022253 0.336350 3.017153 8.577464
25.325325 8.042543 0.345033 3.030748 8.601568
25.425425 8.062791 0.353704 3.044320 8.625636
25.525526 8.083004 0.362364 3.057871 8.649673
25.625626 8.103182 0.371013 3.071402 8.673679
25.725726 8.123321 0.379651 3.084911 8.697652
25.825826 8.143418 0.388278 3.098396 8.721587
25.925926 8.163479 0.396893 3.111861 8.745490
26.026026 8.183499 0.405497 3.125303 8.769356
26.126126 8.203469 0.414088 3.138718 8.793175
26.226226 8.223389 0.422668 3.152108 8.816947
26.326326 8.243264 0.431236 3.165472 8.840677
26.426426 8.263099 0.439793 3.178815 8.864371
26.526527 8.282894 0.448339 3.192135 8.888029
26.626627 8.302647 0.456872 3.205431 8.911648
26.726727 8.322355 0.465394 3.218703 8.935224
26.826827 8.342014 0.473904 3.231950 8.958755
26.926927 8.361629 0.482403 3.245172 8.982243
27.027027 8.381200 0.490889 3.258370 9.005691
27.127127 8.400723 0.499364 3.271542 9.029092
27.227227 8.420195 0.507826 3.284688 9.052445
27.327327 8.439617 0.516277 3.297807 9.075749
27.427427 8.458990 0.524715 3.310900 9.099005
27.527528 8.478315 0.533141 3.323968 9.122216
27.627628 8.497592 0.541555 3.337009 9.145380
27.727728 8.516822 0.549957 3.350026 9.168499
27.827828 8.536008 0.558348 3.363018 9.191577
27.927928 8.555150 0.566726 3.375986 9.214611
28.028028 8.574237 0.575092 3.388926 9.237591
28.128128 8.593266 0.583445 3.401836 9.260514
28.228228 8.612241 0.591785 3.414717 9.283383
28.328328 8.631166 0.600113 3.427573 9.306204
28.428428 8.650045 0.608429 3.440402 9.328978
28.528529 8.668873 0.616733 3.453205 9.351703
28.628629 8.687647 0.625024 3.465980 9.374374
28.728729 8.706375 0.633303 3.478730 9.396999
28.828829 8.725064 0.641570 3.491458 9.419588
28.928929 8.743721 0.649826 3.504166 9.442145
29.029029 8.762345 0.658072 3.516854 9.464672
29.129129 8.780940 0.666306 3.529524 9.487171
29.229229 8.799505 0.674529 3.542175 9.509641
29.329329 8.818043 0.682742 3.554809 9.532088
29.429429 8.836559 0.690944 3.567428 9.554513
29.529530 8.855055 0.699136 3.580031 9.576920
29.629630 8.873531 0.707318 3.592621 9.599312
29.729730 8.891993 0.715490 3.605198 9.621690
29.829830 8.910438 0.723652 3.617761 9.644054
29.929930 8.928866 0.731805 3.630311 9.666403
30.030030 8.947277 0.739947 3.642849 9.688738
30.130130 8.965680 0.748080 3.655375 9.711066
30.230230 8.984077 0.756205 3.667894 9.733393
30.330330 9.002471 0.764321 3.680404 9.755719
30.430430 9.020865 0.772428 3.692909 9.778048
30.530531 9.039257 0.780527 3.705406 9.800379
30.630631 9.057642 0.788617 3.717894 9.822705
30.730731 9.076023 0.796698 3.730373 9.845030
30.830831 9.094406 0.804771 3.742847 9.867359
30.930931 9.112795 0.812836 3.755318 9.889699
31.031031 9.131198 0.820894 3.767788 9.912056
31.131131 9.149625 0.828946 3.780261 9.934444
31.231231 9.168081 0.836993 3.792740 9.956864
31.331331 9.186563 0.845034 3.805224 9.979316
31.431431 9.205070 0.853068 3.817712 10.001799
31.531532 9.223599 0.861097 3.830203 10.024307
31.631632 9.242148 0.869119 3.842696 10.046839
31.731732 9.260719 0.877135 3.855191 10.069398
31.831832 9.279315 0.885146 3.867691 10.091987
31.931932 9.297940 0.893151 3.880197 10.114610
32.032032 9.316594 0.901151 3.892709 10.137267
32.132132 9.335278 0.909146 3.905227 10.159959
32.232232 9.353989 0.917135 3.917751 10.182682
32.332332 9.372727 0.925119 3.930280 10.205438
32.432432 9.391492 0.933098 3.942814 10.228225
32.532533 9.410279 0.941071 3.955351 10.251038
32.632633 9.429088 0.949038 3.967891 10.273876
32.732733 9.447913 0.956999 3.980432 10.296735
32.832833 9.466755 0.964954 3.992975 10.319614
32.932933 9.485615 0.972902 4.005518 10.342514
33.033033 9.504490 0.980845 4.018062 10.365433
33.133133 9.523381 0.988781 4.030607 10.388371
33.233233 9.542281 0.996710 4.043150 10.411322
33.333333 9.561187 1.004632 4.055689 10.434280
33.433433 9.580094 1.012546 4.068223 10.457241
33.533534 9.599002 1.020453 4.080751 10.480205
33.633634 9.617910 1.028352 4.093274 10.503170
33.733734 9.636814 1.036243 4.105789 10.526134
33.833834 9.655709 1.044125 4.118294 10.549088
33.933934 9.674592 1.051998 4.130788 10.572031
34.034034 9.693466 1.059863 4.143272 10.594966
34.134134 9.712336 1.067719 4.155749 10.617897
34.234234 9.731204 1.075568 4.168219 10.640828
34.334334 9.750070 1.083408 4.180683 10.663759
34.434434 9.768935 1.091241 4.193141 10.686689
34.534535 9.787792 1.099066 4.205589 10.709612
34.634635 9.806638 1.106882 4.218027 10.732525
34.734735 9.825475 1.114689 4.230455 10.755429
34.834835 9.844303 1.122488 4.242874 10.778324
34.934935 9.863121 1.130278 4.255282 10.801208
35.035035 9.881927 1.138059 4.267680 10.824082
35.135135 9.900720 1.145831 4.280066 10.846942
35.235235 9.919494 1.153594 4.292439 10.869783
35.335335 9.938246 1.161347 4.304796 10.892600
35.435435 9.956978 1.169090 4.317139 10.915396
35.535536 9.975692 1.176823 4.329469 10.938174
35.635636 9.994396 1.184548 4.341788 10.960941
35.735736 10.013091 1.192264 4.354098 10.983700
35.835836 10.031776 1.199972 4.366399 11.006448
35.935936 10.050450 1.207672 4.378689 11.029186
36.036036 10.069115 1.215363 4.390969 11.051914
36.136136 10.087775 1.223046 4.403242 11.074637
36.236236 10.106431 1.230721 4.415507 11.097357
36.336336 10.125082 1.238389 4.427765 11.120071
36.436436 10.143726 1.246048 4.440014 11.142780
36.536537 10.162366 1.253700 4.452256 11.165484
36.636637 10.181002 1.261344 4.464491 11.188184
36.736737 10.199636 1.268981 4.476719 11.210883
36.836837 10.218267 1.276610 4.488941 11.233580
36.936937 10.236894 1.284231 4.501155 11.256271
37.037037 10.255514 1.291845 4.513361 11.278956
37.137137 10.274125 1.299450 4.525558 11.301632
37.237237 10.292726 1.307047 4.537745 11.324297
37.337337 10.311318 1.314636 4.549922 11.346953
37.437437 10.329899 1.322216 4.562090 11.369597
37.537538 10.348465 1.329788 4.574245 11.392225
37.637638 10.367016 1.337350 4.586388 11.414836
37.737738 10.385552 1.344904 4.598520 11.437432
37.837838 10.404073 1.352448 4.610639 11.460010
37.937938 10.422577 1.359984 4.622746 11.482572
38.038038 10.441064 1.367510 4.634839 11.505114
38.138138 10.459531 1.375027 4.646919 11.527633
38.238238 10.477975 1.382534 4.658983 11.550130
38.338338 10.496399 1.390031 4.671033 11.572602
38.438438 10.514799 1.397518 4.683067 11.595049
38.538539 10.533172 1.404995 4.695084 11.617467
38.638639 10.551518 1.412462 4.707084 11.639855
38.738739 10.569837 1.419918 4.719066 11.662212
38.838839 10.588126 1.427363 4.731030 11.684538
38.938939 10.606395 1.434799 4.742980 11.706840
39.039039 10.624644 1.442225 4.754916 11.729122
39.139139 10.642877 1.449642 4.766839 11.751385
39.239239 10.661095 1.457051 4.778750 11.773631
39.339339 10.679297 1.464450 4.790649 11.795860
39.439439 10.697484 1.471841 4.802537 11.818072
39.539540 10.715658 1.479224 4.814414 11.840271
39.639640 10.733822 1.486598 4.826281 11.862458
39.739740 10.751973 1.493964 4.838137 11.884630
39.839840 10.770109 1.501321 4.849981 11.906785
39.939940 10.788233 1.508670 4.861814 11.928926
40.040040 10.806349 1.516011 4.873639 11.951059
40.140140 10.824457 1.523344 4.885456 11.973183
40.240240 10.842555 1.530670 4.897263 11.995296
40.340340 10.860643 1.537987 4.909060 12.017397
40.440440 10.878718 1.545297 4.920847 12.039485
40.540541 10.896780 1.552597 4.932623 12.061557
40.640641 10.914827 1.559889 4.944387 12.083611
40.740741 10.932857 1.567173 4.956138 12.105647
40.840841 10.950866 1.574446 4.967875 12.127660
40.940941 10.968850 1.581710 4.979595 12.149643
41.041041 10.986807 1.588963 4.991299 12.171598
41.141141 11.004739 1.596207 5.002986 12.193524
41.241241 11.022649 1.603440 5.014659 12.215425
41.341341 11.040537 1.610664 5.026316 12.237302
41.441441 11.058402 1.617879 5.037958 12.259152
41.541542 11.076243 1.625083 5.049585 12.280976
41.641642 11.094060 1.632278 5.061196 12.302772
41.741742 11.111853 1.639462 5.072790 12.324541
41.841842 11.129617 1.646637 5.084367 12.346277
41.941942 11.147351 1.653800 5.095925 12.367981
42.042042 11.165058 1.660953 5.107466 12.389653
42.142142 11.182735 1.668095 5.118989 12.411291
42.242242 11.200380 1.675227 5.130492 12.432894
42.342342 11.217992 1.682347 5.141975 12.454459
42.442442 11.235569 1.689455 5.153438 12.475985
42.542543 11.253112 1.696553 5.164880 12.497472
42.642643 11.270621 1.703639 5.176302 12.518921
42.742743 11.288098 1.710714 5.187704 12.540334
42.842843 11.305545 1.717778 5.199089 12.561713
42.942943 11.322966 1.724832 5.210456 12.583063
43.043043 11.340360 1.731876 5.221806 12.604381
43.143143 11.357726 1.738909 5.233139 12.625667
43.243243 11.375063 1.745932 5.244454 12.646922
43.343343 11.392371 1.752945 5.255750 12.668142
43.443443 11.409649 1.759946 5.267028 12.689330
43.543544 11.426904 1.766938 5.278291 12.710490
43.643644 11.444140 1.773921 5.289541 12.731629
43.743744 11.461356 1.780895 5.300776 12.752745
43.843844 11.478552 1.787860 5.311998 12.773837
43.943944 11.495726 1.794816 5.323205 12.794905
44.044044 11.512878 1.801761 5.334398 12.815947
44.144144 11.530009 1.808698 5.345576 12.836965
44.244244 11.547122 1.815626 5.356741 12.857963
44.344344 11.564216 1.822545 5.367893 12.878938
44.444444 11.581291 1.829455 5.379031 12.899891
44.544545 11.598345 1.836355 5.390155 12.920820
44.644645 11.615378 1.843247 5.401265 12.941725
44.744745 11.632395 1.850130 5.412363 12.962610
44.844845 11.649397 1.857005 5.423450 12.983479
44.944945 11.666384 1.863871 5.434525 13.004330
45.045045 11.683357 1.870729 5.445589 13.025164
45.145145 11.700314 1.877580 5.456641 13.045980
45.245245 11.717257 1.884421 5.467682 13.066778
45.345345 11.734181 1.891254 5.478710 13.087556
45.445445 11.751084 1.898078 5.489724 13.108308
45.545546 11.767965 1.904893 5.500723 13.129035
45.645646 11.784824 1.911698 5.511708 13.149737
45.745746 11.801664 1.918494 5.522678 13.170416
45.845846 11.818484 1.925282 5.533636 13.191073
45.945946 11.835287 1.932060 5.544581 13.211709
46.046046 11.852072 1.938830 5.555513 13.232324
46.146146 11.868836 1.945591 5.566431 13.252915
46.246246 11.885580 1.952343 5.577335 13.273482
46.346346 11.902303 1.959086 5.588225 13.294025
46.446446 11.919004 1.965820 5.599101 13.314542
46.546547 11.935683 1.972544 5.609961 13.335033
46.646647 11.952340 1.979259 5.620808 13.355500
46.746747 11.968973 1.985964 5.631638 13.375938
46.846847 11.985581 1.992660 5.642453 13.396347
46.946947 12.002165 1.999346 5.653252 13.416728
47.047047 12.018726 2.006023 5.664036 13.437083
47.147147 12.035262 2.012690 5.674804 13.457409
47.247247 12.051773 2.019347 5.685555 13.477705
47.347347 12.068256 2.025993 5.696290 13.497969
47.447447 12.084712 2.032630 5.707007 13.518201
47.547548 12.101138 2.039256 5.717706 13.538400
47.647648 12.117534 2.045872 5.728386 13.558563
47.747748 12.133896 2.052476 5.739047 13.578687
47.847848 12.150220 2.059069 5.749685 13.598768
47.947948 12.166504 2.065649 5.760300 13.618803
48.048048 12.182746 2.072217 5.770892 13.638789
48.148148 12.198948 2.078772 5.781459 13.658730
48.248248 12.215112 2.085315 5.792005 13.678627
48.348348 12.231244 2.091848 5.802532 13.698486
48.448448 12.247347 2.098370 5.813040 13.718312
48.548549 12.263423 2.104882 5.823532 13.738107
48.648649 12.279475 2.111385 5.834008 13.757874
48.748749 12.295503 2.117878 5.844469 13.777613
48.848849 12.311507 2.124361 5.854914 13.797324
48.948949 12.327491 2.130836 5.865346 13.817010
49.049049 12.343454 2.137302 5.875763 13.836673
49.149149 12.359399 2.143759 5.886168 13.856313
49.249249 12.375323 2.150208 5.896559 13.875930
49.349349 12.391226 2.156647 5.906936 13.895521
49.449449 12.407106 2.163077 5.917297 13.915085
49.549550 12.422961 2.169497 5.927643 13.934620
49.649650 12.438790 2.175908 5.937973 13.954124
49.749750 12.454592 2.182309 5.948285 13.973598
49.849850 12.470371 2.188700 5.958583 13.993044
49.949950 12.486128 2.195082 5.968866 14.012463
50.050050 12.501858 2.201455 5.979132 14.031852
50.150150 12.517558 2.207817 5.989380 14.051206
50.250250 12.533229 2.214168 5.999610 14.070525
50.350350 12.548869 2.220509 6.009821 14.089809
50.450450 12.564480 2.226839 6.020014 14.109059
50.550551 12.580064 2.233160 6.030191 14.128277
50.650651 12.595622 2.239471 6.040351 14.147465
50.750751 12.611153 2.245772 6.050494 14.166621
50.850851 12.626658 2.252063 6.060621 14.185747
50.950951 12.642138 2.258344 6.070732 14.204843
51.051051 12.657593 2.264616 6.080827 14.223910
51.151151 12.673022 2.270878 6.090906 14.242946
51.251251 12.688423 2.277130 6.100967 14.261950
51.351351 12.703792 2.283372 6.111010 14.280916
51.451451 12.719133 2.289603 6.121034 14.299849
51.551552 12.734449 2.295824 6.131043 14.318753
51.651652 12.749742 2.302037 6.141037 14.337630
51.751752 12.765011 2.308240 6.151016 14.356479
51.851852 12.780258 2.314434 6.160980 14.375300
51.951952 12.795483 2.320619 6.170930 14.394097
52.052052 12.810690 2.326796 6.180867 14.412872
52.152152 12.825883 2.332965 6.190794 14.431629
52.252252 12.841063 2.339127 6.200710 14.450371
52.352352 12.856231 2.345282 6.210617 14.469098
52.452452 12.871386 2.351429 6.220515 14.487809
52.552553 12.886533 2.357570 6.230404 14.506508
52.652653 12.901671 2.363705 6.240285 14.525198
52.752753 12.916801 2.369833 6.250159 14.543877
52.852853 12.931924 2.375955 6.260025 14.562545
52.952953 12.947038 2.382070 6.269884 14.581204
53.053053 12.962145 2.388179 6.279735 14.599852
53.153153 12.977247 2.394282 6.289580 14.618493
53.253253 12.992343 2.400380 6.299419 14.637127
53.353353 13.007434 2.406471 6.309252 14.655753
53.453453 13.022521 2.412557 6.319078 14.674373
53.553554 13.037600 2.418637 6.328898 14.692984
53.653654 13.052670 2.424710 6.338709 14.711582
53.753754 13.067729 2.430777 6.348511 14.730167
53.853854 13.082780 2.436837 6.358306 14.748741
53.953954 13.097827 2.442891 6.368095 14.767309
54.054054 13.112869 2.448940 6.377878 14.785871
54.154154 13.127905 2.454983 6.387655 14.804424
54.254254 13.142936 2.461020 6.397424 14.822969
54.354354 13.157962 2.467051 6.407189 14.841508
54.454454 13.172984 2.473078 6.416948 14.860042
54.554555 13.188003 2.479098 6.426701 14.878570
54.654655 13.203018 2.485114 6.436450 14.897093
54.754755 13.218032 2.491124 6.446194 14.915612
54.854855 13.233044 2.497129 6.455934 14.934129
54.954955 13.248056 2.503130 6.465670 14.952643
55.055055 13.263068 2.509126 6.475402 14.971157
55.155155 13.278080 2.515117 6.485131 14.989668
55.255255 13.293092 2.521104 6.494856 15.008179
55.355355 13.308106 2.527086 6.504579 15.026690
55.455455 13.323121 2.533064 6.514298 15.045200
55.555556 13.338132 2.539036 6.524013 15.063705
55.655656 13.353140 2.545003 6.533722 15.082205
55.755756 13.368139 2.550965 6.543424 15.100694
55.855856 13.383130 2.556919 6.553117 15.119171
55.955956 13.398112 2.562868 6.562803 15.137637
56.056056 13.413085 2.568810 6.572481 15.156093
56.156156 13.428049 2.574746 6.582152 15.174535
56.256256 13.442999 2.580675 6.591812 15.192962
56.356356 13.457936 2.586596 6.601462 15.211372
56.456456 13.472858 2.592511 6.611101 15.229763
56.556557 13.487763 2.598417 6.620729 15.248134
56.656657 13.502653 2.604316 6.630345 15.266486
56.756757 13.517532 2.610209 6.639953 15.284823
56.856857 13.532398 2.616094 6.649551 15.303146
56.956957 13.547254 2.621973 6.659141 15.321455
57.057057 13.562098 2.627845 6.668721 15.339750
57.157157 13.576933 2.633711 6.678294 15.358032
57.257257 13.591761 2.639571 6.687859 15.376305
57.357357 13.606581 2.645426 6.697418 15.394568
57.457457 13.621394 2.651274 6.706969 15.412821
57.557558 13.636199 2.657116 6.716514 15.431064
57.657658 13.650996 2.662953 6.726051 15.449296
57.757758 13.665786 2.668783 6.735581 15.467519
57.857858 13.680569 2.674608 6.745104 15.485733
57.957958 13.695346 2.680428 6.754621 15.503938
58.058058 13.710117 2.686241 6.764132 15.522135
58.158158 13.724883 2.692050 6.773637 15.540325
58.258258 13.739645 2.697853 6.783137 15.558509
58.358358 13.754405 2.703651 6.792632 15.576689
58.458458 13.769164 2.709445 6.802123 15.594866
58.558559 13.783921 2.715235 6.811611 15.613040
58.658659 13.798676 2.721019 6.821094 15.631210
58.758759 13.813430 2.726799 6.830573 15.649377
58.858859 13.828181 2.732574 6.840047 15.667539
58.958959 13.842928 2.738344 6.849517 15.685696
59.059059 13.857669 2.744109 6.858980 15.703844
59.159159 13.872404 2.749868 6.868437 15.721984
59.259259 13.887134 2.755622 6.877888 15.740117
59.359359 13.901859 2.761370 6.887333 15.758243
59.459459 13.916581 2.767114 6.896774 15.776363
59.559560 13.931300 2.772853 6.906209 15.794478
59.659660 13.946013 2.778586 6.915639 15.812586
59.759760 13.960720 2.784314 6.925062 15.830685
59.859860 13.975417 2.790036 6.934478 15.848772
59.959960 13.990103 2.795752 6.943885 15.866844
60.060060 14.004777 2.801461 6.953282 15.884901
60.160160 14.019441 2.807163 6.962671 15.902946
60.260260 14.034097 2.812860 6.972053 15.920979
60.360360 14.048744 2.818551 6.981428 15.939002
60.460460 14.063383 2.824236 6.990796 15.957013
60.560561 14.078012 2.829915 7.000155 15.975012
60.660661 14.092632 2.835588 7.009507 15.993000
60.760761 14.107243 2.841256 7.018851 16.010975
60.860861 14.121845 2.846917 7.028187 16.028938
60.960961 14.136435 2.852571 7.037515 16.046887
61.061061 14.151013 2.858220 7.046833 16.064820
61.161161 14.165578 2.863861 7.056141 16.082737
61.261261 14.180131 2.869496 7.065441 16.100640
61.361361 14.194670 2.875124 7.074730 16.118524
61.461461 14.209193 2.880744 7.084008 16.136388
61.561562 14.223697 2.886357 7.093274 16.154230
61.661662 14.238183 2.891962 7.102528 16.172051
61.761762 14.252654 2.897560 7.111772 16.189852
61.861862 14.267111 2.903151 7.121005 16.207635
61.961962 14.281554 2.908736 7.130228 16.225403
62.062062 14.295988 2.914314 7.139443 16.243157
62.162162 14.310411 2.919886 7.148650 16.260897
62.262262 14.324822 2.925452 7.157848 16.278623
62.362362 14.339220 2.931011 7.167037 16.296334
62.462462 14.353606 2.936563 7.176216 16.314028
62.562563 14.367980 2.942110 7.185386 16.331706
62.662663 14.382342 2.947649 7.194548 16.349371
62.762763 14.396694 2.953183 7.203701 16.367022
62.862863 14.411037 2.958711 7.212847 16.384661
62.962963 14.425372 2.964233 7.221986 16.402290
63.063063 14.439697 2.969750 7.231117 16.419906
63.163163 14.454014 2.975261 7.240241 16.437512
63.263263 14.468324 2.980766 7.249358 16.455108
63.363363 14.482628 2.986267 7.258470 16.472695
63.463463 14.496925 2.991762 7.267574 16.490273
63.563564 14.511213 2.997251 7.276672 16.507839
63.663664 14.525494 3.002735 7.285763 16.525396
63.763764 14.539768 3.008213 7.294847 16.542944
63.863864 14.554035 3.013687 7.303925 16.560482
63.963964 14.568296 3.019155 7.312998 16.578012
64.064064 14.582553 3.024618 7.322064 16.595535
64.164164 14.596804 3.030077 7.331126 16.613050
64.264264 14.611049 3.035530 7.340181 16.630557
64.364364 14.625286 3.040978 7.349230 16.648054
64.464464 14.639514 3.046420 7.358271 16.665539
64.564565 14.653732 3.051857 7.367304 16.683011
64.664665 14.667939 3.057287 7.376328 16.700469
64.764765 14.682134 3.062711 7.385344 16.717912
64.864865 14.696321 3.068129 7.394353 16.735343
64.964965 14.710499 3.073542 7.403354 16.752764
65.065065 14.724669 3.078950 7.412349 16.770174
65.165165 14.738832 3.084352 7.421337 16.787574
65.265265 14.752984 3.089748 7.430317 16.804960
65.365365 14.767122 3.095138 7.439286 16.822329
65.465465 14.781245 3.100520 7.448246 16.839679
65.565566 14.795353 3.105896 7.457195 16.857011
65.665666 14.809447 3.111265 7.466134 16.874325
65.765766 14.823527 3.116627 7.475063 16.891622
65.865866 14.837592 3.121983 7.483982 16.908900
65.965966 14.851642 3.127332 7.492891 16.926159
66.066066 14.865677 3.132674 7.501789 16.943401
66.166166 14.879698 3.138009 7.510677 16.960625
66.266266 14.893706 3.143338 7.519556 16.977832
66.366366 14.907700 3.148660 7.528425 16.995022
66.466466 14.921681 3.153976 7.537285 17.012196
66.566567 14.935650 3.159286 7.546136 17.029354
66.666667 14.949608 3.164589 7.554979 17.046498
66.766767 14.963556 3.169887 7.563813 17.063629
66.866867 14.977494 3.175180 7.572640 17.080748
66.966967 14.991423 3.180466 7.581460 17.097856
67.067067 15.005344 3.185748 7.590273 17.114952
67.167167 15.019257 3.191024 7.599079 17.132037
67.267267 15.033160 3.196294 7.607877 17.149110
67.367367 15.047054 3.201559 7.616668 17.166172
67.467467 15.060940 3.206819 7.625453 17.183223
67.567568 15.074819 3.212073 7.634230 17.200263
67.667668 15.088689 3.217322 7.643001 17.217293
67.767768 15.102555 3.222567 7.651767 17.234315
67.867868 15.116417 3.227807 7.660528 17.251333
67.967968 15.130277 3.233044 7.669286 17.268346
68.068068 15.144134 3.238276 7.678039 17.285355
68.168168 15.157988 3.243504 7.686789 17.302360
68.268268 15.171841 3.248728 7.695534 17.319360
68.368368 15.185693 3.253949 7.704277 17.336359
68.468468 15.199545 3.259166 7.713017 17.353356
68.568569 15.213395 3.264379 7.721753 17.370349
68.668669 15.227245 3.269588 7.730487 17.387341
68.768769 15.241097 3.274795 7.739220 17.404334
68.868869 15.254954 3.279999 7.747952 17.421331
68.968969 15.268817 3.285201 7.756684 17.438333
69.069069 15.282684 3.290401 7.765416 17.455339
69.169169 15.296554 3.295597 7.774147 17.472347
69.269269 15.310431 3.300792 7.782878 17.489360
69.369369 15.324314 3.305985 7.791610 17.506380
69.469469 15.338203 3.311175 7.800343 17.523405
69.569570 15.352099 3.316364 7.809076 17.540435
69.669670 15.366000 3.321550 7.817810 17.557471
69.769770 15.379907 3.326734 7.826544 17.574512
69.869870 15.393818 3.331916 7.835278 17.591557
69.969970 15.407735 3.337095 7.844011 17.608606
70.070070 15.421657 3.342272 7.852745 17.625660
70.170170 15.435586 3.347448 7.861480 17.642721
70.270270 15.449521 3.352621 7.870215 17.659786
70.370370 15.463460 3.357792 7.878950 17.676856
70.470470 15.477404 3.362960 7.887685 17.693929
70.570571 15.491350 3.368126 7.896418 17.711002
70.670671 15.505296 3.373288 7.905149 17.728075
70.770771 15.519243 3.378447 7.913877 17.745147
70.870871 15.533190 3.383603 7.922604 17.762219
70.970971 15.547140 3.388756 7.931329 17.779291
71.071071 15.561090 3.393906 7.940052 17.796363
71.171171 15.575040 3.399052 7.948772 17.813433
71.271271 15.588991 3.404196 7.957490 17.830503
71.371371 15.602943 3.409336 7.966206 17.847573
71.471471 15.616895 3.414473 7.974920 17.864641
71.571572 15.630849 3.419608 7.983632 17.881710
71.671672 15.644804 3.424739 7.992342 17.898779
71.771772 15.658760 3.429867 8.001050 17.915846
71.871872 15.672716 3.434992 8.009756 17.932913
71.971972 15.686673 3.440114 8.018460 17.949980
72.072072 15.700629 3.445232 8.027161 17.967044
72.172172 15.714583 3.450347 8.035858 17.984105
72.272272 15.728535 3.455458 8.044552 18.001161
72.372372 15.742481 3.460565 8.053240 18.018210
72.472472 15.756420 3.465667 8.061923 18.035249
72.572573 15.770353 3.470764 8.070600 18.052280
72.672673 15.784280 3.475857 8.079271 18.069303
72.772773 15.798199 3.480945 8.087935 18.086314
72.872873 15.812109 3.486027 8.096593 18.103315
72.972973 15.826010 3.491105 8.105244 18.120304
73.073073 15.839904 3.496178 8.113889 18.137282
73.173173 15.853792 3.501246 8.122528 18.154253
73.273273 15.867676 3.506310 8.131163 18.171218
73.373373 15.881558 3.511371 8.139794 18.188179
73.473473 15.895439 3.516428 8.148423 18.205138
73.573574 15.909321 3.521483 8.157049 18.222096
73.673674 15.923203 3.526534 8.165673 18.239054
73.773774 15.937086 3.531582 8.174296 18.256010
73.873874 15.950969 3.536628 8.182915 18.272965
73.973974 15.964852 3.541670 8.191533 18.289919
74.074074 15.978737 3.546709 8.200150 18.306874
74.174174 15.992624 3.551746 8.208764 18.323830
74.274274 16.006514 3.556781 8.217379 18.340788
74.374374 16.020409 3.561813 8.225993 18.357750
74.474474 16.034307 3.566843 8.234607 18.374714
74.574575 16.048209 3.571871 8.243220 18.391682
74.674675 16.062115 3.576897 8.251833 18.408652
74.774775 16.076026 3.581920 8.260446 18.425627
74.874875 16.089942 3.586942 8.269059 18.442606
74.974975 16.103860 3.591961 8.277671 18.459587
75.075075 16.117778 3.596977 8.286281 18.476565
75.175175 16.131692 3.601990 8.294887 18.493538
75.275275 16.145602 3.606998 8.303488 18.510505
75.375375 16.159508 3.612002 8.312084 18.527466
75.475475 16.173411 3.617003 8.320677 18.544422
75.575576 16.187312 3.622000 8.329267 18.561375
75.675676 16.201212 3.626994 8.337854 18.578325
75.775776 16.215110 3.631985 8.346437 18.595272
75.875876 16.229009 3.636973 8.355019 18.612218
75.975976 16.242910 3.641958 8.363600 18.629165
76.076076 16.256814 3.646941 8.372180 18.646115
76.176176 16.270722 3.651922 8.380759 18.663066
76.276276 16.284633 3.656901 8.389338 18.680021
76.376376 16.298549 3.661878 8.397917 18.696980
76.476476 16.312472 3.666853 8.406498 18.713946
76.576577 16.326401 3.671827 8.415079 18.730917
76.676677 16.340339 3.676800 8.423663 18.747897
76.776777 16.354285 3.681772 8.432249 18.764885
76.876877 16.368239 3.686743 8.440836 18.781881
76.976977 16.382201 3.691712 8.449426 18.798884
77.077077 16.396171 3.696681 8.458017 18.815896
77.177177 16.410151 3.701649 8.466612 18.832918
77.277277 16.424141 3.706616 8.475209 18.849949
77.377377 16.438140 3.711582 8.483809 18.866990
77.477477 16.452147 3.716547 8.492411 18.884038
77.577578 16.466160 3.721511 8.501014 18.901093
77.677678 16.480178 3.726473 8.509616 18.918151
77.777778 16.494199 3.731433 8.518219 18.935211
77.877878 16.508221 3.736390 8.526820 18.952273
77.977978 16.522244 3.741345 8.535419 18.969333
78.078078 16.536267 3.746297 8.544016 18.986392
78.178178 16.550291 3.751246 8.552611 19.003450
78.278278 16.564316 3.756192 8.561205 19.020509
78.378378 16.578346 3.761137 8.569799 19.037572
78.478478 16.592380 3.766080 8.578392 19.054638
78.578579 16.606414 3.771020 8.586984 19.071704
78.678679 16.620450 3.775957 8.595575 19.088769
78.778779 16.634487 3.780893 8.604164 19.105835
78.878879 16.648527 3.785826 8.612752 19.122903
78.978979 16.662571 3.790757 8.621341 19.139974
79.079079 16.676617 3.795686 8.629928 19.157047
79.179179 16.690666 3.800612 8.638515 19.174121
79.279279 16.704717 3.805537 8.647101 19.191197
79.379379 16.718772 3.810459 8.655687 19.208275
79.479479 16.732827 3.815379 8.664270 19.225353
79.579580 16.746882 3.820296 8.672852 19.242429
79.679680 16.760938 3.825210 8.681431 19.259504
79.779780 16.774995 3.830122 8.690010 19.276580
79.879880 16.789051 3.835031 8.698586 19.293654
79.979980 16.803105 3.839937 8.707158 19.310723
80.080080 16.817155 3.844839 8.715727 19.327787
80.180180 16.831199 3.849737 8.724290 19.344844
80.280280 16.845236 3.854631 8.732848 19.361890
80.380380 16.859266 3.859520 8.741400 19.378927
80.480480 16.873288 3.864405 8.749945 19.395954
80.580581 16.887303 3.869286 8.758485 19.412970
80.680681 16.901308 3.874161 8.767018 19.429975
80.780781 16.915302 3.879032 8.775543 19.446966
80.880881 16.929282 3.883896 8.784059 19.463939
80.980981 16.943245 3.888754 8.792564 19.480892
81.081081 16.957190 3.893606 8.801057 19.497822
81.181181 16.971117 3.898450 8.809539 19.514730
81.281281 16.985025 3.903287 8.818009 19.531616
81.381381 16.998913 3.908117 8.826467 19.548477
81.481481 17.012782 3.912940 8.834913 19.565315
81.581582 17.026635 3.917757 8.843349 19.582133
81.681682 17.040473 3.922568 8.851775 19.598933
81.781782 17.054298 3.927373 8.860192 19.615717
81.881882 17.068108 3.932172 8.868599 19.632482
81.981982 17.081903 3.936965 8.876996 19.649228
82.082082 17.095681 3.941751 8.885383 19.665954
82.182182 17.109443 3.946531 8.893759 19.682660
82.282282 17.123189 3.951305 8.902126 19.699347
82.382382 17.136921 3.956072 8.910482 19.716015
82.482482 17.150638 3.960834 8.918829 19.732666
82.582583 17.164342 3.965591 8.927168 19.749300
82.682683 17.178034 3.970342 8.935498 19.765920
82.782783 17.191712 3.975087 8.943819 19.782522
82.882883 17.205375 3.979826 8.952130 19.799105
82.982983 17.219023 3.984559 8.960431 19.815671
83.083083 17.232658 3.989287 8.968724 19.832219
83.183183 17.246283 3.994009 8.977009 19.848755
83.283283 17.259896 3.998726 8.985286 19.865276
83.383383 17.273494 4.003438 8.993554 19.881779
83.483483 17.287077 4.008143 9.001812 19.898263
83.583584 17.300644 4.012842 9.010060 19.914727
83.683684 17.314197 4.017535 9.018298 19.931174
83.783784 17.327735 4.022222 9.026526 19.947602
83.883884 17.341260 4.026904 9.034746 19.964014
83.983984 17.354772 4.031580 9.042957 19.980411
84.084084 17.368271 4.036251 9.051160 19.996791
84.184184 17.381758 4.040916 9.059354 20.013156
84.284284 17.395230 4.045576 9.067539 20.029503
84.384384 17.408690 4.050230 9.075716 20.045834
84.484484 17.422139 4.054879 9.083884 20.062151
84.584585 17.435576 4.059523 9.092045 20.078454
84.684685 17.449003 4.064162 9.100199 20.094744
84.784785 17.462420 4.068796 9.108346 20.111022
84.884885 17.475829 4.073426 9.116486 20.127288
84.984985 17.489230 4.078052 9.124621 20.143544
85.085085 17.502623 4.082673 9.132749 20.159790
85.185185 17.516008 4.087290 9.140872 20.176026
85.285285 17.529386 4.091903 9.148989 20.192252
85.385385 17.542759 4.096512 9.157101 20.208471
85.485485 17.556127 4.101118 9.165209 20.224683
85.585586 17.569491 4.105720 9.173313 20.240889
85.685686 17.582850 4.110319 9.181412 20.257089
85.785786 17.596204 4.114914 9.189508 20.273282
85.885886 17.609553 4.119505 9.197599 20.289468
85.985986 17.622899 4.124094 9.205685 20.305648
86.086086 17.636239 4.128678 9.213768 20.321821
86.186186 17.649574 4.133260 9.221846 20.337988
86.286286 17.662909 4.137838 9.229922 20.354152
86.386386 17.676243 4.142414 9.237996 20.370315
86.486486 17.689576 4.146988 9.246067 20.386475
86.586587 17.702908 4.151559 9.254136 20.402633
86.686687 17.716240 4.156127 9.262203 20.418789
86.786787 17.729570 4.160693 9.270268 20.434942
86.886887 17.742899 4.165256 9.278330 20.451093
86.986987 17.756228 4.169817 9.286390 20.467243
87.087087 17.769559 4.174375 9.294450 20.483394
87.187187 17.782892 4.178932 9.302509 20.499546
87.287287 17.796229 4.183488 9.310568 20.515701
87.387387 17.809569 4.188042 9.318627 20.531859
87.487487 17.822912 4.192594 9.326686 20.548020
87.587588 17.836260 4.197146 9.334745 20.564185
87.687688 17.849614 4.201696 9.342806 20.580355
87.787788 17.862973 4.206245 9.350868 20.596530
87.887888 17.876339 4.210793 9.358932 20.612712
87.987988 17.889714 4.215342 9.366998 20.628903
88.088088 17.903099 4.219890 9.375069 20.645104
88.188188 17.916494 4.224438 9.383142 20.661317
88.288288 17.929900 4.228987 9.391220 20.677540
88.388388 17.943317 4.233536 9.399302 20.693775
88.488488 17.956745 4.238085 9.407387 20.710021
88.588589 17.970183 4.242635 9.415477 20.726279
88.688689 17.983632 4.247185 9.423570 20.742548
88.788789 17.997092 4.251735 9.431667 20.758828
88.888889 18.010563 4.256285 9.439768 20.775119
88.988989 18.024044 4.260836 9.447873 20.791421
89.089089 18.037536 4.265386 9.455982 20.807735
89.189189 18.051040 4.269938 9.464096 20.824061
89.289289 18.064555 4.274490 9.472214 20.840400
89.389389 18.078081 4.279042 9.480335 20.856749
89.489489 18.091619 4.283595 9.488461 20.873111
89.589590 18.105169 4.288148 9.496592 20.889486
89.689690 18.118733 4.292703 9.504729 20.905876
89.789790 18.132312 4.297259 9.512872 20.922283
89.889890 18.145908 4.301816 9.521021 20.938707
89.989990 18.159517 4.306375 9.529176 20.955146
90.090090 18.173139 4.310934 9.537336 20.971598
90.190190 18.186773 4.315494 9.545501 20.988064
90.290290 18.200421 4.320055 9.553672 21.004543
90.390390 18.214081 4.324617 9.561847 21.021037
90.490490 18.227754 4.329180 9.570027 21.037544
90.590591 18.241440 4.333744 9.578212 21.054064
90.690691 18.255136 4.338308 9.586402 21.070596
90.790791 18.268843 4.342872 9.594595 21.087139
90.890891 18.282559 4.347436 9.602791 21.103690
90.990991 18.296284 4.352000 9.610990 21.120252
91.091091 18.310018 4.356565 9.619193 21.136823
91.191191 18.323759 4.361128 9.627397 21.153400
91.291291 18.337507 4.365692 9.635604 21.169985
91.391391 18.351262 4.370255 9.643812 21.186577
91.491491 18.365023 4.374817 9.652022 21.203175
91.591592 18.378790 4.379378 9.660234 21.219778
91.691692 18.392563 4.383939 9.668447 21.236388
91.791792 18.406345 4.388500 9.676663 21.253007
91.891892 18.420136 4.393060 9.684883 21.269634
91.991992 18.433936 4.397621 9.693105 21.286271
92.092092 18.447745 4.402182 9.701331 21.302918
92.192192 18.461563 4.406743 9.709559 21.319574
92.292292 18.475389 4.411303 9.717791 21.336238
92.392392 18.489222 4.415864 9.726024 21.352909
92.492492 18.503063 4.420424 9.734260 21.369589
92.592593 18.516913 4.424984 9.742499 21.386277
92.692693 18.530770 4.429544 9.750741 21.402973
92.792793 18.544633 4.434103 9.758984 21.419675
92.892893 18.558503 4.438661 9.767229 21.436383
92.992993 18.572378 4.443219 9.775475 21.453096
93.093093 18.586258 4.447776 9.783722 21.469814
93.193193 18.600141 4.452332 9.791969 21.486534
93.293293 18.614026 4.456886 9.800216 21.503256
93.393393 18.627912 4.461438 9.808461 21.519977
93.493493 18.641797 4.465988 9.816704 21.536697
93.593594 18.655680 4.470535 9.824945 21.553413
93.693694 18.669559 4.475080 9.833183 21.570124
93.793794 18.683435 4.479621 9.841417 21.586830
93.893894 18.697310 4.484161 9.849648 21.603534
93.993994 18.711181 4.488697 9.857877 21.620233
94.094094 18.725049 4.493231 9.866102 21.636926
94.194194 18.738913 4.497762 9.874324 21.653614
94.294294 18.752774 4.502289 9.882542 21.670298
94.394394 18.766632 4.506815 9.890757 21.686976
94.494494 18.780484 4.511337 9.898968 21.703648
94.594595 18.794333 4.515855 9.907176 21.720314
94.694695 18.808178 4.520371 9.915380 21.736975
94.794795 18.822018 4.524885 9.923580 21.753629
94.894895 18.835855 4.529395 9.931776 21.770278
94.994995 18.849687 4.533902 9.939969 21.786922
95.095095 18.863516 4.538406 9.948158 21.803559
95.195195 18.877340 4.542907 9.956343 21.820191
95.295295 18.891159 4.547405 9.964525 21.836816
95.395395 18.904973 4.551900 9.972702 21.853434
95.495495 18.918781 4.556391 9.980874 21.870044
95.595596 18.932582 4.560879 9.989041 21.886645
95.695696 18.946373 4.565362 9.997202 21.903234
95.795796 18.960153 4.569841 10.005355 21.919808
95.895896 18.973918 4.574314 10.013499 21.936364
95.995996 18.987668 4.578782 10.021633 21.952903
96.096096 19.001404 4.583244 10.029758 21.969423
96.196196 19.015125 4.587701 10.037875 21.985926
96.296296 19.028836 4.592154 10.045984 22.002415
96.396396 19.042535 4.596601 10.054086 22.018890
96.496496 19.056225 4.601045 10.062181 22.035353
96.596597 19.069907 4.605485 10.070271 22.051807
96.696697 19.083583 4.609921 10.078355 22.068252
96.796797 19.097249 4.614353 10.086434 22.084685
96.896897 19.110906 4.618781 10.094506 22.101106
96.996997 19.124551 4.623204 10.102571 22.117514
97.097097 19.138186 4.627623 10.110628 22.133907
97.197197 19.151810 4.632037 10.118678 22.150287
97.297297 19.165424 4.636447 10.126722 22.166656
97.397397 19.179031 4.640854 10.134761 22.183015
97.497497 19.192630 4.645256 10.142794 22.199363
97.597598 19.206221 4.649655 10.150820 22.215701
97.697698 19.219802 4.654049 10.158841 22.232027
97.797798 19.233373 4.658440 10.166855 22.248340
97.897898 19.246933 4.662825 10.174862 22.264640
97.997998 19.260480 4.667206 10.182860 22.280923
98.098098 19.274012 4.671581 10.190849 22.297188
98.198198 19.287529 4.675951 10.198828 22.313435
98.298298 19.301030 4.680315 10.206798 22.329663
98.398398 19.314513 4.684673 10.214757 22.345869
98.498498 19.327977 4.689024 10.222704 22.362051
98.598599 19.341418 4.693368 10.230638 22.378206
98.698699 19.354836 4.697705 10.238558 22.394334
98.798799 19.368231 4.702033 10.246465 22.410433
98.898899 19.381601 4.706355 10.254356 22.426503
98.998999 19.394946 4.710668 10.262234 22.442544
99.099099 19.408268 4.714974 10.270098 22.458556
99.199199 19.421564 4.719272 10.277947 22.474538
99.299299 19.434835 4.723562 10.285781 22.490490
99.399399 19.448081 4.727844 10.293600 22.506412
99.499499 19.461301 4.732118 10.301405 22.522303
99.599600 19.474494 4.736383 10.309193 22.538161
99.699700 19.487657 4.740639 10.316965 22.553984
99.799800 19.500790 4.744887 10.324719 22.569772
99.899900 19.513894 4.749125 10.332457 22.585524
100.000000 19.526968 4.753355 10.340177 22.601242
