0.000000 0.645411 -0.595306 0.546567 1.034254
0.100100 0.693461 -0.506490 0.566991 1.029028
0.200200 0.735488 -0.413313 0.582497 1.025219
0.300300 0.771050 -0.316542 0.592888 1.022856
0.400400 0.799796 -0.217006 0.598042 1.021968
0.500501 0.821464 -0.115582 0.597911 1.022575
0.600601 0.835909 -0.013171 0.592525 1.024696
0.700701 0.843085 0.089324 0.581992 1.028341
0.800801 0.842956 0.191014 0.566420 1.033389
0.900901 0.835575 0.291032 0.545981 1.039702
1.001001 0.821174 0.388579 0.520958 1.047243
1.101101 0.800088 0.482934 0.491698 1.055998
1.201201 0.772637 0.573418 0.458532 1.065846
1.301301 0.739158 0.659396 0.421792 1.076600
1.401401 0.700014 0.740287 0.381825 1.088042
1.501502 0.655648 0.815625 0.339015 1.100022
1.601602 0.606544 0.885031 0.293760 1.112417
1.701702 0.553148 0.948134 0.246433 1.125015
1.801802 0.495925 1.004633 0.197408 1.137628
1.901902 0.435371 1.054337 0.147064 1.150131
2.002002 0.371969 1.097086 0.095766 1.162381
2.102102 0.306221 1.132855 0.043874 1.174332
2.202202 0.238614 1.161666 -0.008272 1.185948
2.302302 0.169616 1.183607 -0.060355 1.197221
2.402402 0.099682 1.198881 -0.112084 1.208228
2.502503 0.029230 1.207665 -0.163192 1.218991
2.602603 -0.041355 1.210204 -0.213442 1.229578
2.702703 -0.111715 1.206766 -0.262624 1.240054
2.802803 -0.181519 1.197552 -0.310534 1.250404
2.902903 -0.250451 1.182735 -0.356975 1.260563
3.003003 -0.318218 1.162514 -0.401770 1.270480
3.103103 -0.384533 1.137077 -0.444745 1.280082
3.203203 -0.449137 1.106648 -0.485752 1.289321
3.303303 -0.511826 1.071555 -0.524696 1.298269
3.403403 -0.572426 1.032138 -0.561505 1.307007
3.503504 -0.630767 0.988695 -0.596107 1.315572
3.603604 -0.686695 0.941511 -0.628434 1.323980
3.703704 -0.740066 0.890860 -0.658427 1.332237
3.803804 -0.790760 0.837023 -0.686044 1.340360
3.903904 -0.838683 0.780286 -0.711261 1.348380
4.004004 -0.883748 0.720922 -0.734060 1.356312
4.104104 -0.925880 0.659196 -0.754428 1.364168
4.204204 -0.964988 0.595348 -0.772335 1.371912
4.304304 -1.000954 0.529590 -0.787733 1.379455
4.404404 -1.033729 0.462170 -0.800623 1.386793
4.504505 -1.063275 0.393335 -0.811018 1.393921
4.604605 -1.089509 0.323301 -0.818889 1.400762
4.704705 -1.112368 0.252291 -0.824227 1.407254
4.804805 -1.131806 0.180531 -0.827035 1.413352
4.904905 -1.147831 0.108250 -0.827353 1.419066
5.005005 -1.160476 0.035675 -0.825238 1.424428
5.105105 -1.169776 -0.036980 -0.820747 1.429464
5.205205 -1.175772 -0.109505 -0.813943 1.434202
5.305305 -1.178499 -0.181703 -0.804879 1.438647
5.405405 -1.177967 -0.253373 -0.793593 1.442773
5.505506 -1.174200 -0.324324 -0.780131 1.446560
5.605606 -1.167262 -0.394376 -0.764566 1.450033
5.705706 -1.157215 -0.463352 -0.746968 1.453204
5.805806 -1.144086 -0.531069 -0.727385 1.456041
5.905906 -1.127859 -0.597323 -0.705836 1.458446
6.006006 -1.108547 -0.661916 -0.682360 1.460350
6.106106 -1.086177 -0.724658 -0.657006 1.461700
6.206206 -1.060790 -0.785360 -0.629830 1.462447
6.306306 -1.032487 -0.843878 -0.600928 1.462625
6.406406 -1.001410 -0.900101 -0.570416 1.462320
6.506507 -0.967733 -0.953960 -0.538426 1.461660
6.606607 -0.931599 -1.005366 -0.505074 1.460732
6.706707 -0.893093 -1.054182 -0.470440 1.459531
6.806807 -0.852306 -1.100275 -0.434611 1.458053
6.906907 -0.809349 -1.143531 -0.397679 1.456316
7.007007 -0.764309 -1.183808 -0.359729 1.454295
7.107107 -0.717271 -1.220953 -0.320845 1.451946
7.207207 -0.668357 -1.254865 -0.281128 1.449283
7.307307 -0.617689 -1.285440 -0.240680 1.446314
7.407407 -0.565399 -1.312594 -0.199606 1.443060
7.507508 -0.511637 -1.336281 -0.158021 1.439580
7.607608 -0.456526 -1.356388 -0.116028 1.435850
7.707708 -0.400198 -1.372816 -0.073735 1.431859
7.807808 -0.342811 -1.385538 -0.031257 1.427660
7.907908 -0.284506 -1.394467 0.011291 1.423239
8.008008 -0.225423 -1.399481 0.053793 1.418540
8.108108 -0.165719 -1.400511 0.096127 1.413553
8.208208 -0.105557 -1.397494 0.138168 1.408270
8.308308 -0.045104 -1.390351 0.179787 1.402652
8.408408 0.015463 -1.379077 0.220858 1.396735
8.508509 0.075963 -1.363704 0.261258 1.390581
8.608609 0.136212 -1.344200 0.300851 1.384174
8.708709 0.196013 -1.320499 0.339489 1.377458
8.808809 0.255159 -1.292531 0.377015 1.370358
8.908909 0.313440 -1.260294 0.413280 1.362860
9.009009 0.370648 -1.223832 0.448143 1.354982
9.109109 0.426572 -1.183210 0.481466 1.346759
9.209209 0.480995 -1.138491 0.513105 1.338206
9.309309 0.533707 -1.089779 0.542928 1.329373
9.409409 0.584532 -1.037265 0.570838 1.320398
9.509510 0.633264 -0.981087 0.596713 1.311344
9.609610 0.679668 -0.921347 0.620400 1.302200
9.709710 0.723496 -0.858158 0.641743 1.292948
9.809810 0.764455 -0.791609 0.660547 1.283495
9.909910 0.802244 -0.721814 0.676618 1.273744
10.010010 0.836626 -0.648990 0.689821 1.263718
10.110110 0.867398 -0.573398 0.700052 1.253490
10.210210 0.894284 -0.495273 0.707153 1.243022
10.310310 0.916936 -0.414837 0.710911 1.232175
10.410410 0.935099 -0.332401 0.711193 1.220941
10.510511 0.948600 -0.248337 0.707933 1.209414
10.610611 0.957209 -0.163024 0.701028 1.197609
10.710711 0.960694 -0.076869 0.690374 1.185520
10.810811 0.958869 0.009682 0.675910 1.173191
10.910911 0.951595 0.096148 0.657609 1.160701
11.011011 0.938782 0.182024 0.635484 1.148166
11.111111 0.920398 0.266792 0.609593 1.135743
11.211211 0.896424 0.349908 0.580004 1.123573
11.311311 0.866794 0.430783 0.546761 1.111690
11.411411 0.831495 0.508807 0.509947 1.100143
11.511512 0.790624 0.583389 0.469720 1.089067
11.611612 0.744334 0.653937 0.426280 1.078602
11.711712 0.692792 0.719832 0.379837 1.068829
11.811812 0.636207 0.780447 0.330636 1.059800
11.911912 0.574931 0.835268 0.279003 1.051695
12.012012 0.509411 0.883878 0.225318 1.044753
12.112112 0.440108 0.925872 0.169966 1.039146
12.212212 0.367528 0.960917 0.113358 1.035030
12.312312 0.292185 0.988660 0.055909 1.032447
12.412412 0.214647 1.008899 -0.001948 1.031482
12.512513 0.135541 1.021668 -0.059775 1.032351
12.612613 0.055477 1.027040 -0.117154 1.035188
12.712713 -0.024963 1.024971 -0.173664 1.039879
12.812813 -0.105197 1.015442 -0.228895 1.046223
12.912913 -0.184656 0.998646 -0.282471 1.054126
13.013013 -0.262787 0.974799 -0.334035 1.063424
13.113113 -0.339054 0.944133 -0.383246 1.073882
13.213213 -0.412966 0.906976 -0.429804 1.085301
13.313313 -0.484100 0.863771 -0.473478 1.097558
13.413413 -0.552102 0.815022 -0.514096 1.110573
13.513514 -0.616690 0.761273 -0.551542 1.124296
13.613614 -0.677608 0.703033 -0.585711 1.138625
13.713714 -0.734605 0.640758 -0.616497 1.153379
13.813814 -0.787463 0.574906 -0.643813 1.168379
13.913914 -0.835986 0.505920 -0.667590 1.183429
14.014014 -0.880063 0.434271 -0.687820 1.198415
14.114114 -0.919645 0.360431 -0.704543 1.213276
14.214214 -0.954702 0.284843 -0.717802 1.227938
14.314314 -0.985193 0.207919 -0.727631 1.242289
14.414414 -1.011110 0.130054 -0.734087 1.256241
14.514515 -1.032545 0.051636 -0.737292 1.269809
14.614615 -1.049623 -0.026977 -0.737390 1.283035
14.714715 -1.062379 -0.105453 -0.734454 1.295837
14.814815 -1.070844 -0.183480 -0.728556 1.308115
14.914915 -1.075065 -0.260755 -0.719775 1.319785
15.015015 -1.075127 -0.336998 -0.708212 1.330801
15.115115 -1.071163 -0.411955 -0.694001 1.341169
15.215215 -1.063311 -0.485393 -0.677275 1.350903
15.315315 -1.051723 -0.557102 -0.658173 1.360028
15.415415 -1.036505 -0.626862 -0.636803 1.368509
15.515516 -1.017818 -0.694500 -0.613305 1.376382
15.615616 -0.995868 -0.759886 -0.587845 1.383742
15.715716 -0.970830 -0.822889 -0.560567 1.390645
15.815816 -0.942838 -0.883361 -0.531586 1.397088
15.915916 -0.912052 -0.941188 -0.501035 1.403106
16.016016 -0.878650 -0.996287 -0.469051 1.408766
16.116116 -0.842754 -1.048525 -0.435740 1.414040
16.216216 -0.804458 -1.097745 -0.401194 1.418856
16.316316 -0.763904 -1.143852 -0.365526 1.423220
16.416416 -0.721274 -1.186814 -0.328870 1.427207
16.516517 -0.676743 -1.226612 -0.291353 1.430890
16.616617 -0.630442 -1.263162 -0.253081 1.434254
16.716717 -0.582461 -1.296297 -0.214141 1.437186
16.816817 -0.532908 -1.325890 -0.174630 1.439608
16.916917 -0.481941 -1.351912 -0.134663 1.441550
17.017017 -0.429727 -1.374383 -0.094357 1.443086
17.117117 -0.376423 -1.393299 -0.053820 1.444255
17.217217 -0.322167 -1.408625 -0.013159 1.445057
17.317317 -0.267106 -1.420341 0.027522 1.445500
17.417417 -0.211382 -1.428431 0.068119 1.445593
17.517518 -0.155147 -1.432944 0.108532 1.445399
17.617618 -0.098551 -1.433942 0.148666 1.444993
17.717718 -0.041732 -1.431408 0.188420 1.444359
17.817818 0.015172 -1.425286 0.227687 1.443438
17.917918 0.072019 -1.415551 0.266364 1.442193
18.018018 0.128662 -1.402203 0.304347 1.440609
18.118118 0.184960 -1.385309 0.341547 1.438731
18.218218 0.240777 -1.364957 0.377880 1.436619
18.318318 0.295965 -1.341159 0.413244 1.434250
18.418418 0.350377 -1.313936 0.447539 1.431601
18.518519 0.403851 -1.283275 0.480647 1.428605
18.618619 0.456227 -1.249197 0.512461 1.425220
18.718719 0.507376 -1.211815 0.542904 1.421503
18.818819 0.557152 -1.171211 0.571886 1.417465
18.918919 0.605393 -1.127431 0.599301 1.413069
19.019019 0.651952 -1.080562 0.625057 1.408315
19.119119 0.696711 -1.030752 0.649095 1.403275
19.219219 0.739541 -0.978128 0.671341 1.397982
19.319319 0.780266 -0.922758 0.691682 1.392380
19.419419 0.818708 -0.864724 0.710004 1.386411
19.519520 0.854739 -0.804177 0.726241 1.380111
19.619620 0.888254 -0.741294 0.740344 1.373543
19.719720 0.919116 -0.676228 0.752241 1.366720
19.819820 0.947204 -0.609151 0.761873 1.359673
19.919920 0.972425 -0.540258 0.769203 1.352465
20.020020 0.994681 -0.469746 0.774191 1.345148
20.120120 1.013899 -0.397826 0.776820 1.337799
20.220220 1.030004 -0.324712 0.777067 1.330480
20.320320 1.042933 -0.250621 0.774922 1.323262
20.420420 1.052638 -0.175783 0.770385 1.316222
20.520521 1.059017 -0.100415 0.763419 1.309354
20.620621 1.061912 -0.024743 0.753944 1.302575
20.720721 1.061166 0.050987 0.741889 1.295791
20.820821 1.056677 0.126511 0.727221 1.288962
20.920921 1.048361 0.201550 0.709923 1.282059
21.021021 1.036126 0.275810 0.689975 1.275027
21.121121 1.019845 0.348965 0.667337 1.267754
21.221221 0.999489 0.420700 0.642037 1.260229
21.321321 0.975122 0.490720 0.614164 1.252544
21.421421 0.946754 0.558698 0.583776 1.244701
21.521522 0.914403 0.624297 0.550935 1.236692
21.621622 0.878142 0.687197 0.515744 1.228562
21.721722 0.838085 0.747098 0.478328 1.220384
21.821822 0.794342 0.803679 0.438812 1.212202
21.921922 0.747022 0.856608 0.397327 1.204030
22.022022 0.696308 0.905610 0.354040 1.195959
22.122122 0.642371 0.950382 0.309122 1.188033
22.222222 0.585392 0.990610 0.262745 1.180266
22.322322 0.525576 1.025993 0.215103 1.172673
22.422422 0.463198 1.056326 0.166419 1.165363
22.522523 0.398558 1.081444 0.116931 1.158465
22.622623 0.331919 1.101071 0.066867 1.151955
22.722723 0.263576 1.114962 0.016472 1.145812
22.822823 0.193847 1.122886 -0.033994 1.140002
22.922923 0.123088 1.124718 -0.084260 1.134566
23.023023 0.051685 1.120471 -0.134055 1.129645
23.123123 -0.019973 1.110195 -0.183113 1.125372
23.223223 -0.091500 1.093920 -0.231165 1.121816
23.323323 -0.162507 1.071699 -0.277945 1.119018
23.423423 -0.232599 1.043603 -0.323183 1.116986
23.523524 -0.301367 1.009682 -0.366600 1.115651
23.623624 -0.368369 0.969938 -0.407883 1.114830
23.723724 -0.433125 0.924355 -0.446690 1.114254
23.823824 -0.495207 0.873121 -0.482748 1.113830
23.923924 -0.554226 0.816539 -0.515828 1.113545
24.024024 -0.609819 0.754952 -0.545726 1.113395
24.124124 -0.661656 0.688757 -0.572269 1.113403
24.224224 -0.709412 0.618351 -0.595288 1.113549
24.324324 -0.752755 0.544136 -0.614610 1.113763
24.424424 -0.791343 0.466517 -0.630054 1.113926
24.524525 -0.824944 0.385989 -0.641532 1.114040
24.624625 -0.853371 0.303069 -0.648991 1.114128
24.724725 -0.876401 0.218263 -0.652351 1.114127
24.824825 -0.893849 0.132096 -0.651560 1.113977
24.924925 -0.905559 0.045109 -0.646590 1.113621
25.025025 -0.911375 -0.042142 -0.637417 1.112960
25.125125 -0.911164 -0.129086 -0.624032 1.111890
25.225225 -0.904906 -0.215147 -0.606511 1.110405
25.325325 -0.892645 -0.299753 -0.584969 1.108538
25.425425 -0.874378 -0.382313 -0.559497 1.106227
25.525526 -0.850204 -0.462263 -0.530249 1.103493
25.625626 -0.820266 -0.539048 -0.497411 1.100376
25.725726 -0.784688 -0.612095 -0.461157 1.096842
25.825826 -0.743644 -0.680846 -0.421696 1.092879
25.925926 -0.697322 -0.744728 -0.379248 1.088443
26.026026 -0.645953 -0.803183 -0.334060 1.083492
26.126126 -0.589817 -0.855669 -0.286413 1.078001
26.226226 -0.529247 -0.901680 -0.236620 1.071969
26.326326 -0.464667 -0.940812 -0.185041 1.065496
26.426426 -0.396556 -0.972741 -0.132064 1.058736
26.526527 -0.325446 -0.997257 -0.078097 1.051920
26.626627 -0.251870 -1.014138 -0.023551 1.045212
26.726727 -0.176352 -1.023091 0.031161 1.038647
26.826827 -0.099450 -1.023866 0.085606 1.032240
26.926927 -0.021764 -1.016318 0.139338 1.026056
27.027027 0.056076 -1.000384 0.191901 1.020166
27.127127 0.133419 -0.976036 0.242833 1.014600
27.227227 0.209609 -0.943434 0.291694 1.009500
27.327327 0.284012 -0.902893 0.338083 1.005077
27.427427 0.355991 -0.854737 0.381601 1.001461
27.527528 0.424922 -0.799330 0.421863 0.998727
27.627628 0.490202 -0.737112 0.458508 0.996927
27.727728 0.551242 -0.668568 0.491195 0.996054
27.827828 0.607540 -0.594313 0.519662 0.996174
27.927928 0.658658 -0.515028 0.543705 0.997346
28.028028 0.704089 -0.431337 0.563058 0.999413
28.128128 0.743382 -0.343918 0.577509 1.002204
28.228228 0.776224 -0.253546 0.586953 1.005646
28.328328 0.802285 -0.160992 0.591274 1.009547
28.428428 0.821294 -0.067052 0.590402 1.013703
28.528529 0.833063 0.027449 0.584331 1.017935
28.628629 0.837538 0.121684 0.573147 1.022142
28.728729 0.834803 0.214845 0.557033 1.026323
28.828829 0.824919 0.306137 0.536153 1.030374
28.928929 0.808007 0.394794 0.510710 1.034196
29.029029 0.784303 0.480106 0.480978 1.037773
29.129129 0.754081 0.561397 0.447252 1.041076
29.229229 0.717603 0.637999 0.409822 1.044007
29.329329 0.675199 0.709302 0.369012 1.046505
29.429429 0.627300 0.774798 0.325204 1.048606
29.529530 0.574396 0.834079 0.278806 1.050406
29.629630 0.516999 0.886796 0.230233 1.052000
29.729730 0.455612 0.932626 0.179891 1.053439
29.829830 0.390745 0.971281 0.128181 1.054750
29.929930 0.322903 1.002479 0.075506 1.055903
30.030030 0.252580 1.025895 0.022262 1.056765
30.130130 0.180313 1.041326 -0.031139 1.057280
30.230230 0.106662 1.048624 -0.084280 1.057399
30.330330 0.032193 1.047638 -0.136738 1.057014
30.430430 -0.042509 1.038336 -0.188095 1.056091
30.530531 -0.116848 1.020732 -0.237930 1.054589
30.630631 -0.190214 0.994857 -0.285820 1.052432
30.730731 -0.261983 0.960763 -0.331331 1.049515
30.830831 -0.331521 0.918589 -0.374036 1.045761
30.930931 -0.398221 0.868622 -0.413549 1.041204
31.031031 -0.461461 0.811174 -0.449479 1.035848
31.131131 -0.520603 0.746580 -0.481426 1.029650
31.231231 -0.575025 0.675266 -0.509016 1.022612
31.331331 -0.624116 0.597738 -0.531893 1.014752
31.431431 -0.667291 0.514586 -0.549736 1.006124
31.531532 -0.704038 0.426515 -0.562288 0.996871
31.631632 -0.733884 0.334301 -0.569336 0.987161
31.731732 -0.756404 0.238782 -0.570704 0.977172
31.831832 -0.771162 0.140852 -0.566221 0.967024
31.931932 -0.777832 0.041475 -0.555805 0.956902
32.032032 -0.776226 -0.058310 -0.539481 0.947083
32.132132 -0.766175 -0.157427 -0.517292 0.937762
32.232232 -0.747558 -0.254747 -0.489325 0.929074
32.332332 -0.720324 -0.349096 -0.455724 0.921097
32.432432 -0.684556 -0.439271 -0.416729 0.913914
32.532533 -0.640390 -0.524014 -0.372628 0.907492
32.632633 -0.588185 -0.602143 -0.323854 0.901897
32.732733 -0.528602 -0.672682 -0.271024 0.897427
32.832833 -0.462370 -0.734713 -0.214792 0.894273
32.932933 -0.390292 -0.787408 -0.155852 0.892541
33.033033 -0.313267 -0.830061 -0.094945 0.892274
33.133133 -0.232279 -0.862150 -0.032848 0.893496
33.233233 -0.148397 -0.883405 0.029646 0.896272
33.333333 -0.062704 -0.893762 0.091759 0.900645
33.433433 0.023723 -0.893329 0.152749 0.906605
33.533534 0.109842 -0.882216 0.211895 0.913931
33.633634 0.194645 -0.860705 0.268529 0.922392
33.733734 0.277203 -0.829355 0.322079 0.931883
33.833834 0.356679 -0.788846 0.372057 0.942297
33.933934 0.432345 -0.739959 0.418068 0.953542
34.034034 0.503538 -0.683465 0.459763 0.965431
34.134134 0.569664 -0.620128 0.496835 0.977712
34.234234 0.630263 -0.550808 0.529092 0.990232
34.334334 0.684944 -0.476346 0.556386 1.002806
34.434434 0.733445 -0.397612 0.578663 1.015326
34.534535 0.775612 -0.315470 0.595948 1.027740
34.634635 0.811323 -0.230728 0.608275 1.039942
34.734735 0.840578 -0.144172 0.615765 1.051914
34.834835 0.863447 -0.056543 0.618581 1.063664
34.934935 0.880037 0.031474 0.616902 1.075185
35.035035 0.890518 0.119250 0.610945 1.086507
35.135135 0.895055 0.206207 0.600912 1.097607
35.235235 0.893783 0.291801 0.586984 1.108398
35.335335 0.886896 0.375539 0.569371 1.118838
35.435435 0.874637 0.456978 0.548314 1.128923
35.535536 0.857232 0.535704 0.524034 1.138612
35.635636 0.834867 0.611301 0.496726 1.147793
35.735736 0.807751 0.683394 0.466596 1.156373
35.835836 0.776148 0.751663 0.433878 1.164325
35.935936 0.740372 0.815862 0.398831 1.171686
36.036036 0.700756 0.875800 0.361721 1.178528
36.136136 0.657589 0.931267 0.322782 1.184850
36.236236 0.611130 0.982034 0.282233 1.190599
36.336336 0.561646 1.027903 0.240293 1.195730
36.436436 0.509430 1.068731 0.197191 1.200245
36.536537 0.454788 1.104423 0.153156 1.204175
36.636637 0.397998 1.134845 0.108406 1.207488
36.736737 0.339331 1.159854 0.063155 1.210122
36.836837 0.279082 1.179386 0.017619 1.212084
36.936937 0.217564 1.193472 -0.027984 1.213463
37.037037 0.155080 1.202150 -0.073447 1.214335
37.137137 0.091921 1.205448 -0.118566 1.214747
37.237237 0.028371 1.203331 -0.163138 1.214670
37.337337 -0.035287 1.195677 -0.206944 1.213966
37.437437 -0.098762 1.182470 -0.249775 1.212591
37.537538 -0.161756 1.163751 -0.291427 1.210542
37.637638 -0.223969 1.139571 -0.331696 1.207811
37.737738 -0.285094 1.109974 -0.370371 1.204365
37.837838 -0.344803 1.074952 -0.407221 1.200099
37.937938 -0.402792 1.034638 -0.442050 1.195042
38.038038 -0.458808 0.989312 -0.474722 1.189372
38.138138 -0.512590 0.939225 -0.505091 1.183220
38.238238 -0.563809 0.884493 -0.532943 1.176536
38.338338 -0.612119 0.825242 -0.558051 1.169246
38.438438 -0.657232 0.761722 -0.580251 1.161407
38.538539 -0.698897 0.694242 -0.599412 1.153136
38.638639 -0.736856 0.623117 -0.615401 1.144531
38.738739 -0.770871 0.548690 -0.628101 1.135700
38.838839 -0.800755 0.471353 -0.637439 1.126815
38.938939 -0.826288 0.391487 -0.643319 1.117977
39.039039 -0.847225 0.309474 -0.645625 1.109232
39.139139 -0.863315 0.225721 -0.644242 1.100595
39.239239 -0.874261 0.140655 -0.639025 1.092003
39.339339 -0.879867 0.054757 -0.629909 1.083489
39.439439 -0.880008 -0.031452 -0.616885 1.075151
39.539540 -0.874580 -0.117435 -0.599962 1.067069
39.639640 -0.863470 -0.202624 -0.579145 1.059266
39.739740 -0.846574 -0.286427 -0.554452 1.051734
39.839840 -0.823848 -0.368225 -0.525945 1.044477
39.939940 -0.795231 -0.447359 -0.493683 1.037422
40.040040 -0.760731 -0.523151 -0.457773 1.030512
40.140140 -0.720460 -0.594941 -0.418395 1.023754
40.240240 -0.674615 -0.662094 -0.375786 1.017197
40.340340 -0.623384 -0.723920 -0.330183 1.010786
40.440440 -0.567019 -0.779745 -0.281866 1.004470
40.540541 -0.505928 -0.829029 -0.231206 0.998353
40.640641 -0.440567 -0.871267 -0.178603 0.992524
40.740741 -0.371462 -0.906050 -0.124489 0.987121
40.840841 -0.299171 -0.932995 -0.069318 0.982236
40.940941 -0.224255 -0.951670 -0.013552 0.977829
41.041041 -0.147322 -0.961666 0.042319 0.973805
41.141141 -0.069048 -0.962755 0.097781 0.970168
41.241241 0.009847 -0.954825 0.152308 0.966947
41.341341 0.088624 -0.937805 0.205368 0.964110
41.441441 0.166533 -0.911848 0.256455 0.961753
41.541542 0.242820 -0.877155 0.305066 0.959910
41.641642 0.316734 -0.833983 0.350710 0.958564
41.741742 0.387579 -0.782795 0.392965 0.957813
41.841842 0.454689 -0.724123 0.431443 0.957726
41.941942 0.517407 -0.658507 0.465761 0.958266
42.042042 0.575141 -0.586587 0.495598 0.959421
42.142142 0.627418 -0.509138 0.520739 0.961272
42.242242 0.673847 -0.426975 0.541030 0.963894
42.342342 0.714061 -0.340906 0.556337 0.967270
42.442442 0.747845 -0.251793 0.566638 0.971468
42.542543 0.775072 -0.160500 0.571975 0.976551
42.642643 0.795544 -0.067837 0.572331 0.982372
42.742743 0.809277 0.025381 0.567842 0.988948
42.842843 0.816506 0.118372 0.558793 0.996466
42.942943 0.817414 0.210422 0.545422 1.004952
43.043043 0.812099 0.300844 0.527903 1.014245
43.143143 0.800691 0.388983 0.506426 1.024149
43.243243 0.783451 0.474265 0.481265 1.034572
43.343343 0.760649 0.556152 0.452691 1.045381
43.443443 0.732586 0.634167 0.420990 1.056449
43.543544 0.699578 0.707871 0.386452 1.067632
43.643644 0.661958 0.776880 0.349370 1.078791
43.743744 0.620148 0.840942 0.310083 1.089917
43.843844 0.574623 0.899936 0.268941 1.101093
43.943944 0.525850 0.953811 0.226285 1.112420
44.044044 0.474228 1.002477 0.182409 1.123889
44.144144 0.420080 1.045754 0.137568 1.135338
44.244244 0.363743 1.083532 0.092018 1.146655
44.344344 0.305607 1.115896 0.046022 1.157902
44.444444 0.246012 1.142859 -0.000183 1.169037
44.544545 0.185264 1.164372 -0.046373 1.179930
44.644645 0.123669 1.180445 -0.092332 1.190492
44.744745 0.061529 1.191123 -0.137856 1.200652
44.844845 -0.000869 1.196456 -0.182748 1.210332
44.944945 -0.063245 1.196577 -0.226831 1.219528
45.045045 -0.125332 1.191626 -0.269939 1.228230
45.145145 -0.186876 1.181681 -0.311902 1.236356
45.245245 -0.247642 1.166939 -0.352586 1.243942
45.345345 -0.307407 1.147577 -0.391859 1.250994
45.445445 -0.365947 1.123714 -0.429581 1.257454
45.545546 -0.423085 1.095608 -0.465667 1.263410
45.645646 -0.478672 1.063539 -0.500054 1.268975
45.745746 -0.532535 1.027690 -0.532648 1.274149
45.845846 -0.584541 0.988298 -0.563391 1.278996
45.945946 -0.634563 0.945591 -0.592227 1.283568
46.046046 -0.682422 0.899702 -0.619051 1.287784
46.146146 -0.727974 0.850805 -0.643787 1.291617
46.246246 -0.771070 0.799073 -0.666357 1.295028
46.346346 -0.811572 0.744682 -0.686689 1.297977
46.446446 -0.849393 0.687861 -0.704758 1.300502
46.546547 -0.884427 0.628811 -0.720518 1.302598
46.646647 -0.916554 0.567723 -0.733915 1.304228
46.746747 -0.945663 0.504791 -0.744898 1.305360
46.846847 -0.971648 0.440217 -0.753425 1.305963
46.946947 -0.994424 0.374215 -0.759467 1.306027
47.047047 -1.013939 0.307010 -0.763023 1.305577
47.147147 -1.030111 0.238818 -0.764067 1.304592
47.247247 -1.042898 0.169863 -0.762603 1.303094
47.347347 -1.052305 0.100381 -0.758671 1.301155
47.447447 -1.058307 0.030597 -0.752289 1.298802
47.547548 -1.060893 -0.039263 -0.743481 1.296071
47.647648 -1.060082 -0.108975 -0.732296 1.293022
47.747748 -1.055922 -0.178320 -0.718801 1.289746
47.847848 -1.048430 -0.247079 -0.703041 1.286282
47.947948 -1.037554 -0.315016 -0.685016 1.282576
48.048048 -1.023193 -0.381870 -0.664694 1.278502
48.148148 -1.005230 -0.447354 -0.642035 1.273900
48.248248 -0.983648 -0.511204 -0.617069 1.268727
48.348348 -0.958487 -0.573169 -0.589861 1.262995
48.448448 -0.929714 -0.632946 -0.560435 1.256613
48.548549 -0.897337 -0.690243 -0.528840 1.249528
48.648649 -0.861428 -0.744796 -0.495168 1.241761
48.748749 -0.822038 -0.796309 -0.459500 1.233286
48.848849 -0.779254 -0.844505 -0.421939 1.224115
48.948949 -0.733207 -0.889134 -0.382616 1.214310
49.049049 -0.683997 -0.929892 -0.341648 1.203858
49.149149 -0.631777 -0.966523 -0.299181 1.192819
49.249249 -0.576724 -0.998778 -0.255379 1.181265
49.349349 -0.518985 -1.026338 -0.210394 1.169180
49.449449 -0.458731 -1.048877 -0.164398 1.156548
49.549550 -0.396170 -1.066083 -0.117582 1.143376
49.649650 -0.331551 -1.077689 -0.070166 1.129718
49.749750 -0.265146 -1.083410 -0.022384 1.115608
49.849850 -0.197273 -1.083045 0.025508 1.101161
49.949950 -0.128293 -1.076472 0.073238 1.086561
50.050050 -0.058575 -1.063522 0.120518 1.071930
50.150150 0.011478 -1.044034 0.167040 1.057374
50.250250 0.081430 -1.017788 0.212462 1.042911
50.350350 0.150801 -0.984591 0.256415 1.028547
50.450450 0.219063 -0.944334 0.298509 1.014329
50.550551 0.285670 -0.897050 0.338365 1.000398
50.650651 0.350032 -0.842816 0.375578 0.986874
50.750751 0.411504 -0.781698 0.409700 0.973777
50.850851 0.469443 -0.713931 0.440314 0.961224
50.950951 0.523173 -0.639821 0.466989 0.949294
51.051051 0.572000 -0.559764 0.489296 0.938046
51.151151 0.615254 -0.474300 0.506842 0.927570
51.251251 0.652295 -0.384087 0.519277 0.917965
51.351351 0.682577 -0.289931 0.526335 0.909395
51.451451 0.705666 -0.192754 0.527854 0.902080
51.551552 0.721182 -0.093542 0.523712 0.896174
51.651652 0.728876 0.006655 0.513894 0.891847
51.751752 0.728575 0.106746 0.498445 0.889192
51.851852 0.720120 0.205610 0.477422 0.888133
51.951952 0.703448 0.302095 0.450957 0.888517
52.052052 0.678696 0.395081 0.419316 0.890249
52.152152 0.646263 0.483569 0.382933 0.893383
52.252252 0.606597 0.566612 0.342270 0.897863
52.352352 0.560245 0.643383 0.297839 0.903617
52.452452 0.507864 0.713195 0.250207 0.910591
52.552553 0.450107 0.775420 0.199933 0.918611
52.652653 0.387712 0.829618 0.147604 0.927564
52.752753 0.321445 0.875483 0.093808 0.937335
52.852853 0.252035 0.912729 0.039104 0.947694
52.952953 0.180185 0.941050 -0.015965 0.958278
53.053053 0.106621 0.960328 -0.070868 0.968824
53.153153 0.032086 0.970674 -0.125098 0.979227
53.253253 -0.042721 0.972309 -0.178193 0.989425
53.353353 -0.117142 0.965584 -0.229743 0.999428
53.453453 -0.190576 0.950878 -0.279381 1.009229
53.553554 -0.262460 0.928541 -0.326763 1.018748
53.653654 -0.332289 0.899003 -0.371596 1.027962
53.753754 -0.399602 0.862716 -0.413625 1.036844
53.853854 -0.463952 0.820084 -0.452594 1.045289
53.953954 -0.524902 0.771490 -0.488255 1.053144
54.054054 -0.582032 0.717321 -0.520368 1.060233
54.154154 -0.634959 0.658010 -0.548728 1.066421
54.254254 -0.683334 0.594016 -0.573161 1.071594
54.354354 -0.726890 0.525862 -0.593555 1.075736
54.454454 -0.765412 0.454096 -0.609844 1.078874
54.554555 -0.798710 0.379258 -0.621975 1.081030
54.654655 -0.826642 0.301898 -0.629930 1.082262
54.754755 -0.849062 0.222552 -0.633691 1.082589
54.854855 -0.865787 0.141741 -0.633204 1.081954
54.954955 -0.876687 0.060002 -0.628461 1.080345
55.055055 -0.881683 -0.022116 -0.619490 1.077786
55.155155 -0.880646 -0.104054 -0.606284 1.074219
55.255255 -0.873511 -0.185247 -0.588884 1.069637
55.355355 -0.860288 -0.265122 -0.567383 1.064100
55.455455 -0.841021 -0.343108 -0.541901 1.057684
55.555556 -0.815888 -0.418677 -0.512642 1.050602
55.655656 -0.785033 -0.491279 -0.479793 1.042993
55.755756 -0.748485 -0.560286 -0.443468 1.034801
55.855856 -0.706406 -0.625124 -0.403872 1.026110
55.955956 -0.659107 -0.685312 -0.361296 1.017157
56.056056 -0.606874 -0.740332 -0.316021 1.008096
56.156156 -0.549995 -0.789647 -0.268332 0.999019
56.256256 -0.488739 -0.832627 -0.218516 0.989890
56.356356 -0.423447 -0.868684 -0.166902 0.980702
56.456456 -0.354615 -0.897426 -0.113901 0.971647
56.556557 -0.282775 -0.918487 -0.059944 0.962899
56.656657 -0.208461 -0.931422 -0.005476 0.954480
56.756757 -0.132279 -0.935905 0.049024 0.946477
56.856857 -0.054906 -0.931790 0.103057 0.939078
56.956957 0.022956 -0.918933 0.156104 0.932380
57.057057 0.100568 -0.897192 0.207623 0.926377
57.157157 0.177161 -0.866574 0.257071 0.921098
57.257257 0.251934 -0.827197 0.303899 0.916559
57.357357 0.324044 -0.779178 0.347531 0.912634
57.457457 0.392670 -0.722847 0.387436 0.909288
57.557558 0.457019 -0.658702 0.423130 0.906529
57.657658 0.516346 -0.587366 0.454181 0.904374
57.757758 0.569989 -0.509605 0.480239 0.902892
57.857858 0.617374 -0.426284 0.501031 0.902165
57.957958 0.657990 -0.338324 0.516334 0.902228
58.058058 0.691401 -0.246689 0.525987 0.903080
58.158158 0.717249 -0.152387 0.529892 0.904684
58.258258 0.735192 -0.056436 0.527960 0.906881
58.358358 0.745021 0.040110 0.520207 0.909550
58.458458 0.746704 0.136192 0.506769 0.912650
58.558559 0.740300 0.230773 0.487848 0.916131
58.658659 0.725999 0.322867 0.463725 0.919977
58.758759 0.704045 0.411530 0.434719 0.924130
58.858859 0.674766 0.495885 0.401194 0.928530
58.958959 0.638647 0.575187 0.363606 0.933231
59.059059 0.596132 0.648696 0.322382 0.938141
59.159159 0.547708 0.715744 0.277967 0.943154
59.259259 0.493938 0.775768 0.230844 0.948198
59.359359 0.435412 0.828287 0.181504 0.953198
59.459459 0.372803 0.872994 0.130468 0.958187
59.559560 0.306750 0.909584 0.078236 0.963099
59.659660 0.237903 0.937824 0.025301 0.967860
59.759760 0.166942 0.957656 -0.027848 0.972497
59.859860 0.094547 0.969156 -0.080741 0.977099
59.959960 0.021373 0.972470 -0.132939 0.981747
60.060060 -0.051958 0.967842 -0.184038 0.986554
60.160160 -0.124862 0.955606 -0.233678 0.991654
60.260260 -0.196777 0.935973 -0.281493 0.996998
60.360360 -0.267170 0.909199 -0.327145 1.002520
60.460460 -0.335543 0.875627 -0.370337 1.008197
60.560561 -0.401428 0.835619 -0.410790 1.013978
60.660661 -0.464405 0.789606 -0.448275 1.019852
60.760761 -0.524102 0.738057 -0.482600 1.025823
60.860861 -0.580155 0.681418 -0.513576 1.031828
60.960961 -0.632216 0.620126 -0.541024 1.037767
61.061061 -0.680024 0.554691 -0.564836 1.043626
61.161161 -0.723321 0.485610 -0.584907 1.049345
61.261261 -0.761949 0.413418 -0.601206 1.054955
61.361361 -0.795884 0.338705 -0.613805 1.060617
61.461461 -0.825045 0.261985 -0.622727 1.066360
61.561562 -0.849400 0.183763 -0.628024 1.072223
61.661662 -0.868924 0.104520 -0.629754 1.078213
61.761762 -0.883574 0.024715 -0.627955 1.084270
61.861862 -0.893340 -0.055203 -0.622688 1.090342
61.961962 -0.898158 -0.134789 -0.613977 1.096277
62.062062 -0.897981 -0.213602 -0.601854 1.101918
62.162162 -0.892890 -0.291223 -0.586441 1.107239
62.262262 -0.883063 -0.367277 -0.567921 1.112307
62.362362 -0.868646 -0.441399 -0.546453 1.117135
62.462462 -0.849794 -0.513242 -0.522199 1.121722
62.562563 -0.826680 -0.582487 -0.495329 1.126073
62.662663 -0.799489 -0.648833 -0.466020 1.130196
62.762763 -0.768427 -0.712012 -0.434460 1.134106
62.862863 -0.733740 -0.771805 -0.400853 1.137866
62.962963 -0.695667 -0.828008 -0.365401 1.141520
63.063063 -0.654438 -0.880423 -0.328296 1.145081
63.163163 -0.610302 -0.928895 -0.289738 1.148592
63.263263 -0.563487 -0.973255 -0.249913 1.152041
63.363363 -0.514230 -1.013357 -0.209011 1.155427
63.463463 -0.462761 -1.049059 -0.167217 1.158721
63.563564 -0.409331 -1.080269 -0.124720 1.161933
63.663664 -0.354187 -1.106902 -0.081710 1.165056
63.763764 -0.297550 -1.128803 -0.038366 1.167991
63.863864 -0.239657 -1.145865 0.005130 1.170670
63.963964 -0.180771 -1.158089 0.048590 1.173119
64.064064 -0.121157 -1.165534 0.091837 1.175407
64.164164 -0.061066 -1.168205 0.134695 1.177529
64.264264 -0.000745 -1.166136 0.176993 1.179492
64.364364 0.059561 -1.159451 0.218577 1.181376
64.464464 0.119615 -1.148250 0.259297 1.183225
64.564565 0.179188 -1.132610 0.299001 1.185038
64.664665 0.238048 -1.112588 0.337534 1.186780
64.764765 0.295957 -1.088220 0.374734 1.188377
64.864865 0.352678 -1.059560 0.410441 1.189753
64.964965 0.407960 -1.026645 0.444484 1.190797
65.065065 0.461587 -0.989614 0.476731 1.191500
65.165165 0.513335 -0.948609 0.507046 1.191834
65.265265 0.562969 -0.903739 0.535279 1.191722
65.365365 0.610272 -0.855168 0.561302 1.191135
65.465465 0.654999 -0.803027 0.584961 1.189981
65.565566 0.696931 -0.747492 0.606130 1.188213
65.665666 0.735846 -0.688755 0.624679 1.185781
65.765766 0.771578 -0.627068 0.640531 1.182720
65.865866 0.803980 -0.562705 0.653624 1.179086
65.965966 0.832803 -0.495867 0.663811 1.174773
66.066066 0.857798 -0.426778 0.670951 1.169672
66.166166 0.878760 -0.355709 0.674941 1.163742
66.266266 0.895523 -0.282967 0.675709 1.156985
66.366366 0.907897 -0.208865 0.673170 1.149374
66.466466 0.915717 -0.133740 0.667258 1.140902
66.566567 0.918854 -0.057957 0.657939 1.131607
66.666667 0.917130 0.018106 0.645141 1.121456
66.766767 0.910412 0.094046 0.628835 1.110463
66.866867 0.898602 0.169433 0.609016 1.098678
66.966967 0.881555 0.243806 0.585652 1.086079
67.067067 0.859216 0.316689 0.558776 1.072742
67.167167 0.831579 0.387591 0.528459 1.058782
67.267267 0.798551 0.455949 0.494720 1.044184
67.367367 0.760114 0.521190 0.457636 1.029001
67.467467 0.716429 0.582803 0.417395 1.013483
67.567568 0.667639 0.640228 0.374186 0.997822
67.667668 0.613864 0.692835 0.328189 0.982119
67.767768 0.555250 0.739938 0.279611 0.966434
67.867868 0.492017 0.780840 0.228714 0.950843
67.967968 0.424499 0.814891 0.175834 0.935502
68.068068 0.353025 0.841276 0.121325 0.920376
68.168168 0.278032 0.859202 0.065618 0.905448
68.268268 0.200122 0.868015 0.009238 0.890834
68.368368 0.120006 0.867131 -0.047225 0.876669
68.468468 0.038511 0.856047 -0.103109 0.863093
68.568569 -0.043432 0.834241 -0.157677 0.850121
68.668669 -0.124759 0.801287 -0.210114 0.837719
68.768769 -0.204310 0.757119 -0.259588 0.826049
68.868869 -0.280876 0.702015 -0.305289 0.815425
68.968969 -0.353203 0.636406 -0.346396 0.806074
69.069069 -0.420020 0.560942 -0.382110 0.798173
69.169169 -0.480078 0.476510 -0.411685 0.791847
69.269269 -0.532212 0.384262 -0.434471 0.787193
69.369369 -0.575459 0.285635 -0.450009 0.784377
69.469469 -0.608933 0.182200 -0.457911 0.783377
69.569570 -0.631868 0.075647 -0.457892 0.783993
69.669670 -0.643759 -0.032195 -0.449876 0.786035
69.769770 -0.644292 -0.139437 -0.433927 0.789207
69.869870 -0.633515 -0.244207 -0.410366 0.793334
69.969970 -0.611691 -0.344686 -0.379652 0.798192
70.070070 -0.579131 -0.439081 -0.342281 0.803331
70.170170 -0.536392 -0.525728 -0.298898 0.808360
70.270270 -0.484311 -0.603187 -0.250315 0.813049
70.370370 -0.423874 -0.670200 -0.197418 0.817197
70.470470 -0.356144 -0.725639 -0.141132 0.820554
70.570571 -0.282327 -0.768626 -0.082441 0.822977
70.670671 -0.203722 -0.798509 -0.022362 0.824390
70.770771 -0.121668 -0.814776 0.038081 0.824689
70.870871 -0.037555 -0.817085 0.097854 0.823780
70.970971 0.047181 -0.805304 0.155920 0.821615
71.071071 0.131070 -0.779528 0.211259 0.818213
71.171171 0.212621 -0.740025 0.262857 0.813596
71.271271 0.290303 -0.687174 0.309689 0.807707
71.371371 0.362569 -0.621587 0.350757 0.800536
71.471471 0.427905 -0.544188 0.385130 0.792192
71.571572 0.484851 -0.456178 0.411962 0.782874
71.671672 0.531946 -0.358961 0.430432 0.772717
71.771772 0.567714 -0.254158 0.439746 0.761756
71.871872 0.590917 -0.143777 0.439334 0.750246
71.971972 0.600696 -0.030171 0.428949 0.738744
72.072072 0.596466 0.084094 0.408566 0.727853
72.172172 0.577879 0.196289 0.378356 0.718071
72.272272 0.544868 0.303532 0.338710 0.709745
72.372372 0.498015 0.403034 0.290465 0.703438
72.472472 0.438416 0.492171 0.234792 0.699692
72.572573 0.367540 0.568614 0.173086 0.698832
72.672673 0.287250 0.630441 0.106954 0.701004
72.772773 0.199689 0.676277 0.038120 0.706172
72.872873 0.107207 0.705381 -0.031643 0.714183
72.972973 0.012166 0.717589 -0.100643 0.724714
73.073073 -0.083146 0.713391 -0.167336 0.737456
73.173173 -0.176649 0.693731 -0.230398 0.752031
73.273273 -0.266565 0.659991 -0.288782 0.768140
73.373373 -0.351434 0.613771 -0.341701 0.785481
73.473473 -0.430056 0.556660 -0.388548 0.803610
73.573574 -0.501558 0.490342 -0.428965 0.822196
73.673674 -0.565409 0.416554 -0.462839 0.841086
73.773774 -0.621310 0.336920 -0.490207 0.860142
73.873874 -0.669133 0.252919 -0.511204 0.879225
73.973974 -0.708797 0.165852 -0.525970 0.898079
74.074074 -0.740283 0.076889 -0.534670 0.916407
74.174174 -0.763695 -0.012895 -0.537542 0.933995
74.274274 -0.779177 -0.102525 -0.534835 0.950619
74.374374 -0.786989 -0.191129 -0.526866 0.966162
74.474474 -0.787438 -0.277925 -0.513970 0.980544
74.574575 -0.780901 -0.362238 -0.496517 0.993757
74.674675 -0.767783 -0.443476 -0.474883 1.005821
74.774775 -0.748413 -0.521080 -0.449386 1.016659
74.874875 -0.723076 -0.594503 -0.420310 1.026125
74.974975 -0.692099 -0.663265 -0.387959 1.034135
75.075075 -0.655965 -0.727062 -0.352721 1.040827
75.175175 -0.615185 -0.785683 -0.314988 1.046408
75.275275 -0.570185 -0.838883 -0.275100 1.050960
75.375375 -0.521312 -0.886349 -0.233349 1.054435
75.475475 -0.468914 -0.927782 -0.190025 1.056773
75.575576 -0.413363 -0.962933 -0.145431 1.057950
75.675676 -0.355065 -0.991636 -0.099877 1.058011
75.775776 -0.294432 -1.013763 -0.053675 1.057017
75.875876 -0.231885 -1.029230 -0.007135 1.055053
75.975976 -0.167856 -1.038036 0.039439 1.052259
76.076076 -0.102751 -1.040049 0.085738 1.048624
76.176176 -0.036969 -1.034978 0.131436 1.043946
76.276276 0.029050 -1.022679 0.176203 1.038154
76.376376 0.094837 -1.003056 0.219691 1.031203
76.476476 0.159898 -0.975986 0.261531 1.022993
76.576577 0.223713 -0.941462 0.301357 1.013516
76.676677 0.285774 -0.899646 0.338834 1.002915
76.776777 0.345560 -0.850748 0.373625 0.991352
76.876877 0.402500 -0.794913 0.405351 0.978878
76.976977 0.456009 -0.732361 0.433629 0.965573
77.077077 0.505442 -0.663319 0.458040 0.951454
77.177177 0.550073 -0.588029 0.478108 0.936454
77.277277 0.589217 -0.506918 0.493414 0.920652
77.377377 0.622205 -0.420554 0.503571 0.904206
77.477477 0.648398 -0.329636 0.508235 0.887346
77.577578 0.667175 -0.234990 0.507091 0.870335
77.677678 0.677867 -0.137537 0.499810 0.853364
77.777778 0.679743 -0.038341 0.486034 0.836511
77.877878 0.672172 0.061347 0.465510 0.819926
77.977978 0.654779 0.160099 0.438190 0.803976
78.078078 0.627357 0.256358 0.404165 0.789079
78.178178 0.589808 0.348431 0.363623 0.775563
78.278278 0.542158 0.434487 0.316861 0.763619
78.378378 0.484714 0.512641 0.264383 0.753424
78.478478 0.418138 0.581082 0.206932 0.745196
78.578579 0.343356 0.638051 0.145431 0.739021
78.678679 0.261620 0.682036 0.080994 0.734968
78.778779 0.174551 0.712046 0.014916 0.733280
78.878879 0.083931 0.727466 -0.051449 0.734097
78.978979 -0.008380 0.728029 -0.116747 0.737378
79.079079 -0.100500 0.713853 -0.179666 0.742944
79.179179 -0.190583 0.685371 -0.238968 0.750440
79.279279 -0.276925 0.643489 -0.293589 0.759579
79.379379 -0.358017 0.589450 -0.342649 0.770088
79.479479 -0.432597 0.524712 -0.385480 0.781702
79.579580 -0.499703 0.450928 -0.421654 0.794249
79.679680 -0.558662 0.369806 -0.450956 0.807602
79.779780 -0.609016 0.283007 -0.473315 0.821596
79.879880 -0.650522 0.192109 -0.488799 0.836068
79.979980 -0.683256 0.098631 -0.497694 0.851038
80.080080 -0.707496 0.003938 -0.500404 0.866586
80.180180 -0.723538 -0.090784 -0.497316 0.882651
80.280280 -0.731647 -0.184493 -0.488780 0.899027
80.380380 -0.732247 -0.276294 -0.475229 0.915624
80.480480 -0.725819 -0.365425 -0.457120 0.932367
80.580581 -0.712716 -0.451172 -0.434810 0.948989
80.680681 -0.693293 -0.532897 -0.408648 0.965209
80.780781 -0.668083 -0.610155 -0.379078 0.980982
80.880881 -0.637679 -0.682649 -0.346564 0.996369
80.980981 -0.602549 -0.750055 -0.311485 1.011272
81.081081 -0.563095 -0.812049 -0.274176 1.025511
81.181181 -0.519733 -0.868378 -0.234969 1.038948
81.281281 -0.472855 -0.918793 -0.194178 1.051417
81.381381 -0.422852 -0.963098 -0.152109 1.062779
81.481481 -0.370153 -1.001220 -0.109077 1.073011
81.581582 -0.315177 -1.033136 -0.065381 1.082119
81.681682 -0.258303 -1.058766 -0.021302 1.090028
81.781782 -0.199884 -1.077982 0.022893 1.096596
81.881882 -0.140290 -1.090765 0.066939 1.101786
81.981982 -0.079889 -1.097132 0.110577 1.105580
82.082082 -0.019039 -1.097064 0.153554 1.107922
82.182182 0.041904 -1.090522 0.195611 1.108719
82.282282 0.102578 -1.077487 0.236490 1.107894
82.382382 0.162629 -1.058091 0.275959 1.105512
82.482482 0.221706 -1.032489 0.313796 1.101660
82.582583 0.279448 -1.000767 0.349758 1.096338
82.682683 0.335497 -0.963058 0.383613 1.089586
82.782783 0.389505 -0.919554 0.415144 1.081498
82.882883 0.441106 -0.870424 0.444118 1.072126
82.982983 0.489910 -0.815826 0.470284 1.061486
83.083083 0.535533 -0.755974 0.493403 1.049637
83.183183 0.577589 -0.691130 0.513242 1.036671
83.283283 0.615694 -0.621597 0.529576 1.022699
83.383383 0.649349 -0.547614 0.542089 1.007668
83.483483 0.677996 -0.469446 0.550427 0.991477
83.583584 0.701120 -0.387491 0.554287 0.974142
83.683684 0.718176 -0.302218 0.553354 0.955674
83.783784 0.728619 -0.214199 0.547333 0.936130
83.883884 0.731892 -0.124110 0.535931 0.915582
83.983984 0.727491 -0.032754 0.518916 0.894198
84.084084 0.714935 0.058928 0.496088 0.872186
84.184184 0.693725 0.149857 0.467263 0.849733
84.284284 0.663536 0.238806 0.432396 0.827209
84.384384 0.624033 0.324352 0.391467 0.804902
84.484484 0.574824 0.404793 0.344458 0.782899
84.584585 0.515819 0.478279 0.291588 0.761474
84.684685 0.447337 0.542913 0.233370 0.741166
84.784785 0.370053 0.596794 0.170572 0.722632
84.884885 0.284946 0.637958 0.104182 0.706427
84.984985 0.193369 0.664515 0.035445 0.692985
85.085085 0.097175 0.675065 -0.034116 0.682876
85.185185 -0.001400 0.668816 -0.102802 0.676672
85.285285 -0.099914 0.645693 -0.168876 0.674849
85.385385 -0.195851 0.606139 -0.230629 0.677460
85.485485 -0.286822 0.551260 -0.286540 0.684294
85.585586 -0.370814 0.482984 -0.335482 0.695215
85.685686 -0.446218 0.403535 -0.376656 0.709803
85.785786 -0.511907 0.315301 -0.409630 0.727503
85.885886 -0.567354 0.220752 -0.434407 0.747885
85.985986 -0.612523 0.122200 -0.451313 0.770585
86.086086 -0.647580 0.021635 -0.460770 0.795071
86.186186 -0.672828 -0.079252 -0.463248 0.820717
86.286286 -0.688709 -0.179027 -0.459279 0.846941
86.386386 -0.695709 -0.276480 -0.449389 0.873157
86.486486 -0.694430 -0.370633 -0.434152 0.898938
86.586587 -0.685635 -0.460765 -0.414219 0.924108
86.686687 -0.669997 -0.546279 -0.390154 0.948440
86.786787 -0.648104 -0.626675 -0.362449 0.971664
86.886887 -0.620632 -0.701660 -0.331627 0.993724
86.986987 -0.588213 -0.771029 -0.298165 1.014585
87.087087 -0.551371 -0.834574 -0.262465 1.034123
87.187187 -0.510554 -0.892071 -0.224878 1.052153
87.287287 -0.466214 -0.943381 -0.185743 1.068561
87.387387 -0.418823 -0.988482 -0.145399 1.083351
87.487487 -0.368824 -1.027386 -0.104155 1.096541
87.587588 -0.316642 -1.060161 -0.062302 1.108190
87.687688 -0.262686 -1.086948 -0.020108 1.118421
87.787788 -0.207335 -1.107891 0.022183 1.127343
87.887888 -0.150909 -1.122991 0.064343 1.134911
87.987988 -0.093706 -1.132179 0.106152 1.140999
88.088088 -0.036028 -1.135392 0.147387 1.145486
88.188188 0.021822 -1.132615 0.187832 1.148292
88.288288 0.079541 -1.123913 0.227283 1.149420
88.388388 0.136823 -1.109314 0.265527 1.148827
88.488488 0.193362 -1.088836 0.302350 1.146459
88.588589 0.248847 -1.062539 0.337544 1.142301
88.688689 0.302965 -1.030491 0.370897 1.136338
88.788789 0.355401 -0.992791 0.402201 1.128587
88.888889 0.405840 -0.949573 0.431254 1.119096
88.988989 0.453942 -0.900943 0.457832 1.107868
89.089089 0.499358 -0.847029 0.481709 1.094925
89.189189 0.541738 -0.788011 0.502663 1.080330
89.289289 0.580691 -0.724050 0.520444 1.064102
89.389389 0.615820 -0.655361 0.534804 1.046302
89.489489 0.646722 -0.582212 0.545500 1.027030
89.589590 0.672890 -0.504841 0.552208 1.006269
89.689690 0.693739 -0.423518 0.554557 0.983959
89.789790 0.708622 -0.338594 0.552143 0.960027
89.889890 0.716778 -0.250498 0.544494 0.934341
89.989990 0.717448 -0.159827 0.531165 0.906869
90.090090 0.709968 -0.067380 0.511808 0.877805
90.190190 0.693682 0.025857 0.486109 0.847447
90.290290 0.667955 0.118697 0.453801 0.816204
90.390390 0.632194 0.209700 0.414685 0.784606
90.490490 0.585785 0.297107 0.368594 0.753178
90.590591 0.528121 0.378724 0.315433 0.722386
90.690691 0.458716 0.451821 0.255276 0.692625
90.790791 0.377671 0.513342 0.188657 0.664641
90.890891 0.285850 0.560074 0.116677 0.639536
90.990991 0.184908 0.588743 0.041003 0.618458
91.091091 0.077418 0.596242 -0.036074 0.602328
91.191191 -0.033036 0.580329 -0.111680 0.591900
91.291291 -0.142088 0.540580 -0.182668 0.588033
91.391391 -0.245208 0.478379 -0.246048 0.591196
91.491491 -0.338309 0.396636 -0.299375 0.601164
91.591592 -0.418329 0.299515 -0.341120 0.617310
91.691692 -0.483507 0.191716 -0.370754 0.638743
91.791792 -0.533411 0.077801 -0.388667 0.664562
91.891892 -0.568671 -0.038301 -0.395902 0.693968
91.991992 -0.590415 -0.153526 -0.393722 0.726070
92.092092 -0.600046 -0.265630 -0.383460 0.760037
92.192192 -0.599133 -0.373086 -0.366457 0.795264
92.292292 -0.589120 -0.474882 -0.343887 0.831164
92.392392 -0.571250 -0.570345 -0.316731 0.867144
92.492492 -0.546753 -0.659192 -0.285900 0.902891
92.592593 -0.516774 -0.741424 -0.252204 0.938281
92.692693 -0.482224 -0.817081 -0.216280 0.973108
92.792793 -0.443892 -0.886311 -0.178662 1.007227
92.892893 -0.402439 -0.949282 -0.139792 1.040497
92.992993 -0.358396 -1.006109 -0.100027 1.072711
93.093093 -0.312235 -1.056950 -0.059678 1.103719
93.193193 -0.264377 -1.101996 -0.019011 1.133424
93.293293 -0.215189 -1.141440 0.021741 1.161750
93.393393 -0.165009 -1.175545 0.062382 1.188708
93.493493 -0.114145 -1.204683 0.102750 1.214433
93.593594 -0.062854 -1.229163 0.142711 1.239015
93.693694 -0.011347 -1.249083 0.182130 1.262342
93.793794 0.040186 -1.264512 0.220884 1.284288
93.893894 0.091567 -1.275628 0.258874 1.304848
93.993994 0.142634 -1.282588 0.296009 1.324009
94.094094 0.193232 -1.285474 0.332192 1.341691
94.194194 0.243220 -1.284404 0.367343 1.357863
94.294294 0.292478 -1.279568 0.401405 1.372576
94.394394 0.340901 -1.271140 0.434330 1.385876
94.494494 0.388387 -1.259285 0.466071 1.397808
94.594595 0.434835 -1.244116 0.496575 1.408365
94.694695 0.480132 -1.225704 0.525772 1.417503
94.794795 0.524181 -1.204149 0.553609 1.425210
94.894895 0.566895 -1.179567 0.580041 1.431501
94.994995 0.608178 -1.152048 0.605016 1.436364
95.095095 0.647955 -1.121709 0.628497 1.439821
95.195195 0.686173 -1.088706 0.650473 1.441953
95.295295 0.722760 -1.053145 0.670906 1.442779
95.395395 0.757597 -1.015066 0.689719 1.442229
95.495495 0.790550 -0.974492 0.706821 1.440208
95.595596 0.821458 -0.931426 0.722101 1.436585
95.695696 0.850158 -0.885886 0.735443 1.431237
95.795796 0.876522 -0.837936 0.746768 1.424110
95.895896 0.900447 -0.787680 0.756020 1.415207
95.995996 0.921819 -0.735216 0.763131 1.404514
96.096096 0.940484 -0.680617 0.768005 1.391970
96.196196 0.956284 -0.623969 0.770543 1.377517
96.296296 0.969064 -0.565374 0.770652 1.361116
96.396396 0.978682 -0.504958 0.768249 1.342761
96.496496 0.984948 -0.442836 0.763219 1.322395
96.596597 0.987614 -0.379119 0.755403 1.299902
96.696697 0.986471 -0.313964 0.744677 1.275242
96.796797 0.981302 -0.247551 0.730916 1.248388
96.896897 0.971852 -0.180083 0.713969 1.219294
96.996997 0.957853 -0.111796 0.693684 1.187930
97.097097 0.939003 -0.042969 0.669891 1.154265
97.197197 0.914957 0.026068 0.642394 1.118256
97.297297 0.885302 0.094916 0.610964 1.079836
97.397397 0.849649 0.163091 0.575399 1.039031
97.497497 0.807605 0.230006 0.535511 0.995942
97.597598 0.758705 0.294930 0.491083 0.950673
97.697698 0.702427 0.356941 0.441887 0.903369
97.797798 0.638134 0.414823 0.387656 0.854149
97.897898 0.565144 0.466981 0.328153 0.803208
97.997998 0.482857 0.511364 0.263265 0.750968
98.098098 0.390819 0.545289 0.193082 0.698112
98.198198 0.288806 0.565070 0.118005 0.645475
98.298298 0.177360 0.566037 0.039127 0.594462
98.398398 0.058543 0.542715 -0.041260 0.547421
98.498498 -0.063211 0.489496 -0.119170 0.507743
98.598599 -0.180216 0.402331 -0.188558 0.479481
98.698699 -0.281911 0.281759 -0.242045 0.466313
98.798799 -0.357778 0.135550 -0.273383 0.470231
98.898899 -0.401801 -0.022907 -0.280361 0.490480
98.998999 -0.414244 -0.179864 -0.265258 0.523747
99.099099 -0.399713 -0.325429 -0.232834 0.565584
99.199199 -0.364479 -0.454437 -0.188304 0.612222
99.299299 -0.314328 -0.565069 -0.136035 0.660765
99.399399 -0.253912 -0.657445 -0.079292 0.709219
99.499499 -0.186831 -0.732726 -0.020443 0.756446
99.599600 -0.115725 -0.792352 0.038866 0.801701
99.699700 -0.042530 -0.837808 0.097493 0.844533
99.799800 0.031319 -0.870551 0.154647 0.884735
99.899900 0.104753 -0.891816 0.209761 0.922122
100.000000 0.176953 -0.902612 0.262410 0.956493
