0.000000 0.344742 -0.816768 0.772959 1.176189
0.100100 0.449663 -0.751696 0.789430 1.179171
0.200200 0.552650 -0.683539 0.802608 1.190305
0.300300 0.653347 -0.612670 0.812544 1.209320
0.400400 0.751483 -0.539497 0.819363 1.235775
0.500501 0.846894 -0.464454 0.823272 1.269143
0.600601 0.939508 -0.387952 0.824515 1.308819
0.700701 1.029283 -0.310349 0.823315 1.354100
0.800801 1.116253 -0.231964 0.819916 1.404311
0.900901 1.200539 -0.153082 0.814587 1.458863
1.001001 1.282277 -0.073932 0.807570 1.517192
1.101101 1.361628 0.005302 0.799087 1.578797
1.201201 1.438787 0.084475 0.789354 1.643266
1.301301 1.513928 0.163479 0.778549 1.710217
1.401401 1.587183 0.242230 0.766809 1.779276
1.501502 1.658689 0.320666 0.754257 1.850129
1.601602 1.728572 0.398743 0.740999 1.922508
1.701702 1.796955 0.476428 0.727130 1.996183
1.801802 1.864008 0.553716 0.712753 2.071025
1.901902 1.929906 0.630619 0.697964 2.146944
2.002002 1.994777 0.707144 0.682833 2.223837
2.102102 2.058696 0.783290 0.667406 2.301565
2.202202 2.121708 0.859050 0.651713 2.379988
2.302302 2.183862 0.934423 0.635784 2.458988
2.402402 2.245228 1.009419 0.619653 2.538493
2.502503 2.305875 1.084054 0.603351 2.618447
2.602603 2.365869 1.158343 0.586904 2.698806
2.702703 2.425251 1.232296 0.570331 2.779509
2.802803 2.484057 1.305919 0.553649 2.860506
2.902903 2.542357 1.379240 0.536879 2.941788
3.003003 2.600208 1.452282 0.520039 3.023350
3.103103 2.657649 1.525059 0.503141 3.105166
3.203203 2.714693 1.597574 0.486193 3.187191
3.303303 2.771370 1.669839 0.469203 3.269405
3.403403 2.827719 1.741872 0.452182 3.351803
3.503504 2.883764 1.813684 0.435134 3.434368
3.603604 2.939515 1.885278 0.418066 3.517073
3.703704 2.994977 1.956654 0.400979 3.599884
3.803804 3.050153 2.027811 0.383877 3.682772
3.903904 3.105040 2.098744 0.366760 3.765703
4.004004 3.159639 2.169451 0.349632 3.848646
4.104104 3.213955 2.239932 0.332494 3.931584
4.204204 3.268014 2.310203 0.315351 4.014524
4.304304 3.321848 2.380285 0.298207 4.097482
4.404404 3.375479 2.450191 0.281066 4.180466
4.504505 3.428933 2.519939 0.263932 4.263489
4.604605 3.482229 2.589540 0.246806 4.346556
4.704705 3.535382 2.659006 0.229690 4.429673
4.804805 3.588398 2.728340 0.212586 4.512830
4.904905 3.641274 2.797539 0.195493 4.596011
5.005005 3.694018 2.866608 0.178413 4.679213
5.105105 3.746637 2.935552 0.161347 4.762435
5.205205 3.799137 3.004374 0.144296 4.845671
5.305305 3.851521 3.073077 0.127259 4.928916
5.405405 3.903797 3.141666 0.110238 5.012170
5.505506 3.955966 3.210142 0.093232 5.095426
5.605606 4.008030 3.278505 0.076244 5.178679
5.705706 4.059999 3.346765 0.059272 5.261933
5.805806 4.111885 3.414930 0.042317 5.345198
5.905906 4.163689 3.482999 0.025380 5.428465
6.006006 4.215406 3.550970 0.008460 5.511725
6.106106 4.267031 3.618838 -0.008441 5.594963
6.206206 4.318561 3.686600 -0.025325 5.678171
6.306306 4.370006 3.754262 -0.042190 5.761355
6.406406 4.421367 3.821829 -0.059037 5.844514
6.506507 4.472642 3.889295 -0.075865 5.927639
6.606607 4.523831 3.956662 -0.092675 6.010724
6.706707 4.574936 4.023931 -0.109465 6.093771
6.806807 4.625962 4.091106 -0.126237 6.176780
6.906907 4.676910 4.158188 -0.142989 6.259749
7.007007 4.727781 4.225176 -0.159723 6.342676
7.107107 4.778579 4.292076 -0.176437 6.425563
7.207207 4.829311 4.358893 -0.193132 6.508417
7.307307 4.879980 4.425630 -0.209808 6.591238
7.407407 4.930589 4.492288 -0.226466 6.674027
7.507508 4.981140 4.558871 -0.243104 6.756786
7.607608 5.031638 4.625382 -0.259724 6.839517
7.707708 5.082085 4.691823 -0.276325 6.922221
7.807808 5.132483 4.758197 -0.292908 7.004900
7.907908 5.182837 4.824506 -0.309472 7.087554
8.008008 5.233144 4.890750 -0.326018 7.170182
8.108108 5.283406 4.956930 -0.342546 7.252783
8.208208 5.333628 5.023050 -0.359056 7.335362
8.308308 5.383817 5.089116 -0.375548 7.417925
8.408408 5.433967 5.155124 -0.392022 7.500466
8.508509 5.484076 5.221072 -0.408478 7.582977
8.608609 5.534147 5.286962 -0.424916 7.665461
8.708709 5.584180 5.352794 -0.441337 7.747919
8.808809 5.634174 5.418567 -0.457740 7.830345
8.908909 5.684128 5.484282 -0.474124 7.912740
9.009009 5.734044 5.549938 -0.490491 7.995102
9.109109 5.783920 5.615534 -0.506840 8.077428
9.209209 5.833752 5.681069 -0.523171 8.159713
9.309309 5.883538 5.746537 -0.539483 8.241950
9.409409 5.933281 5.811942 -0.555777 8.324144
9.509510 5.982982 5.877286 -0.572053 8.406296
9.609610 6.032642 5.942570 -0.588311 8.488405
9.709710 6.082263 6.007796 -0.604551 8.570474
9.809810 6.131847 6.072964 -0.620773 8.652503
9.909910 6.181393 6.138076 -0.636978 8.734491
10.010010 6.230897 6.203126 -0.653165 8.816433
10.110110 6.280360 6.268116 -0.669334 8.898326
10.210210 6.329784 6.333048 -0.685485 8.980175
10.310310 6.379171 6.397923 -0.701619 9.061982
10.410410 6.428522 6.462743 -0.717736 9.143746
10.510511 6.477839 6.527509 -0.733835 9.225469
10.610611 6.527120 6.592220 -0.749917 9.307150
10.710711 6.576365 6.656876 -0.765981 9.388786
10.810811 6.625572 6.721475 -0.782029 9.470375
10.910911 6.674741 6.786016 -0.798058 9.551914
11.011011 6.723867 6.850496 -0.814070 9.633400
11.111111 6.772953 6.914916 -0.830064 9.714831
11.211211 6.821997 6.979274 -0.846040 9.796208
11.311311 6.870997 7.043571 -0.861998 9.877527
11.411411 6.919954 7.107804 -0.877938 9.958786
11.511512 6.968868 7.171975 -0.893859 10.039987
11.611612 7.017741 7.236087 -0.909763 10.121132
11.711712 7.066573 7.300138 -0.925650 10.202220
11.811812 7.115361 7.364126 -0.941518 10.283247
11.911912 7.164102 7.428048 -0.957367 10.364208
12.012012 7.212796 7.491903 -0.973199 10.445102
12.112112 7.261443 7.555693 -0.989011 10.525930
12.212212 7.310044 7.619417 -1.004806 10.606691
12.312312 7.358598 7.683075 -1.020582 10.687385
12.412412 7.407106 7.746668 -1.036339 10.768012
12.512513 7.455565 7.810192 -1.052078 10.848568
12.612613 7.503971 7.873644 -1.067797 10.929046
12.712713 7.552323 7.937023 -1.083497 11.009445
12.812813 7.600620 8.000326 -1.099178 11.089762
12.912913 7.648859 8.063552 -1.114838 11.169994
13.013013 7.697043 8.126704 -1.130479 11.250145
13.113113 7.745174 8.189783 -1.146101 11.330216
13.213213 7.793249 8.252786 -1.161702 11.410204
13.313313 7.841266 8.315712 -1.177284 11.490105
13.413413 7.889226 8.378561 -1.192846 11.569920
13.513514 7.937130 8.441334 -1.208388 11.649650
13.613614 7.984976 8.504030 -1.223910 11.729293
13.713714 8.032763 8.566647 -1.239412 11.808847
13.813814 8.080490 8.629183 -1.254893 11.888309
13.913914 8.128158 8.691641 -1.270355 11.967681
14.014014 8.175773 8.754026 -1.285796 12.046971
14.114114 8.223335 8.816340 -1.301219 12.126181
14.214214 8.270847 8.878583 -1.316623 12.205312
14.314314 8.318310 8.940759 -1.332008 12.284368
14.414414 8.365723 9.002866 -1.347375 12.363346
14.514515 8.413085 9.064902 -1.362722 12.442245
14.614615 8.460396 9.126867 -1.378051 12.521064
14.714715 8.507654 9.188761 -1.393360 12.599800
14.814815 8.554859 9.250582 -1.408650 12.678453
14.914915 8.602009 9.312329 -1.423921 12.757021
15.015015 8.649106 9.374003 -1.439172 12.835505
15.115115 8.696148 9.435603 -1.454404 12.913903
15.215215 8.743137 9.497130 -1.469616 12.992217
15.315315 8.790072 9.558584 -1.484809 13.070445
15.415415 8.836950 9.619961 -1.499982 13.148585
15.515516 8.883773 9.681264 -1.515136 13.226637
15.615616 8.930540 9.742491 -1.530270 13.304601
15.715716 8.977251 9.803642 -1.545384 13.382475
15.815816 9.023906 9.864718 -1.560478 13.460261
15.915916 9.070504 9.925717 -1.575553 13.537956
16.016016 9.117046 9.986640 -1.590608 13.615563
16.116116 9.163533 10.047490 -1.605643 13.693081
16.216216 9.209964 10.108263 -1.620659 13.770511
16.316316 9.256340 10.168962 -1.635654 13.847851
16.416416 9.302662 10.229587 -1.650631 13.925105
16.516517 9.348930 10.290139 -1.665589 14.002272
16.616617 9.395144 10.350618 -1.680527 14.079353
16.716717 9.441304 10.411024 -1.695445 14.156348
16.816817 9.487411 10.471357 -1.710345 14.233255
16.916917 9.533461 10.531614 -1.725225 14.310073
17.017017 9.579456 10.591796 -1.740085 14.386800
17.117117 9.625393 10.651900 -1.754925 14.463434
17.217217 9.671273 10.711928 -1.769745 14.539977
17.317317 9.717096 10.771879 -1.784546 14.616427
17.417417 9.762861 10.831753 -1.799326 14.692784
17.517518 9.808568 10.891548 -1.814087 14.769046
17.617618 9.854217 10.951267 -1.828827 14.845216
17.717718 9.899811 11.010910 -1.843548 14.921295
17.817818 9.945346 11.070475 -1.858249 14.997281
17.917918 9.990822 11.129960 -1.872930 15.073168
18.018018 10.036234 11.189363 -1.887589 15.148955
18.118118 10.081585 11.248682 -1.902228 15.224640
18.218218 10.126874 11.307922 -1.916846 15.300228
18.318318 10.172106 11.367084 -1.931445 15.375722
18.418418 10.217281 11.426168 -1.946023 15.451121
18.518519 10.262396 11.485174 -1.960582 15.526425
18.618619 10.307450 11.544099 -1.975119 15.601630
18.718719 10.352443 11.602941 -1.989636 15.676734
18.818819 10.397373 11.661701 -2.004133 15.751736
18.918919 10.442239 11.720378 -2.018608 15.826635
19.019019 10.487042 11.778970 -2.033062 15.901432
19.119119 10.531782 11.837479 -2.047495 15.976125
19.219219 10.576459 11.895905 -2.061908 16.050717
19.319319 10.621074 11.954249 -2.076299 16.125207
19.419419 10.665626 12.012509 -2.090670 16.199594
19.519520 10.710114 12.070686 -2.105020 16.273878
19.619620 10.754540 12.128780 -2.119348 16.348060
19.719720 10.798903 12.186792 -2.133657 16.422140
19.819820 10.843207 12.244723 -2.147944 16.496122
19.919920 10.887450 12.302575 -2.162212 16.570006
20.020020 10.931633 12.360347 -2.176459 16.643790
20.120120 10.975757 12.418039 -2.190686 16.717477
20.220220 11.019822 12.475653 -2.204893 16.791067
20.320320 11.063827 12.533188 -2.219079 16.864560
20.420420 11.107773 12.590643 -2.233246 16.937955
20.520521 11.151658 12.648019 -2.247392 17.011250
20.620621 11.195485 12.705316 -2.261518 17.084449
20.720721 11.239254 12.762535 -2.275624 17.157552
20.820821 11.282964 12.819676 -2.289711 17.230558
20.920921 11.326616 12.876739 -2.303777 17.303469
21.021021 11.370209 12.933725 -2.317823 17.376282
21.121121 11.413743 12.990632 -2.331850 17.448999
21.221221 11.457221 13.047462 -2.345856 17.521621
21.321321 11.500644 13.104219 -2.359844 17.594153
21.421421 11.544012 13.160902 -2.373812 17.666594
21.521522 11.587324 13.217510 -2.387761 17.738942
21.621622 11.630580 13.274043 -2.401691 17.811196
21.721722 11.673779 13.330500 -2.415601 17.883358
21.821822 11.716922 13.386882 -2.429492 17.955425
21.921922 11.760009 13.443188 -2.443363 18.027400
22.022022 11.803039 13.499418 -2.457215 18.099279
22.122122 11.846011 13.555571 -2.471047 18.171064
22.222222 11.888928 13.611648 -2.484859 18.242755
22.322322 11.931789 13.667652 -2.498653 18.314354
22.422422 11.974596 13.723583 -2.512427 18.385863
22.522523 12.017346 13.779438 -2.526182 18.457278
22.622623 12.060038 13.835215 -2.539917 18.528596
22.722723 12.102669 13.890912 -2.553632 18.599814
22.822823 12.145241 13.946529 -2.567326 18.670932
22.922923 12.187752 14.002067 -2.581001 18.741951
23.023023 12.230203 14.057525 -2.594655 18.812871
23.123123 12.272593 14.112901 -2.608289 18.883688
23.223223 12.314918 14.168193 -2.621902 18.954399
23.323323 12.357178 14.223399 -2.635493 19.025003
23.423423 12.399371 14.278517 -2.649063 19.095496
23.523524 12.441497 14.333548 -2.662611 19.165880
23.623624 12.483558 14.388494 -2.676139 19.236157
23.723724 12.525556 14.443356 -2.689645 19.306328
23.823824 12.567490 14.498135 -2.703130 19.376394
23.923924 12.609364 14.552834 -2.716595 19.446360
24.024024 12.651178 14.607453 -2.730040 19.516226
24.124124 12.692932 14.661993 -2.743466 19.585994
24.224224 12.734625 14.716453 -2.756870 19.655661
24.324324 12.776257 14.770831 -2.770255 19.725225
24.424424 12.817827 14.825127 -2.783619 19.794687
24.524525 12.859337 14.879345 -2.796963 19.864049
24.624625 12.900788 14.933484 -2.810287 19.933313
24.724725 12.942180 14.987544 -2.823591 20.002479
24.824825 12.983512 15.041526 -2.836875 20.071545
24.924925 13.024787 15.095430 -2.850140 20.140516
25.025025 13.066003 15.149258 -2.863385 20.209390
25.125125 13.107161 15.203007 -2.876610 20.278165
25.225225 13.148259 15.256677 -2.889815 20.346841
25.325325 13.189297 15.310268 -2.903000 20.415417
25.425425 13.230276 15.363781 -2.916166 20.483895
25.525526 13.271197 15.417217 -2.929312 20.552277
25.625626 13.312061 15.470576 -2.942438 20.620563
25.725726 13.352866 15.523858 -2.955545 20.688752
25.825826 13.393613 15.577062 -2.968632 20.756842
25.925926 13.434301 15.630188 -2.981700 20.824835
26.026026 13.474931 15.683237 -2.994748 20.892730
26.126126 13.515499 15.736205 -3.007775 20.960524
26.226226 13.556006 15.789092 -3.020782 21.028216
26.326326 13.596453 15.841900 -3.033770 21.095807
26.426426 13.636842 15.894629 -3.046738 21.163301
26.526527 13.677171 15.947281 -3.059685 21.230696
26.626627 13.717441 15.999854 -3.072614 21.297992
26.726727 13.757650 16.052347 -3.085522 21.365187
26.826827 13.797799 16.104760 -3.098410 21.432281
26.926927 13.837887 16.157093 -3.111278 21.499275
27.027027 13.877915 16.209347 -3.124126 21.566168
27.127127 13.917882 16.261520 -3.136953 21.632960
27.227227 13.957788 16.313612 -3.149761 21.699649
27.327327 13.997632 16.365624 -3.162548 21.766236
27.427427 14.037414 16.417554 -3.175316 21.832721
27.527528 14.077136 16.469404 -3.188063 21.899104
27.627628 14.116796 16.521173 -3.200789 21.965385
27.727728 14.156396 16.572862 -3.213496 22.031565
27.827828 14.195935 16.624471 -3.226183 22.097644
27.927928 14.235414 16.676001 -3.238850 22.163622
28.028028 14.274829 16.727448 -3.251496 22.229496
28.128128 14.314182 16.778812 -3.264122 22.295265
28.228228 14.353472 16.830094 -3.276727 22.360929
28.328328 14.392700 16.881294 -3.289312 22.426491
28.428428 14.431867 16.932414 -3.301877 22.491950
28.528529 14.470972 16.983453 -3.314422 22.557307
28.628629 14.510015 17.034410 -3.326946 22.622560
28.728729 14.548996 17.085286 -3.339450 22.687710
28.828829 14.587918 17.136083 -3.351935 22.752762
28.928929 14.626782 17.186804 -3.364400 22.817716
29.029029 14.665588 17.237448 -3.376846 22.882573
29.129129 14.704336 17.288016 -3.389272 22.947334
29.229229 14.743026 17.338507 -3.401679 23.011998
29.329329 14.781660 17.388923 -3.414068 23.076567
29.429429 14.820237 17.439264 -3.426437 23.141042
29.529530 14.858759 17.489531 -3.438787 23.205424
29.629630 14.897226 17.539725 -3.451119 23.269712
29.729730 14.935638 17.589846 -3.463433 23.333909
29.829830 14.973995 17.639894 -3.475727 23.398014
29.929930 15.012297 17.689869 -3.488004 23.462026
30.030030 15.050544 17.739771 -3.500261 23.525947
30.130130 15.088737 17.789602 -3.512501 23.589777
30.230230 15.126879 17.839362 -3.524722 23.653519
30.330330 15.164968 17.889053 -3.536926 23.717173
30.430430 15.203005 17.938675 -3.549111 23.780741
30.530531 15.240991 17.988228 -3.561279 23.844220
30.630631 15.278924 18.037709 -3.573429 23.907611
30.730731 15.316804 18.087121 -3.585561 23.970913
30.830831 15.354633 18.136464 -3.597676 24.034129
30.930931 15.392412 18.185740 -3.609773 24.097260
31.031031 15.430142 18.234951 -3.621853 24.160309
31.131131 15.467826 18.284099 -3.633916 24.223279
31.231231 15.505465 18.333184 -3.645964 24.286172
31.331331 15.543057 18.382208 -3.657994 24.348986
31.431431 15.580603 18.431169 -3.670009 24.411721
31.531532 15.618102 18.480066 -3.682007 24.474377
31.631632 15.655554 18.528899 -3.693988 24.536952
31.731732 15.692959 18.577669 -3.705952 24.599448
31.831832 15.730317 18.626376 -3.717901 24.661864
31.931932 15.767630 18.675021 -3.729833 24.724203
32.032032 15.804898 18.723605 -3.741748 24.786465
32.132132 15.842120 18.772128 -3.753648 24.848650
32.232232 15.879296 18.820588 -3.765531 24.910756
32.332332 15.916426 18.868986 -3.777399 24.972785
32.432432 15.953510 18.917322 -3.789249 25.034735
32.532533 15.990547 18.965594 -3.801084 25.096605
32.632633 16.027537 19.013803 -3.812901 25.158396
32.732733 16.064479 19.061947 -3.824703 25.220104
32.832833 16.101373 19.110026 -3.836487 25.281732
32.932933 16.138219 19.158041 -3.848254 25.343278
33.033033 16.175016 19.205991 -3.860005 25.404742
33.133133 16.211765 19.253876 -3.871739 25.466124
33.233233 16.248465 19.301695 -3.883456 25.527422
33.333333 16.285114 19.349446 -3.895156 25.588635
33.433433 16.321711 19.397129 -3.906838 25.649761
33.533534 16.358257 19.444743 -3.918503 25.710801
33.633634 16.394752 19.492288 -3.930150 25.771753
33.733734 16.431194 19.539764 -3.941779 25.832618
33.833834 16.467583 19.587169 -3.953391 25.893392
33.933934 16.503917 19.634502 -3.964984 25.954075
34.034034 16.540198 19.681764 -3.976560 26.014669
34.134134 16.576426 19.728956 -3.988118 26.075174
34.234234 16.612603 19.776079 -3.999658 26.135592
34.334334 16.648728 19.823134 -4.011181 26.195922
34.434434 16.684800 19.870119 -4.022686 26.256165
34.534535 16.720820 19.917034 -4.034173 26.316318
34.634635 16.756786 19.963877 -4.045642 26.376381
34.734735 16.792698 20.010650 -4.057094 26.436355
34.834835 16.828557 20.057352 -4.068528 26.496238
34.934935 16.864362 20.103983 -4.079943 26.556031
35.035035 16.900114 20.150543 -4.091341 26.615734
35.135135 16.935811 20.197031 -4.102721 26.675346
35.235235 16.971453 20.243446 -4.114082 26.734865
35.335335 17.007039 20.289787 -4.125425 26.794290
35.435435 17.042569 20.336055 -4.136750 26.853621
35.535536 17.078044 20.382250 -4.148056 26.912861
35.635636 17.113466 20.428374 -4.159345 26.972010
35.735736 17.148834 20.474428 -4.170616 27.031070
35.835836 17.184149 20.520412 -4.181869 27.090041
35.935936 17.219411 20.566324 -4.193104 27.148921
36.036036 17.254619 20.612166 -4.204321 27.207712
36.136136 17.289775 20.657939 -4.215521 27.266415
36.236236 17.324879 20.703643 -4.226704 27.325030
36.336336 17.359930 20.749277 -4.237869 27.383557
36.436436 17.394930 20.794842 -4.249016 27.441996
36.536537 17.429876 20.840338 -4.260146 27.500347
36.636637 17.464771 20.885765 -4.271259 27.558611
36.736737 17.499615 20.931123 -4.282354 27.616788
36.836837 17.534407 20.976413 -4.293432 27.674878
36.936937 17.569146 21.021635 -4.304493 27.732881
37.037037 17.603833 21.066786 -4.315536 27.790795
37.137137 17.638468 21.111868 -4.326561 27.848620
37.237237 17.673049 21.156880 -4.337569 27.906357
37.337337 17.707577 21.201822 -4.348560 27.964004
37.437437 17.742052 21.246693 -4.359533 28.021562
37.537538 17.776473 21.291494 -4.370487 28.079029
37.637638 17.810840 21.336223 -4.381424 28.136405
37.737738 17.845153 21.380880 -4.392344 28.193691
37.837838 17.879412 21.425467 -4.403245 28.250886
37.937938 17.913617 21.469982 -4.414129 28.307990
38.038038 17.947767 21.514425 -4.424994 28.365003
38.138138 17.981862 21.558796 -4.435842 28.421924
38.238238 18.015902 21.603095 -4.446671 28.478752
38.338338 18.049887 21.647321 -4.457483 28.535488
38.438438 18.083816 21.691473 -4.468276 28.592130
38.538539 18.117689 21.735552 -4.479051 28.648679
38.638639 18.151506 21.779558 -4.489808 28.705133
38.738739 18.185266 21.823489 -4.500546 28.761493
38.838839 18.218970 21.867346 -4.511266 28.817758
38.938939 18.252619 21.911131 -4.521968 28.873932
39.039039 18.286213 21.954844 -4.532652 28.930014
39.139139 18.319754 21.998487 -4.543319 28.986006
39.239239 18.353240 22.042058 -4.553967 29.041907
39.339339 18.386674 22.085560 -4.564599 29.097719
39.439439 18.420053 22.128990 -4.575212 29.153442
39.539540 18.453380 22.172352 -4.585808 29.209075
39.639640 18.486655 22.215644 -4.596387 29.264620
39.739740 18.519876 22.258866 -4.606949 29.320077
39.839840 18.553044 22.302018 -4.617493 29.375444
39.939940 18.586160 22.345100 -4.628019 29.430722
40.040040 18.619223 22.388115 -4.638529 29.485914
40.140140 18.652235 22.431061 -4.649021 29.541019
40.240240 18.685195 22.473938 -4.659496 29.596036
40.340340 18.718103 22.516747 -4.669954 29.650965
40.440440 18.750958 22.559486 -4.680395 29.705807
40.540541 18.783760 22.602156 -4.690818 29.760560
40.640641 18.816510 22.644756 -4.701224 29.815223
40.740741 18.849206 22.687286 -4.711612 29.869798
40.840841 18.881847 22.729745 -4.721983 29.924281
40.940941 18.914434 22.772132 -4.732336 29.978673
41.041041 18.946965 22.814446 -4.742671 30.032971
41.141141 18.979442 22.856688 -4.752988 30.087178
41.241241 19.011864 22.898859 -4.763288 30.141294
41.341341 19.044231 22.940959 -4.773570 30.195319
41.441441 19.076545 22.982987 -4.783834 30.249254
41.541542 19.108804 23.024944 -4.794080 30.303096
41.641642 19.141008 23.066830 -4.804309 30.356848
41.741742 19.173158 23.108644 -4.814520 30.410508
41.841842 19.205252 23.150385 -4.824713 30.464075
41.941942 19.237291 23.192054 -4.834888 30.517550
42.042042 19.269275 23.233650 -4.845045 30.570933
42.142142 19.301203 23.275174 -4.855184 30.624222
42.242242 19.333075 23.316625 -4.865306 30.677418
42.342342 19.364891 23.358002 -4.875409 30.730521
42.442442 19.396651 23.399306 -4.885494 30.783529
42.542543 19.428354 23.440536 -4.895561 30.836443
42.642643 19.460001 23.481693 -4.905610 30.889263
42.742743 19.491593 23.522777 -4.915641 30.941990
42.842843 19.523129 23.563789 -4.925654 30.994625
42.942943 19.554611 23.604729 -4.935650 31.047169
43.043043 19.586038 23.645599 -4.945628 31.099622
43.143143 19.617411 23.686396 -4.955588 31.151983
43.243243 19.648729 23.727122 -4.965531 31.204253
43.343343 19.679992 23.767776 -4.975455 31.256430
43.443443 19.711200 23.808359 -4.985363 31.308516
43.543544 19.742355 23.848871 -4.995253 31.360513
43.643644 19.773456 23.889314 -5.005125 31.412421
43.743744 19.804506 23.929689 -5.014981 31.464241
43.843844 19.835502 23.969994 -5.024819 31.515973
43.943944 19.866446 24.010230 -5.034641 31.567616
44.044044 19.897336 24.050396 -5.044445 31.619171
44.144144 19.928174 24.090493 -5.054232 31.670637
44.244244 19.958960 24.130522 -5.064002 31.722016
44.344344 19.989693 24.170482 -5.073755 31.773307
44.444444 20.020374 24.210374 -5.083491 31.824510
44.544545 20.051003 24.250197 -5.093210 31.875626
44.644645 20.081579 24.289951 -5.102912 31.926654
44.744745 20.112104 24.329638 -5.112597 31.977596
44.844845 20.142578 24.369257 -5.122266 32.028452
44.944945 20.173000 24.408810 -5.131918 32.079222
45.045045 20.203372 24.448295 -5.141553 32.129907
45.145145 20.233692 24.487714 -5.151172 32.180507
45.245245 20.263962 24.527066 -5.160774 32.231020
45.345345 20.294180 24.566350 -5.170360 32.281448
45.445445 20.324345 24.605566 -5.179928 32.331788
45.545546 20.354459 24.644713 -5.189480 32.382041
45.645646 20.384520 24.683792 -5.199014 32.432206
45.745746 20.414530 24.722803 -5.208532 32.482285
45.845846 20.444488 24.761747 -5.218034 32.532277
45.945946 20.474395 24.800624 -5.227518 32.582184
46.046046 20.504250 24.839433 -5.236986 32.632005
46.146146 20.534054 24.878175 -5.246437 32.681739
46.246246 20.563807 24.916850 -5.255872 32.731388
46.346346 20.593507 24.955456 -5.265290 32.780949
46.446446 20.623156 24.993995 -5.274691 32.830424
46.546547 20.652753 25.032466 -5.284075 32.879812
46.646647 20.682299 25.070870 -5.293443 32.929114
46.746747 20.711792 25.109205 -5.302794 32.978328
46.846847 20.741233 25.147472 -5.312128 33.027456
46.946947 20.770622 25.185671 -5.321445 33.076496
47.047047 20.799960 25.223803 -5.330745 33.125449
47.147147 20.829245 25.261866 -5.340029 33.174316
47.247247 20.858478 25.299861 -5.349296 33.223095
47.347347 20.887659 25.337788 -5.358546 33.271787
47.447447 20.916787 25.375646 -5.367779 33.320391
47.547548 20.945862 25.413435 -5.376995 33.368906
47.647648 20.974885 25.451155 -5.386195 33.417333
47.747748 21.003853 25.488805 -5.395377 33.465671
47.847848 21.032768 25.526384 -5.404542 33.513918
47.947948 21.061627 25.563892 -5.413689 33.562073
48.048048 21.090431 25.601328 -5.422819 33.610136
48.148148 21.119181 25.638693 -5.431931 33.658108
48.248248 21.147876 25.675987 -5.441026 33.705990
48.348348 21.176518 25.713212 -5.450104 33.753783
48.448448 21.205109 25.750369 -5.459166 33.801489
48.548549 21.233647 25.787459 -5.468210 33.849108
48.648649 21.262134 25.824482 -5.477239 33.896642
48.748749 21.290571 25.861438 -5.486251 33.944091
48.848849 21.318956 25.898327 -5.495246 33.991455
48.948949 21.347291 25.935151 -5.504226 34.038734
49.049049 21.375577 25.971910 -5.513189 34.085930
49.149149 21.403812 26.008603 -5.522136 34.133043
49.249249 21.431998 26.045231 -5.531067 34.180072
49.349349 21.460133 26.081794 -5.539982 34.227017
49.449449 21.488218 26.118290 -5.548880 34.273878
49.549550 21.516253 26.154721 -5.557763 34.320654
49.649650 21.544236 26.191085 -5.566629 34.367344
49.749750 21.572168 26.227382 -5.575478 34.413950
49.849850 21.600050 26.263614 -5.584311 34.460472
49.949950 21.627882 26.299780 -5.593129 34.506910
50.050050 21.655664 26.335880 -5.601930 34.553263
50.150150 21.683394 26.371913 -5.610714 34.599530
50.250250 21.711072 26.407879 -5.619482 34.645711
50.350350 21.738699 26.443777 -5.628234 34.691806
50.450450 21.766275 26.479609 -5.636969 34.737816
50.550551 21.793800 26.515375 -5.645688 34.783741
50.650651 21.821275 26.551076 -5.654391 34.829582
50.750751 21.848699 26.586710 -5.663078 34.875339
50.850851 21.876073 26.622279 -5.671748 34.921011
50.950951 21.903397 26.657782 -5.680403 34.966601
51.051051 21.930671 26.693221 -5.689041 35.012106
51.151151 21.957896 26.728594 -5.697664 35.057528
51.251251 21.985069 26.763901 -5.706270 35.102866
51.351351 22.012192 26.799142 -5.714860 35.148118
51.451451 22.039264 26.834316 -5.723434 35.193286
51.551552 22.066286 26.869426 -5.731992 35.238371
51.651652 22.093260 26.904472 -5.740534 35.283374
51.751752 22.120184 26.939454 -5.749060 35.328295
51.851852 22.147059 26.974372 -5.757571 35.373133
51.951952 22.173885 27.009226 -5.766066 35.417891
52.052052 22.200664 27.044017 -5.774545 35.462568
52.152152 22.227396 27.078747 -5.783009 35.507166
52.252252 22.254081 27.113416 -5.791458 35.551687
52.352352 22.280719 27.148024 -5.799893 35.596129
52.452452 22.307311 27.182572 -5.808312 35.640494
52.552553 22.333858 27.217059 -5.816716 35.684782
52.652653 22.360359 27.251487 -5.825105 35.728994
52.752753 22.386814 27.285855 -5.833480 35.773130
52.852853 22.413225 27.320164 -5.841840 35.817190
52.952953 22.439590 27.354414 -5.850185 35.861174
53.053053 22.465910 27.388604 -5.858516 35.905083
53.153153 22.492186 27.422737 -5.866832 35.948917
53.253253 22.518417 27.456810 -5.875133 35.992676
53.353353 22.544604 27.490826 -5.883421 36.036361
53.453453 22.570747 27.524783 -5.891693 36.079972
53.553554 22.596845 27.558682 -5.899952 36.123507
53.653654 22.622897 27.592522 -5.908195 36.166967
53.753754 22.648905 27.626303 -5.916424 36.210351
53.853854 22.674867 27.660024 -5.924638 36.253660
53.953954 22.700786 27.693688 -5.932838 36.296896
54.054054 22.726661 27.727295 -5.941024 36.340058
54.154154 22.752492 27.760844 -5.949195 36.383146
54.254254 22.778279 27.794335 -5.957352 36.426160
54.354354 22.804023 27.827769 -5.965495 36.469100
54.454454 22.829722 27.861145 -5.973624 36.511968
54.554555 22.855379 27.894465 -5.981738 36.554763
54.654655 22.880992 27.927728 -5.989839 36.597486
54.754755 22.906563 27.960935 -5.997925 36.640137
54.854855 22.932091 27.994086 -6.005998 36.682716
54.954955 22.957576 28.027181 -6.014056 36.725223
55.055055 22.983019 28.060220 -6.022101 36.767660
55.155155 23.008420 28.093204 -6.030132 36.810025
55.255255 23.033778 28.126132 -6.038149 36.852320
55.355355 23.059095 28.159006 -6.046153 36.894545
55.455455 23.084370 28.191824 -6.054142 36.936699
55.555556 23.109602 28.224587 -6.062118 36.978782
55.655656 23.134792 28.257293 -6.070080 37.020793
55.755756 23.159938 28.289942 -6.078028 37.062731
55.855856 23.185040 28.322534 -6.085961 37.104595
55.955956 23.210099 28.355069 -6.093881 37.146386
56.056056 23.235114 28.387547 -6.101786 37.188104
56.156156 23.260085 28.419967 -6.109677 37.229749
56.256256 23.285012 28.452330 -6.117554 37.271320
56.356356 23.309894 28.484634 -6.125417 37.312817
56.456456 23.334732 28.516880 -6.133265 37.354238
56.556557 23.359525 28.549067 -6.141098 37.395584
56.656657 23.384273 28.581196 -6.148918 37.436856
56.756757 23.408978 28.613267 -6.156723 37.478054
56.856857 23.433639 28.645282 -6.164514 37.519179
56.956957 23.458256 28.677239 -6.172291 37.560231
57.057057 23.482829 28.709140 -6.180054 37.601211
57.157157 23.507360 28.740984 -6.187803 37.642118
57.257257 23.531848 28.772772 -6.195538 37.682953
57.357357 23.556294 28.804505 -6.203259 37.723718
57.457457 23.580697 28.836182 -6.210967 37.764411
57.557558 23.605058 28.867803 -6.218661 37.805033
57.657658 23.629376 28.899369 -6.226341 37.845584
57.757758 23.653652 28.930879 -6.234007 37.886064
57.857858 23.677886 28.962335 -6.241660 37.926474
57.957958 23.702078 28.993735 -6.249299 37.966813
58.058058 23.726228 29.025081 -6.256925 38.007082
58.158158 23.750337 29.056372 -6.264537 38.047282
58.258258 23.774404 29.087609 -6.272135 38.087413
58.358358 23.798431 29.118793 -6.279721 38.127475
58.458458 23.822417 29.149923 -6.287293 38.167468
58.558559 23.846363 29.181001 -6.294852 38.207394
58.658659 23.870268 29.212025 -6.302398 38.247252
58.758759 23.894132 29.242996 -6.309931 38.287042
58.858859 23.917956 29.273913 -6.317450 38.326764
58.958959 23.941739 29.304778 -6.324956 38.366417
59.059059 23.965481 29.335588 -6.332449 38.406001
59.159159 23.989182 29.366344 -6.339928 38.445516
59.259259 24.012842 29.397047 -6.347395 38.484963
59.359359 24.036461 29.427696 -6.354848 38.524341
59.459459 24.060040 29.458293 -6.362287 38.563652
59.559560 24.083579 29.488836 -6.369714 38.602895
59.659660 24.107076 29.519326 -6.377128 38.642069
59.759760 24.130533 29.549763 -6.384528 38.681175
59.859860 24.153949 29.580145 -6.391915 38.720212
59.959960 24.177322 29.610473 -6.399288 38.759178
60.060060 24.200654 29.640746 -6.406648 38.798075
60.160160 24.223944 29.670964 -6.413995 38.836902
60.260260 24.247194 29.701130 -6.421328 38.875660
60.360360 24.270402 29.731241 -6.428648 38.914350
60.460460 24.293569 29.761299 -6.435955 38.952971
60.560561 24.316696 29.791303 -6.443248 38.991524
60.660661 24.339781 29.821254 -6.450529 39.030007
60.760761 24.362826 29.851152 -6.457796 39.068423
60.860861 24.385830 29.880995 -6.465050 39.106770
60.960961 24.408792 29.910785 -6.472291 39.145048
61.061061 24.431714 29.940521 -6.479518 39.183257
61.161161 24.454593 29.970203 -6.486732 39.221396
61.261261 24.477432 29.999831 -6.493933 39.259466
61.361361 24.500229 30.029405 -6.501120 39.297467
61.461461 24.522984 30.058924 -6.508294 39.335398
61.561562 24.545696 30.088387 -6.515455 39.373258
61.661662 24.568367 30.117796 -6.522602 39.411047
61.761762 24.590996 30.147150 -6.529735 39.448766
61.861862 24.613583 30.176451 -6.536855 39.486417
61.961962 24.636130 30.205697 -6.543963 39.523999
62.062062 24.658636 30.234891 -6.551057 39.561513
62.162162 24.681102 30.264033 -6.558138 39.598960
62.262262 24.703527 30.293121 -6.565206 39.636339
62.362362 24.725912 30.322157 -6.572261 39.673650
62.462462 24.748256 30.351139 -6.579303 39.710893
62.562563 24.770560 30.380069 -6.586332 39.748069
62.662663 24.792823 30.408946 -6.593348 39.785177
62.762763 24.815047 30.437771 -6.600351 39.822218
62.862863 24.837231 30.466544 -6.607342 39.859193
62.962963 24.859376 30.495265 -6.614319 39.896102
63.063063 24.881481 30.523935 -6.621284 39.932945
63.163163 24.903547 30.552554 -6.628236 39.969722
63.263263 24.925574 30.581122 -6.635176 40.006434
63.363363 24.947562 30.609639 -6.642103 40.043082
63.463463 24.969512 30.638105 -6.649018 40.079664
63.563564 24.991422 30.666520 -6.655920 40.116180
63.663664 25.013294 30.694885 -6.662810 40.152632
63.763764 25.035127 30.723199 -6.669687 40.189020
63.863864 25.056922 30.751463 -6.676552 40.225342
63.963964 25.078678 30.779677 -6.683404 40.261601
64.064064 25.100397 30.807841 -6.690244 40.297796
64.164164 25.122077 30.835955 -6.697072 40.333927
64.264264 25.143720 30.864020 -6.703887 40.369995
64.364364 25.165324 30.892034 -6.710690 40.405998
64.464464 25.186889 30.919998 -6.717481 40.441936
64.564565 25.208416 30.947911 -6.724259 40.477810
64.664665 25.229904 30.975773 -6.731025 40.513618
64.764765 25.251352 31.003584 -6.737778 40.549361
64.864865 25.272762 31.031346 -6.744519 40.585040
64.964965 25.294135 31.059057 -6.751247 40.620655
65.065065 25.315469 31.086718 -6.757963 40.656206
65.165165 25.336765 31.114330 -6.764667 40.691694
65.265265 25.358023 31.141892 -6.771359 40.727117
65.365365 25.379241 31.169402 -6.778038 40.762474
65.465465 25.400420 31.196862 -6.784704 40.797766
65.565566 25.421560 31.224270 -6.791358 40.832993
65.665666 25.442661 31.251627 -6.797999 40.868154
65.765766 25.463723 31.278933 -6.804628 40.903249
65.865866 25.484746 31.306188 -6.811244 40.938280
65.965966 25.505730 31.333393 -6.817848 40.973245
66.066066 25.526675 31.360547 -6.824440 41.008145
66.166166 25.547581 31.387650 -6.831019 41.042981
66.266266 25.568449 31.414703 -6.837585 41.077752
66.366366 25.589278 31.441705 -6.844140 41.112458
66.466466 25.610069 31.468658 -6.850682 41.147101
66.566567 25.630822 31.495561 -6.857211 41.181680
66.666667 25.651537 31.522415 -6.863729 41.216195
66.766767 25.672215 31.549220 -6.870235 41.250648
66.866867 25.692855 31.575976 -6.876728 41.285039
66.966967 25.713458 31.602683 -6.883210 41.319367
67.067067 25.734024 31.629343 -6.889680 41.353634
67.167167 25.754554 31.655954 -6.896138 41.387838
67.267267 25.775046 31.682517 -6.902584 41.421981
67.367367 25.795502 31.709031 -6.909018 41.456062
67.467467 25.815920 31.735498 -6.915440 41.490082
67.567568 25.836303 31.761917 -6.921851 41.524040
67.667668 25.856649 31.788288 -6.928250 41.557938
67.767768 25.876959 31.814613 -6.934637 41.591775
67.867868 25.897233 31.840891 -6.941013 41.625553
67.967968 25.917473 31.867123 -6.947377 41.659273
68.068068 25.937678 31.893309 -6.953731 41.692933
68.168168 25.957847 31.919450 -6.960072 41.726535
68.268268 25.977982 31.945544 -6.966403 41.760078
68.368368 25.998082 31.971594 -6.972722 41.793564
68.468468 26.018148 31.997599 -6.979030 41.826991
68.568569 26.038179 32.023558 -6.985327 41.860361
68.668669 26.058176 32.049473 -6.991613 41.893674
68.768769 26.078140 32.075343 -6.997888 41.926930
68.868869 26.098070 32.101170 -7.004152 41.960131
68.968969 26.117968 32.126954 -7.010406 41.993276
69.069069 26.137833 32.152695 -7.016649 42.026366
69.169169 26.157665 32.178393 -7.022881 42.059401
69.269269 26.177464 32.204047 -7.029102 42.092381
69.369369 26.197231 32.229659 -7.035313 42.125307
69.469469 26.216965 32.255229 -7.041513 42.158178
69.569570 26.236667 32.280756 -7.047703 42.190995
69.669670 26.256337 32.306241 -7.053882 42.223758
69.769770 26.275975 32.331684 -7.060050 42.256466
69.869870 26.295580 32.357083 -7.066208 42.289120
69.969970 26.315153 32.382441 -7.072356 42.321719
70.070070 26.334693 32.407756 -7.078492 42.354265
70.170170 26.354202 32.433029 -7.084619 42.386757
70.270270 26.373679 32.458261 -7.090735 42.419196
70.370370 26.393124 32.483450 -7.096841 42.451580
70.470470 26.412536 32.508597 -7.102936 42.483910
70.570571 26.431916 32.533701 -7.109020 42.516186
70.670671 26.451263 32.558762 -7.115094 42.548406
70.770771 26.470577 32.583780 -7.121157 42.580571
70.870871 26.489859 32.608755 -7.127210 42.612681
70.970971 26.509108 32.633687 -7.133252 42.644737
71.071071 26.528324 32.658577 -7.139283 42.676738
71.171171 26.547508 32.683424 -7.145304 42.708684
71.271271 26.566659 32.708228 -7.151314 42.740576
71.371371 26.585777 32.732990 -7.157314 42.772413
71.471471 26.604863 32.757709 -7.163303 42.804195
71.571572 26.623917 32.782386 -7.169282 42.835924
71.671672 26.642939 32.807020 -7.175250 42.867599
71.771772 26.661928 32.831613 -7.181208 42.899219
71.871872 26.680886 32.856163 -7.187155 42.930785
71.971972 26.699811 32.880671 -7.193092 42.962297
72.072072 26.718703 32.905137 -7.199018 42.993755
72.172172 26.737564 32.929560 -7.204934 43.025159
72.272272 26.756391 32.953940 -7.210840 43.056507
72.372372 26.775185 32.978277 -7.216734 43.087800
72.472472 26.793946 33.002570 -7.222618 43.119037
72.572573 26.812673 33.026819 -7.228491 43.150218
72.672673 26.831367 33.051025 -7.234354 43.181343
72.772773 26.850027 33.075187 -7.240205 43.212412
72.872873 26.868654 33.099305 -7.246046 43.243424
72.972973 26.887247 33.123379 -7.251876 43.274380
73.073073 26.905806 33.147410 -7.257695 43.305280
73.173173 26.924333 33.171397 -7.263504 43.336125
73.273273 26.942827 33.195342 -7.269302 43.366916
73.373373 26.961289 33.219245 -7.275090 43.397653
73.473473 26.979720 33.243107 -7.280868 43.428338
73.573574 26.998119 33.266928 -7.286635 43.458969
73.673674 27.016488 33.290708 -7.292393 43.489549
73.773774 27.034825 33.314447 -7.298140 43.520076
73.873874 27.053130 33.338146 -7.303877 43.550550
73.973974 27.071405 33.361803 -7.309604 43.580973
74.074074 27.089649 33.385421 -7.315321 43.611344
74.174174 27.107863 33.408998 -7.321029 43.641664
74.274274 27.126046 33.432535 -7.326726 43.671932
74.374374 27.144199 33.456034 -7.332414 43.702151
74.474474 27.162322 33.479492 -7.338091 43.732319
74.574575 27.180415 33.502912 -7.343760 43.762437
74.674675 27.198478 33.526292 -7.349418 43.792504
74.774775 27.216512 33.549633 -7.355067 43.822522
74.874875 27.234516 33.572936 -7.360706 43.852490
74.974975 27.252490 33.596199 -7.366335 43.882407
75.075075 27.270433 33.619422 -7.371954 43.912273
75.175175 27.288345 33.642604 -7.377564 43.942087
75.275275 27.306225 33.665745 -7.383163 43.971848
75.375375 27.324075 33.688845 -7.388752 44.001557
75.475475 27.341893 33.711905 -7.394331 44.031213
75.575576 27.359680 33.734924 -7.399900 44.060819
75.675676 27.377437 33.757904 -7.405460 44.090373
75.775776 27.395164 33.780843 -7.411009 44.119876
75.875876 27.412860 33.803743 -7.416549 44.149328
75.975976 27.430527 33.826605 -7.422079 44.178731
76.076076 27.448165 33.849428 -7.427600 44.208085
76.176176 27.465773 33.872213 -7.433111 44.237390
76.276276 27.483353 33.894960 -7.438613 44.266646
76.376376 27.500903 33.917669 -7.444105 44.295853
76.476476 27.518425 33.940340 -7.449588 44.325013
76.576577 27.535919 33.962975 -7.455062 44.354126
76.676677 27.553386 33.985573 -7.460527 44.383192
76.776777 27.570824 34.008135 -7.465983 44.412211
76.876877 27.588235 34.030660 -7.471429 44.441183
76.976977 27.605618 34.053149 -7.476867 44.470109
77.077077 27.622973 34.075601 -7.482295 44.498988
77.177177 27.640301 34.098018 -7.487715 44.527822
77.277277 27.657602 34.120399 -7.493126 44.556610
77.377377 27.674876 34.142744 -7.498528 44.585352
77.477477 27.692122 34.165053 -7.503920 44.614048
77.577578 27.709341 34.187325 -7.509304 44.642697
77.677678 27.726531 34.209561 -7.514679 44.671299
77.777778 27.743693 34.231759 -7.520044 44.699853
77.877878 27.760826 34.253920 -7.525400 44.728360
77.977978 27.777930 34.276043 -7.530747 44.756817
78.078078 27.795006 34.298128 -7.536084 44.785226
78.178178 27.812052 34.320176 -7.541413 44.813587
78.278278 27.829070 34.342186 -7.546731 44.841901
78.378378 27.846061 34.364160 -7.552041 44.870167
78.478478 27.863023 34.386097 -7.557342 44.898387
78.578579 27.879957 34.407997 -7.562634 44.926559
78.678679 27.896863 34.429859 -7.567916 44.954683
78.778779 27.913741 34.451685 -7.573189 44.982760
78.878879 27.930590 34.473475 -7.578453 45.010790
78.978979 27.947412 34.495228 -7.583709 45.038774
79.079079 27.964206 34.516944 -7.588955 45.066712
79.179179 27.980972 34.538624 -7.594192 45.094602
79.279279 27.997711 34.560268 -7.599420 45.122446
79.379379 28.014422 34.581876 -7.604639 45.150244
79.479479 28.031105 34.603447 -7.609850 45.177994
79.579580 28.047760 34.624981 -7.615051 45.205698
79.679680 28.064386 34.646479 -7.620243 45.233355
79.779780 28.080985 34.667940 -7.625426 45.260965
79.879880 28.097556 34.689364 -7.630600 45.288527
79.979980 28.114099 34.710751 -7.635764 45.316042
80.080080 28.130612 34.732101 -7.640920 45.343509
80.180180 28.147097 34.753412 -7.646066 45.370927
80.280280 28.163552 34.774685 -7.651203 45.398296
80.380380 28.179977 34.795920 -7.656330 45.425616
80.480480 28.196374 34.817116 -7.661448 45.452886
80.580581 28.212740 34.838274 -7.666556 45.480107
80.680681 28.229077 34.859393 -7.671655 45.507279
80.780781 28.245384 34.880473 -7.676745 45.534400
80.880881 28.261661 34.901514 -7.681825 45.561470
80.980981 28.277906 34.922513 -7.686894 45.588488
81.081081 28.294119 34.943472 -7.691954 45.615453
81.181181 28.310301 34.964390 -7.697004 45.642366
81.281281 28.326452 34.985266 -7.702044 45.669226
81.381381 28.342570 35.006102 -7.707074 45.696033
81.481481 28.358658 35.026896 -7.712093 45.722788
81.581582 28.374714 35.047651 -7.717104 45.749491
81.681682 28.390740 35.068366 -7.722104 45.776143
81.781782 28.406736 35.089042 -7.727095 45.802745
81.881882 28.422701 35.109678 -7.732076 45.829297
81.981982 28.438636 35.130275 -7.737048 45.855797
82.082082 28.454541 35.150832 -7.742010 45.882247
82.182182 28.470414 35.171349 -7.746962 45.908645
82.282282 28.486258 35.191827 -7.751905 45.934993
82.382382 28.502071 35.212266 -7.756838 45.961291
82.482482 28.517855 35.232666 -7.761761 45.987539
82.582583 28.533609 35.253027 -7.766675 46.013737
82.682683 28.549334 35.273351 -7.771580 46.039887
82.782783 28.565029 35.293635 -7.776476 46.065987
82.882883 28.580694 35.313881 -7.781362 46.092037
82.982983 28.596329 35.334088 -7.786238 46.118037
83.083083 28.611935 35.354257 -7.791105 46.143988
83.183183 28.627512 35.374389 -7.795963 46.169892
83.283283 28.643061 35.394483 -7.800812 46.195747
83.383383 28.658580 35.414539 -7.805652 46.221553
83.483483 28.674069 35.434556 -7.810482 46.247309
83.583584 28.689528 35.454534 -7.815303 46.273016
83.683684 28.704958 35.474475 -7.820114 46.298673
83.783784 28.720359 35.494377 -7.824916 46.324282
83.883884 28.735731 35.514241 -7.829709 46.349843
83.983984 28.751074 35.534068 -7.834493 46.375355
84.084084 28.766388 35.553858 -7.839267 46.400819
84.184184 28.781674 35.573610 -7.844033 46.426236
84.284284 28.796931 35.593325 -7.848789 46.451604
84.384384 28.812159 35.613003 -7.853536 46.476924
84.484484 28.827358 35.632643 -7.858274 46.502197
84.584585 28.842530 35.652248 -7.863004 46.527423
84.684685 28.857674 35.671816 -7.867724 46.552603
84.784785 28.872790 35.691347 -7.872436 46.577736
84.884885 28.887879 35.710844 -7.877139 46.602824
84.984985 28.902940 35.730304 -7.881833 46.627866
85.085085 28.917975 35.749730 -7.886518 46.652863
85.185185 28.932982 35.769120 -7.891195 46.677814
85.285285 28.947963 35.788475 -7.895863 46.702721
85.385385 28.962917 35.807796 -7.900523 46.727583
85.485485 28.977845 35.827082 -7.905175 46.752402
85.585586 28.992747 35.846335 -7.909818 46.777177
85.685686 29.007623 35.865553 -7.914452 46.801909
85.785786 29.022473 35.884738 -7.919079 46.826596
85.885886 29.037296 35.903888 -7.923697 46.851241
85.985986 29.052094 35.923005 -7.928306 46.875842
86.086086 29.066866 35.942088 -7.932908 46.900399
86.186186 29.081613 35.961138 -7.937501 46.924914
86.286286 29.096334 35.980154 -7.942086 46.949386
86.386386 29.111030 35.999139 -7.946663 46.973817
86.486486 29.125702 36.018091 -7.951232 46.998207
86.586587 29.140349 36.037010 -7.955793 47.022555
86.686687 29.154971 36.055897 -7.960347 47.046862
86.786787 29.169569 36.074752 -7.964892 47.071127
86.886887 29.184141 36.093575 -7.969429 47.095351
86.986987 29.198690 36.112366 -7.973958 47.119534
87.087087 29.213214 36.131125 -7.978480 47.143677
87.187187 29.227715 36.149854 -7.982994 47.167780
87.287287 29.242193 36.168552 -7.987500 47.191844
87.387387 29.256647 36.187219 -7.991999 47.215869
87.487487 29.271078 36.205855 -7.996491 47.239854
87.587588 29.285485 36.224462 -8.000974 47.263801
87.687688 29.299870 36.243039 -8.005451 47.287710
87.787788 29.314233 36.261586 -8.009920 47.311581
87.887888 29.328573 36.280103 -8.014381 47.335414
87.987988 29.342891 36.298592 -8.018836 47.359210
88.088088 29.357188 36.317053 -8.023284 47.382971
88.188188 29.371463 36.335486 -8.027724 47.406695
88.288288 29.385718 36.353890 -8.032158 47.430384
88.388388 29.399951 36.372267 -8.036584 47.454037
88.488488 29.414163 36.390616 -8.041004 47.477654
88.588589 29.428354 36.408938 -8.045417 47.501237
88.688689 29.442524 36.427231 -8.049823 47.524783
88.788789 29.456672 36.445498 -8.054222 47.548295
88.888889 29.470800 36.463736 -8.058614 47.571771
88.988989 29.484907 36.481947 -8.062999 47.595212
89.089089 29.498994 36.500131 -8.067377 47.618618
89.189189 29.513059 36.518287 -8.071749 47.641989
89.289289 29.527104 36.536417 -8.076114 47.665326
89.389389 29.541129 36.554519 -8.080472 47.688627
89.489489 29.555133 36.572594 -8.084823 47.711894
89.589590 29.569116 36.590643 -8.089168 47.735128
89.689690 29.583080 36.608665 -8.093506 47.758327
89.789790 29.597025 36.626662 -8.097837 47.781495
89.889890 29.610950 36.644633 -8.102163 47.804629
89.989990 29.624856 36.662579 -8.106481 47.827731
90.090090 29.638741 36.680498 -8.110794 47.850798
90.190190 29.652607 36.698391 -8.115099 47.873832
90.290290 29.666453 36.716258 -8.119398 47.896833
90.390390 29.680279 36.734099 -8.123691 47.919801
90.490490 29.694086 36.751913 -8.127977 47.942735
90.590591 29.707872 36.769702 -8.132257 47.965636
90.690691 29.721639 36.787465 -8.136530 47.988504
90.790791 29.735386 36.805200 -8.140796 48.011337
90.890891 29.749112 36.822909 -8.145056 48.034136
90.990991 29.762817 36.840592 -8.149309 48.056901
91.091091 29.776503 36.858247 -8.153555 48.079631
91.191191 29.790167 36.875875 -8.157795 48.102327
91.291291 29.803811 36.893476 -8.162027 48.124988
91.391391 29.817435 36.911050 -8.166253 48.147614
91.491491 29.831037 36.928597 -8.170473 48.170205
91.591592 29.844618 36.946116 -8.174685 48.192760
91.691692 29.858179 36.963608 -8.178891 48.215282
91.791792 29.871720 36.981073 -8.183090 48.237769
91.891892 29.885240 36.998512 -8.187282 48.260222
91.991992 29.898741 37.015925 -8.191469 48.282642
92.092092 29.912222 37.033312 -8.195648 48.305029
92.192192 29.925682 37.050672 -8.199821 48.327382
92.292292 29.939123 37.068007 -8.203988 48.349702
92.392392 29.952544 37.085314 -8.208148 48.371987
92.492492 29.965945 37.102596 -8.212301 48.394239
92.592593 29.979326 37.119852 -8.216448 48.416458
92.692693 29.992687 37.137081 -8.220588 48.438643
92.792793 30.006027 37.154284 -8.224722 48.460794
92.892893 30.019348 37.171460 -8.228849 48.482911
92.992993 30.032648 37.188609 -8.232970 48.504993
93.093093 30.045927 37.205732 -8.237084 48.527042
93.193193 30.059186 37.222827 -8.241191 48.549056
93.293293 30.072424 37.239895 -8.245291 48.571034
93.393393 30.085640 37.256935 -8.249385 48.592976
93.493493 30.098835 37.273947 -8.253471 48.614882
93.593594 30.112008 37.290930 -8.257551 48.636752
93.693694 30.125159 37.307884 -8.261623 48.658585
93.793794 30.138288 37.324810 -8.265688 48.680380
93.893894 30.151395 37.341707 -8.269747 48.702139
93.993994 30.164480 37.358575 -8.273798 48.723862
94.094094 30.177542 37.375415 -8.277842 48.745547
94.194194 30.190583 37.392226 -8.281879 48.767196
94.294294 30.203602 37.409008 -8.285910 48.788808
94.394394 30.216599 37.425762 -8.289933 48.810383
94.494494 30.229574 37.442487 -8.293949 48.831922
94.594595 30.242527 37.459183 -8.297958 48.853423
94.694695 30.255459 37.475851 -8.301960 48.874888
94.794795 30.268368 37.492490 -8.305955 48.896317
94.894895 30.281255 37.509101 -8.309943 48.917708
94.994995 30.294121 37.525683 -8.313924 48.939064
95.095095 30.306965 37.542237 -8.317898 48.960383
95.195195 30.319787 37.558762 -8.321866 48.981666
95.295295 30.332587 37.575260 -8.325826 49.002912
95.395395 30.345366 37.591729 -8.329779 49.024122
95.495495 30.358122 37.608169 -8.333725 49.045294
95.595596 30.370856 37.624579 -8.337664 49.066430
95.695696 30.383568 37.640961 -8.341596 49.087527
95.795796 30.396256 37.657312 -8.345521 49.108586
95.895896 30.408920 37.673632 -8.349438 49.129605
95.995996 30.421560 37.689921 -8.353347 49.150584
96.096096 30.434176 37.706179 -8.357249 49.171522
96.196196 30.446769 37.722406 -8.361144 49.192422
96.296296 30.459338 37.738604 -8.365031 49.213283
96.396396 30.471885 37.754771 -8.368911 49.234106
96.496496 30.484409 37.770910 -8.372783 49.254891
96.596597 30.496912 37.787020 -8.376649 49.275640
96.696697 30.509392 37.803101 -8.380508 49.296353
96.796797 30.521850 37.819154 -8.384360 49.317028
96.896897 30.534286 37.835178 -8.388205 49.337666
96.996997 30.546700 37.851172 -8.392042 49.358267
97.097097 30.559091 37.867137 -8.395873 49.378829
97.197197 30.571459 37.883073 -8.399696 49.399354
97.297297 30.583805 37.898980 -8.403513 49.419843
97.397397 30.596130 37.914859 -8.407322 49.440295
97.497497 30.608433 37.930710 -8.411125 49.460711
97.597598 30.620714 37.946533 -8.414920 49.481091
97.697698 30.632973 37.962327 -8.418709 49.501434
97.797798 30.645210 37.978092 -8.422491 49.521740
97.897898 30.657425 37.993828 -8.426266 49.542009
97.997998 30.669618 38.009535 -8.430033 49.562240
98.098098 30.681787 38.025212 -8.433794 49.582433
98.198198 30.693933 38.040859 -8.437547 49.602587
98.298298 30.706055 38.056476 -8.441292 49.622703
98.398398 30.718154 38.072062 -8.445030 49.642779
98.498498 30.730229 38.087617 -8.448761 49.662814
98.598599 30.742279 38.103140 -8.452484 49.682809
98.698699 30.754304 38.118631 -8.456199 49.702762
98.798799 30.766304 38.134089 -8.459907 49.722674
98.898899 30.778279 38.149515 -8.463607 49.742543
98.998999 30.790229 38.164909 -8.467298 49.762371
99.099099 30.802154 38.180270 -8.470982 49.782158
99.199199 30.814054 38.195599 -8.474659 49.801903
99.299299 30.825928 38.210895 -8.478327 49.821606
99.399399 30.837778 38.226159 -8.481988 49.841267
99.499499 30.849602 38.241390 -8.485641 49.860886
99.599600 30.861400 38.256588 -8.489285 49.880463
99.699700 30.873172 38.271753 -8.492922 49.899996
99.799800 30.884919 38.286884 -8.496551 49.919486
99.899900 30.896639 38.301981 -8.500172 49.938933
100.000000 30.908333 38.317046 -8.503784 49.958336
