0.000000 -0.173513 -0.700582 0.697739 1.003873
0.100100 -0.172856 -0.774275 0.626749 1.011037
0.200200 -0.171006 -0.842582 0.551474 1.021426
0.300300 -0.168015 -0.905228 0.472561 1.034882
0.400400 -0.163951 -0.962045 0.390667 1.051205
0.500501 -0.158897 -1.013005 0.306452 1.070206
0.600601 -0.152940 -1.058168 0.220538 1.091672
0.700701 -0.146161 -1.097593 0.133484 1.115299
0.800801 -0.138644 -1.131426 0.045801 1.140809
0.900901 -0.130481 -1.159927 -0.042047 1.168000
1.001001 -0.121754 -1.183362 -0.129662 1.196655
1.101101 -0.112543 -1.202027 -0.216704 1.226579
1.201201 -0.102924 -1.216269 -0.302900 1.257638
1.301301 -0.092964 -1.226406 -0.388024 1.289681
1.401401 -0.082719 -1.232685 -0.471877 1.322507
1.501502 -0.072239 -1.235371 -0.554304 1.355955
1.601602 -0.061570 -1.234713 -0.635178 1.389878
1.701702 -0.050753 -1.230954 -0.714406 1.424149
1.801802 -0.039829 -1.224411 -0.791967 1.458760
1.901902 -0.028831 -1.215407 -0.867883 1.493742
2.002002 -0.017787 -1.204191 -0.942166 1.529075
2.102102 -0.006721 -1.190934 -1.014795 1.564665
2.202202 0.004348 -1.175760 -1.085734 1.600391
2.302302 0.015403 -1.158800 -1.154965 1.636154
2.402402 0.026429 -1.140208 -1.222511 1.671917
2.502503 0.037412 -1.120135 -1.288407 1.707658
2.602603 0.048343 -1.098723 -1.352702 1.743368
2.702703 0.059210 -1.076078 -1.415412 1.779000
2.802803 0.070007 -1.052297 -1.476563 1.814516
2.902903 0.080728 -1.027511 -1.536236 1.849950
3.003003 0.091370 -1.001835 -1.594510 1.885334
3.103103 0.101929 -0.975357 -1.651432 1.920661
3.203203 0.112400 -0.948130 -1.707012 1.955881
3.303303 0.122780 -0.920224 -1.761293 1.990989
3.403403 0.133070 -0.891718 -1.814342 2.026008
3.503504 0.143267 -0.862667 -1.866202 2.060930
3.603604 0.153370 -0.833115 -1.916888 2.095725
3.703704 0.163375 -0.803094 -1.966407 2.130354
3.803804 0.173278 -0.772637 -2.014763 2.164778
3.903904 0.183077 -0.741769 -2.061945 2.198944
4.004004 0.192766 -0.710514 -2.107952 2.232813
4.104104 0.202345 -0.678905 -2.152796 2.266359
4.204204 0.211816 -0.646983 -2.196538 2.299615
4.304304 0.221184 -0.614795 -2.239255 2.332629
4.404404 0.230453 -0.582376 -2.281007 2.365430
4.504505 0.239626 -0.549762 -2.321860 2.398060
4.604605 0.248709 -0.516982 -2.361867 2.430544
4.704705 0.257704 -0.484060 -2.401075 2.462902
4.804805 0.266610 -0.451014 -2.439503 2.495129
4.904905 0.275428 -0.417856 -2.477151 2.527201
5.005005 0.284158 -0.384603 -2.514043 2.559117
5.105105 0.292803 -0.351271 -2.550209 2.590887
5.205205 0.301362 -0.317873 -2.585668 2.622507
5.305305 0.309837 -0.284421 -2.620438 2.653976
5.405405 0.318231 -0.250929 -2.654546 2.685302
5.505506 0.326543 -0.217405 -2.688003 2.716479
5.605606 0.334773 -0.183860 -2.720821 2.747498
5.705706 0.342927 -0.150305 -2.753038 2.778382
5.805806 0.351007 -0.116749 -2.784696 2.809158
5.905906 0.359014 -0.083199 -2.815803 2.839817
6.006006 0.366947 -0.049662 -2.846352 2.870337
6.106106 0.374803 -0.016144 -2.876336 2.900698
6.206206 0.382582 0.017348 -2.905752 2.930881
6.306306 0.390287 0.050809 -2.934632 2.960907
6.406406 0.397920 0.084232 -2.962995 2.990782
6.506507 0.405480 0.117612 -2.990835 3.020487
6.606607 0.412966 0.150944 -3.018159 3.050018
6.706707 0.420380 0.184223 -3.044982 3.079378
6.806807 0.427725 0.217445 -3.071324 3.108578
6.906907 0.435001 0.250606 -3.097195 3.137618
7.007007 0.442208 0.283703 -3.122601 3.166493
7.107107 0.449350 0.316732 -3.147567 3.195217
7.207207 0.456430 0.349693 -3.172120 3.223811
7.307307 0.463450 0.382584 -3.196276 3.252281
7.407407 0.470410 0.415402 -3.220049 3.280634
7.507508 0.477315 0.448146 -3.243455 3.308877
7.607608 0.484165 0.480816 -3.266517 3.337025
7.707708 0.490963 0.513410 -3.289244 3.365079
7.807808 0.497710 0.545929 -3.311653 3.393052
7.907908 0.504409 0.578372 -3.333761 3.420951
8.008008 0.511060 0.610738 -3.355570 3.448773
8.108108 0.517663 0.643025 -3.377090 3.476520
8.208208 0.524223 0.675236 -3.398344 3.504211
8.308308 0.530743 0.707374 -3.419359 3.531867
8.408408 0.537222 0.739435 -3.440127 3.559473
8.508509 0.543658 0.771417 -3.460640 3.587015
8.608609 0.550053 0.803319 -3.480913 3.614503
8.708709 0.556409 0.835144 -3.500956 3.641943
8.808809 0.562725 0.866887 -3.520765 3.669324
8.908909 0.569002 0.898551 -3.540349 3.696650
9.009009 0.575240 0.930133 -3.559712 3.723922
9.109109 0.581440 0.961634 -3.578855 3.751135
9.209209 0.587601 0.993048 -3.597771 3.778277
9.309309 0.593720 1.024374 -3.616451 3.805334
9.409409 0.599800 1.055613 -3.634913 3.832319
9.509510 0.605843 1.086767 -3.653167 3.859241
9.609610 0.611850 1.117838 -3.671221 3.886102
9.709710 0.617822 1.148826 -3.689085 3.912909
9.809810 0.623762 1.179735 -3.706770 3.939670
9.909910 0.629670 1.210564 -3.724280 3.966385
10.010010 0.635543 1.241309 -3.741602 3.993038
10.110110 0.641382 1.271968 -3.758741 4.019628
10.210210 0.647190 1.302549 -3.775716 4.046173
10.310310 0.652968 1.333050 -3.792531 4.072675
10.410410 0.658718 1.363476 -3.809198 4.099142
10.510511 0.664441 1.393828 -3.825724 4.125579
10.610611 0.670137 1.424107 -3.842112 4.151986
10.710711 0.675806 1.454310 -3.858360 4.178358
10.810811 0.681447 1.484437 -3.874467 4.204689
10.910911 0.687061 1.514486 -3.890431 4.230978
11.011011 0.692645 1.544453 -3.906246 4.257212
11.111111 0.698202 1.574341 -3.921919 4.283396
11.211211 0.703730 1.604149 -3.937449 4.309528
11.311311 0.709230 1.633875 -3.952833 4.335601
11.411411 0.714701 1.663518 -3.968073 4.361616
11.511512 0.720145 1.693080 -3.983174 4.387574
11.611612 0.725563 1.722566 -3.998149 4.413487
11.711712 0.730956 1.751976 -4.013001 4.439357
11.811812 0.736322 1.781305 -4.027719 4.465169
11.911912 0.741659 1.810549 -4.042295 4.490913
12.012012 0.746969 1.839708 -4.056734 4.516590
12.112112 0.752251 1.868784 -4.071038 4.542201
12.212212 0.757506 1.897777 -4.085209 4.567746
12.312312 0.762735 1.926689 -4.099254 4.593231
12.412412 0.767938 1.955519 -4.113172 4.618654
12.512513 0.773113 1.984263 -4.126957 4.644004
12.612613 0.778258 2.012915 -4.140597 4.669267
12.712713 0.783373 2.041474 -4.154088 4.694437
12.812813 0.788457 2.069935 -4.167428 4.719507
12.912913 0.793509 2.098297 -4.180611 4.744472
13.013013 0.798530 2.126565 -4.193651 4.769343
13.113113 0.803524 2.154742 -4.206554 4.794127
13.213213 0.808487 2.182823 -4.219313 4.818814
13.313313 0.813419 2.210806 -4.231924 4.843397
13.413413 0.818321 2.238691 -4.244391 4.867878
13.513514 0.823194 2.266483 -4.256720 4.892265
13.613614 0.828037 2.294177 -4.268907 4.916550
13.713714 0.832849 2.321772 -4.280949 4.940727
13.813814 0.837630 2.349264 -4.292842 4.964792
13.913914 0.842380 2.376658 -4.304595 4.988752
14.014014 0.847106 2.403965 -4.316229 5.012631
14.114114 0.851807 2.431191 -4.327755 5.036440
14.214214 0.856486 2.458339 -4.339181 5.060187
14.314314 0.861144 2.485413 -4.350514 5.083879
14.414414 0.865782 2.512412 -4.361753 5.107512
14.514515 0.870397 2.539334 -4.372896 5.131085
14.614615 0.874991 2.566179 -4.383941 5.154593
14.714715 0.879563 2.592945 -4.394888 5.178034
14.814815 0.884111 2.619629 -4.405732 5.201402
14.914915 0.888636 2.646230 -4.416472 5.224695
15.015015 0.893140 2.672753 -4.427116 5.247920
15.115115 0.897620 2.699193 -4.437659 5.271070
15.215215 0.902079 2.725555 -4.448106 5.294152
15.315315 0.906516 2.751836 -4.458457 5.317162
15.415415 0.910929 2.778033 -4.468704 5.340091
15.515516 0.915321 2.804150 -4.478855 5.362948
15.615616 0.919689 2.830183 -4.488907 5.385726
15.715716 0.924035 2.856133 -4.498860 5.408426
15.815816 0.928359 2.882002 -4.508718 5.431052
15.915916 0.932660 2.907788 -4.518478 5.453598
16.016016 0.936940 2.933494 -4.528145 5.476070
16.116116 0.941199 2.959123 -4.537726 5.498474
16.216216 0.945438 2.984673 -4.547217 5.520806
16.316316 0.949655 3.010145 -4.556620 5.543068
16.416416 0.953855 3.035545 -4.565945 5.565270
16.516517 0.958035 3.060874 -4.575194 5.587413
16.616617 0.962198 3.086132 -4.584368 5.609498
16.716717 0.966343 3.111321 -4.593469 5.631527
16.816817 0.970470 3.136438 -4.602494 5.653495
16.916917 0.974578 3.161482 -4.611442 5.675400
17.017017 0.978666 3.186450 -4.620309 5.697237
17.117117 0.982734 3.211340 -4.629091 5.719000
17.217217 0.986783 3.236154 -4.637792 5.740692
17.317317 0.990812 3.260891 -4.646414 5.762316
17.417417 0.994821 3.285550 -4.654952 5.783864
17.517518 0.998810 3.310131 -4.663407 5.805338
17.617618 1.002781 3.334636 -4.671785 5.826744
17.717718 1.006733 3.359071 -4.680091 5.848087
17.817818 1.010667 3.383430 -4.688321 5.869361
17.917918 1.014579 3.407706 -4.696462 5.890550
18.018018 1.018468 3.431893 -4.704509 5.911647
18.118118 1.022335 3.455990 -4.712460 5.932648
18.218218 1.026181 3.480007 -4.720327 5.953569
18.318318 1.030009 3.503950 -4.728123 5.974423
18.418418 1.033819 3.527821 -4.735848 5.995211
18.518519 1.037610 3.551616 -4.743496 6.015926
18.618619 1.041381 3.575329 -4.751063 6.036560
18.718719 1.045131 3.598958 -4.758543 6.057106
18.818819 1.048859 3.622501 -4.765935 6.077562
18.918919 1.052566 3.645956 -4.773238 6.097925
19.019019 1.056250 3.669323 -4.780451 6.118195
19.119119 1.059912 3.692602 -4.787575 6.138371
19.219219 1.063554 3.715798 -4.794616 6.158461
19.319319 1.067175 3.738910 -4.801575 6.178465
19.419419 1.070774 3.761936 -4.808448 6.198379
19.519520 1.074353 3.784877 -4.815237 6.218202
19.619620 1.077911 3.807733 -4.821943 6.237937
19.719720 1.081449 3.830509 -4.828573 6.257592
19.819820 1.084970 3.853211 -4.835132 6.277173
19.919920 1.088473 3.875840 -4.841625 6.296685
20.020020 1.091959 3.898394 -4.848050 6.316125
20.120120 1.095428 3.920878 -4.854409 6.335498
20.220220 1.098881 3.943295 -4.860711 6.354811
20.320320 1.102318 3.965643 -4.866950 6.374059
20.420420 1.105738 3.987918 -4.873125 6.393239
20.520521 1.109142 4.010123 -4.879237 6.412350
20.620621 1.112530 4.032262 -4.885291 6.431402
20.720721 1.115904 4.054337 -4.891291 6.450397
20.820821 1.119263 4.076347 -4.897237 6.469335
20.920921 1.122608 4.098294 -4.903130 6.488216
21.021021 1.125938 4.120178 -4.908969 6.507041
21.121121 1.129254 4.141998 -4.914754 6.525808
21.221221 1.132557 4.163759 -4.920494 6.544527
21.321321 1.135850 4.185472 -4.926198 6.563213
21.421421 1.139132 4.207136 -4.931868 6.581864
21.521522 1.142403 4.228749 -4.937498 6.600476
21.621622 1.145663 4.250308 -4.943089 6.619048
21.721722 1.148911 4.271814 -4.948640 6.637578
21.821822 1.152148 4.293267 -4.954152 6.656066
21.921922 1.155374 4.314669 -4.959625 6.674514
22.022022 1.158588 4.336016 -4.965058 6.692918
22.122122 1.161791 4.357307 -4.970448 6.711277
22.222222 1.164982 4.378548 -4.975802 6.729597
22.322322 1.168164 4.399743 -4.981126 6.747886
22.422422 1.171337 4.420895 -4.986422 6.766147
22.522523 1.174500 4.441998 -4.991682 6.784371
22.622623 1.177650 4.463041 -4.996898 6.802542
22.722723 1.180787 4.484021 -5.002063 6.820655
22.822823 1.183909 4.504936 -5.007178 6.838707
22.922923 1.187017 4.525790 -5.012243 6.856702
23.023023 1.190111 4.546581 -5.017261 6.874639
23.123123 1.193190 4.567302 -5.022222 6.892508
23.223223 1.196252 4.587945 -5.027117 6.910294
23.323323 1.199294 4.608505 -5.031942 6.927991
23.423423 1.202316 4.628978 -5.036691 6.945593
23.523524 1.205318 4.649363 -5.041365 6.963098
23.623624 1.208302 4.669668 -5.045972 6.980517
23.723724 1.211269 4.689896 -5.050517 6.997858
23.823824 1.214220 4.710053 -5.055004 7.015126
23.923924 1.217156 4.730145 -5.059441 7.032332
24.024024 1.220081 4.750180 -5.063837 7.049486
24.124124 1.222993 4.770158 -5.068191 7.066589
24.224224 1.225892 4.790072 -5.072497 7.083631
24.324324 1.228776 4.809920 -5.076752 7.100608
24.424424 1.231646 4.829702 -5.080958 7.117521
24.524525 1.234504 4.849427 -5.085122 7.134383
24.624625 1.237350 4.869097 -5.089248 7.151195
24.724725 1.240185 4.888711 -5.093334 7.167957
24.824825 1.243008 4.908272 -5.097384 7.184673
24.924925 1.245822 4.927784 -5.101401 7.201348
25.025025 1.248626 4.947246 -5.105386 7.217983
25.125125 1.251419 4.966656 -5.109336 7.234572
25.225225 1.254200 4.986009 -5.113246 7.251109
25.325325 1.256969 5.005306 -5.117117 7.267595
25.425425 1.259728 5.024551 -5.120953 7.284036
25.525526 1.262477 5.043750 -5.124760 7.300440
25.625626 1.265218 5.062903 -5.128540 7.316809
25.725726 1.267948 5.082008 -5.132288 7.333135
25.825826 1.270668 5.101060 -5.136002 7.349417
25.925926 1.273379 5.120066 -5.139687 7.365660
26.026026 1.276079 5.139020 -5.143338 7.381858
26.126126 1.278767 5.157915 -5.146947 7.398000
26.226226 1.281443 5.176750 -5.150515 7.414084
26.326326 1.284107 5.195529 -5.154045 7.430117
26.426426 1.286760 5.214259 -5.157543 7.446106
26.526527 1.289404 5.232938 -5.161009 7.462052
26.626627 1.292038 5.251565 -5.164442 7.477951
26.726727 1.294660 5.270136 -5.167837 7.493798
26.826827 1.297269 5.288649 -5.171192 7.509590
26.926927 1.299868 5.307107 -5.174511 7.525331
27.027027 1.302456 5.325512 -5.177794 7.541022
27.127127 1.305031 5.343857 -5.181038 7.556657
27.227227 1.307594 5.362142 -5.184240 7.572233
27.327327 1.310145 5.380366 -5.187400 7.587750
27.427427 1.312683 5.398531 -5.190521 7.603208
27.527528 1.315209 5.416637 -5.193602 7.618611
27.627628 1.317724 5.434686 -5.196644 7.633958
27.727728 1.320226 5.452677 -5.199648 7.649250
27.827828 1.322718 5.470614 -5.202617 7.664491
27.927928 1.325199 5.488495 -5.205550 7.679680
28.028028 1.327666 5.506312 -5.208439 7.694803
28.128128 1.330118 5.524060 -5.211279 7.709856
28.228228 1.332558 5.541744 -5.214074 7.724843
28.328328 1.334985 5.559367 -5.216830 7.739771
28.428428 1.337400 5.576933 -5.219547 7.754643
28.528529 1.339803 5.594437 -5.222224 7.769454
28.628629 1.342192 5.611877 -5.224857 7.784200
28.728729 1.344570 5.629260 -5.227452 7.798890
28.828829 1.346938 5.646594 -5.230019 7.813537
28.928929 1.349298 5.663883 -5.232560 7.828145
29.029029 1.351650 5.681131 -5.235078 7.842719
29.129129 1.353994 5.698336 -5.237574 7.857259
29.229229 1.356331 5.715502 -5.240050 7.871767
29.329329 1.358661 5.732631 -5.242506 7.886247
29.429429 1.360985 5.749726 -5.244948 7.900703
29.529530 1.363303 5.766790 -5.247378 7.915139
29.629630 1.365617 5.783824 -5.249796 7.929558
29.729730 1.367927 5.800833 -5.252206 7.943964
29.829830 1.370232 5.817815 -5.254608 7.958355
29.929930 1.372533 5.834769 -5.257000 7.972730
30.030030 1.374830 5.851696 -5.259383 7.987091
30.130130 1.377124 5.868604 -5.261765 8.001446
30.230230 1.379416 5.885496 -5.264148 8.015804
30.330330 1.381708 5.902376 -5.266534 8.030164
30.430430 1.383999 5.919246 -5.268927 8.044533
30.530531 1.386289 5.936103 -5.271325 8.058907
30.630631 1.388578 5.952944 -5.273722 8.073279
30.730731 1.390865 5.969771 -5.276123 8.087654
30.830831 1.393152 5.986590 -5.278531 8.102038
30.930931 1.395441 6.003406 -5.280952 8.116440
31.031031 1.397732 6.020228 -5.283393 8.130869
31.131131 1.400030 6.037065 -5.285862 8.145341
31.231231 1.402334 6.053923 -5.288365 8.159861
31.331331 1.404644 6.070800 -5.290898 8.174426
31.431431 1.406961 6.087694 -5.293461 8.189035
31.531532 1.409282 6.104602 -5.296051 8.203682
31.631632 1.411608 6.121521 -5.298666 8.218365
31.731732 1.413939 6.138456 -5.301307 8.233087
31.831832 1.416277 6.155408 -5.303979 8.247853
31.931932 1.418621 6.172381 -5.306684 8.262668
32.032032 1.420972 6.189378 -5.309424 8.277533
32.132132 1.423331 6.206397 -5.312196 8.292447
32.232232 1.425696 6.223437 -5.315001 8.307407
32.332332 1.428068 6.240498 -5.317838 8.322416
32.432432 1.430446 6.257579 -5.320706 8.337469
32.532533 1.432829 6.274675 -5.323602 8.352562
32.632633 1.435218 6.291786 -5.326524 8.367693
32.732733 1.437611 6.308907 -5.329469 8.382856
32.832833 1.440008 6.326039 -5.332437 8.398051
32.932933 1.442409 6.343180 -5.335427 8.413279
33.033033 1.444814 6.360331 -5.338439 8.428536
33.133133 1.447224 6.377491 -5.341472 8.443824
33.233233 1.449635 6.394653 -5.344522 8.459134
33.333333 1.452048 6.411814 -5.347583 8.474458
33.433433 1.454461 6.428969 -5.350654 8.489793
33.533534 1.456875 6.446116 -5.353732 8.505136
33.633634 1.459288 6.463256 -5.356818 8.520487
33.733734 1.461701 6.480385 -5.359909 8.535841
33.833834 1.464112 6.497497 -5.362998 8.551189
33.933934 1.466520 6.514587 -5.366084 8.566527
34.034034 1.468926 6.531661 -5.369169 8.581860
34.134134 1.471330 6.548723 -5.372258 8.597194
34.234234 1.473735 6.565776 -5.375353 8.612533
34.334334 1.476139 6.582820 -5.378455 8.627878
34.434434 1.478543 6.599855 -5.381562 8.643228
34.534535 1.480946 6.616875 -5.384670 8.658574
34.634635 1.483346 6.633877 -5.387776 8.673913
34.734735 1.485744 6.650862 -5.390882 8.689247
34.834835 1.488140 6.667829 -5.393987 8.704574
34.934935 1.490533 6.684779 -5.397091 8.719894
35.035035 1.492925 6.701709 -5.400193 8.735205
35.135135 1.495313 6.718618 -5.403290 8.750505
35.235235 1.497696 6.735500 -5.406378 8.765784
35.335335 1.500075 6.752351 -5.409454 8.781040
35.435435 1.502448 6.769172 -5.412520 8.796272
35.535536 1.504818 6.785968 -5.415578 8.811488
35.635636 1.507185 6.802746 -5.418634 8.826696
35.735736 1.509551 6.819508 -5.421691 8.841899
35.835836 1.511914 6.836253 -5.424747 8.857095
35.935936 1.514275 6.852980 -5.427802 8.872283
36.036036 1.516634 6.869691 -5.430856 8.887464
36.136136 1.518992 6.886390 -5.433913 8.902646
36.236236 1.521350 6.903079 -5.436975 8.917830
36.336336 1.523707 6.919756 -5.440041 8.933014
36.436436 1.526062 6.936421 -5.443109 8.948198
36.536537 1.528417 6.953075 -5.446181 8.963381
36.636637 1.530771 6.969719 -5.449258 8.978567
36.736737 1.533126 6.986356 -5.452341 8.993757
36.836837 1.535480 7.002985 -5.455431 9.008952
36.936937 1.537833 7.019602 -5.458525 9.024148
37.037037 1.540185 7.036207 -5.461620 9.039341
37.137137 1.542536 7.052798 -5.464717 9.054529
37.237237 1.544884 7.069371 -5.467813 9.069711
37.337337 1.547231 7.085929 -5.470909 9.084886
37.437437 1.549575 7.102469 -5.474003 9.100053
37.537538 1.551917 7.118989 -5.477093 9.115207
37.637638 1.554255 7.135485 -5.480178 9.130345
37.737738 1.556589 7.151959 -5.483258 9.145469
37.837838 1.558921 7.168411 -5.486333 9.160578
37.937938 1.561249 7.184840 -5.489401 9.175671
38.038038 1.563573 7.201243 -5.492463 9.190746
38.138138 1.565893 7.217619 -5.495515 9.205799
38.238238 1.568207 7.233965 -5.498557 9.220827
38.338338 1.570517 7.250282 -5.501588 9.235832
38.438438 1.572822 7.266567 -5.504607 9.250809
38.538539 1.575120 7.282817 -5.507611 9.265754
38.638639 1.577413 7.299032 -5.510599 9.280668
38.738739 1.579699 7.315209 -5.513572 9.295548
38.838839 1.581978 7.331349 -5.516528 9.310393
38.938939 1.584253 7.347460 -5.519474 9.325214
39.039039 1.586523 7.363546 -5.522412 9.340015
39.139139 1.588790 7.379607 -5.525343 9.354800
39.239239 1.591054 7.395647 -5.528270 9.369568
39.339339 1.593314 7.411665 -5.531192 9.384322
39.439439 1.595572 7.427661 -5.534109 9.399062
39.539540 1.597827 7.443640 -5.537025 9.413791
39.639640 1.600080 7.459602 -5.539940 9.428513
39.739740 1.602331 7.475546 -5.542852 9.443223
39.839840 1.604578 7.491468 -5.545760 9.457918
39.939940 1.606823 7.507372 -5.548665 9.472603
40.040040 1.609067 7.523265 -5.551573 9.487285
40.140140 1.611310 7.539144 -5.554483 9.501963
40.240240 1.613551 7.555009 -5.557393 9.516635
40.340340 1.615791 7.570859 -5.560303 9.531298
40.440440 1.618028 7.586690 -5.563211 9.545952
40.540541 1.620262 7.602503 -5.566116 9.560594
40.640641 1.622493 7.618294 -5.569017 9.575220
40.740741 1.624721 7.634063 -5.571912 9.589830
40.840841 1.626944 7.649804 -5.574798 9.604417
40.940941 1.629162 7.665512 -5.577670 9.618973
41.041041 1.631374 7.681185 -5.580528 9.633498
41.141141 1.633580 7.696825 -5.583374 9.647993
41.241241 1.635782 7.712437 -5.586209 9.662463
41.341341 1.637978 7.728019 -5.589034 9.676908
41.441441 1.640170 7.743571 -5.591848 9.691326
41.541542 1.642357 7.759092 -5.594650 9.705717
41.641642 1.644538 7.774581 -5.597440 9.720080
41.741742 1.646714 7.790038 -5.600218 9.734413
41.841842 1.648884 7.805458 -5.602980 9.748712
41.941942 1.651047 7.820841 -5.605725 9.762974
42.042042 1.653203 7.836188 -5.608456 9.777203
42.142142 1.655354 7.851496 -5.611169 9.791394
42.242242 1.657496 7.866764 -5.613864 9.805546
42.342342 1.659632 7.881989 -5.616539 9.819656
42.442442 1.661759 7.897170 -5.619193 9.833721
42.542543 1.663879 7.912306 -5.621827 9.847742
42.642643 1.665990 7.927400 -5.624440 9.861720
42.742743 1.668095 7.942453 -5.627034 9.875658
42.842843 1.670193 7.957469 -5.629613 9.889560
42.942943 1.672285 7.972449 -5.632177 9.903429
43.043043 1.674371 7.987395 -5.634727 9.917265
43.143143 1.676451 8.002305 -5.637262 9.931067
43.243243 1.678525 8.017179 -5.639782 9.944835
43.343343 1.680592 8.032014 -5.642285 9.958565
43.443443 1.682653 8.046812 -5.644771 9.972259
43.543544 1.684708 8.061580 -5.647248 9.985926
43.643644 1.686760 8.076323 -5.649716 9.999572
43.743744 1.688808 8.091040 -5.652177 10.013197
43.843844 1.690851 8.105732 -5.654630 10.026799
43.943944 1.692891 8.120395 -5.657073 10.040377
44.044044 1.694925 8.135029 -5.659507 10.053929
44.144144 1.696955 8.149637 -5.661931 10.067458
44.244244 1.698982 8.164221 -5.664350 10.080968
44.344344 1.701004 8.178781 -5.666761 10.094457
44.444444 1.703023 8.193316 -5.669165 10.107925
44.544545 1.705038 8.207824 -5.671561 10.121370
44.644645 1.707048 8.222305 -5.673948 10.134792
44.744745 1.709056 8.236766 -5.676331 10.148197
44.844845 1.711060 8.251207 -5.678710 10.161589
44.944945 1.713062 8.265629 -5.681086 10.174967
45.045045 1.715061 8.280032 -5.683458 10.188329
45.145145 1.717058 8.294416 -5.685827 10.201679
45.245245 1.719052 8.308780 -5.688193 10.215014
45.345345 1.721042 8.323121 -5.690552 10.228329
45.445445 1.723028 8.337436 -5.692902 10.241621
45.545546 1.725010 8.351721 -5.695243 10.254887
45.645646 1.726987 8.365980 -5.697575 10.268129
45.745746 1.728960 8.380214 -5.699900 10.281349
45.845846 1.730929 8.394422 -5.702217 10.294548
45.945946 1.732895 8.408609 -5.704529 10.307730
46.046046 1.734858 8.422773 -5.706835 10.320892
46.146146 1.736816 8.436911 -5.709133 10.334030
46.246246 1.738770 8.451023 -5.711422 10.347147
46.346346 1.740720 8.465108 -5.713704 10.360240
46.446446 1.742666 8.479165 -5.715975 10.373307
46.546547 1.744607 8.493195 -5.718238 10.386350
46.646647 1.746544 8.507197 -5.720492 10.399367
46.746747 1.748476 8.521169 -5.722734 10.412357
46.846847 1.750402 8.535109 -5.724964 10.425315
46.946947 1.752323 8.549018 -5.727184 10.438246
47.047047 1.754240 8.562899 -5.729394 10.451151
47.147147 1.756152 8.576749 -5.731592 10.464026
47.247247 1.758058 8.590566 -5.733777 10.476869
47.347347 1.759958 8.604349 -5.735949 10.489680
47.447447 1.761852 8.618096 -5.738106 10.502455
47.547548 1.763740 8.631807 -5.740248 10.515195
47.647648 1.765622 8.645479 -5.742374 10.527896
47.747748 1.767495 8.659109 -5.744480 10.540553
47.847848 1.769361 8.672690 -5.746564 10.553160
47.947948 1.771216 8.686220 -5.748623 10.565713
48.048048 1.773063 8.699698 -5.750656 10.578211
48.148148 1.774900 8.713124 -5.752664 10.590653
48.248248 1.776728 8.726502 -5.754650 10.603046
48.348348 1.778550 8.739839 -5.756617 10.615397
48.448448 1.780364 8.753139 -5.758569 10.627712
48.548549 1.782174 8.766406 -5.760509 10.639995
48.648649 1.783978 8.779644 -5.762438 10.652249
48.748749 1.785778 8.792850 -5.764355 10.664474
48.848849 1.787572 8.806027 -5.766262 10.676672
48.948949 1.789363 8.819178 -5.768161 10.688845
49.049049 1.791150 8.832305 -5.770053 10.700997
49.149149 1.792933 8.845407 -5.771938 10.713128
49.249249 1.794712 8.858485 -5.773815 10.725236
49.349349 1.796487 8.871536 -5.775684 10.737320
49.449449 1.798257 8.884558 -5.777543 10.749377
49.549550 1.800022 8.897550 -5.779391 10.761405
49.649650 1.801781 8.910508 -5.781226 10.773400
49.749750 1.803535 8.923434 -5.783048 10.785363
49.849850 1.805285 8.936330 -5.784860 10.797298
49.949950 1.807029 8.949198 -5.786663 10.809207
50.050050 1.808768 8.962033 -5.788452 10.821084
50.150150 1.810501 8.974831 -5.790227 10.832924
50.250250 1.812227 8.987590 -5.791985 10.844724
50.350350 1.813947 9.000312 -5.793727 10.856486
50.450450 1.815660 9.012997 -5.795455 10.868212
50.550551 1.817368 9.025648 -5.797169 10.879905
50.650651 1.819070 9.038267 -5.798871 10.891565
50.750751 1.820767 9.050852 -5.800560 10.903192
50.850851 1.822458 9.063405 -5.802236 10.914788
50.950951 1.824144 9.075926 -5.803901 10.926354
51.051051 1.825825 9.088416 -5.805555 10.937888
51.151151 1.827500 9.100873 -5.807196 10.949392
51.251251 1.829170 9.113295 -5.808823 10.960859
51.351351 1.830832 9.125677 -5.810432 10.972286
51.451451 1.832489 9.138023 -5.812027 10.983676
51.551552 1.834140 9.150339 -5.813612 10.995038
51.651652 1.835787 9.162626 -5.815186 11.006372
51.751752 1.837429 9.174884 -5.816750 11.017678
51.851852 1.839066 9.187113 -5.818304 11.028957
51.951952 1.840699 9.199317 -5.819851 11.040211
52.052052 1.842329 9.211499 -5.821391 11.051447
52.152152 1.843957 9.223663 -5.822929 11.062669
52.252252 1.845582 9.235813 -5.824467 11.073881
52.352352 1.847206 9.247950 -5.826003 11.085083
52.452452 1.848829 9.260072 -5.827539 11.096274
52.552553 1.850450 9.272183 -5.829077 11.107461
52.652653 1.852071 9.284287 -5.830617 11.118644
52.752753 1.853691 9.296382 -5.832161 11.129825
52.852853 1.855311 9.308470 -5.833707 11.141002
52.952953 1.856930 9.320549 -5.835257 11.152177
53.053053 1.858548 9.332621 -5.836810 11.163349
53.153153 1.860167 9.344688 -5.838368 11.174523
53.253253 1.861786 9.356751 -5.839932 11.185698
53.353353 1.863405 9.368810 -5.841500 11.196875
53.453453 1.865025 9.380865 -5.843075 11.208053
53.553554 1.866644 9.392913 -5.844653 11.219231
53.653654 1.868263 9.404952 -5.846234 11.230404
53.753754 1.869879 9.416978 -5.847814 11.241568
53.853854 1.871496 9.428996 -5.849398 11.252730
53.953954 1.873113 9.441012 -5.850987 11.263894
54.054054 1.874730 9.453024 -5.852583 11.275061
54.154154 1.876347 9.465032 -5.854183 11.286229
54.254254 1.877965 9.477033 -5.855788 11.297397
54.354354 1.879582 9.489033 -5.857399 11.308568
54.454454 1.881201 9.501031 -5.859017 11.319743
54.554555 1.882820 9.513026 -5.860642 11.330922
54.654655 1.884440 9.525021 -5.862273 11.342107
54.754755 1.886061 9.537016 -5.863913 11.353298
54.854855 1.887683 9.549013 -5.865561 11.364497
54.954955 1.889307 9.561012 -5.867219 11.375706
55.055055 1.890933 9.573015 -5.868886 11.386925
55.155155 1.892560 9.585020 -5.870563 11.398154
55.255255 1.894189 9.597030 -5.872250 11.409393
55.355355 1.895820 9.609045 -5.873948 11.420646
55.455455 1.897452 9.621064 -5.875656 11.431909
55.555556 1.899086 9.633083 -5.877372 11.443178
55.655656 1.900721 9.645100 -5.879094 11.454451
55.755756 1.902354 9.657110 -5.880819 11.465721
55.855856 1.903988 9.669111 -5.882546 11.476986
55.955956 1.905620 9.681103 -5.884276 11.488248
56.056056 1.907252 9.693087 -5.886008 11.499506
56.156156 1.908883 9.705061 -5.887742 11.510758
56.256256 1.910512 9.717022 -5.889475 11.522000
56.356356 1.912139 9.728967 -5.891206 11.533230
56.456456 1.913764 9.740895 -5.892934 11.544445
56.556557 1.915386 9.752804 -5.894658 11.555643
56.656657 1.917006 9.764696 -5.896379 11.566827
56.756757 1.918624 9.776576 -5.898100 11.578002
56.856857 1.920240 9.788443 -5.899821 11.589168
56.956957 1.921856 9.800298 -5.901542 11.600326
57.057057 1.923470 9.812142 -5.903264 11.611477
57.157157 1.925083 9.823977 -5.904988 11.622623
57.257257 1.926696 9.835806 -5.906716 11.633766
57.357357 1.928309 9.847628 -5.908446 11.644909
57.457457 1.929921 9.859444 -5.910181 11.656049
57.557558 1.931533 9.871254 -5.911918 11.667187
57.657658 1.933145 9.883057 -5.913659 11.678323
57.757758 1.934756 9.894853 -5.915404 11.689457
57.857858 1.936368 9.906645 -5.917152 11.700591
57.957958 1.937979 9.918432 -5.918906 11.711725
58.058058 1.939591 9.930215 -5.920664 11.722860
58.158158 1.941203 9.941994 -5.922427 11.733996
58.258258 1.942816 9.953774 -5.924197 11.745137
58.358358 1.944430 9.965554 -5.925975 11.756286
58.458458 1.946045 9.977337 -5.927761 11.767442
58.558559 1.947662 9.989122 -5.929556 11.778607
58.658659 1.949280 10.000909 -5.931359 11.789779
58.758759 1.950899 10.012697 -5.933171 11.800959
58.858859 1.952519 10.024487 -5.934989 11.812145
58.958959 1.954141 10.036275 -5.936815 11.823335
59.059059 1.955762 10.048060 -5.938645 11.834527
59.159159 1.957383 10.059841 -5.940480 11.845719
59.259259 1.959005 10.071620 -5.942320 11.856914
59.359359 1.960628 10.083396 -5.944166 11.868110
59.459459 1.962251 10.095172 -5.946019 11.879313
59.559560 1.963875 10.106948 -5.947879 11.890520
59.659660 1.965500 10.118721 -5.949745 11.901730
59.759760 1.967124 10.130490 -5.951614 11.912939
59.859860 1.968748 10.142251 -5.953486 11.924144
59.959960 1.970371 10.154000 -5.955357 11.935340
60.060060 1.971992 10.165736 -5.957229 11.946528
60.160160 1.973612 10.177464 -5.959102 11.957710
60.260260 1.975232 10.189185 -5.960978 11.968888
60.360360 1.976851 10.200899 -5.962857 11.980065
60.460460 1.978470 10.212606 -5.964738 11.991237
60.560561 1.980088 10.224304 -5.966621 12.002404
60.660661 1.981706 10.235994 -5.968506 12.013567
60.760761 1.983322 10.247676 -5.970393 12.024726
60.860861 1.984938 10.259350 -5.972282 12.035880
60.960961 1.986553 10.271014 -5.974172 12.047027
61.061061 1.988167 10.282664 -5.976062 12.058163
61.161161 1.989778 10.294301 -5.977950 12.069289
61.261261 1.991388 10.305927 -5.979838 12.080406
61.361361 1.992996 10.317537 -5.981724 12.091510
61.461461 1.994602 10.329129 -5.983605 12.102598
61.561562 1.996204 10.340700 -5.985482 12.113666
61.661662 1.997804 10.352251 -5.987354 12.124716
61.761762 1.999401 10.363786 -5.989222 12.135750
61.861862 2.000996 10.375305 -5.991089 12.146772
61.961962 2.002589 10.386811 -5.992954 12.157783
62.062062 2.004181 10.398307 -5.994820 12.168788
62.162162 2.005772 10.409794 -5.996688 12.179786
62.262262 2.007362 10.421270 -5.998555 12.190776
62.362362 2.008951 10.432732 -6.000422 12.201756
62.462462 2.010537 10.444182 -6.002288 12.212726
62.562563 2.012123 10.455620 -6.004153 12.223686
62.662663 2.013707 10.467048 -6.006019 12.234638
62.762763 2.015290 10.478466 -6.007886 12.245584
62.862863 2.016872 10.489876 -6.009756 12.256526
62.962963 2.018454 10.501280 -6.011627 12.267465
63.063063 2.020036 10.512676 -6.013501 12.278400
63.163163 2.021617 10.524066 -6.015378 12.289332
63.263263 2.023198 10.535452 -6.017259 12.300264
63.363363 2.024780 10.546834 -6.019144 12.311196
63.463463 2.026361 10.558211 -6.021033 12.322126
63.563564 2.027942 10.569582 -6.022924 12.333054
63.663664 2.029522 10.580948 -6.024819 12.343981
63.763764 2.031103 10.592310 -6.026718 12.354908
63.863864 2.032684 10.603668 -6.028621 12.365834
63.963964 2.034265 10.615023 -6.030529 12.376761
64.064064 2.035847 10.626376 -6.032442 12.387692
64.164164 2.037429 10.637728 -6.034361 12.398624
64.264264 2.039011 10.649077 -6.036284 12.409558
64.364364 2.040593 10.660420 -6.038210 12.420490
64.464464 2.042175 10.671756 -6.040139 12.431417
64.564565 2.043756 10.683084 -6.042069 12.442340
64.664665 2.045335 10.694402 -6.044000 12.453255
64.764765 2.046914 10.705708 -6.045930 12.464161
64.864865 2.048491 10.717007 -6.047862 12.475063
64.964965 2.050069 10.728301 -6.049798 12.485964
65.065065 2.051646 10.739589 -6.051737 12.496862
65.165165 2.053223 10.750873 -6.053679 12.507758
65.265265 2.054799 10.762146 -6.055621 12.518648
65.365365 2.056374 10.773405 -6.057562 12.529525
65.465465 2.057946 10.784649 -6.059500 12.540389
65.565566 2.059516 10.795877 -6.061436 12.551238
65.665666 2.061083 10.807091 -6.063369 12.562075
65.765766 2.062649 10.818290 -6.065301 12.572899
65.865866 2.064213 10.829474 -6.067230 12.583710
65.965966 2.065775 10.840642 -6.069156 12.594507
66.066066 2.067334 10.851795 -6.071080 12.605290
66.166166 2.068892 10.862934 -6.073002 12.616061
66.266266 2.070448 10.874059 -6.074922 12.626820
66.366366 2.072002 10.885171 -6.076841 12.637568
66.466466 2.073554 10.896270 -6.078758 12.648305
66.566567 2.075105 10.907358 -6.080675 12.659033
66.666667 2.076655 10.918435 -6.082593 12.669754
66.766767 2.078204 10.929505 -6.084512 12.680469
66.866867 2.079752 10.940566 -6.086433 12.691179
66.966967 2.081300 10.951621 -6.088355 12.701885
67.067067 2.082848 10.962671 -6.090281 12.712590
67.167167 2.084395 10.973714 -6.092209 12.723290
67.267267 2.085942 10.984750 -6.094139 12.733986
67.367367 2.087488 10.995779 -6.096071 12.744679
67.467467 2.089034 11.006803 -6.098007 12.755370
67.567568 2.090579 11.017822 -6.099944 12.766058
67.667668 2.092125 11.028836 -6.101886 12.776745
67.767768 2.093671 11.039849 -6.103832 12.787435
67.867868 2.095218 11.050864 -6.105786 12.798131
67.967968 2.096766 11.061882 -6.107747 12.808834
68.068068 2.098316 11.072903 -6.109715 12.819545
68.168168 2.099867 11.083926 -6.111690 12.830262
68.268268 2.101420 11.094953 -6.113673 12.840987
68.368368 2.102974 11.105986 -6.115665 12.851723
68.468468 2.104530 11.117025 -6.117666 12.862470
68.568569 2.106088 11.128068 -6.119676 12.873225
68.668669 2.107648 11.139118 -6.121695 12.883993
68.768769 2.109211 11.150178 -6.123725 12.894776
68.868869 2.110777 11.161252 -6.125768 12.905578
68.968969 2.112346 11.172341 -6.127825 12.916402
69.069069 2.113919 11.183442 -6.129895 12.927244
69.169169 2.115494 11.194556 -6.131977 12.938105
69.269269 2.117074 11.205686 -6.134074 12.948987
69.369369 2.118657 11.216832 -6.136185 12.959892
69.469469 2.120244 11.227994 -6.138310 12.970819
69.569570 2.121835 11.239172 -6.140450 12.981768
69.669670 2.123429 11.250365 -6.142604 12.992739
69.769770 2.125027 11.261575 -6.144772 13.003731
69.869870 2.126628 11.272797 -6.146953 13.014743
69.969970 2.128233 11.284033 -6.149147 13.025774
70.070070 2.129841 11.295286 -6.151355 13.036828
70.170170 2.131454 11.306556 -6.153579 13.047905
70.270270 2.133070 11.317840 -6.155815 13.059003
70.370370 2.134689 11.329140 -6.158066 13.070121
70.470470 2.136312 11.340452 -6.160329 13.081259
70.570571 2.137937 11.351774 -6.162603 13.092411
70.670671 2.139564 11.363104 -6.164886 13.103576
70.770771 2.141194 11.374442 -6.167180 13.114753
70.870871 2.142826 11.385789 -6.169483 13.125944
70.970971 2.144460 11.397146 -6.171797 13.137151
71.071071 2.146097 11.408511 -6.174122 13.148370
71.171171 2.147736 11.419883 -6.176455 13.159601
71.271271 2.149377 11.431263 -6.178799 13.170845
71.371371 2.151021 11.442652 -6.181152 13.182102
71.471471 2.152666 11.454049 -6.183515 13.193372
71.571572 2.154314 11.465455 -6.185889 13.204657
71.671672 2.155965 11.476871 -6.188273 13.215955
71.771772 2.157618 11.488294 -6.190666 13.227266
71.871872 2.159273 11.499726 -6.193070 13.238590
71.971972 2.160930 11.511166 -6.195483 13.249927
72.072072 2.162589 11.522612 -6.197905 13.261275
72.172172 2.164250 11.534064 -6.200335 13.272632
72.272272 2.165912 11.545518 -6.202771 13.283995
72.372372 2.167574 11.556972 -6.205213 13.295362
72.472472 2.169237 11.568423 -6.207659 13.306728
72.572573 2.170900 11.579872 -6.210109 13.318096
72.672673 2.172564 11.591319 -6.212563 13.329465
72.772773 2.174227 11.602762 -6.215020 13.340833
72.872873 2.175890 11.614199 -6.217479 13.352197
72.972973 2.177553 11.625631 -6.219940 13.363558
73.073073 2.179215 11.637059 -6.222405 13.374918
73.173173 2.180878 11.648485 -6.224874 13.386280
73.273273 2.182542 11.659914 -6.227349 13.397648
73.373373 2.184208 11.671346 -6.229832 13.409023
73.473473 2.185875 11.682786 -6.232323 13.420409
73.573574 2.187545 11.694234 -6.234824 13.431808
73.673674 2.189217 11.705689 -6.237334 13.443220
73.773774 2.190891 11.717153 -6.239854 13.454645
73.873874 2.192567 11.728625 -6.242384 13.466082
73.973974 2.194245 11.740106 -6.244923 13.477532
74.074074 2.195926 11.751597 -6.247472 13.488997
74.174174 2.197610 11.763098 -6.250033 13.500477
74.274274 2.199297 11.774612 -6.252604 13.511975
74.374374 2.200987 11.786140 -6.255189 13.523492
74.474474 2.202680 11.797682 -6.257786 13.535028
74.574575 2.204376 11.809236 -6.260395 13.546582
74.674675 2.206076 11.820805 -6.263016 13.558155
74.774775 2.207779 11.832389 -6.265650 13.569749
74.874875 2.209485 11.843988 -6.268297 13.581363
74.974975 2.211195 11.855598 -6.270956 13.592993
75.075075 2.212906 11.867215 -6.273623 13.604635
75.175175 2.214618 11.878835 -6.276296 13.616283
75.275275 2.216332 11.890457 -6.278975 13.627935
75.375375 2.218046 11.902081 -6.281660 13.639593
75.475475 2.219762 11.913707 -6.284352 13.651258
75.575576 2.221479 11.925339 -6.287052 13.662932
75.675676 2.223198 11.936977 -6.289759 13.674615
75.775776 2.224919 11.948621 -6.292475 13.686309
75.875876 2.226642 11.960273 -6.295200 13.698015
75.975976 2.228368 11.971938 -6.297936 13.709738
76.076076 2.230096 11.983614 -6.300684 13.721478
76.176176 2.231828 11.995303 -6.303443 13.733235
76.276276 2.233563 12.007006 -6.306214 13.745011
76.376376 2.235301 12.018725 -6.308998 13.756808
76.476476 2.237044 12.030461 -6.311796 13.768628
76.576577 2.238790 12.042216 -6.314609 13.780473
76.676677 2.240541 12.053991 -6.317438 13.792344
76.776777 2.242297 12.065787 -6.320282 13.804241
76.876877 2.244056 12.077603 -6.323141 13.816164
76.976977 2.245820 12.089439 -6.326015 13.828113
77.077077 2.247589 12.101295 -6.328906 13.840089
77.177177 2.249363 12.113175 -6.331813 13.852094
77.277277 2.251141 12.125078 -6.334737 13.864128
77.377377 2.252924 12.137003 -6.337677 13.876190
77.477477 2.254712 12.148948 -6.340632 13.888279
77.577578 2.256503 12.160911 -6.343602 13.900390
77.677678 2.258298 12.172888 -6.346584 13.912521
77.777778 2.260095 12.184879 -6.349577 13.924670
77.877878 2.261896 12.196881 -6.352581 13.936835
77.977978 2.263699 12.208891 -6.355594 13.949012
78.078078 2.265503 12.220910 -6.358616 13.961202
78.178178 2.267311 12.232938 -6.361648 13.973405
78.278278 2.269121 12.244978 -6.364690 13.985624
78.378378 2.270934 12.257032 -6.367745 13.997862
78.478478 2.272750 12.269100 -6.370811 14.010119
78.578579 2.274569 12.281178 -6.373887 14.022390
78.678679 2.276390 12.293266 -6.376973 14.034676
78.778779 2.278214 12.305365 -6.380069 14.046976
78.878879 2.280041 12.317476 -6.383176 14.059293
78.978979 2.281871 12.329601 -6.386295 14.071630
79.079079 2.283704 12.341739 -6.389426 14.083984
79.179179 2.285540 12.353889 -6.392567 14.096353
79.279279 2.287379 12.366052 -6.395719 14.108741
79.379379 2.289220 12.378227 -6.398882 14.121145
79.479479 2.291064 12.390412 -6.402055 14.133562
79.579580 2.292911 12.402605 -6.405236 14.145993
79.679680 2.294759 12.414808 -6.408428 14.158436
79.779780 2.296610 12.427021 -6.411629 14.170895
79.879880 2.298463 12.439242 -6.414838 14.183365
79.979980 2.300318 12.451467 -6.418054 14.195842
80.080080 2.302173 12.463696 -6.421276 14.208325
80.180180 2.304030 12.475924 -6.424503 14.220811
80.280280 2.305886 12.488150 -6.427733 14.233297
80.380380 2.307742 12.500373 -6.430966 14.245783
80.480480 2.309599 12.512594 -6.434202 14.258268
80.580581 2.311455 12.524810 -6.437440 14.270751
80.680681 2.313311 12.537022 -6.440680 14.283231
80.780781 2.315166 12.549225 -6.443921 14.295704
80.880881 2.317020 12.561416 -6.447159 14.308166
80.980981 2.318870 12.573590 -6.450393 14.320611
81.081081 2.320718 12.585744 -6.453622 14.333036
81.181181 2.322563 12.597879 -6.456845 14.345442
81.281281 2.324405 12.609995 -6.460063 14.357829
81.381381 2.326243 12.622089 -6.463273 14.370193
81.481481 2.328078 12.634162 -6.466478 14.382536
81.581582 2.329911 12.646219 -6.469678 14.394863
81.681682 2.331742 12.658264 -6.472876 14.407178
81.781782 2.333571 12.670296 -6.476073 14.419482
81.881882 2.335398 12.682314 -6.479266 14.431773
81.981982 2.337223 12.694317 -6.482457 14.444049
82.082082 2.339046 12.706304 -6.485643 14.456309
82.182182 2.340866 12.718275 -6.488825 14.468553
82.282282 2.342684 12.730231 -6.492004 14.480782
82.382382 2.344500 12.742172 -6.495180 14.492998
82.482482 2.346314 12.754101 -6.498353 14.505202
82.582583 2.348127 12.766018 -6.501526 14.517395
82.682683 2.349938 12.777926 -6.504697 14.529579
82.782783 2.351748 12.789821 -6.507866 14.541753
82.882883 2.353555 12.801702 -6.511033 14.553912
82.982983 2.355361 12.813569 -6.514196 14.566057
83.083083 2.357165 12.825425 -6.517358 14.578193
83.183183 2.358968 12.837273 -6.520520 14.590322
83.283283 2.360770 12.849113 -6.523682 14.602444
83.383383 2.362571 12.860939 -6.526842 14.614553
83.483483 2.364369 12.872750 -6.529997 14.626646
83.583584 2.366164 12.884546 -6.533150 14.638726
83.683684 2.367958 12.896328 -6.536299 14.650792
83.783784 2.369750 12.908097 -6.539446 14.662845
83.883884 2.371540 12.919854 -6.542592 14.674888
83.983984 2.373329 12.931601 -6.545736 14.686921
84.084084 2.375117 12.943337 -6.548878 14.698944
84.184184 2.376903 12.955063 -6.552020 14.710958
84.284284 2.378687 12.966775 -6.555159 14.722959
84.384384 2.380470 12.978477 -6.558297 14.734951
84.484484 2.382252 12.990171 -6.561434 14.746935
84.584585 2.384033 13.001856 -6.564572 14.758912
84.684685 2.385813 13.013534 -6.567710 14.770883
84.784785 2.387592 13.025206 -6.570849 14.782850
84.884885 2.389372 13.036875 -6.573990 14.794815
84.984985 2.391151 13.048539 -6.577133 14.806777
85.085085 2.392930 13.060200 -6.580279 14.818739
85.185185 2.394709 13.071859 -6.583427 14.830699
85.285285 2.396488 13.083515 -6.586578 14.842659
85.385385 2.398268 13.095171 -6.589733 14.854622
85.485485 2.400049 13.106830 -6.592894 14.866589
85.585586 2.401830 13.118491 -6.596059 14.878561
85.685686 2.403613 13.130153 -6.599229 14.890537
85.785786 2.405396 13.141817 -6.602404 14.902517
85.885886 2.407180 13.153483 -6.605584 14.914502
85.985986 2.408965 13.165150 -6.608769 14.926491
86.086086 2.410751 13.176819 -6.611958 14.938483
86.186186 2.412538 13.188490 -6.615153 14.950480
86.286286 2.414326 13.200168 -6.618355 14.962488
86.386386 2.416116 13.211854 -6.621564 14.974506
86.486486 2.417909 13.223548 -6.624782 14.986535
86.586587 2.419703 13.235249 -6.628007 14.998575
86.686687 2.421499 13.246958 -6.631240 15.010626
86.786787 2.423297 13.258674 -6.634480 15.022687
86.886887 2.425097 13.270397 -6.637728 15.034758
86.986987 2.426899 13.282129 -6.640984 15.046842
87.087087 2.428703 13.293873 -6.644250 15.058941
87.187187 2.430511 13.305629 -6.647526 15.071057
87.287287 2.432321 13.317400 -6.650813 15.083191
87.387387 2.434134 13.329185 -6.654111 15.095343
87.487487 2.435951 13.340983 -6.657420 15.107512
87.587588 2.437771 13.352798 -6.660740 15.119703
87.687688 2.439595 13.364631 -6.664073 15.131915
87.787788 2.441422 13.376481 -6.667419 15.144149
87.887888 2.443254 13.388350 -6.670778 15.156407
87.987988 2.445090 13.400242 -6.674152 15.168693
88.088088 2.446931 13.412158 -6.677542 15.181009
88.188188 2.448777 13.424099 -6.680949 15.193355
88.288288 2.450628 13.436066 -6.684371 15.205731
88.388388 2.452484 13.448058 -6.687811 15.218139
88.488488 2.454346 13.460076 -6.691267 15.230579
88.588589 2.456213 13.472120 -6.694739 15.243048
88.688689 2.458085 13.484189 -6.698228 15.255549
88.788789 2.459962 13.496284 -6.701733 15.268081
88.888889 2.461844 13.508404 -6.705254 15.280644
88.988989 2.463731 13.520549 -6.708792 15.293238
89.089089 2.465623 13.532721 -6.712346 15.305862
89.189189 2.467521 13.544919 -6.715918 15.318520
89.289289 2.469424 13.557144 -6.719507 15.331210
89.389389 2.471333 13.569395 -6.723111 15.343930
89.489489 2.473247 13.581673 -6.726733 15.356683
89.589590 2.475166 13.593978 -6.730372 15.369470
89.689690 2.477091 13.606314 -6.734030 15.382293
89.789790 2.479023 13.618684 -6.737709 15.395156
89.889890 2.480961 13.631087 -6.741407 15.408058
89.989990 2.482906 13.643520 -6.745124 15.420998
90.090090 2.484856 13.655982 -6.748859 15.433970
90.190190 2.486812 13.668472 -6.752611 15.446978
90.290290 2.488773 13.680991 -6.756382 15.460020
90.390390 2.490741 13.693540 -6.760171 15.473097
90.490490 2.492714 13.706117 -6.763977 15.486208
90.590591 2.494692 13.718722 -6.767800 15.499353
90.690691 2.496676 13.731354 -6.771641 15.512530
90.790791 2.498665 13.744010 -6.775497 15.525737
90.890891 2.500658 13.756690 -6.779368 15.538971
90.990991 2.502657 13.769393 -6.783254 15.552235
91.091091 2.504659 13.782118 -6.787155 15.565525
91.191191 2.506666 13.794864 -6.791069 15.578841
91.291291 2.508677 13.807630 -6.794997 15.592181
91.391391 2.510693 13.820417 -6.798938 15.605546
91.491491 2.512712 13.833221 -6.802892 15.618933
91.591592 2.514734 13.846043 -6.806858 15.632342
91.691692 2.516761 13.858886 -6.810838 15.645776
91.791792 2.518792 13.871750 -6.814831 15.659236
91.891892 2.520828 13.884636 -6.818839 15.672724
91.991992 2.522869 13.897547 -6.822863 15.686240
92.092092 2.524914 13.910480 -6.826901 15.699784
92.192192 2.526963 13.923436 -6.830954 15.713356
92.292292 2.529018 13.936414 -6.835021 15.726954
92.392392 2.531076 13.949413 -6.839101 15.740577
92.492492 2.533138 13.962432 -6.843196 15.754226
92.592593 2.535206 13.975475 -6.847304 15.767902
92.692693 2.537277 13.988538 -6.851427 15.781603
92.792793 2.539352 14.001619 -6.855562 15.795328
92.892893 2.541431 14.014720 -6.859709 15.809075
92.992993 2.543514 14.027838 -6.863869 15.822845
93.093093 2.545600 14.040973 -6.868040 15.836634
93.193193 2.547689 14.054123 -6.872222 15.850443
93.293293 2.549781 14.067284 -6.876413 15.864266
93.393393 2.551876 14.080456 -6.880613 15.878102
93.493493 2.553972 14.093636 -6.884820 15.891950
93.593594 2.556069 14.106822 -6.889033 15.905807
93.693694 2.558168 14.120012 -6.893251 15.919670
93.793794 2.560268 14.133207 -6.897475 15.933539
93.893894 2.562370 14.146407 -6.901706 15.947418
93.993994 2.564473 14.159613 -6.905942 15.961304
94.094094 2.566577 14.172822 -6.910183 15.975195
94.194194 2.568682 14.186035 -6.914430 15.989092
94.294294 2.570789 14.199253 -6.918682 16.002996
94.394394 2.572896 14.212474 -6.922938 16.016906
94.494494 2.575005 14.225697 -6.927200 16.030821
94.594595 2.577114 14.238924 -6.931466 16.044740
94.694695 2.579224 14.252153 -6.935737 16.058665
94.794795 2.581336 14.265386 -6.940013 16.072595
94.894895 2.583448 14.278621 -6.944293 16.086529
94.994995 2.585561 14.291860 -6.948578 16.100470
95.095095 2.587675 14.305101 -6.952868 16.114414
95.195195 2.589790 14.318345 -6.957162 16.128364
95.295295 2.591906 14.331592 -6.961461 16.142319
95.395395 2.594023 14.344840 -6.965764 16.156276
95.495495 2.596140 14.358087 -6.970069 16.170234
95.595596 2.598257 14.371332 -6.974377 16.184192
95.695696 2.600374 14.384573 -6.978686 16.198146
95.795796 2.602489 14.397804 -6.982994 16.212092
95.895896 2.604603 14.411023 -6.987298 16.226025
95.995996 2.606714 14.424228 -6.991600 16.239944
96.096096 2.608823 14.437420 -6.995898 16.253850
96.196196 2.610931 14.450600 -7.000193 16.267744
96.296296 2.613038 14.463771 -7.004488 16.281631
96.396396 2.615143 14.476935 -7.008782 16.295510
96.496496 2.617249 14.490094 -7.013076 16.309385
96.596597 2.619354 14.503250 -7.017373 16.323260
96.696697 2.621459 14.516405 -7.021672 16.337134
96.796797 2.623564 14.529556 -7.025972 16.351005
96.896897 2.625668 14.542700 -7.030272 16.364870
96.996997 2.627771 14.555837 -7.034572 16.378730
97.097097 2.629874 14.568966 -7.038871 16.392582
97.197197 2.631975 14.582088 -7.043170 16.406427
97.297297 2.634076 14.595205 -7.047470 16.420268
97.397397 2.636177 14.608320 -7.051771 16.434108
97.497497 2.638278 14.621431 -7.056074 16.447947
97.597598 2.640378 14.634539 -7.060379 16.461782
97.697698 2.642478 14.647641 -7.064684 16.475614
97.797798 2.644577 14.660738 -7.068989 16.489440
97.897898 2.646675 14.673827 -7.073293 16.503259
97.997998 2.648772 14.686904 -7.077595 16.517066
98.098098 2.650866 14.699968 -7.081894 16.530861
98.198198 2.652959 14.713018 -7.086189 16.544642
98.298298 2.655049 14.726053 -7.090479 16.558406
98.398398 2.657136 14.739070 -7.094764 16.572152
98.498498 2.659220 14.752065 -7.099042 16.585876
98.598599 2.661300 14.765036 -7.103311 16.599573
98.698699 2.663375 14.777981 -7.107570 16.613243
98.798799 2.665446 14.790898 -7.111820 16.626883
98.898899 2.667512 14.803786 -7.116058 16.640493
98.998999 2.669574 14.816647 -7.120286 16.654072
99.099099 2.671630 14.829480 -7.124504 16.667622
99.199199 2.673682 14.842283 -7.128710 16.681141
99.299299 2.675729 14.855057 -7.132905 16.694627
99.399399 2.677772 14.867801 -7.137089 16.708082
99.499499 2.679808 14.880515 -7.141262 16.721505
99.599600 2.681840 14.893196 -7.145421 16.734891
99.699700 2.683865 14.905840 -7.149566 16.748239
99.799800 2.685884 14.918448 -7.153697 16.761547
99.899900 2.687897 14.931020 -7.157813 16.774815
100.000000 2.689904 14.943556 -7.161915 16.788046
