0.000000 0.560032 -0.738139 0.580377 1.093308
0.100100 0.628814 -0.753843 0.505539 1.104200
0.200200 0.694306 -0.765639 0.428131 1.118731
0.300300 0.756321 -0.773639 0.348649 1.136704
0.400400 0.814744 -0.777995 0.267573 1.157877
0.500501 0.869544 -0.778922 0.185365 1.182026
0.600601 0.920744 -0.776653 0.102445 1.208906
0.700701 0.968363 -0.771390 0.019180 1.238199
0.800801 1.012471 -0.763356 -0.064104 1.269614
0.900901 1.053214 -0.752810 -0.147127 1.302931
1.001001 1.090739 -0.739988 -0.229652 1.337921
1.101101 1.125213 -0.725120 -0.311490 1.374383
1.201201 1.156841 -0.708440 -0.392494 1.412168
1.301301 1.185805 -0.690152 -0.472549 1.451119
1.401401 1.212240 -0.670416 -0.551552 1.491037
1.501502 1.236293 -0.649386 -0.629427 1.531764
1.601602 1.258106 -0.627200 -0.706118 1.573154
1.701702 1.277815 -0.603988 -0.781584 1.615081
1.801802 1.295620 -0.579899 -0.855843 1.657522
1.901902 1.311729 -0.555072 -0.928940 1.700490
2.002002 1.326301 -0.529616 -1.000904 1.743954
2.102102 1.339430 -0.503607 -1.071736 1.787822
2.202202 1.351181 -0.477102 -1.141422 1.831983
2.302302 1.361625 -0.450157 -1.209961 1.876345
2.402402 1.370856 -0.422834 -1.277379 1.920867
2.502503 1.378969 -0.395187 -1.343711 1.965525
2.602603 1.386055 -0.367269 -1.409000 2.010303
2.702703 1.392176 -0.339118 -1.473264 2.055155
2.802803 1.397390 -0.310768 -1.536525 2.100044
2.902903 1.401789 -0.282259 -1.598847 2.144993
3.003003 1.405457 -0.253625 -1.660291 2.190023
3.103103 1.408450 -0.224892 -1.720892 2.235123
3.203203 1.410796 -0.196079 -1.780658 2.280249
3.303303 1.412541 -0.167205 -1.839623 2.325391
3.403403 1.413744 -0.138290 -1.897836 2.370565
3.503504 1.414442 -0.109348 -1.955325 2.415761
3.603604 1.414658 -0.080393 -2.012104 2.460951
3.703704 1.414408 -0.051434 -2.068175 2.506101
3.803804 1.413708 -0.022483 -2.123541 2.551177
3.903904 1.412564 0.006452 -2.178193 2.596133
4.004004 1.410987 0.035360 -2.232131 2.640936
4.104104 1.408991 0.064235 -2.285360 2.685564
4.204204 1.406614 0.093068 -2.337925 2.730040
4.304304 1.403898 0.121854 -2.389879 2.774401
4.404404 1.400876 0.150589 -2.441263 2.818669
4.504505 1.397580 0.179271 -2.492124 2.862875
4.604605 1.394039 0.207896 -2.542498 2.907037
4.704705 1.390274 0.236463 -2.592416 2.951169
4.804805 1.386298 0.264969 -2.641891 2.995266
4.904905 1.382115 0.293410 -2.690922 3.039307
5.005005 1.377736 0.321784 -2.739523 3.083292
5.105105 1.373177 0.350090 -2.787715 3.127224
5.205205 1.368446 0.378327 -2.835509 3.171102
5.305305 1.363554 0.406493 -2.882916 3.214922
5.405405 1.358512 0.434588 -2.929955 3.258690
5.505506 1.353325 0.462610 -2.976632 3.302399
5.605606 1.348000 0.490559 -3.022953 3.346042
5.705706 1.342551 0.518435 -3.068944 3.389637
5.805806 1.336994 0.546243 -3.114633 3.433201
5.905906 1.331330 0.573980 -3.160023 3.476728
6.006006 1.325561 0.601645 -3.205109 3.520200
6.106106 1.319686 0.629233 -3.249883 3.563600
6.206206 1.313705 0.656743 -3.294344 3.606915
6.306306 1.307629 0.684178 -3.338511 3.650158
6.406406 1.301465 0.711537 -3.382397 3.693332
6.506507 1.295211 0.738820 -3.425996 3.736425
6.606607 1.288871 0.766025 -3.469311 3.779431
6.706707 1.282451 0.793153 -3.512352 3.822354
6.806807 1.275956 0.820206 -3.555132 3.865199
6.906907 1.269389 0.847183 -3.597655 3.907965
7.007007 1.262754 0.874085 -3.639927 3.950651
7.107107 1.256057 0.900914 -3.681961 3.993265
7.207207 1.249305 0.927673 -3.723777 4.035821
7.307307 1.242503 0.954365 -3.765383 4.078325
7.407407 1.235654 0.980991 -3.806789 4.120780
7.507508 1.228763 1.007553 -3.848005 4.163191
7.607608 1.221835 1.034053 -3.889044 4.205569
7.707708 1.214873 1.060492 -3.929913 4.247914
7.807808 1.207881 1.086874 -3.970622 4.290234
7.907908 1.200862 1.113199 -4.011182 4.332535
8.008008 1.193817 1.139469 -4.051593 4.374814
8.108108 1.186748 1.165684 -4.091861 4.417071
8.208208 1.179661 1.191848 -4.132001 4.459320
8.308308 1.172561 1.217966 -4.172031 4.501575
8.408408 1.165446 1.244035 -4.211943 4.543826
8.508509 1.158315 1.270053 -4.251732 4.586061
8.608609 1.151171 1.296023 -4.291407 4.628287
8.708709 1.144015 1.321947 -4.330973 4.670508
8.808809 1.136848 1.347822 -4.370427 4.712715
8.908909 1.129670 1.373651 -4.409774 4.754911
9.009009 1.122482 1.399433 -4.449016 4.797096
9.109109 1.115286 1.425168 -4.488153 4.839265
9.209209 1.108079 1.450855 -4.527180 4.881411
9.309309 1.100860 1.476491 -4.566087 4.923522
9.409409 1.093632 1.502078 -4.604888 4.965608
9.509510 1.086398 1.527620 -4.643589 5.007674
9.609610 1.079157 1.553116 -4.682192 5.049720
9.709710 1.071913 1.578570 -4.720707 5.091753
9.809810 1.064666 1.603983 -4.759138 5.133777
9.909910 1.057417 1.629356 -4.797487 5.175791
10.010010 1.050164 1.654685 -4.835746 5.217784
10.110110 1.042909 1.679970 -4.873916 5.259754
10.210210 1.035653 1.705217 -4.912009 5.301715
10.310310 1.028397 1.730426 -4.950029 5.343666
10.410410 1.021144 1.755598 -4.987982 5.385612
10.510511 1.013894 1.780737 -5.025872 5.427558
10.610611 1.006646 1.805841 -5.063700 5.469503
10.710711 0.999402 1.830910 -5.101466 5.511442
10.810811 0.992161 1.855944 -5.139166 5.553371
10.910911 0.984922 1.880941 -5.176799 5.595289
11.011011 0.977685 1.905900 -5.214360 5.637187
11.111111 0.970450 1.930822 -5.251853 5.679068
11.211211 0.963218 1.955707 -5.289277 5.720929
11.311311 0.955988 1.980553 -5.326629 5.762766
11.411411 0.948759 2.005361 -5.363909 5.804579
11.511512 0.941534 2.030132 -5.401121 5.846369
11.611612 0.934313 2.054868 -5.438272 5.888143
11.711712 0.927096 2.079570 -5.475364 5.929902
11.811812 0.919883 2.104236 -5.512390 5.971636
11.911912 0.912673 2.128862 -5.549342 6.013337
12.012012 0.905465 2.153449 -5.586223 6.055006
12.112112 0.898260 2.177998 -5.623035 6.096644
12.212212 0.891058 2.202509 -5.659777 6.138250
12.312312 0.883861 2.226984 -5.696455 6.179827
12.412412 0.876667 2.251422 -5.733067 6.221374
12.512513 0.869477 2.275820 -5.769607 6.262884
12.612613 0.862289 2.300177 -5.806068 6.304346
12.712713 0.855102 2.324489 -5.842446 6.345757
12.812813 0.847917 2.348756 -5.878739 6.387111
12.912913 0.840733 2.372977 -5.914942 6.428405
13.013013 0.833551 2.397154 -5.951063 6.469645
13.113113 0.826372 2.421290 -5.987108 6.510837
13.213213 0.819195 2.445382 -6.023071 6.551974
13.313313 0.812020 2.469428 -6.058948 6.593049
13.413413 0.804848 2.493429 -6.094741 6.634066
13.513514 0.797678 2.517387 -6.130454 6.675028
13.613614 0.790511 2.541301 -6.166085 6.715930
13.713714 0.783346 2.565169 -6.201629 6.756769
13.813814 0.776183 2.588989 -6.237085 6.797540
13.913914 0.769023 2.612765 -6.272457 6.838249
14.014014 0.761867 2.636502 -6.307761 6.878912
14.114114 0.754717 2.660202 -6.343003 6.919534
14.214214 0.747574 2.683869 -6.378187 6.960121
14.314314 0.740437 2.707504 -6.413320 7.000678
14.414414 0.733306 2.731106 -6.448400 7.041203
14.514515 0.726183 2.754674 -6.483424 7.081691
14.614615 0.719065 2.778208 -6.518391 7.122143
14.714715 0.711954 2.801708 -6.553301 7.162555
14.814815 0.704849 2.825172 -6.588149 7.202924
14.914915 0.697750 2.848599 -6.622935 7.243248
15.015015 0.690658 2.871991 -6.657664 7.283531
15.115115 0.683571 2.895347 -6.692331 7.323769
15.215215 0.676491 2.918669 -6.726941 7.363966
15.315315 0.669417 2.941955 -6.761491 7.404119
15.415415 0.662349 2.965204 -6.795978 7.444223
15.515516 0.655288 2.988417 -6.830405 7.484282
15.615616 0.648233 3.011594 -6.864771 7.524292
15.715716 0.641184 3.034734 -6.899074 7.564255
15.815816 0.634142 3.057838 -6.933318 7.604170
15.915916 0.627106 3.080905 -6.967500 7.644036
16.016016 0.620076 3.103937 -7.001622 7.683855
16.116116 0.613054 3.126935 -7.035690 7.723632
16.216216 0.606039 3.149898 -7.069701 7.763364
16.316316 0.599030 3.172828 -7.103655 7.803050
16.416416 0.592029 3.195725 -7.137560 7.842699
16.516517 0.585036 3.218592 -7.171416 7.882310
16.616617 0.578050 3.241427 -7.205223 7.921883
16.716717 0.571073 3.264232 -7.238983 7.961420
16.816817 0.564103 3.287006 -7.272693 8.000918
16.916917 0.557140 3.309748 -7.306353 8.040374
17.017017 0.550185 3.332456 -7.339958 8.079787
17.117117 0.543237 3.355130 -7.373507 8.119151
17.217217 0.536296 3.377769 -7.407001 8.158469
17.317317 0.529363 3.400376 -7.440442 8.197741
17.417417 0.522437 3.422947 -7.473825 8.236964
17.517518 0.515518 3.445484 -7.507152 8.276137
17.617618 0.508607 3.467987 -7.540426 8.315266
17.717718 0.501703 3.490459 -7.573651 8.354352
17.817818 0.494808 3.512898 -7.606822 8.393392
17.917918 0.487919 3.535300 -7.639932 8.432376
18.018018 0.481037 3.557662 -7.672975 8.471298
18.118118 0.474161 3.579984 -7.705951 8.510158
18.218218 0.467293 3.602271 -7.738867 8.548964
18.318318 0.460433 3.624525 -7.771733 8.587724
18.418418 0.453580 3.646747 -7.804547 8.626439
18.518519 0.446736 3.668934 -7.837307 8.665105
18.618619 0.439898 3.691086 -7.870008 8.703715
18.718719 0.433068 3.713200 -7.902647 8.742267
18.818819 0.426245 3.735275 -7.935221 8.780757
18.918919 0.419429 3.757312 -7.967731 8.819186
19.019019 0.412620 3.779309 -8.000175 8.857552
19.119119 0.405818 3.801268 -8.032554 8.895855
19.219219 0.399024 3.823189 -8.064871 8.934100
19.319319 0.392237 3.845072 -8.097127 8.972285
19.419419 0.385457 3.866918 -8.129321 9.010410
19.519520 0.378685 3.888725 -8.161451 9.048473
19.619620 0.371920 3.910495 -8.193519 9.086476
19.719720 0.365163 3.932229 -8.225529 9.124423
19.819820 0.358414 3.953930 -8.257486 9.162319
19.919920 0.351673 3.975598 -8.289391 9.200166
20.020020 0.344940 3.997232 -8.321244 9.237962
20.120120 0.338215 4.018834 -8.353046 9.275710
20.220220 0.331498 4.040407 -8.384803 9.313415
20.320320 0.324789 4.061948 -8.416510 9.351072
20.420420 0.318088 4.083456 -8.448167 9.388681
20.520521 0.311395 4.104932 -8.479774 9.426240
20.620621 0.304711 4.126379 -8.511334 9.463755
20.720721 0.298035 4.147796 -8.542851 9.501228
20.820821 0.291367 4.169184 -8.574323 9.538659
20.920921 0.284708 4.190542 -8.605751 9.576046
21.021021 0.278057 4.211872 -8.637136 9.613392
21.121121 0.271415 4.233172 -8.668476 9.650693
21.221221 0.264781 4.254445 -8.699776 9.687957
21.321321 0.258155 4.275695 -8.731045 9.725192
21.421421 0.251539 4.296923 -8.762282 9.762397
21.521522 0.244931 4.318125 -8.793484 9.799569
21.621622 0.238331 4.339302 -8.824651 9.836707
21.721722 0.231741 4.360455 -8.855782 9.873811
21.821822 0.225158 4.381582 -8.886878 9.910880
21.921922 0.218585 4.402684 -8.917938 9.947916
22.022022 0.212020 4.423761 -8.948961 9.984915
22.122122 0.205463 4.444812 -8.979947 10.021877
22.222222 0.198916 4.465838 -9.010898 10.058805
22.322322 0.192376 4.486842 -9.041819 10.095704
22.422422 0.185846 4.507824 -9.072711 10.132577
22.522523 0.179324 4.528783 -9.103570 10.169416
22.622623 0.172811 4.549713 -9.134387 10.206213
22.722723 0.166306 4.570614 -9.165161 10.242965
22.822823 0.159810 4.591486 -9.195888 10.279671
22.922923 0.153321 4.612328 -9.226571 10.316331
23.023023 0.146842 4.633140 -9.257211 10.352946
23.123123 0.140370 4.653921 -9.287800 10.389510
23.223223 0.133907 4.674666 -9.318333 10.426014
23.323323 0.127452 4.695374 -9.348806 10.462455
23.423423 0.121005 4.716043 -9.379215 10.498828
23.523524 0.114567 4.736672 -9.409560 10.535132
23.623624 0.108136 4.757266 -9.439847 10.571376
23.723724 0.101714 4.777824 -9.470080 10.607562
23.823824 0.095300 4.798350 -9.500260 10.643693
23.923924 0.088895 4.818845 -9.530395 10.679775
24.024024 0.082498 4.839313 -9.560488 10.715815
24.124124 0.076110 4.859753 -9.590541 10.751813
24.224224 0.069730 4.880163 -9.620549 10.787762
24.324324 0.063358 4.900542 -9.650508 10.823661
24.424424 0.056995 4.920891 -9.680422 10.859511
24.524525 0.050640 4.941212 -9.710294 10.895317
24.624625 0.044294 4.961506 -9.740126 10.931083
24.724725 0.037956 4.981773 -9.769919 10.966805
24.824825 0.031626 5.002013 -9.799674 11.002488
24.924925 0.025305 5.022230 -9.829393 11.038134
25.025025 0.018993 5.042421 -9.859078 11.073743
25.125125 0.012689 5.062586 -9.888724 11.109312
25.225225 0.006393 5.082724 -9.918330 11.144838
25.325325 0.000106 5.102835 -9.947896 11.180320
25.425425 -0.006173 5.122919 -9.977424 11.215762
25.525526 -0.012443 5.142980 -10.006918 11.251170
25.625626 -0.018705 5.163018 -10.036380 11.286542
25.725726 -0.024958 5.183030 -10.065807 11.321876
25.825826 -0.031203 5.203017 -10.095196 11.357171
25.925926 -0.037440 5.222979 -10.124550 11.392429
26.026026 -0.043668 5.242916 -10.153867 11.427646
26.126126 -0.049888 5.262824 -10.183142 11.462817
26.226226 -0.056099 5.282703 -10.212372 11.497941
26.326326 -0.062302 5.302555 -10.241562 11.533021
26.426426 -0.068496 5.322381 -10.270716 11.568061
26.526527 -0.074683 5.342182 -10.299832 11.603061
26.626627 -0.080860 5.361956 -10.328911 11.638020
26.726727 -0.087030 5.381703 -10.357949 11.672935
26.826827 -0.093190 5.401422 -10.386944 11.707803
26.926927 -0.099343 5.421113 -10.415899 11.742627
27.027027 -0.105487 5.440778 -10.444814 11.777408
27.127127 -0.111623 5.460413 -10.473686 11.812141
27.227227 -0.117750 5.480020 -10.502514 11.846826
27.327327 -0.123869 5.499597 -10.531298 11.881462
27.427427 -0.129979 5.519145 -10.560037 11.916050
27.527528 -0.136081 5.538664 -10.588734 11.950590
27.627628 -0.142174 5.558155 -10.617389 11.985084
27.727728 -0.148260 5.577617 -10.646001 12.019531
27.827828 -0.154336 5.597053 -10.674573 12.053934
27.927928 -0.160405 5.616460 -10.703104 12.088291
28.028028 -0.166464 5.635837 -10.731587 12.122596
28.128128 -0.172516 5.655181 -10.760021 12.156845
28.228228 -0.178559 5.674495 -10.788407 12.191042
28.328328 -0.184593 5.693779 -10.816749 12.225189
28.428428 -0.190619 5.713034 -10.845048 12.259289
28.528529 -0.196637 5.732260 -10.873302 12.293339
28.628629 -0.202646 5.751455 -10.901510 12.327336
28.728729 -0.208647 5.770622 -10.929674 12.361286
28.828829 -0.214639 5.789763 -10.957802 12.395194
28.928929 -0.220623 5.808880 -10.985895 12.429065
29.029029 -0.226599 5.827974 -11.013956 12.462899
29.129129 -0.232567 5.847045 -11.041985 12.496698
29.229229 -0.238527 5.866094 -11.069982 12.530461
29.329329 -0.244478 5.885121 -11.097950 12.564192
29.429429 -0.250422 5.904128 -11.125891 12.597892
29.529530 -0.256357 5.923115 -11.153806 12.631564
29.629630 -0.262285 5.942084 -11.181697 12.665208
29.729730 -0.268205 5.961034 -11.209565 12.698828
29.829830 -0.274116 5.979967 -11.237411 12.732421
29.929930 -0.280020 5.998881 -11.265232 12.765988
30.030030 -0.285916 6.017778 -11.293030 12.799528
30.130130 -0.291804 6.036658 -11.320810 12.833048
30.230230 -0.297685 6.055525 -11.348573 12.866550
30.330330 -0.303558 6.074378 -11.376322 12.900036
30.430430 -0.309423 6.093218 -11.404059 12.933507
30.530531 -0.315281 6.112045 -11.431781 12.966963
30.630631 -0.321131 6.130858 -11.459486 13.000398
30.730731 -0.326974 6.149656 -11.487175 13.033817
30.830831 -0.332809 6.168443 -11.514853 13.067222
30.930931 -0.338636 6.187219 -11.542522 13.100617
31.031031 -0.344457 6.205987 -11.570187 13.134007
31.131131 -0.350270 6.224752 -11.597855 13.167402
31.231231 -0.356077 6.243514 -11.625528 13.200802
31.331331 -0.361876 6.262273 -11.653206 13.234207
31.431431 -0.367669 6.281028 -11.680887 13.267616
31.531532 -0.373455 6.299778 -11.708569 13.301025
31.631632 -0.379234 6.318522 -11.736251 13.334434
31.731732 -0.385006 6.337262 -11.763934 13.367844
31.831832 -0.390771 6.355998 -11.791620 13.401258
31.931932 -0.396529 6.374731 -11.819312 13.434677
32.032032 -0.402281 6.393462 -11.847009 13.468104
32.132132 -0.408026 6.412191 -11.874712 13.501536
32.232232 -0.413764 6.430916 -11.902419 13.534972
32.332332 -0.419496 6.449639 -11.930131 13.568414
32.432432 -0.425220 6.468358 -11.957847 13.601859
32.532533 -0.430939 6.487073 -11.985563 13.635305
32.632633 -0.436650 6.505782 -12.013279 13.668750
32.732733 -0.442354 6.524484 -12.040993 13.702192
32.832833 -0.448052 6.543179 -12.068703 13.735631
32.932933 -0.453743 6.561868 -12.096411 13.769065
33.033033 -0.459427 6.580550 -12.124116 13.802496
33.133133 -0.465104 6.599224 -12.151816 13.835921
33.233233 -0.470775 6.617888 -12.179509 13.869337
33.333333 -0.476438 6.636542 -12.207191 13.902740
33.433433 -0.482094 6.655183 -12.234860 13.936128
33.533534 -0.487743 6.673812 -12.262515 13.969500
33.633634 -0.493385 6.692428 -12.290156 14.002855
33.733734 -0.499019 6.711029 -12.317780 14.036190
33.833834 -0.504647 6.729614 -12.345384 14.069502
33.933934 -0.510266 6.748182 -12.372966 14.102787
34.034034 -0.515879 6.766734 -12.400527 14.136049
34.134134 -0.521484 6.785272 -12.428071 14.169291
34.234234 -0.527082 6.803795 -12.455599 14.202514
34.334334 -0.532673 6.822306 -12.483113 14.235719
34.434434 -0.538257 6.840802 -12.510610 14.268905
34.534535 -0.543834 6.859283 -12.538087 14.302068
34.634635 -0.549404 6.877747 -12.565544 14.335206
34.734735 -0.554966 6.896194 -12.592979 14.368320
34.834835 -0.560521 6.914626 -12.620394 14.401409
34.934935 -0.566068 6.933040 -12.647787 14.434473
35.035035 -0.571608 6.951438 -12.675158 14.467510
35.135135 -0.577141 6.969817 -12.702506 14.500521
35.235235 -0.582667 6.988177 -12.729826 14.533499
35.335335 -0.588185 7.006516 -12.757117 14.566443
35.435435 -0.593695 7.024834 -12.784380 14.599354
35.535536 -0.599198 7.043133 -12.811617 14.632235
35.635636 -0.604693 7.061416 -12.838832 14.665090
35.735736 -0.610182 7.079682 -12.866027 14.697920
35.835836 -0.615663 7.097931 -12.893199 14.730725
35.935936 -0.621137 7.116163 -12.920350 14.763503
36.036036 -0.626604 7.134379 -12.947479 14.796257
36.136136 -0.632064 7.152580 -12.974590 14.828988
36.236236 -0.637516 7.170766 -13.001683 14.861699
36.336336 -0.642962 7.188937 -13.028758 14.894387
36.436436 -0.648401 7.207093 -13.055814 14.927052
36.536537 -0.653833 7.225234 -13.082851 14.959695
36.636637 -0.659258 7.243360 -13.109870 14.992317
36.736737 -0.664676 7.261472 -13.136872 15.024919
36.836837 -0.670087 7.279571 -13.163858 15.057501
36.936937 -0.675492 7.297654 -13.190825 15.090060
37.037037 -0.680889 7.315722 -13.217773 15.122596
37.137137 -0.686280 7.333773 -13.244699 15.155107
37.237237 -0.691663 7.351807 -13.271603 15.187591
37.337337 -0.697039 7.369825 -13.298486 15.220050
37.437437 -0.702408 7.387826 -13.325346 15.252482
37.537538 -0.707770 7.405808 -13.352181 15.284884
37.637638 -0.713125 7.423772 -13.378991 15.317256
37.737738 -0.718472 7.441717 -13.405775 15.349598
37.837838 -0.723812 7.459643 -13.432534 15.381909
37.937938 -0.729146 7.477549 -13.459266 15.414190
38.038038 -0.734471 7.495437 -13.485971 15.446438
38.138138 -0.739790 7.513303 -13.512648 15.478652
38.238238 -0.745101 7.531149 -13.539294 15.510831
38.338338 -0.750404 7.548973 -13.565912 15.542975
38.438438 -0.755701 7.566776 -13.592497 15.575082
38.538539 -0.760989 7.584556 -13.619050 15.607149
38.638639 -0.766270 7.602313 -13.645570 15.639178
38.738739 -0.771544 7.620046 -13.672055 15.671167
38.838839 -0.776810 7.637756 -13.698507 15.703115
38.938939 -0.782068 7.655444 -13.724928 15.735028
39.039039 -0.787319 7.673113 -13.751321 15.766908
39.139139 -0.792563 7.690762 -13.777688 15.798755
39.239239 -0.797800 7.708393 -13.804029 15.830572
39.339339 -0.803030 7.726004 -13.830343 15.862358
39.439439 -0.808253 7.743597 -13.856632 15.894113
39.539540 -0.813469 7.761172 -13.882897 15.925839
39.639640 -0.818678 7.778730 -13.909139 15.957538
39.739740 -0.823880 7.796269 -13.935357 15.989208
39.839840 -0.829075 7.813790 -13.961549 16.020847
39.939940 -0.834263 7.831293 -13.987716 16.052456
40.040040 -0.839444 7.848780 -14.013863 16.084041
40.140140 -0.844619 7.866251 -14.039988 16.115600
40.240240 -0.849786 7.883705 -14.066091 16.147132
40.340340 -0.854947 7.901142 -14.092171 16.178636
40.440440 -0.860101 7.918561 -14.118227 16.210112
40.540541 -0.865248 7.935961 -14.144258 16.241557
40.640641 -0.870388 7.953343 -14.170263 16.272971
40.740741 -0.875521 7.970705 -14.196241 16.304353
40.840841 -0.880647 7.988047 -14.222189 16.335700
40.940941 -0.885765 8.005366 -14.248104 16.367007
41.041041 -0.890876 8.022662 -14.273986 16.398275
41.141141 -0.895980 8.039935 -14.299835 16.429505
41.241241 -0.901076 8.057187 -14.325654 16.460698
41.341341 -0.906165 8.074418 -14.351442 16.491854
41.441441 -0.911247 8.091627 -14.377199 16.522974
41.541542 -0.916322 8.108814 -14.402925 16.554055
41.641642 -0.921389 8.125979 -14.428618 16.585099
41.741742 -0.926449 8.143121 -14.454279 16.616104
41.841842 -0.931502 8.160240 -14.479905 16.647068
41.941942 -0.936547 8.177335 -14.505496 16.677989
42.042042 -0.941584 8.194406 -14.531052 16.708870
42.142142 -0.946614 8.211453 -14.556572 16.739708
42.242242 -0.951637 8.228475 -14.582056 16.770503
42.342342 -0.956652 8.245471 -14.607502 16.801252
42.442442 -0.961659 8.262442 -14.632908 16.831956
42.542543 -0.966658 8.279387 -14.658276 16.862613
42.642643 -0.971650 8.296306 -14.683606 16.893225
42.742743 -0.976635 8.313200 -14.708898 16.923794
42.842843 -0.981611 8.330070 -14.734155 16.954320
42.942943 -0.986581 8.346916 -14.759379 16.984805
43.043043 -0.991543 8.363740 -14.784568 17.015250
43.143143 -0.996498 8.380540 -14.809722 17.045654
43.243243 -1.001445 8.397316 -14.834842 17.076017
43.343343 -1.006385 8.414068 -14.859926 17.106337
43.443443 -1.011318 8.430796 -14.884974 17.136614
43.543544 -1.016243 8.447503 -14.909991 17.166854
43.643644 -1.021162 8.464188 -14.934979 17.197059
43.743744 -1.026073 8.480854 -14.959937 17.227229
43.843844 -1.030978 8.497498 -14.984866 17.257364
43.943944 -1.035875 8.514122 -15.009764 17.287462
44.044044 -1.040766 8.530724 -15.034631 17.317522
44.144144 -1.045649 8.547305 -15.059469 17.347547
44.244244 -1.050526 8.563866 -15.084278 17.377538
44.344344 -1.055395 8.580407 -15.109058 17.407494
44.444444 -1.060258 8.596927 -15.133809 17.437416
44.544545 -1.065114 8.613427 -15.158529 17.467301
44.644645 -1.069962 8.629906 -15.183220 17.497150
44.744745 -1.074804 8.646365 -15.207884 17.526967
44.844845 -1.079640 8.662806 -15.232522 17.556752
44.944945 -1.084468 8.679228 -15.257133 17.586505
45.045045 -1.089290 8.695631 -15.281718 17.616227
45.145145 -1.094105 8.712016 -15.306276 17.645917
45.245245 -1.098914 8.728382 -15.330809 17.675575
45.345345 -1.103716 8.744728 -15.355312 17.705199
45.445445 -1.108511 8.761053 -15.379786 17.734787
45.545546 -1.113299 8.777356 -15.404228 17.764337
45.645646 -1.118080 8.793638 -15.428640 17.793851
45.745746 -1.122854 8.809900 -15.453023 17.823329
45.845846 -1.127621 8.826142 -15.477376 17.852773
45.945946 -1.132381 8.842364 -15.501702 17.882182
46.046046 -1.137135 8.858566 -15.525999 17.911558
46.146146 -1.141882 8.874747 -15.550266 17.940897
46.246246 -1.146622 8.890908 -15.574503 17.970201
46.346346 -1.151355 8.907047 -15.598710 17.999468
46.446446 -1.156082 8.923165 -15.622885 18.028698
46.546547 -1.160801 8.939262 -15.647030 18.057891
46.646647 -1.165513 8.955338 -15.671145 18.087047
46.746747 -1.170219 8.971392 -15.695227 18.116165
46.846847 -1.174917 8.987423 -15.719276 18.145243
46.946947 -1.179609 9.003432 -15.743292 18.174282
47.047047 -1.184293 9.019420 -15.767278 18.203284
47.147147 -1.188971 9.035385 -15.791230 18.232246
47.247247 -1.193641 9.051328 -15.815149 18.261168
47.347347 -1.198305 9.067247 -15.839034 18.290050
47.447447 -1.202961 9.083143 -15.862884 18.318889
47.547548 -1.207610 9.099016 -15.886699 18.347687
47.647648 -1.212252 9.114863 -15.910477 18.376440
47.747748 -1.216886 9.130685 -15.934217 18.405148
47.847848 -1.221513 9.146481 -15.957915 18.433807
47.947948 -1.226132 9.162248 -15.981571 18.462415
48.048048 -1.230743 9.177986 -16.005183 18.490972
48.148148 -1.235346 9.193697 -16.028752 18.519477
48.248248 -1.239942 9.209380 -16.052280 18.547933
48.348348 -1.244531 9.225038 -16.075771 18.576345
48.448448 -1.249112 9.240673 -16.099225 18.604714
48.548549 -1.253686 9.256284 -16.122647 18.633042
48.648649 -1.258254 9.271874 -16.146036 18.661332
48.748749 -1.262814 9.287442 -16.169392 18.689583
48.848849 -1.267368 9.302988 -16.192717 18.717796
48.948949 -1.271915 9.318513 -16.216011 18.745972
49.049049 -1.276456 9.334018 -16.239276 18.774113
49.149149 -1.280989 9.349502 -16.262512 18.802219
49.249249 -1.285516 9.364967 -16.285718 18.830289
49.349349 -1.290037 9.380410 -16.308894 18.858322
49.449449 -1.294550 9.395831 -16.332038 18.886317
49.549550 -1.299057 9.411231 -16.355149 18.914273
49.649650 -1.303557 9.426608 -16.378227 18.942188
49.749750 -1.308050 9.441962 -16.401271 18.970064
49.849850 -1.312536 9.457294 -16.424283 18.997901
49.949950 -1.317015 9.472605 -16.447263 19.025700
50.050050 -1.321488 9.487893 -16.470211 19.053459
50.150150 -1.325953 9.503158 -16.493122 19.081175
50.250250 -1.330411 9.518398 -16.515997 19.108848
50.350350 -1.334862 9.533614 -16.538836 19.136477
50.450450 -1.339306 9.548806 -16.561640 19.164064
50.550551 -1.343743 9.563976 -16.584409 19.191610
50.650651 -1.348173 9.579123 -16.607145 19.219116
50.750751 -1.352597 9.594246 -16.629847 19.246581
50.850851 -1.357013 9.609348 -16.652516 19.274007
50.950951 -1.361423 9.624427 -16.675151 19.301392
51.051051 -1.365826 9.639484 -16.697754 19.328738
51.151151 -1.370222 9.654519 -16.720324 19.356045
51.251251 -1.374611 9.669530 -16.742858 19.383309
51.351351 -1.378993 9.684516 -16.765356 19.410529
51.451451 -1.383367 9.699479 -16.787818 19.437706
51.551552 -1.387736 9.714420 -16.810248 19.464846
51.651652 -1.392097 9.729340 -16.832647 19.491947
51.751752 -1.396452 9.744238 -16.855013 19.519009
51.851852 -1.400800 9.759115 -16.877348 19.546034
51.951952 -1.405142 9.773971 -16.899653 19.573022
52.052052 -1.409477 9.788807 -16.921930 19.599977
52.152152 -1.413806 9.803626 -16.944181 19.626900
52.252252 -1.418129 9.818427 -16.966407 19.653792
52.352352 -1.422446 9.833210 -16.988609 19.680655
52.452452 -1.426757 9.847976 -17.010786 19.707488
52.552553 -1.431062 9.862727 -17.032940 19.734294
52.652653 -1.435361 9.877461 -17.055073 19.761073
52.752753 -1.439655 9.892180 -17.077184 19.787825
52.852853 -1.443943 9.906883 -17.099273 19.814551
52.952953 -1.448225 9.921570 -17.121341 19.841250
53.053053 -1.452501 9.936242 -17.143387 19.867923
53.153153 -1.456772 9.950899 -17.165413 19.894572
53.253253 -1.461037 9.965542 -17.187419 19.921196
53.353353 -1.465296 9.980170 -17.209406 19.947795
53.453453 -1.469550 9.994783 -17.231373 19.974370
53.553554 -1.473798 10.009382 -17.253318 20.000920
53.653654 -1.478041 10.023964 -17.275242 20.027442
53.753754 -1.482277 10.038529 -17.297141 20.053935
53.853854 -1.486508 10.053079 -17.319019 20.080401
53.953954 -1.490733 10.067615 -17.340877 20.106844
54.054054 -1.494953 10.082136 -17.362717 20.133263
54.154154 -1.499167 10.096643 -17.384535 20.159657
54.254254 -1.503376 10.111134 -17.406334 20.186025
54.354354 -1.507579 10.125612 -17.428113 20.212371
54.454454 -1.511777 10.140075 -17.449873 20.238692
54.554555 -1.515970 10.154525 -17.471615 20.264991
54.654655 -1.520157 10.168961 -17.493338 20.291267
54.754755 -1.524338 10.183383 -17.515043 20.317520
54.854855 -1.528515 10.197793 -17.536731 20.343753
54.954955 -1.532686 10.212190 -17.558402 20.369964
55.055055 -1.536852 10.226575 -17.580057 20.396155
55.155155 -1.541013 10.240947 -17.601695 20.422325
55.255255 -1.545169 10.255306 -17.623317 20.448476
55.355355 -1.549320 10.269654 -17.644924 20.474607
55.455455 -1.553465 10.283989 -17.666514 20.500717
55.555556 -1.557606 10.298311 -17.688087 20.526806
55.655656 -1.561741 10.312619 -17.709640 20.552871
55.755756 -1.565870 10.326912 -17.731172 20.578909
55.855856 -1.569994 10.341188 -17.752681 20.604920
55.955956 -1.574112 10.355449 -17.774169 20.630905
56.056056 -1.578224 10.369695 -17.795634 20.656862
56.156156 -1.582331 10.383924 -17.817077 20.682792
56.256256 -1.586432 10.398136 -17.838496 20.708692
56.356356 -1.590528 10.412330 -17.859888 20.734561
56.456456 -1.594617 10.426507 -17.881255 20.760398
56.556557 -1.598700 10.440665 -17.902595 20.786203
56.656657 -1.602778 10.454805 -17.923909 20.811976
56.756757 -1.606849 10.468928 -17.945199 20.837720
56.856857 -1.610915 10.483034 -17.966465 20.863435
56.956957 -1.614976 10.497124 -17.987707 20.889121
57.057057 -1.619030 10.511197 -18.008927 20.914779
57.157157 -1.623079 10.525255 -18.030124 20.940409
57.257257 -1.627123 10.539297 -18.051299 20.966013
57.357357 -1.631161 10.553324 -18.072454 20.991592
57.457457 -1.635194 10.567336 -18.093587 21.017144
57.557558 -1.639221 10.581334 -18.114700 21.042671
57.657658 -1.643243 10.595315 -18.135791 21.068172
57.757758 -1.647259 10.609282 -18.156861 21.093646
57.857858 -1.651271 10.623234 -18.177910 21.119096
57.957958 -1.655276 10.637172 -18.198940 21.144521
58.058058 -1.659277 10.651095 -18.219949 21.169921
58.158158 -1.663272 10.665004 -18.240938 21.195297
58.258258 -1.667262 10.678900 -18.261910 21.220650
58.358358 -1.671247 10.692782 -18.282863 21.245982
58.458458 -1.675227 10.706652 -18.303800 21.271292
58.558559 -1.679202 10.720509 -18.324719 21.296581
58.658659 -1.683173 10.734353 -18.345621 21.321848
58.758759 -1.687138 10.748184 -18.366506 21.347094
58.858859 -1.691098 10.762002 -18.387372 21.372318
58.958959 -1.695052 10.775807 -18.408221 21.397519
59.059059 -1.699002 10.789597 -18.429049 21.422695
59.159159 -1.702947 10.803373 -18.449857 21.447847
59.259259 -1.706886 10.817135 -18.470646 21.472975
59.359359 -1.710820 10.830883 -18.491416 21.498079
59.459459 -1.714749 10.844618 -18.512167 21.523160
59.559560 -1.718673 10.858339 -18.532900 21.548219
59.659660 -1.722592 10.872047 -18.553614 21.573254
59.759760 -1.726506 10.885739 -18.574307 21.598265
59.859860 -1.730414 10.899417 -18.594979 21.623248
59.959960 -1.734317 10.913078 -18.615627 21.648202
60.060060 -1.738214 10.926722 -18.636251 21.673128
60.160160 -1.742106 10.940351 -18.656852 21.698026
60.260260 -1.745993 10.953964 -18.677433 21.722898
60.360360 -1.749874 10.967563 -18.697992 21.747745
60.460460 -1.753750 10.981146 -18.718529 21.772564
60.560561 -1.757621 10.994713 -18.739045 21.797356
60.660661 -1.761486 11.008266 -18.759538 21.822122
60.760761 -1.765346 11.021803 -18.780010 21.846861
60.860861 -1.769201 11.035324 -18.800459 21.871573
60.960961 -1.773050 11.048829 -18.820886 21.896257
61.061061 -1.776894 11.062318 -18.841289 21.920912
61.161161 -1.780732 11.075790 -18.861667 21.945537
61.261261 -1.784565 11.089246 -18.882022 21.970134
61.361361 -1.788392 11.102684 -18.902351 21.994700
61.461461 -1.792214 11.116104 -18.922654 22.019234
61.561562 -1.796030 11.129506 -18.942930 22.043734
61.661662 -1.799840 11.142889 -18.963178 22.068201
61.761762 -1.803644 11.156254 -18.983401 22.092637
61.861862 -1.807443 11.169602 -19.003598 22.117043
61.961962 -1.811236 11.182933 -19.023771 22.141419
62.062062 -1.815024 11.196249 -19.043922 22.165768
62.162162 -1.818807 11.209549 -19.064050 22.190089
62.262262 -1.822585 11.222833 -19.084155 22.214382
62.362362 -1.826357 11.236100 -19.104236 22.238645
62.462462 -1.830123 11.249351 -19.124293 22.262880
62.562563 -1.833884 11.262585 -19.144326 22.287086
62.662663 -1.837640 11.275803 -19.164337 22.311263
62.762763 -1.841391 11.289006 -19.184325 22.335414
62.862863 -1.845136 11.302194 -19.204291 22.359538
62.962963 -1.848877 11.315366 -19.224237 22.383635
63.063063 -1.852612 11.328524 -19.244160 22.407707
63.163163 -1.856342 11.341667 -19.264063 22.431753
63.263263 -1.860067 11.354796 -19.283946 22.455774
63.363363 -1.863787 11.367910 -19.303809 22.479771
63.463463 -1.867503 11.381011 -19.323651 22.503743
63.563564 -1.871213 11.394096 -19.343473 22.527690
63.663664 -1.874918 11.407167 -19.363274 22.551611
63.763764 -1.878618 11.420224 -19.383055 22.575508
63.863864 -1.882313 11.433267 -19.402817 22.599380
63.963964 -1.886003 11.446296 -19.422558 22.623229
64.064064 -1.889688 11.459311 -19.442282 22.647054
64.164164 -1.893369 11.472313 -19.461986 22.670856
64.264264 -1.897045 11.485302 -19.481670 22.694634
64.364364 -1.900715 11.498275 -19.501335 22.718387
64.464464 -1.904381 11.511234 -19.520977 22.742114
64.564565 -1.908041 11.524178 -19.540598 22.765814
64.664665 -1.911697 11.537106 -19.560197 22.789486
64.764765 -1.915347 11.550017 -19.579772 22.813130
64.864865 -1.918992 11.562914 -19.599326 22.836749
64.964965 -1.922632 11.575797 -19.618859 22.860342
65.065065 -1.926267 11.588665 -19.638372 22.883909
65.165165 -1.929897 11.601519 -19.657864 22.907452
65.265265 -1.933522 11.614357 -19.677334 22.930968
65.365365 -1.937142 11.627179 -19.696780 22.954454
65.465465 -1.940757 11.639984 -19.716201 22.977909
65.565566 -1.944366 11.652771 -19.735596 23.001335
65.665666 -1.947969 11.665542 -19.754967 23.024730
65.765766 -1.951568 11.678296 -19.774314 23.048096
65.865866 -1.955161 11.691033 -19.793636 23.071431
65.965966 -1.958749 11.703753 -19.812933 23.094736
66.066066 -1.962331 11.716456 -19.832205 23.118011
66.166166 -1.965908 11.729143 -19.851452 23.141257
66.266266 -1.969480 11.741813 -19.870676 23.164473
66.366366 -1.973047 11.754467 -19.889876 23.187660
66.466466 -1.976608 11.767104 -19.909052 23.210818
66.566567 -1.980165 11.779726 -19.928205 23.233948
66.666667 -1.983716 11.792332 -19.947336 23.257051
66.766767 -1.987262 11.804923 -19.966444 23.280127
66.866867 -1.990804 11.817500 -19.985532 23.303178
66.966967 -1.994340 11.830062 -20.004599 23.326202
67.067067 -1.997872 11.842609 -20.023645 23.349202
67.167167 -2.001399 11.855142 -20.042670 23.372176
67.267267 -2.004920 11.867660 -20.061675 23.395125
67.367367 -2.008438 11.880164 -20.080658 23.418048
67.467467 -2.011950 11.892654 -20.099622 23.440946
67.567568 -2.015457 11.905129 -20.118565 23.463819
67.667668 -2.018960 11.917590 -20.137488 23.486668
67.767768 -2.022458 11.930039 -20.156392 23.509494
67.867868 -2.025951 11.942475 -20.175280 23.532299
67.967968 -2.029441 11.954899 -20.194151 23.555084
68.068068 -2.032925 11.967311 -20.213005 23.577848
68.168168 -2.036406 11.979711 -20.231843 23.600591
68.268268 -2.039882 11.992100 -20.250664 23.623314
68.368368 -2.043353 12.004477 -20.269470 23.646018
68.468468 -2.046821 12.016843 -20.288261 23.668703
68.568569 -2.050284 12.029197 -20.307036 23.691369
68.668669 -2.053743 12.041540 -20.325796 23.714016
68.768769 -2.057198 12.053874 -20.344542 23.736645
68.868869 -2.060649 12.066198 -20.363277 23.759261
68.968969 -2.064096 12.078513 -20.382001 23.781861
69.069069 -2.067539 12.090820 -20.400712 23.804447
69.169169 -2.070979 12.103116 -20.419411 23.827016
69.269269 -2.074414 12.115404 -20.438099 23.849572
69.369369 -2.077846 12.127684 -20.456776 23.872114
69.469469 -2.081274 12.139955 -20.475443 23.894643
69.569570 -2.084698 12.152218 -20.494098 23.917158
69.669670 -2.088119 12.164472 -20.512743 23.939658
69.769770 -2.091536 12.176718 -20.531377 23.962145
69.869870 -2.094949 12.188954 -20.549998 23.984617
69.969970 -2.098358 12.201181 -20.568608 24.007074
70.070070 -2.101763 12.213400 -20.587208 24.029517
70.170170 -2.105165 12.225611 -20.605797 24.051947
70.270270 -2.108563 12.237813 -20.624375 24.074363
70.370370 -2.111958 12.250007 -20.642941 24.096764
70.470470 -2.115348 12.262191 -20.661496 24.119151
70.570571 -2.118735 12.274365 -20.680037 24.141520
70.670671 -2.122117 12.286528 -20.698563 24.163871
70.770771 -2.125496 12.298682 -20.717076 24.186205
70.870871 -2.128870 12.310824 -20.735574 24.208522
70.970971 -2.132240 12.322957 -20.754059 24.230821
71.071071 -2.135607 12.335080 -20.772530 24.253103
71.171171 -2.138969 12.347191 -20.790986 24.275367
71.271271 -2.142328 12.359293 -20.809429 24.297613
71.371371 -2.145682 12.371384 -20.827857 24.319842
71.471471 -2.149033 12.383465 -20.846271 24.342053
71.571572 -2.152379 12.395535 -20.864671 24.364247
71.671672 -2.155722 12.407596 -20.883058 24.386424
71.771772 -2.159061 12.419646 -20.901431 24.408584
71.871872 -2.162395 12.431686 -20.919789 24.430726
71.971972 -2.165726 12.443715 -20.938134 24.452850
72.072072 -2.169053 12.455734 -20.956463 24.474956
72.172172 -2.172375 12.467741 -20.974778 24.497042
72.272272 -2.175694 12.479737 -20.993075 24.519109
72.372372 -2.179008 12.491720 -21.011355 24.541153
72.472472 -2.182317 12.503690 -21.029616 24.563175
72.572573 -2.185623 12.515648 -21.047859 24.585174
72.672673 -2.188924 12.527592 -21.066083 24.607150
72.772773 -2.192220 12.539523 -21.084288 24.629102
72.872873 -2.195512 12.551440 -21.102473 24.651030
72.972973 -2.198799 12.563343 -21.120638 24.672933
73.073073 -2.202082 12.575233 -21.138783 24.694813
73.173173 -2.205361 12.587110 -21.156911 24.716671
73.273273 -2.208635 12.598975 -21.175022 24.738508
73.373373 -2.211906 12.610830 -21.193117 24.760326
73.473473 -2.215172 12.622673 -21.211197 24.782126
73.573574 -2.218435 12.634506 -21.229264 24.803908
73.673674 -2.221694 12.646330 -21.247317 24.825673
73.773774 -2.224948 12.658142 -21.265355 24.847420
73.873874 -2.228199 12.669945 -21.283380 24.869151
73.973974 -2.231447 12.681738 -21.301391 24.890863
74.074074 -2.234690 12.693521 -21.319389 24.912560
74.174174 -2.237930 12.705294 -21.337374 24.934241
74.274274 -2.241166 12.717059 -21.355347 24.955906
74.374374 -2.244398 12.728815 -21.373309 24.977557
74.474474 -2.247627 12.740562 -21.391259 24.999194
74.574575 -2.250853 12.752300 -21.409197 25.020816
74.674675 -2.254074 12.764030 -21.427124 25.042423
74.774775 -2.257293 12.775751 -21.445041 25.064017
74.874875 -2.260508 12.787464 -21.462946 25.085597
74.974975 -2.263719 12.799168 -21.480839 25.107162
75.075075 -2.266926 12.810862 -21.498717 25.128708
75.175175 -2.270129 12.822544 -21.516580 25.150235
75.275275 -2.273329 12.834214 -21.534425 25.171741
75.375375 -2.276524 12.845872 -21.552255 25.193227
75.475475 -2.279715 12.857519 -21.570068 25.214693
75.575576 -2.282902 12.869156 -21.587866 25.236140
75.675676 -2.286086 12.880782 -21.605649 25.257569
75.775776 -2.289265 12.892397 -21.623418 25.278980
75.875876 -2.292441 12.904002 -21.641173 25.300374
75.975976 -2.295613 12.915598 -21.658916 25.321753
76.076076 -2.298782 12.927186 -21.676647 25.343116
76.176176 -2.301947 12.938764 -21.694366 25.364465
76.276276 -2.305109 12.950334 -21.712074 25.385800
76.376376 -2.308268 12.961896 -21.729771 25.407121
76.476476 -2.311423 12.973451 -21.747459 25.428430
76.576577 -2.314575 12.984998 -21.765137 25.449728
76.676677 -2.317723 12.996538 -21.782808 25.471014
76.776777 -2.320869 13.008072 -21.800470 25.492290
76.876877 -2.324011 13.019599 -21.818123 25.513554
76.976977 -2.327151 13.031119 -21.835767 25.534808
77.077077 -2.330287 13.042632 -21.853404 25.556051
77.177177 -2.333420 13.054139 -21.871033 25.577285
77.277277 -2.336550 13.065641 -21.888655 25.598509
77.377377 -2.339678 13.077135 -21.906269 25.619723
77.477477 -2.342802 13.088624 -21.923876 25.640926
77.577578 -2.345923 13.100104 -21.941472 25.662118
77.677678 -2.349040 13.111577 -21.959058 25.683295
77.777778 -2.352154 13.123041 -21.976632 25.704459
77.877878 -2.355265 13.134496 -21.994194 25.725606
77.977978 -2.358372 13.145941 -22.011742 25.746737
78.078078 -2.361476 13.157377 -22.029277 25.767852
78.178178 -2.364575 13.168803 -22.046799 25.788950
78.278278 -2.367672 13.180220 -22.064309 25.810033
78.378378 -2.370765 13.191628 -22.081808 25.831102
78.478478 -2.373855 13.203029 -22.099296 25.852158
78.578579 -2.376941 13.214420 -22.116771 25.873197
78.678679 -2.380023 13.225802 -22.134234 25.894221
78.778779 -2.383103 13.237175 -22.151684 25.915229
78.878879 -2.386179 13.248539 -22.169123 25.936223
78.978979 -2.389251 13.259896 -22.186550 25.957203
79.079079 -2.392320 13.271243 -22.203966 25.978168
79.179179 -2.395386 13.282582 -22.221371 25.999119
79.279279 -2.398448 13.293912 -22.238763 26.020055
79.379379 -2.401507 13.305234 -22.256145 26.040977
79.479479 -2.404563 13.316546 -22.273513 26.061882
79.579580 -2.407615 13.327849 -22.290868 26.082772
79.679680 -2.410664 13.339142 -22.308210 26.103645
79.779780 -2.413709 13.350427 -22.325540 26.124503
79.879880 -2.416750 13.361702 -22.342857 26.145344
79.979980 -2.419788 13.372965 -22.360158 26.166166
80.080080 -2.422822 13.384219 -22.377444 26.186969
80.180180 -2.425853 13.395460 -22.394712 26.207752
80.280280 -2.428879 13.406689 -22.411963 26.228512
80.380380 -2.431901 13.417906 -22.429196 26.249251
80.480480 -2.434919 13.429110 -22.446411 26.269968
80.580581 -2.437933 13.440301 -22.463607 26.290661
80.680681 -2.440943 13.451480 -22.480785 26.311332
80.780781 -2.443949 13.462645 -22.497942 26.331978
80.880881 -2.446950 13.473795 -22.515077 26.352598
80.980981 -2.449947 13.484929 -22.532188 26.373188
81.081081 -2.452939 13.496046 -22.549274 26.393747
81.181181 -2.455926 13.507147 -22.566334 26.414277
81.281281 -2.458908 13.518231 -22.583370 26.434776
81.381381 -2.461886 13.529298 -22.600380 26.455244
81.481481 -2.464859 13.540348 -22.617364 26.475681
81.581582 -2.467827 13.551382 -22.634324 26.496089
81.681682 -2.470791 13.562402 -22.651262 26.516471
81.781782 -2.473750 13.573406 -22.668178 26.536826
81.881882 -2.476705 13.584396 -22.685072 26.557153
81.981982 -2.479655 13.595370 -22.701943 26.577453
82.082082 -2.482601 13.606329 -22.718790 26.597724
82.182182 -2.485543 13.617272 -22.735613 26.617966
82.282282 -2.488479 13.628200 -22.752414 26.638181
82.382382 -2.491412 13.639112 -22.769192 26.658368
82.482482 -2.494340 13.650010 -22.785948 26.678529
82.582583 -2.497263 13.660894 -22.802682 26.698664
82.682683 -2.500183 13.671763 -22.819396 26.718773
82.782783 -2.503098 13.682618 -22.836088 26.738857
82.882883 -2.506009 13.693458 -22.852757 26.758912
82.982983 -2.508915 13.704283 -22.869404 26.778941
83.083083 -2.511817 13.715093 -22.886030 26.798943
83.183183 -2.514715 13.725891 -22.902636 26.818922
83.283283 -2.517609 13.736674 -22.919222 26.838877
83.383383 -2.520498 13.747443 -22.935785 26.858804
83.483483 -2.523383 13.758197 -22.952326 26.878704
83.583584 -2.526264 13.768935 -22.968844 26.898576
83.683684 -2.529140 13.779659 -22.985340 26.918421
83.783784 -2.532012 13.790368 -23.001813 26.938240
83.883884 -2.534879 13.801063 -23.018266 26.958032
83.983984 -2.537743 13.811743 -23.034697 26.977800
84.084084 -2.540602 13.822410 -23.051108 26.997542
84.184184 -2.543457 13.833063 -23.067498 27.017259
84.284284 -2.546308 13.843701 -23.083866 27.036949
84.384384 -2.549154 13.854325 -23.100214 27.056615
84.484484 -2.551997 13.864936 -23.116541 27.076256
84.584585 -2.554835 13.875534 -23.132849 27.095873
84.684685 -2.557670 13.886118 -23.149137 27.115466
84.784785 -2.560500 13.896690 -23.165407 27.135037
84.884885 -2.563327 13.907250 -23.181659 27.154587
84.984985 -2.566150 13.917798 -23.197893 27.174114
85.085085 -2.568969 13.928333 -23.214110 27.193620
85.185185 -2.571784 13.938857 -23.230310 27.213105
85.285285 -2.574596 13.949369 -23.246492 27.232570
85.385385 -2.577404 13.959870 -23.262659 27.252014
85.485485 -2.580209 13.970361 -23.278810 27.271440
85.585586 -2.583010 13.980841 -23.294946 27.290848
85.685686 -2.585807 13.991311 -23.311067 27.310237
85.785786 -2.588601 14.001769 -23.327173 27.329607
85.885886 -2.591391 14.012218 -23.343263 27.348958
85.985986 -2.594178 14.022656 -23.359339 27.368291
86.086086 -2.596962 14.033083 -23.375399 27.387604
86.186186 -2.599742 14.043499 -23.391444 27.406900
86.286286 -2.602518 14.053907 -23.407475 27.426179
86.386386 -2.605292 14.064306 -23.423495 27.445443
86.486486 -2.608062 14.074695 -23.439502 27.464692
86.586587 -2.610829 14.085076 -23.455496 27.483924
86.686687 -2.613593 14.095448 -23.471478 27.503142
86.786787 -2.616354 14.105810 -23.487447 27.522343
86.886887 -2.619111 14.116164 -23.503403 27.541528
86.986987 -2.621866 14.126509 -23.519347 27.560699
87.087087 -2.624617 14.136846 -23.535281 27.579856
87.187187 -2.627366 14.147175 -23.551204 27.599000
87.287287 -2.630112 14.157498 -23.567117 27.618133
87.387387 -2.632854 14.167813 -23.583021 27.637253
87.487487 -2.635594 14.178121 -23.598915 27.656360
87.587588 -2.638332 14.188422 -23.614800 27.675457
87.687688 -2.641066 14.198717 -23.630678 27.694543
87.787788 -2.643798 14.209006 -23.646546 27.713619
87.887888 -2.646528 14.219289 -23.662408 27.732685
87.987988 -2.649255 14.229567 -23.678264 27.751744
88.088088 -2.651979 14.239840 -23.694114 27.770796
88.188188 -2.654702 14.250109 -23.709960 27.789841
88.288288 -2.657422 14.260374 -23.725801 27.808880
88.388388 -2.660140 14.270635 -23.741637 27.827912
88.488488 -2.662856 14.280892 -23.757469 27.846939
88.588589 -2.665569 14.291145 -23.773296 27.865960
88.688689 -2.668280 14.301394 -23.789119 27.884974
88.788789 -2.670989 14.311638 -23.804937 27.903982
88.888889 -2.673696 14.321879 -23.820750 27.922984
88.988989 -2.676401 14.332115 -23.836559 27.941979
89.089089 -2.679103 14.342348 -23.852364 27.960969
89.189189 -2.681804 14.352577 -23.868165 27.979954
89.289289 -2.684502 14.362802 -23.883961 27.998932
89.389389 -2.687198 14.373023 -23.899753 28.017905
89.489489 -2.689892 14.383240 -23.915541 28.036873
89.589590 -2.692584 14.393454 -23.931326 28.055835
89.689690 -2.695273 14.403665 -23.947109 28.074795
89.789790 -2.697962 14.413875 -23.962890 28.093752
89.889890 -2.700648 14.424082 -23.978671 28.112707
89.989990 -2.703332 14.434287 -23.994449 28.131659
90.090090 -2.706015 14.444488 -24.010224 28.150606
90.190190 -2.708695 14.454687 -24.025996 28.169549
90.290290 -2.711374 14.464882 -24.041765 28.188488
90.390390 -2.714050 14.475075 -24.057531 28.207422
90.490490 -2.716725 14.485264 -24.073295 28.226352
90.590591 -2.719397 14.495450 -24.089055 28.245278
90.690691 -2.722067 14.505632 -24.104811 28.264199
90.790791 -2.724736 14.515811 -24.120562 28.283113
90.890891 -2.727402 14.525985 -24.136308 28.302020
90.990991 -2.730066 14.536154 -24.152049 28.320920
91.091091 -2.732727 14.546319 -24.167785 28.339813
91.191191 -2.735386 14.556479 -24.183514 28.358698
91.291291 -2.738043 14.566633 -24.199236 28.377574
91.391391 -2.740698 14.576782 -24.214952 28.396442
91.491491 -2.743350 14.586926 -24.230660 28.415300
91.591592 -2.746000 14.597064 -24.246361 28.434148
91.691692 -2.748647 14.607196 -24.262055 28.452989
91.791792 -2.751292 14.617324 -24.277744 28.471821
91.891892 -2.753935 14.627447 -24.293427 28.490647
91.991992 -2.756576 14.637566 -24.309105 28.509466
92.092092 -2.759214 14.647681 -24.324778 28.528279
92.192192 -2.761850 14.657792 -24.340446 28.547084
92.292292 -2.764485 14.667897 -24.356108 28.565882
92.392392 -2.767117 14.677998 -24.371764 28.584671
92.492492 -2.769746 14.688094 -24.387414 28.603453
92.592593 -2.772374 14.698185 -24.403058 28.622229
92.692693 -2.774999 14.708272 -24.418697 28.640996
92.792793 -2.777622 14.718353 -24.434329 28.659754
92.892893 -2.780242 14.728429 -24.449953 28.678504
92.992993 -2.782860 14.738499 -24.465571 28.697244
93.093093 -2.785476 14.748563 -24.481180 28.715974
93.193193 -2.788089 14.758621 -24.496781 28.734693
93.293293 -2.790700 14.768671 -24.512372 28.753400
93.393393 -2.793308 14.778714 -24.527952 28.772094
93.493493 -2.795912 14.788749 -24.543521 28.790774
93.593594 -2.798514 14.798776 -24.559078 28.809438
93.693694 -2.801113 14.808793 -24.574621 28.828087
93.793794 -2.803709 14.818801 -24.590152 28.846719
93.893894 -2.806303 14.828800 -24.605670 28.865337
93.993994 -2.808893 14.838791 -24.621176 28.883938
94.094094 -2.811480 14.848773 -24.636668 28.902523
94.194194 -2.814064 14.858745 -24.652147 28.921092
94.294294 -2.816645 14.868708 -24.667613 28.939646
94.394394 -2.819223 14.878663 -24.683065 28.958182
94.494494 -2.821798 14.888607 -24.698504 28.976702
94.594595 -2.824370 14.898542 -24.713930 28.995206
94.694695 -2.826939 14.908469 -24.729342 29.013693
94.794795 -2.829505 14.918385 -24.744740 29.032163
94.894895 -2.832067 14.928293 -24.760125 29.050617
94.994995 -2.834627 14.938191 -24.775497 29.069054
95.095095 -2.837184 14.948080 -24.790855 29.087475
95.195195 -2.839738 14.957960 -24.806200 29.105879
95.295295 -2.842289 14.967830 -24.821531 29.124267
95.395395 -2.844836 14.977691 -24.836848 29.142637
95.495495 -2.847381 14.987541 -24.852149 29.160989
95.595596 -2.849922 14.997381 -24.867436 29.179322
95.695696 -2.852460 15.007210 -24.882706 29.197635
95.795796 -2.854994 15.017026 -24.897957 29.215926
95.895896 -2.857525 15.026829 -24.913188 29.234192
95.995996 -2.860052 15.036619 -24.928399 29.252433
96.096096 -2.862575 15.046395 -24.943589 29.270650
96.196196 -2.865094 15.056158 -24.958759 29.288843
96.296296 -2.867610 15.065909 -24.973911 29.307014
96.396396 -2.870122 15.075648 -24.989046 29.325163
96.496496 -2.872631 15.085376 -25.004163 29.343292
96.596597 -2.875136 15.095094 -25.019266 29.361402
96.696697 -2.877639 15.104801 -25.034353 29.379493
96.796797 -2.880138 15.114497 -25.049423 29.397565
96.896897 -2.882634 15.124182 -25.064477 29.415616
96.996997 -2.885126 15.133855 -25.079513 29.433646
97.097097 -2.887615 15.143516 -25.094532 29.451654
97.197197 -2.890101 15.153166 -25.109532 29.469641
97.297297 -2.892583 15.162804 -25.124517 29.487608
97.397397 -2.895062 15.172432 -25.139485 29.505556
97.497497 -2.897538 15.182050 -25.154439 29.523485
97.597598 -2.900011 15.191657 -25.169376 29.541394
97.697698 -2.902480 15.201252 -25.184297 29.559284
97.797798 -2.904946 15.210837 -25.199201 29.577153
97.897898 -2.907408 15.220410 -25.214087 29.595001
97.997998 -2.909867 15.229970 -25.228954 29.612825
98.098098 -2.912323 15.239517 -25.243801 29.630626
98.198198 -2.914774 15.249050 -25.258628 29.648402
98.298298 -2.917222 15.258570 -25.273433 29.666152
98.398398 -2.919666 15.268075 -25.288217 29.683876
98.498498 -2.922106 15.277566 -25.302977 29.701572
98.598599 -2.924541 15.287040 -25.317713 29.719238
98.698699 -2.926972 15.296497 -25.332423 29.736873
98.798799 -2.929399 15.305938 -25.347106 29.754477
98.898899 -2.931821 15.315362 -25.361763 29.772049
98.998999 -2.934239 15.324768 -25.376394 29.789589
99.099099 -2.936653 15.334158 -25.390998 29.807098
99.199199 -2.939062 15.343530 -25.405576 29.824575
99.299299 -2.941467 15.352885 -25.420126 29.842020
99.399399 -2.943867 15.362223 -25.434650 29.859432
99.499499 -2.946263 15.371543 -25.449146 29.876811
99.599600 -2.948654 15.380845 -25.463614 29.894156
99.699700 -2.951040 15.390128 -25.478052 29.911466
99.799800 -2.953422 15.399391 -25.492460 29.928740
99.899900 -2.955798 15.408636 -25.506838 29.945978
100.000000 -2.958170 15.417862 -25.521187 29.963181
