0.000000 0.878336 -0.188233 -0.206488 0.921707
0.100100 0.891343 -0.097260 -0.272197 0.937039
0.200200 0.896463 -0.005471 -0.335466 0.957190
0.300300 0.894187 0.086317 -0.395938 0.981727
0.400400 0.885112 0.177404 -0.453370 1.010168
0.500501 0.869931 0.267223 -0.507644 1.042060
0.600601 0.849346 0.355335 -0.558733 1.076956
0.700701 0.823977 0.441393 -0.606640 1.114351
0.800801 0.794424 0.525158 -0.651433 1.153805
0.900901 0.761291 0.606501 -0.693252 1.194992
1.001001 0.725100 0.685347 -0.732246 1.237600
1.101101 0.686320 0.761681 -0.768583 1.281372
1.201201 0.645383 0.835552 -0.802457 1.326123
1.301301 0.602649 0.907017 -0.834044 1.371676
1.401401 0.558400 0.976119 -0.863478 1.417820
1.501502 0.512888 1.042921 -0.890899 1.464391
1.601602 0.466333 1.107496 -0.916437 1.511248
1.701702 0.418921 1.169923 -0.940215 1.558275
1.801802 0.370840 1.230354 -0.962407 1.605466
1.901902 0.322253 1.288959 -0.983187 1.652852
2.002002 0.273286 1.345866 -1.002688 1.700419
2.102102 0.224030 1.401146 -1.020993 1.748092
2.202202 0.174562 1.454838 -1.038157 1.795772
2.302302 0.124950 1.506994 -1.054240 1.843384
2.402402 0.075255 1.557692 -1.069317 1.890902
2.502503 0.025533 1.607020 -1.083469 1.938316
2.602603 -0.024173 1.655061 -1.096767 1.985626
2.702703 -0.073824 1.701870 -1.109262 2.032799
2.802803 -0.123389 1.747497 -1.121000 2.079811
2.902903 -0.172841 1.792041 -1.132057 2.126696
3.003003 -0.222164 1.835590 -1.142498 2.173487
3.103103 -0.271339 1.878201 -1.152369 2.220184
3.203203 -0.320348 1.919900 -1.161692 2.266752
3.303303 -0.369180 1.960734 -1.170504 2.313191
3.403403 -0.417830 2.000768 -1.178852 2.359523
3.503504 -0.466289 2.040045 -1.186765 2.405747
3.603604 -0.514548 2.078586 -1.194262 2.451844
3.703704 -0.562597 2.116403 -1.201355 2.497785
3.803804 -0.610425 2.153506 -1.208054 2.543541
3.903904 -0.658020 2.189894 -1.214364 2.589074
4.004004 -0.705371 2.225571 -1.220291 2.634355
4.104104 -0.752472 2.260552 -1.225848 2.679368
4.204204 -0.799327 2.294885 -1.231064 2.724140
4.304304 -0.845948 2.328628 -1.235975 2.768713
4.404404 -0.892342 2.361826 -1.240607 2.813113
4.504505 -0.938521 2.394529 -1.244990 2.857375
4.604605 -0.984492 2.426774 -1.249146 2.901520
4.704705 -1.030262 2.458594 -1.253094 2.945568
4.804805 -1.075833 2.490005 -1.256844 2.989514
4.904905 -1.121199 2.521007 -1.260398 3.033342
5.005005 -1.166364 2.551617 -1.263766 3.077054
5.105105 -1.211332 2.581856 -1.266960 3.120656
5.205205 -1.256105 2.611736 -1.269989 3.164148
5.305305 -1.300685 2.641270 -1.272860 3.207531
5.405405 -1.345076 2.670475 -1.275582 3.250812
5.505506 -1.389279 2.699360 -1.278161 3.293985
5.605606 -1.433295 2.727931 -1.280602 3.337047
5.705706 -1.477133 2.756213 -1.282917 3.380016
5.805806 -1.520804 2.784233 -1.285119 3.422912
5.905906 -1.564309 2.811994 -1.287212 3.465731
6.006006 -1.607642 2.839493 -1.289194 3.508455
6.106106 -1.650798 2.866725 -1.291064 3.551069
6.206206 -1.693774 2.893686 -1.292823 3.593561
6.306306 -1.736579 2.920399 -1.294479 3.635947
6.406406 -1.779217 2.946872 -1.296039 3.678231
6.506507 -1.821684 2.973103 -1.297502 3.720401
6.606607 -1.863980 2.999094 -1.298869 3.762452
6.706707 -1.906108 3.024856 -1.300147 3.804390
6.806807 -1.948075 3.050399 -1.301339 3.846221
6.906907 -1.989881 3.075730 -1.302450 3.887945
7.007007 -2.031528 3.100851 -1.303481 3.929561
7.107107 -2.073023 3.125776 -1.304439 3.971079
7.207207 -2.114376 3.150522 -1.305331 4.012514
7.307307 -2.155590 3.175098 -1.306162 4.053871
7.407407 -2.196671 3.199511 -1.306934 4.095157
7.507508 -2.237623 3.223770 -1.307653 4.136376
7.607608 -2.278453 3.247888 -1.308322 4.177539
7.707708 -2.319164 3.271869 -1.308946 4.218648
7.807808 -2.359763 3.295725 -1.309528 4.259712
7.907908 -2.400255 3.319461 -1.310071 4.300737
8.008008 -2.440639 3.343082 -1.310577 4.341719
8.108108 -2.480919 3.366590 -1.311048 4.382663
8.208208 -2.521103 3.389998 -1.311489 4.423579
8.308308 -2.561202 3.413323 -1.311905 4.464484
8.408408 -2.601211 3.436558 -1.312295 4.505369
8.508509 -2.641126 3.459697 -1.312658 4.546221
8.608609 -2.680953 3.482750 -1.312995 4.587048
8.708709 -2.720694 3.505720 -1.313311 4.627855
8.808809 -2.760348 3.528606 -1.313602 4.668633
8.908909 -2.799916 3.551411 -1.313872 4.709385
9.009009 -2.839401 3.574137 -1.314121 4.750112
9.109109 -2.878801 3.596784 -1.314349 4.790810
9.209209 -2.918113 3.619348 -1.314555 4.831471
9.309309 -2.957331 3.641822 -1.314736 4.872084
9.409409 -2.996463 3.664216 -1.314897 4.912660
9.509510 -3.035513 3.686536 -1.315039 4.953202
9.609610 -3.074483 3.708784 -1.315163 4.993714
9.709710 -3.113378 3.730967 -1.315272 5.034200
9.809810 -3.152201 3.753089 -1.315368 5.074666
9.909910 -3.190954 3.775152 -1.315451 5.115112
10.010010 -3.229630 3.797150 -1.315519 5.155526
10.110110 -3.268231 3.819083 -1.315572 5.195908
10.210210 -3.306764 3.840961 -1.315614 5.236269
10.310310 -3.345232 3.862787 -1.315646 5.276611
10.410410 -3.383639 3.884566 -1.315670 5.316940
10.510511 -3.421987 3.906301 -1.315687 5.357259
10.610611 -3.460279 3.927995 -1.315697 5.397568
10.710711 -3.498512 3.949645 -1.315701 5.437863
10.810811 -3.536684 3.971250 -1.315697 5.478140
10.910911 -3.574796 3.992809 -1.315685 5.518398
11.011011 -3.612842 4.014316 -1.315664 5.558627
11.111111 -3.650825 4.035777 -1.315635 5.598831
11.211211 -3.688746 4.057189 -1.315598 5.639009
11.311311 -3.726600 4.078551 -1.315552 5.679155
11.411411 -3.764390 4.099863 -1.315498 5.719269
11.511512 -3.802116 4.121128 -1.315435 5.759354
11.611612 -3.839786 4.142352 -1.315367 5.799416
11.711712 -3.877399 4.163536 -1.315294 5.839456
11.811812 -3.914950 4.184674 -1.315213 5.879465
11.911912 -3.952433 4.205761 -1.315124 5.919434
12.012012 -3.989852 4.226799 -1.315026 5.959366
12.112112 -4.027206 4.247789 -1.314921 5.999259
12.212212 -4.064496 4.268731 -1.314808 6.039115
12.312312 -4.101725 4.289629 -1.314689 6.078937
12.412412 -4.138892 4.310483 -1.314563 6.118722
12.512513 -4.175993 4.331287 -1.314430 6.158465
12.612613 -4.213022 4.352036 -1.314286 6.198154
12.712713 -4.249976 4.372726 -1.314133 6.237786
12.812813 -4.286853 4.393357 -1.313968 6.277356
12.912913 -4.323650 4.413924 -1.313791 6.316860
13.013013 -4.360373 4.434435 -1.313604 6.356306
13.113113 -4.397026 4.454893 -1.313409 6.395698
13.213213 -4.433603 4.475294 -1.313204 6.435029
13.313313 -4.470103 4.495634 -1.312988 6.474294
13.413413 -4.506526 4.515916 -1.312762 6.513495
13.513514 -4.542877 4.536144 -1.312527 6.552637
13.613614 -4.579151 4.556313 -1.312282 6.591714
13.713714 -4.615348 4.576423 -1.312026 6.630723
13.813814 -4.651464 4.596470 -1.311760 6.669660
13.913914 -4.687503 4.616460 -1.311483 6.708530
14.014014 -4.723478 4.636403 -1.311201 6.747350
14.114114 -4.759393 4.656306 -1.310913 6.786125
14.214214 -4.795252 4.676170 -1.310622 6.824862
14.314314 -4.831060 4.696002 -1.310328 6.863565
14.414414 -4.866814 4.715799 -1.310030 6.902233
14.514515 -4.902513 4.735560 -1.309730 6.940861
14.614615 -4.938157 4.755284 -1.309426 6.979449
14.714715 -4.973744 4.774970 -1.309118 7.017995
14.814815 -5.009271 4.794616 -1.308805 7.056494
14.914915 -5.044739 4.814220 -1.308488 7.094945
15.015015 -5.080149 4.833787 -1.308167 7.133352
15.115115 -5.115501 4.853314 -1.307842 7.171712
15.215215 -5.150795 4.872803 -1.307513 7.210027
15.315315 -5.186032 4.892253 -1.307180 7.248295
15.415415 -5.221207 4.911661 -1.306843 7.286512
15.515516 -5.256323 4.931031 -1.306501 7.324681
15.615616 -5.291380 4.950360 -1.306155 7.362798
15.715716 -5.326376 4.969648 -1.305804 7.400865
15.815816 -5.361314 4.988897 -1.305450 7.438883
15.915916 -5.396191 5.008105 -1.305091 7.476848
16.016016 -5.431010 5.027275 -1.304729 7.514764
16.116116 -5.465775 5.046410 -1.304364 7.552636
16.216216 -5.500483 5.065508 -1.303995 7.590460
16.316316 -5.535135 5.084570 -1.303624 7.628238
16.416416 -5.569737 5.103600 -1.303250 7.665975
16.516517 -5.604289 5.122600 -1.302875 7.703673
16.616617 -5.638792 5.141569 -1.302499 7.741331
16.716717 -5.673246 5.160509 -1.302121 7.778952
16.816817 -5.707650 5.179418 -1.301741 7.816532
16.916917 -5.742002 5.198295 -1.301360 7.854068
17.017017 -5.776300 5.217138 -1.300976 7.891559
17.117117 -5.810542 5.235944 -1.300589 7.929000
17.217217 -5.844729 5.254716 -1.300199 7.966393
17.317317 -5.878863 5.273453 -1.299807 8.003739
17.417417 -5.912939 5.292154 -1.299412 8.041034
17.517518 -5.946960 5.310819 -1.299015 8.078278
17.617618 -5.980927 5.329450 -1.298615 8.115475
17.717718 -6.014844 5.348051 -1.298213 8.152629
17.817818 -6.048708 5.366617 -1.297809 8.189735
17.917918 -6.082511 5.385145 -1.297402 8.226784
18.018018 -6.116249 5.403628 -1.296989 8.263769
18.118118 -6.149922 5.422068 -1.296573 8.300690
18.218218 -6.183536 5.440469 -1.296153 8.337556
18.318318 -6.217098 5.458839 -1.295731 8.374374
18.418418 -6.250609 5.477177 -1.295307 8.411147
18.518519 -6.284065 5.495480 -1.294882 8.447869
18.618619 -6.317463 5.513745 -1.294453 8.484535
18.718719 -6.350799 5.531970 -1.294020 8.521140
18.818819 -6.384072 5.550154 -1.293583 8.557684
18.918919 -6.417282 5.568296 -1.293143 8.594164
19.019019 -6.450428 5.586395 -1.292698 8.630579
19.119119 -6.483509 5.604452 -1.292249 8.666930
19.219219 -6.516530 5.622469 -1.291797 8.703222
19.319319 -6.549491 5.640448 -1.291341 8.739453
19.419419 -6.582390 5.658385 -1.290882 8.775623
19.519520 -6.615226 5.676282 -1.290419 8.811730
19.619620 -6.648001 5.694140 -1.289953 8.847775
19.719720 -6.680719 5.711960 -1.289484 8.883764
19.819820 -6.713383 5.729747 -1.289013 8.919701
19.919920 -6.745994 5.747503 -1.288540 8.955588
20.020020 -6.778553 5.765225 -1.288066 8.991424
20.120120 -6.811060 5.782916 -1.287590 9.027211
20.220220 -6.843520 5.800580 -1.287113 9.062955
20.320320 -6.875930 5.818213 -1.286636 9.098651
20.420420 -6.908288 5.835815 -1.286157 9.134297
20.520521 -6.940596 5.853387 -1.285676 9.169894
20.620621 -6.972856 5.870930 -1.285195 9.205447
20.720721 -7.005070 5.888447 -1.284714 9.240958
20.820821 -7.037238 5.905938 -1.284232 9.276426
20.920921 -7.069361 5.923402 -1.283750 9.311851
21.021021 -7.101438 5.940840 -1.283267 9.347234
21.121121 -7.133469 5.958251 -1.282785 9.382573
21.221221 -7.165459 5.975639 -1.282302 9.417874
21.321321 -7.197413 5.993010 -1.281821 9.453147
21.421421 -7.229333 6.010364 -1.281342 9.488392
21.521522 -7.261216 6.027699 -1.280864 9.523603
21.621622 -7.293060 6.045013 -1.280387 9.558781
21.721722 -7.324866 6.062307 -1.279911 9.593925
21.821822 -7.356634 6.079581 -1.279437 9.629036
21.921922 -7.388364 6.096836 -1.278963 9.664113
22.022022 -7.420054 6.114069 -1.278490 9.699154
22.122122 -7.451705 6.131281 -1.278018 9.734158
22.222222 -7.483319 6.148473 -1.277546 9.769130
22.322322 -7.514899 6.165649 -1.277077 9.804074
22.422422 -7.546447 6.182811 -1.276610 9.838991
22.522523 -7.577959 6.199954 -1.276144 9.873877
22.622623 -7.609428 6.217072 -1.275679 9.908721
22.722723 -7.640851 6.234165 -1.275213 9.943520
22.822823 -7.672227 6.251230 -1.274746 9.978273
22.922923 -7.703558 6.268268 -1.274279 10.012980
23.023023 -7.734843 6.285281 -1.273813 10.047644
23.123123 -7.766077 6.302263 -1.273345 10.082256
23.223223 -7.797254 6.319210 -1.272874 10.116808
23.323323 -7.828371 6.336119 -1.272402 10.151296
23.423423 -7.859426 6.352988 -1.271926 10.185717
23.523524 -7.890416 6.369816 -1.271447 10.220069
23.623624 -7.921348 6.386608 -1.270966 10.254359
23.723724 -7.952226 6.403366 -1.270483 10.288592
23.823824 -7.983050 6.420092 -1.269999 10.322770
23.923924 -8.013827 6.436791 -1.269514 10.356900
24.024024 -8.044562 6.453466 -1.269030 10.390988
24.124124 -8.075254 6.470117 -1.268546 10.425035
24.224224 -8.105900 6.486741 -1.268061 10.459035
24.324324 -8.136496 6.503337 -1.267576 10.492984
24.424424 -8.167045 6.519904 -1.267090 10.526884
24.524525 -8.197550 6.536448 -1.266605 10.560742
24.624625 -8.228015 6.552969 -1.266120 10.594560
24.724725 -8.258438 6.569467 -1.265635 10.628336
24.824825 -8.288820 6.585943 -1.265151 10.662073
24.924925 -8.319166 6.602400 -1.264668 10.695774
25.025025 -8.349474 6.618837 -1.264186 10.729440
25.125125 -8.379742 6.635253 -1.263705 10.763066
25.225225 -8.409968 6.651645 -1.263224 10.796651
25.325325 -8.440151 6.668013 -1.262743 10.830193
25.425425 -8.470295 6.684361 -1.262263 10.863696
25.525526 -8.500404 6.700690 -1.261785 10.897165
25.625626 -8.530477 6.717001 -1.261308 10.930601
25.725726 -8.560513 6.733292 -1.260831 10.964000
25.825826 -8.590509 6.749563 -1.260356 10.997360
25.925926 -8.620469 6.765814 -1.259882 11.030685
26.026026 -8.650389 6.782044 -1.259408 11.063971
26.126126 -8.680265 6.798249 -1.258934 11.097212
26.226226 -8.710096 6.814428 -1.258460 11.130405
26.326326 -8.739885 6.830584 -1.257987 11.163556
26.426426 -8.769635 6.846719 -1.257515 11.196669
26.526527 -8.799346 6.862834 -1.257043 11.229744
26.626627 -8.829018 6.878927 -1.256572 11.262777
26.726727 -8.858647 6.894996 -1.256101 11.295768
26.826827 -8.888232 6.911040 -1.255630 11.328714
26.926927 -8.917775 6.927062 -1.255159 11.361616
27.027027 -8.947277 6.943060 -1.254689 11.394476
27.127127 -8.976734 6.959033 -1.254219 11.427290
27.227227 -9.006145 6.974980 -1.253749 11.460057
27.327327 -9.035512 6.990902 -1.253279 11.492775
27.427427 -9.064833 7.006797 -1.252808 11.525447
27.527528 -9.094109 7.022667 -1.252338 11.558072
27.627628 -9.123342 7.038513 -1.251867 11.590652
27.727728 -9.152531 7.054334 -1.251397 11.623186
27.827828 -9.181678 7.070132 -1.250927 11.655677
27.927928 -9.210783 7.085906 -1.250457 11.688123
28.028028 -9.239839 7.101652 -1.249987 11.720518
28.128128 -9.268845 7.117367 -1.249516 11.752859
28.228228 -9.297801 7.133055 -1.249044 11.785147
28.328328 -9.326713 7.148716 -1.248572 11.817388
28.428428 -9.355580 7.164353 -1.248100 11.849582
28.528529 -9.384402 7.179963 -1.247628 11.881727
28.628629 -9.413175 7.195545 -1.247156 11.913821
28.728729 -9.441903 7.211102 -1.246683 11.945868
28.828829 -9.470594 7.226639 -1.246211 11.977875
28.928929 -9.499248 7.242157 -1.245740 12.009847
29.029029 -9.527868 7.257657 -1.245271 12.041784
29.129129 -9.556454 7.273139 -1.244803 12.073686
29.229229 -9.585006 7.288605 -1.244336 12.105556
29.329329 -9.613527 7.304056 -1.243871 12.137395
29.429429 -9.642018 7.319493 -1.243408 12.169205
29.529530 -9.670482 7.334917 -1.242947 12.200989
29.629630 -9.698918 7.350329 -1.242488 12.232748
29.729730 -9.727329 7.365731 -1.242032 12.264484
29.829830 -9.755716 7.381122 -1.241578 12.296197
29.929930 -9.784075 7.396501 -1.241127 12.327885
30.030030 -9.812409 7.411870 -1.240677 12.359550
30.130130 -9.840722 7.427231 -1.240231 12.391196
30.230230 -9.869016 7.442586 -1.239788 12.422828
30.330330 -9.897293 7.457936 -1.239348 12.454445
30.430430 -9.925554 7.473283 -1.238912 12.486052
30.530531 -9.953798 7.488625 -1.238479 12.517645
30.630631 -9.982023 7.503961 -1.238049 12.549222
30.730731 -10.010229 7.519291 -1.237623 12.580784
30.830831 -10.038420 7.534618 -1.237200 12.612335
30.930931 -10.066599 7.549944 -1.236781 12.643880
31.031031 -10.094771 7.565273 -1.236367 12.675424
31.131131 -10.122943 7.580610 -1.235958 12.706975
31.231231 -10.151117 7.595956 -1.235554 12.738537
31.331331 -10.179291 7.611311 -1.235156 12.770107
31.431431 -10.207465 7.626674 -1.234764 12.801685
31.531532 -10.235637 7.642043 -1.234376 12.833268
31.631632 -10.263805 7.657417 -1.233994 12.864854
31.731732 -10.291970 7.672797 -1.233616 12.896444
31.831832 -10.320136 7.688185 -1.233244 12.928043
31.931932 -10.348303 7.703583 -1.232877 12.959651
32.032032 -10.376473 7.718990 -1.232515 12.991270
32.132132 -10.404645 7.734406 -1.232159 13.022899
32.232232 -10.432818 7.749831 -1.231809 13.054536
32.332332 -10.460992 7.765265 -1.231464 13.086183
32.432432 -10.489166 7.780706 -1.231124 13.117837
32.532533 -10.517338 7.796154 -1.230788 13.149496
32.632633 -10.545507 7.811607 -1.230458 13.181159
32.732733 -10.573671 7.827063 -1.230132 13.212822
32.832833 -10.601828 7.842523 -1.229811 13.244484
32.932933 -10.629980 7.857987 -1.229494 13.276147
33.033033 -10.658126 7.873453 -1.229181 13.307810
33.133133 -10.686265 7.888922 -1.228873 13.339470
33.233233 -10.714394 7.904391 -1.228568 13.371126
33.333333 -10.742509 7.919857 -1.228267 13.402771
33.433433 -10.770609 7.935320 -1.227970 13.434405
33.533534 -10.798693 7.950779 -1.227675 13.466025
33.633634 -10.826761 7.966232 -1.227384 13.497632
33.733734 -10.854810 7.981680 -1.227095 13.529223
33.833834 -10.882836 7.997118 -1.226809 13.560792
33.933934 -10.910838 8.012546 -1.226525 13.592338
34.034034 -10.938818 8.027965 -1.226243 13.623863
34.134134 -10.966779 8.043378 -1.225965 13.655371
34.234234 -10.994722 8.058784 -1.225689 13.686863
34.334334 -11.022648 8.074185 -1.225416 13.718341
34.434434 -11.050555 8.089580 -1.225146 13.749802
34.534535 -11.078441 8.104967 -1.224878 13.781244
34.634635 -11.106304 8.120344 -1.224612 13.812663
34.734735 -11.134145 8.135711 -1.224349 13.844061
34.834835 -11.161963 8.151070 -1.224089 13.875437
34.934935 -11.189757 8.166418 -1.223830 13.906790
35.035035 -11.217528 8.181756 -1.223574 13.938121
35.135135 -11.245274 8.197083 -1.223319 13.969426
35.235235 -11.272990 8.212396 -1.223066 14.000702
35.335335 -11.300677 8.227694 -1.222815 14.031946
35.435435 -11.328333 8.242977 -1.222565 14.063160
35.535536 -11.355962 8.258247 -1.222317 14.094346
35.635636 -11.383567 8.273507 -1.222071 14.125508
35.735736 -11.411150 8.288758 -1.221827 14.156649
35.835836 -11.438710 8.303999 -1.221585 14.187767
35.935936 -11.466246 8.319229 -1.221345 14.218862
36.036036 -11.493759 8.334450 -1.221108 14.249935
36.136136 -11.521252 8.349663 -1.220873 14.280989
36.236236 -11.548725 8.364868 -1.220641 14.312024
36.336336 -11.576178 8.380066 -1.220411 14.343041
36.436436 -11.603611 8.395256 -1.220183 14.374037
36.536537 -11.631023 8.410438 -1.219958 14.405015
36.636637 -11.658416 8.425612 -1.219735 14.435974
36.736737 -11.685790 8.440781 -1.219515 14.466917
36.836837 -11.713146 8.455942 -1.219297 14.497843
36.936937 -11.740482 8.471096 -1.219082 14.528749
37.037037 -11.767796 8.486241 -1.218869 14.559634
37.137137 -11.795088 8.501376 -1.218658 14.590498
37.237237 -11.822357 8.516501 -1.218450 14.621338
37.337337 -11.849602 8.531616 -1.218243 14.652156
37.437437 -11.876824 8.546721 -1.218038 14.682949
37.537538 -11.904019 8.561813 -1.217835 14.713715
37.637638 -11.931187 8.576892 -1.217634 14.744454
37.737738 -11.958328 8.591959 -1.217434 14.775165
37.837838 -11.985443 8.607012 -1.217236 14.805849
37.937938 -12.012530 8.622053 -1.217039 14.836504
38.038038 -12.039588 8.637080 -1.216844 14.867130
38.138138 -12.066617 8.652091 -1.216650 14.897723
38.238238 -12.093614 8.667087 -1.216457 14.928285
38.338338 -12.120581 8.682067 -1.216266 14.958813
38.438438 -12.147516 8.697031 -1.216075 14.989307
38.538539 -12.174416 8.711976 -1.215886 15.019764
38.638639 -12.201282 8.726904 -1.215697 15.050185
38.738739 -12.228114 8.741812 -1.215509 15.080567
38.838839 -12.254909 8.756702 -1.215322 15.110911
38.938939 -12.281674 8.771576 -1.215136 15.141222
39.039039 -12.308410 8.786435 -1.214951 15.171503
39.139139 -12.335117 8.801281 -1.214767 15.201754
39.239239 -12.361798 8.816113 -1.214586 15.231977
39.339339 -12.388451 8.830933 -1.214405 15.262171
39.439439 -12.415078 8.845739 -1.214226 15.292338
39.539540 -12.441679 8.860534 -1.214049 15.322479
39.639640 -12.468256 8.875318 -1.213874 15.352595
39.739740 -12.494808 8.890090 -1.213700 15.382685
39.839840 -12.521332 8.904848 -1.213528 15.412746
39.939940 -12.547832 8.919595 -1.213357 15.442781
40.040040 -12.574309 8.934332 -1.213189 15.472794
40.140140 -12.600764 8.949060 -1.213022 15.502785
40.240240 -12.627195 8.963777 -1.212857 15.532751
40.340340 -12.653602 8.978482 -1.212694 15.562693
40.440440 -12.679984 8.993176 -1.212532 15.592609
40.540541 -12.706340 9.007857 -1.212372 15.622497
40.640641 -12.732668 9.022525 -1.212214 15.652356
40.740741 -12.758969 9.037179 -1.212056 15.682187
40.840841 -12.785239 9.051818 -1.211900 15.711984
40.940941 -12.811475 9.066438 -1.211745 15.741745
41.041041 -12.837677 9.081041 -1.211590 15.771468
41.141141 -12.863846 9.095625 -1.211436 15.801155
41.241241 -12.889982 9.110193 -1.211283 15.830808
41.341341 -12.916088 9.124745 -1.211131 15.860427
41.441441 -12.942161 9.139280 -1.210980 15.890011
41.541542 -12.968202 9.153797 -1.210830 15.919559
41.641642 -12.994210 9.168298 -1.210680 15.949072
41.741742 -13.020184 9.182780 -1.210532 15.978549
41.841842 -13.046123 9.197243 -1.210384 16.007987
41.941942 -13.072026 9.211687 -1.210236 16.037384
42.042042 -13.097893 9.226111 -1.210089 16.066743
42.142142 -13.123724 9.240516 -1.209942 16.096062
42.242242 -13.149517 9.254899 -1.209796 16.125339
42.342342 -13.175271 9.269261 -1.209650 16.154573
42.442442 -13.200986 9.283601 -1.209505 16.183763
42.542543 -13.226661 9.297919 -1.209359 16.212908
42.642643 -13.252297 9.312215 -1.209214 16.242011
42.742743 -13.277895 9.326490 -1.209069 16.271071
42.842843 -13.303457 9.340745 -1.208924 16.300091
42.942943 -13.328984 9.354981 -1.208780 16.329073
43.043043 -13.354476 9.369198 -1.208637 16.358017
43.143143 -13.379933 9.383397 -1.208494 16.386922
43.243243 -13.405355 9.397576 -1.208352 16.415787
43.343343 -13.430739 9.411734 -1.208210 16.444612
43.443443 -13.456088 9.425873 -1.208068 16.473397
43.543544 -13.481404 9.439995 -1.207928 16.502147
43.643644 -13.506690 9.454101 -1.207788 16.530864
43.743744 -13.531946 9.468192 -1.207649 16.559548
43.843844 -13.557172 9.482267 -1.207511 16.588200
43.943944 -13.582367 9.496325 -1.207375 16.616818
44.044044 -13.607529 9.510367 -1.207238 16.645400
44.144144 -13.632661 9.524392 -1.207103 16.673949
44.244244 -13.657763 9.538403 -1.206969 16.702467
44.344344 -13.682836 9.552398 -1.206836 16.730953
44.444444 -13.707880 9.566378 -1.206704 16.759406
44.544545 -13.732892 9.580342 -1.206572 16.787826
44.644645 -13.757873 9.594290 -1.206442 16.816212
44.744745 -13.782827 9.608223 -1.206313 16.844568
44.844845 -13.807754 9.622143 -1.206184 16.872895
44.944945 -13.832654 9.636050 -1.206058 16.901193
45.045045 -13.857526 9.649943 -1.205932 16.929462
45.145145 -13.882372 9.663822 -1.205807 16.957702
45.245245 -13.907190 9.677688 -1.205684 16.985913
45.345345 -13.931979 9.691539 -1.205561 17.014093
45.445445 -13.956738 9.705373 -1.205440 17.042238
45.545546 -13.981464 9.719191 -1.205319 17.070349
45.645646 -14.006159 9.732992 -1.205199 17.098425
45.745746 -14.030825 9.746777 -1.205079 17.126468
45.845846 -14.055460 9.760547 -1.204961 17.154479
45.945946 -14.080067 9.774302 -1.204844 17.182459
46.046046 -14.104644 9.788042 -1.204727 17.210407
46.146146 -14.129191 9.801766 -1.204612 17.238322
46.246246 -14.153707 9.815473 -1.204497 17.266203
46.346346 -14.178193 9.829165 -1.204383 17.294050
46.446446 -14.202646 9.842839 -1.204270 17.321862
46.546547 -14.227068 9.856497 -1.204157 17.349640
46.646647 -14.251459 9.870138 -1.204046 17.377383
46.746747 -14.275817 9.883762 -1.203934 17.405090
46.846847 -14.300141 9.897367 -1.203824 17.432759
46.946947 -14.324432 9.910954 -1.203714 17.460392
47.047047 -14.348692 9.924524 -1.203604 17.487990
47.147147 -14.372918 9.938076 -1.203495 17.515551
47.247247 -14.397109 9.951610 -1.203387 17.543074
47.347347 -14.421266 9.965124 -1.203279 17.570558
47.447447 -14.445388 9.978619 -1.203171 17.598002
47.547548 -14.469473 9.992094 -1.203064 17.625407
47.647648 -14.493521 10.005548 -1.202957 17.652769
47.747748 -14.517531 10.018980 -1.202850 17.680088
47.847848 -14.541498 10.032388 -1.202743 17.707359
47.947948 -14.565422 10.045772 -1.202635 17.734581
48.048048 -14.589302 10.059129 -1.202527 17.761753
48.148148 -14.613138 10.072461 -1.202419 17.788875
48.248248 -14.636932 10.085770 -1.202310 17.815951
48.348348 -14.660689 10.099057 -1.202202 17.842983
48.448448 -14.684409 10.112324 -1.202094 17.869975
48.548549 -14.708095 10.125572 -1.201986 17.896928
48.648649 -14.731748 10.138802 -1.201879 17.923845
48.748749 -14.755368 10.152015 -1.201772 17.950725
48.848849 -14.778956 10.165210 -1.201666 17.977570
48.948949 -14.802512 10.178388 -1.201560 18.004380
49.049049 -14.826039 10.191550 -1.201455 18.031157
49.149149 -14.849536 10.204697 -1.201351 18.057902
49.249249 -14.873003 10.217828 -1.201248 18.084613
49.349349 -14.896438 10.230942 -1.201146 18.111289
49.449449 -14.919842 10.244038 -1.201043 18.137930
49.549550 -14.943212 10.257117 -1.200942 18.164534
49.649650 -14.966548 10.270177 -1.200840 18.191100
49.749750 -14.989850 10.283217 -1.200740 18.217627
49.849850 -15.013119 10.296241 -1.200639 18.244119
49.949950 -15.036357 10.309247 -1.200539 18.270575
50.050050 -15.059560 10.322234 -1.200440 18.296992
50.150150 -15.082727 10.335201 -1.200340 18.323369
50.250250 -15.105857 10.348147 -1.200241 18.349705
50.350350 -15.128951 10.361073 -1.200142 18.375999
50.450450 -15.152008 10.373979 -1.200044 18.402253
50.550551 -15.175031 10.386866 -1.199945 18.428468
50.650651 -15.198020 10.399733 -1.199847 18.454644
50.750751 -15.220974 10.412582 -1.199749 18.480782
50.850851 -15.243895 10.425412 -1.199652 18.506883
50.950951 -15.266782 10.438224 -1.199554 18.532946
51.051051 -15.289635 10.451017 -1.199458 18.558971
51.151151 -15.312455 10.463792 -1.199361 18.584958
51.251251 -15.335239 10.476547 -1.199265 18.610906
51.351351 -15.357986 10.489281 -1.199169 18.636811
51.451451 -15.380697 10.501994 -1.199073 18.662676
51.551552 -15.403375 10.514690 -1.198978 18.688505
51.651652 -15.426021 10.527369 -1.198883 18.714298
51.751752 -15.448634 10.540030 -1.198788 18.740054
51.851852 -15.471216 10.552673 -1.198694 18.765775
51.951952 -15.493767 10.565300 -1.198600 18.791462
52.052052 -15.516290 10.577912 -1.198507 18.817117
52.152152 -15.538785 10.590510 -1.198416 18.842743
52.252252 -15.561256 10.603095 -1.198325 18.868341
52.352352 -15.583702 10.615667 -1.198235 18.893913
52.452452 -15.606123 10.628227 -1.198146 18.919457
52.552553 -15.628521 10.640776 -1.198058 18.944976
52.652653 -15.650897 10.653314 -1.197971 18.970472
52.752753 -15.673250 10.665841 -1.197885 18.995944
52.852853 -15.695582 10.678358 -1.197801 19.021392
52.952953 -15.717892 10.690863 -1.197718 19.046816
53.053053 -15.740179 10.703359 -1.197636 19.072217
53.153153 -15.762447 10.715844 -1.197555 19.097596
53.253253 -15.784694 10.728320 -1.197476 19.122954
53.353353 -15.806921 10.740787 -1.197398 19.148290
53.453453 -15.829128 10.753244 -1.197321 19.173605
53.553554 -15.851313 10.765691 -1.197246 19.198897
53.653654 -15.873476 10.778127 -1.197171 19.224164
53.753754 -15.895615 10.790550 -1.197098 19.249405
53.853854 -15.917731 10.802963 -1.197026 19.274622
53.953954 -15.939828 10.815366 -1.196955 19.299818
54.054054 -15.961905 10.827761 -1.196885 19.324993
54.154154 -15.983962 10.840145 -1.196817 19.350146
54.254254 -16.005998 10.852520 -1.196749 19.375277
54.354354 -16.028014 10.864885 -1.196683 19.400387
54.454454 -16.050011 10.877242 -1.196619 19.425477
54.554555 -16.071989 10.889590 -1.196555 19.450546
54.654655 -16.093948 10.901929 -1.196494 19.475596
54.754755 -16.115890 10.914260 -1.196433 19.500626
54.854855 -16.137813 10.926583 -1.196374 19.525639
54.954955 -16.159720 10.938899 -1.196316 19.550633
55.055055 -16.181610 10.951208 -1.196260 19.575610
55.155155 -16.203484 10.963509 -1.196205 19.600570
55.255255 -16.225341 10.975803 -1.196152 19.625512
55.355355 -16.247182 10.988091 -1.196101 19.650438
55.455455 -16.269007 11.000372 -1.196050 19.675348
55.555556 -16.290813 11.012644 -1.196002 19.700237
55.655656 -16.312600 11.024907 -1.195954 19.725106
55.755756 -16.334366 11.037160 -1.195907 19.749952
55.855856 -16.356109 11.049401 -1.195862 19.774773
55.955956 -16.377829 11.061631 -1.195817 19.799570
56.056056 -16.399528 11.073850 -1.195774 19.824342
56.156156 -16.421203 11.086058 -1.195731 19.849090
56.256256 -16.442854 11.098253 -1.195690 19.873810
56.356356 -16.464479 11.110434 -1.195649 19.898502
56.456456 -16.486077 11.122602 -1.195609 19.923165
56.556557 -16.507648 11.134754 -1.195569 19.947797
56.656657 -16.529193 11.146894 -1.195530 19.972400
56.756757 -16.550714 11.159020 -1.195492 19.996976
56.856857 -16.572210 11.171134 -1.195455 20.021526
56.956957 -16.593683 11.183236 -1.195419 20.046049
57.057057 -16.615132 11.195326 -1.195383 20.070547
57.157157 -16.636558 11.207405 -1.195349 20.095020
57.257257 -16.657963 11.219473 -1.195315 20.119470
57.357357 -16.679347 11.231530 -1.195283 20.143897
57.457457 -16.700709 11.243577 -1.195252 20.168300
57.557558 -16.722050 11.255613 -1.195221 20.192681
57.657658 -16.743369 11.267639 -1.195192 20.217037
57.757758 -16.764668 11.279654 -1.195163 20.241371
57.857858 -16.785945 11.291659 -1.195136 20.265682
57.957958 -16.807203 11.303655 -1.195110 20.289972
58.058058 -16.828439 11.315640 -1.195085 20.314239
58.158158 -16.849656 11.327615 -1.195061 20.338485
58.258258 -16.870855 11.339582 -1.195038 20.362711
58.358358 -16.892035 11.351541 -1.195016 20.386918
58.458458 -16.913199 11.363492 -1.194996 20.411106
58.558559 -16.934345 11.375435 -1.194977 20.435277
58.658659 -16.955474 11.387370 -1.194959 20.459428
58.758759 -16.976585 11.399297 -1.194942 20.483561
58.858859 -16.997678 11.411215 -1.194927 20.507675
58.958959 -17.018753 11.423125 -1.194913 20.531769
59.059059 -17.039807 11.435025 -1.194900 20.555841
59.159159 -17.060841 11.446915 -1.194887 20.579891
59.259259 -17.081856 11.458795 -1.194876 20.603920
59.359359 -17.102851 11.470666 -1.194866 20.627928
59.459459 -17.123828 11.482529 -1.194857 20.651916
59.559560 -17.144787 11.494383 -1.194850 20.675885
59.659660 -17.165726 11.506227 -1.194843 20.699832
59.759760 -17.186645 11.518061 -1.194837 20.723757
59.859860 -17.207541 11.529884 -1.194832 20.747658
59.959960 -17.228414 11.541695 -1.194828 20.771533
60.060060 -17.249262 11.553493 -1.194825 20.795381
60.160160 -17.270088 11.565279 -1.194823 20.819204
60.260260 -17.290893 11.577055 -1.194821 20.843003
60.360360 -17.311676 11.588820 -1.194820 20.866779
60.460460 -17.332438 11.600574 -1.194820 20.890531
60.560561 -17.353176 11.612316 -1.194821 20.914259
60.660661 -17.373894 11.624048 -1.194823 20.937962
60.760761 -17.394589 11.635768 -1.194826 20.961641
60.860861 -17.415261 11.647476 -1.194829 20.985296
60.960961 -17.435911 11.659173 -1.194834 21.008925
61.061061 -17.456536 11.670857 -1.194838 21.032527
61.161161 -17.477137 11.682528 -1.194844 21.056102
61.261261 -17.497714 11.694187 -1.194850 21.079651
61.361361 -17.518266 11.705832 -1.194857 21.103171
61.461461 -17.538791 11.717463 -1.194864 21.126662
61.561562 -17.559289 11.729079 -1.194872 21.150121
61.661662 -17.579758 11.740680 -1.194880 21.173549
61.761762 -17.600202 11.752267 -1.194889 21.196949
61.861862 -17.620620 11.763840 -1.194898 21.220320
61.961962 -17.641014 11.775400 -1.194908 21.243663
62.062062 -17.661385 11.786949 -1.194919 21.266982
62.162162 -17.681734 11.798486 -1.194930 21.290276
62.262262 -17.702059 11.810011 -1.194942 21.313544
62.362362 -17.722360 11.821523 -1.194955 21.336785
62.462462 -17.742637 11.833023 -1.194968 21.359999
62.562563 -17.762890 11.844510 -1.194982 21.383186
62.662663 -17.783120 11.855984 -1.194997 21.406348
62.762763 -17.803328 11.867448 -1.195013 21.429485
62.862863 -17.823514 11.878900 -1.195029 21.452599
62.962963 -17.843678 11.890341 -1.195046 21.475688
63.063063 -17.863821 11.901771 -1.195063 21.498754
63.163163 -17.883943 11.913190 -1.195082 21.521797
63.263263 -17.904044 11.924600 -1.195102 21.544817
63.363363 -17.924126 11.935999 -1.195122 21.567816
63.463463 -17.944187 11.947388 -1.195143 21.590792
63.563564 -17.964227 11.958766 -1.195165 21.613745
63.663664 -17.984247 11.970134 -1.195188 21.636675
63.763764 -18.004247 11.981492 -1.195211 21.659584
63.863864 -18.024226 11.992840 -1.195236 21.682471
63.963964 -18.044186 12.004178 -1.195261 21.705336
64.064064 -18.064128 12.015506 -1.195288 21.728180
64.164164 -18.084050 12.026826 -1.195315 21.751004
64.264264 -18.103953 12.038136 -1.195343 21.773807
64.364364 -18.123835 12.049435 -1.195372 21.796587
64.464464 -18.143696 12.060723 -1.195401 21.819343
64.564565 -18.163535 12.072000 -1.195432 21.842075
64.664665 -18.183351 12.083264 -1.195463 21.864781
64.764765 -18.203144 12.094517 -1.195494 21.887462
64.864865 -18.222915 12.105758 -1.195526 21.910119
64.964965 -18.242666 12.116990 -1.195559 21.932753
65.065065 -18.262396 12.128210 -1.195593 21.955365
65.165165 -18.282106 12.139420 -1.195628 21.977953
65.265265 -18.301793 12.150618 -1.195663 22.000517
65.365365 -18.321456 12.161804 -1.195699 22.023054
65.465465 -18.341093 12.172975 -1.195735 22.045562
65.565566 -18.360705 12.184133 -1.195772 22.068042
65.665666 -18.380293 12.195278 -1.195809 22.090494
65.765766 -18.399856 12.206409 -1.195846 22.112919
65.865866 -18.419394 12.217527 -1.195884 22.135316
65.965966 -18.438907 12.228632 -1.195923 22.157684
66.066066 -18.458395 12.239723 -1.195962 22.180024
66.166166 -18.477858 12.250801 -1.196001 22.202337
66.266266 -18.497297 12.261866 -1.196041 22.224623
66.366366 -18.516712 12.272917 -1.196081 22.246882
66.466466 -18.536104 12.283957 -1.196122 22.269114
66.566567 -18.555472 12.294984 -1.196164 22.291321
66.666667 -18.574818 12.305999 -1.196206 22.313502
66.766767 -18.594141 12.317003 -1.196249 22.335659
66.866867 -18.613444 12.327995 -1.196292 22.357792
66.966967 -18.632725 12.338977 -1.196336 22.379902
67.067067 -18.651986 12.349948 -1.196381 22.401990
67.167167 -18.671226 12.360908 -1.196426 22.424054
67.267267 -18.690445 12.371858 -1.196472 22.446094
67.367367 -18.709643 12.382796 -1.196519 22.468112
67.467467 -18.728821 12.393724 -1.196566 22.490107
67.567568 -18.747979 12.404642 -1.196614 22.512080
67.667668 -18.767116 12.415549 -1.196663 22.534030
67.767768 -18.786235 12.426448 -1.196713 22.555960
67.867868 -18.805337 12.437338 -1.196763 22.577872
67.967968 -18.824423 12.448220 -1.196815 22.599766
68.068068 -18.843492 12.459093 -1.196867 22.621642
68.168168 -18.862544 12.469959 -1.196920 22.643499
68.268268 -18.881580 12.480817 -1.196975 22.665339
68.368368 -18.900601 12.491668 -1.197030 22.687163
68.468468 -18.919606 12.502512 -1.197086 22.708970
68.568569 -18.938596 12.513348 -1.197143 22.730760
68.668669 -18.957572 12.524178 -1.197201 22.752535
68.768769 -18.976533 12.535001 -1.197261 22.774295
68.868869 -18.995484 12.545820 -1.197321 22.796043
68.968969 -19.014423 12.556635 -1.197383 22.817780
69.069069 -19.033350 12.567444 -1.197446 22.839504
69.169169 -19.052265 12.578248 -1.197510 22.861215
69.269269 -19.071169 12.589048 -1.197575 22.882915
69.369369 -19.090063 12.599844 -1.197641 22.904605
69.469469 -19.108946 12.610636 -1.197709 22.926283
69.569570 -19.127819 12.621424 -1.197778 22.947951
69.669670 -19.146681 12.632207 -1.197848 22.969607
69.769770 -19.165532 12.642986 -1.197920 22.991253
69.869870 -19.184371 12.653760 -1.197992 23.012886
69.969970 -19.203199 12.664530 -1.198066 23.034507
70.070070 -19.222017 12.675295 -1.198141 23.056118
70.170170 -19.240824 12.686057 -1.198217 23.077718
70.270270 -19.259621 12.696814 -1.198295 23.099307
70.370370 -19.278406 12.707567 -1.198373 23.120884
70.470470 -19.297180 12.718314 -1.198453 23.142449
70.570571 -19.315940 12.729056 -1.198534 23.164000
70.670671 -19.334686 12.739791 -1.198616 23.185535
70.770771 -19.353418 12.750520 -1.198698 23.207055
70.870871 -19.372136 12.761242 -1.198782 23.228560
70.970971 -19.390841 12.771958 -1.198867 23.250052
71.071071 -19.409532 12.782668 -1.198952 23.271528
71.171171 -19.428208 12.793371 -1.199039 23.292988
71.271271 -19.446871 12.804067 -1.199127 23.314434
71.371371 -19.465520 12.814758 -1.199215 23.335865
71.471471 -19.484155 12.825441 -1.199305 23.357281
71.571572 -19.502776 12.836119 -1.199395 23.378682
71.671672 -19.521384 12.846791 -1.199487 23.400069
71.771772 -19.539978 12.857455 -1.199579 23.421441
71.871872 -19.558558 12.868114 -1.199672 23.442797
71.971972 -19.577124 12.878766 -1.199767 23.464139
72.072072 -19.595675 12.889411 -1.199862 23.485465
72.172172 -19.614211 12.900048 -1.199958 23.506774
72.272272 -19.632731 12.910678 -1.200055 23.528065
72.372372 -19.651233 12.921299 -1.200152 23.549337
72.472472 -19.669716 12.931909 -1.200251 23.570588
72.572573 -19.688181 12.942511 -1.200349 23.591818
72.672673 -19.706627 12.953103 -1.200449 23.613028
72.772773 -19.725054 12.963685 -1.200549 23.634217
72.872873 -19.743461 12.974256 -1.200650 23.655383
72.972973 -19.761848 12.984817 -1.200751 23.676526
73.073073 -19.780216 12.995368 -1.200852 23.697649
73.173173 -19.798565 13.005909 -1.200955 23.718751
73.273273 -19.816899 13.016443 -1.201058 23.739836
73.373373 -19.835216 13.026968 -1.201162 23.760903
73.473473 -19.853519 13.037487 -1.201267 23.781954
73.573574 -19.871809 13.047999 -1.201372 23.802991
73.673674 -19.890084 13.058505 -1.201479 23.824012
73.773774 -19.908346 13.069005 -1.201586 23.845019
73.873874 -19.926594 13.079498 -1.201695 23.866011
73.973974 -19.944829 13.089984 -1.201804 23.886989
74.074074 -19.963051 13.100465 -1.201914 23.907952
74.174174 -19.981260 13.110940 -1.202025 23.928902
74.274274 -19.999457 13.121410 -1.202137 23.949839
74.374374 -20.017643 13.131875 -1.202250 23.970765
74.474474 -20.035818 13.142335 -1.202365 23.991679
74.574575 -20.053982 13.152791 -1.202480 24.012581
74.674675 -20.072134 13.163241 -1.202596 24.033471
74.774775 -20.090276 13.173687 -1.202713 24.054350
74.874875 -20.108407 13.184129 -1.202831 24.075218
74.974975 -20.126526 13.194565 -1.202951 24.096072
75.075075 -20.144631 13.204995 -1.203071 24.116912
75.175175 -20.162720 13.215416 -1.203191 24.137733
75.275275 -20.180792 13.225829 -1.203313 24.158537
75.375375 -20.198848 13.236234 -1.203435 24.179322
75.475475 -20.216888 13.246631 -1.203558 24.200090
75.575576 -20.234913 13.257020 -1.203681 24.220841
75.675676 -20.252924 13.267403 -1.203806 24.241577
75.775776 -20.270920 13.277778 -1.203931 24.262296
75.875876 -20.288902 13.288147 -1.204057 24.283001
75.975976 -20.306873 13.298511 -1.204184 24.303694
76.076076 -20.324832 13.308869 -1.204311 24.324374
76.176176 -20.342779 13.319222 -1.204440 24.345041
76.276276 -20.360716 13.329571 -1.204570 24.365697
76.376376 -20.378642 13.339915 -1.204701 24.386342
76.476476 -20.396559 13.350256 -1.204833 24.406978
76.576577 -20.414467 13.360593 -1.204966 24.427604
76.676677 -20.432367 13.370928 -1.205100 24.448223
76.776777 -20.450259 13.381260 -1.205235 24.468833
76.876877 -20.468143 13.391588 -1.205371 24.489435
76.976977 -20.486019 13.401914 -1.205509 24.510029
77.077077 -20.503887 13.412237 -1.205647 24.530615
77.177177 -20.521748 13.422558 -1.205787 24.551194
77.277277 -20.539602 13.432877 -1.205928 24.571766
77.377377 -20.557449 13.443193 -1.206070 24.592331
77.477477 -20.575289 13.453507 -1.206213 24.612889
77.577578 -20.593119 13.463817 -1.206358 24.633437
77.677678 -20.610938 13.474122 -1.206503 24.653973
77.777778 -20.628746 13.484423 -1.206649 24.674498
77.877878 -20.646542 13.494718 -1.206796 24.695009
77.977978 -20.664325 13.505006 -1.206944 24.715506
78.078078 -20.682095 13.515289 -1.207092 24.735989
78.178178 -20.699852 13.525565 -1.207242 24.756458
78.278278 -20.717597 13.535836 -1.207392 24.776914
78.378378 -20.735331 13.546102 -1.207543 24.797359
78.478478 -20.753055 13.556364 -1.207695 24.817793
78.578579 -20.770767 13.566620 -1.207848 24.838213
78.678679 -20.788466 13.576870 -1.208002 24.858619
78.778779 -20.806152 13.587114 -1.208156 24.879013
78.878879 -20.823828 13.597353 -1.208312 24.899394
78.978979 -20.841492 13.607588 -1.208468 24.919764
79.079079 -20.859146 13.617817 -1.208625 24.940122
79.179179 -20.876788 13.628041 -1.208783 24.960467
79.279279 -20.894419 13.638260 -1.208942 24.980801
79.379379 -20.912038 13.648474 -1.209102 25.001122
79.479479 -20.929645 13.658683 -1.209262 25.021430
79.579580 -20.947239 13.668884 -1.209423 25.041724
79.679680 -20.964820 13.679080 -1.209586 25.062004
79.779780 -20.982390 13.689270 -1.209748 25.082270
79.879880 -20.999945 13.699454 -1.209912 25.102522
79.979980 -21.017486 13.709630 -1.210076 25.122758
80.080080 -21.035012 13.719799 -1.210241 25.142977
80.180180 -21.052520 13.729958 -1.210406 25.163177
80.280280 -21.070011 13.740109 -1.210572 25.183356
80.380380 -21.087484 13.750249 -1.210738 25.203517
80.480480 -21.104939 13.760381 -1.210905 25.223656
80.580581 -21.122376 13.770502 -1.211072 25.243775
80.680681 -21.139794 13.780613 -1.211239 25.263873
80.780781 -21.157191 13.790714 -1.211407 25.283948
80.880881 -21.174566 13.800802 -1.211575 25.303997
80.980981 -21.191917 13.810876 -1.211743 25.324019
81.081081 -21.209242 13.820936 -1.211911 25.344012
81.181181 -21.226543 13.830982 -1.212079 25.363977
81.281281 -21.243818 13.841013 -1.212247 25.383912
81.381381 -21.261067 13.851030 -1.212415 25.403817
81.481481 -21.278290 13.861032 -1.212583 25.423693
81.581582 -21.295489 13.871020 -1.212751 25.443542
81.681682 -21.312666 13.880996 -1.212919 25.463365
81.781782 -21.329821 13.890960 -1.213088 25.483164
81.881882 -21.346954 13.900912 -1.213256 25.502936
81.981982 -21.364063 13.910850 -1.213425 25.522683
82.082082 -21.381149 13.920775 -1.213593 25.542402
82.182182 -21.398210 13.930687 -1.213762 25.562094
82.282282 -21.415249 13.940586 -1.213931 25.581760
82.382382 -21.432265 13.950472 -1.214100 25.601400
82.482482 -21.449259 13.960346 -1.214269 25.621015
82.582583 -21.466231 13.970208 -1.214438 25.640606
82.682683 -21.483183 13.980059 -1.214608 25.660173
82.782783 -21.500113 13.989897 -1.214778 25.679715
82.882883 -21.517020 13.999723 -1.214948 25.699231
82.982983 -21.533905 14.009536 -1.215117 25.718722
83.083083 -21.550768 14.019337 -1.215288 25.738188
83.183183 -21.567611 14.029128 -1.215458 25.757632
83.283283 -21.584435 14.038908 -1.215629 25.777054
83.383383 -21.601236 14.048675 -1.215799 25.796450
83.483483 -21.618014 14.058429 -1.215970 25.815820
83.583584 -21.634769 14.068171 -1.216141 25.835163
83.683684 -21.651502 14.077900 -1.216312 25.854482
83.783784 -21.668213 14.087616 -1.216483 25.873775
83.883884 -21.684902 14.097321 -1.216654 25.893043
83.983984 -21.701571 14.107014 -1.216826 25.912288
84.084084 -21.718218 14.116696 -1.216998 25.931510
84.184184 -21.734845 14.126366 -1.217169 25.950707
84.284284 -21.751450 14.136024 -1.217341 25.969880
84.384384 -21.768034 14.145670 -1.217514 25.989029
84.484484 -21.784598 14.155306 -1.217686 26.008156
84.584585 -21.801142 14.164931 -1.217859 26.027260
84.684685 -21.817668 14.174545 -1.218032 26.046342
84.784785 -21.834174 14.184149 -1.218205 26.065404
84.884885 -21.850663 14.193743 -1.218378 26.084445
84.984985 -21.867134 14.203328 -1.218552 26.103466
85.085085 -21.883588 14.212904 -1.218726 26.122468
85.185185 -21.900024 14.222470 -1.218901 26.141450
85.285285 -21.916443 14.232028 -1.219076 26.160414
85.385385 -21.932847 14.241577 -1.219251 26.179359
85.485485 -21.949235 14.251118 -1.219427 26.198288
85.585586 -21.965609 14.260652 -1.219603 26.217201
85.685686 -21.981968 14.270177 -1.219780 26.236096
85.785786 -21.998311 14.279695 -1.219957 26.254974
85.885886 -22.014639 14.289205 -1.220135 26.273836
85.985986 -22.030952 14.298707 -1.220313 26.292680
86.086086 -22.047250 14.308201 -1.220492 26.311508
86.186186 -22.063533 14.317688 -1.220671 26.330319
86.286286 -22.079804 14.327168 -1.220851 26.349116
86.386386 -22.096062 14.336642 -1.221031 26.367900
86.486486 -22.112308 14.346110 -1.221212 26.386670
86.586587 -22.128541 14.355572 -1.221394 26.405427
86.686687 -22.144762 14.365027 -1.221576 26.424170
86.786787 -22.160970 14.374477 -1.221758 26.442899
86.886887 -22.177166 14.383920 -1.221942 26.461614
86.986987 -22.193350 14.393358 -1.222125 26.480316
87.087087 -22.209524 14.402790 -1.222310 26.499007
87.187187 -22.225688 14.412219 -1.222495 26.517687
87.287287 -22.241842 14.421642 -1.222681 26.536357
87.387387 -22.257987 14.431062 -1.222868 26.555018
87.487487 -22.274123 14.440478 -1.223056 26.573667
87.587588 -22.290250 14.449890 -1.223244 26.592309
87.687688 -22.306370 14.459298 -1.223433 26.610942
87.787788 -22.322481 14.468704 -1.223623 26.629566
87.887888 -22.338586 14.478107 -1.223814 26.648184
87.987988 -22.354685 14.487508 -1.224005 26.666796
88.088088 -22.370779 14.496908 -1.224198 26.685404
88.188188 -22.386870 14.506307 -1.224392 26.704007
88.288288 -22.402956 14.515705 -1.224587 26.722607
88.388388 -22.419038 14.525103 -1.224782 26.741203
88.488488 -22.435116 14.534499 -1.224979 26.759795
88.588589 -22.451189 14.543895 -1.225177 26.778384
88.688689 -22.467259 14.553290 -1.225375 26.796969
88.788789 -22.483325 14.562684 -1.225575 26.815549
88.888889 -22.499386 14.572078 -1.225776 26.834127
88.988989 -22.515444 14.581470 -1.225978 26.852700
89.089089 -22.531497 14.590862 -1.226180 26.871270
89.189189 -22.547548 14.600253 -1.226384 26.889837
89.289289 -22.563595 14.609644 -1.226589 26.908401
89.389389 -22.579637 14.619035 -1.226794 26.926961
89.489489 -22.595677 14.628425 -1.227001 26.945518
89.589590 -22.611713 14.637814 -1.227209 26.964073
89.689690 -22.627749 14.647205 -1.227418 26.982627
89.789790 -22.643783 14.656597 -1.227628 27.001182
89.889890 -22.659817 14.665990 -1.227839 27.019737
89.989990 -22.675850 14.675385 -1.228051 27.038291
90.090090 -22.691879 14.684779 -1.228265 27.056843
90.190190 -22.707907 14.694173 -1.228479 27.075393
90.290290 -22.723932 14.703568 -1.228694 27.093942
90.390390 -22.739955 14.712963 -1.228911 27.112489
90.490490 -22.755975 14.722358 -1.229128 27.131033
90.590591 -22.771992 14.731753 -1.229347 27.149576
90.690691 -22.788007 14.741148 -1.229567 27.168116
90.790791 -22.804017 14.750542 -1.229787 27.186652
90.890891 -22.820022 14.759934 -1.230008 27.205183
90.990991 -22.836023 14.769325 -1.230231 27.223710
91.091091 -22.852018 14.778715 -1.230454 27.242231
91.191191 -22.868008 14.788102 -1.230678 27.260747
91.291291 -22.883991 14.797487 -1.230903 27.279256
91.391391 -22.899968 14.806870 -1.231128 27.297758
91.491491 -22.915938 14.816250 -1.231355 27.316254
91.591592 -22.931901 14.825627 -1.231582 27.334742
91.691692 -22.947858 14.835002 -1.231810 27.353224
91.791792 -22.963810 14.844375 -1.232038 27.371700
91.891892 -22.979757 14.853747 -1.232268 27.390171
91.991992 -22.995699 14.863117 -1.232499 27.408639
92.092092 -23.011637 14.872487 -1.232730 27.427102
92.192192 -23.027569 14.881854 -1.232962 27.445559
92.292292 -23.043497 14.891220 -1.233196 27.464012
92.392392 -23.059419 14.900584 -1.233430 27.482459
92.492492 -23.075335 14.909946 -1.233664 27.500900
92.592593 -23.091246 14.919307 -1.233900 27.519336
92.692693 -23.107152 14.928665 -1.234136 27.537767
92.792793 -23.123051 14.938022 -1.234374 27.556191
92.892893 -23.138944 14.947375 -1.234612 27.574608
92.992993 -23.154830 14.956726 -1.234850 27.593018
93.093093 -23.170708 14.966073 -1.235090 27.611420
93.193193 -23.186578 14.975417 -1.235330 27.629813
93.293293 -23.202438 14.984756 -1.235571 27.648195
93.393393 -23.218288 14.994091 -1.235812 27.666566
93.493493 -23.234127 15.003419 -1.236053 27.684925
93.593594 -23.249954 15.012742 -1.236296 27.703271
93.693694 -23.265768 15.022058 -1.236538 27.721602
93.793794 -23.281569 15.031367 -1.236781 27.739919
93.893894 -23.297358 15.040670 -1.237025 27.758222
93.993994 -23.313135 15.049966 -1.237268 27.776511
94.094094 -23.328898 15.059256 -1.237513 27.794786
94.194194 -23.344648 15.068539 -1.237757 27.813046
94.294294 -23.360386 15.077815 -1.238002 27.831291
94.394394 -23.376110 15.087084 -1.238247 27.849522
94.494494 -23.391821 15.096346 -1.238493 27.867738
94.594595 -23.407518 15.105601 -1.238739 27.885938
94.694695 -23.423202 15.114849 -1.238986 27.904124
94.794795 -23.438873 15.124090 -1.239232 27.922295
94.894895 -23.454530 15.133324 -1.239480 27.940451
94.994995 -23.470175 15.142551 -1.239727 27.958592
95.095095 -23.485805 15.151771 -1.239975 27.976718
95.195195 -23.501423 15.160984 -1.240223 27.994829
95.295295 -23.517027 15.170190 -1.240472 28.012926
95.395395 -23.532617 15.179388 -1.240720 28.031006
95.495495 -23.548192 15.188579 -1.240970 28.049069
95.595596 -23.563752 15.197761 -1.241219 28.067115
95.695696 -23.579295 15.206934 -1.241468 28.085143
95.795796 -23.594820 15.216096 -1.241718 28.103148
95.895896 -23.610324 15.225247 -1.241967 28.121131
95.995996 -23.625807 15.234386 -1.242217 28.139090
96.096096 -23.641270 15.243513 -1.242466 28.157026
96.196196 -23.656714 15.252630 -1.242716 28.174938
96.296296 -23.672139 15.261735 -1.242965 28.192830
96.396396 -23.687546 15.270831 -1.243215 28.210702
96.496496 -23.702936 15.279918 -1.243464 28.228554
96.596597 -23.718311 15.288996 -1.243714 28.246390
96.696697 -23.733671 15.298067 -1.243964 28.264208
96.796797 -23.749015 15.307128 -1.244215 28.282007
96.896897 -23.764341 15.316179 -1.244465 28.299787
96.996997 -23.779651 15.325221 -1.244716 28.317548
97.097097 -23.794942 15.334253 -1.244966 28.335287
97.197197 -23.810215 15.343275 -1.245217 28.353007
97.297297 -23.825472 15.352288 -1.245468 28.370708
97.397397 -23.840714 15.361292 -1.245719 28.388391
97.497497 -23.855940 15.370288 -1.245970 28.406057
97.597598 -23.871151 15.379276 -1.246221 28.423705
97.697698 -23.886344 15.388254 -1.246473 28.441334
97.797798 -23.901521 15.397222 -1.246724 28.458944
97.897898 -23.916680 15.406181 -1.246976 28.476533
97.997998 -23.931820 15.415129 -1.247228 28.494101
98.098098 -23.946940 15.424065 -1.247479 28.511645
98.198198 -23.962039 15.432990 -1.247731 28.529166
98.298298 -23.977118 15.441902 -1.247982 28.546663
98.398398 -23.992174 15.450802 -1.248233 28.564134
98.498498 -24.007206 15.459688 -1.248484 28.581578
98.598599 -24.022213 15.468559 -1.248735 28.598992
98.698699 -24.037194 15.477414 -1.248985 28.616377
98.798799 -24.052149 15.486254 -1.249235 28.633730
98.898899 -24.067076 15.495079 -1.249484 28.651053
98.998999 -24.081977 15.503887 -1.249733 28.668344
99.099099 -24.096851 15.512680 -1.249982 28.685605
99.199199 -24.111698 15.521456 -1.250230 28.702834
99.299299 -24.126518 15.530217 -1.250477 28.720031
99.399399 -24.141310 15.538961 -1.250725 28.737197
99.499499 -24.156074 15.547689 -1.250971 28.754330
99.599600 -24.170810 15.556399 -1.251217 28.771430
99.699700 -24.185515 15.565092 -1.251463 28.788494
99.799800 -24.200190 15.573766 -1.251708 28.805523
99.899900 -24.214834 15.582423 -1.251952 28.822517
100.000000 -24.229449 15.591061 -1.252196 28.839476
