0.000000 0.632652 -0.528814 0.704405 1.084472
0.100100 0.707303 -0.426442 0.709748 1.088978
0.200200 0.778087 -0.321826 0.711251 1.102211
0.300300 0.844791 -0.215599 0.709060 1.123797
0.400400 0.907334 -0.108380 0.703410 1.153164
0.500501 0.965794 -0.000736 0.694625 1.189648
0.600601 1.020342 0.106850 0.683055 1.232510
0.700701 1.071168 0.213986 0.669021 1.280930
0.800801 1.118520 0.320372 0.652844 1.334140
0.900901 1.162714 0.425799 0.634850 1.391490
1.001001 1.204049 0.530124 0.615320 1.452371
1.101101 1.242816 0.633264 0.594504 1.516262
1.201201 1.279316 0.735196 0.572629 1.582740
1.301301 1.313805 0.835917 0.549878 1.651426
1.401401 1.346475 0.935428 0.526392 1.721949
1.501502 1.377510 1.033751 0.502292 1.794010
1.601602 1.407073 1.130915 0.477680 1.867351
1.701702 1.435309 1.226960 0.452643 1.941759
1.801802 1.462399 1.321973 0.427268 2.017122
1.901902 1.488515 1.416054 0.401634 2.093370
2.002002 1.513786 1.509278 0.375796 2.170413
2.102102 1.538289 1.601684 0.349793 2.248128
2.202202 1.562076 1.693293 0.323651 2.326386
2.302302 1.585198 1.784129 0.297396 2.405080
2.402402 1.607720 1.874238 0.271053 2.484150
2.502503 1.629705 1.963670 0.244643 2.563550
2.602603 1.651211 2.052472 0.218186 2.643245
2.702703 1.672274 2.140674 0.191694 2.723184
2.802803 1.692929 2.228301 0.165180 2.803323
2.902903 1.713229 2.315412 0.138656 2.883663
3.003003 1.733222 2.402055 0.112130 2.964203
3.103103 1.752937 2.488263 0.085610 3.044926
3.203203 1.772388 2.574046 0.059101 3.125790
3.303303 1.791597 2.659428 0.032608 3.206780
3.403403 1.810595 2.744445 0.006135 3.287898
3.503504 1.829400 2.829119 -0.020315 3.369129
3.603604 1.848020 2.913458 -0.046740 3.450450
3.703704 1.866461 2.997465 -0.073136 3.531830
3.803804 1.884727 3.081141 -0.099502 3.613243
3.903904 1.902818 3.164481 -0.125836 3.694657
4.004004 1.920735 3.247482 -0.152135 3.776044
4.104104 1.938483 3.330150 -0.178397 3.857388
4.204204 1.956082 3.412510 -0.204622 3.938699
4.304304 1.973550 3.494596 -0.230811 4.019997
4.404404 1.990905 3.576430 -0.256963 4.101290
4.504505 2.008161 3.658040 -0.283079 4.182595
4.604605 2.025333 3.739446 -0.309161 4.263920
4.704705 2.042429 3.820666 -0.335209 4.345269
4.804805 2.059454 3.901703 -0.361222 4.426638
4.904905 2.076407 3.982557 -0.387199 4.508010
5.005005 2.093293 4.063233 -0.413142 4.589382
5.105105 2.110117 4.143742 -0.439050 4.670755
5.205205 2.126882 4.224087 -0.464923 4.752125
5.305305 2.143591 4.304274 -0.490761 4.833488
5.405405 2.160249 4.384310 -0.516565 4.914844
5.505506 2.176857 4.464198 -0.542335 4.996188
5.605606 2.193415 4.543938 -0.568071 5.077514
5.705706 2.209932 4.623543 -0.593773 5.158829
5.805806 2.226412 4.703027 -0.619444 5.240142
5.905906 2.242858 4.782391 -0.645084 5.321448
6.006006 2.259266 4.861628 -0.670690 5.402734
6.106106 2.275634 4.940733 -0.696263 5.483989
6.206206 2.291961 5.019702 -0.721801 5.565203
6.306306 2.308252 5.098545 -0.747306 5.646384
6.406406 2.324508 5.177267 -0.772779 5.727531
6.506507 2.340728 5.255863 -0.798218 5.808636
6.606607 2.356912 5.334332 -0.823623 5.889693
6.706707 2.373062 5.412679 -0.848995 5.970704
6.806807 2.389180 5.490909 -0.874334 6.051671
6.906907 2.405268 5.569022 -0.899641 6.132591
7.007007 2.421325 5.647020 -0.924915 6.213462
7.107107 2.437354 5.724908 -0.950157 6.294288
7.207207 2.453359 5.802695 -0.975369 6.375076
7.307307 2.469342 5.880385 -1.000551 6.455826
7.407407 2.485304 5.957981 -1.025704 6.536539
7.507508 2.501246 6.035487 -1.050827 6.617218
7.607608 2.517172 6.112908 -1.075923 6.697866
7.707708 2.533081 6.190246 -1.100992 6.778483
7.807808 2.548977 6.267505 -1.126034 6.859071
7.907908 2.564860 6.344690 -1.151049 6.939634
8.008008 2.580729 6.421800 -1.176038 7.020167
8.108108 2.596587 6.498835 -1.201001 7.100671
8.208208 2.612434 6.575803 -1.225940 7.181150
8.308308 2.628275 6.652710 -1.250854 7.261613
8.408408 2.644108 6.729554 -1.275745 7.342052
8.508509 2.659929 6.806328 -1.300610 7.422460
8.608609 2.675742 6.883037 -1.325451 7.502840
8.708709 2.691547 6.959681 -1.350268 7.583193
8.808809 2.707342 7.036259 -1.375060 7.663513
8.908909 2.723127 7.112771 -1.399828 7.743801
9.009009 2.738904 7.189218 -1.424571 7.824056
9.109109 2.754671 7.265598 -1.449290 7.904275
9.209209 2.770427 7.341907 -1.473983 7.984453
9.309309 2.786170 7.418140 -1.498649 8.064582
9.409409 2.801902 7.494301 -1.523290 8.144668
9.509510 2.817624 7.570394 -1.547906 8.224712
9.609610 2.833335 7.646419 -1.572497 8.304714
9.709710 2.849038 7.722379 -1.597064 8.384675
9.809810 2.864732 7.798276 -1.621607 8.464597
9.909910 2.880418 7.874109 -1.646126 8.544480
10.010010 2.896093 7.949874 -1.670620 8.624316
10.110110 2.911759 8.025570 -1.695089 8.704105
10.210210 2.927415 8.101202 -1.719534 8.783851
10.310310 2.943064 8.176772 -1.743956 8.863555
10.410410 2.958705 8.252281 -1.768354 8.943218
10.510511 2.974339 8.327730 -1.792729 9.022841
10.610611 2.989966 8.403121 -1.817082 9.102424
10.710711 3.005585 8.478450 -1.841411 9.181963
10.810811 3.021196 8.553717 -1.865716 9.261457
10.910911 3.036798 8.628919 -1.889998 9.340903
11.011011 3.052389 8.704052 -1.914254 9.420296
11.111111 3.067971 8.779119 -1.938486 9.499638
11.211211 3.083543 8.854118 -1.962694 9.578925
11.311311 3.099103 8.929047 -1.986876 9.658157
11.411411 3.114653 9.003905 -2.011032 9.737331
11.511512 3.130191 9.078693 -2.035164 9.816448
11.611612 3.145720 9.153414 -2.059271 9.895512
11.711712 3.161239 9.228069 -2.083354 9.974520
11.811812 3.176746 9.302653 -2.107411 10.053470
11.911912 3.192241 9.377162 -2.131443 10.132355
12.012012 3.207723 9.451596 -2.155448 10.211176
12.112112 3.223193 9.525955 -2.179426 10.289932
12.212212 3.238650 9.600240 -2.203379 10.368623
12.312312 3.254095 9.674451 -2.227306 10.447250
12.412412 3.269527 9.748588 -2.251206 10.525812
12.512513 3.284946 9.822648 -2.275080 10.604304
12.612613 3.300349 9.896624 -2.298926 10.682721
12.712713 3.315736 9.970516 -2.322743 10.761061
12.812813 3.331107 10.044322 -2.346532 10.839321
12.912913 3.346460 10.118038 -2.370290 10.917498
13.013013 3.361797 10.191669 -2.394021 10.995596
13.113113 3.377119 10.265216 -2.417723 11.073616
13.213213 3.392423 10.338676 -2.441396 11.151555
13.313313 3.407711 10.412047 -2.465039 11.229409
13.413413 3.422980 10.485329 -2.488653 11.307180
13.513514 3.438233 10.558524 -2.512238 11.384868
13.613614 3.453469 10.631630 -2.535793 11.462471
13.713714 3.468686 10.704644 -2.559318 11.539987
13.813814 3.483885 10.777565 -2.582813 11.617413
13.913914 3.499065 10.850396 -2.606278 11.694752
14.014014 3.514230 10.923142 -2.629714 11.772011
14.114114 3.529380 10.995807 -2.653123 11.849192
14.214214 3.544516 11.068393 -2.676505 11.926299
14.314314 3.559638 11.140902 -2.699860 12.003332
14.414414 3.574747 11.213333 -2.723188 12.080290
14.514515 3.589841 11.285684 -2.746489 12.157172
14.614615 3.604920 11.357955 -2.769762 12.233976
14.714715 3.619984 11.430144 -2.793008 12.310702
14.814815 3.635033 11.502250 -2.816226 12.387346
14.914915 3.650065 11.574271 -2.839415 12.463908
15.015015 3.665082 11.646209 -2.862576 12.540389
15.115115 3.680084 11.718063 -2.885709 12.616787
15.215215 3.695069 11.789833 -2.908813 12.693104
15.315315 3.710039 11.861519 -2.931890 12.769338
15.415415 3.724992 11.933118 -2.954937 12.845486
15.515516 3.739928 12.004631 -2.977955 12.921550
15.615616 3.754848 12.076058 -3.000945 12.997528
15.715716 3.769751 12.147398 -3.023906 13.073420
15.815816 3.784638 12.218651 -3.046837 13.149226
15.915916 3.799508 12.289816 -3.069740 13.224944
16.016016 3.814360 12.360895 -3.092613 13.300576
16.116116 3.829197 12.431889 -3.115459 13.376124
16.216216 3.844017 12.502796 -3.138275 13.451586
16.316316 3.858821 12.573618 -3.161062 13.526961
16.416416 3.873609 12.644356 -3.183822 13.602253
16.516517 3.888381 12.715010 -3.206553 13.677462
16.616617 3.903138 12.785582 -3.229256 13.752588
16.716717 3.917879 12.856070 -3.251932 13.827631
16.816817 3.932604 12.926474 -3.274579 13.902589
16.916917 3.947313 12.996793 -3.297197 13.977461
17.017017 3.962005 13.067025 -3.319787 14.052246
17.117117 3.976679 13.137168 -3.342347 14.126941
17.217217 3.991337 13.207224 -3.364878 14.201547
17.317317 4.005978 13.277191 -3.387380 14.276064
17.417417 4.020601 13.347070 -3.409852 14.350491
17.517518 4.035206 13.416858 -3.432294 14.424827
17.617618 4.049794 13.486559 -3.454708 14.499073
17.717718 4.064366 13.556173 -3.477092 14.573231
17.817818 4.078920 13.625699 -3.499447 14.647300
17.917918 4.093456 13.695132 -3.521772 14.721273
18.018018 4.107972 13.764469 -3.544065 14.795149
18.118118 4.122468 13.833710 -3.566328 14.868926
18.218218 4.136947 13.902859 -3.588560 14.942609
18.318318 4.151407 13.971919 -3.610762 15.016201
18.418418 4.165851 14.040890 -3.632935 15.089702
18.518519 4.180276 14.109770 -3.655079 15.163111
18.618619 4.194683 14.178558 -3.677191 15.236424
18.718719 4.209070 14.247250 -3.699273 15.309639
18.818819 4.223438 14.315847 -3.721324 15.382755
18.918919 4.237787 14.384347 -3.743343 15.455772
19.019019 4.252115 14.452750 -3.765331 15.528689
19.119119 4.266423 14.521056 -3.787287 15.601506
19.219219 4.280712 14.589267 -3.809212 15.674224
19.319319 4.294982 14.657382 -3.831106 15.746844
19.419419 4.309232 14.725401 -3.852969 15.819364
19.519520 4.323462 14.793323 -3.874800 15.891784
19.619620 4.337673 14.861149 -3.896600 15.964105
19.719720 4.351864 14.928880 -3.918369 16.036328
19.819820 4.366037 14.996519 -3.940107 16.108455
19.919920 4.380192 15.064067 -3.961816 16.180488
20.020020 4.394328 15.131522 -3.983494 16.252425
20.120120 4.408446 15.198886 -4.005143 16.324267
20.220220 4.422546 15.266160 -4.026762 16.396017
20.320320 4.436628 15.333343 -4.048351 16.467672
20.420420 4.450692 15.400434 -4.069910 16.539232
20.520521 4.464737 15.467434 -4.091438 16.610697
20.620621 4.478764 15.534343 -4.112937 16.682068
20.720721 4.492774 15.601164 -4.134407 16.753347
20.820821 4.506766 15.667895 -4.155847 16.824533
20.920921 4.520740 15.734536 -4.177258 16.895627
21.021021 4.534697 15.801088 -4.198639 16.966627
21.121121 4.548635 15.867550 -4.219991 17.037534
21.221221 4.562557 15.933925 -4.241313 17.108350
21.321321 4.576462 16.000216 -4.262608 17.179078
21.421421 4.590351 16.066423 -4.283875 17.249720
21.521522 4.604224 16.132544 -4.305113 17.320272
21.621622 4.618079 16.198579 -4.326323 17.390735
21.721722 4.631918 16.264527 -4.347504 17.461108
21.821822 4.645740 16.330390 -4.368657 17.531392
21.921922 4.659545 16.396166 -4.389780 17.601585
22.022022 4.673333 16.461855 -4.410876 17.671687
22.122122 4.687103 16.527456 -4.431942 17.741698
22.222222 4.700857 16.592971 -4.452979 17.811619
22.322322 4.714594 16.658402 -4.473989 17.881452
22.422422 4.728315 16.723749 -4.494971 17.951198
22.522523 4.742019 16.789010 -4.515924 18.020854
22.622623 4.755706 16.854181 -4.536847 18.090416
22.722723 4.769374 16.919261 -4.557741 18.159882
22.822823 4.783023 16.984249 -4.578605 18.229252
22.922923 4.796654 17.049145 -4.599438 18.298526
23.023023 4.810266 17.113949 -4.620242 18.367704
23.123123 4.823860 17.178659 -4.641015 18.436783
23.223223 4.837433 17.243271 -4.661756 18.505759
23.323323 4.850985 17.307784 -4.682465 18.574631
23.423423 4.864516 17.372195 -4.703142 18.643396
23.523524 4.878026 17.436505 -4.723786 18.712054
23.623624 4.891515 17.500715 -4.744398 18.780609
23.723724 4.904984 17.564829 -4.764978 18.849061
23.823824 4.918434 17.628846 -4.785528 18.917412
23.923924 4.931864 17.692770 -4.806047 18.985665
24.024024 4.945276 17.756604 -4.826536 19.053823
24.124124 4.958670 17.820347 -4.846996 19.121886
24.224224 4.972045 17.883997 -4.867425 19.189851
24.324324 4.985401 17.947552 -4.887824 19.257717
24.424424 4.998738 18.011014 -4.908192 19.325485
24.524525 5.012056 18.074385 -4.928530 19.393156
24.624625 5.025356 18.137665 -4.948839 19.460732
24.724725 5.038638 18.200855 -4.969118 19.528213
24.824825 5.051902 18.263954 -4.989368 19.595600
24.924925 5.065148 18.326966 -5.009589 19.662893
25.025025 5.078376 18.389889 -5.029780 19.730094
25.125125 5.091586 18.452722 -5.049942 19.797199
25.225225 5.104778 18.515463 -5.070075 19.864209
25.325325 5.117951 18.578114 -5.090177 19.931122
25.425425 5.131106 18.640675 -5.110251 19.997941
25.525526 5.144244 18.703147 -5.130295 20.064668
25.625626 5.157364 18.765532 -5.150311 20.131302
25.725726 5.170466 18.827829 -5.170297 20.197842
25.825826 5.183550 18.890035 -5.190254 20.264288
25.925926 5.196617 18.952152 -5.210182 20.330640
26.026026 5.209665 19.014180 -5.230081 20.396897
26.126126 5.222694 19.076115 -5.249950 20.463056
26.226226 5.235704 19.137957 -5.269788 20.529117
26.326326 5.248696 19.199707 -5.289596 20.595082
26.426426 5.261669 19.261368 -5.309375 20.660952
26.526527 5.274624 19.322939 -5.329125 20.726726
26.626627 5.287561 19.384419 -5.348845 20.792406
26.726727 5.300479 19.445807 -5.368536 20.857988
26.826827 5.313378 19.507102 -5.388196 20.923472
26.926927 5.326259 19.568306 -5.407826 20.988860
27.027027 5.339120 19.629419 -5.427427 21.054150
27.127127 5.351963 19.690438 -5.446997 21.119343
27.227227 5.364787 19.751364 -5.466537 21.184436
27.327327 5.377591 19.812196 -5.486047 21.249431
27.427427 5.390376 19.872935 -5.505526 21.314326
27.527528 5.403142 19.933580 -5.524975 21.379124
27.627628 5.415889 19.994133 -5.544394 21.443823
27.727728 5.428617 20.054593 -5.563783 21.508423
27.827828 5.441326 20.114962 -5.583142 21.572927
27.927928 5.454016 20.175238 -5.602472 21.637333
28.028028 5.466686 20.235418 -5.621770 21.701639
28.128128 5.479337 20.295503 -5.641037 21.765842
28.228228 5.491967 20.355492 -5.660274 21.829944
28.328328 5.504579 20.415387 -5.679480 21.893947
28.428428 5.517171 20.475190 -5.698656 21.957852
28.528529 5.529744 20.534898 -5.717801 22.021656
28.628629 5.542297 20.594511 -5.736916 22.085360
28.728729 5.554831 20.654031 -5.756001 22.148966
28.828829 5.567346 20.713461 -5.775056 22.212476
28.928929 5.579843 20.772802 -5.794082 22.275892
29.029029 5.592323 20.832055 -5.813080 22.339214
29.129129 5.604785 20.891220 -5.832049 22.402444
29.229229 5.617229 20.950297 -5.850989 22.465580
29.329329 5.629656 21.009288 -5.869901 22.528625
29.429429 5.642065 21.068194 -5.888785 22.591580
29.529530 5.654457 21.127014 -5.907642 22.654445
29.629630 5.666833 21.185751 -5.926470 22.717220
29.729730 5.679192 21.244404 -5.945271 22.779908
29.829830 5.691534 21.302974 -5.964045 22.842507
29.929930 5.703860 21.361460 -5.982792 22.905017
30.030030 5.716169 21.419863 -6.001511 22.967439
30.130130 5.728462 21.478184 -6.020203 23.029774
30.230230 5.740739 21.536425 -6.038868 23.092025
30.330330 5.753000 21.594587 -6.057508 23.154192
30.430430 5.765246 21.652671 -6.076121 23.216276
30.530531 5.777477 21.710676 -6.094709 23.278276
30.630631 5.789691 21.768599 -6.113269 23.340191
30.730731 5.801890 21.826444 -6.131804 23.402021
30.830831 5.814074 21.884210 -6.150313 23.463769
30.930931 5.826243 21.941900 -6.168796 23.525435
31.031031 5.838397 21.999516 -6.187254 23.587024
31.131131 5.850538 22.057061 -6.205689 23.648537
31.231231 5.862666 22.114537 -6.224101 23.709977
31.331331 5.874781 22.171942 -6.242488 23.771343
31.431431 5.886883 22.229278 -6.260853 23.832634
31.531532 5.898971 22.286541 -6.279193 23.893849
31.631632 5.911045 22.343733 -6.297509 23.954988
31.731732 5.923105 22.400853 -6.315801 24.016051
31.831832 5.935152 22.457902 -6.334069 24.077039
31.931932 5.947186 22.514882 -6.352314 24.137954
32.032032 5.959207 22.571793 -6.370536 24.198796
32.132132 5.971215 22.628635 -6.388735 24.259564
32.232232 5.983210 22.685406 -6.406910 24.320258
32.332332 5.995192 22.742109 -6.425061 24.380878
32.432432 6.007160 22.798740 -6.443189 24.441424
32.532533 6.019114 22.855301 -6.461293 24.501894
32.632633 6.031055 22.911789 -6.479374 24.562288
32.732733 6.042981 22.968205 -6.497429 24.622604
32.832833 6.054894 23.024547 -6.515461 24.682843
32.932933 6.066792 23.080817 -6.533468 24.743004
33.033033 6.078676 23.137012 -6.551451 24.803087
33.133133 6.090546 23.193134 -6.569409 24.863092
33.233233 6.102400 23.249181 -6.587342 24.923017
33.333333 6.114240 23.305151 -6.605250 24.982861
33.433433 6.126064 23.361043 -6.623132 25.042621
33.533534 6.137873 23.416856 -6.640989 25.102298
33.633634 6.149666 23.472592 -6.658820 25.161892
33.733734 6.161443 23.528247 -6.676624 25.221402
33.833834 6.173204 23.583821 -6.694402 25.280824
33.933934 6.184948 23.639313 -6.712153 25.340160
34.034034 6.196676 23.694724 -6.729877 25.399409
34.134134 6.208388 23.750055 -6.747575 25.458573
34.234234 6.220084 23.805307 -6.765248 25.517654
34.334334 6.231764 23.860480 -6.782894 25.576650
34.434434 6.243429 23.915574 -6.800515 25.635563
34.534535 6.255077 23.970587 -6.818109 25.694390
34.634635 6.266709 24.025519 -6.835676 25.753130
34.734735 6.278324 24.080370 -6.853217 25.811783
34.834835 6.289923 24.135140 -6.870732 25.870351
34.934935 6.301505 24.189828 -6.888220 25.928831
35.035035 6.313071 24.244434 -6.905681 25.987225
35.135135 6.324620 24.298958 -6.923115 26.045531
35.235235 6.336152 24.353397 -6.940522 26.103747
35.335335 6.347667 24.407752 -6.957901 26.161873
35.435435 6.359164 24.462022 -6.975253 26.219909
35.535536 6.370644 24.516208 -6.992578 26.277856
35.635636 6.382107 24.570314 -7.009876 26.335716
35.735736 6.393555 24.624338 -7.027147 26.393491
35.835836 6.404985 24.678281 -7.044393 26.451179
35.935936 6.416400 24.732143 -7.061611 26.508781
36.036036 6.427798 24.785924 -7.078804 26.566296
36.136136 6.439179 24.839626 -7.095970 26.623727
36.236236 6.450545 24.893249 -7.113111 26.681074
36.336336 6.461895 24.946792 -7.130225 26.738336
36.436436 6.473229 25.000255 -7.147314 26.795514
36.536537 6.484546 25.053639 -7.164377 26.852607
36.636637 6.495848 25.106945 -7.181414 26.909616
36.736737 6.507134 25.160172 -7.198425 26.966541
36.836837 6.518404 25.213321 -7.215411 27.023384
36.936937 6.529659 25.266390 -7.232370 27.080142
37.037037 6.540897 25.319380 -7.249304 27.136815
37.137137 6.552118 25.372289 -7.266212 27.193403
37.237237 6.563324 25.425118 -7.283093 27.249905
37.337337 6.574513 25.477867 -7.299948 27.306321
37.437437 6.585685 25.530535 -7.316777 27.362651
37.537538 6.596841 25.583121 -7.333580 27.418894
37.637638 6.607979 25.635624 -7.350355 27.475049
37.737738 6.619101 25.688046 -7.367104 27.531117
37.837838 6.630207 25.740385 -7.383826 27.587098
37.937938 6.641295 25.792643 -7.400522 27.642991
38.038038 6.652366 25.844817 -7.417191 27.698795
38.138138 6.663420 25.896908 -7.433833 27.754511
38.238238 6.674457 25.948915 -7.450447 27.810137
38.338338 6.685477 26.000838 -7.467035 27.865674
38.438438 6.696479 26.052677 -7.483595 27.921121
38.538539 6.707463 26.104431 -7.500127 27.976477
38.638639 6.718429 26.156099 -7.516633 28.031742
38.738739 6.729378 26.207681 -7.533110 28.086916
38.838839 6.740309 26.259178 -7.549560 28.141998
38.938939 6.751223 26.310591 -7.565982 28.196991
39.039039 6.762119 26.361922 -7.582378 28.251896
39.139139 6.772999 26.413171 -7.598748 28.306714
39.239239 6.783862 26.464338 -7.615091 28.361445
39.339339 6.794709 26.515424 -7.631408 28.416090
39.439439 6.805538 26.566429 -7.647698 28.470648
39.539540 6.816351 26.617353 -7.663962 28.525120
39.639640 6.827148 26.668198 -7.680201 28.579507
39.739740 6.837929 26.718963 -7.696413 28.633809
39.839840 6.848692 26.769646 -7.712599 28.688024
39.939940 6.859440 26.820249 -7.728760 28.742154
40.040040 6.870171 26.870774 -7.744894 28.796200
40.140140 6.880886 26.921221 -7.761003 28.850163
40.240240 6.891585 26.971588 -7.777087 28.904041
40.340340 6.902267 27.021876 -7.793145 28.957835
40.440440 6.912934 27.072085 -7.809176 29.011544
40.540541 6.923584 27.122213 -7.825182 29.065167
40.640641 6.934217 27.172261 -7.841162 29.118704
40.740741 6.944833 27.222227 -7.857116 29.172155
40.840841 6.955433 27.272112 -7.873043 29.225518
40.940941 6.966015 27.321912 -7.888943 29.278792
41.041041 6.976579 27.371629 -7.904816 29.331976
41.141141 6.987126 27.421262 -7.920662 29.385072
41.241241 6.997656 27.470813 -7.936481 29.438079
41.341341 7.008169 27.520282 -7.952274 29.490999
41.441441 7.018665 27.569668 -7.968040 29.543830
41.541542 7.029144 27.618971 -7.983780 29.596573
41.641642 7.039605 27.668191 -7.999493 29.649228
41.741742 7.050049 27.717329 -8.015179 29.701794
41.841842 7.060476 27.766382 -8.030838 29.754271
41.941942 7.070884 27.815351 -8.046470 29.806658
42.042042 7.081276 27.864236 -8.062075 29.858955
42.142142 7.091649 27.913037 -8.077653 29.911162
42.242242 7.102005 27.961753 -8.093204 29.963279
42.342342 7.112343 28.010384 -8.108727 30.015304
42.442442 7.122663 28.058929 -8.124222 30.067238
42.542543 7.132965 28.107389 -8.139691 30.119081
42.642643 7.143249 28.155763 -8.155132 30.170833
42.742743 7.153516 28.204053 -8.170545 30.222495
42.842843 7.163765 28.252259 -8.185932 30.274067
42.942943 7.173996 28.300382 -8.201292 30.325551
43.043043 7.184210 28.348422 -8.216626 30.376946
43.143143 7.194407 28.396379 -8.231933 30.428253
43.243243 7.204587 28.444254 -8.247213 30.479471
43.343343 7.214749 28.492044 -8.262466 30.530600
43.443443 7.224893 28.539752 -8.277692 30.581640
43.543544 7.235021 28.587378 -8.292893 30.632593
43.643644 7.245132 28.634924 -8.308067 30.683461
43.743744 7.255226 28.682391 -8.323216 30.734244
43.843844 7.265304 28.729777 -8.338339 30.784941
43.943944 7.275364 28.777083 -8.353436 30.835553
44.044044 7.285409 28.824308 -8.368507 30.886078
44.144144 7.295436 28.871453 -8.383552 30.936518
44.244244 7.305447 28.918519 -8.398572 30.986873
44.344344 7.315442 28.965506 -8.413566 31.037144
44.444444 7.325420 29.012413 -8.428535 31.087330
44.544545 7.335381 29.059241 -8.443477 31.137431
44.644645 7.345326 29.105989 -8.458395 31.187447
44.744745 7.355254 29.152659 -8.473287 31.237380
44.844845 7.365167 29.199252 -8.488154 31.287229
44.944945 7.375063 29.245766 -8.502995 31.336996
45.045045 7.384943 29.292203 -8.517812 31.386680
45.145145 7.394808 29.338563 -8.532604 31.436282
45.245245 7.404656 29.384846 -8.547371 31.485801
45.345345 7.414488 29.431050 -8.562113 31.535236
45.445445 7.424303 29.477175 -8.576829 31.584587
45.545546 7.434102 29.523221 -8.591519 31.633853
45.645646 7.443884 29.569187 -8.606184 31.683034
45.745746 7.453650 29.615075 -8.620824 31.732131
45.845846 7.463400 29.660884 -8.635439 31.781145
45.945946 7.473133 29.706616 -8.650028 31.830076
46.046046 7.482850 29.752270 -8.664593 31.878924
46.146146 7.492551 29.797846 -8.679132 31.927688
46.246246 7.502236 29.843343 -8.693646 31.976369
46.346346 7.511904 29.888762 -8.708134 32.024965
46.446446 7.521556 29.934102 -8.722598 32.073478
46.546547 7.531191 29.979364 -8.737036 32.121907
46.646647 7.540810 30.024547 -8.751448 32.170252
46.746747 7.550412 30.069651 -8.765836 32.218512
46.846847 7.559997 30.114675 -8.780198 32.266687
46.946947 7.569566 30.159621 -8.794534 32.314778
47.047047 7.579119 30.204488 -8.808845 32.362786
47.147147 7.588655 30.249276 -8.823131 32.410709
47.247247 7.598175 30.293985 -8.837392 32.458547
47.347347 7.607677 30.338614 -8.851626 32.506300
47.447447 7.617163 30.383163 -8.865836 32.553967
47.547548 7.626632 30.427632 -8.880019 32.601550
47.647648 7.636084 30.472020 -8.894177 32.649046
47.747748 7.645519 30.516327 -8.908308 32.696455
47.847848 7.654936 30.560552 -8.922413 32.743776
47.947948 7.664336 30.604693 -8.936492 32.791007
48.048048 7.673718 30.648750 -8.950544 32.838149
48.148148 7.683082 30.692724 -8.964569 32.885202
48.248248 7.692428 30.736615 -8.978568 32.932167
48.348348 7.701758 30.780426 -8.992541 32.979046
48.448448 7.711071 30.824158 -9.006488 33.025841
48.548549 7.720367 30.867811 -9.020411 33.072551
48.648649 7.729648 30.911387 -9.034308 33.119179
48.748749 7.738911 30.954885 -9.048181 33.165723
48.848849 7.748159 30.998306 -9.062028 33.212186
48.948949 7.757391 31.041650 -9.075852 33.258566
49.049049 7.766607 31.084919 -9.089651 33.304866
49.149149 7.775807 31.128112 -9.103425 33.351085
49.249249 7.784991 31.171229 -9.117175 33.397223
49.349349 7.794159 31.214270 -9.130901 33.443279
49.449449 7.803311 31.257234 -9.144602 33.489254
49.549550 7.812447 31.300122 -9.158278 33.535146
49.649650 7.821567 31.342932 -9.171930 33.580955
49.749750 7.830670 31.385664 -9.185556 33.626682
49.849850 7.839757 31.428320 -9.199159 33.672328
49.949950 7.848829 31.470901 -9.212736 33.717892
50.050050 7.857884 31.513404 -9.226289 33.763373
50.150150 7.866922 31.555829 -9.239817 33.808771
50.250250 7.875945 31.598175 -9.253320 33.854086
50.350350 7.884950 31.640444 -9.266798 33.899316
50.450450 7.893939 31.682634 -9.280251 33.944464
50.550551 7.902912 31.724748 -9.293679 33.989530
50.650651 7.911869 31.766786 -9.307083 34.034514
50.750751 7.920810 31.808746 -9.320462 34.079416
50.850851 7.929735 31.850630 -9.333817 34.124236
50.950951 7.938643 31.892439 -9.347148 34.168975
51.051051 7.947536 31.934171 -9.360454 34.213633
51.151151 7.956413 31.975828 -9.373735 34.258210
51.251251 7.965273 32.017407 -9.386992 34.302705
51.351351 7.974117 32.058909 -9.400224 34.347116
51.451451 7.982945 32.100334 -9.413432 34.391446
51.551552 7.991757 32.141684 -9.426616 34.435695
51.651652 8.000553 32.182959 -9.439775 34.479865
51.751752 8.009334 32.224160 -9.452911 34.523954
51.851852 8.018099 32.265286 -9.466022 34.567964
51.951952 8.026848 32.306338 -9.479110 34.611895
52.052052 8.035582 32.347317 -9.492175 34.655749
52.152152 8.044301 32.388225 -9.505216 34.699525
52.252252 8.053006 32.429063 -9.518235 34.743227
52.352352 8.061696 32.469829 -9.531231 34.786853
52.452452 8.070371 32.510526 -9.544204 34.830403
52.552553 8.079031 32.551152 -9.557155 34.873880
52.652653 8.087678 32.591710 -9.570084 34.917282
52.752753 8.096310 32.632199 -9.582990 34.960612
52.852853 8.104928 32.672620 -9.595875 35.003867
52.952953 8.113531 32.712971 -9.608737 35.047050
53.053053 8.122120 32.753254 -9.621577 35.090159
53.153153 8.130696 32.793470 -9.634395 35.133196
53.253253 8.139257 32.833618 -9.647192 35.176161
53.353353 8.147804 32.873699 -9.659966 35.219054
53.453453 8.156338 32.913713 -9.672719 35.261875
53.553554 8.164857 32.953659 -9.685451 35.304624
53.653654 8.173362 32.993536 -9.698160 35.347299
53.753754 8.181853 33.033344 -9.710846 35.389901
53.853854 8.190329 33.073085 -9.723511 35.432430
53.953954 8.198792 33.112759 -9.736155 35.474888
54.054054 8.207241 33.152366 -9.748777 35.517275
54.154154 8.215676 33.191907 -9.761377 35.559590
54.254254 8.224097 33.231380 -9.773956 35.601834
54.354354 8.232505 33.270787 -9.786513 35.644008
54.454454 8.240898 33.310129 -9.799049 35.686110
54.554555 8.249279 33.349405 -9.811564 35.728142
54.654655 8.257645 33.388615 -9.824058 35.770105
54.754755 8.265998 33.427759 -9.836530 35.811997
54.854855 8.274338 33.466840 -9.848982 35.853821
54.954955 8.282664 33.505855 -9.861412 35.895575
55.055055 8.290978 33.544807 -9.873822 35.937261
55.155155 8.299277 33.583694 -9.886212 35.978879
55.255255 8.307564 33.622518 -9.898580 36.020428
55.355355 8.315838 33.661278 -9.910928 36.061909
55.455455 8.324098 33.699974 -9.923256 36.103322
55.555556 8.332345 33.738606 -9.935562 36.144666
55.655656 8.340579 33.777173 -9.947848 36.185941
55.755756 8.348799 33.815673 -9.960112 36.227145
55.855856 8.357005 33.854107 -9.972355 36.268278
55.955956 8.365197 33.892475 -9.984576 36.309340
56.056056 8.373375 33.930777 -9.996776 36.350331
56.156156 8.381540 33.969012 -10.008955 36.391251
56.256256 8.389690 34.007180 -10.021112 36.432100
56.356356 8.397826 34.045280 -10.033248 36.472876
56.456456 8.405948 34.083313 -10.045361 36.513579
56.556557 8.414056 34.121277 -10.057453 36.554209
56.656657 8.422149 34.159173 -10.069523 36.594767
56.756757 8.430229 34.197003 -10.081571 36.635254
56.856857 8.438294 34.234767 -10.093598 36.675670
56.956957 8.446346 34.272464 -10.105604 36.716015
57.057057 8.454384 34.310095 -10.117588 36.756289
57.157157 8.462409 34.347661 -10.129552 36.796494
57.257257 8.470419 34.385162 -10.141495 36.836629
57.357357 8.478417 34.422598 -10.153416 36.876696
57.457457 8.486401 34.459970 -10.165318 36.916693
57.557558 8.494371 34.497278 -10.177198 36.956621
57.657658 8.502328 34.534521 -10.189057 36.996481
57.757758 8.510272 34.571700 -10.200896 37.036272
57.857858 8.518202 34.608815 -10.212714 37.075994
57.957958 8.526120 34.645866 -10.224512 37.115649
58.058058 8.534024 34.682854 -10.236289 37.155236
58.158158 8.541914 34.719779 -10.248046 37.194755
58.258258 8.549792 34.756641 -10.259783 37.234207
58.358358 8.557657 34.793441 -10.271500 37.273593
58.458458 8.565509 34.830180 -10.283197 37.312913
58.558559 8.573349 34.866857 -10.294874 37.352168
58.658659 8.581175 34.903472 -10.306531 37.391356
58.758759 8.588989 34.940027 -10.318168 37.430479
58.858859 8.596790 34.976519 -10.329785 37.469536
58.958959 8.604578 35.012949 -10.341383 37.508527
59.059059 8.612353 35.049317 -10.352960 37.547451
59.159159 8.620116 35.085623 -10.364517 37.586308
59.259259 8.627865 35.121866 -10.376054 37.625098
59.359359 8.635601 35.158047 -10.387571 37.663823
59.459459 8.643325 35.194167 -10.399068 37.702481
59.559560 8.651035 35.230226 -10.410546 37.741075
59.659660 8.658733 35.266223 -10.422004 37.779602
59.759760 8.666418 35.302158 -10.433441 37.818062
59.859860 8.674090 35.338030 -10.444859 37.856456
59.959960 8.681748 35.373838 -10.456255 37.894781
60.060060 8.689394 35.409582 -10.467632 37.933038
60.160160 8.697025 35.445264 -10.478988 37.971228
60.260260 8.704644 35.480883 -10.490324 38.009352
60.360360 8.712250 35.516441 -10.501640 38.047409
60.460460 8.719843 35.551936 -10.512937 38.085399
60.560561 8.727423 35.587368 -10.524213 38.123323
60.660661 8.734990 35.622738 -10.535469 38.161180
60.760761 8.742544 35.658047 -10.546705 38.198971
60.860861 8.750085 35.693293 -10.557921 38.236695
60.960961 8.757612 35.728476 -10.569117 38.274352
61.061061 8.765127 35.763597 -10.580293 38.311942
61.161161 8.772628 35.798655 -10.591448 38.349465
61.261261 8.780116 35.833650 -10.602584 38.386921
61.361361 8.787591 35.868582 -10.613699 38.424309
61.461461 8.795053 35.903450 -10.624794 38.461629
61.561562 8.802501 35.938253 -10.635868 38.498880
61.661662 8.809935 35.972992 -10.646921 38.536062
61.761762 8.817356 36.007668 -10.657955 38.573177
61.861862 8.824764 36.042282 -10.668968 38.610224
61.961962 8.832158 36.076833 -10.679961 38.647205
62.062062 8.839540 36.111322 -10.690934 38.684120
62.162162 8.846909 36.145751 -10.701888 38.720970
62.262262 8.854265 36.180117 -10.712822 38.757754
62.362362 8.861608 36.214422 -10.723736 38.794471
62.462462 8.868938 36.248666 -10.734630 38.831123
62.562563 8.876255 36.282847 -10.745505 38.867709
62.662663 8.883560 36.316968 -10.756360 38.904230
62.762763 8.890851 36.351028 -10.767195 38.940685
62.862863 8.898130 36.385028 -10.778011 38.977077
62.962963 8.905397 36.418968 -10.788808 39.013404
63.063063 8.912651 36.452848 -10.799585 39.049667
63.163163 8.919892 36.486668 -10.810344 39.085866
63.263263 8.927121 36.520429 -10.821083 39.122002
63.363363 8.934338 36.554132 -10.831803 39.158076
63.463463 8.941542 36.587775 -10.842505 39.194086
63.563564 8.948734 36.621359 -10.853187 39.230032
63.663664 8.955914 36.654884 -10.863851 39.265916
63.763764 8.963082 36.688351 -10.874495 39.301737
63.863864 8.970237 36.721759 -10.885121 39.337496
63.963964 8.977380 36.755109 -10.895728 39.373192
64.064064 8.984511 36.788401 -10.906316 39.408826
64.164164 8.991630 36.821635 -10.916886 39.444399
64.264264 8.998736 36.854812 -10.927437 39.479910
64.364364 9.005831 36.887930 -10.937970 39.515358
64.464464 9.012913 36.920989 -10.948483 39.550744
64.564565 9.019983 36.953990 -10.958978 39.586066
64.664665 9.027041 36.986931 -10.969454 39.621326
64.764765 9.034086 37.019813 -10.979910 39.656521
64.864865 9.041118 37.052636 -10.990348 39.691654
64.964965 9.048139 37.085402 -11.000767 39.726726
65.065065 9.055148 37.118109 -11.011168 39.761735
65.165165 9.062144 37.150760 -11.021550 39.796683
65.265265 9.069128 37.183351 -11.031913 39.831568
65.365365 9.076100 37.215883 -11.042258 39.866389
65.465465 9.083059 37.248355 -11.052583 39.901146
65.565566 9.090005 37.280767 -11.062889 39.935840
65.665666 9.096939 37.313120 -11.073175 39.970470
65.765766 9.103860 37.345414 -11.083443 40.005036
65.865866 9.110769 37.377648 -11.093692 40.039539
65.965966 9.117665 37.409823 -11.103922 40.073978
66.066066 9.124549 37.441939 -11.114133 40.108355
66.166166 9.131420 37.473995 -11.124325 40.142668
66.266266 9.138279 37.505994 -11.134498 40.176918
66.366366 9.145126 37.537933 -11.144652 40.211106
66.466466 9.151960 37.569814 -11.154788 40.245231
66.566567 9.158783 37.601638 -11.164905 40.279295
66.666667 9.165593 37.633404 -11.175004 40.313297
66.766767 9.172391 37.665113 -11.185084 40.347238
66.866867 9.179177 37.696765 -11.195146 40.381118
66.966967 9.185951 37.728361 -11.205190 40.414938
67.067067 9.192714 37.759900 -11.215216 40.448698
67.167167 9.199465 37.791384 -11.225224 40.482398
67.267267 9.206204 37.822811 -11.235214 40.516037
67.367367 9.212931 37.854182 -11.245186 40.549617
67.467467 9.219646 37.885497 -11.255140 40.583137
67.567568 9.226350 37.916757 -11.265076 40.616597
67.667668 9.233043 37.947961 -11.274995 40.649998
67.767768 9.239723 37.979111 -11.284896 40.683341
67.867868 9.246393 38.010208 -11.294779 40.716627
67.967968 9.253051 38.041250 -11.304646 40.749855
68.068068 9.259699 38.072240 -11.314495 40.783027
68.168168 9.266335 38.103176 -11.324327 40.816141
68.268268 9.272960 38.134059 -11.334142 40.849199
68.368368 9.279575 38.164890 -11.343940 40.882201
68.468468 9.286178 38.195669 -11.353721 40.915146
68.568569 9.292770 38.226395 -11.363485 40.948036
68.668669 9.299352 38.257069 -11.373233 40.980870
68.768769 9.305923 38.287692 -11.382964 41.013650
68.868869 9.312484 38.318265 -11.392679 41.046375
68.968969 9.319034 38.348788 -11.402378 41.079048
69.069069 9.325574 38.379261 -11.412061 41.111667
69.169169 9.332104 38.409684 -11.421727 41.144232
69.269269 9.338623 38.440057 -11.431377 41.176744
69.369369 9.345132 38.470382 -11.441012 41.209204
69.469469 9.351631 38.500657 -11.450631 41.241612
69.569570 9.358120 38.530883 -11.460233 41.273966
69.669670 9.364599 38.561060 -11.469820 41.306269
69.769770 9.371067 38.591188 -11.479391 41.338519
69.869870 9.377526 38.621267 -11.488946 41.370716
69.969970 9.383974 38.651296 -11.498486 41.402860
70.070070 9.390412 38.681277 -11.508009 41.434952
70.170170 9.396840 38.711209 -11.517517 41.466993
70.270270 9.403258 38.741093 -11.527009 41.498982
70.370370 9.409666 38.770928 -11.536485 41.530918
70.470470 9.416064 38.800714 -11.545946 41.562802
70.570571 9.422451 38.830450 -11.555391 41.594633
70.670671 9.428828 38.860137 -11.564819 41.626410
70.770771 9.435195 38.889773 -11.574231 41.658134
70.870871 9.441551 38.919360 -11.583627 41.689805
70.970971 9.447897 38.948897 -11.593008 41.721423
71.071071 9.454233 38.978385 -11.602372 41.752988
71.171171 9.460558 39.007823 -11.611721 41.784500
71.271271 9.466873 39.037211 -11.621053 41.815959
71.371371 9.473178 39.066550 -11.630369 41.847365
71.471471 9.479472 39.095840 -11.639670 41.878718
71.571572 9.485757 39.125081 -11.648955 41.910019
71.671672 9.492031 39.154273 -11.658224 41.941267
71.771772 9.498295 39.183415 -11.667477 41.972463
71.871872 9.504548 39.212509 -11.676714 42.003607
71.971972 9.510792 39.241554 -11.685936 42.034698
72.072072 9.517025 39.270550 -11.695142 42.065736
72.172172 9.523248 39.299496 -11.704332 42.096722
72.272272 9.529460 39.328392 -11.713506 42.127654
72.372372 9.535662 39.357238 -11.722663 42.158532
72.472472 9.541853 39.386033 -11.731804 42.189356
72.572573 9.548033 39.414777 -11.740929 42.220125
72.672673 9.554203 39.443470 -11.750038 42.250840
72.772773 9.560362 39.472112 -11.759130 42.281500
72.872873 9.566510 39.500703 -11.768206 42.312106
72.972973 9.572648 39.529242 -11.777265 42.342656
73.073073 9.578775 39.557731 -11.786308 42.373152
73.173173 9.584891 39.586169 -11.795335 42.403595
73.273273 9.590997 39.614559 -11.804346 42.433985
73.373373 9.597092 39.642899 -11.813342 42.464323
73.473473 9.603178 39.671192 -11.822322 42.494609
73.573574 9.609254 39.699437 -11.831286 42.524844
73.673674 9.615320 39.727634 -11.840235 42.555029
73.773774 9.621376 39.755784 -11.849170 42.585163
73.873874 9.627422 39.783887 -11.858088 42.615246
73.973974 9.633458 39.811943 -11.866992 42.645279
74.074074 9.639485 39.839951 -11.875880 42.675261
74.174174 9.645501 39.867914 -11.884754 42.705194
74.274274 9.651509 39.895830 -11.893613 42.735078
74.374374 9.657507 39.923700 -11.902456 42.764912
74.474474 9.663495 39.951525 -11.911286 42.794698
74.574575 9.669474 39.979304 -11.920100 42.824435
74.674675 9.675443 40.007038 -11.928900 42.854124
74.774775 9.681403 40.034727 -11.937685 42.883764
74.874875 9.687354 40.062371 -11.946456 42.913357
74.974975 9.693295 40.089969 -11.955212 42.942900
75.075075 9.699226 40.117520 -11.963953 42.972393
75.175175 9.705148 40.145024 -11.972679 43.001836
75.275275 9.711059 40.172480 -11.981389 43.031227
75.375375 9.716961 40.199888 -11.990084 43.060567
75.475475 9.722852 40.227249 -11.998764 43.089857
75.575576 9.728734 40.254564 -12.007429 43.119097
75.675676 9.734606 40.281832 -12.016078 43.148287
75.775776 9.740469 40.309053 -12.024713 43.177427
75.875876 9.746321 40.336229 -12.033334 43.206519
75.975976 9.752165 40.363360 -12.041939 43.235562
76.076076 9.757999 40.390446 -12.050531 43.264558
76.176176 9.763824 40.417488 -12.059108 43.293506
76.276276 9.769640 40.444486 -12.067670 43.322407
76.376376 9.775447 40.471440 -12.076219 43.351262
76.476476 9.781245 40.498351 -12.084754 43.380070
76.576577 9.787033 40.525219 -12.093275 43.408832
76.676677 9.792814 40.552045 -12.101782 43.437549
76.776777 9.798585 40.578829 -12.110276 43.466221
76.876877 9.804348 40.605570 -12.118755 43.494848
76.976977 9.810102 40.632269 -12.127222 43.523429
77.077077 9.815847 40.658926 -12.135674 43.551966
77.177177 9.821584 40.685542 -12.144114 43.580458
77.277277 9.827312 40.712117 -12.152540 43.608907
77.377377 9.833032 40.738650 -12.160952 43.637310
77.477477 9.838743 40.765141 -12.169351 43.665670
77.577578 9.844446 40.791591 -12.177737 43.693984
77.677678 9.850139 40.817997 -12.186108 43.722252
77.777778 9.855824 40.844360 -12.194466 43.750474
77.877878 9.861499 40.870680 -12.202809 43.778650
77.977978 9.867165 40.896955 -12.211139 43.806778
78.078078 9.872822 40.923187 -12.219454 43.834859
78.178178 9.878470 40.949375 -12.227755 43.862894
78.278278 9.884109 40.975519 -12.236043 43.890882
78.378378 9.889739 41.001621 -12.244316 43.918825
78.478478 9.895360 41.027681 -12.252576 43.946722
78.578579 9.900973 41.053698 -12.260822 43.974574
78.678679 9.906576 41.079671 -12.269054 44.002379
78.778779 9.912170 41.105602 -12.277272 44.030138
78.878879 9.917755 41.131489 -12.285477 44.057851
78.978979 9.923332 41.157335 -12.293668 44.085520
79.079079 9.928900 41.183139 -12.301845 44.113143
79.179179 9.934459 41.208900 -12.310009 44.140721
79.279279 9.940009 41.234619 -12.318159 44.168254
79.379379 9.945551 41.260297 -12.326296 44.195742
79.479479 9.951083 41.285931 -12.334419 44.223184
79.579580 9.956607 41.311523 -12.342528 44.250581
79.679680 9.962122 41.337072 -12.350623 44.277932
79.779780 9.967628 41.362578 -12.358705 44.305238
79.879880 9.973125 41.388042 -12.366773 44.332498
79.979980 9.978612 41.413463 -12.374827 44.359711
80.080080 9.984091 41.438839 -12.382867 44.386877
80.180180 9.989560 41.464172 -12.390892 44.413996
80.280280 9.995020 41.489459 -12.398904 44.441067
80.380380 10.000471 41.514702 -12.406901 44.468090
80.480480 10.005912 41.539900 -12.414883 44.495066
80.580581 10.011343 41.565052 -12.422852 44.521993
80.680681 10.016765 41.590160 -12.430805 44.548871
80.780781 10.022177 41.615222 -12.438745 44.575701
80.880881 10.027579 41.640237 -12.446669 44.602480
80.980981 10.032971 41.665204 -12.454578 44.629209
81.081081 10.038353 41.690124 -12.462471 44.655886
81.181181 10.043725 41.714995 -12.470350 44.682511
81.281281 10.049086 41.739818 -12.478213 44.709085
81.381381 10.054437 41.764592 -12.486060 44.735607
81.481481 10.059778 41.789319 -12.493893 44.762078
81.581582 10.065108 41.813998 -12.501710 44.788498
81.681682 10.070429 41.838631 -12.509512 44.814869
81.781782 10.075740 41.863218 -12.517300 44.841190
81.881882 10.081041 41.887759 -12.525073 44.867462
81.981982 10.086332 41.912253 -12.532831 44.893685
82.082082 10.091614 41.936701 -12.540575 44.919857
82.182182 10.096885 41.961102 -12.548303 44.945979
82.282282 10.102146 41.985457 -12.556017 44.972052
82.382382 10.107398 42.009765 -12.563716 44.998076
82.482482 10.112640 42.034029 -12.571400 45.024051
82.582583 10.117873 42.058247 -12.579070 45.049977
82.682683 10.123096 42.082420 -12.586726 45.075856
82.782783 10.128309 42.106548 -12.594367 45.101687
82.882883 10.133513 42.130631 -12.601994 45.127468
82.982983 10.138707 42.154668 -12.609606 45.153201
83.083083 10.143891 42.178660 -12.617204 45.178886
83.183183 10.149066 42.202609 -12.624788 45.204524
83.283283 10.154232 42.226513 -12.632358 45.230115
83.383383 10.159388 42.250373 -12.639914 45.255658
83.483483 10.164535 42.274187 -12.647455 45.281152
83.583584 10.169672 42.297956 -12.654982 45.306598
83.683684 10.174799 42.321680 -12.662494 45.331996
83.783784 10.179917 42.345359 -12.669992 45.357346
83.883884 10.185026 42.368994 -12.677476 45.382649
83.983984 10.190125 42.392585 -12.684946 45.407904
84.084084 10.195214 42.416132 -12.692402 45.433113
84.184184 10.200295 42.439636 -12.699844 45.458275
84.284284 10.205366 42.463095 -12.707272 45.483389
84.384384 10.210428 42.486511 -12.714686 45.508457
84.484484 10.215481 42.509883 -12.722086 45.533479
84.584585 10.220524 42.533213 -12.729473 45.558455
84.684685 10.225559 42.556500 -12.736846 45.583385
84.784785 10.230585 42.579745 -12.744205 45.608270
84.884885 10.235601 42.602949 -12.751551 45.633111
84.984985 10.240609 42.626110 -12.758884 45.657907
85.085085 10.245609 42.649231 -12.766203 45.682659
85.185185 10.250599 42.672310 -12.773510 45.707367
85.285285 10.255581 42.695348 -12.780803 45.732030
85.385385 10.260555 42.718346 -12.788083 45.756651
85.485485 10.265520 42.741304 -12.795351 45.781229
85.585586 10.270476 42.764222 -12.802605 45.805765
85.685686 10.275425 42.787101 -12.809848 45.830258
85.785786 10.280365 42.809940 -12.817077 45.854709
85.885886 10.285296 42.832739 -12.824293 45.879117
85.985986 10.290220 42.855499 -12.831497 45.903483
86.086086 10.295135 42.878219 -12.838689 45.927806
86.186186 10.300041 42.900900 -12.845867 45.952088
86.286286 10.304940 42.923543 -12.853034 45.976329
86.386386 10.309831 42.946148 -12.860188 46.000529
86.486486 10.314714 42.968715 -12.867330 46.024689
86.586587 10.319589 42.991245 -12.874460 46.048809
86.686687 10.324456 43.013737 -12.881578 46.072888
86.786787 10.329315 43.036191 -12.888684 46.096927
86.886887 10.334166 43.058608 -12.895778 46.120926
86.986987 10.339010 43.080988 -12.902860 46.144885
87.087087 10.343846 43.103331 -12.909930 46.168805
87.187187 10.348674 43.125638 -12.916988 46.192687
87.287287 10.353495 43.147910 -12.924035 46.216530
87.387387 10.358309 43.170145 -12.931071 46.240335
87.487487 10.363115 43.192346 -12.938095 46.264103
87.587588 10.367914 43.214511 -12.945108 46.287832
87.687688 10.372705 43.236642 -12.952109 46.311525
87.787788 10.377490 43.258738 -12.959100 46.335181
87.887888 10.382268 43.280801 -12.966079 46.358801
87.987988 10.387038 43.302830 -12.973048 46.382385
88.088088 10.391802 43.324826 -12.980006 46.405934
88.188188 10.396559 43.346790 -12.986954 46.429448
88.288288 10.401310 43.368722 -12.993891 46.452928
88.388388 10.406054 43.390621 -13.000818 46.476373
88.488488 10.410791 43.412489 -13.007735 46.499784
88.588589 10.415522 43.434324 -13.014641 46.523161
88.688689 10.420246 43.456128 -13.021536 46.546503
88.788789 10.424964 43.477899 -13.028421 46.569812
88.888889 10.429675 43.499639 -13.035296 46.593086
88.988989 10.434380 43.521347 -13.042161 46.616326
89.089089 10.439078 43.543023 -13.049015 46.639533
89.189189 10.443770 43.564668 -13.055860 46.662705
89.289289 10.448455 43.586282 -13.062694 46.685845
89.389389 10.453133 43.607864 -13.069518 46.708951
89.489489 10.457806 43.629415 -13.076332 46.732023
89.589590 10.462472 43.650935 -13.083135 46.755062
89.689690 10.467132 43.672425 -13.089929 46.778070
89.789790 10.471786 43.693886 -13.096714 46.801045
89.889890 10.476434 43.715317 -13.103489 46.823990
89.989990 10.481075 43.736719 -13.110254 46.846902
90.090090 10.485711 43.758090 -13.117009 46.869782
90.190190 10.490340 43.779431 -13.123755 46.892630
90.290290 10.494964 43.800742 -13.130490 46.915445
90.390390 10.499581 43.822023 -13.137216 46.938229
90.490490 10.504192 43.843274 -13.143933 46.960980
90.590591 10.508796 43.864494 -13.150639 46.983699
90.690691 10.513395 43.885685 -13.157336 47.006386
90.790791 10.517987 43.906844 -13.164022 47.029039
90.890891 10.522573 43.927973 -13.170699 47.051659
90.990991 10.527152 43.949071 -13.177366 47.074247
91.091091 10.531725 43.970137 -13.184022 47.096801
91.191191 10.536292 43.991172 -13.190668 47.119321
91.291291 10.540852 44.012176 -13.197305 47.141807
91.391391 10.545405 44.033148 -13.203931 47.164260
91.491491 10.549952 44.054088 -13.210546 47.186679
91.591592 10.554492 44.074996 -13.217152 47.209063
91.691692 10.559026 44.095873 -13.223747 47.231414
91.791792 10.563553 44.116719 -13.230332 47.253733
91.891892 10.568074 44.137535 -13.236908 47.276018
91.991992 10.572589 44.158320 -13.243473 47.298271
92.092092 10.577098 44.179075 -13.250029 47.320492
92.192192 10.581600 44.199800 -13.256575 47.342680
92.292292 10.586096 44.220494 -13.263111 47.364836
92.392392 10.590586 44.241158 -13.269638 47.386959
92.492492 10.595069 44.261791 -13.276154 47.409049
92.592593 10.599546 44.282394 -13.282661 47.431107
92.692693 10.604017 44.302967 -13.289158 47.453132
92.792793 10.608481 44.323509 -13.295645 47.475125
92.892893 10.612939 44.344020 -13.302122 47.497084
92.992993 10.617391 44.364500 -13.308589 47.519011
93.093093 10.621836 44.384949 -13.315045 47.540904
93.193193 10.626275 44.405366 -13.321492 47.562763
93.293293 10.630706 44.425751 -13.327928 47.584587
93.393393 10.635131 44.446104 -13.334354 47.606377
93.493493 10.639549 44.466423 -13.340770 47.628132
93.593594 10.643960 44.486709 -13.347174 47.649851
93.693694 10.648364 44.506962 -13.353568 47.671533
93.793794 10.652761 44.527180 -13.359951 47.693180
93.893894 10.657151 44.547366 -13.366323 47.714791
93.993994 10.661534 44.567518 -13.372685 47.736366
94.094094 10.665909 44.587636 -13.379035 47.757905
94.194194 10.670278 44.607721 -13.385376 47.779408
94.294294 10.674640 44.627772 -13.391705 47.800876
94.394394 10.678994 44.647790 -13.398023 47.822307
94.494494 10.683341 44.667774 -13.404331 47.843703
94.594595 10.687682 44.687724 -13.410628 47.865062
94.694695 10.692015 44.707641 -13.416915 47.886386
94.794795 10.696341 44.727525 -13.423190 47.907674
94.894895 10.700660 44.747376 -13.429455 47.928927
94.994995 10.704972 44.767193 -13.435710 47.950144
95.095095 10.709277 44.786977 -13.441953 47.971325
95.195195 10.713576 44.806728 -13.448186 47.992471
95.295295 10.717867 44.826445 -13.454409 48.013581
95.395395 10.722151 44.846129 -13.460620 48.034656
95.495495 10.726428 44.865780 -13.466821 48.055694
95.595596 10.730697 44.885396 -13.473011 48.076696
95.695696 10.734959 44.904978 -13.479190 48.097661
95.795796 10.739214 44.924524 -13.485358 48.118587
95.895896 10.743461 44.944033 -13.491514 48.139475
95.995996 10.747700 44.963506 -13.497658 48.160323
96.096096 10.751931 44.982942 -13.503791 48.181132
96.196196 10.756154 45.002342 -13.509912 48.201902
96.296296 10.760370 45.021706 -13.516022 48.222635
96.396396 10.764579 45.041036 -13.522121 48.243330
96.496496 10.768780 45.060332 -13.528209 48.263988
96.596597 10.772974 45.079594 -13.534286 48.284611
96.696697 10.777161 45.098823 -13.540353 48.305198
96.796797 10.781341 45.118018 -13.546408 48.325749
96.896897 10.785513 45.137178 -13.552453 48.346263
96.996997 10.789678 45.156304 -13.558487 48.366740
97.097097 10.793836 45.175396 -13.564510 48.387180
97.197197 10.797986 45.194453 -13.570522 48.407584
97.297297 10.802130 45.213477 -13.576523 48.427951
97.397397 10.806266 45.232467 -13.582513 48.448283
97.497497 10.810395 45.251425 -13.588493 48.468580
97.597598 10.814517 45.270349 -13.594463 48.488841
97.697698 10.818632 45.289239 -13.600421 48.509066
97.797798 10.822740 45.308096 -13.606369 48.529255
97.897898 10.826840 45.326919 -13.612306 48.549407
97.997998 10.830934 45.345707 -13.618232 48.569523
98.098098 10.835019 45.364460 -13.624147 48.589600
98.198198 10.839097 45.383177 -13.630051 48.609640
98.298298 10.843167 45.401859 -13.635943 48.629641
98.398398 10.847230 45.420504 -13.641824 48.649604
98.498498 10.851284 45.439113 -13.647693 48.669527
98.598599 10.855331 45.457683 -13.653550 48.689409
98.698699 10.859369 45.476216 -13.659394 48.709251
98.798799 10.863398 45.494710 -13.665227 48.729051
98.898899 10.867420 45.513165 -13.671048 48.748811
98.998999 10.871433 45.531582 -13.676856 48.768529
99.099099 10.875437 45.549961 -13.682653 48.788206
99.199199 10.879434 45.568301 -13.688437 48.807842
99.299299 10.883422 45.586602 -13.694209 48.827436
99.399399 10.887401 45.604865 -13.699968 48.846990
99.499499 10.891373 45.623090 -13.705716 48.866501
99.599600 10.895335 45.641275 -13.711451 48.885971
99.699700 10.899289 45.659420 -13.717174 48.905398
99.799800 10.903234 45.677525 -13.722883 48.924782
99.899900 10.907171 45.695590 -13.728581 48.944124
100.000000 10.911099 45.713615 -13.734266 48.963422
