0.000000 -0.912042 -0.217326 0.003863 0.937586
0.100100 -0.900237 -0.218697 0.100165 0.931820
0.200200 -0.880332 -0.218098 0.195507 0.927779
0.300300 -0.852403 -0.215508 0.289005 0.925505
0.400400 -0.816639 -0.210935 0.379787 0.925004
0.500501 -0.773391 -0.204425 0.467026 0.926303
0.600601 -0.723108 -0.196054 0.549952 0.929392
0.700701 -0.666260 -0.185900 0.627814 0.934136
0.800801 -0.603423 -0.174071 0.699959 0.940405
0.900901 -0.535300 -0.160714 0.765893 0.948139
1.001001 -0.462612 -0.145982 0.825204 0.957226
1.101101 -0.386105 -0.130042 0.877603 0.967561
1.201201 -0.306553 -0.113070 0.922958 0.979087
1.301301 -0.224692 -0.095239 0.961205 0.991702
1.401401 -0.141206 -0.076711 0.992279 1.005207
1.501502 -0.056753 -0.057642 1.016225 1.019440
1.601602 0.028043 -0.038187 1.033149 1.034235
1.701702 0.112607 -0.018490 1.043223 1.049446
1.801802 0.196427 0.001312 1.046818 1.065089
1.901902 0.279070 0.021095 1.044382 1.081230
2.002002 0.360157 0.040753 1.036298 1.097855
2.102102 0.439328 0.060188 1.022844 1.114828
2.202202 0.516244 0.079309 1.004259 1.131960
2.302302 0.590610 0.098033 0.980814 1.149098
2.402402 0.662205 0.116294 0.952852 1.166176
2.502503 0.730855 0.134035 0.920730 1.183156
2.602603 0.796428 0.151208 0.884803 1.200016
2.702703 0.858779 0.167766 0.845364 1.216671
2.802803 0.917794 0.183670 0.802702 1.233049
2.902903 0.973465 0.198903 0.757173 1.249203
3.003003 1.025804 0.213452 0.709105 1.265174
3.103103 1.074789 0.227301 0.658773 1.280945
3.203203 1.120354 0.240425 0.606397 1.296423
3.303303 1.162501 0.252813 0.552218 1.311590
3.403403 1.201288 0.264468 0.496490 1.326476
3.503504 1.236737 0.275386 0.439429 1.341064
3.603604 1.268835 0.285556 0.381223 1.355292
3.703704 1.297559 0.294965 0.322048 1.369079
3.803804 1.322888 0.303600 0.262074 1.382349
3.903904 1.344781 0.311445 0.201462 1.394999
4.004004 1.363214 0.318487 0.140375 1.406944
4.104104 1.378194 0.324720 0.078974 1.418132
4.204204 1.389826 0.330162 0.017422 1.428610
4.304304 1.398250 0.334841 -0.044130 1.438460
4.404404 1.403574 0.338775 -0.105543 1.447732
4.504505 1.405928 0.341991 -0.166693 1.456495
4.604605 1.405416 0.344508 -0.227462 1.464793
4.704705 1.402133 0.346344 -0.287741 1.472660
4.804805 1.396125 0.347505 -0.347420 1.480076
4.904905 1.387405 0.347989 -0.406382 1.486989
5.005005 1.376032 0.347806 -0.464525 1.493391
5.105105 1.362080 0.346969 -0.521756 1.499292
5.205205 1.345603 0.345488 -0.577976 1.504681
5.305305 1.326659 0.343370 -0.633094 1.509548
5.405405 1.305321 0.340632 -0.687025 1.513901
5.505506 1.281637 0.337279 -0.739676 1.517719
5.605606 1.255653 0.333319 -0.790954 1.520979
5.705706 1.227473 0.328774 -0.840803 1.523723
5.805806 1.197201 0.323666 -0.889171 1.526000
5.905906 1.164887 0.318005 -0.935973 1.527787
6.006006 1.130553 0.311790 -0.981103 1.529027
6.106106 1.094226 0.305023 -1.024450 1.529663
6.206206 1.055942 0.297708 -1.065911 1.529644
6.306306 1.015801 0.289866 -1.105443 1.529012
6.406406 0.973876 0.281514 -1.142975 1.527768
6.506507 0.930207 0.272655 -1.178400 1.525861
6.606607 0.884856 0.263300 -1.211632 1.523269
6.706707 0.837901 0.253464 -1.242601 1.519993
6.806807 0.789427 0.243167 -1.271248 1.516047
6.906907 0.739509 0.232421 -1.297495 1.511419
7.007007 0.688219 0.221241 -1.321257 1.506092
7.107107 0.635653 0.209646 -1.342485 1.500090
7.207207 0.581916 0.197662 -1.361148 1.493460
7.307307 0.527099 0.185307 -1.377187 1.486208
7.407407 0.471296 0.172600 -1.390538 1.478346
7.507508 0.414605 0.159562 -1.401145 1.469886
7.607608 0.357130 0.146217 -1.408968 1.460861
7.707708 0.298973 0.132585 -1.413938 1.451270
7.807808 0.240244 0.118692 -1.416009 1.441140
7.907908 0.181054 0.104561 -1.415128 1.430489
8.008008 0.121517 0.090214 -1.411210 1.419302
8.108108 0.061752 0.075680 -1.404186 1.407579
8.208208 0.001890 0.060986 -1.394039 1.395373
8.308308 -0.057935 0.046165 -1.380769 1.382755
8.408408 -0.117583 0.031246 -1.364257 1.369672
8.508509 -0.176898 0.016260 -1.344381 1.356067
8.608609 -0.235726 0.001242 -1.321110 1.341976
8.708709 -0.293897 -0.013768 -1.294400 1.327417
8.808809 -0.351221 -0.028731 -1.264153 1.312351
8.908909 -0.407507 -0.043601 -1.230326 1.296791
9.009009 -0.462545 -0.058332 -1.192873 1.280741
9.109109 -0.516107 -0.072872 -1.151733 1.264185
9.209209 -0.567930 -0.087161 -1.106823 1.247077
9.309309 -0.617729 -0.101136 -1.058066 1.229358
9.409409 -0.665253 -0.114734 -1.005502 1.211099
9.509510 -0.710222 -0.127888 -0.949160 1.192340
9.609610 -0.752329 -0.140523 -0.889071 1.173113
9.709710 -0.791263 -0.152562 -0.825305 1.153473
9.809810 -0.826692 -0.163922 -0.757953 1.133482
9.909910 -0.858242 -0.174510 -0.687112 1.113174
10.010010 -0.885446 -0.184212 -0.612859 1.092495
10.110110 -0.907884 -0.192920 -0.535368 1.071490
10.210210 -0.925193 -0.200535 -0.454913 1.050305
10.310310 -0.936932 -0.206940 -0.371780 1.029022
10.410410 -0.942683 -0.212020 -0.286329 1.007764
10.510511 -0.942010 -0.215652 -0.198987 0.986653
10.610611 -0.934453 -0.217706 -0.110249 0.965791
10.710711 -0.919534 -0.218043 -0.020705 0.945259
10.810811 -0.896812 -0.216526 0.068954 0.925154
10.910911 -0.865898 -0.213029 0.157918 0.905593
11.011011 -0.826418 -0.207421 0.245253 0.886645
11.111111 -0.778222 -0.199623 0.329934 0.868525
11.211211 -0.721230 -0.189565 0.410809 0.851394
11.311311 -0.655495 -0.177205 0.486627 0.835393
11.411411 -0.581316 -0.162560 0.556088 0.820724
11.511512 -0.499227 -0.145698 0.617888 0.807615
11.611612 -0.410061 -0.126766 0.670822 0.796380
11.711712 -0.314822 -0.105951 0.713686 0.787201
11.811812 -0.214707 -0.083487 0.745323 0.780113
11.911912 -0.111151 -0.059675 0.764768 0.775104
12.012012 -0.005803 -0.034883 0.771473 0.772283
12.112112 0.099578 -0.009518 0.765178 0.771689
12.212212 0.203223 0.015995 0.745953 0.773306
12.312312 0.303416 0.041227 0.714270 0.777137
12.412412 0.398546 0.065765 0.670804 0.783033
12.512513 0.487141 0.089220 0.616445 0.790741
12.612613 0.567906 0.111237 0.552259 0.799925
12.712713 0.639829 0.131520 0.479540 0.810332
12.812813 0.702130 0.149822 0.399671 0.821687
12.912913 0.754270 0.165954 0.314071 0.833729
13.013013 0.796089 0.179813 0.224217 0.846383
13.113113 0.827579 0.191337 0.131504 0.859529
13.213213 0.848737 0.200470 0.037197 0.872884
13.313313 0.859731 0.207200 -0.057510 0.886215
13.413413 0.860939 0.211570 -0.151517 0.899408
13.513514 0.852840 0.213650 -0.243841 0.912382
13.613614 0.835868 0.213506 -0.333576 0.924950
13.713714 0.810518 0.211220 -0.419920 0.936955
13.813814 0.777325 0.206887 -0.502145 0.948255
13.913914 0.736939 0.200638 -0.579673 0.958831
14.014014 0.690138 0.192640 -0.652099 0.968831
14.114114 0.637591 0.183035 -0.719032 0.978280
14.214214 0.579943 0.171962 -0.780143 0.987182
14.314314 0.517832 0.159563 -0.835176 0.995555
14.414414 0.451834 0.145963 -0.883848 1.003317
14.514515 0.382517 0.131286 -0.925925 1.010392
14.614615 0.310451 0.115659 -0.961225 1.016716
14.714715 0.236198 0.099212 -0.989606 1.022229
14.814815 0.160311 0.082070 -1.010932 1.026849
14.914915 0.083340 0.064359 -1.025133 1.030527
15.015015 0.005839 0.046215 -1.032245 1.033296
15.115115 -0.071655 0.027763 -1.032230 1.035086
15.215215 -0.148615 0.009132 -1.025166 1.035922
15.315315 -0.224508 -0.009549 -1.011092 1.035762
15.415415 -0.298802 -0.028154 -0.990026 1.034518
15.515516 -0.370991 -0.046552 -0.962147 1.032244
15.615616 -0.440536 -0.064613 -0.927552 1.028883
15.715716 -0.506922 -0.082206 -0.886412 1.024429
15.815816 -0.569639 -0.099200 -0.838957 1.018910
15.915916 -0.628144 -0.115456 -0.785387 1.012289
16.016016 -0.681935 -0.130843 -0.726001 1.004605
16.116116 -0.730531 -0.145229 -0.661157 0.995940
16.216216 -0.773372 -0.158469 -0.591178 0.986259
16.316316 -0.809941 -0.170420 -0.516467 0.975595
16.416416 -0.839801 -0.180957 -0.437540 0.964081
16.516517 -0.862441 -0.189936 -0.354913 0.951758
16.616617 -0.877358 -0.197211 -0.269169 0.938670
16.716717 -0.884091 -0.202644 -0.180973 0.924896
16.816817 -0.882128 -0.206081 -0.091058 0.910446
16.916917 -0.870998 -0.207374 -0.000257 0.895344
17.017017 -0.850277 -0.206381 0.090483 0.879632
17.117117 -0.819587 -0.202965 0.180098 0.863339
17.217217 -0.778729 -0.197028 0.267413 0.846610
17.317317 -0.727613 -0.188493 0.351132 0.829605
17.417417 -0.666211 -0.177290 0.429807 0.812406
17.517518 -0.594756 -0.163407 0.501913 0.795206
17.617618 -0.513766 -0.146901 0.565876 0.778300
17.717718 -0.424023 -0.127887 0.620087 0.762010
17.817818 -0.326517 -0.106525 0.662792 0.746495
17.917918 -0.222549 -0.083047 0.692192 0.731816
18.018018 -0.113871 -0.057799 0.706659 0.718104
18.118118 -0.002665 -0.031246 0.704938 0.705635
18.218218 0.108530 -0.003966 0.686411 0.694949
18.318318 0.216973 0.023394 0.650962 0.686568
18.418418 0.319783 0.050135 0.598869 0.680749
18.518519 0.414048 0.075530 0.530932 0.677517
18.618619 0.497014 0.098858 0.448623 0.676800
18.718719 0.566309 0.119464 0.354057 0.678479
18.818819 0.620099 0.136796 0.249866 0.682399
18.918919 0.657187 0.150441 0.138998 0.688366
19.019019 0.677011 0.160132 0.024527 0.696123
19.119119 0.679642 0.165754 -0.090525 0.705395
19.219219 0.665836 0.167367 -0.203352 0.716032
19.319319 0.636652 0.165111 -0.311435 0.727723
19.419419 0.593426 0.159213 -0.412609 0.740101
19.519520 0.537771 0.149977 -0.505090 0.752866
19.619620 0.471450 0.137765 -0.587507 0.765773
19.719720 0.396346 0.122984 -0.658916 0.778708
19.819820 0.314295 0.106043 -0.718703 0.791555
19.919920 0.227049 0.087346 -0.766510 0.804188
20.020020 0.136231 0.067267 -0.802098 0.816360
20.120120 0.043391 0.046181 -0.825566 0.827994
20.220220 -0.050025 0.024444 -0.837202 0.839051
20.320320 -0.142706 0.002380 -0.837264 0.849342
20.420420 -0.233430 -0.019706 -0.826126 0.858698
20.520521 -0.321093 -0.041525 -0.804316 0.867035
20.620621 -0.404730 -0.062819 -0.772537 0.874394
20.720721 -0.483451 -0.083346 -0.731478 0.880756
20.820821 -0.556432 -0.102879 -0.681819 0.886047
20.920921 -0.622943 -0.121213 -0.624307 0.890231
21.021021 -0.682325 -0.138157 -0.559721 0.893276
21.121121 -0.733960 -0.153529 -0.488843 0.895118
21.221221 -0.777439 -0.167192 -0.412587 0.895876
21.321321 -0.812479 -0.179039 -0.331909 0.895734
21.421421 -0.838693 -0.188938 -0.247681 0.894678
21.521522 -0.855677 -0.196755 -0.160785 0.892607
21.621622 -0.863169 -0.202388 -0.072156 0.889510
21.721722 -0.860971 -0.205746 0.017227 0.885381
21.821822 -0.848958 -0.206756 0.106360 0.880221
21.921922 -0.827111 -0.205369 0.194205 0.874074
22.022022 -0.795410 -0.201533 0.279677 0.866898
22.122122 -0.753967 -0.195225 0.361663 0.858708
22.222222 -0.703090 -0.186472 0.439062 0.849637
22.322322 -0.643228 -0.175334 0.510781 0.839870
22.422422 -0.574889 -0.161881 0.575692 0.829532
22.522523 -0.498556 -0.146173 0.632500 0.818524
22.622623 -0.414849 -0.128298 0.679845 0.806691
22.722723 -0.324677 -0.108418 0.716469 0.794039
22.822823 -0.229182 -0.086754 0.741176 0.780636
22.922923 -0.129755 -0.063591 0.752941 0.766682
23.023023 -0.028008 -0.039272 0.750794 0.752342
23.123123 0.074214 -0.014192 0.733730 0.737610
23.223223 0.174754 0.011173 0.700894 0.722438
23.323323 0.271168 0.036259 0.651858 0.706942
23.423423 0.360729 0.060417 0.586597 0.691282
23.523524 0.440547 0.082937 0.505661 0.675761
23.623624 0.507812 0.103087 0.410449 0.661036
23.723724 0.559709 0.120112 0.302947 0.647671
23.823824 0.593709 0.133292 0.185861 0.636240
23.923924 0.607903 0.142021 0.062671 0.627410
24.024024 0.601209 0.145866 -0.062597 0.621809
24.124124 0.573287 0.144558 -0.185561 0.619667
24.224224 0.524670 0.138028 -0.301753 0.620794
24.324324 0.457115 0.126513 -0.406985 0.624977
24.424424 0.373444 0.110535 -0.497823 0.632065
24.524525 0.277205 0.090836 -0.571863 0.641966
24.624625 0.172121 0.068235 -0.627590 0.654332
24.724725 0.061855 0.043576 -0.664332 0.668627
24.824825 -0.050136 0.017694 -0.682366 0.684434
24.924925 -0.160807 -0.008643 -0.682688 0.701424
25.025025 -0.267572 -0.034764 -0.666558 0.719099
25.125125 -0.368304 -0.060099 -0.635468 0.736939
25.225225 -0.461288 -0.084166 -0.591077 0.754482
25.325325 -0.545250 -0.106585 -0.535170 0.771405
25.425425 -0.619371 -0.127078 -0.469648 0.787616
25.525526 -0.683116 -0.145441 -0.396303 0.803030
25.625626 -0.736127 -0.161517 -0.316775 0.817507
25.725726 -0.778104 -0.175169 -0.232547 0.830787
25.825826 -0.808933 -0.186310 -0.145029 0.842684
25.925926 -0.828789 -0.194921 -0.055585 0.853214
26.026026 -0.837728 -0.200964 0.034539 0.862188
26.126126 -0.835793 -0.204395 0.124170 0.869336
26.226226 -0.823267 -0.205234 0.212179 0.874591
26.326326 -0.800613 -0.203547 0.297532 0.878031
26.426426 -0.768352 -0.199415 0.379264 0.879757
26.526527 -0.726920 -0.192900 0.456411 0.879736
26.626627 -0.676778 -0.184071 0.528030 0.877910
26.726727 -0.618413 -0.173002 0.593163 0.874189
26.826827 -0.552380 -0.159786 0.650868 0.868495
26.926927 -0.479417 -0.144561 0.700328 0.860929
27.027027 -0.400296 -0.127475 0.740687 0.851530
27.127127 -0.315798 -0.108671 0.770971 0.840199
27.227227 -0.226872 -0.088336 0.790287 0.826939
27.327327 -0.134622 -0.066698 0.797791 0.811815
27.427427 -0.040311 -0.044020 0.792680 0.794924
27.527528 0.054609 -0.020618 0.774226 0.776424
27.627628 0.148465 0.003139 0.741763 0.756481
27.727728 0.239328 0.026815 0.694757 0.735312
27.827828 0.325017 0.049900 0.632987 0.713302
27.927928 0.402975 0.071788 0.556389 0.690732
28.028028 0.470188 0.091753 0.465151 0.667728
28.128128 0.523424 0.108984 0.360250 0.644694
28.228228 0.559446 0.122624 0.243653 0.622401
28.328328 0.575184 0.131812 0.118367 0.601848
28.428428 0.567892 0.135715 -0.011504 0.583997
28.528529 0.535540 0.133623 -0.140712 0.569612
28.628629 0.477586 0.125136 -0.263049 0.559412
28.728729 0.395752 0.110388 -0.372127 0.554332
28.828829 0.293879 0.090047 -0.462267 0.555125
28.928929 0.177289 0.065193 -0.529189 0.561892
29.029029 0.052160 0.037197 -0.570598 0.574183
29.129129 -0.075334 0.007522 -0.586288 0.591156
29.229229 -0.199754 -0.022468 -0.577859 0.611823
29.329329 -0.316849 -0.051639 -0.548156 0.635244
29.429429 -0.423646 -0.079132 -0.500597 0.660557
29.529530 -0.518296 -0.104358 -0.438669 0.686987
29.629630 -0.599842 -0.126945 -0.365650 0.713881
29.729730 -0.668015 -0.146701 -0.284488 0.740742
29.829830 -0.722925 -0.163544 -0.197698 0.767106
29.929930 -0.764905 -0.177461 -0.107397 0.792532
30.030030 -0.794613 -0.188530 -0.015397 0.816818
30.130130 -0.812910 -0.196889 0.076797 0.839932
30.230230 -0.820659 -0.202693 0.167960 0.861844
30.330330 -0.818642 -0.206083 0.257088 0.882462
30.430430 -0.807677 -0.207219 0.343370 0.901768
30.530531 -0.788443 -0.206232 0.426089 0.919634
30.630631 -0.761520 -0.203231 0.504606 0.935865
30.730731 -0.727643 -0.198372 0.578471 0.950497
30.830831 -0.687547 -0.191816 0.647340 0.963620
30.930931 -0.641929 -0.183717 0.710956 0.975337
31.031031 -0.591476 -0.174231 0.769157 0.985801
31.131131 -0.536870 -0.163520 0.821897 0.995230
31.231231 -0.478674 -0.151711 0.869059 1.003698
31.331331 -0.417352 -0.138908 0.910461 1.011147
31.431431 -0.353369 -0.125215 0.945952 1.017533
31.531532 -0.287157 -0.110727 0.975355 1.022759
31.631632 -0.219163 -0.095545 0.998555 1.026778
31.731732 -0.149848 -0.079779 1.015544 1.029635
31.831832 -0.079664 -0.063537 1.026353 1.031399
31.931932 -0.009045 -0.046925 1.031024 1.032131
32.032032 0.061585 -0.030046 1.029590 1.031868
32.132132 0.131804 -0.012998 1.022027 1.030573
32.232232 0.201189 0.004117 1.008330 1.028214
32.332332 0.269317 0.021197 0.988556 1.024804
32.432432 0.335745 0.038136 0.962715 1.020294
32.532533 0.400011 0.054823 0.930808 1.014602
32.632633 0.461648 0.071145 0.892898 1.007694
32.732733 0.520149 0.086979 0.849026 0.999483
32.832833 0.575026 0.102204 0.799325 0.989960
32.932933 0.625771 0.116690 0.743963 0.979126
33.033033 0.671852 0.130304 0.683129 0.966969
33.133133 0.712710 0.142901 0.617055 0.953485
33.233233 0.747660 0.154311 0.545937 0.938538
33.333333 0.775989 0.164352 0.470050 0.922018
33.433433 0.796972 0.172834 0.389778 0.903860
33.533534 0.809867 0.179559 0.305614 0.884040
33.633634 0.813953 0.184328 0.218188 0.862614
33.733734 0.808350 0.186900 0.128235 0.839527
33.833834 0.792060 0.186998 0.036658 0.814661
33.933934 0.764187 0.184359 -0.055383 0.788059
34.034034 0.724009 0.178747 -0.146456 0.759993
34.134134 0.670903 0.169940 -0.234825 0.730844
34.234234 0.604336 0.157719 -0.318382 0.701045
34.334334 0.523987 0.141895 -0.394551 0.671094
34.434434 0.429888 0.122341 -0.460208 0.641531
34.534535 0.322665 0.099042 -0.511589 0.612899
34.634635 0.204035 0.072229 -0.544586 0.586022
34.734735 0.077195 0.042488 -0.555171 0.562120
34.834835 -0.053067 0.010805 -0.539792 0.542502
34.934935 -0.180378 -0.021400 -0.496224 0.528424
35.035035 -0.297308 -0.052354 -0.424533 0.520924
35.135135 -0.396426 -0.080163 -0.327600 0.520482
35.235235 -0.471555 -0.103118 -0.210920 0.526768
35.335335 -0.519027 -0.120026 -0.081862 0.538977
35.435435 -0.538195 -0.130390 0.051707 0.556174
35.535536 -0.530903 -0.134346 0.182796 0.577340
35.635636 -0.500625 -0.132489 0.306038 0.601530
35.735736 -0.451395 -0.125618 0.417739 0.627729
35.835836 -0.387130 -0.114564 0.515556 0.654822
35.935936 -0.311542 -0.100160 0.598319 0.681964
36.036036 -0.227973 -0.083191 0.665760 0.708611
36.136136 -0.139286 -0.064354 0.718245 0.734451
36.236236 -0.047835 -0.044235 0.756371 0.759172
36.336336 0.044458 -0.023322 0.780837 0.782450
36.436436 0.135992 -0.002033 0.792481 0.804067
36.536537 0.225450 0.019279 0.792202 0.823883
36.636637 0.311750 0.040315 0.780949 0.841840
36.736737 0.394008 0.060826 0.759663 0.857922
36.836837 0.471464 0.080591 0.729204 0.872073
36.936937 0.543406 0.099410 0.690293 0.884125
37.037037 0.609255 0.117111 0.643705 0.894015
37.137137 0.668467 0.133535 0.590171 0.901655
37.237237 0.720563 0.148534 0.530408 0.906976
37.337337 0.765152 0.161983 0.465176 0.909991
37.437437 0.801812 0.173752 0.395176 0.910635
37.537538 0.830093 0.183702 0.321101 0.908794
37.637638 0.849606 0.191710 0.243685 0.904415
37.737738 0.860040 0.197667 0.163715 0.897521
37.837838 0.861039 0.201453 0.082002 0.888085
37.937938 0.852249 0.202947 -0.000589 0.876080
38.038038 0.833303 0.202019 -0.083118 0.861460
38.138138 0.803789 0.198527 -0.164531 0.844133
38.238238 0.763370 0.192339 -0.243649 0.824071
38.338338 0.711792 0.183336 -0.319135 0.801316
38.438438 0.648768 0.171382 -0.389406 0.775828
38.538539 0.574120 0.156352 -0.452602 0.747602
38.638639 0.487932 0.138175 -0.506587 0.716799
38.738739 0.390524 0.116814 -0.548758 0.683586
38.838839 0.282730 0.092336 -0.576126 0.648370
38.938939 0.166267 0.065014 -0.585504 0.612116
39.039039 0.043853 0.035334 -0.573223 0.575983
39.139139 -0.080283 0.004137 -0.535462 0.541462
39.239239 -0.199833 -0.027213 -0.469035 0.510556
39.339339 -0.306275 -0.056743 -0.372634 0.485675
39.439439 -0.389610 -0.081971 -0.248605 0.469382
39.539540 -0.440746 -0.100414 -0.104263 0.463908
39.639640 -0.454389 -0.110313 0.048873 0.470135
39.739740 -0.430697 -0.111150 0.198068 0.486914
39.839840 -0.374962 -0.103727 0.332714 0.511913
39.939940 -0.295338 -0.089707 0.446439 0.542752
40.040040 -0.200128 -0.070965 0.536894 0.577358
40.140140 -0.096173 -0.049135 0.604181 0.613757
40.240240 0.011303 -0.025526 0.649787 0.650386
40.340340 0.118476 -0.001140 0.675872 0.686178
40.440440 0.222642 0.023278 0.684722 0.720385
40.540541 0.321907 0.047182 0.678508 0.752478
40.640641 0.414955 0.070175 0.659218 0.782100
40.740741 0.500873 0.091960 0.628642 0.809024
40.840841 0.578950 0.112303 0.588274 0.832983
40.940941 0.648618 0.131013 0.539409 0.853716
41.041041 0.709539 0.147954 0.483311 0.871163
41.141141 0.761537 0.163033 0.421180 0.885387
41.241241 0.804503 0.176176 0.354095 0.896463
41.341341 0.838308 0.187312 0.283024 0.904405
41.441441 0.862798 0.196364 0.208852 0.909175
41.541542 0.877840 0.203263 0.132439 0.910747
41.641642 0.883303 0.207943 0.054627 0.909092
41.741742 0.879055 0.210334 -0.023738 0.904180
41.841842 0.864863 0.210344 -0.101783 0.895875
41.941942 0.840550 0.207891 -0.178586 0.884102
42.042042 0.806050 0.202915 -0.253171 0.868900
42.142142 0.761178 0.195326 -0.324434 0.850178
42.242242 0.705743 0.185023 -0.391128 0.827821
42.342342 0.639620 0.171914 -0.451819 0.801754
42.442442 0.562767 0.155918 -0.504837 0.771931
42.542543 0.475299 0.136975 -0.548216 0.738384
42.642643 0.377579 0.115071 -0.579617 0.701258
42.742743 0.270402 0.090276 -0.596277 0.660918
42.842843 0.155186 0.062780 -0.594832 0.617940
42.942943 0.034425 0.033006 -0.571326 0.573313
43.043043 -0.087648 0.001761 -0.521137 0.528459
43.143143 -0.204070 -0.029494 -0.439720 0.485663
43.243243 -0.304159 -0.058334 -0.324394 0.448494
43.343343 -0.373610 -0.081256 -0.177344 0.421471
43.443443 -0.398390 -0.094438 -0.009649 0.409543
43.543544 -0.372210 -0.095536 0.159177 0.415939
43.643644 -0.300726 -0.085019 0.308959 0.439454
43.743744 -0.197882 -0.065669 0.427245 0.475403
43.843844 -0.078513 -0.040879 0.510887 0.518499
43.943944 0.046092 -0.013450 0.562467 0.564512
44.044044 0.168644 0.014677 0.586704 0.610637
44.144144 0.284921 0.042277 0.588677 0.655368
44.244244 0.392629 0.068610 0.572826 0.697850
44.344344 0.490571 0.093240 0.542685 0.737469
44.444444 0.578221 0.115912 0.501157 0.773908
44.544545 0.655376 0.136481 0.450549 0.806932
44.644645 0.722086 0.154873 0.392784 0.836464
44.744745 0.778678 0.171094 0.329539 0.862675
44.844845 0.825444 0.185154 0.262171 0.885648
44.944945 0.862587 0.197055 0.191782 0.905355
45.045045 0.890368 0.206815 0.119348 0.921831
45.145145 0.909044 0.214458 0.045730 0.935117
45.245245 0.918818 0.220000 -0.028295 0.945213
45.345345 0.919777 0.223429 -0.102007 0.952006
45.445445 0.912023 0.224740 -0.174710 0.955415
45.545546 0.895678 0.223932 -0.245723 0.955387
45.645646 0.870942 0.221024 -0.314391 0.951963
45.745746 0.837997 0.216031 -0.380047 0.945169
45.845846 0.796997 0.208959 -0.442000 0.935004
45.945946 0.748144 0.199826 -0.499544 0.921518
46.046046 0.691537 0.188619 -0.551846 0.904618
46.146146 0.627273 0.175321 -0.597971 0.884182
46.246246 0.555563 0.159938 -0.636918 0.860172
46.346346 0.476647 0.142476 -0.667507 0.832500
46.446446 0.390854 0.122954 -0.688349 0.801068
46.546547 0.298734 0.101434 -0.697892 0.765887
46.646647 0.201068 0.078022 -0.694243 0.726972
46.746747 0.099014 0.052888 -0.675033 0.684303
46.846847 -0.005583 0.026354 -0.637507 0.638076
46.946947 -0.109805 -0.001019 -0.578614 0.588942
47.047047 -0.209052 -0.028281 -0.494978 0.538057
47.147147 -0.296021 -0.053836 -0.383350 0.487323
47.247247 -0.359617 -0.075096 -0.242477 0.440180
47.347347 -0.384877 -0.088303 -0.076830 0.402282
47.447447 -0.356959 -0.089267 0.098443 0.380893
47.547548 -0.271382 -0.075789 0.257295 0.381567
47.647648 -0.141724 -0.050022 0.374852 0.403859
47.747748 0.008192 -0.017199 0.440969 0.441381
47.847848 0.157928 0.017637 0.459791 0.486477
47.947948 0.295359 0.051160 0.441355 0.533525
48.048048 0.414934 0.081612 0.395725 0.579163
48.148148 0.514861 0.108210 0.331132 0.621643
48.248248 0.595234 0.130702 0.253853 0.660172
48.348348 0.657086 0.149130 0.168622 0.694575
48.448448 0.701619 0.163628 0.078937 0.724759
48.548549 0.730086 0.174379 -0.012555 0.750727
48.648649 0.743697 0.181581 -0.103772 0.772545
48.748749 0.743433 0.185394 -0.193025 0.790141
48.848849 0.730300 0.185996 -0.278906 0.803567
48.948949 0.705271 0.183567 -0.360205 0.812928
49.049049 0.669229 0.178270 -0.435835 0.818291
49.149149 0.622978 0.170251 -0.504764 0.819679
49.249249 0.567256 0.159641 -0.565957 0.817051
49.349349 0.502774 0.146562 -0.618337 0.810310
49.449449 0.430288 0.131146 -0.660786 0.799365
49.549550 0.350630 0.113540 -0.692111 0.784124
49.649650 0.264731 0.093906 -0.710968 0.764445
49.749750 0.173756 0.072463 -0.715991 0.740328
49.849850 0.079169 0.049499 -0.705788 0.711937
49.949950 -0.017212 0.025373 -0.678672 0.679365
50.050050 -0.112980 0.000567 -0.632543 0.642554
50.150150 -0.204784 -0.024218 -0.565153 0.601599
50.250250 -0.287912 -0.047948 -0.474476 0.557064
50.350350 -0.355706 -0.069098 -0.359148 0.510185
50.450450 -0.398917 -0.085443 -0.219678 0.463350
50.550551 -0.405536 -0.093915 -0.060877 0.420697
50.650651 -0.362887 -0.090935 0.104342 0.388386
50.750751 -0.264826 -0.074028 0.252675 0.373440
50.850851 -0.121485 -0.044450 0.357494 0.380180
50.950951 0.042140 -0.007525 0.404340 0.406600
51.051051 0.200947 0.030608 0.396956 0.445972
51.151151 0.339883 0.065779 0.348828 0.491455
51.251251 0.453109 0.095999 0.273717 0.538000
51.351351 0.539874 0.120627 0.182328 0.582459
51.451451 0.602047 0.139767 0.082461 0.623534
51.551552 0.642272 0.153815 -0.020488 0.660751
51.651652 0.662956 0.163185 -0.122846 0.693709
51.751752 0.666274 0.168280 -0.221992 0.722163
51.851852 0.654221 0.169493 -0.316010 0.746053
51.951952 0.628633 0.167199 -0.403469 0.765456
52.052052 0.591183 0.161748 -0.483285 0.780528
52.152152 0.543388 0.153465 -0.554605 0.791460
52.252252 0.486580 0.142634 -0.616672 0.798366
52.352352 0.421934 0.129502 -0.668736 0.801254
52.452452 0.350577 0.114308 -0.710083 0.800117
52.552553 0.273695 0.097307 -0.740135 0.795096
52.652653 0.192462 0.078753 -0.758272 0.786270
52.752753 0.108074 0.058898 -0.763750 0.773604
52.852853 0.021852 0.038025 -0.755837 0.757108
52.952953 -0.064710 0.016454 -0.733731 0.736763
53.053053 -0.149877 -0.005434 -0.696640 0.712600
53.153153 -0.231593 -0.027181 -0.643911 0.684832
53.253253 -0.307306 -0.048209 -0.574816 0.653585
53.353353 -0.373839 -0.067785 -0.488815 0.619105
53.453453 -0.427192 -0.084959 -0.385858 0.581891
53.553554 -0.462157 -0.098463 -0.266604 0.542550
53.653654 -0.472208 -0.106643 -0.133346 0.502130
53.753754 -0.449895 -0.107494 0.008596 0.462638
53.853854 -0.388427 -0.098965 0.149227 0.427712
53.953954 -0.284734 -0.079646 0.272910 0.402364
54.054054 -0.144095 -0.049958 0.360364 0.391307
54.154154 0.017009 -0.013152 0.396136 0.396719
54.254254 0.176104 0.025543 0.377390 0.417239
54.354354 0.314961 0.061358 0.313986 0.448946
54.454454 0.424434 0.091478 0.220615 0.487015
54.554555 0.502856 0.114924 0.110687 0.527564
54.654655 0.552517 0.131807 -0.005803 0.568051
54.754755 0.577088 0.142711 -0.122175 0.606897
54.854855 0.580441 0.148371 -0.234133 0.643229
54.954955 0.566050 0.149497 -0.338974 0.676509
55.055055 0.536950 0.146739 -0.435023 0.706465
55.155155 0.495670 0.140652 -0.521193 0.732880
55.255255 0.444422 0.131736 -0.596866 0.755721
55.355355 0.385142 0.120437 -0.661710 0.775048
55.455455 0.319392 0.107112 -0.715373 0.790723
55.555556 0.248565 0.092081 -0.757580 0.802615
55.655656 0.173954 0.075643 -0.788127 0.810633
55.755756 0.096752 0.058069 -0.806734 0.814587
55.855856 0.018139 0.039633 -0.813225 0.814392
55.955956 -0.060700 0.020614 -0.807528 0.810068
56.056056 -0.138567 0.001293 -0.789548 0.801617
56.156156 -0.214189 -0.018035 -0.759101 0.788947
56.256256 -0.286142 -0.037044 -0.715877 0.771835
56.356356 -0.352835 -0.055364 -0.659672 0.750150
56.456456 -0.412426 -0.072563 -0.590351 0.723792
56.556557 -0.462689 -0.088114 -0.507837 0.692635
56.656657 -0.501039 -0.101389 -0.412400 0.656806
56.756757 -0.524353 -0.111615 -0.304764 0.616672
56.856857 -0.528532 -0.117757 -0.186231 0.572621
56.956957 -0.508456 -0.118483 -0.059437 0.525450
57.057057 -0.458084 -0.112131 0.070483 0.476847
57.157157 -0.371199 -0.096814 0.194147 0.429947
57.257257 -0.244237 -0.070998 0.295793 0.390110
57.357357 -0.082545 -0.035010 0.353628 0.364817
57.457457 0.093084 0.007029 0.348529 0.360813
57.557558 0.251912 0.047845 0.279464 0.379274
57.657658 0.371435 0.081254 0.165451 0.414657
57.757758 0.446119 0.104898 0.030473 0.459297
57.857858 0.481150 0.119244 -0.107821 0.507297
57.957958 0.484582 0.125775 -0.239399 0.554933
58.058058 0.463879 0.126051 -0.359274 0.600125
58.158158 0.425155 0.121437 -0.465335 0.641903
58.258258 0.373175 0.113039 -0.556965 0.679888
58.358358 0.311534 0.101717 -0.634212 0.713879
58.458458 0.243019 0.088150 -0.697467 0.743834
58.558559 0.169818 0.072882 -0.747228 0.769740
58.658659 0.093687 0.056352 -0.784001 0.791587
58.758759 0.016092 0.038931 -0.808279 0.809376
58.858859 -0.061711 0.020938 -0.820538 0.823122
58.958959 -0.138604 0.002658 -0.821185 0.832804
59.059059 -0.213543 -0.015649 -0.810500 0.838305
59.159159 -0.285562 -0.033736 -0.788878 0.839650
59.259259 -0.353718 -0.051361 -0.756716 0.836884
59.359359 -0.417052 -0.068280 -0.714342 0.829987
59.459459 -0.474613 -0.084251 -0.662173 0.819042
59.559560 -0.525317 -0.099001 -0.600533 0.803990
59.659660 -0.567914 -0.112218 -0.529713 0.784675
59.759760 -0.600984 -0.123549 -0.450098 0.760943
59.859860 -0.622818 -0.132567 -0.362165 0.732557
59.959960 -0.631386 -0.138755 -0.266623 0.699277
60.060060 -0.624392 -0.141520 -0.164625 0.661056
60.160160 -0.599212 -0.140155 -0.057975 0.618110
60.260260 -0.552643 -0.133780 0.050551 0.570847
60.360360 -0.480883 -0.121294 0.156482 0.520046
60.460460 -0.379803 -0.101391 0.252379 0.467146
60.560561 -0.246668 -0.072892 0.326080 0.415315
60.660661 -0.084408 -0.035700 0.359291 0.370795
60.760761 0.090774 0.007253 0.330691 0.343001
60.860861 0.245599 0.048426 0.231471 0.340945
60.960961 0.347152 0.079128 0.081260 0.365211
61.061061 0.386335 0.095676 -0.084957 0.406972
61.161161 0.374561 0.099656 -0.241165 0.456495
61.261261 0.327795 0.094361 -0.375653 0.507414
61.361361 0.258694 0.082660 -0.485083 0.555933
61.461461 0.176164 0.066686 -0.569745 0.600075
61.561562 0.086378 0.047979 -0.631265 0.638952
61.661662 -0.006350 0.027654 -0.671649 0.672248
61.761762 -0.098917 0.006542 -0.693019 0.700073
61.861862 -0.189024 -0.014731 -0.697197 0.722517
61.961962 -0.274886 -0.035671 -0.685776 0.739678
62.062062 -0.355082 -0.055873 -0.660285 0.751785
62.162162 -0.428330 -0.074978 -0.621951 0.758888
62.262262 -0.493382 -0.092645 -0.571789 0.760889
62.362362 -0.549041 -0.108545 -0.510812 0.757731
62.462462 -0.594104 -0.122348 -0.440047 0.749380
62.562563 -0.627333 -0.133710 -0.360588 0.735832
62.662663 -0.647405 -0.142265 -0.273642 0.717114
62.762763 -0.652810 -0.147593 -0.180581 0.693220
62.862863 -0.641875 -0.149223 -0.083094 0.664211
62.962963 -0.612615 -0.146587 0.016644 0.630129
63.063063 -0.562725 -0.139008 0.115667 0.591068
63.163163 -0.489783 -0.125725 0.209734 0.547432
63.263263 -0.391531 -0.105931 0.292620 0.500145
63.363363 -0.266742 -0.078929 0.355052 0.451047
63.463463 -0.117369 -0.044594 0.383392 0.403428
63.563564 0.046451 -0.004589 0.360366 0.363376
63.663664 0.200428 0.035896 0.272345 0.340047
63.763764 0.310055 0.068385 0.125264 0.341324
63.863864 0.352821 0.086159 -0.049568 0.366556
63.963964 0.333359 0.088799 -0.217077 0.407598
64.064064 0.270762 0.080004 -0.357761 0.455748
64.164164 0.183004 0.063820 -0.466258 0.504936
64.264264 0.082744 0.043318 -0.543846 0.551807
64.364364 -0.021902 0.020571 -0.593811 0.594570
64.464464 -0.125754 -0.003032 -0.619709 0.632347
64.564565 -0.225439 -0.026544 -0.624842 0.664797
64.664665 -0.318631 -0.049292 -0.611957 0.691698
64.764765 -0.403674 -0.070780 -0.583426 0.712986
64.864865 -0.479452 -0.090642 -0.541529 0.728933
64.964965 -0.545024 -0.108573 -0.488148 0.739681
65.065065 -0.599482 -0.124288 -0.424862 0.745207
65.165165 -0.642050 -0.137535 -0.353196 0.745581
65.265265 -0.671696 -0.148012 -0.274491 0.740560
65.365365 -0.687338 -0.155400 -0.190119 0.729882
65.465465 -0.687933 -0.159383 -0.101658 0.713435
65.565566 -0.672322 -0.159608 -0.010875 0.691094
65.665666 -0.639336 -0.155705 0.080097 0.662880
65.765766 -0.587526 -0.147211 0.168589 0.628713
65.865866 -0.515303 -0.133596 0.251060 0.588571
65.965966 -0.421087 -0.114268 0.322556 0.542599
66.066066 -0.303912 -0.088691 0.376039 0.491563
66.166166 -0.164574 -0.056605 0.401155 0.437280
66.266266 -0.008646 -0.018696 0.383140 0.383694
66.366366 0.146890 0.021745 0.304656 0.338917
66.466466 0.267278 0.056767 0.158242 0.315754
66.566567 0.313743 0.076054 -0.031126 0.324326
66.666667 0.280035 0.075980 -0.214243 0.360684
66.766767 0.192644 0.061449 -0.358796 0.411852
66.866867 0.079895 0.038941 -0.458691 0.467222
66.966967 -0.040326 0.012952 -0.519385 0.521110
67.067067 -0.158404 -0.013903 -0.548368 0.570957
67.167167 -0.269336 -0.040156 -0.552061 0.615569
67.267267 -0.370521 -0.064964 -0.535589 0.654493
67.367367 -0.460610 -0.087828 -0.503022 0.687682
67.467467 -0.538900 -0.108443 -0.457556 0.715214
67.567568 -0.604966 -0.126598 -0.401729 0.737155
67.667668 -0.658592 -0.142148 -0.337662 0.753634
67.767768 -0.699764 -0.155010 -0.267240 0.764928
67.867868 -0.728432 -0.165099 -0.192079 0.771210
67.967968 -0.744465 -0.172324 -0.113627 0.772551
68.068068 -0.747662 -0.176574 -0.033263 0.768949
68.168168 -0.737762 -0.177730 0.047634 0.760362
68.268268 -0.714537 -0.175674 0.127617 0.746801
68.368368 -0.677793 -0.170290 0.205124 0.728339
68.468468 -0.627133 -0.161408 0.278339 0.704855
68.568569 -0.562138 -0.148831 0.345100 0.676198
68.668669 -0.482644 -0.132411 0.402841 0.642463
68.768769 -0.388654 -0.112007 0.448309 0.603804
68.868869 -0.280687 -0.087562 0.477393 0.560675
68.968969 -0.160126 -0.059166 0.484517 0.513709
69.069069 -0.030247 -0.027269 0.462109 0.463900
69.169169 0.101486 0.006746 0.401095 0.413790
69.269269 0.220223 0.039707 0.293101 0.368759
69.369369 0.301043 0.065717 0.137274 0.337328
69.469469 0.316217 0.077337 -0.047113 0.328928
69.569570 0.257731 0.070952 -0.220742 0.346679
69.669670 0.146727 0.050188 -0.351245 0.383954
69.769770 0.012859 0.021749 -0.430330 0.431071
69.869870 -0.123132 -0.009148 -0.464486 0.480617
69.969970 -0.250386 -0.039473 -0.463894 0.528629
70.070070 -0.364118 -0.067688 -0.437741 0.573394
70.170170 -0.462505 -0.093059 -0.392949 0.613987
70.270270 -0.545064 -0.115249 -0.334635 0.649891
70.370370 -0.612017 -0.134140 -0.266706 0.680949
70.470470 -0.663810 -0.149709 -0.192173 0.707098
70.570571 -0.700789 -0.161935 -0.113370 0.728135
70.670671 -0.723458 -0.170854 -0.032272 0.744059
70.770771 -0.732371 -0.176524 0.049409 0.754962
70.870871 -0.727996 -0.178988 0.130159 0.760892
70.970971 -0.710831 -0.178307 0.208583 0.761959
71.071071 -0.681158 -0.174486 0.283285 0.758071
71.171171 -0.639234 -0.167524 0.352838 0.749119
71.271271 -0.585468 -0.157456 0.415793 0.735152
71.371371 -0.520198 -0.144291 0.470498 0.716096
71.471471 -0.443796 -0.128033 0.515032 0.691813
71.571572 -0.356871 -0.108734 0.547225 0.662295
71.671672 -0.260267 -0.086477 0.564363 0.627473
71.771772 -0.155278 -0.061418 0.562961 0.587204
71.871872 -0.044231 -0.033930 0.538835 0.541711
71.971972 0.068785 -0.004757 0.486693 0.491553
72.072072 0.176412 0.024625 0.400208 0.438057
72.172172 0.265231 0.051277 0.273469 0.384399
72.272272 0.312514 0.069792 0.106354 0.337413
72.372372 0.288797 0.072337 -0.082308 0.308886
72.472472 0.181613 0.053914 -0.245754 0.310298
72.572573 0.021308 0.019826 -0.339725 0.340969
72.672673 -0.145830 -0.019113 -0.359447 0.388373
72.772773 -0.292456 -0.055532 -0.324736 0.440532
72.872873 -0.409653 -0.086414 -0.256179 0.490826
72.972973 -0.496978 -0.111016 -0.168459 0.536367
73.073073 -0.556780 -0.129478 -0.071189 0.576053
73.173173 -0.592049 -0.142241 0.029331 0.609602
73.273273 -0.605673 -0.149806 0.128828 0.637086
73.373373 -0.600161 -0.152638 0.224271 0.658626
73.473473 -0.577749 -0.151171 0.313394 0.674435
73.573574 -0.540365 -0.145787 0.394371 0.684673
73.673674 -0.489616 -0.136794 0.465549 0.689328
73.773774 -0.427026 -0.124491 0.525411 0.688409
73.873874 -0.354087 -0.109167 0.572455 0.681909
73.973974 -0.272333 -0.091120 0.605136 0.669820
74.074074 -0.183473 -0.070689 0.621854 0.652198
74.174174 -0.089449 -0.048254 0.620746 0.629011
74.274274 0.007325 -0.024302 0.599810 0.600347
74.374374 0.103682 0.000506 0.556841 0.566412
74.474474 0.195233 0.025241 0.489227 0.527348
74.574575 0.275626 0.048496 0.394486 0.483675
74.674675 0.335586 0.068120 0.271349 0.436908
74.774775 0.361627 0.080812 0.121853 0.390068
74.874875 0.336216 0.081944 -0.043545 0.348787
74.974975 0.244214 0.066763 -0.198402 0.321654
75.075075 0.090981 0.034769 -0.301808 0.317135
75.175175 -0.086947 -0.006594 -0.324881 0.336379
75.275275 -0.246769 -0.046853 -0.274110 0.371788
75.375375 -0.366128 -0.079519 -0.176310 0.414075
75.475475 -0.441524 -0.102680 -0.056353 0.456796
75.575576 -0.477667 -0.116735 0.069124 0.496559
75.675676 -0.481021 -0.122788 0.190126 0.531607
75.775776 -0.457695 -0.122037 0.300745 0.561093
75.875876 -0.413105 -0.115621 0.397487 0.584825
75.975976 -0.351857 -0.104545 0.478245 0.602869
76.076076 -0.277782 -0.089657 0.541564 0.615218
76.176176 -0.194234 -0.071710 0.586372 0.621853
76.276276 -0.104335 -0.051414 0.611892 0.622849
76.376376 -0.011095 -0.029458 0.617539 0.618341
76.476476 0.082445 -0.006545 0.602776 0.608424
76.576577 0.173048 0.016575 0.567138 0.593183
76.676677 0.257112 0.039054 0.510413 0.572847
76.776777 0.330319 0.059869 0.432468 0.547470
76.876877 0.387445 0.077757 0.333771 0.517265
76.976977 0.422063 0.091112 0.216048 0.482820
77.077077 0.426334 0.097896 0.083231 0.445278
77.177177 0.391468 0.095667 -0.056612 0.406945
77.277277 0.309282 0.081833 -0.188667 0.371412
77.377377 0.178050 0.054961 -0.289397 0.344200
77.477477 0.011830 0.017195 -0.331106 0.331763
77.577578 -0.156732 -0.024386 -0.297805 0.337412
77.677678 -0.291828 -0.060823 -0.199463 0.358676
77.777778 -0.374446 -0.086379 -0.063955 0.389566
77.877878 -0.403813 -0.099688 0.081504 0.423846
77.977978 -0.388283 -0.101939 0.218502 0.457054
78.078078 -0.338513 -0.095219 0.336641 0.486811
78.178178 -0.264234 -0.081617 0.430693 0.511837
78.278278 -0.173676 -0.062997 0.498433 0.531570
78.378378 -0.073737 -0.040982 0.539444 0.546000
78.478478 0.029838 -0.016942 0.553752 0.554815
78.578579 0.131970 0.007899 0.541700 0.557599
78.678679 0.227872 0.032358 0.504290 0.554329
78.778779 0.312846 0.055257 0.442886 0.545045
78.878879 0.382098 0.075371 0.359413 0.529960
78.978979 0.430533 0.091369 0.256565 0.509443
79.079079 0.452278 0.101691 0.138095 0.483701
79.179179 0.440982 0.104570 0.009866 0.453319
79.279279 0.390513 0.098138 -0.118753 0.419802
79.379379 0.296163 0.080645 -0.233245 0.385512
79.479479 0.158740 0.051362 -0.312410 0.354170
79.579580 -0.007853 0.012519 -0.331342 0.331672
79.679680 -0.171631 -0.028977 -0.273768 0.324416
79.779780 -0.293266 -0.063363 -0.148843 0.334924
79.879880 -0.349144 -0.083586 0.010458 0.359162
79.979980 -0.340350 -0.088375 0.168972 0.390128
80.080080 -0.281976 -0.080332 0.303814 0.422217
80.180180 -0.190943 -0.063016 0.404214 0.451463
80.280280 -0.081703 -0.039724 0.466800 0.475559
80.380380 0.034230 -0.013220 0.492133 0.493499
80.480480 0.147785 0.014242 0.482348 0.504681
80.580581 0.251477 0.040755 0.440350 0.508733
80.680681 0.338696 0.064593 0.369623 0.505478
80.780781 0.403065 0.084066 0.274140 0.494653
80.880881 0.437990 0.097386 0.158880 0.475985
80.980981 0.436454 0.102585 0.030741 0.449401
81.081081 0.391416 0.097537 -0.099951 0.415585
81.181181 0.297109 0.080172 -0.217163 0.376645
81.281281 0.153103 0.049316 -0.296194 0.337052
81.381381 -0.025189 0.007193 -0.303758 0.304886
81.481481 -0.193328 -0.036667 -0.215661 0.291942
81.581582 -0.293304 -0.067600 -0.051496 0.305367
81.681682 -0.302948 -0.077816 0.130900 0.339069
81.781782 -0.242486 -0.070129 0.285396 0.381010
81.881882 -0.141598 -0.050838 0.394334 0.422059
81.981982 -0.023111 -0.025321 0.456390 0.457675
82.082082 0.097878 0.002646 0.475741 0.485713
82.182182 0.211414 0.030453 0.457908 0.505275
82.282282 0.310459 0.056180 0.408536 0.516181
82.382382 0.389530 0.078292 0.332878 0.518335
82.482482 0.443951 0.095447 0.236237 0.511870
82.582583 0.469298 0.106344 0.124270 0.496983
82.682683 0.461066 0.109622 0.003637 0.473933
82.782783 0.414489 0.103767 -0.116922 0.442989
82.882883 0.325373 0.087236 -0.224848 0.405012
82.982983 0.192800 0.058997 -0.301464 0.362675
83.083083 0.025576 0.020011 -0.320594 0.322235
83.183183 -0.145824 -0.023641 -0.255144 0.294825
83.283283 -0.266215 -0.058861 -0.104194 0.291876
83.383383 -0.293256 -0.073487 0.084333 0.313866
83.483483 -0.234945 -0.066837 0.250926 0.350186
83.583584 -0.126035 -0.045914 0.366259 0.390050
83.683684 0.002989 -0.017805 0.426401 0.426783
83.783784 0.132243 0.012493 0.437395 0.457120
83.883884 0.249490 0.041702 0.407648 0.479751
83.983984 0.346926 0.067610 0.345275 0.494109
84.084084 0.419115 0.088600 0.257724 0.499929
84.184184 0.461772 0.103345 0.152070 0.497030
84.284284 0.471143 0.110634 0.035583 0.485265
84.384384 0.444211 0.109391 -0.083458 0.465032
84.484484 0.378485 0.098578 -0.194841 0.436957
84.584585 0.272982 0.077378 -0.285121 0.402244
84.684685 0.131092 0.045802 -0.335958 0.363525
84.784785 -0.033438 0.006126 -0.324413 0.326189
84.884885 -0.187246 -0.034542 -0.231243 0.299546
84.984985 -0.279565 -0.063748 -0.064854 0.293984
85.085085 -0.277510 -0.071465 0.124107 0.312285
85.185185 -0.195397 -0.058669 0.279674 0.346179
85.285285 -0.070530 -0.033177 0.377301 0.385268
85.385385 0.066179 -0.002381 0.417704 0.422921
85.485485 0.195955 0.028832 0.410474 0.455761
85.585586 0.308321 0.057516 0.366041 0.482033
85.685686 0.397354 0.081858 0.293661 0.500827
85.785786 0.459623 0.100690 0.201412 0.511819
85.885886 0.492940 0.113180 0.096482 0.514887
85.985986 0.495783 0.118670 -0.014355 0.509989
86.086086 0.466996 0.116583 -0.124150 0.497081
86.186186 0.406105 0.106475 -0.225230 0.476431
86.286286 0.313846 0.088127 -0.308585 0.448877
86.386386 0.192734 0.061649 -0.362898 0.415501
86.486486 0.049493 0.028020 -0.373881 0.378182
86.586587 -0.100311 -0.009743 -0.325643 0.340882
86.686687 -0.226680 -0.044951 -0.207761 0.310755
86.786787 -0.287611 -0.067066 -0.032565 0.297117
86.886887 -0.256051 -0.067601 0.152789 0.305739
86.986987 -0.148178 -0.048073 0.294561 0.333218
87.087087 -0.004764 -0.017197 0.369887 0.370317
87.187187 0.140751 0.016848 0.383774 0.409118
87.287287 0.269802 0.049015 0.350606 0.445107
87.387387 0.373837 0.076667 0.284270 0.475859
87.487487 0.449534 0.098519 0.196102 0.500243
87.587588 0.496280 0.114032 0.095167 0.518029
87.687688 0.514462 0.122984 -0.011279 0.529078
87.787788 0.504942 0.125313 -0.117117 0.533279
87.887888 0.469133 0.121116 -0.216818 0.530816
87.987988 0.408807 0.110586 -0.305108 0.521961
88.088088 0.326160 0.094012 -0.376590 0.506990
88.188188 0.224106 0.071833 -0.425396 0.486154
88.288288 0.106936 0.044784 -0.444954 0.459810
88.388388 -0.018584 0.014169 -0.428187 0.428824
88.488488 -0.141617 -0.017740 -0.367979 0.394688
88.588589 -0.245175 -0.047101 -0.259661 0.360213
88.688689 -0.305116 -0.067998 -0.107098 0.330439
88.788789 -0.295716 -0.073371 0.068175 0.312217
88.888889 -0.207750 -0.059214 0.224499 0.311554
88.988989 -0.063671 -0.029100 0.321018 0.328562
89.089089 0.096363 0.007997 0.344213 0.357537
89.189189 0.240509 0.043973 0.306098 0.391758
89.289289 0.352995 0.074216 0.226413 0.425883
89.389389 0.429134 0.096844 0.122813 0.456747
89.489489 0.469822 0.111484 0.008767 0.482947
89.589590 0.478056 0.118430 -0.106046 0.503794
89.689690 0.457705 0.118299 -0.214615 0.519180
89.789790 0.412728 0.111805 -0.311664 0.529131
89.889890 0.346914 0.099665 -0.392968 0.533579
89.989990 0.263925 0.082587 -0.454723 0.532212
90.090090 0.167646 0.061344 -0.493438 0.524737
90.190190 0.062626 0.036889 -0.506101 0.511293
90.290290 -0.045818 0.010361 -0.489825 0.492072
90.390390 -0.151071 -0.016782 -0.441882 0.467295
90.490490 -0.244464 -0.042562 -0.360281 0.437466
90.590591 -0.314416 -0.064222 -0.245046 0.403769
90.690691 -0.345678 -0.077933 -0.100714 0.368388
90.790791 -0.320310 -0.078816 0.058731 0.335052
90.890891 -0.225585 -0.062559 0.203729 0.310335
90.990991 -0.070449 -0.029464 0.292245 0.302057
91.091091 0.105483 0.012324 0.294560 0.313120
91.191191 0.254458 0.051135 0.217667 0.338737
91.291291 0.350433 0.079381 0.093434 0.371261
91.391391 0.390394 0.094986 -0.046821 0.404502
91.491491 0.381899 0.098829 -0.181901 0.434398
91.591592 0.335301 0.092830 -0.299247 0.458904
91.691692 0.260777 0.079112 -0.391961 0.477385
91.791792 0.167183 0.059615 -0.456155 0.489471
91.891892 0.062340 0.036111 -0.489771 0.495041
91.991992 -0.046472 0.010296 -0.491914 0.494211
92.092092 -0.152179 -0.016165 -0.462153 0.486832
92.192192 -0.247383 -0.041492 -0.400931 0.472933
92.292292 -0.323899 -0.063666 -0.309847 0.452734
92.392392 -0.372219 -0.080276 -0.192274 0.426568
92.492492 -0.381671 -0.088479 -0.055199 0.395661
92.592593 -0.341115 -0.085052 0.088245 0.362464
92.692693 -0.242169 -0.067005 0.215190 0.330821
92.792793 -0.089180 -0.033903 0.291759 0.306962
92.892893 0.087758 0.008519 0.285010 0.298337
92.992993 0.237525 0.048295 0.190206 0.308105
93.093093 0.320966 0.074661 0.040551 0.332021
93.193193 0.331513 0.084139 -0.119869 0.362421
93.293293 0.283242 0.078738 -0.260165 0.392570
93.393393 0.195165 0.062311 -0.364812 0.418401
93.493493 0.084456 0.038691 -0.427909 0.437876
93.593594 -0.034856 0.011165 -0.448237 0.449729
93.693694 -0.150965 -0.017404 -0.426960 0.453197
93.793794 -0.253390 -0.044391 -0.367107 0.448268
93.893894 -0.332128 -0.067215 -0.273238 0.435299
93.993994 -0.376708 -0.083107 -0.151698 0.414522
94.094094 -0.376013 -0.088985 -0.012526 0.386602
94.194194 -0.319628 -0.081644 0.127590 0.353705
94.294294 -0.201868 -0.058552 0.241508 0.320164
94.394394 -0.033064 -0.020501 0.290812 0.293402
94.494494 0.144745 0.023966 0.241761 0.282796
94.594595 0.268474 0.059478 0.102377 0.293423
94.694695 0.302567 0.075225 -0.073310 0.320281
94.794795 0.256977 0.071257 -0.231905 0.353405
94.894895 0.160352 0.053220 -0.346340 0.385352
94.994995 0.038998 0.027055 -0.409208 0.411951
95.095095 -0.087525 -0.002509 -0.422133 0.431118
95.195195 -0.204946 -0.031852 -0.390246 0.441939
95.295295 -0.302268 -0.058074 -0.320012 0.444011
95.395395 -0.370093 -0.078622 -0.218707 0.437016
95.495495 -0.399794 -0.091060 -0.095139 0.420926
95.595596 -0.383097 -0.092909 0.038998 0.396126
95.695696 -0.312541 -0.081660 0.166822 0.363565
95.795796 -0.184812 -0.055397 0.262377 0.325677
95.895896 -0.011247 -0.015192 0.288179 0.288798
95.995996 0.162703 0.029715 0.207831 0.265611
96.096096 0.259835 0.060458 0.032449 0.268742
96.196196 0.241167 0.064378 -0.160176 0.296584
96.296296 0.139251 0.046265 -0.301888 0.335660
96.396396 0.002667 0.016862 -0.373686 0.374076
96.496496 -0.135559 -0.015664 -0.382559 0.406168
96.596597 -0.256777 -0.046299 -0.341738 0.429957
96.696697 -0.350280 -0.071954 -0.263629 0.444268
96.796797 -0.409213 -0.090511 -0.159419 0.448400
96.896897 -0.428598 -0.100317 -0.039892 0.441986
96.996997 -0.404529 -0.099942 0.083451 0.424966
97.097097 -0.334111 -0.088096 0.196750 0.397620
97.197197 -0.217170 -0.063940 0.281688 0.361385
97.297297 -0.060961 -0.028109 0.313054 0.320171
97.397397 0.108652 0.014567 0.260293 0.282436
97.497497 0.233072 0.050739 0.109515 0.262470
97.597598 0.247798 0.062978 -0.091589 0.271586
97.697698 0.155245 0.048103 -0.256513 0.303667
97.797798 0.011133 0.017536 -0.342784 0.343413
97.897898 -0.137275 -0.017321 -0.353812 0.379904
97.997998 -0.264131 -0.049572 -0.306696 0.407781
98.098098 -0.356411 -0.075361 -0.218780 0.424938
98.198198 -0.407094 -0.092363 -0.105165 0.430483
98.298298 -0.411833 -0.098937 0.020242 0.424034
98.398398 -0.367570 -0.093725 0.142927 0.405364
98.498498 -0.272834 -0.075613 0.245268 0.374583
98.598599 -0.130702 -0.044285 0.303155 0.333087
98.698699 0.041859 -0.002329 0.283150 0.286236
98.798799 0.192325 0.039160 0.152748 0.248705
98.898899 0.228871 0.057145 -0.061052 0.243669
98.998999 0.125860 0.040455 -0.241516 0.275332
99.099099 -0.037685 0.004888 -0.319203 0.321457
99.199199 -0.193809 -0.032850 -0.306177 0.363848
99.299299 -0.313109 -0.064465 -0.232271 0.395149
99.399399 -0.384892 -0.086330 -0.122365 0.412999
99.499499 -0.405127 -0.096639 0.004098 0.416514
99.599600 -0.372050 -0.094224 0.129858 0.405170
99.699700 -0.285473 -0.078236 0.236375 0.378799
99.799800 -0.149019 -0.048510 0.300034 0.338497
99.899900 0.021958 -0.007278 0.287988 0.288916
100.000000 0.178174 0.035320 0.163588 0.244447
