0.000000 -0.326960 0.510976 0.835806 1.032749
0.100100 -0.361237 0.436486 0.866998 1.035711
0.200200 -0.393188 0.359254 0.892638 1.039453
0.300300 -0.422642 0.279803 0.912635 1.043944
0.400400 -0.449447 0.198658 0.926941 1.049136
0.500501 -0.473497 0.116350 0.935587 1.055017
0.600601 -0.494707 0.033396 0.938644 1.061557
0.700701 -0.512976 -0.049705 0.936146 1.068637
0.800801 -0.528241 -0.132467 0.928185 1.076157
0.900901 -0.540495 -0.214428 0.914954 1.084091
1.001001 -0.549736 -0.295146 0.896643 1.092377
1.101101 -0.555990 -0.374217 0.873480 1.100968
1.201201 -0.559327 -0.451280 0.845754 1.109865
1.301301 -0.559814 -0.525999 0.813738 1.119034
1.401401 -0.557493 -0.598033 0.777661 1.128361
1.501502 -0.552434 -0.667086 0.737783 1.137765
1.601602 -0.544713 -0.732878 0.694372 1.147160
1.701702 -0.534424 -0.795168 0.647706 1.156471
1.801802 -0.521728 -0.853832 0.598144 1.165764
1.901902 -0.506810 -0.908813 0.546056 1.175148
2.002002 -0.489823 -0.960032 0.491760 1.184658
2.102102 -0.470873 -1.007351 0.435517 1.194216
2.202202 -0.450050 -1.050608 0.377566 1.203693
2.302302 -0.427457 -1.089674 0.318155 1.212985
2.402402 -0.403226 -1.124506 0.257551 1.222062
2.502503 -0.377496 -1.155092 0.196019 1.230920
2.602603 -0.350406 -1.181451 0.133810 1.239563
2.702703 -0.322077 -1.203554 0.071162 1.247935
2.802803 -0.292628 -1.221393 0.008301 1.255986
2.902903 -0.262205 -1.235082 -0.054548 1.263785
3.003003 -0.230948 -1.244735 -0.117180 1.271391
3.103103 -0.198975 -1.250421 -0.179399 1.278799
3.203203 -0.166392 -1.252139 -0.241008 1.285932
3.303303 -0.133313 -1.249964 -0.301830 1.292781
3.403403 -0.099853 -1.244028 -0.361704 1.299387
3.503504 -0.066120 -1.234418 -0.420469 1.305739
3.603604 -0.032215 -1.221183 -0.477959 1.311781
3.703704 0.001763 -1.204358 -0.534003 1.317437
3.803804 0.035713 -1.183983 -0.588431 1.322627
3.903904 0.069533 -1.160080 -0.641062 1.327246
4.004004 0.103122 -1.132694 -0.691725 1.331207
4.104104 0.136376 -1.101898 -0.740261 1.334452
4.204204 0.169206 -1.067862 -0.786576 1.337035
4.304304 0.201529 -1.030785 -0.830606 1.339044
4.404404 0.233264 -0.990837 -0.872272 1.340533
4.504505 0.264341 -0.948203 -0.911525 1.341582
4.604605 0.294686 -0.903048 -0.948301 1.342240
4.704705 0.324230 -0.855526 -0.982537 1.342546
4.804805 0.352892 -0.805761 -1.014137 1.342482
4.904905 0.380580 -0.753850 -1.042973 1.341985
5.005005 0.407219 -0.699932 -1.068965 1.341051
5.105105 0.432740 -0.644157 -1.092051 1.339693
5.205205 0.457066 -0.586668 -1.112150 1.337896
5.305305 0.480125 -0.527610 -1.129191 1.335651
5.405405 0.501852 -0.467143 -1.143124 1.332970
5.505506 0.522170 -0.405420 -1.153871 1.329829
5.605606 0.541002 -0.342595 -1.161359 1.326201
5.705706 0.558306 -0.278851 -1.165586 1.322140
5.805806 0.574044 -0.214372 -1.166565 1.317709
5.905906 0.588143 -0.149328 -1.164235 1.312880
6.006006 0.600514 -0.083892 -1.158505 1.307589
6.106106 0.611068 -0.018247 -1.149288 1.301768
6.206206 0.619718 0.047410 -1.136510 1.295359
6.306306 0.626434 0.112878 -1.120204 1.288417
6.406406 0.631162 0.177944 -1.100364 1.280949
6.506507 0.633822 0.242384 -1.076935 1.272898
6.606607 0.634348 0.305966 -1.049899 1.264239
6.706707 0.632695 0.368456 -1.019276 1.254984
6.806807 0.628828 0.429614 -0.985104 1.245159
6.906907 0.622698 0.489183 -0.947406 1.234760
7.007007 0.614257 0.546894 -0.906209 1.223773
7.107107 0.603488 0.602491 -0.861598 1.212248
7.207207 0.590393 0.655721 -0.813685 1.200258
7.307307 0.574956 0.706306 -0.762564 1.187833
7.407407 0.557168 0.753957 -0.708344 1.175006
7.507508 0.537031 0.798382 -0.651159 1.161819
7.607608 0.514567 0.839300 -0.591175 1.148343
7.707708 0.489790 0.876392 -0.528554 1.134604
7.807808 0.462739 0.909365 -0.463504 1.120673
7.907908 0.433464 0.937910 -0.396251 1.106608
8.008008 0.402011 0.961682 -0.327034 1.092427
8.108108 0.368454 0.980355 -0.256133 1.078173
8.208208 0.332910 0.993673 -0.183881 1.063968
8.308308 0.295525 1.001418 -0.110647 1.049960
8.408408 0.256414 1.003224 -0.036806 1.036128
8.508509 0.215720 0.998735 0.037217 1.022444
8.608609 0.173649 0.987754 0.110950 1.009020
8.708709 0.130430 0.970091 0.183884 0.995942
8.808809 0.086309 0.945519 0.255458 0.983216
8.908909 0.041575 0.913940 0.325089 0.970926
9.009009 -0.003451 0.875305 0.392157 0.959145
9.109109 -0.048421 0.829610 0.456007 0.947913
9.209209 -0.092948 0.776892 0.515937 0.937225
9.309309 -0.136617 0.717273 0.571223 0.927060
9.409409 -0.179009 0.651122 0.621245 0.917578
9.509510 -0.219685 0.578875 0.665375 0.908890
9.609610 -0.258203 0.501050 0.703018 0.901085
9.709710 -0.294131 0.418296 0.733653 0.894277
9.809810 -0.327056 0.331351 0.756832 0.888569
9.909910 -0.356575 0.241030 0.772161 0.884010
10.010010 -0.382267 0.148193 0.779235 0.880509
10.110110 -0.403807 0.053804 0.777869 0.878086
10.210210 -0.420977 -0.041112 0.768111 0.876873
10.310310 -0.433581 -0.135527 0.750046 0.876886
10.410410 -0.441512 -0.228432 0.723919 0.878164
10.510511 -0.444725 -0.318844 0.690078 0.880710
10.610611 -0.443229 -0.405833 0.648952 0.884472
10.710711 -0.437083 -0.488513 0.601041 0.889346
10.810811 -0.426414 -0.566090 0.546929 0.895220
10.910911 -0.411411 -0.637862 0.487282 0.901982
11.011011 -0.392285 -0.703189 0.422775 0.909451
11.111111 -0.369347 -0.761632 0.354182 0.917575
11.211211 -0.342913 -0.812807 0.282264 0.926238
11.311311 -0.313313 -0.856414 0.207765 0.935295
11.411411 -0.280909 -0.892291 0.131437 0.944652
11.511512 -0.246077 -0.920383 0.054006 0.954241
11.611612 -0.209214 -0.940790 -0.023835 0.964067
11.711712 -0.170683 -0.953594 -0.101438 0.974045
11.811812 -0.130824 -0.958852 -0.178196 0.984006
11.911912 -0.089974 -0.956672 -0.253528 0.993777
12.012012 -0.048471 -0.947319 -0.326919 1.003314
12.112112 -0.006640 -0.931082 -0.397889 1.012558
12.212212 0.035215 -0.908273 -0.466007 1.021452
12.312312 0.076805 -0.879273 -0.530903 1.029990
12.412412 0.117858 -0.844414 -0.592213 1.038096
12.512513 0.158109 -0.804013 -0.649585 1.045655
12.612613 0.197301 -0.758372 -0.702669 1.052521
12.712713 0.235196 -0.707861 -0.751185 1.058614
12.812813 0.271565 -0.652855 -0.794868 1.063853
12.912913 0.306188 -0.593741 -0.833484 1.068164
13.013013 0.338898 -0.530988 -0.866919 1.071610
13.113113 0.369524 -0.465041 -0.895058 1.074216
13.213213 0.397870 -0.396289 -0.917702 1.075883
13.313313 0.423754 -0.325145 -0.934694 1.076540
13.413413 0.447031 -0.252055 -0.945958 1.076199
13.513514 0.467570 -0.177475 -0.951452 1.074886
13.613614 0.485209 -0.101847 -0.951070 1.072537
13.713714 0.499800 -0.025628 -0.944733 1.069101
13.813814 0.511196 0.050704 -0.932380 1.064530
13.913914 0.519305 0.126667 -0.914052 1.058873
14.014014 0.524111 0.201778 -0.889929 1.052322
14.114114 0.525556 0.275549 -0.860119 1.044960
14.214214 0.523580 0.347481 -0.824732 1.036852
14.314314 0.518145 0.417071 -0.783915 1.028079
14.414414 0.509173 0.483767 -0.737770 1.018623
14.514515 0.496605 0.546996 -0.686434 1.008470
14.614615 0.480400 0.606170 -0.630094 0.997620
14.714715 0.460541 0.660682 -0.568984 0.986074
14.814815 0.437019 0.709883 -0.503372 0.973808
14.914915 0.409867 0.753132 -0.433605 0.960839
15.015015 0.379189 0.789842 -0.360134 0.947275
15.115115 0.345076 0.819326 -0.283430 0.933115
15.215215 0.307699 0.840993 -0.204077 0.918474
15.315315 0.267255 0.854185 -0.122728 0.903393
15.415415 0.223976 0.858224 -0.040119 0.887876
15.515516 0.178210 0.852620 0.042885 0.872101
15.615616 0.130344 0.836811 0.125315 0.856122
15.715716 0.080853 0.810381 0.206098 0.840078
15.815816 0.030311 0.773069 0.284051 0.824160
15.915916 -0.020631 0.724679 0.357868 0.808489
16.016016 -0.071224 0.665299 0.426191 0.793306
16.116116 -0.120639 0.595294 0.487631 0.778918
16.216216 -0.167956 0.515170 0.540694 0.765480
16.316316 -0.212213 0.425810 0.583972 0.753241
16.416416 -0.252455 0.328515 0.616255 0.742580
16.516517 -0.287711 0.224837 0.636414 0.733725
16.616617 -0.317077 0.116640 0.643581 0.726869
16.716717 -0.339777 0.006065 0.637249 0.722199
16.816817 -0.355157 -0.104570 0.617221 0.719745
16.916917 -0.362773 -0.212860 0.583725 0.719478
17.017017 -0.362420 -0.316417 0.537434 0.721321
17.117117 -0.354125 -0.412986 0.479388 0.725103
17.217217 -0.338210 -0.500623 0.411047 0.730732
17.317317 -0.315205 -0.577713 0.334111 0.738063
17.417417 -0.285755 -0.642938 0.250368 0.746799
17.517518 -0.250676 -0.695445 0.161715 0.756726
17.617618 -0.210889 -0.734831 0.070052 0.767696
17.717718 -0.167341 -0.761043 -0.022830 0.779558
17.817818 -0.120935 -0.774152 -0.115275 0.791975
17.917918 -0.072537 -0.774372 -0.205762 0.804520
18.018018 -0.023000 -0.762182 -0.292908 0.816851
18.118118 0.026870 -0.738317 -0.375529 0.828767
18.218218 0.076331 -0.703813 -0.452700 0.840307
18.318318 0.124733 -0.659757 -0.523683 0.851517
18.418418 0.171486 -0.607128 -0.587809 0.862283
18.518519 0.216046 -0.546849 -0.644468 0.872387
18.618619 0.257921 -0.479863 -0.693157 0.881622
18.718719 0.296674 -0.407146 -0.733490 0.889826
18.818819 0.331926 -0.329691 -0.765196 0.896882
18.918919 0.363351 -0.248494 -0.788106 0.902709
19.019019 0.390660 -0.164540 -0.802114 0.907235
19.119119 0.413610 -0.078803 -0.807196 0.910411
19.219219 0.432042 0.007746 -0.803480 0.912304
19.319319 0.445780 0.094160 -0.791059 0.912885
19.419419 0.454663 0.179500 -0.770044 0.912089
19.519520 0.458576 0.262828 -0.740632 0.909893
19.619620 0.457447 0.343219 -0.703099 0.906314
19.719720 0.451280 0.419782 -0.657841 0.901457
19.819820 0.440101 0.491634 -0.605302 0.895423
19.919920 0.423962 0.557893 -0.545963 0.888293
20.020020 0.402899 0.617614 -0.480307 0.880039
20.120120 0.377048 0.669943 -0.408969 0.870772
20.220220 0.346609 0.714053 -0.332682 0.860632
20.320320 0.311769 0.749027 -0.252202 0.849616
20.420420 0.272786 0.773967 -0.168407 0.837734
20.520521 0.230019 0.788080 -0.082314 0.825079
20.620621 0.183943 0.790753 0.004916 0.811880
20.720721 0.135102 0.781399 0.092010 0.798313
20.820821 0.084126 0.759498 0.177565 0.784502
20.920921 0.031758 0.724731 0.260048 0.770628
21.021021 -0.021141 0.676991 0.337807 0.756887
21.121121 -0.073599 0.616398 0.409077 0.743443
21.221221 -0.124559 0.543581 0.472164 0.730708
21.321321 -0.172912 0.459592 0.525458 0.719187
21.421421 -0.217474 0.365684 0.567301 0.709119
21.521522 -0.257025 0.263474 0.596130 0.700608
21.621622 -0.290436 0.155061 0.610756 0.693844
21.721722 -0.316692 0.042914 0.610374 0.688979
21.821822 -0.334976 -0.070248 0.594654 0.686117
21.921922 -0.344735 -0.181558 0.563831 0.685354
22.022022 -0.345649 -0.288151 0.518567 0.686597
22.122122 -0.337734 -0.387333 0.460078 0.689756
22.222222 -0.321373 -0.476786 0.390105 0.694828
22.322322 -0.297239 -0.554662 0.310714 0.701815
22.422422 -0.266171 -0.619550 0.224097 0.710569
22.522523 -0.229055 -0.670295 0.132417 0.720622
22.622623 -0.186867 -0.706134 0.037834 0.731420
22.722723 -0.140704 -0.726875 -0.057521 0.742599
22.822823 -0.091681 -0.732737 -0.151662 0.753864
22.922923 -0.040892 -0.724343 -0.242818 0.765053
23.023023 0.010635 -0.702491 -0.329421 0.775967
23.123123 0.061945 -0.667975 -0.410039 0.786232
23.223223 0.112136 -0.621691 -0.483383 0.795445
23.323323 0.160378 -0.564743 -0.548385 0.803356
23.423423 0.205897 -0.498329 -0.604131 0.809753
23.523524 0.248005 -0.423742 -0.649906 0.814520
23.623624 0.286147 -0.342448 -0.685318 0.817809
23.723724 0.319806 -0.255858 -0.710025 0.819679
23.823824 0.348533 -0.165379 -0.723806 0.820195
23.923924 0.371972 -0.072447 -0.726630 0.819513
24.024024 0.389845 0.021518 -0.718602 0.817821
24.124124 0.401846 0.115100 -0.699778 0.815118
24.224224 0.407645 0.206850 -0.670178 0.811234
24.324324 0.407015 0.295283 -0.630034 0.806100
24.424424 0.399867 0.378935 -0.579822 0.799799
24.524525 0.386251 0.456404 -0.520255 0.792565
24.624625 0.366241 0.526257 -0.452102 0.784522
24.724725 0.339959 0.587032 -0.376235 0.775714
24.824825 0.307678 0.637383 -0.293759 0.766301
24.924925 0.269816 0.676096 -0.205987 0.756530
25.025025 0.226852 0.701929 -0.114363 0.746489
25.125125 0.179389 0.713732 -0.020519 0.736217
25.225225 0.128194 0.710537 0.073686 0.725759
25.325325 0.074214 0.691714 0.166207 0.715263
25.425425 0.018579 0.657144 0.254879 0.705086
25.525526 -0.037457 0.607071 0.337468 0.695574
25.625626 -0.092533 0.542104 0.411700 0.686976
25.725726 -0.145181 0.463210 0.475262 0.679350
25.825826 -0.193901 0.371943 0.526034 0.672793
25.925926 -0.237273 0.270529 0.562348 0.667623
26.026026 -0.273889 0.161526 0.582701 0.663813
26.126126 -0.302463 0.047860 0.585978 0.661169
26.226226 -0.322034 -0.067162 0.571845 0.659714
26.326326 -0.332044 -0.180140 0.540753 0.659634
26.426426 -0.332287 -0.287765 0.493781 0.661093
26.526527 -0.322815 -0.386925 0.432396 0.663993
26.626627 -0.304003 -0.474838 0.358522 0.668152
26.726727 -0.276510 -0.549137 0.274435 0.673293
26.826827 -0.241260 -0.607978 0.182672 0.679126
26.926927 -0.199464 -0.650275 0.085976 0.685591
27.027027 -0.152431 -0.675413 -0.012944 0.692521
27.127127 -0.101482 -0.683109 -0.111487 0.699546
27.227227 -0.048008 -0.673655 -0.207192 0.706430
27.327327 0.006614 -0.647796 -0.297810 0.713003
27.427427 0.061057 -0.606622 -0.381345 0.719126
27.527528 0.114072 -0.551522 -0.456078 0.724704
27.627628 0.164505 -0.484076 -0.520546 0.729629
27.727728 0.211301 -0.406029 -0.573551 0.733804
27.827828 0.253548 -0.319315 -0.614241 0.737252
27.927928 0.290394 -0.225879 -0.641883 0.739841
28.028028 0.321012 -0.127669 -0.655790 0.741221
28.128128 0.344740 -0.026776 -0.655646 0.741238
28.228228 0.361116 0.074634 -0.641542 0.739967
28.328328 0.369832 0.174409 -0.613854 0.737571
28.428428 0.370656 0.270405 -0.573091 0.734123
28.528529 0.363397 0.360443 -0.519858 0.729540
28.628629 0.348017 0.442363 -0.455034 0.723779
28.728729 0.324761 0.514219 -0.379937 0.717108
28.828829 0.294084 0.574257 -0.296188 0.709918
28.928929 0.256538 0.620806 -0.205554 0.702470
29.029029 0.212830 0.652351 -0.110022 0.694955
29.129129 0.163848 0.667621 -0.011813 0.687534
29.229229 0.110687 0.665721 0.086635 0.680398
29.329329 0.054637 0.646245 0.182733 0.673802
29.429429 -0.002855 0.609305 0.273828 0.668014
29.529530 -0.060232 0.555542 0.357297 0.663262
29.629630 -0.115879 0.486163 0.430650 0.659729
29.729730 -0.168193 0.402971 0.491694 0.657600
29.829830 -0.215633 0.308227 0.538545 0.656911
29.929930 -0.256788 0.204584 0.569735 0.657566
30.030030 -0.290526 0.095091 0.584497 0.659609
30.130130 -0.316065 -0.017037 0.582784 0.663193
30.230230 -0.332925 -0.128653 0.565088 0.668368
30.330330 -0.340894 -0.236791 0.532319 0.675013
30.430430 -0.340104 -0.338812 0.485887 0.683045
30.530531 -0.330863 -0.432368 0.427401 0.692159
30.630631 -0.313646 -0.515463 0.358630 0.701920
30.730731 -0.289249 -0.586724 0.281664 0.712211
30.830831 -0.258604 -0.645272 0.198632 0.722984
30.930931 -0.222707 -0.690670 0.111584 0.734217
31.031031 -0.182584 -0.722914 0.022441 0.745953
31.131131 -0.139258 -0.742418 -0.067071 0.758338
31.231231 -0.093651 -0.749652 -0.155437 0.771304
31.331331 -0.046591 -0.745114 -0.241327 0.784605
31.431431 0.001142 -0.729477 -0.323584 0.798025
31.531532 0.048838 -0.703453 -0.401194 0.811288
31.631632 0.095850 -0.667900 -0.473328 0.824207
31.731732 0.141615 -0.623813 -0.539373 0.836732
31.831832 0.185651 -0.572222 -0.598882 0.848861
31.931932 0.227550 -0.514130 -0.651535 0.860585
32.032032 0.266963 -0.450495 -0.697102 0.871876
32.132132 0.303573 -0.382198 -0.735381 0.882619
32.232232 0.337113 -0.310094 -0.766248 0.892715
32.332332 0.367381 -0.235033 -0.789700 0.902128
32.432432 0.394182 -0.157807 -0.805724 0.910755
32.532533 0.417342 -0.079171 -0.814328 0.918462
32.632633 0.436738 0.000134 -0.815605 0.925176
32.732733 0.452243 0.079391 -0.809637 0.930774
32.832833 0.463796 0.157914 -0.796613 0.935219
32.932933 0.471360 0.235034 -0.776756 0.938494
33.033033 0.474910 0.310111 -0.750301 0.940563
33.133133 0.474438 0.382519 -0.717513 0.941402
33.233233 0.469888 0.451594 -0.678577 0.940850
33.333333 0.461229 0.516675 -0.633727 0.938773
33.433433 0.448470 0.577116 -0.583263 0.935084
33.533534 0.431648 0.632283 -0.527537 0.929729
33.633634 0.410852 0.681579 -0.466975 0.922722
33.733734 0.386136 0.724314 -0.401982 0.913959
33.833834 0.357544 0.759722 -0.332980 0.903266
33.933934 0.325205 0.787104 -0.260517 0.890595
34.034034 0.289336 0.805876 -0.185255 0.876054
34.134134 0.250202 0.815476 -0.107938 0.859798
34.234234 0.208098 0.815301 -0.029380 0.841952
34.334334 0.163367 0.804714 0.049495 0.822620
34.434434 0.116413 0.783015 0.127627 0.801844
34.534535 0.067725 0.749417 0.203752 0.779569
34.634635 0.017940 0.703268 0.276396 0.755845
34.734735 -0.032133 0.644176 0.343875 0.730921
34.834835 -0.081500 0.571912 0.404231 0.705073
34.934935 -0.128938 0.486528 0.455202 0.678634
35.035035 -0.172963 0.388548 0.494247 0.652047
35.135135 -0.211792 0.279132 0.518550 0.625832
35.235235 -0.243321 0.160311 0.525075 0.600507
35.335335 -0.265270 0.035367 0.511010 0.576845
35.435435 -0.275453 -0.090974 0.474354 0.556024
35.535536 -0.272081 -0.212680 0.414427 0.539454
35.635636 -0.254211 -0.322920 0.332475 0.528621
35.735736 -0.222025 -0.414850 0.231853 0.524549
35.835836 -0.176978 -0.482662 0.117840 0.527418
35.935936 -0.121820 -0.522878 -0.002897 0.536889
36.036036 -0.060079 -0.534897 -0.123502 0.552248
36.136136 0.004636 -0.520686 -0.238104 0.572563
36.236236 0.069171 -0.483702 -0.342333 0.596611
36.336336 0.131061 -0.428039 -0.433392 0.623075
36.436436 0.188546 -0.357930 -0.509859 0.650860
36.536537 0.240499 -0.277287 -0.571352 0.679096
36.636637 0.286295 -0.189539 -0.618214 0.707162
36.736737 0.325670 -0.097544 -0.651215 0.734613
36.836837 0.358573 -0.003630 -0.671280 0.761055
36.936937 0.385036 0.090325 -0.679302 0.786043
37.037037 0.405243 0.182789 -0.676296 0.809327
37.137137 0.419412 0.272496 -0.663227 0.830681
37.237237 0.427799 0.358418 -0.641030 0.849938
37.337337 0.430721 0.439726 -0.610656 0.867053
37.437437 0.428449 0.515697 -0.572937 0.881912
37.537538 0.421234 0.585676 -0.528625 0.894371
37.637638 0.409350 0.649124 -0.478470 0.904358
37.737738 0.393102 0.705609 -0.423234 0.911888
37.837838 0.372765 0.754708 -0.363617 0.916927
37.937938 0.348611 0.796028 -0.300298 0.919440
38.038038 0.320905 0.829181 -0.233946 0.919375
38.138138 0.289900 0.853743 -0.165216 0.916633
38.238238 0.255876 0.869345 -0.094796 0.911163
38.338338 0.219141 0.875656 -0.023408 0.902964
38.438438 0.180003 0.872261 0.048191 0.891943
38.538539 0.138799 0.858730 0.119182 0.878002
38.638639 0.095928 0.834720 0.188669 0.861137
38.738739 0.051836 0.799821 0.255639 0.841280
38.838839 0.007046 0.753701 0.318966 0.818446
38.938939 -0.037816 0.696291 0.377454 0.792920
39.039039 -0.082019 0.627489 0.429690 0.764921
39.139139 -0.124679 0.547247 0.474004 0.734646
39.239239 -0.164710 0.455736 0.508441 0.702380
39.339339 -0.200765 0.353448 0.530704 0.668490
39.439439 -0.231183 0.241449 0.538160 0.633529
39.539540 -0.253995 0.121707 0.527999 0.598422
39.639640 -0.266886 -0.002564 0.497315 0.564408
39.739740 -0.267218 -0.126466 0.443335 0.532865
39.839840 -0.252490 -0.242976 0.364487 0.505608
39.939940 -0.221192 -0.343287 0.261833 0.485106
40.040040 -0.173630 -0.418107 0.140034 0.473889
40.140140 -0.112361 -0.459715 0.007271 0.473303
40.240240 -0.042119 -0.464591 -0.126064 0.483230
40.340340 0.031341 -0.434503 -0.250000 0.502270
40.440440 0.102774 -0.375199 -0.357279 0.528191
40.540541 0.168341 -0.294133 -0.444010 0.558568
40.640641 0.225739 -0.198609 -0.509116 0.591272
40.740741 0.273895 -0.094857 -0.553333 0.624655
40.840841 0.312476 0.012256 -0.578188 0.657338
40.940941 0.341593 0.119017 -0.585523 0.688251
41.041041 0.361712 0.222652 -0.577429 0.716822
41.141141 0.373477 0.321140 -0.556004 0.742803
41.241241 0.377574 0.413019 -0.523167 0.766062
41.341341 0.374641 0.497183 -0.480602 0.786464
41.441441 0.365266 0.572768 -0.429785 0.803864
41.541542 0.350015 0.639104 -0.372071 0.818169
41.641642 0.329429 0.695656 -0.308703 0.829312
41.741742 0.304024 0.741983 -0.240842 0.837242
41.841842 0.274258 0.777608 -0.169552 0.841808
41.941942 0.240607 0.802154 -0.095888 0.842934
42.042042 0.203586 0.815387 -0.020915 0.840678
42.142142 0.163678 0.816957 0.054310 0.834960
42.242242 0.121387 0.806502 0.128687 0.825676
42.342342 0.077266 0.783699 0.201040 0.812755
42.442442 0.031927 0.748252 0.270096 0.796148
42.542543 -0.013926 0.699932 0.334441 0.775854
42.642643 -0.059483 0.638599 0.392497 0.751932
42.742743 -0.103786 0.564291 0.442494 0.724567
42.842843 -0.145683 0.477211 0.482369 0.693998
42.942943 -0.183768 0.377897 0.509734 0.660610
43.043043 -0.216260 0.267328 0.521693 0.624817
43.143143 -0.240933 0.147334 0.514896 0.587260
43.243243 -0.255076 0.021170 0.485716 0.549029
43.343343 -0.255455 -0.105818 0.430465 0.511620
43.443443 -0.238833 -0.225413 0.346720 0.477564
43.543544 -0.202963 -0.326441 0.235211 0.450646
43.643644 -0.147825 -0.396026 0.101569 0.434747
43.743744 -0.077081 -0.423460 -0.042643 0.432525
43.843844 0.001996 -0.405148 -0.182261 0.444261
43.943944 0.080998 -0.346192 -0.303827 0.467676
44.044044 0.153179 -0.257232 -0.399433 0.499178
44.144144 0.214715 -0.149934 -0.467077 0.535485
44.244244 0.264195 -0.033988 -0.508395 0.573951
44.344344 0.301635 0.083645 -0.526483 0.612507
44.444444 0.327809 0.198228 -0.524875 0.649805
44.544545 0.343739 0.306651 -0.506847 0.684898
44.644645 0.350538 0.406946 -0.475351 0.717245
44.744745 0.349388 0.498018 -0.433071 0.746756
44.844845 0.341306 0.579192 -0.382207 0.773328
44.944945 0.327137 0.650014 -0.324536 0.796782
45.045045 0.307668 0.710273 -0.261622 0.817064
45.145145 0.283606 0.759890 -0.194818 0.834158
45.245245 0.255575 0.798819 -0.125311 0.848017
45.345345 0.224108 0.826948 -0.054148 0.858486
45.445445 0.189719 0.844220 0.017690 0.865455
45.545546 0.152909 0.850630 0.089260 0.868861
45.645646 0.114187 0.846284 0.159665 0.868751
45.745746 0.074050 0.831285 0.228016 0.865165
45.845846 0.032994 0.805714 0.293426 0.858116
45.945946 -0.008464 0.769720 0.354992 0.847679
46.046046 -0.049778 0.723329 0.411708 0.833778
46.146146 -0.090347 0.666576 0.462468 0.816310
46.246246 -0.129500 0.599637 0.506093 0.795277
46.346346 -0.166456 0.522733 0.541225 0.770637
46.446446 -0.200295 0.436211 0.566297 0.742354
46.546547 -0.229939 0.340710 0.579578 0.710539
46.646647 -0.254066 0.237192 0.579021 0.675333
46.746747 -0.271003 0.127136 0.562157 0.636888
46.846847 -0.278724 0.012946 0.526257 0.595652
46.946947 -0.274852 -0.101554 0.468571 0.552644
47.047047 -0.256638 -0.210449 0.386568 0.509497
47.147147 -0.221215 -0.304804 0.278833 0.468603
47.247247 -0.166682 -0.372230 0.147273 0.433621
47.347347 -0.094068 -0.398443 0.000107 0.409397
47.447447 -0.009423 -0.372611 -0.146596 0.400523
47.547548 0.076488 -0.294809 -0.272761 0.408853
47.647648 0.152487 -0.177906 -0.363185 0.432211
47.747748 0.211475 -0.040504 -0.412805 0.465586
47.847848 0.251264 0.101037 -0.424744 0.503735
47.947948 0.272854 0.235552 -0.405792 0.542772
48.048048 0.278595 0.356575 -0.363183 0.580226
48.148148 0.271141 0.460829 -0.303321 0.614723
48.248248 0.252998 0.546993 -0.231469 0.645591
48.348348 0.226413 0.614947 -0.151872 0.672672
48.448448 0.193243 0.665024 -0.067856 0.695847
48.548549 0.155059 0.697838 0.017917 0.715082
48.648649 0.113218 0.714147 0.103246 0.730400
48.748749 0.068880 0.714604 0.186254 0.741684
48.848849 0.023107 0.700005 0.265308 0.748952
48.948949 -0.023114 0.671211 0.338943 0.752290
49.049049 -0.068851 0.629067 0.405793 0.751754
49.149149 -0.113191 0.574420 0.464521 0.747362
49.249249 -0.155199 0.508124 0.513763 0.739074
49.349349 -0.193888 0.431109 0.552082 0.726802
49.449449 -0.228194 0.344475 0.577977 0.710487
49.549550 -0.256945 0.249579 0.589856 0.690102
49.649650 -0.278804 0.148114 0.585970 0.665605
49.749750 -0.292321 0.042340 0.564604 0.637198
49.849850 -0.295927 -0.064728 0.524158 0.605395
49.949950 -0.287805 -0.169054 0.463018 0.570786
50.050050 -0.265889 -0.265039 0.379789 0.534025
50.150150 -0.228229 -0.345013 0.274214 0.496302
50.250250 -0.173705 -0.399032 0.148579 0.459865
50.350350 -0.103140 -0.415473 0.009545 0.428190
50.450450 -0.020970 -0.383914 -0.130012 0.405873
50.550551 0.063770 -0.300825 -0.251660 0.397360
50.650651 0.139347 -0.174784 -0.337269 0.404620
50.750751 0.196134 -0.024726 -0.377201 0.425864
50.850851 0.230172 0.128735 -0.373147 0.456936
50.950951 0.242529 0.270495 -0.333758 0.493338
51.051051 0.236685 0.392273 -0.269181 0.531372
51.151151 0.216639 0.490737 -0.188353 0.568535
51.251251 0.185941 0.565217 -0.098201 0.603066
51.351351 0.147532 0.616356 -0.003931 0.633779
51.451451 0.103912 0.645828 0.090521 0.660368
51.551552 0.057119 0.655598 0.182219 0.682844
51.651652 0.008763 0.647378 0.268908 0.701061
51.751752 -0.039803 0.622772 0.348767 0.714890
51.851852 -0.087408 0.583369 0.420312 0.724308
51.951952 -0.133013 0.530761 0.482304 0.729395
52.052052 -0.175682 0.466538 0.533693 0.730308
52.152152 -0.214540 0.392289 0.573546 0.727236
52.252252 -0.248725 0.309581 0.600946 0.720307
52.352352 -0.277334 0.220021 0.614912 0.709535
52.452452 -0.299431 0.125377 0.614475 0.694952
52.552553 -0.314109 0.027708 0.598848 0.676795
52.652653 -0.320388 -0.070609 0.567250 0.655291
52.752753 -0.317182 -0.166731 0.518905 0.630608
52.852853 -0.303412 -0.257181 0.453331 0.603083
52.952953 -0.278027 -0.337632 0.370469 0.573186
53.053053 -0.240204 -0.402789 0.271120 0.541704
53.153153 -0.189711 -0.446435 0.157584 0.510026
53.253253 -0.127214 -0.461410 0.034265 0.479851
53.353353 -0.055078 -0.440750 -0.091355 0.453475
53.453453 0.021881 -0.379848 -0.208249 0.433741
53.553554 0.096344 -0.279149 -0.302943 0.423061
53.653654 0.159699 -0.146701 -0.362905 0.422759
53.753754 0.204711 0.002643 -0.381159 0.432661
53.853854 0.227967 0.151953 -0.358798 0.451436
53.953954 0.230095 0.287453 -0.303063 0.476886
54.054054 0.214160 0.400635 -0.223428 0.506254
54.154154 0.184120 0.487642 -0.128984 0.536966
54.254254 0.143947 0.548016 -0.027351 0.567266
54.354354 0.097140 0.583310 0.075619 0.596159
54.454454 0.046503 0.595735 0.175666 0.622833
54.554555 -0.005738 0.587799 0.269735 0.646760
54.654655 -0.057806 0.562077 0.355644 0.667648
54.754755 -0.108292 0.521012 0.431838 0.685321
54.854855 -0.156060 0.466927 0.497218 0.699715
54.954955 -0.200167 0.401948 0.550958 0.710763
55.055055 -0.239820 0.328081 0.592466 0.718448
55.155155 -0.274304 0.247205 0.621231 0.722690
55.255255 -0.303013 0.161173 0.636938 0.723522
55.355355 -0.325411 0.071841 0.639404 0.721035
55.455455 -0.340898 -0.018954 0.628318 0.715090
55.555556 -0.348884 -0.109272 0.603434 0.705545
55.655656 -0.348809 -0.196997 0.564636 0.692307
55.755756 -0.340056 -0.279743 0.511827 0.675175
55.855856 -0.322105 -0.354840 0.445208 0.654120
55.955956 -0.294557 -0.419263 0.365371 0.629318
56.056056 -0.257132 -0.469499 0.273338 0.601049
56.156156 -0.209734 -0.501335 0.170788 0.569643
56.256256 -0.152650 -0.509729 0.060477 0.535521
56.356356 -0.087045 -0.489188 -0.052997 0.499691
56.456456 -0.015522 -0.434277 -0.162378 0.463901
56.556557 0.057093 -0.341068 -0.256923 0.430810
56.656657 0.123101 -0.210625 -0.322720 0.404555
56.756757 0.172622 -0.052906 -0.345707 0.390013
56.856857 0.196702 0.112273 -0.317891 0.390323
56.956957 0.191948 0.261173 -0.243399 0.405337
57.057057 0.162003 0.376283 -0.136748 0.431896
57.157157 0.114407 0.451067 -0.014902 0.465588
57.257257 0.056844 0.487346 0.108590 0.502523
57.357357 -0.004694 0.490697 0.224997 0.539841
57.457457 -0.066064 0.467408 0.329351 0.575593
57.557558 -0.124552 0.423303 0.419148 0.608592
57.657658 -0.178413 0.363359 0.493326 0.638147
57.757758 -0.226550 0.291712 0.551656 0.663886
57.857858 -0.268283 0.211819 0.594393 0.685672
57.957958 -0.303164 0.126530 0.621954 0.703381
58.058058 -0.330890 0.038282 0.634848 0.716928
58.158158 -0.351303 -0.050784 0.633724 0.726360
58.258258 -0.364332 -0.138747 0.619296 0.731789
58.358358 -0.369911 -0.223834 0.592222 0.733255
58.458458 -0.368009 -0.304350 0.553190 0.730807
58.558559 -0.358598 -0.378605 0.502891 0.724454
58.658659 -0.341655 -0.444853 0.442056 0.714167
58.758759 -0.317192 -0.501242 0.371520 0.699915
58.858859 -0.285283 -0.545787 0.292296 0.681694
58.958959 -0.246075 -0.576264 0.205640 0.659485
59.059059 -0.199818 -0.590096 0.113154 0.633201
59.159159 -0.147078 -0.584600 0.017078 0.603060
59.259259 -0.088830 -0.556881 -0.079494 0.569497
59.359359 -0.026652 -0.503878 -0.172262 0.533177
59.459459 0.036852 -0.423042 -0.255243 0.495451
59.559560 0.097570 -0.312966 -0.320136 0.458208
59.659660 0.149337 -0.175441 -0.356216 0.424230
59.759760 0.183964 -0.018745 -0.351837 0.397471
59.859860 0.192993 0.139842 -0.298816 0.382221
59.959960 0.171834 0.276201 -0.199212 0.381444
60.060060 0.123570 0.369183 -0.068099 0.395225
60.160160 0.057655 0.410235 0.073096 0.420666
60.260260 -0.015269 0.403398 0.206278 0.453337
60.360360 -0.087008 0.358932 0.320666 0.489110
60.460460 -0.152462 0.287762 0.411547 0.524807
60.560561 -0.208913 0.199281 0.477986 0.558415
60.660661 -0.255164 0.100927 0.521025 0.588865
60.760761 -0.290808 -0.001683 0.542380 0.615426
60.860861 -0.315891 -0.104258 0.544025 0.637668
60.960961 -0.330672 -0.203431 0.527929 0.655315
61.061061 -0.335452 -0.296432 0.495875 0.668051
61.161161 -0.330673 -0.380963 0.449699 0.675801
61.261261 -0.316848 -0.455036 0.391239 0.678615
61.361361 -0.294394 -0.516660 0.322148 0.676302
61.461461 -0.263760 -0.563860 0.244134 0.668662
61.561562 -0.225499 -0.594668 0.159101 0.655586
61.661662 -0.180313 -0.607100 0.069234 0.637084
61.761762 -0.129154 -0.599251 -0.022854 0.613437
61.861862 -0.073236 -0.569008 -0.113961 0.584910
61.961962 -0.014245 -0.514239 -0.200000 0.551946
62.062062 0.045351 -0.433256 -0.275616 0.515491
62.162162 0.101901 -0.325116 -0.333579 0.476822
62.262262 0.149987 -0.191123 -0.364339 0.437912
62.362362 0.182070 -0.037751 -0.356675 0.402233
62.462462 0.189280 0.119806 -0.300710 0.374976
62.562563 0.164978 0.256647 -0.195023 0.362104
62.662663 0.110421 0.346179 -0.053678 0.367306
62.762763 0.036227 0.374941 0.097563 0.389116
62.862863 -0.043749 0.348067 0.235086 0.422291
62.962963 -0.119011 0.280549 0.345895 0.460993
63.063063 -0.183924 0.187759 0.426238 0.500760
63.163163 -0.236309 0.081800 0.477382 0.538913
63.263263 -0.275856 -0.028790 0.502510 0.573970
63.363363 -0.303102 -0.138190 0.505187 0.605130
63.463463 -0.318828 -0.242374 0.488647 0.631801
63.563564 -0.323922 -0.338493 0.455805 0.653652
63.663664 -0.319340 -0.424498 0.409350 0.670629
63.763764 -0.306000 -0.498842 0.351674 0.682755
63.863864 -0.284719 -0.560205 0.284889 0.689968
63.963964 -0.256315 -0.607516 0.210993 0.692308
64.064064 -0.221616 -0.639843 0.131943 0.689870
64.164164 -0.181409 -0.656186 0.049651 0.682608
64.264264 -0.136537 -0.655528 -0.033865 0.670452
64.364364 -0.087935 -0.636778 -0.116373 0.653270
64.464464 -0.036732 -0.598855 -0.195289 0.630963
64.564565 0.015645 -0.540816 -0.267534 0.603573
64.664665 0.067328 -0.461803 -0.329242 0.571135
64.764765 0.115787 -0.361509 -0.375550 0.533979
64.864865 0.157576 -0.241024 -0.400503 0.493280
64.964965 0.187864 -0.103637 -0.396529 0.450853
65.065065 0.200128 0.042904 -0.354858 0.409653
65.165165 0.186936 0.183038 -0.268469 0.374865
65.265265 0.142716 0.291605 -0.138042 0.352785
65.365365 0.070106 0.341333 0.019480 0.349002
65.465465 -0.017128 0.320324 0.173143 0.364526
65.565566 -0.101716 0.240228 0.295827 0.394422
65.665666 -0.172008 0.124630 0.376167 0.431996
65.765766 -0.223554 -0.005335 0.415165 0.471558
65.865866 -0.256268 -0.135264 0.419008 0.509449
65.965966 -0.271851 -0.256371 0.394744 0.543555
66.066066 -0.272566 -0.363593 0.348830 0.572865
66.166166 -0.260651 -0.454031 0.286726 0.596905
66.266266 -0.238104 -0.525979 0.212911 0.615369
66.366366 -0.206739 -0.578447 0.131214 0.628139
66.466466 -0.168212 -0.610845 0.044982 0.635178
66.566567 -0.124090 -0.622861 -0.042716 0.636537
66.666667 -0.075897 -0.614319 -0.128958 0.632280
66.766767 -0.025192 -0.585184 -0.210818 0.622510
66.866867 0.026353 -0.535526 -0.285202 0.607308
66.966967 0.076845 -0.465652 -0.348712 0.586803
67.067067 0.124041 -0.376310 -0.397487 0.561241
67.167167 0.165144 -0.268909 -0.426924 0.530895
67.267267 0.196634 -0.146255 -0.431687 0.496396
67.367367 0.214093 -0.013631 -0.405853 0.459062
67.467467 0.212223 0.119650 -0.343629 0.421231
67.567568 0.185548 0.238156 -0.241588 0.386667
67.667668 0.131080 0.320001 -0.103797 0.361049
67.767768 0.052931 0.342957 0.052273 0.350933
67.867868 -0.035637 0.298104 0.197918 0.359593
67.967968 -0.118004 0.198069 0.307668 0.384468
68.068068 -0.182929 0.067373 0.371332 0.419392
68.168168 -0.226767 -0.071870 0.391845 0.458401
68.268268 -0.250615 -0.205235 0.377617 0.497518
68.368368 -0.257382 -0.324885 0.337531 0.534530
68.468468 -0.250086 -0.426928 0.278937 0.567993
68.568569 -0.231443 -0.509701 0.207644 0.597057
68.668669 -0.203901 -0.572936 0.128341 0.621532
68.768769 -0.169512 -0.616952 0.044719 0.641376
68.868869 -0.130042 -0.642481 -0.040246 0.656744
68.968969 -0.086991 -0.650255 -0.124075 0.667678
69.069069 -0.041655 -0.640830 -0.204592 0.673985
69.169169 0.004731 -0.614957 -0.279822 0.675644
69.269269 0.050976 -0.573601 -0.347967 0.672828
69.369369 0.095893 -0.517675 -0.407210 0.665585
69.469469 0.138249 -0.448134 -0.455672 0.653892
69.569570 0.176706 -0.366135 -0.491362 0.637744
69.669670 0.209771 -0.273120 -0.512127 0.617149
69.769770 0.235748 -0.171036 -0.515657 0.592227
69.869870 0.252586 -0.062506 -0.499281 0.563017
69.969970 0.257968 0.048663 -0.460344 0.529935
70.070070 0.249324 0.156929 -0.396492 0.493958
70.170170 0.223816 0.254215 -0.305982 0.456447
70.270270 0.178934 0.328949 -0.189227 0.419562
70.370370 0.114095 0.366148 -0.051741 0.386987
70.470470 0.033177 0.350225 0.092367 0.363717
70.570571 -0.053155 0.272999 0.219573 0.354353
70.670671 -0.129341 0.143977 0.305005 0.361230
70.770771 -0.182517 -0.011343 0.335874 0.382430
70.870871 -0.208182 -0.165740 0.315772 0.412943
70.970971 -0.208916 -0.300920 0.257574 0.447820
71.071071 -0.189982 -0.408211 0.174934 0.483044
71.171171 -0.156801 -0.485243 0.079019 0.516034
71.271271 -0.114091 -0.533063 -0.021819 0.545572
71.371371 -0.065562 -0.553893 -0.121632 0.570868
71.471471 -0.014123 -0.550331 -0.216132 0.591419
71.571572 0.037880 -0.525193 -0.302177 0.607102
71.671672 0.088510 -0.481124 -0.377316 0.617804
71.771772 0.136086 -0.420550 -0.439478 0.623316
71.871872 0.179114 -0.345997 -0.486985 0.623658
71.971972 0.216162 -0.259993 -0.518277 0.618816
72.072072 0.245783 -0.165151 -0.531806 0.608689
72.172172 0.266460 -0.064413 -0.526032 0.593177
72.272272 0.276550 0.038761 -0.499412 0.572185
72.372372 0.274246 0.140038 -0.450481 0.545669
72.472472 0.257596 0.233784 -0.378074 0.513761
72.572573 0.224758 0.312553 -0.282035 0.477231
72.672673 0.174230 0.366235 -0.164012 0.437475
72.772773 0.105825 0.381439 -0.029557 0.396948
72.872873 0.023089 0.342959 0.108007 0.360305
72.972973 -0.063223 0.240760 0.224170 0.334985
73.073073 -0.134481 0.083867 0.288117 0.328831
73.173173 -0.173357 -0.093572 0.282533 0.344432
73.273273 -0.175875 -0.252575 0.217169 0.376681
73.373373 -0.149894 -0.371910 0.116060 0.417439
73.473473 -0.106066 -0.448077 0.000642 0.460459
73.573574 -0.052885 -0.485724 -0.115269 0.502007
73.673674 0.003915 -0.491320 -0.223817 0.539912
73.773774 0.060589 -0.471077 -0.320741 0.573114
73.873874 0.114665 -0.430313 -0.403772 0.601123
73.973974 0.164475 -0.373451 -0.471743 0.623746
74.074074 0.208856 -0.304246 -0.524134 0.641017
74.174174 0.246913 -0.225852 -0.560665 0.652932
74.274274 0.277960 -0.141072 -0.581291 0.659593
74.374374 0.301429 -0.052489 -0.586087 0.661145
74.474474 0.316712 0.037465 -0.574991 0.657514
74.574575 0.323220 0.126324 -0.547989 0.648630
74.674675 0.320436 0.211486 -0.505261 0.634582
74.774775 0.307816 0.290074 -0.447061 0.615433
74.874875 0.284777 0.358740 -0.373776 0.591186
74.974975 0.250688 0.413331 -0.286053 0.561705
75.075075 0.205009 0.448592 -0.185205 0.526844
75.175175 0.147656 0.457931 -0.073974 0.486801
75.275275 0.079597 0.433353 0.042304 0.442629
75.375375 0.004039 0.365933 0.153709 0.396925
75.475475 -0.071434 0.248592 0.242956 0.354864
75.575576 -0.132412 0.084873 0.284696 0.325251
75.675676 -0.160346 -0.098395 0.256108 0.317780
75.775776 -0.146111 -0.256119 0.160019 0.335487
75.875876 -0.098704 -0.357459 0.026824 0.371805
75.975976 -0.034422 -0.400301 -0.112109 0.417126
76.076076 0.034298 -0.396648 -0.238842 0.464275
76.176176 0.100426 -0.359809 -0.346111 0.509255
76.276276 0.160460 -0.300491 -0.432094 0.550225
76.376376 0.212817 -0.226556 -0.497298 0.586450
76.476476 0.256858 -0.143675 -0.543026 0.617654
76.576577 0.292407 -0.056005 -0.570787 0.643768
76.676677 0.319563 0.033281 -0.582160 0.664935
76.776777 0.338429 0.121687 -0.578436 0.681124
76.876877 0.349152 0.207147 -0.560804 0.692328
76.976977 0.351928 0.287861 -0.530422 0.698616
77.077077 0.346947 0.362196 -0.488362 0.700040
77.177177 0.334443 0.428636 -0.435733 0.696738
77.277277 0.314570 0.485577 -0.373526 0.688666
77.377377 0.287480 0.531314 -0.302777 0.675732
77.477477 0.253368 0.563993 -0.224669 0.657844
77.577578 0.212435 0.581373 -0.140562 0.634729
77.677678 0.165023 0.580861 -0.052239 0.606103
77.777778 0.111787 0.559605 0.037819 0.571913
77.877878 0.053822 0.514157 0.126048 0.532111
77.977978 -0.006932 0.440632 0.207115 0.486930
78.078078 -0.066928 0.335492 0.272834 0.437575
78.178178 -0.119765 0.197161 0.310558 0.386863
78.278278 -0.154493 0.031306 0.302330 0.340956
78.378378 -0.156133 -0.139051 0.230325 0.311066
78.478478 -0.114806 -0.269634 0.095599 0.308257
78.578579 -0.040422 -0.323761 -0.067175 0.333118
78.678679 0.044215 -0.303696 -0.216403 0.375522
78.778779 0.122548 -0.234155 -0.332058 0.424392
78.878879 0.187806 -0.138204 -0.411653 0.473107
78.978979 0.238604 -0.031066 -0.459312 0.518521
79.079079 0.275472 0.078110 -0.480059 0.558966
79.179179 0.299571 0.183788 -0.478499 0.593702
79.279279 0.312252 0.282516 -0.458677 0.622657
79.379379 0.314680 0.371983 -0.423787 0.645747
79.479479 0.307809 0.450450 -0.376378 0.662806
79.579580 0.292544 0.516617 -0.318711 0.673834
79.679680 0.269747 0.569449 -0.252855 0.678949
79.779780 0.240196 0.607977 -0.180687 0.678217
79.879880 0.204558 0.631016 -0.103976 0.671443
79.979980 0.163502 0.637244 -0.024554 0.658343
80.080080 0.117840 0.625365 0.055492 0.638785
80.180180 0.068506 0.593723 0.133687 0.612431
80.280280 0.016746 0.540482 0.206893 0.578970
80.380380 -0.035641 0.463854 0.270965 0.538380
80.480480 -0.085922 0.362046 0.320008 0.490780
80.580581 -0.129666 0.234107 0.345330 0.436889
80.680681 -0.159361 0.082406 0.333941 0.379082
80.780781 -0.162452 -0.080729 0.267825 0.323478
80.880881 -0.122615 -0.218993 0.132497 0.283810
80.980981 -0.036830 -0.271597 -0.050897 0.278768
81.081081 0.064770 -0.214689 -0.215570 0.311057
81.181181 0.148848 -0.091040 -0.318110 0.362820
81.281281 0.205167 0.052206 -0.360170 0.417781
81.381381 0.235814 0.189931 -0.356718 0.467899
81.481481 0.245494 0.311268 -0.321329 0.510302
81.581582 0.238647 0.411898 -0.264197 0.544438
81.681682 0.218788 0.490204 -0.192602 0.570319
81.781782 0.188649 0.545525 -0.111935 0.587976
81.881882 0.150396 0.577376 -0.026458 0.597229
81.981982 0.105981 0.585518 0.060081 0.598058
82.082082 0.057248 0.569622 0.144091 0.590346
82.182182 0.006108 0.529367 0.221862 0.574011
82.282282 -0.045244 0.464570 0.289216 0.549107
82.382382 -0.094087 0.375148 0.341032 0.515646
82.482482 -0.136724 0.261807 0.370718 0.473992
82.582583 -0.167768 0.127166 0.369365 0.425144
82.682683 -0.179035 -0.021214 0.325023 0.371676
82.782783 -0.158638 -0.163769 0.224111 0.319706
82.882883 -0.095176 -0.258390 0.063892 0.282677
82.982983 0.003819 -0.252444 -0.118375 0.278846
83.083083 0.102402 -0.145381 -0.255312 0.311136
83.183183 0.172567 0.007402 -0.319029 0.362786
83.283283 0.210872 0.160981 -0.322892 0.417901
83.383383 0.223153 0.295645 -0.286489 0.468273
83.483483 0.215803 0.404796 -0.224663 0.510788
83.583584 0.193981 0.487074 -0.147652 0.544675
83.683684 0.161526 0.542794 -0.062484 0.569755
83.783784 0.121394 0.572789 0.025687 0.586074
83.883884 0.076019 0.578051 0.112748 0.593830
83.983984 0.027522 0.559441 0.195122 0.593131
84.084084 -0.022081 0.517677 0.269359 0.583979
84.184184 -0.070670 0.453398 0.331779 0.566252
84.284284 -0.115776 0.367352 0.378104 0.539735
84.384384 -0.154355 0.261051 0.403312 0.504613
84.484484 -0.182260 0.137276 0.400886 0.461274
84.584585 -0.193597 0.001771 0.362348 0.410828
84.684685 -0.179943 -0.132701 0.277590 0.356434
84.784785 -0.131086 -0.238933 0.139532 0.306173
84.884885 -0.043497 -0.270228 -0.037842 0.276310
84.984985 0.060727 -0.192860 -0.198400 0.283276
85.085085 0.143582 -0.040821 -0.286146 0.322741
85.185185 0.189832 0.125216 -0.299357 0.375939
85.285285 0.204635 0.272226 -0.262223 0.429818
85.385385 0.196907 0.390126 -0.195836 0.478876
85.485485 0.173752 0.477935 -0.113898 0.521137
85.585586 0.140158 0.537306 -0.024994 0.555848
85.685686 0.099673 0.570433 0.065215 0.582737
85.785786 0.054973 0.579549 0.152714 0.601847
85.885886 0.008186 0.566647 0.234411 0.613274
85.985986 -0.038883 0.533472 0.307698 0.617075
86.086086 -0.084558 0.481551 0.370122 0.613215
86.186186 -0.127183 0.412468 0.419289 0.601755
86.286286 -0.165023 0.328054 0.452761 0.582961
86.386386 -0.196037 0.230288 0.467602 0.556879
86.486486 -0.217669 0.121752 0.460176 0.523417
86.586587 -0.226650 0.006458 0.426143 0.482711
86.686687 -0.218674 -0.108842 0.360438 0.435408
86.786787 -0.188141 -0.212097 0.257914 0.383278
86.886887 -0.129128 -0.281647 0.117053 0.331211
86.986987 -0.040791 -0.283656 -0.048813 0.290701
87.087087 0.059833 -0.189667 -0.195325 0.278757
87.187187 0.138109 -0.023056 -0.268096 0.302459
87.287287 0.175433 0.153864 -0.259842 0.349240
87.387387 0.177805 0.302354 -0.198838 0.403198
87.487487 0.157084 0.412863 -0.111443 0.455577
87.587588 0.122482 0.487696 -0.013844 0.503032
87.687688 0.079993 0.531646 0.084878 0.544289
87.787788 0.033481 0.549331 0.179538 0.578895
87.887888 -0.014414 0.544901 0.267035 0.606986
87.987988 -0.061831 0.521834 0.345428 0.628852
88.088088 -0.107380 0.483001 0.413385 0.644754
88.188188 -0.149940 0.430771 0.469855 0.654835
88.288288 -0.188527 0.367193 0.513905 0.659144
88.388388 -0.222245 0.294194 0.544710 0.657763
88.488488 -0.250180 0.213617 0.561375 0.650664
88.588589 -0.271362 0.127349 0.562921 0.637758
88.688689 -0.284751 0.037511 0.548339 0.619004
88.788789 -0.289126 -0.053411 0.516444 0.594274
88.888889 -0.283087 -0.142284 0.466002 0.563508
88.988989 -0.264944 -0.224897 0.395713 0.526652
89.089089 -0.232774 -0.295349 0.304587 0.483930
89.189189 -0.184617 -0.345080 0.192734 0.436245
89.289289 -0.118930 -0.361127 0.062984 0.385389
89.389389 -0.036956 -0.325462 -0.074398 0.335896
89.489489 0.051691 -0.220227 -0.193585 0.297737
89.589590 0.123344 -0.049610 -0.252221 0.285115
89.689690 0.152968 0.138424 -0.224689 0.305034
89.789790 0.139476 0.289988 -0.132703 0.348076
89.889890 0.098826 0.387640 -0.013753 0.400276
89.989990 0.045396 0.437270 0.107904 0.452669
90.090090 -0.012190 0.449559 0.220869 0.501034
90.190190 -0.069175 0.434119 0.320492 0.544022
90.290290 -0.122979 0.398187 0.405144 0.581221
90.390390 -0.172136 0.347066 0.474425 0.612507
90.490490 -0.215768 0.284760 0.528457 0.637896
90.590591 -0.253320 0.214425 0.567596 0.657506
90.690691 -0.284373 0.138610 0.592182 0.671387
90.790791 -0.308509 0.059459 0.602382 0.679395
90.890891 -0.325396 -0.021056 0.598441 0.681511
90.990991 -0.334750 -0.101040 0.580665 0.677819
91.091091 -0.336172 -0.178576 0.549153 0.668185
91.191191 -0.329170 -0.251574 0.503908 0.652354
91.291291 -0.313257 -0.317691 0.445054 0.630183
91.391391 -0.287878 -0.374108 0.372795 0.601503
91.491491 -0.252322 -0.417158 0.287419 0.565948
91.591592 -0.205929 -0.442081 0.189792 0.523319
91.691692 -0.148344 -0.442609 0.082012 0.473957
91.791792 -0.079876 -0.409792 -0.031399 0.418683
91.891892 -0.003105 -0.331686 -0.140362 0.360176
91.991992 0.073011 -0.196219 -0.222824 0.305749
92.092092 0.126334 -0.007608 -0.239296 0.270704
92.192192 0.128160 0.181510 -0.159371 0.273440
92.292292 0.079046 0.301481 -0.014779 0.312022
92.392392 0.006787 0.340072 0.137181 0.366761
92.492492 -0.067649 0.321116 0.267846 0.423596
92.592593 -0.135327 0.267423 0.370583 0.476613
92.692693 -0.193207 0.193690 0.446191 0.523385
92.792793 -0.240523 0.109108 0.497287 0.563072
92.892893 -0.277379 0.019672 0.526709 0.595608
92.992993 -0.304107 -0.070519 0.536883 0.621045
93.093093 -0.321063 -0.158452 0.529803 0.639437
93.193193 -0.328579 -0.241710 0.507152 0.650839
93.293293 -0.326844 -0.318130 0.470236 0.655099
93.393393 -0.316012 -0.385656 0.420249 0.652077
93.493493 -0.296229 -0.442202 0.358385 0.641665
93.593594 -0.267531 -0.485358 0.285772 0.623547
93.693694 -0.229930 -0.512247 0.203697 0.597291
93.793794 -0.183604 -0.519540 0.113964 0.562690
93.893894 -0.128965 -0.503006 0.019204 0.519631
93.993994 -0.066864 -0.456689 -0.076367 0.467833
94.094094 0.000440 -0.372614 -0.165017 0.407519
94.194194 0.066942 -0.241692 -0.231527 0.341323
94.294294 0.117104 -0.060494 -0.245363 0.278525
94.394394 0.119113 0.137469 -0.161881 0.243498
94.494494 0.054378 0.256208 0.011343 0.262160
94.594595 -0.039028 0.256328 0.185842 0.319006
94.694695 -0.124301 0.185196 0.313757 0.384957
94.794795 -0.191391 0.084275 0.394584 0.446576
94.894895 -0.240341 -0.025454 0.437650 0.499949
94.994995 -0.273175 -0.133793 0.451233 0.544184
95.095095 -0.291936 -0.235379 0.441507 0.579274
95.195195 -0.298347 -0.327068 0.413076 0.605488
95.295295 -0.293783 -0.406742 0.369443 0.623086
95.395395 -0.279287 -0.472647 0.313328 0.632116
95.495495 -0.255721 -0.523168 0.247052 0.632560
95.595596 -0.223837 -0.556607 0.172770 0.624311
95.695696 -0.184292 -0.570886 0.092623 0.607004
95.795796 -0.137758 -0.563325 0.009046 0.579995
95.895896 -0.085148 -0.530582 -0.074781 0.542550
95.995996 -0.027978 -0.468597 -0.154239 0.494121
96.096096 0.030994 -0.372130 -0.221868 0.434358
96.196196 0.086013 -0.235455 -0.264396 0.364339
96.296296 0.123663 -0.057175 -0.256152 0.290130
96.396396 0.113970 0.133732 -0.153924 0.233594
96.496496 0.032294 0.232282 0.042043 0.238255
96.596597 -0.073821 0.189163 0.221226 0.300289
96.696697 -0.159105 0.078829 0.331886 0.376399
96.796797 -0.218491 -0.047056 0.387324 0.447183
96.896897 -0.256461 -0.169155 0.404433 0.507889
96.996997 -0.277385 -0.280341 0.394517 0.557833
97.097097 -0.284498 -0.377708 0.364895 0.597286
97.197197 -0.280211 -0.460014 0.320621 0.626840
97.297297 -0.266395 -0.526696 0.265434 0.647170
97.397397 -0.244454 -0.577306 0.202154 0.658715
97.497497 -0.215471 -0.611244 0.133068 0.661630
97.597598 -0.180347 -0.627698 0.060219 0.655863
97.697698 -0.139929 -0.625614 -0.014348 0.641233
97.797798 -0.095101 -0.603636 -0.088384 0.617440
97.897898 -0.046899 -0.559839 -0.159108 0.583896
97.997998 0.003252 -0.491681 -0.222736 0.539789
98.098098 0.053055 -0.396103 -0.273634 0.484343
98.198198 0.098352 -0.269618 -0.302495 0.416978
98.298298 0.130522 -0.110290 -0.292367 0.338642
98.398398 0.129726 0.070821 -0.211072 0.257674
98.498498 0.060397 0.200670 -0.024372 0.210975
98.598599 -0.059541 0.157649 0.180670 0.247063
98.698699 -0.151431 0.009765 0.287121 0.324754
98.798799 -0.202368 -0.146627 0.313336 0.400789
98.898899 -0.223358 -0.282947 0.292467 0.464203
98.998999 -0.223224 -0.393134 0.243661 0.513570
99.099099 -0.207656 -0.476412 0.177888 0.549303
99.199199 -0.180372 -0.532931 0.102026 0.571803
99.299299 -0.144089 -0.562894 0.021060 0.581425
99.399399 -0.101003 -0.566217 -0.060873 0.578368
99.499499 -0.053085 -0.542214 -0.139789 0.562455
99.599600 -0.002430 -0.489471 -0.211151 0.533079
99.699700 0.048235 -0.405920 -0.268958 0.489322
99.799800 0.094660 -0.289222 -0.304238 0.430314
99.899900 0.128956 -0.138184 -0.301734 0.356045
100.000000 0.133913 0.039179 -0.232835 0.271441
