0.000000 -0.059539 -0.401253 0.760283 0.861730
0.100100 -0.011739 -0.312963 0.779440 0.840006
0.200200 0.036173 -0.220793 0.788760 0.819878
0.300300 0.083558 -0.125684 0.787332 0.801667
0.400400 0.129684 -0.028803 0.774372 0.785684
0.500501 0.173759 0.068459 0.749365 0.772286
0.600601 0.214951 0.164530 0.712072 0.761788
0.700701 0.252397 0.257688 0.662490 0.754321
0.800801 0.285287 0.346162 0.601044 0.749981
0.900901 0.312956 0.428272 0.528671 0.748900
1.001001 0.334867 0.502477 0.446637 0.751068
1.101101 0.350679 0.567512 0.356522 0.756409
1.201201 0.360288 0.622491 0.260147 0.764839
1.301301 0.363757 0.666844 0.159385 0.776147
1.401401 0.361264 0.700250 0.056057 0.789940
1.501502 0.353145 0.722738 -0.048105 0.805838
1.601602 0.339838 0.734590 -0.151514 0.823450
1.701702 0.321850 0.736308 -0.252795 0.842402
1.801802 0.299800 0.728716 -0.350842 0.862553
1.901902 0.274320 0.712773 -0.444830 0.883838
2.002002 0.245976 0.689365 -0.534114 0.906093
2.102102 0.215252 0.659259 -0.618157 0.929017
2.202202 0.182580 0.623156 -0.696523 0.952262
2.302302 0.148367 0.581758 -0.768912 0.975542
2.402402 0.113002 0.535794 -0.835204 0.998704
2.502503 0.076831 0.485951 -0.895380 1.021644
2.602603 0.040162 0.432864 -0.949501 1.044288
2.702703 0.003260 0.377079 -0.997607 1.066498
2.802803 -0.033641 0.319091 -1.039782 1.088163
2.902903 -0.070340 0.259396 -1.076271 1.109321
3.003003 -0.106663 0.198430 -1.107324 1.130008
3.103103 -0.142463 0.136564 -1.133136 1.150192
3.203203 -0.177598 0.074118 -1.153822 1.169761
3.303303 -0.211957 0.011393 -1.169580 1.188686
3.403403 -0.245450 -0.051340 -1.180666 1.207002
3.503504 -0.277993 -0.113840 -1.187276 1.224689
3.603604 -0.309502 -0.175886 -1.189553 1.241678
3.703704 -0.339897 -0.237271 -1.187619 1.257882
3.803804 -0.369100 -0.297799 -1.181593 1.273217
3.903904 -0.397034 -0.357278 -1.171565 1.287574
4.004004 -0.423626 -0.415529 -1.157638 1.300864
4.104104 -0.448818 -0.472386 -1.139942 1.313032
4.204204 -0.472595 -0.527733 -1.118701 1.324137
4.304304 -0.494956 -0.581482 -1.094160 1.334275
4.404404 -0.515896 -0.633543 -1.066523 1.343501
4.504505 -0.535420 -0.683850 -1.036006 1.351900
4.604605 -0.553529 -0.732331 -1.002794 1.359521
4.704705 -0.570220 -0.778920 -0.967055 1.366405
4.804805 -0.585469 -0.823525 -0.928916 1.372536
4.904905 -0.599239 -0.866034 -0.888471 1.377854
5.005005 -0.611514 -0.906366 -0.845849 1.382357
5.105105 -0.622288 -0.944460 -0.801191 1.386057
5.205205 -0.631545 -0.980236 -0.754618 1.388942
5.305305 -0.639271 -1.013621 -0.706255 1.391003
5.405405 -0.645461 -1.044559 -0.656233 1.392252
5.505506 -0.650098 -1.072967 -0.604670 1.392663
5.605606 -0.653161 -1.098765 -0.551681 1.392213
5.705706 -0.654668 -1.121930 -0.497413 1.390948
5.805806 -0.654638 -1.142448 -0.442015 1.388926
5.905906 -0.653052 -1.160238 -0.385604 1.386117
6.006006 -0.649878 -1.175190 -0.328293 1.382458
6.106106 -0.645078 -1.187191 -0.270199 1.377881
6.206206 -0.638624 -1.196132 -0.211450 1.372328
6.306306 -0.630534 -1.201995 -0.152197 1.365843
6.406406 -0.620807 -1.204721 -0.092587 1.358428
6.506507 -0.609412 -1.204199 -0.032768 1.350019
6.606607 -0.596338 -1.200342 0.027101 1.340587
6.706707 -0.581585 -1.193091 0.086853 1.330132
6.806807 -0.565162 -1.182398 0.146314 1.318666
6.906907 -0.547064 -1.168187 0.205299 1.306173
7.007007 -0.527289 -1.150375 0.263609 1.292627
7.107107 -0.505854 -1.128927 0.321045 1.278059
7.207207 -0.482792 -1.103829 0.377400 1.262521
7.307307 -0.458119 -1.075030 0.432446 1.246023
7.407407 -0.431856 -1.042481 0.485939 1.228577
7.507508 -0.404032 -1.006142 0.537620 1.210206
7.607608 -0.374688 -0.965997 0.587220 1.190953
7.707708 -0.343861 -0.922003 0.634430 1.170825
7.807808 -0.311606 -0.874155 0.678936 1.149869
7.907908 -0.277985 -0.822449 0.720391 1.128122
8.008008 -0.243065 -0.766864 0.758389 1.105584
8.108108 -0.206933 -0.707418 0.792507 1.082280
8.208208 -0.169711 -0.644203 0.822335 1.058317
8.308308 -0.131546 -0.577357 0.847453 1.033838
8.408408 -0.092587 -0.506956 0.867264 1.008823
8.508509 -0.053021 -0.433129 0.881118 0.983250
8.608609 -0.013090 -0.356148 0.888442 0.957258
8.708709 0.026918 -0.276353 0.888602 0.930972
8.808809 0.066657 -0.194157 0.880852 0.904455
8.908909 0.105716 -0.110124 0.864507 0.877881
9.009009 0.143607 -0.024970 0.838869 0.851439
9.109109 0.179756 0.060416 0.803240 0.825322
9.209209 0.213480 0.144927 0.756939 0.799709
9.309309 0.243996 0.227210 0.699400 0.774802
9.409409 0.270501 0.305715 0.630477 0.751088
9.509510 0.292116 0.378652 0.550268 0.729043
9.609610 0.307941 0.444048 0.459252 0.709168
9.709710 0.317135 0.499846 0.358444 0.692028
9.809810 0.318983 0.544032 0.249418 0.678182
9.909910 0.312954 0.574753 0.134321 0.668075
10.010010 0.298738 0.590406 0.015795 0.661871
10.110110 0.276471 0.590122 -0.103091 0.659778
10.210210 0.246751 0.573908 -0.219135 0.662025
10.310310 0.210463 0.542394 -0.329282 0.668515
10.410410 0.168764 0.496918 -0.430916 0.679041
10.510511 0.122954 0.439311 -0.521984 0.693238
10.610611 0.074338 0.371653 -0.601075 0.710594
10.710711 0.024156 0.296116 -0.667367 0.730512
10.810811 -0.026487 0.214808 -0.720601 0.752402
10.910911 -0.076643 0.129692 -0.760965 0.775733
11.011011 -0.125532 0.042483 -0.788887 0.799941
11.111111 -0.172554 -0.045328 -0.805160 0.824689
11.211211 -0.217243 -0.132496 -0.810623 0.849623
11.311311 -0.259250 -0.218007 -0.806136 0.874410
11.411411 -0.298336 -0.301042 -0.792625 0.898825
11.511512 -0.334354 -0.380962 -0.771010 0.922704
11.611612 -0.367245 -0.457302 -0.742231 0.945993
11.711712 -0.396966 -0.529677 -0.707092 0.968566
11.811812 -0.423474 -0.597748 -0.666273 0.990229
11.911912 -0.446747 -0.661238 -0.620411 1.010806
12.012012 -0.466837 -0.720000 -0.570166 1.030255
12.112112 -0.483798 -0.773922 -0.516143 1.048532
12.212212 -0.497696 -0.822928 -0.458889 1.065594
12.312312 -0.508621 -0.867006 -0.398935 1.081455
12.412412 -0.516639 -0.906113 -0.336740 1.096061
12.512513 -0.521798 -0.940189 -0.272721 1.109326
12.612613 -0.524130 -0.969158 -0.207266 1.121133
12.712713 -0.523699 -0.993004 -0.140757 1.131429
12.812813 -0.520565 -1.011709 -0.073563 1.140156
12.912913 -0.514790 -1.025264 -0.006037 1.147263
13.013013 -0.506487 -1.033772 0.061480 1.152820
13.113113 -0.495755 -1.037305 0.128658 1.156861
13.213213 -0.482639 -1.035834 0.195173 1.159304
13.313313 -0.467198 -1.029356 0.260703 1.160092
13.413413 -0.449519 -1.017930 0.324938 1.159239
13.513514 -0.429695 -1.001629 0.387573 1.156768
13.613614 -0.407789 -0.980453 0.448278 1.152620
13.713714 -0.383868 -0.954415 0.506714 1.146744
13.813814 -0.358008 -0.923531 0.562530 1.139087
13.913914 -0.330313 -0.887896 0.615405 1.129685
14.014014 -0.300934 -0.847704 0.665074 1.118699
14.114114 -0.269990 -0.803080 0.711212 1.106189
14.214214 -0.237605 -0.754139 0.753472 1.092200
14.314314 -0.203914 -0.701017 0.791494 1.076786
14.414414 -0.169047 -0.643806 0.824835 1.059913
14.514515 -0.133149 -0.582625 0.853017 1.041547
14.614615 -0.096396 -0.517631 0.875536 1.021665
14.714715 -0.058986 -0.449022 0.891850 1.000248
14.814815 -0.021152 -0.377035 0.901346 0.977255
14.914915 0.016829 -0.301986 0.903399 0.952685
15.015015 0.054635 -0.224306 0.897416 0.926636
15.115115 0.091876 -0.144489 0.882653 0.899108
15.215215 0.128106 -0.063179 0.858435 0.870237
15.315315 0.162772 0.018817 0.823971 0.840105
15.415415 0.195215 0.100493 0.778415 0.808788
15.515516 0.224677 0.180578 0.721128 0.776604
15.615616 0.250221 0.257460 0.651416 0.743800
15.715716 0.270779 0.329161 0.568851 0.710816
15.815816 0.285133 0.393270 0.473395 0.678281
15.915916 0.291900 0.446861 0.365486 0.646893
16.016016 0.289702 0.486674 0.246495 0.617688
16.116116 0.277303 0.509293 0.118978 0.591973
16.216216 0.253726 0.511319 -0.013161 0.570962
16.316316 0.218736 0.490287 -0.144554 0.555988
16.416416 0.173163 0.445478 -0.268802 0.548352
16.516517 0.118854 0.378143 -0.379352 0.548659
16.616617 0.058548 0.291703 -0.470689 0.556836
16.716717 -0.004586 0.191180 -0.539312 0.572213
16.816817 -0.067528 0.082117 -0.583912 0.593511
16.916917 -0.127790 -0.030266 -0.605176 0.619261
17.017017 -0.183572 -0.141613 -0.605155 0.648047
17.117117 -0.233724 -0.248632 -0.586538 0.678581
17.217217 -0.277672 -0.349056 -0.552330 0.709937
17.317317 -0.315221 -0.441437 -0.505396 0.741388
17.417417 -0.346384 -0.524870 -0.448238 0.772262
17.517518 -0.371373 -0.598942 -0.383104 0.802133
17.617618 -0.390521 -0.663585 -0.311968 0.830768
17.717718 -0.404202 -0.718930 -0.236490 0.858002
17.817818 -0.412733 -0.765102 -0.158034 0.883575
17.917918 -0.416386 -0.802217 -0.077744 0.907179
18.018018 -0.415454 -0.830484 0.003363 0.928610
18.118118 -0.410260 -0.850219 0.084401 0.947791
18.218218 -0.401189 -0.861906 0.164602 0.964847
18.318318 -0.388601 -0.866020 0.243319 0.979901
18.418418 -0.372774 -0.862901 0.319961 0.992942
18.518519 -0.353939 -0.852798 0.393970 1.003867
18.618619 -0.332313 -0.835950 0.464817 1.012571
18.718719 -0.308118 -0.812617 0.532012 1.018980
18.818819 -0.281576 -0.783072 0.595091 1.023045
18.918919 -0.252914 -0.747604 0.653619 1.024742
19.019019 -0.222355 -0.706496 0.707160 1.024038
19.119119 -0.190123 -0.660043 0.755294 1.020918
19.219219 -0.156467 -0.608604 0.797661 1.015453
19.319319 -0.121622 -0.552489 0.833829 1.007625
19.419419 -0.085829 -0.492005 0.863326 0.997380
19.519520 -0.049352 -0.427501 0.885680 0.984694
19.619620 -0.012475 -0.359373 0.900424 0.969571
19.719720 0.024488 -0.288086 0.907132 0.952093
19.819820 0.061198 -0.214152 0.905347 0.932341
19.919920 0.097273 -0.138140 0.894563 0.910378
20.020020 0.132273 -0.060695 0.874138 0.886170
20.120120 0.165705 0.017403 0.843533 0.859830
20.220220 0.197000 0.095217 0.802213 0.831517
20.320320 0.225465 0.171610 0.749508 0.801279
20.420420 0.250277 0.245173 0.684792 0.769213
20.520521 0.270488 0.314183 0.607612 0.735573
20.620621 0.285040 0.376574 0.517845 0.700870
20.720721 0.292683 0.429785 0.415662 0.665698
20.820821 0.291989 0.470699 0.301788 0.630786
20.920921 0.281478 0.495727 0.177934 0.597190
21.021021 0.259773 0.500969 0.047196 0.566286
21.121121 0.225885 0.482632 -0.085530 0.539698
21.221221 0.179856 0.438271 -0.213439 0.519601
21.321321 0.123130 0.367753 -0.328399 0.508182
21.421421 0.058574 0.273748 -0.422217 0.506593
21.521522 -0.009774 0.161959 -0.488522 0.514762
21.621622 -0.077540 0.040072 -0.524523 0.531735
21.721722 -0.140980 -0.084141 -0.531013 0.555815
21.821822 -0.197532 -0.204313 -0.511373 0.585034
21.921922 -0.245833 -0.315989 -0.470268 0.617604
22.022022 -0.285397 -0.416459 -0.412386 0.651884
22.122122 -0.316365 -0.504400 -0.342046 0.686660
22.222222 -0.339280 -0.579508 -0.262979 0.721179
22.322322 -0.354865 -0.642097 -0.178226 0.754972
22.422422 -0.363844 -0.692730 -0.090167 0.787647
22.522523 -0.366815 -0.731915 -0.000644 0.818690
22.622623 -0.364315 -0.760171 0.088862 0.847633
22.722723 -0.356905 -0.778173 0.177139 0.874250
22.822823 -0.345114 -0.786609 0.263206 0.898406
22.922923 -0.329452 -0.786208 0.346281 0.920094
23.023023 -0.310366 -0.777617 0.425710 0.939279
23.123123 -0.288209 -0.761311 0.500870 0.955788
23.223223 -0.263296 -0.737702 0.571179 0.969420
23.323323 -0.235949 -0.707250 0.636142 0.980077
23.423423 -0.206477 -0.670397 0.695293 0.987673
23.523524 -0.175185 -0.627602 0.748229 0.992180
23.623624 -0.142402 -0.579428 0.794695 0.993758
23.723724 -0.108430 -0.526366 0.834387 0.992482
23.823824 -0.073562 -0.468885 0.867005 0.988414
23.923924 -0.038095 -0.407491 0.892300 0.981682
24.024024 -0.002327 -0.342688 0.910038 0.972425
24.124124 0.033436 -0.274944 0.919835 0.960629
24.224224 0.068868 -0.204713 0.921152 0.946135
24.324324 0.103604 -0.132536 0.913494 0.928855
24.424424 0.137252 -0.059044 0.896450 0.908816
24.524525 0.169389 0.015037 0.869698 0.886168
24.624625 0.199523 0.088887 0.832807 0.860975
24.724725 0.227072 0.161538 0.785256 0.833236
24.824825 0.251385 0.231845 0.726627 0.803078
24.924925 0.271721 0.298442 0.656612 0.770740
25.025025 0.287152 0.359608 0.574864 0.736371
25.125125 0.296568 0.413196 0.481196 0.700166
25.225225 0.298664 0.456535 0.375788 0.662450
25.325325 0.291999 0.486427 0.259504 0.623872
25.425425 0.275123 0.499243 0.134321 0.585643
25.525526 0.246646 0.490927 0.003694 0.549415
25.625626 0.205558 0.457404 -0.126839 0.517263
25.725726 0.151780 0.395502 -0.249161 0.491467
25.825826 0.087045 0.304886 -0.353059 0.474534
25.925926 0.015387 0.189837 -0.428377 0.468809
26.026026 -0.057511 0.058909 -0.467613 0.474805
26.126126 -0.125731 -0.076916 -0.468531 0.491167
26.226226 -0.184696 -0.207185 -0.434672 0.515731
26.326326 -0.231989 -0.324453 -0.373095 0.546158
26.426426 -0.267042 -0.424664 -0.291673 0.580279
26.526527 -0.290370 -0.506265 -0.197342 0.616087
26.626627 -0.303056 -0.569337 -0.095714 0.652035
26.726727 -0.306362 -0.614801 0.008910 0.686963
26.826827 -0.301553 -0.643983 0.113313 0.720061
26.926927 -0.289888 -0.658528 0.215145 0.750987
27.027027 -0.272459 -0.659969 0.312679 0.779462
27.127127 -0.250156 -0.649594 0.404590 0.805135
27.227227 -0.223797 -0.628672 0.489903 0.827839
27.327327 -0.194114 -0.598395 0.567888 0.847499
27.427427 -0.161760 -0.559856 0.637989 0.864080
27.527528 -0.127320 -0.514066 0.699776 0.877588
27.627628 -0.091323 -0.461946 0.752885 0.888015
27.727728 -0.054258 -0.404352 0.797003 0.895354
27.827828 -0.016587 -0.342134 0.831924 0.899683
27.927928 0.021250 -0.276056 0.857348 0.900946
28.028028 0.058818 -0.206818 0.872816 0.898911
28.128128 0.095670 -0.135187 0.877995 0.893478
28.228228 0.131358 -0.061986 0.872700 0.884705
28.328328 0.165428 0.011922 0.856802 0.872708
28.428428 0.197385 0.085629 0.830089 0.857520
28.528529 0.226659 0.158128 0.792218 0.839041
28.628629 0.252624 0.228279 0.742882 0.817193
28.728729 0.274642 0.294830 0.682032 0.792162
28.828829 0.292026 0.356371 0.609769 0.764264
28.928929 0.303952 0.411215 0.526207 0.733743
29.029029 0.309453 0.457327 0.431627 0.700865
29.129129 0.307416 0.492257 0.326652 0.665975
29.229229 0.296626 0.513118 0.212509 0.629633
29.329329 0.275840 0.516631 0.091365 0.592742
29.429429 0.243923 0.499219 -0.033261 0.556619
29.529530 0.200122 0.457386 -0.155999 0.523054
29.629630 0.144585 0.388596 -0.269226 0.494363
29.729730 0.079058 0.292771 -0.363359 0.473281
29.829830 0.007344 0.173749 -0.428281 0.462241
29.929930 -0.064929 0.039883 -0.456250 0.462570
30.030030 -0.131656 -0.097434 -0.445129 0.474307
30.130130 -0.188091 -0.227234 -0.398940 0.496152
30.230230 -0.231786 -0.341732 -0.325491 0.525785
30.330330 -0.262354 -0.436943 -0.233423 0.560567
30.430430 -0.280792 -0.512007 -0.130422 0.598336
30.530531 -0.288598 -0.567709 -0.022409 0.637248
30.630631 -0.287333 -0.605589 0.086362 0.675838
30.730731 -0.278614 -0.627771 0.192927 0.713402
30.830831 -0.263878 -0.636400 0.295335 0.749573
30.930931 -0.244343 -0.633452 0.392369 0.784167
31.031031 -0.221039 -0.620728 0.483333 0.817173
31.131131 -0.194839 -0.599860 0.567935 0.848731
31.231231 -0.166418 -0.572131 0.646003 0.878834
31.331331 -0.136300 -0.538544 0.717415 0.907354
31.431431 -0.104933 -0.499981 0.782148 0.934210
31.531532 -0.072687 -0.457179 0.840189 0.959277
31.631632 -0.039886 -0.410810 0.891610 0.982509
31.731732 -0.006815 -0.361510 0.936595 1.003965
31.831832 0.026285 -0.309845 0.975362 1.023731
31.931932 0.059206 -0.256307 1.008130 1.041885
32.032032 0.091769 -0.201329 1.035095 1.058479
32.132132 0.123812 -0.145281 1.056386 1.073493
32.232232 0.155187 -0.088505 1.072129 1.086911
32.332332 0.185767 -0.031318 1.082491 1.098762
32.432432 0.215423 0.025987 1.087577 1.109011
32.532533 0.244032 0.083133 1.087458 1.117599
32.632633 0.271479 0.139854 1.082242 1.124503
32.732733 0.297644 0.195888 1.071989 1.129657
32.832833 0.322427 0.250989 1.056817 1.133057
32.932933 0.345726 0.304913 1.036847 1.134703
33.033033 0.367442 0.357419 1.012182 1.134581
33.133133 0.387472 0.408265 0.982925 1.132676
33.233233 0.405674 0.457166 0.949086 1.128865
33.333333 0.421908 0.503831 0.910691 1.123036
33.433433 0.436037 0.547964 0.867800 1.115109
33.533534 0.447924 0.589263 0.820494 1.105023
33.633634 0.457445 0.627432 0.768897 1.092763
33.733734 0.464424 0.662099 0.713076 1.078213
33.833834 0.468647 0.692819 0.653067 1.061190
33.933934 0.469922 0.719163 0.588993 1.041602
34.034034 0.468092 0.740741 0.521072 1.019472
34.134134 0.462997 0.757135 0.449561 0.994849
34.234234 0.454438 0.767847 0.374732 0.967743
34.334334 0.442175 0.772284 0.296899 0.938132
34.434434 0.425912 0.769713 0.216432 0.905926
34.534535 0.405265 0.759198 0.133798 0.870932
34.634635 0.379846 0.739720 0.049651 0.833027
34.734735 0.349291 0.710213 -0.035095 0.792236
34.834835 0.313197 0.669409 -0.119194 0.748604
34.934935 0.271146 0.615832 -0.200913 0.702236
35.035035 0.222778 0.547849 -0.277795 0.653405
35.135135 0.167879 0.463716 -0.346291 0.602605
35.235235 0.106602 0.361807 -0.401204 0.550666
35.335335 0.040005 0.241517 -0.435225 0.499351
35.435435 -0.029109 0.104900 -0.438810 0.452113
35.535536 -0.095159 -0.040845 -0.401362 0.414505
35.635636 -0.149501 -0.181016 -0.316004 0.393670
35.735736 -0.182985 -0.295762 -0.187022 0.394887
35.835836 -0.191232 -0.369815 -0.031977 0.417559
35.935936 -0.176980 -0.400601 0.127481 0.456130
36.036036 -0.146700 -0.395367 0.276092 0.504046
36.136136 -0.106650 -0.364040 0.406959 0.556340
36.236236 -0.061371 -0.315062 0.518406 0.609733
36.336336 -0.013809 -0.254579 0.611147 0.662194
36.436436 0.034170 -0.186928 0.686829 0.712631
36.536537 0.081405 -0.115112 0.747302 0.760485
36.636637 0.127180 -0.041226 0.794362 0.805534
36.736737 0.171063 0.033264 0.829623 0.847729
36.836837 0.212779 0.107315 0.854427 0.887039
36.936937 0.252137 0.180159 0.869809 0.923362
37.037037 0.289029 0.251224 0.876731 0.956718
37.137137 0.323381 0.320062 0.875997 0.987110
37.237237 0.355148 0.386326 0.868303 1.014558
37.337337 0.384324 0.449755 0.854316 1.039154
37.437437 0.410887 0.510111 0.834564 1.060914
37.537538 0.434803 0.567166 0.809480 1.079810
37.637638 0.456061 0.620738 0.779484 1.095857
37.737738 0.474669 0.670690 0.744997 1.109125
37.837838 0.490619 0.716871 0.706375 1.119632
37.937938 0.503894 0.759131 0.663940 1.127389
38.038038 0.514470 0.797310 0.617986 1.132382
38.138138 0.522297 0.831217 0.568767 1.134554
38.238238 0.527339 0.860677 0.516551 1.133877
38.338338 0.529567 0.885530 0.461613 1.130350
38.438438 0.528911 0.905547 0.404200 1.123895
38.538539 0.525292 0.920478 0.344559 1.114420
38.638639 0.518652 0.930101 0.282974 1.101890
38.738739 0.508897 0.934124 0.219728 1.086207
38.838839 0.495945 0.932265 0.155141 1.067309
38.938939 0.479782 0.924354 0.089589 1.045297
39.039039 0.460344 0.910118 0.023468 1.020187
39.139139 0.437529 0.889188 -0.042780 0.991926
39.239239 0.411222 0.861142 -0.108636 0.960454
39.339339 0.381282 0.825469 -0.173478 0.925672
39.439439 0.347561 0.781586 -0.236537 0.887483
39.539540 0.309936 0.728900 -0.296870 0.845865
39.639640 0.268286 0.666713 -0.353257 0.800796
39.739740 0.222459 0.594101 -0.404024 0.752117
39.839840 0.172389 0.510097 -0.446919 0.699752
39.939940 0.118242 0.413936 -0.478995 0.644018
40.040040 0.060548 0.305178 -0.496218 0.585689
40.140140 0.000490 0.183998 -0.492703 0.525939
40.240240 -0.059357 0.052517 -0.460322 0.467095
40.340340 -0.113821 -0.082636 -0.389131 0.413772
40.440440 -0.153934 -0.206627 -0.270879 0.373853
40.540541 -0.168367 -0.295645 -0.108790 0.357195
40.640641 -0.151042 -0.328828 0.073636 0.369275
40.740741 -0.107529 -0.305385 0.244332 0.405611
40.840841 -0.049433 -0.241208 0.383730 0.455932
40.940941 0.013638 -0.153888 0.487557 0.511449
41.041041 0.076013 -0.056009 0.559223 0.567138
41.141141 0.134848 0.044761 0.604083 0.620568
41.241241 0.188869 0.144023 0.627131 0.670602
41.341341 0.237563 0.239253 0.632414 0.716677
41.441441 0.280783 0.328979 0.623098 0.758497
41.541542 0.318566 0.412334 0.601721 0.795972
41.641642 0.351032 0.488801 0.570314 0.829100
41.741742 0.378329 0.558062 0.530535 0.857923
41.841842 0.400565 0.619845 0.483689 0.882392
41.941942 0.417868 0.673985 0.430916 0.902528
42.042042 0.430405 0.720425 0.373260 0.918468
42.142142 0.438267 0.759027 0.311586 0.930207
42.242242 0.441516 0.789627 0.246668 0.937706
42.342342 0.440211 0.812067 0.179244 0.940939
42.442442 0.434395 0.826172 0.110023 0.939875
42.542543 0.424111 0.831764 0.039711 0.934494
42.642643 0.409398 0.828653 -0.030973 0.924787
42.742743 0.390307 0.816664 -0.101279 0.910790
42.842843 0.366873 0.795568 -0.170408 0.892504
42.942943 0.339128 0.765105 -0.237479 0.869937
43.043043 0.307067 0.724878 -0.301459 0.842980
43.143143 0.270682 0.674415 -0.361116 0.811486
43.243243 0.230010 0.613233 -0.414954 0.775336
43.343343 0.185112 0.540734 -0.461033 0.734310
43.443443 0.136210 0.456471 -0.496957 0.688393
43.543544 0.083792 0.360315 -0.519752 0.637958
43.643644 0.028704 0.252423 -0.525306 0.583513
43.743744 -0.027490 0.133793 -0.507892 0.525938
43.843844 -0.081793 0.007554 -0.459837 0.467116
43.943944 -0.128615 -0.118567 -0.371899 0.410985
44.044044 -0.158454 -0.228288 -0.236852 0.365133
44.144144 -0.159396 -0.295764 -0.060264 0.341343
44.244244 -0.125636 -0.298630 0.128853 0.348666
44.344344 -0.065693 -0.239784 0.292525 0.383905
44.444444 0.005143 -0.142609 0.411546 0.435585
44.544545 0.075894 -0.029294 0.486661 0.493413
44.644645 0.141308 0.086666 0.525982 0.551485
44.744745 0.199547 0.198414 0.538082 0.607223
44.844845 0.250240 0.302725 0.529661 0.659396
44.944945 0.293572 0.398159 0.505580 0.707338
45.045045 0.329969 0.484197 0.469529 0.750856
45.145145 0.359910 0.560764 0.424289 0.789944
45.245245 0.383836 0.627953 0.371971 0.824632
45.345345 0.402089 0.685854 0.314178 0.854856
45.445445 0.414986 0.734609 0.252225 0.880614
45.545546 0.422820 0.774391 0.187225 0.901949
45.645646 0.425894 0.805444 0.120145 0.919000
45.745746 0.424470 0.827979 0.051831 0.931885
45.845846 0.418769 0.842156 -0.016971 0.940682
45.945946 0.409008 0.848156 -0.085571 0.945505
46.046046 0.395327 0.846011 -0.153308 0.946320
46.146146 0.377838 0.835699 -0.219525 0.943051
46.246246 0.356675 0.817246 -0.283561 0.935689
46.346346 0.331948 0.790605 -0.344709 0.924159
46.446446 0.303755 0.755689 -0.402202 0.908350
46.546547 0.272227 0.712451 -0.455212 0.888208
46.646647 0.237492 0.660792 -0.502782 0.863619
46.746747 0.199678 0.600527 -0.543734 0.834356
46.846847 0.158971 0.531520 -0.576688 0.800221
46.946947 0.115663 0.453751 -0.600036 0.761125
47.047047 0.070163 0.367279 -0.611735 0.716964
47.147147 0.023076 0.272295 -0.609042 0.667540
47.247247 -0.024610 0.169435 -0.588368 0.612773
47.347347 -0.071230 0.060273 -0.544998 0.552927
47.447447 -0.113880 -0.051707 -0.472715 0.488980
47.547548 -0.147369 -0.158974 -0.363888 0.423562
47.647648 -0.162641 -0.245880 -0.211996 0.363114
47.747748 -0.146480 -0.284293 -0.021743 0.320549
47.847848 -0.090548 -0.244682 0.172161 0.312582
47.947948 -0.007606 -0.132638 0.316199 0.342976
48.048048 0.078323 0.011846 0.388962 0.396946
48.148148 0.153308 0.156166 0.403359 0.458900
48.248248 0.213817 0.286187 0.378465 0.520439
48.348348 0.260558 0.397958 0.328725 0.578205
48.448448 0.295201 0.491325 0.263525 0.630864
48.548549 0.319437 0.567407 0.188932 0.678001
48.648649 0.334733 0.627623 0.109015 0.719611
48.748749 0.342225 0.673211 0.026547 0.755669
48.848849 0.342895 0.705377 -0.056446 0.786333
48.948949 0.337576 0.725216 -0.138435 0.811826
49.049049 0.326953 0.733651 -0.218222 0.832323
49.149149 0.311592 0.731441 -0.294813 0.847945
49.249249 0.291964 0.719198 -0.367323 0.858728
49.349349 0.268469 0.697412 -0.434918 0.864646
49.449449 0.241477 0.666520 -0.496790 0.865656
49.549550 0.211338 0.626916 -0.552116 0.861696
49.649650 0.178385 0.578930 -0.600003 0.852634
49.749750 0.142983 0.522960 -0.639553 0.838426
49.849850 0.105543 0.459482 -0.669847 0.819121
49.949950 0.066497 0.388936 -0.689738 0.794627
50.050050 0.026338 0.311740 -0.697702 0.764633
50.150150 -0.014299 0.228476 -0.691906 0.728793
50.250250 -0.054559 0.140065 -0.670229 0.686879
50.350350 -0.093256 0.047920 -0.630100 0.638764
50.450450 -0.128671 -0.045697 -0.568368 0.584540
50.550551 -0.158187 -0.136995 -0.481184 0.524718
50.650651 -0.177627 -0.219280 -0.364125 0.460675
50.750751 -0.180240 -0.280360 -0.213733 0.395942
50.850851 -0.156159 -0.299213 -0.033586 0.339178
50.950951 -0.096488 -0.248793 0.151310 0.306761
51.051051 -0.007975 -0.123287 0.289044 0.314340
51.151151 0.083884 0.039162 0.345306 0.357501
51.251251 0.160064 0.196071 0.332237 0.417667
51.351351 0.216288 0.329139 0.276113 0.480990
51.451451 0.254794 0.435506 0.196673 0.541540
51.551552 0.278908 0.517383 0.105827 0.597222
51.651652 0.291383 0.577723 0.010420 0.647130
51.751752 0.294363 0.619260 -0.085393 0.690959
51.851852 0.289533 0.644380 -0.178971 0.728757
51.951952 0.278245 0.655129 -0.268561 0.760749
52.052052 0.261594 0.653246 -0.352963 0.787238
52.152152 0.240479 0.640207 -0.431316 0.808535
52.252252 0.215630 0.617211 -0.502931 0.824854
52.352352 0.187644 0.585214 -0.567171 0.836282
52.452452 0.157048 0.545052 -0.623451 0.842874
52.552553 0.124351 0.497566 -0.671305 0.844799
52.652653 0.090023 0.443503 -0.710221 0.842148
52.752753 0.054507 0.383518 -0.739577 0.834884
52.852853 0.018262 0.318287 -0.758724 0.822984
52.952953 -0.018220 0.248507 -0.766902 0.806367
53.053053 -0.054396 0.174955 -0.763276 0.784958
53.153153 -0.089641 0.098560 -0.746999 0.758787
53.253253 -0.123197 0.020418 -0.716941 0.727736
53.353353 -0.154120 -0.058076 -0.671792 0.691687
53.453453 -0.181195 -0.135034 -0.610099 0.650604
53.553554 -0.202746 -0.207781 -0.530057 0.604350
53.653654 -0.216436 -0.272360 -0.429764 0.552921
53.753754 -0.219014 -0.322809 -0.307805 0.496907
53.853854 -0.206093 -0.350198 -0.164641 0.438428
53.953954 -0.172038 -0.341305 -0.005595 0.382253
54.054054 -0.111597 -0.279387 0.152486 0.337288
54.154154 -0.026858 -0.155537 0.274402 0.316559
54.254254 0.064911 0.009770 0.322485 0.329098
54.354354 0.141924 0.174395 0.293116 0.369423
54.454454 0.195116 0.310545 0.212407 0.423823
54.554555 0.226278 0.412036 0.106631 0.482023
54.654655 0.240170 0.482275 -0.007812 0.538824
54.754755 0.241104 0.526599 -0.122119 0.591905
54.854855 0.232394 0.549917 -0.231692 0.640388
54.954955 0.216449 0.556144 -0.334133 0.683952
55.055055 0.195055 0.548383 -0.428199 0.722582
55.155155 0.169533 0.529019 -0.513204 0.756295
55.255255 0.140925 0.500015 -0.588847 0.785249
55.355355 0.110063 0.463001 -0.655027 0.809657
55.455455 0.077599 0.419205 -0.711568 0.829508
55.555556 0.044082 0.369671 -0.758314 0.844772
55.655656 0.010006 0.315333 -0.795132 0.855436
55.755756 -0.024179 0.256999 -0.821780 0.861369
55.855856 -0.058041 0.195463 -0.838074 0.862521
55.955956 -0.091158 0.131520 -0.843883 0.858922
56.056056 -0.123103 0.065952 -0.839018 0.850561
56.156156 -0.153411 -0.000435 -0.823153 0.837326
56.256256 -0.181550 -0.066768 -0.795783 0.818956
56.356356 -0.206926 -0.132041 -0.756414 0.795246
56.456456 -0.228837 -0.195060 -0.704496 0.765983
56.556557 -0.246415 -0.254343 -0.639355 0.730880
56.656657 -0.258629 -0.308044 -0.560413 0.689814
56.756757 -0.264180 -0.353757 -0.467178 0.642799
56.856857 -0.261247 -0.388038 -0.359133 0.589746
56.956957 -0.247341 -0.405920 -0.236269 0.530822
57.057057 -0.219081 -0.400082 -0.100136 0.467000
57.157157 -0.172063 -0.359679 0.043736 0.401108
57.257257 -0.101982 -0.270371 0.179878 0.340377
57.357357 -0.010538 -0.122680 0.273638 0.300066
57.457457 0.083097 0.061732 0.280320 0.298823
57.557558 0.151021 0.228242 0.197037 0.337232
57.657658 0.185058 0.344666 0.066510 0.396818
57.757758 0.192952 0.413021 -0.075093 0.462013
57.857858 0.183679 0.444949 -0.210870 0.525532
57.957958 0.163450 0.450509 -0.334536 0.584456
58.058058 0.136233 0.436909 -0.444171 0.637759
58.158158 0.104612 0.409253 -0.539627 0.685295
58.258258 0.070326 0.371205 -0.621428 0.727263
58.358358 0.034566 0.325389 -0.690237 0.763871
58.458458 -0.001805 0.273784 -0.746745 0.795354
58.558559 -0.038138 0.217912 -0.791566 0.821898
58.658659 -0.073922 0.158988 -0.825212 0.843633
58.758759 -0.108729 0.098021 -0.848115 0.860656
58.858859 -0.142192 0.035884 -0.860645 0.873050
58.958959 -0.173970 -0.026641 -0.863074 0.880836
59.059059 -0.203720 -0.088823 -0.855533 0.883927
59.159159 -0.231130 -0.149958 -0.838233 0.882351
59.259259 -0.255881 -0.209342 -0.811365 0.876135
59.359359 -0.277626 -0.266241 -0.775028 0.865233
59.459459 -0.296012 -0.319896 -0.729379 0.849676
59.559560 -0.310601 -0.369423 -0.674439 0.829346
59.659660 -0.320851 -0.413764 -0.610148 0.804007
59.759760 -0.326123 -0.451659 -0.536462 0.773398
59.859860 -0.325607 -0.481506 -0.453335 0.737144
59.959960 -0.318290 -0.501261 -0.360837 0.694820
60.060060 -0.302968 -0.508366 -0.259379 0.646145
60.160160 -0.278160 -0.499497 -0.149959 0.591065
60.260260 -0.241920 -0.470002 -0.034629 0.529742
60.360360 -0.191746 -0.413265 0.082233 0.462944
60.460460 -0.124856 -0.320111 0.190875 0.393057
60.560561 -0.040477 -0.181019 0.269823 0.327431
60.660661 0.052126 0.000332 0.279194 0.284018
60.760761 0.124121 0.178833 0.185509 0.286008
60.860861 0.151570 0.294370 0.021969 0.331828
60.960961 0.141998 0.339372 -0.150619 0.397521
61.061061 0.111622 0.335508 -0.303433 0.465936
61.161161 0.071115 0.301748 -0.430207 0.530271
61.261261 0.026282 0.250063 -0.531969 0.588399
61.361361 -0.019745 0.187575 -0.611062 0.639508
61.461461 -0.065148 0.118784 -0.669836 0.683399
61.561562 -0.108790 0.046739 -0.710387 0.720187
61.661662 -0.149919 -0.026390 -0.734515 0.750123
61.761762 -0.188026 -0.098979 -0.743861 0.773615
61.861862 -0.222708 -0.169749 -0.739701 0.790930
61.961962 -0.253624 -0.237632 -0.723074 0.802266
62.062062 -0.280493 -0.301708 -0.694958 0.807880
62.162162 -0.302993 -0.361063 -0.656066 0.807833
62.262262 -0.320734 -0.414727 -0.606923 0.802013
62.362362 -0.333303 -0.461686 -0.548050 0.790318
62.462462 -0.340242 -0.500822 -0.479974 0.772633
62.562563 -0.341027 -0.530878 -0.403279 0.748842
62.662663 -0.335046 -0.550376 -0.318654 0.718825
62.762763 -0.321534 -0.557471 -0.226951 0.682396
62.862863 -0.299568 -0.549867 -0.129387 0.639403
62.962963 -0.267965 -0.524518 -0.027818 0.589659
63.063063 -0.225258 -0.477343 0.074661 0.533078
63.163163 -0.169838 -0.403061 0.172477 0.470161
63.263263 -0.100451 -0.295252 0.255086 0.402906
63.363363 -0.018300 -0.148733 0.302065 0.337194
63.463463 0.066260 0.028904 0.278227 0.287465
63.563564 0.125351 0.192544 0.155206 0.277263
63.663664 0.135196 0.281257 -0.030712 0.313571
63.763764 0.106126 0.290673 -0.212263 0.375245
63.863864 0.058450 0.250488 -0.360263 0.442662
63.963964 0.004412 0.184335 -0.472539 0.507240
64.064064 -0.050123 0.105714 -0.553917 0.566138
64.164164 -0.102414 0.021981 -0.609474 0.618410
64.264264 -0.151111 -0.062611 -0.643411 0.663877
64.364364 -0.195505 -0.145447 -0.658957 0.702567
64.464464 -0.235197 -0.224788 -0.658642 0.734613
64.564565 -0.269957 -0.299411 -0.644528 0.760224
64.664665 -0.299593 -0.368340 -0.618209 0.779495
64.764765 -0.323952 -0.430770 -0.581030 0.792530
64.864865 -0.342979 -0.486098 -0.534319 0.799639
64.964965 -0.356555 -0.533686 -0.479157 0.800964
65.065065 -0.364478 -0.572797 -0.416442 0.796470
65.165165 -0.366546 -0.602689 -0.347079 0.786164
65.265265 -0.362375 -0.622302 -0.271867 0.769732
65.365365 -0.351514 -0.630406 -0.191693 0.746806
65.465465 -0.333495 -0.625646 -0.107687 0.717111
65.565566 -0.307751 -0.606362 -0.021270 0.680322
65.665666 -0.273660 -0.570589 0.065608 0.636212
65.765766 -0.230421 -0.515677 0.150115 0.584423
65.865866 -0.177159 -0.438218 0.227787 0.524697
65.965966 -0.113174 -0.333994 0.291016 0.457220
66.066066 -0.038980 -0.198956 0.326155 0.384032
66.166166 0.040261 -0.034025 0.307933 0.312413
66.266266 0.105127 0.135752 0.199424 0.263154
66.366366 0.120049 0.239156 0.001234 0.267598
66.466466 0.080836 0.236712 -0.202887 0.322072
66.566567 0.017977 0.168358 -0.356637 0.394788
66.666667 -0.048490 0.073774 -0.459159 0.467569
66.766767 -0.111137 -0.027907 -0.522048 0.534476
66.866867 -0.167602 -0.128303 -0.555177 0.593948
66.966967 -0.217281 -0.223593 -0.565589 0.645830
67.067067 -0.260182 -0.311940 -0.558272 0.690412
67.167167 -0.296468 -0.392366 -0.536738 0.727964
67.267267 -0.326358 -0.464326 -0.503623 0.758778
67.367367 -0.350084 -0.527511 -0.461011 0.783172
67.467467 -0.367845 -0.581701 -0.410565 0.801405
67.567568 -0.379775 -0.626658 -0.353640 0.813628
67.667668 -0.385987 -0.662169 -0.291421 0.819988
67.767768 -0.386617 -0.688092 -0.225019 0.820717
67.867868 -0.381729 -0.704179 -0.155444 0.815933
67.967968 -0.371313 -0.710053 -0.083661 0.805635
68.068068 -0.355301 -0.705209 -0.010665 0.789730
68.168168 -0.333579 -0.689011 0.062447 0.768057
68.268268 -0.306030 -0.660754 0.134405 0.740483
68.368368 -0.272541 -0.619643 0.203676 0.706909
68.468468 -0.232913 -0.564529 0.268243 0.667005
68.568569 -0.186960 -0.494029 0.325368 0.620390
68.668669 -0.134704 -0.406774 0.371260 0.566961
68.768769 -0.076507 -0.301377 0.400231 0.506819
68.868869 -0.013693 -0.177229 0.403533 0.440950
68.968969 0.049924 -0.036656 0.366939 0.372129
69.069069 0.104085 0.107707 0.269325 0.308173
69.169169 0.126499 0.216830 0.095996 0.268761
69.269269 0.095878 0.234151 -0.115171 0.277999
69.369369 0.027212 0.160639 -0.286235 0.329356
69.469469 -0.049783 0.045940 -0.391174 0.396996
69.569570 -0.120833 -0.076541 -0.443222 0.465730
69.669670 -0.182204 -0.193356 -0.458508 0.529919
69.769770 -0.233684 -0.299827 -0.448502 0.587927
69.869870 -0.275925 -0.394499 -0.420608 0.639277
69.969970 -0.309793 -0.477229 -0.379880 0.684126
70.070070 -0.336165 -0.548419 -0.329935 0.722930
70.170170 -0.355725 -0.608496 -0.273306 0.755979
70.270270 -0.369003 -0.657821 -0.211864 0.783440
70.370370 -0.376466 -0.696773 -0.147101 0.805517
70.470470 -0.378485 -0.725640 -0.080239 0.822340
70.570571 -0.375294 -0.744505 -0.012306 0.833838
70.670671 -0.367138 -0.753510 0.055760 0.840046
70.770771 -0.354253 -0.752795 0.123068 0.841036
70.870871 -0.336826 -0.742412 0.188758 0.836814
70.970971 -0.315045 -0.722415 0.251963 0.827419
71.071071 -0.289013 -0.692651 0.311710 0.812685
71.171171 -0.258828 -0.652907 0.366914 0.792405
71.271271 -0.224645 -0.603052 0.416376 0.766490
71.371371 -0.186610 -0.542818 0.458595 0.734700
71.471471 -0.144908 -0.471864 0.491660 0.696695
71.571572 -0.099865 -0.389952 0.513175 0.652215
71.671672 -0.052011 -0.296905 0.519817 0.600889
71.771772 -0.002305 -0.192853 0.506788 0.542247
71.871872 0.047342 -0.079093 0.467306 0.476311
71.971972 0.092915 0.040148 0.391180 0.404063
72.072072 0.125530 0.152448 0.264109 0.329775
72.172172 0.126255 0.223934 0.075562 0.267948
72.272272 0.071964 0.195303 -0.139083 0.250332
72.372372 -0.020899 0.063461 -0.283138 0.290914
72.472472 -0.109566 -0.096730 -0.328329 0.359390
72.572573 -0.178425 -0.241132 -0.309585 0.431072
72.672673 -0.227992 -0.359926 -0.256123 0.497118
72.772773 -0.261477 -0.453502 -0.184137 0.554924
72.872873 -0.281791 -0.524307 -0.102678 0.604026
72.972973 -0.291230 -0.574912 -0.017164 0.644697
73.073073 -0.291555 -0.607540 0.068926 0.677392
73.173173 -0.284142 -0.624048 0.153198 0.702597
73.273273 -0.270089 -0.625967 0.233879 0.720751
73.373373 -0.250264 -0.614500 0.309535 0.732157
73.473473 -0.225410 -0.590672 0.378935 0.737085
73.573574 -0.196163 -0.555310 0.440892 0.735687
73.673674 -0.163067 -0.509025 0.494120 0.727909
73.773774 -0.126669 -0.452389 0.537234 0.713667
73.873874 -0.087550 -0.385976 0.568644 0.692819
73.973974 -0.046381 -0.310425 0.586468 0.665176
74.074074 -0.004009 -0.226586 0.588447 0.630577
74.174174 0.038425 -0.135634 0.571608 0.588735
74.274274 0.079251 -0.039501 0.532181 0.539498
74.374374 0.115830 0.058376 0.465236 0.482979
74.474474 0.143622 0.151388 0.364175 0.419725
74.574575 0.154523 0.225950 0.222026 0.352458
74.674675 0.134731 0.254455 0.038943 0.290545
74.774775 0.069380 0.194821 -0.151671 0.256462
74.874875 -0.028444 0.042846 -0.268182 0.273069
74.974975 -0.117195 -0.131467 -0.275804 0.327240
75.075075 -0.178211 -0.276525 -0.213159 0.391997
75.175175 -0.213634 -0.382487 -0.118238 0.453779
75.275275 -0.229291 -0.453316 -0.011691 0.508140
75.375375 -0.230052 -0.494814 0.095933 0.554047
75.475475 -0.219460 -0.511953 0.198986 0.591484
75.575576 -0.200121 -0.508716 0.294190 0.620796
75.675676 -0.173960 -0.488149 0.379393 0.642254
75.775776 -0.142487 -0.452672 0.453003 0.656069
75.875876 -0.106989 -0.404397 0.513780 0.662536
75.975976 -0.068606 -0.345178 0.560603 0.661914
76.076076 -0.028388 -0.276641 0.592202 0.654248
76.176176 0.012598 -0.200379 0.607131 0.639467
76.276276 0.053165 -0.118157 0.603763 0.617509
76.376376 0.091907 -0.032084 0.580216 0.588326
76.476476 0.127014 0.055092 0.534170 0.551820
76.576577 0.156007 0.139452 0.462857 0.507958
76.676677 0.175321 0.214957 0.363374 0.457149
76.776777 0.179425 0.271497 0.233217 0.400368
76.876877 0.160025 0.291938 0.073946 0.341033
76.976977 0.106878 0.249712 -0.097955 0.288746
77.077077 0.018458 0.122964 -0.231850 0.263088
77.177177 -0.077723 -0.057322 -0.263316 0.280467
77.277277 -0.146790 -0.220244 -0.195838 0.329252
77.377377 -0.181959 -0.333573 -0.079718 0.388246
77.477477 -0.191143 -0.399820 0.049275 0.445891
77.577578 -0.182372 -0.428773 0.174348 0.497496
77.677678 -0.161344 -0.429054 0.288093 0.541403
77.777778 -0.132006 -0.407323 0.387233 0.577310
77.877878 -0.097097 -0.368443 0.470145 0.605156
77.977978 -0.058632 -0.316098 0.535909 0.624943
78.078078 -0.018241 -0.253353 0.584034 0.636880
78.178178 0.022703 -0.182794 0.614085 0.641115
78.278278 0.062945 -0.106765 0.625641 0.637799
78.378378 0.101266 -0.027563 0.618335 0.627179
78.478478 0.136311 0.052435 0.591282 0.609052
78.578579 0.166471 0.130475 0.543249 0.582971
78.678679 0.189783 0.203060 0.473111 0.548712
78.778779 0.203655 0.265433 0.379736 0.506092
78.878879 0.204520 0.310696 0.262532 0.455284
78.978979 0.187292 0.328206 0.122822 0.397345
79.079079 0.144733 0.300760 -0.031970 0.335300
79.179179 0.069931 0.204937 -0.175944 0.279009
79.279279 -0.029347 0.033371 -0.247530 0.251488
79.379379 -0.113272 -0.154356 -0.193107 0.271931
79.479479 -0.151353 -0.281899 -0.054372 0.324547
79.579580 -0.150968 -0.339205 0.101970 0.385032
79.679680 -0.127473 -0.345299 0.244619 0.441949
79.779780 -0.091255 -0.317347 0.363984 0.491448
79.879880 -0.048471 -0.266836 0.457891 0.532179
79.979980 -0.002926 -0.201403 0.526469 0.563685
80.080080 0.042784 -0.126577 0.570648 0.586081
80.180180 0.086724 -0.046500 0.591174 0.599308
80.280280 0.127273 0.035372 0.588654 0.603294
80.380380 0.162951 0.115854 0.563698 0.598105
80.480480 0.192198 0.191715 0.516630 0.583610
80.580581 0.213225 0.259317 0.447620 0.559530
80.680681 0.223811 0.314144 0.356907 0.525510
80.780781 0.220943 0.349967 0.245059 0.480985
80.880881 0.200371 0.357543 0.114123 0.425453
80.980981 0.156135 0.322461 -0.029127 0.359455
81.081081 0.081420 0.223231 -0.163457 0.288408
81.181181 -0.020891 0.043364 -0.228991 0.233996
81.281281 -0.105548 -0.157392 -0.143429 0.237664
81.381381 -0.124854 -0.264184 0.040324 0.294971
81.481481 -0.097982 -0.276285 0.217291 0.364896
81.581582 -0.051513 -0.234819 0.355355 0.429035
81.681682 0.001304 -0.165821 0.453409 0.482781
81.781782 0.054210 -0.083397 0.515798 0.525301
81.881882 0.103882 0.004280 0.546665 0.556464
81.981982 0.148267 0.091808 0.549532 0.576539
82.082082 0.185826 0.175108 0.527096 0.585683
82.182182 0.215219 0.250701 0.481531 0.583988
82.282282 0.235105 0.315186 0.414787 0.571546
82.382382 0.243903 0.364760 0.328604 0.548196
82.482482 0.239678 0.394788 0.225065 0.513768
82.582583 0.219881 0.399052 0.107213 0.468065
82.682683 0.181090 0.368621 -0.019304 0.411154
82.782783 0.119014 0.290247 -0.141871 0.344289
82.882883 0.031466 0.147909 -0.229107 0.274513
82.982983 -0.065154 -0.051131 -0.212447 0.228020
83.083083 -0.114759 -0.210210 -0.050737 0.244810
83.183183 -0.097694 -0.251031 0.150856 0.308737
83.283283 -0.048490 -0.212555 0.311661 0.380347
83.383383 0.009728 -0.137323 0.421957 0.443847
83.483483 0.067323 -0.047147 0.488672 0.495535
83.583584 0.120125 0.046801 0.519478 0.535237
83.683684 0.166049 0.138174 0.520261 0.563326
83.783784 0.203829 0.222800 0.495444 0.580217
83.883884 0.232522 0.297493 0.448538 0.586307
83.983984 0.251203 0.359361 0.382368 0.581764
84.084084 0.258811 0.405355 0.299426 0.566526
84.184184 0.253996 0.431843 0.202247 0.540283
84.284284 0.234990 0.434125 0.093980 0.502511
84.384384 0.199677 0.406149 -0.020459 0.453041
84.484484 0.145413 0.339329 -0.132152 0.392114
84.584585 0.070003 0.222338 -0.222403 0.322176
84.684685 -0.022058 0.048409 -0.248848 0.254471
84.784785 -0.097352 -0.140781 -0.144110 0.223751
84.884885 -0.102938 -0.229513 0.064747 0.259740
84.984985 -0.055005 -0.203507 0.252295 0.328776
85.085085 0.008864 -0.123154 0.379169 0.398767
85.185185 0.072249 -0.024199 0.453361 0.459719
85.285285 0.129422 0.077492 0.486811 0.509647
85.385385 0.178348 0.174423 0.488759 0.548741
85.485485 0.218252 0.262590 0.465821 0.577561
85.585586 0.248732 0.339437 0.422725 0.596475
85.685686 0.269470 0.402986 0.363074 0.605669
85.785786 0.280156 0.451493 0.289910 0.605294
85.885886 0.280381 0.483120 0.205979 0.595354
85.985986 0.269584 0.495724 0.114035 0.575692
86.086086 0.246989 0.486580 0.017236 0.545950
86.186186 0.211694 0.452345 -0.080248 0.505837
86.286286 0.162794 0.388895 -0.172191 0.455402
86.386386 0.099538 0.290810 -0.248033 0.394967
86.486486 0.023026 0.152867 -0.287801 0.326693
86.586587 -0.057074 -0.019786 -0.253413 0.260513
86.686687 -0.105676 -0.173886 -0.099716 0.226599
86.786787 -0.081992 -0.208640 0.121106 0.254794
86.886887 -0.013159 -0.133743 0.289338 0.319025
86.986987 0.061594 -0.018978 0.382052 0.387450
87.087087 0.128066 0.100181 0.418442 0.448922
87.187187 0.182949 0.210680 0.415874 0.500807
87.287287 0.225999 0.307687 0.386045 0.542934
87.387387 0.257675 0.389261 0.336647 0.575545
87.487487 0.278563 0.454559 0.273099 0.599003
87.587588 0.289283 0.503272 0.199564 0.613835
87.687688 0.290275 0.535053 0.119338 0.620309
87.787788 0.281832 0.549430 0.035265 0.618503
87.887888 0.264233 0.545938 -0.049902 0.608570
87.987988 0.237700 0.523960 -0.133306 0.590598
88.088088 0.202407 0.482629 -0.211677 0.564541
88.188188 0.158541 0.420782 -0.280885 0.530178
88.288288 0.106502 0.337102 -0.335234 0.487198
88.388388 0.047385 0.230696 -0.366434 0.435591
88.488488 -0.015941 0.102450 -0.361461 0.376037
88.588589 -0.075855 -0.039969 -0.299995 0.312007
88.688689 -0.112974 -0.167012 -0.157433 0.255815
88.788789 -0.094388 -0.208742 0.054775 0.235548
88.888889 -0.019052 -0.125679 0.235967 0.268027
88.988989 0.067936 0.016552 0.320478 0.328018
89.089089 0.140541 0.158354 0.328869 0.391130
89.189189 0.194459 0.279785 0.291687 0.448526
89.289289 0.231269 0.376828 0.228233 0.497569
89.389389 0.253354 0.449977 0.149976 0.537736
89.489489 0.262917 0.500933 0.064184 0.569367
89.589590 0.261721 0.531410 -0.024288 0.592861
89.689690 0.251241 0.543045 -0.111922 0.608726
89.789790 0.232673 0.537192 -0.195937 0.617336
89.889890 0.206971 0.514856 -0.273911 0.618823
89.989990 0.174916 0.476685 -0.343396 0.612980
90.090090 0.137262 0.423221 -0.401789 0.599492
90.190190 0.094924 0.355248 -0.446298 0.578268
90.290290 0.048984 0.273667 -0.473527 0.549109
90.390390 0.000897 0.179737 -0.479046 0.511656
90.490490 -0.047095 0.075734 -0.456938 0.465560
90.590591 -0.091161 -0.033664 -0.399214 0.410871
90.690691 -0.124123 -0.138058 -0.295291 0.348803
90.790791 -0.131830 -0.212961 -0.135056 0.284555
90.890891 -0.091380 -0.207528 0.067665 0.236636
90.990991 0.001454 -0.080227 0.223791 0.237741
91.091091 0.096687 0.099994 0.250337 0.286384
91.191191 0.159729 0.250249 0.184584 0.349584
91.291291 0.191718 0.352856 0.080245 0.409515
91.391391 0.200679 0.413452 -0.034731 0.460891
91.491491 0.192919 0.439765 -0.147267 0.502293
91.591592 0.172913 0.438255 -0.250698 0.533681
91.691692 0.143964 0.414128 -0.341300 0.555620
91.791792 0.108517 0.371321 -0.416529 0.568464
91.891892 0.068545 0.313030 -0.474384 0.572473
91.991992 0.025823 0.242109 -0.513023 0.567870
92.092092 -0.017939 0.161154 -0.530227 0.554467
92.192192 -0.060835 0.073024 -0.523469 0.532027
92.292292 -0.100506 -0.018704 -0.489694 0.500252
92.392392 -0.133689 -0.108967 -0.425003 0.458665
92.492492 -0.155553 -0.189694 -0.325162 0.407322
92.592593 -0.158318 -0.246614 -0.186788 0.347523
92.692693 -0.129181 -0.252764 -0.013673 0.284190
92.792793 -0.053790 -0.165756 0.157198 0.234691
92.892893 0.051384 0.018668 0.225847 0.232370
92.992993 0.126975 0.197412 0.150827 0.279004
93.093093 0.154331 0.303899 0.011148 0.341024
93.193193 0.148237 0.345625 -0.133925 0.399208
93.293293 0.122172 0.341293 -0.262318 0.447457
93.393393 0.084528 0.304914 -0.366653 0.484305
93.493493 0.040640 0.246206 -0.444433 0.509695
93.593594 -0.005818 0.172073 -0.494494 0.523610
93.693694 -0.051936 0.087986 -0.515931 0.525950
93.793794 -0.095074 -0.001060 -0.508005 0.516826
93.893894 -0.132474 -0.089919 -0.469758 0.496293
93.993994 -0.160744 -0.172420 -0.399562 0.463915
94.094094 -0.175225 -0.239905 -0.295696 0.419159
94.194194 -0.169099 -0.278797 -0.158078 0.362368
94.294294 -0.131876 -0.265552 0.006275 0.296561
94.394394 -0.051463 -0.162759 0.161631 0.235082
94.494494 0.056318 0.036327 0.204822 0.215508
94.594595 0.121710 0.211349 0.085018 0.258282
94.694695 0.126794 0.285592 -0.087534 0.324503
94.794795 0.098060 0.285505 -0.241691 0.386709
94.894895 0.054001 0.241781 -0.360727 0.437605
94.994995 0.004164 0.172980 -0.443298 0.475870
95.095095 -0.046118 0.090404 -0.491179 0.501554
95.195195 -0.093379 0.001739 -0.506436 0.514976
95.295295 -0.134929 -0.087029 -0.490729 0.516328
95.395395 -0.168214 -0.170411 -0.445107 0.505427
95.495495 -0.190414 -0.242480 -0.370377 0.481906
95.595596 -0.197967 -0.295761 -0.267526 0.445236
95.695696 -0.185834 -0.319388 -0.138730 0.394701
95.795796 -0.146545 -0.295788 0.008853 0.330218
95.895896 -0.070636 -0.196571 0.149634 0.256943
95.995996 0.036911 -0.000655 0.200097 0.203473
96.096096 0.105498 0.187075 0.063253 0.223892
96.196196 0.094995 0.241045 -0.138473 0.293771
96.296296 0.047670 0.205811 -0.297914 0.365216
96.396396 -0.009588 0.130754 -0.403521 0.424285
96.496496 -0.066161 0.039830 -0.462729 0.469129
96.596597 -0.117379 -0.054722 -0.483398 0.500446
96.696697 -0.160653 -0.145656 -0.471122 0.518634
96.796797 -0.194086 -0.227679 -0.429958 0.523805
96.896897 -0.215893 -0.296034 -0.363112 0.515845
96.996997 -0.224067 -0.345643 -0.273487 0.494439
97.097097 -0.216027 -0.370136 -0.164346 0.458997
97.197197 -0.188357 -0.360812 -0.040765 0.409054
97.297297 -0.136504 -0.304724 0.086858 0.345014
97.397397 -0.055842 -0.182844 0.192174 0.271074
97.497497 0.044640 0.013386 0.203828 0.209088
97.597598 0.100017 0.184525 0.040671 0.213792
97.697698 0.071786 0.207271 -0.172260 0.278905
97.797798 0.009806 0.139146 -0.321899 0.350823
97.897898 -0.055637 0.039425 -0.405087 0.410786
97.997998 -0.114313 -0.066332 -0.435666 0.455271
98.098098 -0.162310 -0.166146 -0.424863 0.484208
98.198198 -0.197595 -0.253013 -0.380605 0.497916
98.298298 -0.218574 -0.321560 -0.308800 0.496520
98.398398 -0.223441 -0.366354 -0.214365 0.479681
98.498498 -0.209783 -0.380667 -0.102444 0.446555
98.598599 -0.174249 -0.355058 0.019548 0.395994
98.698699 -0.112465 -0.275356 0.136968 0.327459
98.798799 -0.021717 -0.122148 0.212142 0.245756
98.898899 0.072750 0.091087 0.145695 0.186592
98.998999 0.078467 0.189060 -0.087337 0.222550
99.099099 0.013574 0.129278 -0.275087 0.304254
99.199199 -0.059707 0.018977 -0.371912 0.377152
99.299299 -0.123252 -0.096605 -0.402200 0.431611
99.399399 -0.172520 -0.201402 -0.384816 0.467342
99.499499 -0.205882 -0.287733 -0.331667 0.484955
99.599600 -0.222096 -0.350106 -0.250877 0.484603
99.699700 -0.219585 -0.382909 -0.149079 0.465898
99.799800 -0.196135 -0.379069 -0.033412 0.428110
99.899900 -0.148571 -0.328303 0.085499 0.370360
100.000000 -0.073097 -0.214799 0.185482 0.293062
