0.000000 -0.300936 0.365435 -0.768879 0.902928
0.100100 -0.351151 0.294064 -0.761703 0.888804
0.200200 -0.396593 0.218742 -0.744219 0.871204
0.300300 -0.436303 0.140304 -0.716027 0.850142
0.400400 -0.469231 0.059729 -0.676749 0.825672
0.500501 -0.494200 -0.021811 -0.626042 0.797896
0.600601 -0.509908 -0.102895 -0.563652 0.767005
0.700701 -0.514888 -0.181756 -0.489461 0.733292
0.800801 -0.507381 -0.256140 -0.403471 0.697017
0.900901 -0.485450 -0.323160 -0.306096 0.658627
1.001001 -0.447222 -0.379232 -0.198547 0.619068
1.101101 -0.391037 -0.419940 -0.083166 0.579807
1.201201 -0.315741 -0.439928 0.036079 0.542707
1.301301 -0.221593 -0.433362 0.152876 0.510173
1.401401 -0.111513 -0.395204 0.258237 0.485085
1.501502 0.007807 -0.323609 0.341493 0.470533
1.601602 0.126266 -0.222067 0.392967 0.468700
1.701702 0.232787 -0.099505 0.407261 0.479533
1.801802 0.318671 0.032088 0.385236 0.500986
1.901902 0.379602 0.161384 0.332825 0.530014
2.002002 0.415176 0.280074 0.258003 0.563363
2.102102 0.427609 0.383305 0.168647 0.598510
2.202202 0.420177 0.468826 0.071356 0.633592
2.302302 0.396345 0.536136 -0.028811 0.667354
2.402402 0.359448 0.585835 -0.128089 0.699151
2.502503 0.312336 0.618926 -0.223772 0.728490
2.602603 0.257484 0.636718 -0.313948 0.755163
2.702703 0.196992 0.640584 -0.397267 0.779086
2.802803 0.132596 0.631757 -0.472716 0.800099
2.902903 0.065776 0.611363 -0.539504 0.818020
3.003003 -0.002163 0.580498 -0.597044 0.832733
3.103103 -0.070056 0.540177 -0.644843 0.844109
3.203203 -0.136839 0.491404 -0.682535 0.852090
3.303303 -0.201558 0.435267 -0.709980 0.856828
3.403403 -0.263334 0.372823 -0.727109 0.858504
3.503504 -0.321330 0.305064 -0.733838 0.857225
3.603604 -0.374724 0.232974 -0.730096 0.853074
3.703704 -0.422700 0.157549 -0.715833 0.846117
3.803804 -0.464456 0.079837 -0.691067 0.836461
3.903904 -0.499189 0.000949 -0.655884 0.824242
4.004004 -0.526076 -0.077922 -0.610425 0.809597
4.104104 -0.544272 -0.155473 -0.554915 0.792676
4.204204 -0.552853 -0.230242 -0.489639 0.773566
4.304304 -0.550806 -0.300543 -0.414992 0.752284
4.404404 -0.537254 -0.364528 -0.331716 0.729081
4.504505 -0.511376 -0.420099 -0.240883 0.704282
4.604605 -0.472347 -0.464806 -0.143915 0.678136
4.704705 -0.419610 -0.495951 -0.042846 0.651058
4.804805 -0.353040 -0.510655 0.059542 0.623660
4.904905 -0.273268 -0.506147 0.159584 0.596931
5.005005 -0.181918 -0.480022 0.252690 0.572160
5.105105 -0.081882 -0.430724 0.333470 0.550845
5.205205 0.022454 -0.358235 0.396154 0.534579
5.305305 0.125367 -0.264692 0.435418 0.524755
5.405405 0.220377 -0.154679 0.447456 0.522215
5.505506 0.301388 -0.034862 0.431092 0.527153
5.605606 0.363890 0.087135 0.388214 0.539184
5.705706 0.405573 0.204211 0.323059 0.557278
5.805806 0.426176 0.310738 0.241048 0.579904
5.905906 0.426906 0.402831 0.147736 0.605266
6.006006 0.409997 0.478342 0.048260 0.631853
6.106106 0.378125 0.536437 -0.053023 0.658448
6.206206 0.334000 0.577192 -0.152630 0.684107
6.306306 0.280287 0.601415 -0.247893 0.708317
6.406406 0.219430 0.610340 -0.336871 0.730854
6.506507 0.153591 0.605439 -0.418232 0.751707
6.606607 0.084604 0.588135 -0.491026 0.770822
6.706707 0.014018 0.559680 -0.554507 0.787982
6.806807 -0.056812 0.521312 -0.608157 0.803025
6.906907 -0.126687 0.474265 -0.651672 0.815875
7.007007 -0.194531 0.419676 -0.684801 0.826391
7.107107 -0.259362 0.358627 -0.707366 0.834415
7.207207 -0.320308 0.292236 -0.719366 0.839933
7.307307 -0.376558 0.221592 -0.720852 0.842928
7.407407 -0.427371 0.147774 -0.711954 0.843422
7.507508 -0.472081 0.071870 -0.692916 0.841521
7.607608 -0.509973 -0.005043 -0.663899 0.837174
7.707708 -0.540366 -0.081858 -0.625144 0.830362
7.807808 -0.562676 -0.157424 -0.577064 0.821212
7.907908 -0.576250 -0.230516 -0.520053 0.809726
8.008008 -0.580384 -0.299804 -0.454553 0.795831
8.108108 -0.574468 -0.363871 -0.381213 0.779576
8.208208 -0.557926 -0.421171 -0.300856 0.761039
8.308308 -0.530199 -0.469989 -0.214508 0.740280
8.408408 -0.490947 -0.508551 -0.123540 0.717576
8.508509 -0.440046 -0.534993 -0.029693 0.693354
8.608609 -0.377507 -0.547216 0.064866 0.667956
8.708709 -0.303688 -0.542994 0.157392 0.641748
8.808809 -0.219521 -0.520135 0.244416 0.615198
8.908909 -0.126846 -0.476926 0.321772 0.589139
9.009009 -0.028625 -0.412476 0.384662 0.564731
9.109109 0.070924 -0.327218 0.427995 0.543398
9.209209 0.166304 -0.223462 0.446922 0.526623
9.309309 0.251236 -0.105881 0.437992 0.515914
9.409409 0.319677 0.018558 0.400405 0.512701
9.509510 0.366874 0.141739 0.336235 0.517436
9.609610 0.390296 0.255762 0.250248 0.529499
9.709710 0.390006 0.354307 0.148996 0.547574
9.809810 0.368030 0.433212 0.039396 0.569799
9.909910 0.327651 0.490536 -0.072256 0.594308
10.010010 0.272825 0.526315 -0.180811 0.619785
10.110110 0.207448 0.541825 -0.282458 0.645284
10.210210 0.134926 0.538731 -0.374437 0.669805
10.310310 0.058174 0.518807 -0.454737 0.692337
10.410410 -0.020247 0.484148 -0.522144 0.712351
10.510511 -0.098152 0.436961 -0.576050 0.729659
10.610611 -0.173685 0.379237 -0.616060 0.743987
10.710711 -0.245243 0.312849 -0.641984 0.755090
10.810811 -0.311427 0.239628 -0.653865 0.762855
10.910911 -0.371017 0.161353 -0.651921 0.767261
11.011011 -0.422935 0.079765 -0.636520 0.768371
11.111111 -0.466237 -0.003428 -0.608172 0.766330
11.211211 -0.500035 -0.086524 -0.567456 0.761268
11.311311 -0.523391 -0.167782 -0.514920 0.753148
11.411411 -0.535426 -0.245381 -0.451277 0.741986
11.511512 -0.535413 -0.317428 -0.377513 0.727973
11.611612 -0.522712 -0.381916 -0.294840 0.711349
11.711712 -0.496724 -0.436649 -0.204718 0.692320
11.811812 -0.456994 -0.479250 -0.108987 0.671120
11.911912 -0.403501 -0.507362 -0.010032 0.648329
12.012012 -0.336723 -0.518691 0.089174 0.624800
12.112112 -0.257667 -0.511002 0.185021 0.601455
12.212212 -0.168173 -0.482464 0.273223 0.579400
12.312312 -0.071090 -0.431889 0.348821 0.559694
12.412412 0.029497 -0.359525 0.406713 0.543639
12.512513 0.128400 -0.267693 0.442469 0.532846
12.612613 0.219920 -0.160642 0.452960 0.528529
12.712713 0.298455 -0.044193 0.436796 0.530866
12.812813 0.359469 0.074857 0.394982 0.539288
12.912913 0.400344 0.189749 0.331002 0.553030
13.013013 0.420302 0.294769 0.249686 0.570864
13.113113 0.420084 0.385685 0.156339 0.591325
13.213213 0.401588 0.459865 0.056141 0.613107
13.313313 0.367407 0.516131 -0.046297 0.635234
13.413413 0.320373 0.554378 -0.147155 0.656985
13.513514 0.263278 0.575256 -0.243431 0.677860
13.613614 0.198680 0.579757 -0.332788 0.697381
13.713714 0.128850 0.569003 -0.413395 0.715025
13.813814 0.055852 0.544253 -0.483830 0.730358
13.913914 -0.018443 0.506812 -0.542976 0.742981
14.014014 -0.092321 0.458112 -0.590051 0.752695
14.114114 -0.164218 0.399649 -0.624533 0.759427
14.214214 -0.232690 0.332897 -0.646036 0.763103
14.314314 -0.296349 0.259306 -0.654226 0.763593
14.414414 -0.353872 0.180383 -0.648907 0.760818
14.514515 -0.404048 0.097747 -0.630147 0.754914
14.614615 -0.445728 0.013087 -0.598170 0.746091
14.714715 -0.477634 -0.071816 -0.553122 0.734327
14.814815 -0.498470 -0.155017 -0.495292 0.719595
14.914915 -0.506931 -0.234322 -0.425215 0.701922
15.015015 -0.501798 -0.307299 -0.343780 0.681482
15.115115 -0.482002 -0.371238 -0.252359 0.658657
15.215215 -0.446660 -0.423142 -0.152864 0.633973
15.315315 -0.395242 -0.459729 -0.047954 0.608167
15.415415 -0.327671 -0.477416 0.058800 0.582024
15.515516 -0.244919 -0.472843 0.162687 0.556805
15.615616 -0.149393 -0.443407 0.257881 0.534256
15.715716 -0.045164 -0.387789 0.337694 0.516195
15.815816 0.061895 -0.306839 0.395287 0.504215
15.915916 0.164550 -0.204488 0.425199 0.499686
16.016016 0.255461 -0.087590 0.424812 0.503386
16.116116 0.328552 0.035447 0.394761 0.514820
16.216216 0.380092 0.156238 0.338735 0.532561
16.316316 0.409149 0.267886 0.262572 0.555077
16.416416 0.417054 0.365781 0.172736 0.581006
16.516517 0.406379 0.447461 0.075123 0.609105
16.616617 0.380028 0.511938 -0.025449 0.638082
16.716717 0.340783 0.559090 -0.125200 0.666625
16.816817 0.291327 0.589531 -0.221245 0.693806
16.916917 0.234188 0.604464 -0.311494 0.719201
17.017017 0.171588 0.605333 -0.394511 0.742637
17.117117 0.105395 0.593539 -0.469281 0.763951
17.217217 0.037185 0.570381 -0.535065 0.782951
17.317317 -0.031680 0.537130 -0.591376 0.799524
17.417417 -0.100012 0.494996 -0.637896 0.813594
17.517518 -0.166789 0.445196 -0.674528 0.825231
17.617618 -0.231115 0.388895 -0.701291 0.834543
17.717718 -0.292157 0.327106 -0.718127 0.841463
17.817818 -0.349113 0.260777 -0.724955 0.845840
17.917918 -0.401242 0.190869 -0.721787 0.847587
18.018018 -0.447844 0.118361 -0.708707 0.846663
18.118118 -0.488311 0.044252 -0.685939 0.843160
18.218218 -0.522071 -0.030439 -0.653776 0.837202
18.318318 -0.548471 -0.104674 -0.612423 0.828757
18.418418 -0.566858 -0.177354 -0.562149 0.817798
18.518519 -0.576509 -0.247271 -0.503244 0.804214
18.618619 -0.576739 -0.313118 -0.436142 0.787966
18.718719 -0.567015 -0.373533 -0.361543 0.769251
18.818819 -0.546760 -0.426973 -0.280267 0.748199
18.918919 -0.515367 -0.471674 -0.193325 0.724883
19.019019 -0.472392 -0.505727 -0.102087 0.699525
19.119119 -0.417681 -0.527160 -0.008370 0.672625
19.219219 -0.351312 -0.533799 0.085499 0.644725
19.319319 -0.273683 -0.523216 0.176512 0.616290
19.419419 -0.185917 -0.493090 0.260819 0.587988
19.519520 -0.090259 -0.441784 0.333801 0.561019
19.619620 0.009721 -0.368744 0.390204 0.536960
19.719720 0.109007 -0.275010 0.424515 0.517423
19.819820 0.201306 -0.164071 0.432050 0.504094
19.919920 0.279886 -0.042108 0.410300 0.498453
20.020020 0.338899 0.082758 0.359908 0.501233
20.120120 0.374817 0.202026 0.284945 0.512343
20.220220 0.386959 0.308551 0.191836 0.530794
20.320320 0.377180 0.397700 0.087752 0.555095
20.420420 0.348893 0.467433 -0.020739 0.583652
20.520521 0.305898 0.517551 -0.128449 0.614762
20.620621 0.251788 0.548938 -0.231567 0.646802
20.720721 0.189750 0.563118 -0.327473 0.678488
20.820821 0.122524 0.561973 -0.414498 0.708967
20.920921 0.052356 0.547407 -0.491645 0.737639
21.021021 -0.018933 0.521183 -0.558330 0.764017
21.121121 -0.089854 0.484837 -0.614171 0.787621
21.221221 -0.159183 0.439891 -0.659120 0.808259
21.321321 -0.225928 0.387820 -0.693385 0.825973
21.421421 -0.289234 0.329871 -0.717122 0.840675
21.521522 -0.348357 0.267173 -0.730511 0.852279
21.621622 -0.402669 0.200806 -0.733831 0.860798
21.721722 -0.451630 0.131788 -0.727417 0.866299
21.821822 -0.494719 0.061080 -0.711570 0.868798
21.921922 -0.531425 -0.010395 -0.686565 0.868269
22.022022 -0.561326 -0.081718 -0.652785 0.864808
22.122122 -0.583961 -0.151960 -0.610581 0.858435
22.222222 -0.598847 -0.220165 -0.560296 0.849130
22.322322 -0.605496 -0.285315 -0.502330 0.836878
22.422422 -0.603522 -0.346382 -0.437231 0.821822
22.522523 -0.592565 -0.402266 -0.365653 0.804148
22.622623 -0.572104 -0.451665 -0.288243 0.783829
22.722723 -0.541642 -0.493133 -0.205830 0.760870
22.822823 -0.500720 -0.525036 -0.119488 0.735296
22.922923 -0.449067 -0.545637 -0.030633 0.707333
23.023023 -0.386702 -0.553163 0.058891 0.677492
23.123123 -0.313926 -0.545714 0.146745 0.646442
23.223223 -0.231442 -0.521263 0.229931 0.614938
23.323323 -0.140648 -0.477904 0.304666 0.583949
23.423423 -0.043985 -0.414217 0.366293 0.554690
23.523524 0.054736 -0.329773 0.409371 0.528518
23.623624 0.150022 -0.225913 0.428069 0.506740
23.723724 0.234786 -0.106661 0.417208 0.490473
23.823824 0.301462 0.020620 0.374397 0.481121
23.923924 0.343594 0.146123 0.301206 0.479723
24.024024 0.357560 0.259658 0.203312 0.486423
24.124124 0.343457 0.352871 0.089397 0.500472
24.224224 0.304534 0.420694 -0.031095 0.520280
24.324324 0.245899 0.461414 -0.149702 0.543856
24.424424 0.173176 0.475849 -0.259887 0.569178
24.524525 0.091779 0.466661 -0.357271 0.594843
24.624625 0.006353 0.437257 -0.439247 0.619816
24.724725 -0.079357 0.391048 -0.504395 0.643141
24.824825 -0.162360 0.331344 -0.552177 0.664115
24.924925 -0.240278 0.261220 -0.582622 0.682215
25.025025 -0.311184 0.183467 -0.596059 0.696981
25.125125 -0.373489 0.100649 -0.593026 0.708029
25.225225 -0.425948 0.015183 -0.574366 0.715233
25.325325 -0.467547 -0.070654 -0.541078 0.718581
25.425425 -0.497314 -0.154679 -0.494121 0.717916
25.525526 -0.514483 -0.234767 -0.434667 0.713263
25.625626 -0.518395 -0.308776 -0.364044 0.704701
25.725726 -0.508395 -0.374463 -0.283685 0.692218
25.825826 -0.483960 -0.429475 -0.195316 0.675880
25.925926 -0.444672 -0.471251 -0.101009 0.655754
26.026026 -0.390361 -0.497034 -0.003364 0.632009
26.126126 -0.321263 -0.503889 0.094306 0.604986
26.226226 -0.238282 -0.488818 0.187747 0.575300
26.326326 -0.143433 -0.449166 0.271595 0.544138
26.426426 -0.040304 -0.383097 0.339267 0.513312
26.526527 0.065404 -0.290637 0.383307 0.485461
26.626627 0.165552 -0.174828 0.396153 0.463584
26.726727 0.250090 -0.042985 0.372107 0.450396
26.826827 0.309134 0.093059 0.310312 0.447792
26.926927 0.336284 0.219531 0.216474 0.456225
27.027027 0.330641 0.324723 0.101395 0.474394
27.127127 0.296188 0.401827 -0.022731 0.499708
27.227227 0.239706 0.449294 -0.145421 0.529595
27.327327 0.168386 0.469219 -0.259386 0.561962
27.427427 0.088392 0.465258 -0.360279 0.595045
27.527528 0.004548 0.441456 -0.445914 0.627489
27.627628 -0.079517 0.401691 -0.515499 0.658345
27.727728 -0.161139 0.349374 -0.569032 0.686896
27.827828 -0.238403 0.287527 -0.607091 0.712789
27.927928 -0.309928 0.218734 -0.630510 0.735828
28.028028 -0.374591 0.145101 -0.639974 0.755605
28.128128 -0.431509 0.068470 -0.636206 0.771781
28.228228 -0.480035 -0.009483 -0.620076 0.784231
28.328328 -0.519540 -0.087241 -0.592312 0.792696
28.428428 -0.549456 -0.163372 -0.553631 0.796931
28.528529 -0.569262 -0.236477 -0.504785 0.796736
28.628629 -0.578533 -0.305186 -0.446615 0.792026
28.728729 -0.576941 -0.368143 -0.380084 0.782850
28.828829 -0.564059 -0.423865 -0.306145 0.769122
28.928929 -0.539464 -0.470753 -0.225882 0.750768
29.029029 -0.502837 -0.507103 -0.140621 0.727855
29.129129 -0.453899 -0.530985 -0.051971 0.700479
29.229229 -0.392411 -0.540112 0.038041 0.668696
29.329329 -0.318412 -0.531918 0.126737 0.632760
29.429429 -0.232505 -0.503674 0.210531 0.593354
29.529530 -0.136191 -0.452606 0.284618 0.551732
29.629630 -0.032463 -0.376264 0.342559 0.509878
29.729730 0.073241 -0.273515 0.376062 0.470741
29.829830 0.171989 -0.146637 0.375742 0.438480
29.929930 0.251351 -0.004022 0.333877 0.417932
30.030030 0.298317 0.138753 0.249348 0.412819
30.130130 0.305548 0.263096 0.131556 0.424130
30.230230 0.274982 0.355165 -0.002789 0.449183
30.330330 0.215294 0.410054 -0.137282 0.483055
30.430430 0.137050 0.430110 -0.260464 0.521170
30.530531 0.049278 0.420875 -0.366163 0.560035
30.630631 -0.041357 0.388370 -0.451800 0.597214
30.730731 -0.130191 0.338003 -0.516788 0.631083
30.830831 -0.213993 0.274373 -0.561601 0.660658
30.930931 -0.290553 0.201374 -0.587322 0.685507
31.031031 -0.358273 0.122224 -0.595147 0.705336
31.131131 -0.415919 0.039630 -0.586232 0.719880
31.231231 -0.462529 -0.044009 -0.561768 0.729009
31.331331 -0.497300 -0.126510 -0.522938 0.732650
31.431431 -0.519536 -0.205803 -0.470944 0.730794
31.531532 -0.528671 -0.279886 -0.407096 0.723572
31.631632 -0.524185 -0.346728 -0.332791 0.711154
31.731732 -0.505594 -0.404205 -0.249566 0.693751
31.831832 -0.472386 -0.449944 -0.159179 0.671518
31.931932 -0.424225 -0.481384 -0.063812 0.644802
32.032032 -0.361098 -0.495751 0.033714 0.614245
32.132132 -0.283336 -0.489896 0.129741 0.580612
32.232232 -0.192036 -0.460407 0.219337 0.544942
32.332332 -0.089693 -0.404020 0.295888 0.508750
32.432432 0.018824 -0.318671 0.350892 0.474374
32.532533 0.125276 -0.205115 0.374315 0.444834
32.632633 0.217834 -0.069738 0.357172 0.424131
32.732733 0.283440 0.073928 0.296187 0.416570
32.832833 0.312569 0.208048 0.197116 0.424073
32.932933 0.303635 0.317067 0.073801 0.445166
33.033033 0.262555 0.392861 -0.057678 0.476027
33.133133 0.198593 0.434835 -0.184558 0.512427
33.233233 0.120756 0.446866 -0.298992 0.551060
33.333333 0.036122 0.434297 -0.397163 0.589625
33.433433 -0.050226 0.402348 -0.477743 0.626614
33.533534 -0.134764 0.355371 -0.540567 0.660804
33.633634 -0.215042 0.297011 -0.586149 0.691396
33.733734 -0.289375 0.230383 -0.615470 0.718065
33.833834 -0.356585 0.158062 -0.629618 0.740645
33.933934 -0.415836 0.082205 -0.629704 0.759081
34.034034 -0.466438 0.004647 -0.616702 0.773245
34.134134 -0.507781 -0.072992 -0.591470 0.782947
34.234234 -0.539404 -0.149221 -0.554928 0.788142
34.334334 -0.560849 -0.222616 -0.507935 0.788738
34.434434 -0.571747 -0.291808 -0.451407 0.784738
34.534535 -0.571779 -0.355430 -0.386323 0.776214
34.634635 -0.560568 -0.412038 -0.313671 0.763152
34.734735 -0.537831 -0.460145 -0.234598 0.745675
34.834835 -0.503330 -0.498149 -0.150432 0.723964
34.934935 -0.456863 -0.524266 -0.062737 0.698222
35.035035 -0.398383 -0.536537 0.026546 0.668794
35.135135 -0.328015 -0.532706 0.114945 0.636067
35.235235 -0.246227 -0.510191 0.199200 0.600503
35.335335 -0.154272 -0.466383 0.274999 0.562972
35.435435 -0.054675 -0.399008 0.336699 0.524940
35.535536 0.048095 -0.306775 0.377119 0.488511
35.635636 0.146764 -0.190784 0.387837 0.456460
35.735736 0.230959 -0.056782 0.361131 0.432414
35.835836 0.288820 0.083278 0.293674 0.420234
35.935936 0.311307 0.213042 0.190348 0.422530
36.036036 0.296585 0.317487 0.064120 0.439172
36.136136 0.250173 0.388319 -0.069274 0.467094
36.236236 0.181331 0.424740 -0.196872 0.502039
36.336336 0.099278 0.430706 -0.310629 0.540235
36.436436 0.011365 0.411944 -0.406762 0.579035
36.536537 -0.077194 0.374109 -0.484219 0.616753
36.636637 -0.162887 0.321977 -0.543281 0.652193
36.736737 -0.243376 0.259426 -0.584850 0.684532
36.836837 -0.317146 0.189654 -0.610213 0.713380
36.936937 -0.383281 0.115283 -0.620852 0.738683
37.037037 -0.441205 0.038435 -0.618183 0.760453
37.137137 -0.490547 -0.039164 -0.603486 0.778694
37.237237 -0.530992 -0.116043 -0.577854 0.793305
37.337337 -0.562190 -0.190888 -0.542171 0.804018
37.437437 -0.583946 -0.262517 -0.497394 0.810745
37.537538 -0.596142 -0.329832 -0.444489 0.813477
37.637638 -0.598671 -0.391783 -0.384393 0.812194
37.737738 -0.591399 -0.447300 -0.318026 0.806828
37.837838 -0.574112 -0.495216 -0.246298 0.797186
37.937938 -0.546763 -0.534431 -0.170276 0.783300
38.038038 -0.509511 -0.563941 -0.091197 0.765472
38.138138 -0.462498 -0.582609 -0.010408 0.743940
38.238238 -0.405736 -0.588945 0.070545 0.718648
38.338338 -0.339367 -0.581267 0.149760 0.689543
38.438438 -0.263920 -0.557953 0.224878 0.656913
38.538539 -0.180382 -0.517392 0.292957 0.621334
38.638639 -0.090372 -0.457997 0.350248 0.583611
38.738739 0.003458 -0.378575 0.392052 0.545010
38.838839 0.096909 -0.279043 0.412772 0.507579
38.938939 0.183689 -0.161296 0.406096 0.473996
39.039039 0.255251 -0.030748 0.366352 0.447563
39.139139 0.301864 0.102424 0.291189 0.431745
39.239239 0.315568 0.224240 0.184475 0.428833
39.339339 0.294212 0.321191 0.057217 0.439316
39.439439 0.242475 0.385189 -0.076170 0.461483
39.539540 0.169062 0.415121 -0.203123 0.492104
39.639640 0.083098 0.414708 -0.315479 0.527651
39.739740 -0.007972 0.389633 -0.409292 0.565152
39.839840 -0.098781 0.345715 -0.483475 0.602516
39.939940 -0.185726 0.287933 -0.538395 0.638176
40.040040 -0.266456 0.220390 -0.575173 0.671115
40.140140 -0.339501 0.146433 -0.595300 0.700775
40.240240 -0.403969 0.068747 -0.600360 0.726876
40.340340 -0.459229 -0.010509 -0.591729 0.749096
40.440440 -0.504862 -0.089548 -0.570693 0.767200
40.540541 -0.540723 -0.166851 -0.538613 0.781233
40.640641 -0.566731 -0.241104 -0.496727 0.791236
40.740741 -0.582905 -0.311166 -0.446231 0.797323
40.840841 -0.589254 -0.375967 -0.388229 0.799558
40.940941 -0.585682 -0.434420 -0.323709 0.797829
41.041041 -0.572059 -0.485395 -0.253658 0.791961
41.141141 -0.548369 -0.527808 -0.179163 0.781914
41.241241 -0.514645 -0.560533 -0.101422 0.767687
41.341341 -0.470906 -0.582315 -0.021741 0.749210
41.441441 -0.417357 -0.591927 0.058352 0.726614
41.541542 -0.354275 -0.587959 0.137050 0.699992
41.641642 -0.282103 -0.568823 0.212150 0.669439
41.741742 -0.201705 -0.532982 0.280940 0.635360
41.841842 -0.114474 -0.478863 0.339986 0.598335
41.941942 -0.022639 -0.404967 0.384829 0.559110
42.042042 0.070160 -0.310534 0.409914 0.519021
42.142142 0.158243 -0.196570 0.408819 0.480431
42.242242 0.233371 -0.067258 0.375018 0.446793
42.342342 0.285033 0.068267 0.304070 0.422330
42.442442 0.303326 0.195493 0.197840 0.411540
42.542543 0.283674 0.298185 0.066940 0.416972
42.642643 0.229617 0.364902 -0.072272 0.437150
42.742743 0.151250 0.393499 -0.204358 0.468487
42.842843 0.059933 0.389162 -0.319722 0.507210
42.942943 -0.035530 0.359387 -0.414488 0.549747
43.043043 -0.129341 0.311149 -0.488185 0.593184
43.143143 -0.217991 0.250148 -0.542048 0.635539
43.243243 -0.299538 0.180852 -0.578103 0.675746
43.343343 -0.372947 0.106584 -0.598390 0.713106
43.443443 -0.437737 0.029819 -0.604813 0.747196
43.543544 -0.493709 -0.047557 -0.599042 0.777729
43.643644 -0.540837 -0.124088 -0.582535 0.804518
43.743744 -0.579304 -0.198631 -0.556698 0.827623
43.843844 -0.609425 -0.270311 -0.522843 0.847249
43.943944 -0.631556 -0.338441 -0.482140 0.863634
44.044044 -0.645947 -0.402413 -0.435537 0.876856
44.144144 -0.652686 -0.461604 -0.383790 0.886776
44.244244 -0.651902 -0.515463 -0.327630 0.893319
44.344344 -0.643889 -0.563594 -0.267850 0.896646
44.444444 -0.628826 -0.605536 -0.205155 0.896763
44.544545 -0.606791 -0.640747 -0.140203 0.893537
44.644645 -0.577903 -0.668702 -0.073688 0.886884
44.744745 -0.542298 -0.688863 -0.006339 0.876733
44.844845 -0.500114 -0.700642 0.061061 0.862984
44.944945 -0.451576 -0.703492 0.127658 0.845646
45.045045 -0.396938 -0.696802 0.192492 0.824710
45.145145 -0.336455 -0.679806 0.254446 0.800051
45.245245 -0.270568 -0.651836 0.312257 0.771752
45.345345 -0.199844 -0.612126 0.364396 0.739879
45.445445 -0.125034 -0.559765 0.408945 0.704419
45.545546 -0.047305 -0.494103 0.443709 0.665772
45.645646 0.031663 -0.414668 0.466000 0.624587
45.745746 0.109430 -0.321171 0.472322 0.581561
45.845846 0.182422 -0.214234 0.458623 0.538060
45.945946 0.245447 -0.096080 0.420364 0.496167
46.046046 0.291228 0.028354 0.353054 0.458546
46.146146 0.311103 0.149839 0.254775 0.429124
46.246246 0.297249 0.254687 0.129276 0.412231
46.346346 0.247084 0.328243 -0.011833 0.411016
46.446446 0.166493 0.361508 -0.151614 0.425905
46.546547 0.067238 0.354804 -0.274969 0.453888
46.646647 -0.038511 0.315467 -0.373440 0.490367
46.746747 -0.141746 0.253033 -0.444972 0.531148
46.846847 -0.237098 0.176018 -0.491236 0.573158
46.946947 -0.321892 0.090944 -0.515399 0.614428
47.047047 -0.395123 0.002491 -0.520933 0.653835
47.147147 -0.456611 -0.086090 -0.510929 0.690618
47.247247 -0.506687 -0.172556 -0.488119 0.724408
47.347347 -0.545974 -0.255366 -0.454897 0.755136
47.447447 -0.575105 -0.333432 -0.413205 0.782727
47.547548 -0.594734 -0.405992 -0.364684 0.807176
47.647648 -0.605538 -0.472526 -0.310753 0.828568
47.747748 -0.608191 -0.532695 -0.252644 0.847047
47.847848 -0.603269 -0.586220 -0.191397 0.862682
47.947948 -0.591195 -0.632783 -0.127894 0.875376
48.048048 -0.572291 -0.672021 -0.062929 0.884923
48.148148 -0.546831 -0.703541 0.002738 0.891067
48.248248 -0.515193 -0.727099 0.068360 0.893740
48.348348 -0.477803 -0.742518 0.133197 0.892956
48.448448 -0.434985 -0.749476 0.196494 0.888558
48.548549 -0.387102 -0.747680 0.257477 0.880436
48.648649 -0.334592 -0.736917 0.315350 0.868587
48.748749 -0.277893 -0.716884 0.369229 0.852923
48.848849 -0.217515 -0.687305 0.418167 0.833406
48.948949 -0.154068 -0.647957 0.461129 0.810077
49.049049 -0.088249 -0.598506 0.496861 0.782858
49.149149 -0.020940 -0.538727 0.523976 0.751809
49.249249 0.046728 -0.468470 0.540838 0.717045
49.349349 0.113271 -0.387608 0.545368 0.678599
49.449449 0.176658 -0.296293 0.535056 0.636618
49.549550 0.234070 -0.195245 0.506944 0.591525
49.649650 0.281596 -0.086239 0.457716 0.544277
49.749750 0.313756 0.027131 0.383861 0.496516
49.849850 0.323439 0.138164 0.282910 0.451375
49.949950 0.302593 0.235654 0.155769 0.413956
50.050050 0.245100 0.304052 0.010327 0.390677
50.150150 0.152590 0.328623 -0.136192 0.387072
50.250250 0.037383 0.304514 -0.262660 0.403877
50.350350 -0.083219 0.240146 -0.354997 0.436599
50.450450 -0.195618 0.150271 -0.410462 0.478881
50.550551 -0.292968 0.048165 -0.433663 0.525560
50.650651 -0.373204 -0.057045 -0.431234 0.573148
50.750751 -0.436587 -0.159838 -0.409170 0.619335
50.850851 -0.484457 -0.257040 -0.372475 0.662952
50.950951 -0.518366 -0.346883 -0.324997 0.703317
51.051051 -0.539797 -0.428405 -0.269667 0.740022
51.151151 -0.550133 -0.501136 -0.208780 0.772899
51.251251 -0.550595 -0.564878 -0.144138 0.801884
51.351351 -0.542306 -0.619645 -0.077203 0.827052
51.451451 -0.526289 -0.665579 -0.009170 0.848564
51.551552 -0.503409 -0.702826 0.058974 0.866524
51.651652 -0.474445 -0.731570 0.126395 0.881061
51.751752 -0.440070 -0.751954 0.192359 0.892243
51.851852 -0.400824 -0.763995 0.256174 0.899985
51.951952 -0.357196 -0.767658 0.317162 0.904146
52.052052 -0.309688 -0.762959 0.374679 0.904653
52.152152 -0.258855 -0.750035 0.428141 0.901589
52.252252 -0.205217 -0.728938 0.476917 0.894938
52.352352 -0.149304 -0.699708 0.520351 0.884674
52.452452 -0.091689 -0.662407 0.557758 0.870795
52.552553 -0.032976 -0.617012 0.588320 0.853178
52.652653 0.026144 -0.563571 0.611179 0.831767
52.752753 0.084862 -0.502167 0.625361 0.806504
52.852853 0.142203 -0.432857 0.629643 0.777199
52.952953 0.196912 -0.355720 0.622459 0.743483
53.053053 0.247400 -0.271099 0.602079 0.705125
53.153153 0.291639 -0.179777 0.566639 0.662158
53.253253 0.326958 -0.083109 0.514025 0.614842
53.353353 0.349796 0.016541 0.441984 0.563898
53.453453 0.355294 0.115114 0.348297 0.510682
53.553554 0.336924 0.205571 0.231603 0.457621
53.653654 0.287175 0.276322 0.093913 0.409443
53.753754 0.200468 0.310640 -0.054970 0.373774
53.853854 0.080272 0.292015 -0.193597 0.359438
53.953954 -0.055147 0.217598 -0.295087 0.370765
54.054054 -0.181490 0.104224 -0.344792 0.403339
54.154154 -0.283222 -0.024520 -0.346475 0.448175
54.254254 -0.356269 -0.151426 -0.312407 0.497449
54.354354 -0.402784 -0.267409 -0.254711 0.546461
54.454454 -0.426770 -0.368632 -0.182565 0.592750
54.554555 -0.432180 -0.453928 -0.102352 0.635064
54.654655 -0.422457 -0.523405 -0.018479 0.672878
54.754755 -0.400399 -0.577641 0.065977 0.705933
54.854855 -0.368209 -0.617283 0.148787 0.733999
54.954955 -0.327754 -0.643085 0.228273 0.757027
55.055055 -0.280635 -0.655811 0.303118 0.775064
55.155155 -0.228182 -0.656059 0.372188 0.788038
55.255255 -0.171605 -0.644432 0.434511 0.795953
55.355355 -0.112045 -0.621557 0.489236 0.798899
55.455455 -0.050578 -0.588029 0.535559 0.796969
55.555556 0.011730 -0.544557 0.572806 0.790434
55.655656 0.073813 -0.491761 0.600213 0.779444
55.755756 0.134531 -0.430096 0.616752 0.763848
55.855856 0.192645 -0.360216 0.621464 0.743697
55.955956 0.246793 -0.283017 0.613481 0.719281
56.056056 0.295367 -0.199521 0.591740 0.690801
56.156156 0.336407 -0.111033 0.555005 0.658429
56.256256 0.367394 -0.019346 0.501807 0.622224
56.356356 0.385235 0.072907 0.430783 0.582491
56.456456 0.386355 0.161839 0.341220 0.540271
56.556557 0.366497 0.241765 0.233353 0.497216
56.656657 0.320910 0.304393 0.109438 0.455648
56.756757 0.246086 0.338844 -0.023993 0.419463
56.856857 0.142888 0.333586 -0.154000 0.394224
56.956957 0.020051 0.281669 -0.262014 0.385215
57.057057 -0.105755 0.187405 -0.330576 0.394443
57.157157 -0.217051 0.066437 -0.352767 0.419487
57.257257 -0.303226 -0.062856 -0.333478 0.455088
57.357357 -0.361466 -0.186773 -0.283044 0.495637
57.457457 -0.393799 -0.297578 -0.212041 0.537208
57.557558 -0.404012 -0.391836 -0.128955 0.577400
57.657658 -0.396033 -0.468568 -0.039944 0.614812
57.757758 -0.373429 -0.528071 0.050620 0.648746
57.857858 -0.339222 -0.571221 0.139667 0.678875
57.957958 -0.295901 -0.599055 0.224992 0.705014
58.058058 -0.245523 -0.612622 0.304974 0.727046
58.158158 -0.189827 -0.612921 0.378350 0.744886
58.258258 -0.130283 -0.600777 0.444039 0.758339
58.358358 -0.068226 -0.577013 0.501129 0.767287
58.458458 -0.004908 -0.542490 0.548862 0.771731
58.558559 0.058484 -0.498028 0.586517 0.771657
58.658659 0.120788 -0.444466 0.613430 0.767095
58.758759 0.180813 -0.382629 0.628882 0.758018
58.858859 0.237307 -0.313395 0.632131 0.744393
58.958959 0.288947 -0.237819 0.622520 0.726346
59.059059 0.334180 -0.157046 0.599184 0.703819
59.159159 0.371210 -0.072489 0.561211 0.676763
59.259259 0.397921 0.013997 0.507726 0.645231
59.359359 0.411785 0.099936 0.437947 0.609387
59.459459 0.409883 0.181929 0.351522 0.569798
59.559560 0.388633 0.255160 0.248683 0.527243
59.659660 0.344074 0.312845 0.131177 0.483183
59.759760 0.272775 0.345835 0.003866 0.440481
59.859860 0.173817 0.343154 -0.123218 0.403918
59.959960 0.052454 0.295204 -0.233357 0.379937
60.060060 -0.076747 0.201217 -0.306657 0.374722
60.160160 -0.193701 0.074641 -0.330530 0.390310
60.260260 -0.283297 -0.063213 -0.306967 0.422471
60.360360 -0.341037 -0.194568 -0.248263 0.464540
60.460460 -0.369894 -0.309842 -0.168125 0.510969
60.560561 -0.375290 -0.405725 -0.077057 0.558026
60.660661 -0.362601 -0.482227 0.017899 0.603608
60.760761 -0.336291 -0.540729 0.112300 0.646599
60.860861 -0.299790 -0.582919 0.203374 0.686316
60.960961 -0.255719 -0.610439 0.289363 0.722329
61.061061 -0.206164 -0.624911 0.369190 0.754532
61.161161 -0.152759 -0.627722 0.442133 0.782848
61.261261 -0.096828 -0.620178 0.507789 0.807370
61.361361 -0.039485 -0.603578 0.566030 0.828405
61.461461 0.018379 -0.578925 0.616709 0.846063
61.561562 0.076009 -0.547121 0.659762 0.860468
61.661662 0.132742 -0.508955 0.695125 0.871697
61.761762 0.187975 -0.465093 0.722691 0.879732
61.861862 0.241142 -0.416167 0.742362 0.884560
61.961962 0.291662 -0.362717 0.753930 0.886025
62.062062 0.338944 -0.305276 0.757163 0.883952
62.162162 0.382437 -0.244451 0.751963 0.878329
62.262262 0.421622 -0.180900 0.738320 0.869256
62.362362 0.455916 -0.115282 0.716145 0.856746
62.462462 0.484690 -0.048295 0.685326 0.840790
62.562563 0.507248 0.019281 0.645749 0.821379
62.662663 0.522819 0.086561 0.597309 0.798505
62.762763 0.530540 0.152508 0.539935 0.772180
62.862863 0.529486 0.215897 0.473666 0.742513
62.962963 0.518572 0.275221 0.398622 0.709622
63.063063 0.496536 0.328591 0.315082 0.673645
63.163163 0.462012 0.373628 0.223687 0.634893
63.263263 0.413461 0.407227 0.125598 0.593767
63.363363 0.349420 0.425435 0.022941 0.551013
63.463463 0.268819 0.423260 -0.080577 0.507844
63.563564 0.171878 0.394998 -0.178829 0.466418
63.663664 0.061515 0.335125 -0.262334 0.430014
63.763764 -0.054743 0.240733 -0.318238 0.402771
63.863864 -0.163624 0.116133 -0.333542 0.389243
63.963964 -0.249461 -0.024615 -0.302084 0.392545
64.064064 -0.301520 -0.162295 -0.229452 0.412192
64.164164 -0.318253 -0.281358 -0.129531 0.444101
64.264264 -0.305166 -0.374465 -0.017056 0.483364
64.364364 -0.270167 -0.441025 0.096993 0.526214
64.464464 -0.220346 -0.483660 0.205997 0.570013
64.564565 -0.161130 -0.505897 0.306449 0.613030
64.664665 -0.096439 -0.511144 0.396691 0.654166
64.764765 -0.029055 -0.502327 0.476070 0.692690
64.864865 0.039024 -0.481905 0.544482 0.728159
64.964965 0.106337 -0.451870 0.602049 0.760235
65.065065 0.171811 -0.413974 0.649158 0.788859
65.165165 0.234623 -0.369678 0.686222 0.814009
65.265265 0.294115 -0.320157 0.713583 0.835586
65.365365 0.349762 -0.266467 0.731631 0.853594
65.465465 0.401082 -0.209498 0.740647 0.867936
65.565566 0.447666 -0.150072 0.740933 0.878583
65.665666 0.489130 -0.088949 0.732765 0.885496
65.765766 0.525167 -0.026853 0.716482 0.888745
65.865866 0.555492 0.035516 0.692425 0.888417
65.965966 0.579668 0.097471 0.660726 0.884350
66.066066 0.597229 0.158293 0.621506 0.876361
66.166166 0.607728 0.217223 0.574958 0.864347
66.266266 0.610718 0.273448 0.521328 0.848253
66.366366 0.605661 0.326044 0.460855 0.827960
66.466466 0.591971 0.373968 0.393840 0.803362
66.566567 0.569033 0.416017 0.320704 0.774416
66.666667 0.536056 0.450687 0.241951 0.740956
66.766767 0.492215 0.476176 0.158343 0.702917
66.866867 0.436645 0.490250 0.071032 0.660340
66.966967 0.368372 0.489959 -0.018242 0.613262
67.067067 0.286685 0.471670 -0.106691 0.562177
67.167167 0.191478 0.430836 -0.189800 0.508239
67.267267 0.084036 0.361765 -0.260057 0.453393
67.367367 -0.030638 0.259244 -0.305561 0.401888
67.467467 -0.140333 0.123105 -0.310123 0.361973
67.567568 -0.224071 -0.033997 -0.259170 0.344286
67.667668 -0.261479 -0.183894 -0.154812 0.355183
67.767768 -0.249407 -0.299759 -0.020373 0.390479
67.867868 -0.201070 -0.373112 0.118129 0.439996
67.967968 -0.132153 -0.409289 0.245576 0.495267
68.068068 -0.053661 -0.416731 0.356172 0.550820
68.168168 0.027768 -0.402884 0.448828 0.603766
68.268268 0.108247 -0.373571 0.524408 0.652899
68.368368 0.185554 -0.333031 0.584334 0.697700
68.468468 0.258386 -0.284372 0.630078 0.737990
68.568569 0.325912 -0.229843 0.662852 0.773576
68.668669 0.387564 -0.171163 0.683671 0.804306
68.768769 0.443029 -0.109746 0.693571 0.830277
68.868869 0.492168 -0.046765 0.693571 0.851738
68.968969 0.534854 0.016820 0.684486 0.868834
69.069069 0.570965 0.080188 0.666997 0.881656
69.169169 0.600365 0.142601 0.641683 0.890242
69.269269 0.622913 0.203372 0.609058 0.894613
69.369369 0.638509 0.261861 0.569650 0.894855
69.469469 0.646941 0.317393 0.523869 0.890904
69.569570 0.647885 0.369233 0.472042 0.882560
69.669670 0.640999 0.416591 0.414532 0.869635
69.769770 0.625843 0.458551 0.351698 0.851845
69.869870 0.602008 0.494128 0.284011 0.828999
69.969970 0.568995 0.522139 0.212026 0.800837
70.070070 0.526076 0.541018 0.136393 0.766850
70.170170 0.472477 0.548862 0.058045 0.726535
70.270270 0.407461 0.543370 -0.021632 0.679517
70.370370 0.330289 0.521548 -0.100541 0.625469
70.470470 0.240334 0.479324 -0.175336 0.564141
70.570571 0.137702 0.411342 -0.240397 0.495938
70.670671 0.024654 0.310764 -0.285757 0.422894
70.770771 -0.090249 0.170881 -0.293319 0.351257
70.870871 -0.182426 -0.004315 -0.234918 0.297464
70.970971 -0.208872 -0.174519 -0.095391 0.288416
71.071071 -0.155495 -0.279725 0.082328 0.330458
71.171171 -0.058487 -0.311243 0.241860 0.398484
71.271271 0.049241 -0.293610 0.365144 0.471128
71.371371 0.153005 -0.247561 0.454143 0.539391
71.471471 0.247418 -0.185592 0.514576 0.600374
71.571572 0.330726 -0.115024 0.551636 0.653386
71.671672 0.402463 -0.040328 0.569293 0.698354
71.771772 0.462572 0.035578 0.570455 0.735294
71.871872 0.511271 0.110632 0.557519 0.764503
71.971972 0.548969 0.183318 0.532576 0.786517
72.072072 0.576054 0.252459 0.497335 0.801821
72.172172 0.592783 0.317056 0.453160 0.810722
72.272272 0.599260 0.376158 0.401160 0.813349
72.372372 0.595675 0.428934 0.342435 0.809984
72.472472 0.582175 0.474552 0.278029 0.800892
72.572573 0.558772 0.512077 0.208913 0.786189
72.672673 0.525381 0.540420 0.136094 0.765898
72.772773 0.481845 0.558294 0.060681 0.739965
72.872873 0.427984 0.564154 -0.015981 0.708304
72.972973 0.363603 0.556079 -0.092180 0.670767
73.073073 0.288678 0.531771 -0.165597 0.627326
73.173173 0.203487 0.488367 -0.232934 0.578072
73.273273 0.109103 0.422521 -0.289360 0.523600
73.373373 0.008257 0.330514 -0.327487 0.465355
73.473473 -0.092697 0.209266 -0.335821 0.406399
73.573574 -0.180062 0.060811 -0.298480 0.353851
73.673674 -0.229940 -0.097990 -0.201366 0.320971
73.773774 -0.218918 -0.229877 -0.051905 0.321656
73.873874 -0.150300 -0.302354 0.112307 0.355838
73.973974 -0.050785 -0.315347 0.256166 0.409443
74.074074 0.056424 -0.286523 0.367315 0.469254
74.174174 0.159266 -0.232318 0.446754 0.528135
74.274274 0.252649 -0.163679 0.499008 0.582779
74.374374 0.334766 -0.087494 0.528758 0.631909
74.474474 0.405192 -0.008153 0.539939 0.675115
74.574575 0.464120 0.071477 0.535739 0.712414
74.674675 0.511970 0.149423 0.518729 0.743989
74.774775 0.549105 0.224252 0.490853 0.769897
74.874875 0.575800 0.294814 0.453647 0.790100
74.974975 0.592338 0.360174 0.408442 0.804621
75.075075 0.599172 0.419627 0.356549 0.813769
75.175175 0.596763 0.472599 0.299166 0.817910
75.275275 0.585400 0.518466 0.237309 0.817200
75.375375 0.565200 0.556488 0.171888 0.811588
75.475475 0.536237 0.585859 0.103824 0.800974
75.575576 0.498597 0.605727 0.034106 0.785282
75.675676 0.452426 0.615199 -0.036165 0.764505
75.775776 0.397900 0.613270 -0.105726 0.738649
75.875876 0.335268 0.598796 -0.173080 0.707755
75.975976 0.264950 0.570518 -0.236388 0.671988
76.076076 0.187496 0.526729 -0.293182 0.631311
76.176176 0.103821 0.465190 -0.339967 0.585455
76.276276 0.015844 0.383717 -0.371992 0.534666
76.376376 -0.072750 0.280447 -0.382513 0.479854
76.476476 -0.154980 0.154991 -0.361978 0.423165
76.576577 -0.218067 0.012133 -0.298514 0.369880
76.676677 -0.242045 -0.131207 -0.183246 0.330726
76.776777 -0.207713 -0.241657 -0.025146 0.319649
76.876877 -0.118378 -0.288444 0.139949 0.341758
76.976977 -0.001830 -0.272005 0.276027 0.387532
77.077077 0.116203 -0.213505 0.371000 0.443541
77.177177 0.223035 -0.132598 0.428341 0.500802
77.277277 0.314487 -0.041968 0.455552 0.555150
77.377377 0.390063 0.051015 0.459525 0.604909
77.477477 0.450625 0.142155 0.445687 0.649544
77.577578 0.497411 0.229007 0.418166 0.689003
77.677678 0.531587 0.310083 0.380012 0.723288
77.777778 0.554104 0.384369 0.333513 0.752331
77.877878 0.565842 0.451185 0.280519 0.776168
77.977978 0.567721 0.510140 0.222637 0.795058
78.078078 0.560565 0.560973 0.161215 0.809268
78.178178 0.545031 0.603413 0.097393 0.818933
78.278278 0.521617 0.637114 0.032178 0.824035
78.378378 0.490772 0.661724 -0.033479 0.824534
78.478478 0.452952 0.676908 -0.098641 0.820426
78.578579 0.408544 0.682221 -0.162340 0.811596
78.678679 0.357956 0.677182 -0.223552 0.797925
78.778779 0.301718 0.661419 -0.281198 0.779475
78.878879 0.240399 0.634460 -0.334051 0.756255
78.978979 0.174631 0.595680 -0.380639 0.728160
79.079079 0.105220 0.544328 -0.419138 0.695011
79.179179 0.033266 0.479505 -0.447186 0.656511
79.279279 -0.039595 0.400429 -0.461832 0.612535
79.379379 -0.110847 0.306560 -0.459225 0.563163
79.479479 -0.176529 0.198031 -0.434305 0.508920
79.579580 -0.230216 0.076791 -0.380637 0.451420
79.679680 -0.261529 -0.051005 -0.290904 0.394493
79.779780 -0.254970 -0.170133 -0.160359 0.345934
79.879880 -0.194996 -0.252105 0.002232 0.318724
79.979980 -0.084307 -0.267819 0.163536 0.324929
80.080080 0.048220 -0.217512 0.285911 0.362466
80.180180 0.173649 -0.127274 0.358099 0.417837
80.280280 0.279634 -0.021226 0.388594 0.479219
80.380380 0.364666 0.087003 0.389367 0.540516
80.480480 0.430879 0.190991 0.369792 0.599066
80.580581 0.480792 0.287869 0.336110 0.653452
80.680681 0.516665 0.376402 0.292549 0.702998
80.780781 0.540610 0.456286 0.242194 0.747740
80.880881 0.554449 0.527659 0.187292 0.787983
80.980981 0.559502 0.590677 0.129416 0.823827
81.081081 0.556766 0.645470 0.069738 0.855268
81.181181 0.547084 0.692208 0.009195 0.882348
81.281281 0.531133 0.731004 -0.051444 0.905050
81.381381 0.509496 0.761964 -0.111521 0.923370
81.481481 0.482747 0.785265 -0.170467 0.937414
81.581582 0.451399 0.801073 -0.227775 0.947291
81.681682 0.415866 0.809431 -0.282949 0.952987
81.781782 0.376486 0.810280 -0.335482 0.954381
81.881882 0.333628 0.803618 -0.384891 0.951446
81.981982 0.287658 0.789429 -0.430677 0.944155
82.082082 0.238924 0.767613 -0.472283 0.932397
82.182182 0.187777 0.737993 -0.509065 0.915992
82.282282 0.134612 0.700366 -0.540300 0.894738
82.382382 0.079907 0.654632 -0.565257 0.868587
82.482482 0.024222 0.600674 -0.583080 0.837484
82.582583 -0.031772 0.538259 -0.592653 0.801230
82.682683 -0.087214 0.467180 -0.592633 0.759656
82.782783 -0.140959 0.387310 -0.581388 0.712664
82.882883 -0.191392 0.298593 -0.556742 0.660114
82.982983 -0.236128 0.201249 -0.515791 0.601912
83.083083 -0.271528 0.096260 -0.454765 0.538335
83.183183 -0.291806 -0.013649 -0.368865 0.470530
83.283283 -0.287576 -0.121692 -0.252721 0.401717
83.383383 -0.244114 -0.211756 -0.103509 0.339332
83.483483 -0.146421 -0.252411 0.066274 0.299237
83.583584 -0.003251 -0.212318 0.213066 0.300810
83.683684 0.142676 -0.104182 0.293826 0.342847
83.783784 0.259291 0.029260 0.310227 0.405375
83.883884 0.341897 0.160233 0.284536 0.472789
83.983984 0.396153 0.278492 0.234667 0.538111
84.084084 0.428424 0.381551 0.171511 0.598786
84.184184 0.443661 0.469576 0.101399 0.653925
84.284284 0.445665 0.543672 0.028181 0.703556
84.384384 0.437159 0.604986 -0.045740 0.747802
84.484484 0.420024 0.654376 -0.118776 0.786598
84.584585 0.395789 0.692714 -0.189816 0.820080
84.684685 0.365758 0.720915 -0.258081 0.848589
84.784785 0.331010 0.739814 -0.323015 0.872486
84.884885 0.292389 0.750043 -0.384155 0.891981
84.984985 0.250576 0.752067 -0.441082 0.907164
85.085085 0.206202 0.746382 -0.493479 0.918219
85.185185 0.159840 0.733464 -0.541082 0.925358
85.285285 0.112006 0.713748 -0.583657 0.928783
85.385385 0.063161 0.687497 -0.620868 0.928503
85.485485 0.013746 0.654900 -0.652331 0.924456
85.585586 -0.035781 0.616238 -0.677734 0.916708
85.685686 -0.084949 0.571709 -0.696658 0.905208
85.785786 -0.133248 0.521480 -0.708610 0.889845
85.885886 -0.180132 0.465797 -0.713122 0.870607
85.985986 -0.224994 0.404961 -0.709705 0.847524
86.086086 -0.267095 0.339227 -0.697654 0.820448
86.186186 -0.305507 0.268876 -0.676035 0.789083
86.286286 -0.339057 0.194318 -0.643734 0.753069
86.386386 -0.366206 0.116173 -0.599362 0.711926
86.486486 -0.384986 0.035462 -0.541383 0.665257
86.586587 -0.392894 -0.046140 -0.468229 0.612971
86.686687 -0.386360 -0.125876 -0.378038 0.555006
86.786787 -0.360254 -0.198973 -0.268965 0.491646
86.886887 -0.307685 -0.256989 -0.140611 0.424836
86.986987 -0.220022 -0.284686 0.002750 0.359810
87.087087 -0.091819 -0.257541 0.143160 0.308631
87.187187 0.061176 -0.154727 0.238640 0.290915
87.287287 0.193178 0.002419 0.250964 0.316712
87.387387 0.273226 0.161883 0.192755 0.371501
87.487487 0.305765 0.294910 0.099276 0.436256
87.587588 0.305348 0.397010 -0.005783 0.500887
87.687688 0.283591 0.471834 -0.110918 0.561564
87.787788 0.248115 0.524103 -0.210964 0.617050
87.887888 0.203692 0.557634 -0.303569 0.666784
87.987988 0.153442 0.575330 -0.387607 0.710485
88.088088 0.099554 0.579463 -0.462537 0.748083
88.188188 0.043640 0.571872 -0.528122 0.779650
88.288288 -0.013053 0.554124 -0.584334 0.805401
88.388388 -0.069531 0.527451 -0.631128 0.825447
88.488488 -0.124959 0.492864 -0.668444 0.839850
88.588589 -0.178598 0.451267 -0.696235 0.848694
88.688689 -0.229760 0.403452 -0.714413 0.852027
88.788789 -0.277784 0.350165 -0.722874 0.849898
88.888889 -0.322012 0.292127 -0.721490 0.842365
88.988989 -0.361717 0.230024 -0.710013 0.829379
89.089089 -0.396107 0.164576 -0.688137 0.810875
89.189189 -0.424294 0.096590 -0.655525 0.786809
89.289289 -0.445191 0.026987 -0.611694 0.757029
89.389389 -0.457503 -0.043087 -0.556118 0.721410
89.489489 -0.459641 -0.112144 -0.488235 0.679867
89.589590 -0.449409 -0.178096 -0.407301 0.632124
89.689690 -0.423863 -0.237860 -0.312611 0.577895
89.789790 -0.379044 -0.286603 -0.203917 0.517105
89.889890 -0.309629 -0.316368 -0.082379 0.450273
89.989990 -0.209512 -0.313917 0.046461 0.380260
90.090090 -0.075837 -0.258865 0.165483 0.316460
90.190190 0.075972 -0.132229 0.235024 0.280165
90.290290 0.197270 0.044453 0.213306 0.293924
90.390390 0.253198 0.209668 0.117565 0.349129
90.490490 0.256165 0.333509 -0.005308 0.420567
90.590591 0.228018 0.418133 -0.128858 0.493388
90.690691 0.182718 0.472018 -0.243447 0.561652
90.790791 0.128195 0.502569 -0.346251 0.623618
90.890891 0.069041 0.515342 -0.436932 0.679156
90.990991 0.007977 0.514237 -0.515916 0.728473
91.091091 -0.053285 0.501961 -0.583722 0.771710
91.191191 -0.113586 0.480501 -0.640868 0.809008
91.291291 -0.172122 0.451539 -0.688018 0.840763
91.391391 -0.228307 0.416415 -0.725776 0.867339
91.491491 -0.281665 0.376150 -0.754564 0.888927
91.591592 -0.331808 0.331606 -0.774754 0.905706
91.691692 -0.378401 0.283533 -0.786673 0.917842
91.791792 -0.421170 0.232612 -0.790661 0.925547
91.891892 -0.459891 0.179471 -0.787064 0.929075
91.991992 -0.494292 0.124664 -0.776096 0.928542
92.092092 -0.524070 0.068709 -0.757887 0.923993
92.192192 -0.548928 0.012128 -0.732583 0.915503
92.292292 -0.568482 -0.044550 -0.700220 0.903030
92.392392 -0.582221 -0.100749 -0.660718 0.886386
92.492492 -0.589666 -0.155840 -0.614095 0.865509
92.592593 -0.590331 -0.209115 -0.560433 0.840419
92.692693 -0.583526 -0.259717 -0.499710 0.810966
92.792793 -0.568454 -0.306609 -0.431936 0.776993
92.892893 -0.544103 -0.348456 -0.357153 0.738260
92.992993 -0.509145 -0.383459 -0.275461 0.694369
93.093093 -0.461999 -0.409211 -0.187247 0.644948
93.193193 -0.400792 -0.422401 -0.093445 0.589736
93.293293 -0.323344 -0.418284 0.003949 0.528705
93.393393 -0.227567 -0.390088 0.100743 0.462714
93.493493 -0.112765 -0.328366 0.188179 0.394907
93.593594 0.016376 -0.221461 0.248175 0.333023
93.693694 0.139075 -0.065033 0.249029 0.292552
93.793794 0.213529 0.111226 0.166288 0.292605
93.893894 0.216272 0.251837 0.025955 0.332970
93.993994 0.166935 0.334478 -0.123366 0.393652
94.094094 0.092360 0.368748 -0.256284 0.458461
94.194194 0.008744 0.369124 -0.366369 0.520150
94.294294 -0.075707 0.346621 -0.454131 0.576292
94.394394 -0.156940 0.308584 -0.521769 0.626177
94.494494 -0.232892 0.259942 -0.571624 0.669748
94.594595 -0.302435 0.204068 -0.605667 0.707066
94.694695 -0.364879 0.143373 -0.625463 0.738171
94.794795 -0.419813 0.079715 -0.632373 0.763212
94.894895 -0.466972 0.014580 -0.627569 0.782380
94.994995 -0.506105 -0.050799 -0.611987 0.795770
95.095095 -0.537021 -0.115345 -0.586477 0.803525
95.195195 -0.559593 -0.178088 -0.551866 0.805864
95.295295 -0.573579 -0.238081 -0.508805 0.802843
95.395395 -0.578548 -0.294312 -0.457766 0.794284
95.495495 -0.573963 -0.345658 -0.399193 0.779916
95.595596 -0.559128 -0.390800 -0.333521 0.759331
95.695696 -0.533235 -0.428178 -0.261290 0.732085
95.795796 -0.495451 -0.455964 -0.183278 0.697829
95.895896 -0.444884 -0.471924 -0.100599 0.656318
95.995996 -0.380445 -0.473071 -0.014885 0.607253
96.096096 -0.300864 -0.455215 0.071246 0.550287
96.196196 -0.205066 -0.412471 0.153174 0.485434
96.296296 -0.093251 -0.336576 0.222183 0.413938
96.396396 0.029480 -0.217209 0.261015 0.340848
96.496496 0.142156 -0.049682 0.237356 0.281095
96.596597 0.194771 0.132653 0.119746 0.264332
96.696697 0.156099 0.254411 -0.055624 0.303621
96.796797 0.063628 0.294416 -0.217892 0.371761
96.896897 -0.042513 0.280008 -0.342395 0.444349
96.996997 -0.144996 0.235239 -0.431023 0.511998
97.097097 -0.237870 0.173970 -0.490153 0.571925
97.197197 -0.319284 0.104031 -0.525373 0.623524
97.297297 -0.388801 0.030100 -0.540899 0.666816
97.397397 -0.446581 -0.044800 -0.540036 0.702196
97.497497 -0.492985 -0.118583 -0.525391 0.730159
97.597598 -0.528354 -0.189721 -0.498975 0.751085
97.697698 -0.552975 -0.257000 -0.462409 0.765279
97.797798 -0.566980 -0.319336 -0.416974 0.772858
97.897898 -0.570399 -0.375698 -0.363767 0.773842
97.997998 -0.563238 -0.425076 -0.303828 0.768270
98.098098 -0.545422 -0.466391 -0.238164 0.756127
98.198198 -0.516637 -0.498295 -0.167743 0.737122
98.298298 -0.476485 -0.519198 -0.093668 0.710900
98.398398 -0.424570 -0.527228 -0.017338 0.677149
98.498498 -0.360452 -0.520027 0.059411 0.635519
98.598599 -0.283656 -0.494390 0.133921 0.585506
98.698699 -0.193894 -0.445877 0.202026 0.526513
98.798799 -0.091924 -0.368594 0.256698 0.458482
98.898899 0.018347 -0.255273 0.285372 0.383326
98.998999 0.123462 -0.100254 0.264599 0.308717
99.099099 0.185282 0.081312 0.159849 0.257862
99.199199 0.152007 0.217698 -0.023413 0.266546
99.299299 0.044253 0.253546 -0.201475 0.326858
99.399399 -0.079476 0.218721 -0.328154 0.402294
99.499499 -0.193005 0.150352 -0.407117 0.474975
99.599600 -0.289885 0.067978 -0.449898 0.539502
99.699700 -0.369501 -0.018787 -0.465538 0.594651
99.799800 -0.432750 -0.104865 -0.460407 0.640503
99.899900 -0.480672 -0.187290 -0.438907 0.677319
100.000000 -0.514111 -0.264100 -0.404153 0.705265
