0.000000 -0.597529 0.050010 -0.806415 1.004911
0.100100 -0.653642 -0.018111 -0.769719 1.009972
0.200200 -0.705195 -0.086068 -0.727712 1.016992
0.300300 -0.751944 -0.153403 -0.680803 1.025887
0.400400 -0.793712 -0.219688 -0.629435 1.036548
0.500501 -0.830425 -0.284544 -0.574105 1.048889
0.600601 -0.862064 -0.347631 -0.515314 1.062803
0.700701 -0.888604 -0.408632 -0.453521 1.078090
0.800801 -0.910090 -0.467282 -0.389191 1.094571
0.900901 -0.926670 -0.523386 -0.322804 1.112139
1.001001 -0.938502 -0.576780 -0.254806 1.130658
1.101101 -0.945781 -0.627350 -0.185613 1.150009
1.201201 -0.948760 -0.675042 -0.115616 1.170126
1.301301 -0.947680 -0.719817 -0.045167 1.190913
1.401401 -0.942727 -0.761624 0.025424 1.212209
1.501502 -0.934115 -0.800447 0.095874 1.233888
1.601602 -0.922057 -0.836289 0.165925 1.255826
1.701702 -0.906768 -0.869171 0.235352 1.277919
1.801802 -0.888543 -0.899211 0.303972 1.300188
1.901902 -0.867691 -0.926562 0.371647 1.322697
2.002002 -0.844459 -0.951340 0.438255 1.345446
2.102102 -0.819020 -0.973600 0.503667 1.368346
2.202202 -0.791515 -0.993369 0.567755 1.391267
2.302302 -0.762089 -1.010691 0.630410 1.414105
2.402402 -0.730913 -1.025656 0.691561 1.436824
2.502503 -0.698157 -1.038366 0.751158 1.459406
2.602603 -0.663983 -1.048925 0.809167 1.481846
2.702703 -0.628519 -1.057404 0.865536 1.504092
2.802803 -0.591888 -1.063873 0.920227 1.526098
2.902903 -0.554239 -1.068465 0.973262 1.547913
3.003003 -0.515706 -1.071300 1.024664 1.569577
3.103103 -0.476397 -1.072466 1.074435 1.591084
3.203203 -0.436394 -1.072007 1.122545 1.612373
3.303303 -0.395787 -1.069999 1.169000 1.633434
3.403403 -0.354673 -1.066542 1.213836 1.654298
3.503504 -0.313127 -1.061703 1.257067 1.674957
3.603604 -0.271215 -1.055529 1.298683 1.695369
3.703704 -0.228998 -1.048055 1.338662 1.715481
3.803804 -0.186533 -1.039312 1.376987 1.735240
3.903904 -0.143874 -1.029321 1.413622 1.754573
4.004004 -0.101073 -1.018108 1.448542 1.773425
4.104104 -0.058185 -1.005711 1.481741 1.791758
4.204204 -0.015263 -0.992207 1.513272 1.809613
4.304304 0.027643 -0.977683 1.543209 1.827053
4.404404 0.070492 -0.962208 1.571608 1.844116
4.504505 0.113244 -0.945857 1.598536 1.860857
4.604605 0.155867 -0.928691 1.624048 1.877310
4.704705 0.198328 -0.910764 1.648188 1.893501
4.804805 0.240596 -0.892110 1.670970 1.909420
4.904905 0.282638 -0.872749 1.692385 1.925031
5.005005 0.324428 -0.852717 1.712455 1.940331
5.105105 0.365939 -0.832053 1.731211 1.955330
5.205205 0.407149 -0.810787 1.748668 1.970022
5.305305 0.448032 -0.788949 1.764846 1.984403
5.405405 0.488571 -0.766574 1.779772 1.998481
5.505506 0.528741 -0.743687 1.793457 2.012243
5.605606 0.568520 -0.720309 1.805909 2.025678
5.705706 0.607900 -0.696481 1.817178 2.038815
5.805806 0.646874 -0.672241 1.827315 2.051691
5.905906 0.685423 -0.647608 1.836328 2.064292
6.006006 0.723521 -0.622595 1.844204 2.076582
6.106106 0.761141 -0.597216 1.850930 2.088527
6.206206 0.798258 -0.571484 1.856498 2.100095
6.306306 0.834871 -0.545431 1.860954 2.111316
6.406406 0.870967 -0.519079 1.864319 2.122195
6.506507 0.906522 -0.492442 1.866583 2.132701
6.606607 0.941520 -0.465537 1.867755 2.142823
6.706707 0.975951 -0.438386 1.867854 2.152566
6.806807 1.009809 -0.411011 1.866907 2.161941
6.906907 1.043082 -0.383429 1.864929 2.170944
7.007007 1.075756 -0.355658 1.861926 2.179567
7.107107 1.107830 -0.327719 1.857932 2.187830
7.207207 1.139310 -0.299633 1.852986 2.195761
7.307307 1.170192 -0.271418 1.847111 2.203370
7.407407 1.200471 -0.243091 1.840328 2.210663
7.507508 1.230146 -0.214668 1.832660 2.217653
7.607608 1.259221 -0.186167 1.824137 2.224358
7.707708 1.287688 -0.157602 1.814775 2.230782
7.807808 1.315552 -0.128988 1.804602 2.236940
7.907908 1.342813 -0.100339 1.793638 2.242845
8.008008 1.369460 -0.071669 1.781892 2.248487
8.108108 1.395488 -0.042990 1.769377 2.253870
8.208208 1.420909 -0.014315 1.756129 2.259021
8.308308 1.445742 0.014343 1.742187 2.263977
8.408408 1.469963 0.042972 1.727544 2.268711
8.508509 1.493549 0.071561 1.712189 2.273191
8.608609 1.516506 0.100098 1.696145 2.277437
8.708709 1.538834 0.128572 1.679431 2.281453
8.808809 1.560514 0.156971 1.662043 2.285220
8.908909 1.581545 0.185284 1.643995 2.288741
9.009009 1.601921 0.213500 1.625299 2.292015
9.109109 1.621632 0.241607 1.605958 2.295030
9.209209 1.640653 0.269591 1.585965 2.297761
9.309309 1.658959 0.297438 1.565311 2.300176
9.409409 1.676563 0.325140 1.544025 2.302302
9.509510 1.693469 0.352687 1.522125 2.304146
9.609610 1.709674 0.380069 1.499626 2.305714
9.709710 1.725185 0.407278 1.476546 2.307016
9.809810 1.740005 0.434305 1.452903 2.308065
9.909910 1.754129 0.461140 1.428709 2.308859
10.010010 1.767526 0.487766 1.403951 2.309360
10.110110 1.780190 0.514170 1.378638 2.309565
10.210210 1.792140 0.540351 1.352800 2.309505
10.310310 1.803376 0.566299 1.326451 2.309184
10.410410 1.813904 0.592006 1.299609 2.308615
10.510511 1.823728 0.617466 1.272289 2.307805
10.610611 1.832841 0.642668 1.244500 2.306752
10.710711 1.841228 0.667597 1.216246 2.305442
10.810811 1.848876 0.692242 1.187530 2.303860
10.910911 1.855772 0.716587 1.158358 2.301995
11.011011 1.861890 0.740615 1.128727 2.299819
11.111111 1.867231 0.764317 1.098651 2.297339
11.211211 1.871784 0.787679 1.068138 2.294544
11.311311 1.875531 0.810684 1.037191 2.291417
11.411411 1.878463 0.833321 1.005820 2.287952
11.511512 1.880579 0.855579 0.974038 2.284151
11.611612 1.881896 0.877456 0.941868 2.280039
11.711712 1.882405 0.898940 0.909320 2.275611
11.811812 1.882075 0.920007 0.876392 2.270833
11.911912 1.880873 0.940629 0.843084 2.265669
12.012012 1.878794 0.960798 0.809409 2.260121
12.112112 1.875834 0.980498 0.775381 2.254184
12.212212 1.871983 0.999717 0.741009 2.247854
12.312312 1.867247 1.018445 0.706313 2.241143
12.412412 1.861608 1.036665 0.671302 2.234033
12.512513 1.855037 1.054349 0.635981 2.226496
12.612613 1.847491 1.071461 0.600351 2.218485
12.712713 1.838948 1.087979 0.564423 2.209977
12.812813 1.829380 1.103873 0.528208 2.200948
12.912913 1.818764 1.119118 0.491715 2.191373
13.013013 1.807116 1.133711 0.454970 2.181276
13.113113 1.794438 1.147641 0.417992 2.170669
13.213213 1.780694 1.160871 0.380792 2.159513
13.313313 1.765855 1.173371 0.343385 2.147779
13.413413 1.749915 1.185121 0.305790 2.135468
13.513514 1.732875 1.196109 0.268030 2.122586
13.613614 1.714702 1.206298 0.230122 2.109103
13.713714 1.695370 1.215653 0.192086 2.094991
13.813814 1.674849 1.224138 0.153943 2.080224
13.913914 1.653142 1.231738 0.115719 2.064811
14.014014 1.630295 1.238470 0.077442 2.048821
14.114114 1.606320 1.244328 0.039141 2.032276
14.214214 1.581219 1.249294 0.000841 2.015190
14.314314 1.554998 1.253356 -0.037430 1.997579
14.414414 1.527630 1.256475 -0.075645 1.979420
14.514515 1.499087 1.258608 -0.113771 1.960688
14.614615 1.469344 1.259714 -0.151775 1.941363
14.714715 1.438376 1.259750 -0.189622 1.921419
14.814815 1.406147 1.258660 -0.227271 1.900823
14.914915 1.372631 1.256397 -0.264680 1.879549
15.015015 1.337826 1.252935 -0.301808 1.857609
15.115115 1.301698 1.248210 -0.338603 1.834966
15.215215 1.264240 1.242188 -0.375019 1.811622
15.315315 1.225422 1.234808 -0.410995 1.787548
15.415415 1.185201 1.225989 -0.446465 1.762691
15.515516 1.143576 1.215695 -0.481369 1.737065
15.615616 1.100510 1.203844 -0.515628 1.710624
15.715716 1.055985 1.190371 -0.549163 1.683350
15.815816 1.009990 1.175215 -0.581893 1.655237
15.915916 0.962495 1.158285 -0.613716 1.626243
16.016016 0.913495 1.139514 -0.644534 1.596368
16.116116 0.862996 1.118844 -0.674248 1.565626
16.216216 0.810972 1.096164 -0.702720 1.533971
16.316316 0.757418 1.071383 -0.729814 1.501390
16.416416 0.702359 1.044437 -0.755403 1.467921
16.516517 0.645800 1.015221 -0.779318 1.433551
16.616617 0.587750 0.983618 -0.801368 1.398265
16.716717 0.528233 0.949514 -0.821347 1.362064
16.816817 0.467269 0.912757 -0.838995 1.324906
16.916917 0.404893 0.873185 -0.854019 1.286755
17.017017 0.341167 0.830631 -0.866089 1.247579
17.117117 0.276173 0.784912 -0.874817 1.207337
17.217217 0.210047 0.735875 -0.879806 1.166058
17.317317 0.142969 0.683369 -0.880600 1.123784
17.417417 0.075165 0.627198 -0.876621 1.080506
17.517518 0.006950 0.567216 -0.867261 1.036303
17.617618 -0.061261 0.503326 -0.851861 0.991342
17.717718 -0.128930 0.435471 -0.829679 0.945846
17.817818 -0.195333 0.363597 -0.799747 0.899974
17.917918 -0.259496 0.287729 -0.760914 0.853883
18.018018 -0.320135 0.208097 -0.711969 0.807893
18.118118 -0.375623 0.125237 -0.651754 0.762601
18.218218 -0.424006 0.040116 -0.579377 0.719074
18.318318 -0.462905 -0.045797 -0.494207 0.678689
18.418418 -0.489435 -0.130374 -0.396000 0.642931
18.518519 -0.500403 -0.210698 -0.285371 0.613379
18.618619 -0.492862 -0.283125 -0.164346 0.591678
18.718719 -0.464879 -0.343721 -0.036641 0.579309
18.818819 -0.416275 -0.389003 0.092587 0.577218
18.918919 -0.348960 -0.416767 0.217601 0.585506
19.019019 -0.266575 -0.426528 0.333212 0.603339
19.119119 -0.173644 -0.419452 0.435696 0.629224
19.219219 -0.074687 -0.397901 0.523187 0.661535
19.319319 0.026503 -0.364572 0.595217 0.698497
19.419419 0.127047 -0.322073 0.652302 0.738492
19.519520 0.224906 -0.272755 0.695581 0.780263
19.619620 0.318754 -0.218575 0.726461 0.822876
19.719720 0.407821 -0.161133 0.746469 0.865736
19.819820 0.491708 -0.101666 0.757028 0.908407
19.919920 0.570254 -0.041117 0.759400 0.950562
20.020020 0.643396 0.019794 0.754617 0.991866
20.120120 0.711248 0.080521 0.743664 1.032179
20.220220 0.773993 0.140644 0.727409 1.071434
20.320320 0.831767 0.199840 0.706520 1.109479
20.420420 0.884727 0.257855 0.681579 1.146203
20.520521 0.933070 0.314502 0.653116 1.181564
20.620621 0.977055 0.369658 0.621637 1.215614
20.720721 1.016896 0.423224 0.587556 1.248366
20.820821 1.052766 0.475115 0.551214 1.279800
20.920921 1.084848 0.525275 0.512922 1.309923
21.021021 1.113310 0.573660 0.472952 1.338741
21.121121 1.138292 0.620232 0.431537 1.366243
21.221221 1.160010 0.665004 0.388915 1.392518
21.321321 1.178694 0.708017 0.345307 1.417690
21.421421 1.194471 0.749263 0.300881 1.441764
21.521522 1.207419 0.788713 0.255774 1.464701
21.621622 1.217649 0.826367 0.210122 1.486507
21.721722 1.225262 0.862225 0.164051 1.507186
21.821822 1.230355 0.896289 0.117674 1.526746
21.921922 1.233033 0.928572 0.071098 1.545209
22.022022 1.233360 0.959065 0.024419 1.562555
22.122122 1.231413 0.987769 -0.022274 1.578785
22.222222 1.227304 1.014718 -0.068895 1.593949
22.322322 1.221150 1.039955 -0.115370 1.608112
22.422422 1.213041 1.063506 -0.161627 1.621307
22.522523 1.202987 1.085330 -0.207591 1.633466
22.622623 1.190980 1.105371 -0.253185 1.644500
22.722723 1.177056 1.123609 -0.298337 1.654378
22.822823 1.161260 1.140039 -0.342980 1.663084
22.922923 1.143661 1.154676 -0.387056 1.670643
23.023023 1.124313 1.167524 -0.430504 1.677059
23.123123 1.103221 1.178537 -0.473248 1.682263
23.223223 1.080373 1.187651 -0.515201 1.686165
23.323323 1.055791 1.194833 -0.556289 1.688721
23.423423 1.029494 1.200050 -0.596436 1.689886
23.523524 1.001522 1.203289 -0.635572 1.689645
23.623624 0.971966 1.204598 -0.673663 1.688075
23.723724 0.940893 1.204001 -0.710660 1.685211
23.823824 0.908364 1.201512 -0.746515 1.681083
23.923924 0.874456 1.197170 -0.781192 1.675753
24.024024 0.839246 1.191017 -0.814661 1.669290
24.124124 0.802774 1.183040 -0.846855 1.661684
24.224224 0.765042 1.173175 -0.877669 1.652856
24.324324 0.726075 1.161380 -0.907013 1.642760
24.424424 0.685921 1.147651 -0.934819 1.631403
24.524525 0.644652 1.132018 -0.961047 1.618843
24.624625 0.602320 1.114478 -0.985627 1.605089
24.724725 0.558963 1.094998 -1.008463 1.590113
24.824825 0.514635 1.073572 -1.029478 1.573923
24.924925 0.469404 1.050210 -1.048607 1.556553
25.025025 0.423315 1.024874 -1.065735 1.537971
25.125125 0.376414 0.997510 -1.080723 1.518116
25.225225 0.328751 0.968059 -1.093418 1.496923
25.325325 0.280393 0.936482 -1.103681 1.474358
25.425425 0.231428 0.902788 -1.111414 1.450457
25.525526 0.181948 0.866974 -1.116505 1.425248
25.625626 0.132047 0.829018 -1.118800 1.398721
25.725726 0.081826 0.788850 -1.118072 1.370789
25.825826 0.031401 0.746416 -1.114093 1.341390
25.925926 -0.019085 0.701717 -1.106693 1.310549
26.026026 -0.069471 0.654688 -1.095572 1.278171
26.126126 -0.119560 0.605242 -1.080359 1.244101
26.226226 -0.169126 0.553354 -1.060735 1.208289
26.326326 -0.217907 0.499050 -1.036425 1.170774
26.426426 -0.265602 0.442376 -1.007129 1.131613
26.526527 -0.311829 0.383357 -0.972421 1.090781
26.626627 -0.356119 0.322044 -0.931810 1.048238
26.726727 -0.397887 0.258529 -0.884717 1.003930
26.826827 -0.436405 0.192974 -0.830511 0.957829
26.926927 -0.470838 0.125679 -0.768633 0.910099
27.027027 -0.500102 0.057074 -0.698426 0.860906
27.127127 -0.522762 -0.012213 -0.619105 0.810382
27.227227 -0.537059 -0.081230 -0.529994 0.758896
27.327327 -0.540819 -0.148570 -0.430615 0.707098
27.427427 -0.531385 -0.212189 -0.320878 0.656016
27.527528 -0.505655 -0.269185 -0.201481 0.607241
27.627628 -0.460293 -0.315582 -0.074488 0.563036
27.727728 -0.392467 -0.346400 0.055864 0.526445
27.827828 -0.301346 -0.356455 0.182589 0.501207
27.927928 -0.189475 -0.341735 0.296387 0.490438
28.028028 -0.063467 -0.301356 0.387821 0.495226
28.128128 0.067263 -0.238819 0.450806 0.514573
28.228228 0.193764 -0.160601 0.484419 0.545893
28.328328 0.309927 -0.073552 0.491783 0.585931
28.428428 0.412696 0.016805 0.477694 0.631500
28.528529 0.501142 0.106647 0.446921 0.679893
28.628629 0.575624 0.193553 0.403640 0.729199
28.728729 0.637319 0.276180 0.351359 0.778398
28.828829 0.687667 0.353894 0.292817 0.826963
28.928929 0.727980 0.426438 0.230010 0.874476
29.029029 0.759422 0.493775 0.164418 0.920635
29.129129 0.783010 0.555990 0.097147 0.965229
29.229229 0.799647 0.613253 0.029040 1.008146
29.329329 0.810152 0.665795 -0.039260 1.049367
29.429429 0.815245 0.713868 -0.107267 1.088916
29.529530 0.815536 0.757715 -0.174608 1.126818
29.629630 0.811552 0.797568 -0.240999 1.163105
29.729730 0.803764 0.833657 -0.306223 1.197829
29.829830 0.792553 0.866170 -0.370103 1.231003
29.929930 0.778227 0.895254 -0.432489 1.262602
30.030030 0.761111 0.921101 -0.493282 1.292689
30.130130 0.741527 0.943932 -0.552432 1.321382
30.230230 0.719749 0.963942 -0.609902 1.348778
30.330330 0.695996 0.981274 -0.665651 1.374918
30.430430 0.670477 0.996086 -0.719661 1.399870
30.530531 0.643346 1.008468 -0.771887 1.423626
30.630631 0.614723 1.018474 -0.822266 1.446131
30.730731 0.584766 1.026233 -0.870805 1.467449
30.830831 0.553631 1.031886 -0.917528 1.487667
30.930931 0.521463 1.035569 -0.962472 1.506878
31.031031 0.488398 1.037429 -1.005694 1.525193
31.131131 0.454575 1.037630 -1.047280 1.542760
31.231231 0.420093 1.036272 -1.087265 1.559642
31.331331 0.385022 1.033404 -1.125637 1.575825
31.431431 0.349431 1.029077 -1.162390 1.591305
31.531532 0.313376 1.023315 -1.197493 1.606041
31.631632 0.276919 1.016161 -1.230939 1.620024
31.731732 0.240126 1.007685 -1.262755 1.633291
31.831832 0.203060 0.997964 -1.292979 1.645892
31.931932 0.165779 0.987064 -1.321648 1.657869
32.032032 0.128334 0.975045 -1.348786 1.669253
32.132132 0.090773 0.961938 -1.374389 1.680033
32.232232 0.053137 0.947775 -1.398452 1.690198
32.332332 0.015471 0.932600 -1.420990 1.699764
32.432432 -0.022185 0.916439 -1.441991 1.708710
32.532533 -0.059790 0.899305 -1.461429 1.717003
32.632633 -0.097304 0.881225 -1.479297 1.724629
32.732733 -0.134687 0.862214 -1.495565 1.731551
32.832833 -0.171900 0.842302 -1.510236 1.737767
32.932933 -0.208907 0.821522 -1.523315 1.743281
33.033033 -0.245669 0.799902 -1.534799 1.748086
33.133133 -0.282151 0.777472 -1.544689 1.752180
33.233233 -0.318306 0.754231 -1.552930 1.755498
33.333333 -0.354089 0.730187 -1.559476 1.757987
33.433433 -0.389455 0.705355 -1.564297 1.759610
33.533534 -0.424363 0.679757 -1.567375 1.760346
33.633634 -0.458775 0.653424 -1.568715 1.760200
33.733734 -0.492642 0.626370 -1.568274 1.759125
33.833834 -0.525902 0.598596 -1.565983 1.757041
33.933934 -0.558508 0.570125 -1.561816 1.753922
34.034034 -0.590428 0.540998 -1.555800 1.749799
34.134134 -0.621636 0.511260 -1.547972 1.744716
34.234234 -0.652099 0.480951 -1.538353 1.738700
34.334334 -0.681780 0.450102 -1.526945 1.731756
34.434434 -0.710625 0.418738 -1.513723 1.723858
34.534535 -0.738561 0.386874 -1.498620 1.714936
34.634635 -0.765521 0.354532 -1.481588 1.704940
34.734735 -0.791458 0.321749 -1.462626 1.693872
34.834835 -0.816314 0.288558 -1.441715 1.681718
34.934935 -0.840025 0.254992 -1.418826 1.668451
35.035035 -0.862519 0.221086 -1.393929 1.654043
35.135135 -0.883714 0.186876 -1.366976 1.638443
35.235235 -0.903497 0.152395 -1.337883 1.621561
35.335335 -0.921762 0.117685 -1.306584 1.603327
35.435435 -0.938434 0.082799 -1.273067 1.583734
35.535536 -0.953449 0.047791 -1.237342 1.562806
35.635636 -0.966760 0.012723 -1.199443 1.540601
35.735736 -0.978286 -0.022343 -1.159370 1.517130
35.835836 -0.987893 -0.057340 -1.117061 1.492329
35.935936 -0.995447 -0.092195 -1.072467 1.466152
36.036036 -1.000828 -0.126824 -1.025569 1.438587
36.136136 -1.003931 -0.161140 -0.976372 1.409662
36.236236 -1.004604 -0.195043 -0.924850 1.379354
36.336336 -1.002651 -0.228413 -0.870946 1.347601
36.436436 -0.997862 -0.261112 -0.814616 1.314347
36.536537 -0.990014 -0.292988 -0.755825 1.279548
36.636637 -0.978875 -0.323865 -0.694558 1.243180
36.736737 -0.964189 -0.353546 -0.630813 1.205230
36.836837 -0.945638 -0.381783 -0.564577 1.165649
36.936937 -0.922790 -0.408260 -0.495816 1.124301
37.037037 -0.895210 -0.432617 -0.424553 1.081113
37.137137 -0.862373 -0.454404 -0.350842 1.035983
37.237237 -0.823691 -0.473081 -0.274799 0.988831
37.337337 -0.778543 -0.488012 -0.196650 0.939657
37.437437 -0.726152 -0.498365 -0.116729 0.888421
37.537538 -0.665594 -0.503069 -0.035564 0.835080
37.637638 -0.595888 -0.500806 0.046009 0.779747
37.737738 -0.516043 -0.489955 0.126695 0.722778
37.837838 -0.425041 -0.468414 0.204494 0.664748
37.937938 -0.322098 -0.433570 0.276325 0.606701
38.038038 -0.207155 -0.382320 0.337471 0.550425
38.138138 -0.081859 -0.311445 0.380952 0.498822
38.238238 0.048682 -0.219029 0.397575 0.456519
38.338338 0.174240 -0.106988 0.377819 0.429597
38.438438 0.280323 0.016478 0.316656 0.423230
38.538539 0.354095 0.138063 0.218966 0.438624
38.638639 0.391186 0.245588 0.098219 0.472215
38.738739 0.395494 0.332791 -0.031159 0.517819
38.838839 0.374600 0.399019 -0.158909 0.569906
38.938939 0.336117 0.446685 -0.279465 0.624982
39.039039 0.285881 0.478839 -0.390415 0.680763
39.139139 0.228012 0.498285 -0.491060 0.735810
39.239239 0.165402 0.507408 -0.581552 0.789318
39.339339 0.100045 0.508111 -0.662397 0.840807
39.439439 0.033340 0.501924 -0.734248 0.890033
39.539540 -0.033724 0.490103 -0.797840 0.936956
39.639640 -0.100446 0.473652 -0.853866 0.981592
39.739740 -0.166313 0.453311 -0.902843 1.023854
39.839840 -0.230945 0.429691 -0.945250 1.063705
39.939940 -0.294080 0.403355 -0.981637 1.101268
40.040040 -0.355548 0.374789 -1.012547 1.136721
40.140140 -0.415197 0.344358 -1.038356 1.170108
40.240240 -0.472898 0.312355 -1.059363 1.201436
40.340340 -0.528553 0.279044 -1.075852 1.230728
40.440440 -0.582083 0.244647 -1.088072 1.258004
40.540541 -0.633416 0.209362 -1.096238 1.283271
40.640641 -0.682489 0.173362 -1.100545 1.306540
40.740741 -0.729255 0.136807 -1.101177 1.327825
40.840841 -0.773634 0.099833 -1.098252 1.347083
40.940941 -0.815537 0.062568 -1.091853 1.364243
41.041041 -0.854922 0.025136 -1.082124 1.379317
41.141141 -0.891783 -0.012346 -1.069239 1.392373
41.241241 -0.926119 -0.049769 -1.053364 1.403478
41.341341 -0.957905 -0.087030 -1.034624 1.412658
41.441441 -0.987095 -0.124034 -1.013117 1.419911
41.541542 -1.013647 -0.160683 -0.988936 1.425235
41.641642 -1.037514 -0.196885 -0.962169 1.428625
41.741742 -1.058647 -0.232546 -0.932900 1.430075
41.841842 -1.076952 -0.267565 -0.901172 1.429520
41.941942 -1.092355 -0.301843 -0.867047 1.426926
42.042042 -1.104824 -0.335290 -0.830625 1.422320
42.142142 -1.114270 -0.367798 -0.791961 1.415653
42.242242 -1.120583 -0.399252 -0.751102 1.406863
42.342342 -1.123660 -0.429534 -0.708105 1.395895
42.442442 -1.123394 -0.458517 -0.663032 1.382701
42.542543 -1.119679 -0.486073 -0.615954 1.367241
42.642643 -1.112416 -0.512069 -0.566955 1.349490
42.742743 -1.101523 -0.536373 -0.516137 1.329454
42.842843 -1.086899 -0.558841 -0.463602 1.307126
42.942943 -1.068436 -0.579314 -0.409461 1.282505
43.043043 -1.045963 -0.597592 -0.353816 1.255524
43.143143 -1.019272 -0.613438 -0.296778 1.226091
43.243243 -0.988152 -0.626596 -0.238485 1.194128
43.343343 -0.952310 -0.636737 -0.179089 1.159483
43.443443 -0.911502 -0.643533 -0.118795 1.122089
43.543544 -0.865564 -0.646682 -0.057872 1.082011
43.643644 -0.814238 -0.645778 0.003369 1.039242
43.743744 -0.757157 -0.640279 0.064539 0.993685
43.843844 -0.693891 -0.629515 0.125128 0.945214
43.943944 -0.623946 -0.612652 0.184450 0.893685
44.044044 -0.546806 -0.588674 0.241569 0.838981
44.144144 -0.462049 -0.556436 0.295230 0.781199
44.244244 -0.369306 -0.514493 0.343652 0.720546
44.344344 -0.268347 -0.460966 0.384219 0.657361
44.444444 -0.159491 -0.393626 0.413093 0.592473
44.544545 -0.044264 -0.309967 0.424549 0.527523
44.644645 0.073135 -0.208040 0.410451 0.465939
44.744745 0.183518 -0.088670 0.360860 0.414441
44.844845 0.270694 0.040697 0.267513 0.382747
44.944945 0.315855 0.163280 0.133366 0.379751
45.045045 0.311295 0.260369 -0.022098 0.406430
45.145145 0.266172 0.324130 -0.175607 0.454692
45.245245 0.195893 0.357887 -0.313491 0.514523
45.345345 0.112682 0.368585 -0.431557 0.578613
45.445445 0.024183 0.362590 -0.530301 0.642865
45.545546 -0.065209 0.344695 -0.611763 0.705210
45.645646 -0.153062 0.318352 -0.678304 0.764769
45.745746 -0.238039 0.285991 -0.732045 0.821184
45.845846 -0.319429 0.249320 -0.774752 0.874320
45.945946 -0.396886 0.209597 -0.807949 0.924246
46.046046 -0.470214 0.167721 -0.832782 0.970957
46.146146 -0.539318 0.124364 -0.850174 1.014459
46.246246 -0.604209 0.080061 -0.860963 1.054863
46.346346 -0.664910 0.035228 -0.865822 1.092242
46.446446 -0.721456 -0.009800 -0.865309 1.126656
46.546547 -0.773930 -0.054749 -0.859947 1.158221
46.646647 -0.822399 -0.099392 -0.850172 1.187017
46.746747 -0.866883 -0.143530 -0.836313 1.213056
46.846847 -0.907424 -0.186994 -0.818683 1.236377
46.946947 -0.944109 -0.229642 -0.797607 1.257082
47.047047 -0.977008 -0.271348 -0.773363 1.275251
47.147147 -1.006129 -0.311985 -0.746161 1.290886
47.247247 -1.031475 -0.351430 -0.716191 1.303984
47.347347 -1.053058 -0.389575 -0.683639 1.314558
47.447447 -1.070879 -0.426307 -0.648674 1.322610
47.547548 -1.084921 -0.461516 -0.611450 1.328127
47.647648 -1.095160 -0.495088 -0.572113 1.331090
47.747748 -1.101525 -0.526889 -0.530782 1.331427
47.847848 -1.103909 -0.556767 -0.487563 1.329031
47.947948 -1.102228 -0.584575 -0.442578 1.323824
48.048048 -1.096415 -0.610172 -0.395963 1.315759
48.148148 -1.086433 -0.633430 -0.347873 1.304832
48.248248 -1.072271 -0.654232 -0.298473 1.291074
48.348348 -1.053964 -0.672485 -0.247950 1.274581
48.448448 -1.031485 -0.688056 -0.196477 1.255382
48.548549 -1.004785 -0.700791 -0.144231 1.233492
48.648649 -0.973796 -0.710513 -0.091403 1.208909
48.748749 -0.938362 -0.716970 -0.038192 1.181536
48.848849 -0.898353 -0.719908 0.015169 1.151319
48.948949 -0.853641 -0.719052 0.068414 1.118221
49.049049 -0.804062 -0.714072 0.121228 1.082179
49.149149 -0.749414 -0.704560 0.173233 1.043089
49.249249 -0.689440 -0.690009 0.223957 1.000798
49.349349 -0.623839 -0.669790 0.272798 0.955099
49.449449 -0.552306 -0.643160 0.318979 0.905784
49.549550 -0.474539 -0.609217 0.361477 0.852642
49.649650 -0.390251 -0.566832 0.398901 0.795435
49.749750 -0.299328 -0.514715 0.429394 0.734104
49.849850 -0.201970 -0.451375 0.450415 0.668883
49.949950 -0.098891 -0.374929 0.458182 0.600235
50.050050 0.007973 -0.283147 0.446890 0.529100
50.150150 0.113822 -0.174283 0.407984 0.458019
50.250250 0.207874 -0.049511 0.330123 0.393248
50.350350 0.269502 0.081282 0.203397 0.347287
50.450450 0.273195 0.193550 0.034570 0.336589
50.550551 0.213540 0.261280 -0.142801 0.366413
50.650651 0.113747 0.281465 -0.295750 0.423827
50.750751 -0.000767 0.267647 -0.414165 0.493121
50.850851 -0.115835 0.233246 -0.501477 0.565067
50.950951 -0.225414 0.187049 -0.563878 0.635419
51.051051 -0.327292 0.134264 -0.606710 0.702314
51.151151 -0.420881 0.078013 -0.634075 0.765035
51.251251 -0.506183 0.020212 -0.648933 0.823251
51.351351 -0.583423 -0.037910 -0.653458 0.876828
51.451451 -0.653104 -0.095535 -0.649525 0.926043
51.551552 -0.715781 -0.152122 -0.638648 0.971265
51.651652 -0.771862 -0.207290 -0.621911 1.012676
51.751752 -0.821692 -0.260762 -0.600164 1.050415
51.851852 -0.865607 -0.312340 -0.574126 1.084644
51.951952 -0.903946 -0.361886 -0.544416 1.115557
52.052052 -0.937036 -0.409315 -0.511573 1.143364
52.152152 -0.965189 -0.454568 -0.476062 1.168271
52.252252 -0.988653 -0.497594 -0.438267 1.190426
52.352352 -1.007599 -0.538328 -0.398498 1.209898
52.452452 -1.022176 -0.576709 -0.357029 1.226746
52.552553 -1.032584 -0.612720 -0.314132 1.241102
52.652653 -1.038983 -0.646333 -0.270044 1.253058
52.752753 -1.041463 -0.677490 -0.224967 1.262635
52.852853 -1.040123 -0.706143 -0.179093 1.269869
52.952953 -1.035034 -0.732232 -0.132603 1.274772
53.053053 -1.026269 -0.755702 -0.085671 1.277362
53.153153 -1.013944 -0.776531 -0.038472 1.277718
53.253253 -0.998107 -0.794650 0.008829 1.275839
53.353353 -0.978797 -0.809984 0.056070 1.271715
53.453453 -0.956061 -0.822463 0.103082 1.265355
53.553554 -0.929882 -0.831957 0.149689 1.256678
53.653654 -0.900213 -0.838308 0.195700 1.245569
53.753754 -0.867043 -0.841375 0.240916 1.231956
53.853854 -0.830440 -0.841088 0.285141 1.215880
53.953954 -0.790490 -0.837386 0.328181 1.197411
54.054054 -0.747201 -0.830122 0.369793 1.176503
54.154154 -0.700529 -0.819071 0.409688 1.153023
54.254254 -0.650472 -0.804032 0.447557 1.126893
54.354354 -0.597079 -0.784839 0.483082 1.098110
54.454454 -0.540362 -0.761239 0.515861 1.066579
54.554555 -0.480344 -0.732950 0.545428 1.032201
54.654655 -0.417084 -0.699666 0.571241 0.994891
54.754755 -0.350670 -0.661037 0.592651 0.954554
54.854855 -0.281252 -0.616679 0.608879 0.911115
54.954955 -0.209053 -0.566129 0.618943 0.864463
55.055055 -0.134428 -0.508877 0.621620 0.814517
55.155155 -0.057937 -0.444321 0.615296 0.761162
55.255255 0.019499 -0.371889 0.597967 0.704448
55.355355 0.096372 -0.291100 0.567048 0.644647
55.455455 0.170144 -0.201612 0.518913 0.582123
55.555556 0.236481 -0.103839 0.448912 0.517907
55.655656 0.287962 -0.000125 0.351611 0.454480
55.755756 0.312276 0.102852 0.222295 0.396875
55.855856 0.292615 0.190425 0.063094 0.354777
55.955956 0.216658 0.240508 -0.106927 0.340908
56.056056 0.093839 0.238667 -0.253967 0.360925
56.156156 -0.047430 0.192469 -0.355042 0.406631
56.256256 -0.183587 0.120335 -0.409832 0.464916
56.356356 -0.304180 0.037096 -0.428484 0.526783
56.456456 -0.406729 -0.048655 -0.421238 0.587569
56.556557 -0.491835 -0.132448 -0.395729 0.645016
56.656657 -0.561188 -0.212060 -0.357448 0.698334
56.756757 -0.616664 -0.286453 -0.310292 0.747403
56.856857 -0.659826 -0.355130 -0.256932 0.792150
56.956957 -0.692010 -0.417896 -0.199302 0.832609
57.057057 -0.714405 -0.474741 -0.138867 0.868929
57.157157 -0.728022 -0.525741 -0.076745 0.901283
57.257257 -0.733737 -0.571018 -0.013814 0.929851
57.357357 -0.732272 -0.610691 0.049225 0.954771
57.457457 -0.724210 -0.644841 0.111790 0.976113
57.557558 -0.710065 -0.673555 0.173384 0.993947
57.657658 -0.690293 -0.696909 0.233569 1.008336
57.757758 -0.665311 -0.714979 0.291956 1.019349
57.857858 -0.635515 -0.727850 0.348190 1.027074
57.957958 -0.601237 -0.735561 0.401927 1.031543
58.058058 -0.562777 -0.738125 0.452821 1.032760
58.158158 -0.520448 -0.735584 0.500555 1.030779
58.258258 -0.474566 -0.727987 0.544818 1.025673
58.358358 -0.425414 -0.715333 0.585265 1.017454
58.458458 -0.373273 -0.697610 0.621532 1.006129
58.558559 -0.318424 -0.674773 0.653209 0.991662
58.658659 -0.261154 -0.646743 0.679823 0.973980
58.758759 -0.201780 -0.613426 0.700841 0.952988
58.858859 -0.140669 -0.574723 0.715665 0.928586
58.958959 -0.078249 -0.530511 0.723580 0.900629
59.059059 -0.015034 -0.480618 0.723693 0.868880
59.159159 0.048311 -0.424967 0.715076 0.833226
59.259259 0.110935 -0.363528 0.696644 0.793582
59.359359 0.171718 -0.296318 0.667053 0.749834
59.459459 0.229163 -0.223542 0.624796 0.702037
59.559560 0.281135 -0.145617 0.567909 0.650201
59.659660 0.324525 -0.063440 0.493986 0.594443
59.759760 0.354729 0.021076 0.400359 0.535317
59.859860 0.364795 0.104071 0.284504 0.474182
59.959960 0.344577 0.177933 0.145793 0.414306
60.060060 0.281552 0.228914 -0.009831 0.363001
60.160160 0.167806 0.237515 -0.161922 0.332853
60.260260 0.015718 0.190936 -0.275609 0.335654
60.360360 -0.140913 0.100542 -0.327195 0.370164
60.460460 -0.274624 -0.008301 -0.322326 0.423534
60.560561 -0.377242 -0.117039 -0.279672 0.483970
60.660661 -0.451114 -0.217220 -0.215150 0.544957
60.760761 -0.501010 -0.306022 -0.138938 0.603295
60.860861 -0.531441 -0.383018 -0.057199 0.657574
60.960961 -0.546053 -0.448650 0.026300 0.707215
61.061061 -0.547596 -0.503557 0.109190 0.751899
61.161161 -0.538312 -0.548512 0.189928 0.791655
61.261261 -0.520030 -0.584291 0.267479 0.826664
61.361361 -0.494088 -0.611447 0.341064 0.856922
61.461461 -0.461571 -0.630444 0.410077 0.882423
61.561562 -0.423418 -0.641718 0.474042 0.903217
61.661662 -0.380463 -0.645682 0.532583 0.919403
61.761762 -0.333488 -0.642786 0.585440 0.931197
61.861862 -0.283157 -0.633377 0.632336 0.938719
61.961962 -0.230071 -0.617749 0.672991 0.942053
62.062062 -0.174812 -0.596217 0.707183 0.941351
62.162162 -0.117913 -0.568988 0.734581 0.936622
62.262262 -0.059892 -0.536188 0.754746 0.927753
62.362362 -0.001300 -0.497956 0.767222 0.914653
62.462462 0.057266 -0.454445 0.771516 0.897239
62.562563 0.115145 -0.405835 0.767100 0.875445
62.662663 0.171584 -0.352340 0.753384 0.849218
62.762763 0.225696 -0.294199 0.729654 0.818465
62.862863 0.276409 -0.231738 0.695107 0.783121
62.962963 0.322361 -0.165390 0.648749 0.743065
63.063063 0.361765 -0.095786 0.589372 0.698147
63.163163 0.392266 -0.023936 0.515663 0.648347
63.263263 0.410650 0.048521 0.426229 0.593851
63.363363 0.412398 0.118835 0.319803 0.535227
63.463463 0.390948 0.182190 0.195810 0.473682
63.563564 0.337416 0.230148 0.056438 0.412314
63.663664 0.242062 0.248754 -0.088655 0.358235
63.763764 0.102142 0.220081 -0.215139 0.324273
63.863864 -0.062260 0.136547 -0.286800 0.323691
63.963964 -0.212023 0.017921 -0.286414 0.356802
64.064064 -0.322703 -0.105588 -0.230794 0.410551
64.164164 -0.393237 -0.216756 -0.145237 0.471924
64.264264 -0.431415 -0.310465 -0.047147 0.533602
64.364364 -0.445110 -0.386745 0.053911 0.592115
64.464464 -0.440428 -0.447156 0.152895 0.645989
64.564565 -0.421877 -0.493538 0.247145 0.694724
64.664665 -0.392690 -0.527497 0.335194 0.738115
64.764765 -0.355288 -0.550428 0.416242 0.776182
64.864865 -0.311641 -0.563679 0.489965 0.809271
64.964965 -0.263240 -0.568306 0.556176 0.837615
65.065065 -0.211234 -0.565112 0.614712 0.861303
65.165165 -0.156599 -0.554833 0.665516 0.880497
65.265265 -0.100130 -0.537956 0.708372 0.895105
65.365365 -0.042536 -0.514899 0.743059 0.905023
65.465465 0.015500 -0.486111 0.769437 0.910263
65.565566 0.073334 -0.451994 0.787342 0.910815
65.665666 0.130335 -0.412974 0.796659 0.906753
65.765766 0.185859 -0.369409 0.797158 0.898035
65.865866 0.239221 -0.321649 0.788540 0.884579
65.965966 0.289664 -0.270050 0.770435 0.866257
66.066066 0.336362 -0.215028 0.742473 0.842997
66.166166 0.378349 -0.157063 0.704218 0.814702
66.266266 0.414445 -0.096716 0.655096 0.781197
66.366366 0.443194 -0.034723 0.594468 0.742307
66.466466 0.462751 0.027918 0.521622 0.697859
66.566567 0.470719 0.089772 0.435846 0.647763
66.666667 0.463869 0.148690 0.336522 0.592056
66.766767 0.437781 0.201280 0.223489 0.531143
66.866867 0.386323 0.241940 0.097917 0.466227
66.966967 0.301572 0.261246 -0.035319 0.400553
67.067067 0.176184 0.244251 -0.162099 0.342017
67.167167 0.014260 0.173960 -0.251180 0.305871
67.267267 -0.150476 0.052398 -0.264535 0.308816
67.367367 -0.272798 -0.085828 -0.200401 0.349208
67.467467 -0.339842 -0.208245 -0.093215 0.409325
67.567568 -0.363130 -0.304678 0.027250 0.474799
67.667668 -0.356590 -0.376517 0.146145 0.538776
67.767768 -0.330459 -0.427902 0.257370 0.598784
67.867868 -0.291399 -0.462675 0.358725 0.653961
67.967968 -0.243744 -0.483874 0.449610 0.704056
68.068068 -0.190412 -0.493835 0.530074 0.749071
68.168168 -0.133441 -0.494363 0.600416 0.789114
68.268268 -0.074327 -0.486930 0.661080 0.824410
68.368368 -0.014199 -0.472755 0.712573 0.855254
68.468468 0.046082 -0.452751 0.755253 0.881768
68.568569 0.105821 -0.427663 0.789422 0.904036
68.668669 0.164448 -0.398200 0.815479 0.922287
68.768769 0.221483 -0.364962 0.833766 0.936706
68.868869 0.276524 -0.328499 0.844640 0.947520
68.968969 0.329186 -0.289269 0.848338 0.954839
69.069069 0.379059 -0.247636 0.844923 0.958595
69.169169 0.425765 -0.203977 0.834515 0.958800
69.269269 0.468972 -0.158680 0.817308 0.955567
69.369369 0.508304 -0.112110 0.793406 0.948913
69.469469 0.543338 -0.064625 0.762847 0.938791
69.569570 0.573611 -0.016609 0.725657 0.925140
69.669670 0.598607 0.031529 0.681841 0.907872
69.769770 0.617762 0.079325 0.631422 0.886914
69.869870 0.630350 0.126245 0.574344 0.862062
69.969970 0.635610 0.171664 0.510639 0.833199
70.070070 0.632725 0.214848 0.440445 0.800308
70.170170 0.620610 0.254857 0.363889 0.763233
70.270270 0.597879 0.290460 0.281180 0.721726
70.370370 0.562898 0.320056 0.192797 0.675619
70.470470 0.513627 0.341450 0.099638 0.624763
70.570571 0.447396 0.351454 0.003366 0.568942
70.670671 0.361281 0.345659 -0.092780 0.508539
70.770771 0.252481 0.317802 -0.182545 0.445047
70.870871 0.120053 0.259359 -0.253923 0.382304
70.970971 -0.029095 0.161866 -0.285416 0.329408
71.071071 -0.168893 0.027561 -0.248664 0.301858
71.171171 -0.256862 -0.114458 -0.136750 0.312696
71.271271 -0.274695 -0.226538 0.014531 0.356353
71.371371 -0.239987 -0.296695 0.165204 0.415829
71.471471 -0.175985 -0.331667 0.297305 0.478919
71.571572 -0.098054 -0.341165 0.407074 0.540109
71.671672 -0.014751 -0.332685 0.495640 0.597123
71.771772 0.069231 -0.311356 0.565199 0.648988
71.871872 0.151232 -0.280820 0.618124 0.695563
71.971972 0.229675 -0.243639 0.656450 0.736910
72.072072 0.303580 -0.201642 0.681801 0.773093
72.172172 0.372291 -0.156213 0.695513 0.804202
72.272272 0.435330 -0.108425 0.698661 0.830298
72.372372 0.492312 -0.059153 0.692127 0.851416
72.472472 0.542904 -0.009137 0.676648 0.867572
72.572573 0.586883 0.040967 0.652960 0.878901
72.672673 0.624000 0.090567 0.621678 0.885473
72.772773 0.653926 0.139098 0.583270 0.887227
72.872873 0.676320 0.186003 0.538182 0.884107
72.972973 0.690859 0.230722 0.486880 0.876112
73.073073 0.697194 0.272677 0.429837 0.863245
73.173173 0.694948 0.311249 0.367543 0.845528
73.273273 0.683687 0.345755 0.300525 0.822976
73.373373 0.662843 0.375385 0.229342 0.795533
73.473473 0.631772 0.399188 0.154673 0.763158
73.573574 0.589659 0.415972 0.077367 0.725752
73.673674 0.535426 0.424151 -0.001445 0.683072
73.773774 0.467855 0.421694 -0.080112 0.634927
73.873874 0.385616 0.405905 -0.156096 0.581227
73.973974 0.287465 0.373181 -0.225353 0.522191
74.074074 0.172920 0.318786 -0.281158 0.458885
74.174174 0.044019 0.236820 -0.311914 0.394095
74.274274 -0.089474 0.122772 -0.298741 0.335149
74.374374 -0.200508 -0.016760 -0.218816 0.297262
74.474474 -0.247497 -0.149474 -0.071259 0.297783
74.574575 -0.216848 -0.236427 0.100392 0.336154
74.674675 -0.136555 -0.271359 0.252313 0.394899
74.774775 -0.036315 -0.268854 0.370773 0.459428
74.874875 0.067684 -0.242975 0.457735 0.522627
74.974975 0.168056 -0.202888 0.518336 0.581445
75.075075 0.261521 -0.154208 0.557237 0.634575
75.175175 0.346623 -0.100517 0.578198 0.681590
75.275275 0.422803 -0.044210 0.584231 0.722525
75.375375 0.489941 0.013047 0.577764 0.757644
75.475475 0.548100 0.070058 0.560717 0.787226
75.575576 0.597438 0.125931 0.534664 0.811577
75.675676 0.638075 0.179953 0.500850 0.830888
75.775776 0.670106 0.231530 0.460307 0.845299
75.875876 0.693677 0.280167 0.413980 0.855021
75.975976 0.708927 0.325424 0.362718 0.860257
76.076076 0.715878 0.366850 0.307241 0.861079
76.176176 0.714486 0.403979 0.248217 0.857497
76.276276 0.704705 0.436343 0.186315 0.849540
76.376376 0.686484 0.463456 0.122217 0.837251
76.476476 0.659706 0.484765 0.056638 0.820620
76.576577 0.624201 0.499634 -0.009646 0.799596
76.676677 0.579824 0.507367 -0.075743 0.774180
76.776777 0.526273 0.507032 -0.140576 0.744182
76.876877 0.463245 0.497517 -0.202803 0.709400
76.976977 0.390520 0.477520 -0.260682 0.669691
77.077077 0.307995 0.445449 -0.311876 0.624942
77.177177 0.215941 0.399441 -0.353183 0.575258
77.277277 0.115248 0.337135 -0.379868 0.520809
77.377377 0.008405 0.255963 -0.384931 0.462342
77.477477 -0.098462 0.154093 -0.358068 0.402060
77.577578 -0.191443 0.033415 -0.285221 0.345135
77.677678 -0.243457 -0.092134 -0.154858 0.302888
77.777778 -0.222145 -0.188395 0.019771 0.291945
77.877878 -0.126773 -0.222269 0.188459 0.317792
77.977978 0.004199 -0.197101 0.309434 0.366901
78.078078 0.136187 -0.136852 0.377488 0.423996
78.178178 0.253839 -0.060712 0.403510 0.480563
78.278278 0.352779 0.020345 0.399107 0.533061
78.378378 0.432989 0.100500 0.373240 0.580420
78.478478 0.495505 0.176610 0.332024 0.622058
78.578579 0.541541 0.246878 0.279714 0.657613
78.678679 0.572484 0.310277 0.219594 0.687191
78.778779 0.589581 0.366170 0.154163 0.710952
78.878879 0.593974 0.414166 0.085421 0.729134
78.978979 0.586675 0.453997 0.015018 0.741975
79.079079 0.568395 0.485308 -0.055633 0.749461
79.179179 0.539765 0.507762 -0.125239 0.751567
79.279279 0.501469 0.521095 -0.192560 0.748392
79.379379 0.454055 0.524920 -0.256327 0.739872
79.479479 0.397982 0.518689 -0.315138 0.725769
79.579580 0.333819 0.501865 -0.367464 0.705927
79.679680 0.262293 0.473897 -0.411571 0.680270
79.779780 0.184295 0.434129 -0.445357 0.648672
79.879880 0.100998 0.381664 -0.466008 0.610763
79.979980 0.014213 0.315545 -0.469833 0.566139
80.080080 -0.072999 0.235103 -0.452067 0.514749
80.180180 -0.155271 0.140261 -0.406041 0.456784
80.280280 -0.222719 0.033205 -0.323064 0.393797
80.380380 -0.257005 -0.077294 -0.194304 0.331330
80.480480 -0.228150 -0.166533 -0.021310 0.283266
80.580581 -0.114623 -0.191584 0.155911 0.272307
80.680681 0.048019 -0.136429 0.269237 0.305626
80.780781 0.199540 -0.036942 0.300547 0.362643
80.880881 0.314978 0.071297 0.274311 0.423722
80.980981 0.393265 0.171802 0.214676 0.479853
81.081081 0.439397 0.258542 0.137053 0.527918
81.181181 0.458693 0.329622 0.050859 0.567131
81.281281 0.455520 0.384615 -0.037919 0.597382
81.381381 0.433218 0.423478 -0.125137 0.618603
81.481481 0.394631 0.446430 -0.207663 0.630997
81.581582 0.342322 0.453844 -0.282946 0.634994
81.681682 0.278499 0.445958 -0.348659 0.630875
81.781782 0.205178 0.422791 -0.402368 0.618668
81.881882 0.124397 0.384112 -0.441233 0.598083
81.981982 0.038636 0.329770 -0.461992 0.568927
82.082082 -0.048801 0.259698 -0.460511 0.530938
82.182182 -0.133078 0.174344 -0.431578 0.484113
82.282282 -0.206410 0.075609 -0.368630 0.429197
82.382382 -0.255428 -0.030954 -0.263924 0.368588
82.482482 -0.257263 -0.130168 -0.112984 0.309667
82.582583 -0.181961 -0.187767 0.067840 0.270126
82.682683 -0.029475 -0.163498 0.216459 0.272865
82.782783 0.138508 -0.068596 0.274938 0.315405
82.882883 0.270007 0.048869 0.254056 0.373947
82.982983 0.355607 0.159395 0.187876 0.432620
83.083083 0.402041 0.252902 0.100173 0.485418
83.183183 0.417590 0.327222 0.004404 0.530543
83.283283 0.408737 0.382531 -0.091793 0.567293
83.383383 0.380201 0.419469 -0.183648 0.595176
83.483483 0.335771 0.438898 -0.267865 0.614106
83.583584 0.278679 0.441775 -0.341980 0.624322
83.683684 0.211644 0.428858 -0.403844 0.625941
83.783784 0.137156 0.400768 -0.451378 0.619007
83.883884 0.057732 0.358102 -0.482430 0.603580
83.983984 -0.023867 0.301415 -0.494491 0.579605
84.084084 -0.104269 0.231387 -0.484492 0.546941
84.184184 -0.178887 0.149134 -0.448561 0.505419
84.284284 -0.240900 0.056924 -0.381873 0.455082
84.384384 -0.279686 -0.040111 -0.279390 0.397356
84.484484 -0.277822 -0.130210 -0.138009 0.336432
84.584585 -0.210450 -0.187623 0.032851 0.283850
84.684685 -0.065433 -0.172568 0.186580 0.262437
84.784785 0.110310 -0.077126 0.253696 0.287190
84.884885 0.249630 0.049862 0.227656 0.341509
84.984985 0.334778 0.168102 0.149013 0.403162
85.085085 0.374991 0.264574 0.049142 0.461554
85.185185 0.381835 0.337856 -0.055648 0.512876
85.285285 0.364231 0.389688 -0.157155 0.556074
85.385385 0.328672 0.422410 -0.251072 0.591179
85.485485 0.279865 0.438157 -0.334947 0.618462
85.585586 0.221296 0.438636 -0.407162 0.638086
85.685686 0.155724 0.425222 -0.466473 0.650123
85.785786 0.085528 0.399131 -0.511855 0.654687
85.885886 0.012876 0.361423 -0.542299 0.651829
85.985986 -0.060109 0.313065 -0.556705 0.641516
86.086086 -0.131154 0.255000 -0.553757 0.623597
86.186186 -0.197678 0.188350 -0.532038 0.598010
86.286286 -0.256570 0.114613 -0.490063 0.564912
86.386386 -0.303680 0.035821 -0.425906 0.524310
86.486486 -0.333126 -0.044792 -0.337380 0.476239
86.586587 -0.336388 -0.121503 -0.222923 0.421443
86.686687 -0.301071 -0.183616 -0.083926 0.362494
86.786787 -0.211394 -0.211214 0.068123 0.306495
86.886887 -0.061060 -0.175284 0.196111 0.270023
86.986987 0.112669 -0.066769 0.240583 0.273921
87.087087 0.243725 0.070915 0.187946 0.315839
87.187187 0.310524 0.192293 0.082065 0.374348
87.287287 0.327050 0.283650 -0.038816 0.434656
87.387387 0.309986 0.346407 -0.156533 0.490502
87.487487 0.271121 0.385098 -0.263699 0.539763
87.587588 0.218306 0.404160 -0.357581 0.582123
87.687688 0.156718 0.407082 -0.437252 0.617629
87.787788 0.089922 0.396550 -0.502508 0.646415
87.887888 0.020576 0.374809 -0.553570 0.668839
87.987988 -0.049280 0.343697 -0.590784 0.685261
88.088088 -0.117991 0.304729 -0.614472 0.695958
88.188188 -0.184118 0.259175 -0.624839 0.701067
88.288288 -0.246317 0.208161 -0.621983 0.700619
88.388388 -0.303283 0.152781 -0.605999 0.694663
88.488488 -0.353619 0.094122 -0.576862 0.683136
88.588589 -0.395786 0.033344 -0.534485 0.665908
88.688689 -0.428050 -0.028207 -0.478827 0.642882
88.788789 -0.448297 -0.088900 -0.409832 0.613869
88.888889 -0.453967 -0.146621 -0.327632 0.578728
88.988989 -0.441768 -0.198463 -0.232706 0.537307
89.089089 -0.407557 -0.240263 -0.126420 0.489705
89.189189 -0.346259 -0.265837 -0.012128 0.436705
89.289289 -0.251931 -0.265529 0.102510 0.380109
89.389389 -0.121074 -0.225496 0.200395 0.325063
89.489489 0.036096 -0.132430 0.248512 0.283899
89.589590 0.177956 0.005189 0.209159 0.274668
89.689690 0.252843 0.141884 0.089501 0.303432
89.789790 0.255305 0.239935 -0.058877 0.355269
89.889890 0.211083 0.295581 -0.198759 0.414040
89.989990 0.142513 0.318066 -0.317153 0.471234
90.090090 0.062844 0.316541 -0.412025 0.523366
90.190190 -0.020388 0.297993 -0.484962 0.569565
90.290290 -0.102890 0.267294 -0.538246 0.609706
90.390390 -0.182078 0.227853 -0.573991 0.643844
90.490490 -0.256296 0.182163 -0.594022 0.672111
90.590591 -0.324415 0.132142 -0.599922 0.694704
90.690691 -0.385567 0.079300 -0.592966 0.711730
90.790791 -0.438949 0.024886 -0.574100 0.723109
90.890891 -0.483896 -0.029984 -0.544236 0.728868
90.990991 -0.519828 -0.084270 -0.504273 0.729119
91.091091 -0.546026 -0.136948 -0.454913 0.723772
91.191191 -0.561643 -0.186941 -0.396786 0.712621
91.291291 -0.565816 -0.233092 -0.330624 0.695552
91.391391 -0.557529 -0.274069 -0.257244 0.672404
91.491491 -0.535427 -0.308207 -0.177566 0.642809
91.591592 -0.497968 -0.333444 -0.092888 0.606453
91.691692 -0.443503 -0.347212 -0.005164 0.563273
91.791792 -0.369939 -0.345887 0.082564 0.513137
91.891892 -0.275079 -0.324405 0.165162 0.456273
91.991992 -0.157599 -0.275661 0.233273 0.394008
92.092092 -0.020300 -0.190308 0.269049 0.330176
92.192192 0.118520 -0.062787 0.241576 0.276312
92.292292 0.207844 0.085070 0.122303 0.255723
92.392392 0.198619 0.192863 -0.055379 0.282334
92.492492 0.114874 0.231848 -0.217769 0.338190
92.592593 0.004055 0.220566 -0.335589 0.401604
92.692693 -0.108424 0.180704 -0.411312 0.462155
92.792793 -0.212501 0.125684 -0.453377 0.516240
92.892893 -0.304529 0.063236 -0.469268 0.562982
92.992993 -0.383288 -0.002070 -0.464555 0.602266
93.093093 -0.448468 -0.067343 -0.443322 0.634187
93.193193 -0.500100 -0.130591 -0.408682 0.658920
93.293293 -0.538179 -0.190292 -0.362978 0.676462
93.393393 -0.562718 -0.245194 -0.308158 0.686828
93.493493 -0.573724 -0.294181 -0.245957 0.690070
93.593594 -0.570996 -0.336100 -0.177909 0.686040
93.693694 -0.554184 -0.369697 -0.105520 0.674485
93.793794 -0.523004 -0.393675 -0.030449 0.655317
93.893894 -0.477098 -0.406519 0.045403 0.628444
93.993994 -0.415784 -0.406159 0.119674 0.593434
94.094094 -0.338274 -0.389864 0.189106 0.549713
94.194194 -0.244091 -0.354153 0.248908 0.496951
94.294294 -0.133592 -0.294288 0.291329 0.435115
94.394394 -0.010078 -0.204093 0.302807 0.365305
94.494494 0.112802 -0.078581 0.258983 0.293209
94.594595 0.191391 0.068982 0.127063 0.239862
94.694695 0.155869 0.171285 -0.074235 0.243197
94.794795 0.027528 0.177276 -0.240107 0.299726
94.894895 -0.115352 0.123311 -0.331156 0.371720
94.994995 -0.240570 0.046818 -0.365867 0.440369
95.095095 -0.342194 -0.035032 -0.363513 0.500465
95.195195 -0.420995 -0.114799 -0.336526 0.551059
95.295295 -0.478963 -0.188984 -0.292731 0.592294
95.395395 -0.517903 -0.255699 -0.237250 0.624414
95.495495 -0.539320 -0.313776 -0.173719 0.647688
95.595596 -0.544401 -0.362344 -0.104934 0.662327
95.695696 -0.533937 -0.400549 -0.033178 0.668303
95.795796 -0.508382 -0.427406 0.039474 0.665347
95.895896 -0.468040 -0.441796 0.110922 0.653107
95.995996 -0.413242 -0.442491 0.178869 0.631317
96.096096 -0.344263 -0.427924 0.240558 0.599587
96.196196 -0.261555 -0.396171 0.292469 0.557585
96.296296 -0.166019 -0.344742 0.329653 0.505055
96.396396 -0.059623 -0.270068 0.344204 0.441552
96.496496 0.051998 -0.168174 0.323106 0.367945
96.596597 0.151902 -0.037997 0.244041 0.289955
96.696697 0.191072 0.099591 0.079416 0.229638
96.796797 0.101706 0.164678 -0.130133 0.233233
96.896897 -0.061325 0.121847 -0.262962 0.296237
96.996997 -0.209750 0.032377 -0.305960 0.372364
97.097097 -0.323130 -0.064603 -0.294595 0.442010
97.197197 -0.403730 -0.155613 -0.252441 0.500939
97.297297 -0.456652 -0.236168 -0.192656 0.549020
97.397397 -0.486188 -0.304717 -0.122864 0.586794
97.497497 -0.495515 -0.360635 -0.047913 0.614727
97.597598 -0.486979 -0.403562 0.028780 0.633119
97.697698 -0.462384 -0.433173 0.104511 0.642153
97.797798 -0.423168 -0.449063 0.176904 0.641891
97.897898 -0.370439 -0.450572 0.243581 0.632117
97.997998 -0.305162 -0.436754 0.301910 0.612395
98.098098 -0.228441 -0.406450 0.348750 0.582249
98.198198 -0.141699 -0.358107 0.379968 0.541013
98.298298 -0.047241 -0.289730 0.389671 0.487872
98.398398 0.050395 -0.198961 0.368682 0.421962
98.498498 0.140537 -0.084381 0.301785 0.343431
98.598599 0.194194 0.046699 0.164887 0.258998
98.698699 0.139923 0.142015 -0.048504 0.205181
98.798799 -0.041110 0.105021 -0.212314 0.240410
98.898899 -0.211134 -0.009610 -0.242823 0.321921
98.998999 -0.323941 -0.126178 -0.200516 0.401330
99.099099 -0.389435 -0.225349 -0.127330 0.467605
99.199199 -0.418908 -0.304022 -0.041832 0.519291
99.299299 -0.420220 -0.362404 0.046705 0.556868
99.399399 -0.398766 -0.401213 0.132805 0.581054
99.499499 -0.358313 -0.420918 0.212596 0.592248
99.599600 -0.301639 -0.421540 0.282719 0.590434
99.699700 -0.231076 -0.402681 0.339714 0.575285
99.799800 -0.149007 -0.363615 0.379553 0.546333
99.899900 -0.058376 -0.303256 0.396966 0.502945
100.000000 0.036276 -0.220189 0.384227 0.444330
