0.000000 -0.030520 0.943250 -0.333037 1.000783
0.100100 -0.082306 0.907381 -0.411146 0.999578
0.200200 -0.133472 0.865032 -0.486264 1.001273
0.300300 -0.183657 0.816549 -0.557875 1.005836
0.400400 -0.232523 0.762359 -0.625526 1.013183
0.500501 -0.279773 0.702992 -0.688866 1.023234
0.600601 -0.325151 0.639022 -0.747626 1.035865
0.700701 -0.368419 0.570994 -0.801562 1.050842
0.800801 -0.409392 0.499484 -0.850527 1.067934
0.900901 -0.447956 0.425103 -0.894507 1.086978
1.001001 -0.484030 0.348422 -0.933532 1.107775
1.101101 -0.517576 0.269978 -0.967700 1.130140
1.201201 -0.548614 0.190280 -0.997195 1.153942
1.301301 -0.577176 0.109776 -1.022205 1.179019
1.401401 -0.603283 0.028857 -1.042883 1.205151
1.501502 -0.626986 -0.052129 -1.059418 1.232151
1.601602 -0.648346 -0.132872 -1.072010 1.259847
1.701702 -0.667440 -0.213105 -1.080868 1.288086
1.801802 -0.684411 -0.292615 -1.086301 1.316849
1.901902 -0.699423 -0.371245 -1.088640 1.346162
2.002002 -0.712608 -0.448860 -1.088147 1.375990
2.102102 -0.724047 -0.525330 -1.085000 1.406215
2.202202 -0.733798 -0.600531 -1.079338 1.436687
2.302302 -0.741928 -0.674361 -1.071305 1.467281
2.402402 -0.748532 -0.746760 -1.061080 1.497945
2.502503 -0.753706 -0.817689 -1.048842 1.528645
2.602603 -0.757547 -0.887129 -1.034763 1.559362
2.702703 -0.760126 -0.955045 -1.018971 1.590033
2.802803 -0.761508 -1.021415 -1.001590 1.620607
2.902903 -0.761797 -1.086274 -0.982783 1.651118
3.003003 -0.761085 -1.149662 -0.962699 1.681595
3.103103 -0.759441 -1.211594 -0.941448 1.712026
3.203203 -0.756903 -1.272057 -0.919104 1.742350
3.303303 -0.753531 -1.331071 -0.895759 1.772553
3.403403 -0.749392 -1.388685 -0.871518 1.802658
3.503504 -0.744536 -1.444922 -0.846456 1.832655
3.603604 -0.738998 -1.499787 -0.820633 1.862504
3.703704 -0.732804 -1.553273 -0.794097 1.892155
3.803804 -0.725979 -1.605373 -0.766891 1.921559
3.903904 -0.718541 -1.656066 -0.739052 1.950654
4.004004 -0.710509 -1.705340 -0.710618 1.979390
4.104104 -0.701908 -1.753199 -0.681630 2.007736
4.204204 -0.692786 -1.799701 -0.652151 2.035725
4.304304 -0.683191 -1.844924 -0.622242 2.063415
4.404404 -0.673163 -1.888925 -0.591956 2.090836
4.504505 -0.662745 -1.931773 -0.561342 2.118037
4.604605 -0.651968 -1.973523 -0.530442 2.145047
4.704705 -0.640864 -2.014222 -0.499292 2.171886
4.804805 -0.629450 -2.053890 -0.467918 2.198549
4.904905 -0.617737 -2.092524 -0.436340 2.225005
5.005005 -0.605745 -2.130148 -0.404583 2.251253
5.105105 -0.593492 -2.166794 -0.372670 2.277303
5.205205 -0.580994 -2.202481 -0.340622 2.303150
5.305305 -0.568266 -2.237231 -0.308459 2.328792
5.405405 -0.555324 -2.271071 -0.276200 2.354238
5.505506 -0.542179 -2.304015 -0.243861 2.379477
5.605606 -0.528843 -2.336073 -0.211457 2.404501
5.705706 -0.515334 -2.367291 -0.179005 2.429337
5.805806 -0.501668 -2.397716 -0.146521 2.454013
5.905906 -0.487854 -2.427358 -0.114016 2.478521
6.006006 -0.473898 -2.456208 -0.081503 2.502834
6.106106 -0.459802 -2.484257 -0.048990 2.526925
6.206206 -0.445574 -2.511501 -0.016488 2.550773
6.306306 -0.431225 -2.537979 0.015992 2.574403
6.406406 -0.416765 -2.563712 0.048441 2.597818
6.506507 -0.402198 -2.588694 0.080850 2.620999
6.606607 -0.387531 -2.612932 0.113209 2.643938
6.706707 -0.372772 -2.636444 0.145510 2.666640
6.806807 -0.357928 -2.659256 0.177748 2.689117
6.906907 -0.343007 -2.681379 0.209913 2.711366
7.007007 -0.328013 -2.702820 0.242000 2.733385
7.107107 -0.312955 -2.723609 0.274003 2.755189
7.207207 -0.297841 -2.743780 0.305919 2.776801
7.307307 -0.282676 -2.763353 0.337743 2.798231
7.407407 -0.267466 -2.782345 0.369471 2.819484
7.507508 -0.252217 -2.800777 0.401101 2.840571
7.607608 -0.236934 -2.818675 0.432629 2.861509
7.707708 -0.221621 -2.836052 0.464052 2.882300
7.807808 -0.206284 -2.852931 0.495370 2.902957
7.907908 -0.190927 -2.869330 0.526580 2.923491
8.008008 -0.175552 -2.885256 0.557680 2.943897
8.108108 -0.160163 -2.900720 0.588665 2.964178
8.208208 -0.144764 -2.915750 0.619539 2.984356
8.308308 -0.129359 -2.930382 0.650304 3.004458
8.408408 -0.113950 -2.944606 0.680955 3.024465
8.508509 -0.098538 -2.958412 0.711486 3.044359
8.608609 -0.083128 -2.971820 0.741897 3.064154
8.708709 -0.067720 -2.984844 0.772189 3.083854
8.808809 -0.052317 -2.997479 0.802356 3.103448
8.908909 -0.036921 -3.009735 0.832399 3.122940
9.009009 -0.021535 -3.021621 0.862315 3.142331
9.109109 -0.006159 -3.033137 0.892103 3.161614
9.209209 0.009204 -3.044275 0.921757 3.180775
9.309309 0.024552 -3.055025 0.951270 3.199796
9.409409 0.039884 -3.065409 0.980646 3.218694
9.509510 0.055198 -3.075441 1.009886 3.237477
9.609610 0.070492 -3.085132 1.038991 3.256150
9.709710 0.085765 -3.094496 1.067963 3.274722
9.809810 0.101017 -3.103546 1.096804 3.293202
9.909910 0.116245 -3.112288 1.125513 3.311590
10.010010 0.131447 -3.120709 1.154083 3.329866
10.110110 0.146623 -3.128812 1.182512 3.348029
10.210210 0.161772 -3.136623 1.210809 3.366101
10.310310 0.176893 -3.144150 1.238973 3.384084
10.410410 0.191985 -3.151407 1.267008 3.401989
10.510511 0.207049 -3.158403 1.294915 3.419823
10.610611 0.222082 -3.165145 1.322696 3.437584
10.710711 0.237085 -3.171629 1.350346 3.455267
10.810811 0.252054 -3.177854 1.377864 3.472866
10.910911 0.266991 -3.183822 1.405247 3.490376
11.011011 0.281891 -3.189521 1.432489 3.507782
11.111111 0.296756 -3.194962 1.459593 3.525090
11.211211 0.311583 -3.200146 1.486557 3.542297
11.311311 0.326372 -3.205069 1.513377 3.559395
11.411411 0.341122 -3.209734 1.540053 3.576384
11.511512 0.355832 -3.214148 1.566586 3.593266
11.611612 0.370503 -3.218330 1.592983 3.610057
11.711712 0.385135 -3.222281 1.619243 3.626757
11.811812 0.399724 -3.225991 1.645361 3.643351
11.911912 0.414270 -3.229448 1.671327 3.659821
12.012012 0.428770 -3.232659 1.697143 3.676170
12.112112 0.443226 -3.235629 1.722810 3.692400
12.212212 0.457636 -3.238359 1.748327 3.708511
12.312312 0.472000 -3.240861 1.773699 3.724510
12.412412 0.486318 -3.243134 1.798923 3.740394
12.512513 0.500587 -3.245168 1.823992 3.756148
12.612613 0.514805 -3.246950 1.848897 3.771755
12.712713 0.528969 -3.248477 1.873635 3.787205
12.812813 0.543077 -3.249744 1.898200 3.802490
12.912913 0.557128 -3.250745 1.922588 3.817601
13.013013 0.571124 -3.251499 1.946807 3.832556
13.113113 0.585064 -3.252014 1.970861 3.847361
13.213213 0.598948 -3.252281 1.994742 3.862003
13.313313 0.612771 -3.252296 2.018446 3.876473
13.413413 0.626535 -3.252064 2.041975 3.890774
13.513514 0.640240 -3.251594 2.065332 3.904915
13.613614 0.653885 -3.250880 2.088511 3.918886
13.713714 0.667466 -3.249920 2.111510 3.932679
13.813814 0.680983 -3.248709 2.134324 3.946288
13.913914 0.694436 -3.247258 2.156958 3.959721
14.014014 0.707832 -3.245596 2.179429 3.973013
14.114114 0.721171 -3.243737 2.201745 3.986176
14.214214 0.734456 -3.241691 2.223912 3.999221
14.314314 0.747688 -3.239469 2.245935 4.012159
14.414414 0.760865 -3.237068 2.267813 4.024985
14.514515 0.773987 -3.234488 2.289542 4.037694
14.614615 0.787052 -3.231726 2.311120 4.050281
14.714715 0.800060 -3.228781 2.332545 4.062744
14.814815 0.813009 -3.225650 2.353812 4.075074
14.914915 0.825896 -3.222330 2.374919 4.087268
15.015015 0.838725 -3.218831 2.395872 4.099334
15.115115 0.851492 -3.215149 2.416665 4.111264
15.215215 0.864200 -3.211290 2.437304 4.123066
15.315315 0.876847 -3.207253 2.457784 4.134735
15.415415 0.889429 -3.203030 2.478099 4.146259
15.515516 0.901949 -3.198632 2.498256 4.157649
15.615616 0.914406 -3.194053 2.518248 4.168895
15.715716 0.926797 -3.189295 2.538077 4.179999
15.815816 0.939125 -3.184364 2.557745 4.190965
15.915916 0.951387 -3.179255 2.577248 4.201786
16.016016 0.963585 -3.173976 2.596589 4.212469
16.116116 0.975721 -3.168535 2.615776 4.223023
16.216216 0.987792 -3.162929 2.634803 4.233442
16.316316 0.999799 -3.157160 2.653671 4.243728
16.416416 1.011745 -3.151241 2.672391 4.253895
16.516517 1.023630 -3.145176 2.690962 4.263945
16.616617 1.035455 -3.138964 2.709386 4.273878
16.716717 1.047219 -3.132610 2.727664 4.283698
16.816817 1.058921 -3.126112 2.745792 4.293398
16.916917 1.070559 -3.119464 2.763767 4.302971
17.017017 1.082132 -3.112666 2.781585 4.312414
17.117117 1.093637 -3.105713 2.799240 4.321717
17.217217 1.105075 -3.098607 2.816735 4.330883
17.317317 1.116446 -3.091352 2.834071 4.339915
17.417417 1.127747 -3.083943 2.851242 4.348804
17.517518 1.138980 -3.076382 2.868249 4.357551
17.617618 1.150144 -3.068676 2.885097 4.366164
17.717718 1.161244 -3.060832 2.901792 4.374651
17.817818 1.172274 -3.052843 2.918326 4.383002
17.917918 1.183231 -3.044697 2.934686 4.391196
18.018018 1.194108 -3.036384 2.950861 4.399217
18.118118 1.204906 -3.027904 2.966850 4.407063
18.218218 1.215630 -3.019272 2.982666 4.414754
18.318318 1.226285 -3.010503 2.998323 4.422312
18.418418 1.236870 -3.001600 3.013822 4.429737
18.518519 1.247384 -2.992555 3.029155 4.437019
18.618619 1.257821 -2.983362 3.044313 4.444143
18.718719 1.268179 -2.974015 3.059290 4.451101
18.818819 1.278457 -2.964511 3.074082 4.457887
18.918919 1.288653 -2.954851 3.088687 4.464500
19.019019 1.298765 -2.945033 3.103103 4.470935
19.119119 1.308795 -2.935058 3.117329 4.477193
19.219219 1.318743 -2.924935 3.131373 4.483283
19.319319 1.328611 -2.914664 3.145235 4.489206
19.419419 1.338396 -2.904243 3.158909 4.494957
19.519520 1.348097 -2.893672 3.172395 4.500532
19.619620 1.357715 -2.882953 3.185695 4.505936
19.719720 1.367253 -2.872095 3.198816 4.511179
19.819820 1.376714 -2.861106 3.211766 4.516272
19.919920 1.386100 -2.849992 3.224550 4.521222
20.020020 1.395409 -2.838748 3.237163 4.526023
20.120120 1.404643 -2.827382 3.249611 4.530682
20.220220 1.413804 -2.815900 3.261901 4.535210
20.320320 1.422891 -2.804300 3.274027 4.539600
20.420420 1.431901 -2.792577 3.285985 4.543844
20.520521 1.440833 -2.780732 3.297775 4.547944
20.620621 1.449693 -2.768776 3.309406 4.551911
20.720721 1.458480 -2.756710 3.320881 4.555751
20.820821 1.467195 -2.744535 3.332198 4.559461
20.920921 1.475837 -2.732253 3.343359 4.563042
21.021021 1.484406 -2.719864 3.354364 4.566496
21.121121 1.492901 -2.707368 3.365209 4.569817
21.221221 1.501327 -2.694773 3.375907 4.573022
21.321321 1.509691 -2.682095 3.386473 4.576134
21.421421 1.517993 -2.669334 3.396908 4.579152
21.521522 1.526228 -2.656484 3.407204 4.582065
21.621622 1.534398 -2.643546 3.417359 4.584873
21.721722 1.542500 -2.630519 3.427373 4.587573
21.821822 1.550534 -2.617403 3.437244 4.590164
21.921922 1.558502 -2.604201 3.446975 4.592649
22.022022 1.566399 -2.590909 3.456560 4.595021
22.122122 1.574227 -2.577526 3.465996 4.597277
22.222222 1.581986 -2.564059 3.475291 4.599427
22.322322 1.589682 -2.550515 3.484456 4.601483
22.422422 1.597318 -2.536899 3.493494 4.603453
22.522523 1.604885 -2.523201 3.502392 4.605317
22.622623 1.612376 -2.509409 3.511130 4.607052
22.722723 1.619787 -2.495517 3.519701 4.608646
22.822823 1.627116 -2.481524 3.528102 4.610095
22.922923 1.634364 -2.467433 3.536335 4.611403
23.023023 1.641531 -2.453245 3.544399 4.612570
23.123123 1.648609 -2.438950 3.552281 4.613576
23.223223 1.655591 -2.424536 3.559961 4.614399
23.323323 1.662471 -2.409997 3.567430 4.615024
23.423423 1.669245 -2.395329 3.574677 4.615441
23.523524 1.675910 -2.380531 3.581701 4.615646
23.623624 1.682475 -2.365613 3.588517 4.615658
23.723724 1.688942 -2.350582 3.595132 4.615489
23.823824 1.695315 -2.335444 3.601552 4.615146
23.923924 1.701600 -2.320208 3.607792 4.614648
24.024024 1.707802 -2.304885 3.613866 4.614013
24.124124 1.713923 -2.289475 3.619775 4.613241
24.224224 1.719956 -2.273970 3.625502 4.612315
24.324324 1.725895 -2.258365 3.631041 4.611224
24.424424 1.731744 -2.242665 3.636396 4.609974
24.524525 1.737508 -2.226879 3.641579 4.608581
24.624625 1.743189 -2.211009 3.646597 4.607053
24.724725 1.748785 -2.195056 3.651444 4.605384
24.824825 1.754300 -2.179022 3.656126 4.603582
24.924925 1.759736 -2.162915 3.660654 4.601658
25.025025 1.765093 -2.146732 3.665022 4.599609
25.125125 1.770367 -2.130471 3.669224 4.597425
25.225225 1.775553 -2.114128 3.673252 4.595096
25.325325 1.780651 -2.097701 3.677103 4.592620
25.425425 1.785665 -2.081198 3.680789 4.590010
25.525526 1.790600 -2.064625 3.684317 4.587278
25.625626 1.795457 -2.047984 3.687691 4.584426
25.725726 1.800230 -2.031270 3.690900 4.581444
25.825826 1.804917 -2.014480 3.693939 4.578322
25.925926 1.809521 -1.997621 3.696816 4.575074
26.026026 1.814038 -1.980687 3.699521 4.571686
26.126126 1.818459 -1.963670 3.702035 4.568135
26.226226 1.822781 -1.946568 3.704356 4.564418
26.326326 1.827010 -1.929387 3.706493 4.560547
26.426426 1.831150 -1.912135 3.708457 4.556536
26.526527 1.835201 -1.894811 3.710245 4.552383
26.626627 1.839159 -1.877412 3.711854 4.548081
26.726727 1.843020 -1.859937 3.713273 4.543621
26.826827 1.846781 -1.842380 3.714496 4.538992
26.926927 1.850444 -1.824748 3.715529 4.534204
27.027027 1.854010 -1.807041 3.716373 4.529258
27.127127 1.857472 -1.789254 3.717015 4.524139
27.227227 1.860828 -1.771385 3.717450 4.518841
27.327327 1.864077 -1.753435 3.717678 4.513363
27.427427 1.867218 -1.735406 3.717699 4.507707
27.527528 1.870253 -1.717298 3.717514 4.501874
27.627628 1.873182 -1.699113 3.717122 4.495864
27.727728 1.876003 -1.680851 3.716524 4.489677
27.827828 1.878720 -1.662517 3.715726 4.483322
27.927928 1.881331 -1.644108 3.714724 4.476792
28.028028 1.883822 -1.625617 3.713493 4.470061
28.128128 1.886190 -1.607039 3.712023 4.463116
28.228228 1.888437 -1.588378 3.710322 4.455966
28.328328 1.890568 -1.569641 3.708399 4.448623
28.428428 1.892585 -1.550829 3.706259 4.441093
28.528529 1.894483 -1.531939 3.703891 4.433363
28.628629 1.896256 -1.512969 3.701286 4.425424
28.728729 1.897913 -1.493925 3.698458 4.417293
28.828829 1.899462 -1.474817 3.695428 4.408994
28.928929 1.900909 -1.455650 3.692205 4.400540
29.029029 1.902256 -1.436427 3.688793 4.391935
29.129129 1.903503 -1.417147 3.685192 4.383180
29.229229 1.904649 -1.397812 3.681404 4.374278
29.329329 1.905699 -1.378427 3.677435 4.365235
29.429429 1.906656 -1.358993 3.673291 4.356061
29.529530 1.907521 -1.339515 3.668979 4.346762
29.629630 1.908298 -1.319994 3.664501 4.337344
29.729730 1.908988 -1.300433 3.659863 4.327812
29.829830 1.909591 -1.280832 3.655063 4.318166
29.929930 1.910103 -1.261189 3.650095 4.308397
30.030030 1.910525 -1.241507 3.644962 4.298510
30.130130 1.910867 -1.221791 3.639680 4.288526
30.230230 1.911133 -1.202047 3.634260 4.278457
30.330330 1.911325 -1.182276 3.628705 4.268307
30.430430 1.911447 -1.162481 3.623023 4.258085
30.530531 1.911495 -1.142660 3.617208 4.247785
30.630631 1.911461 -1.122809 3.611242 4.237387
30.730731 1.911349 -1.102932 3.605134 4.226902
30.830831 1.911165 -1.083033 3.598896 4.216345
30.930931 1.910917 -1.063116 3.592545 4.205734
31.031031 1.910616 -1.043189 3.586098 4.195093
31.131131 1.910277 -1.023261 3.579587 4.184455
31.231231 1.909906 -1.003334 3.573020 4.173834
31.331331 1.909499 -0.983407 3.566392 4.163223
31.431431 1.909054 -0.963480 3.559699 4.152618
31.531532 1.908564 -0.943550 3.552927 4.142004
31.631632 1.908026 -0.923614 3.546072 4.131375
31.731732 1.907443 -0.903676 3.539140 4.120738
31.831832 1.906821 -0.883738 3.532138 4.110105
31.931932 1.906162 -0.863802 3.525077 4.099485
32.032032 1.905471 -0.843870 3.517960 4.088885
32.132132 1.904744 -0.823941 3.510782 4.078298
32.232232 1.903977 -0.804014 3.503538 4.067720
32.332332 1.903173 -0.784090 3.496229 4.057152
32.432432 1.902326 -0.764167 3.488848 4.046586
32.532533 1.901430 -0.744243 3.481383 4.036008
32.632633 1.900482 -0.724317 3.473827 4.025412
32.732733 1.899474 -0.704388 3.466169 4.014784
32.832833 1.898406 -0.684454 3.458404 4.004121
32.932933 1.897275 -0.664517 3.450533 3.993421
33.033033 1.896080 -0.644576 3.442550 3.982681
33.133133 1.894820 -0.624631 3.434453 3.971898
33.233233 1.893482 -0.604679 3.426221 3.961048
33.333333 1.892057 -0.584717 3.417837 3.950112
33.433433 1.890537 -0.564746 3.409289 3.939076
33.533534 1.888919 -0.544763 3.400568 3.927931
33.633634 1.887201 -0.524770 3.391673 3.916677
33.733734 1.885376 -0.504765 3.382590 3.905297
33.833834 1.883429 -0.484747 3.373294 3.893764
33.933934 1.881354 -0.464714 3.363776 3.882067
34.034034 1.879158 -0.444669 3.354044 3.870217
34.134134 1.876845 -0.424616 3.344112 3.858229
34.234234 1.874421 -0.404555 3.333987 3.846113
34.334334 1.871887 -0.384489 3.323670 3.833872
34.434434 1.869238 -0.364418 3.313154 3.821497
34.534535 1.866461 -0.344340 3.302419 3.808966
34.634635 1.863550 -0.324256 3.291451 3.796262
34.734735 1.860504 -0.304167 3.280251 3.783390
34.834835 1.857323 -0.284074 3.268817 3.770346
34.934935 1.854002 -0.263978 3.257142 3.757124
35.035035 1.850537 -0.243879 3.245221 3.743718
35.135135 1.846922 -0.223780 3.233041 3.730114
35.235235 1.843143 -0.203678 3.220580 3.716288
35.335335 1.839190 -0.183576 3.207821 3.702220
35.435435 1.835065 -0.163475 3.194766 3.687915
35.535536 1.830773 -0.143377 3.181427 3.673386
35.635636 1.826327 -0.123286 3.167825 3.658659
35.735736 1.821730 -0.103203 3.153968 3.643744
35.835836 1.816977 -0.083129 3.139845 3.628628
35.935936 1.812063 -0.063066 3.125449 3.613307
36.036036 1.806990 -0.043016 3.110785 3.597783
36.136136 1.801765 -0.022981 3.095865 3.582076
36.236236 1.796390 -0.002962 3.080692 3.566187
36.336336 1.790859 0.017039 3.065256 3.550107
36.436436 1.785168 0.037020 3.049554 3.533833
36.536537 1.779316 0.056979 3.033582 3.517361
36.636637 1.773305 0.076915 3.017342 3.500697
36.736737 1.767136 0.096825 3.000841 3.483847
36.836837 1.760808 0.116709 2.984074 3.466808
36.936937 1.754307 0.136562 2.967021 3.449559
37.037037 1.747630 0.156383 2.949674 3.432090
37.137137 1.740766 0.176169 2.932018 3.414386
37.237237 1.733709 0.195917 2.914043 3.396436
37.337337 1.726458 0.215624 2.895746 3.378239
37.437437 1.719005 0.235288 2.877116 3.359782
37.537538 1.711337 0.254904 2.858132 3.341043
37.637638 1.703445 0.274467 2.838780 3.322007
37.737738 1.695330 0.293976 2.819062 3.302677
37.837838 1.686986 0.313427 2.798967 3.283043
37.937938 1.678405 0.332814 2.778486 3.263096
38.038038 1.669580 0.352135 2.757607 3.242822
38.138138 1.660498 0.371382 2.736308 3.222198
38.238238 1.651150 0.390551 2.714577 3.201212
38.338338 1.641532 0.409638 2.692407 3.179857
38.438438 1.631631 0.428634 2.669779 3.158111
38.538539 1.621433 0.447534 2.646670 3.135952
38.638639 1.610932 0.466331 2.623073 3.113371
38.738739 1.600117 0.485018 2.598969 3.090349
38.838839 1.588980 0.503588 2.574350 3.066877
38.938939 1.577538 0.522042 2.549241 3.042990
39.039039 1.565797 0.540378 2.523655 3.018702
39.139139 1.553754 0.558590 2.497588 2.994014
39.239239 1.541407 0.576673 2.471039 2.968926
39.339339 1.528751 0.594621 2.443999 2.943431
39.439439 1.515780 0.612427 2.416461 2.917523
39.539540 1.502495 0.630086 2.388430 2.891211
39.639640 1.488897 0.647594 2.359906 2.864498
39.739740 1.474966 0.664938 2.330862 2.837355
39.839840 1.460688 0.682104 2.301273 2.809756
39.939940 1.446062 0.699088 2.271144 2.781711
40.040040 1.431100 0.715890 2.240492 2.753244
40.140140 1.415792 0.732497 2.209304 2.724343
40.240240 1.400119 0.748895 2.177554 2.694980
40.340340 1.384067 0.765070 2.145221 2.665135
40.440440 1.367620 0.781006 2.112280 2.634783
40.540541 1.350757 0.796683 2.078705 2.603894
40.640641 1.333460 0.812082 2.044467 2.572438
40.740741 1.315710 0.827184 2.009540 2.540389
40.840841 1.297473 0.841959 1.973878 2.507694
40.940941 1.278712 0.856371 1.937424 2.474285
41.041041 1.259405 0.870396 1.900149 2.440135
41.141141 1.239543 0.884016 1.862044 2.405236
41.241241 1.219119 0.897211 1.823101 2.369586
41.341341 1.198114 0.909957 1.783297 2.333163
41.441441 1.176504 0.922220 1.742597 2.295930
41.541542 1.154260 0.933963 1.700967 2.257852
41.641642 1.131357 0.945149 1.658372 2.218891
41.741742 1.107765 0.955736 1.614775 2.179007
41.841842 1.083437 0.965663 1.570111 2.138128
41.941942 1.058333 0.974874 1.524331 2.096195
42.042042 1.032431 0.983324 1.477408 2.053186
42.142142 1.005683 0.990943 1.429282 2.009033
42.242242 0.978035 0.997650 1.379886 1.963655
42.342342 0.949435 1.003357 1.329153 1.916977
42.442442 0.919827 1.007973 1.277018 1.868921
42.542543 0.889157 1.011397 1.223417 1.819416
42.642643 0.857372 1.013524 1.168291 1.768395
42.742743 0.824426 1.014249 1.111591 1.715813
42.842843 0.790264 1.013447 1.053261 1.661611
42.942943 0.754827 1.010980 0.993241 1.605731
43.043043 0.718028 1.006654 0.931439 1.548061
43.143143 0.679763 1.000237 0.867744 1.488467
43.243243 0.639922 0.991466 0.802050 1.426811
43.343343 0.598360 0.979987 0.734210 1.362892
43.443443 0.554944 0.965432 0.664108 1.296557
43.543544 0.509574 0.947432 0.591680 1.227753
43.643644 0.462100 0.925469 0.516824 1.156346
43.743744 0.412316 0.898822 0.439403 1.082110
43.843844 0.359977 0.866534 0.359280 1.004762
43.943944 0.304795 0.827314 0.276345 0.923967
44.044044 0.246462 0.779421 0.190589 0.839383
44.144144 0.184718 0.720565 0.102248 0.750860
44.244244 0.119389 0.647390 0.012022 0.658416
44.344344 0.050613 0.554736 -0.078316 0.562519
44.444444 -0.020344 0.434826 -0.164283 0.465270
44.544545 -0.088725 0.276742 -0.234473 0.373411
44.644645 -0.140214 0.073474 -0.262255 0.306327
44.744745 -0.149294 -0.147669 -0.212010 0.298401
44.844845 -0.110861 -0.324595 -0.093465 0.355511
44.944945 -0.049033 -0.439387 0.046697 0.444574
45.045045 0.018593 -0.509698 0.183563 0.542064
45.145145 0.085510 -0.551890 0.310845 0.639155
45.245245 0.149732 -0.575883 0.428089 0.733022
45.345345 0.210762 -0.587414 0.536155 0.822762
45.445445 0.268613 -0.590038 0.636117 0.908263
45.545546 0.323464 -0.586082 0.728980 0.989714
45.645646 0.375568 -0.577169 0.815657 1.067461
45.745746 0.425170 -0.564444 0.896909 1.141846
45.845846 0.472487 -0.548721 0.973352 1.213158
45.945946 0.517732 -0.530625 1.045536 1.281700
46.046046 0.561056 -0.510598 1.113853 1.347651
46.146146 0.602587 -0.488974 1.178620 1.411153
46.246246 0.642458 -0.466036 1.240151 1.472384
46.346346 0.680775 -0.442004 1.298692 1.531477
46.446446 0.717629 -0.417054 1.354450 1.588540
46.546547 0.753116 -0.391340 1.407639 1.643709
46.646647 0.787317 -0.364988 1.458431 1.697087
46.746747 0.820283 -0.338093 1.506946 1.748730
46.846847 0.852071 -0.310741 1.553305 1.798706
46.946947 0.882753 -0.283012 1.597656 1.847120
47.047047 0.912389 -0.254976 1.640121 1.894060
47.147147 0.941016 -0.226684 1.680780 1.939566
47.247247 0.968665 -0.198183 1.719701 1.983673
47.347347 0.995372 -0.169514 1.756958 2.026426
47.447447 1.021170 -0.140715 1.792615 2.067863
47.547548 1.046083 -0.111819 1.826728 2.108015
47.647648 1.070136 -0.082855 1.859346 2.146910
47.747748 1.093338 -0.053849 1.890493 2.184548
47.847848 1.115691 -0.024825 1.920177 2.220915
47.947948 1.137203 0.004195 1.948422 2.256013
48.048048 1.157892 0.033190 1.975264 2.289866
48.148148 1.177788 0.062139 2.000758 2.322516
48.248248 1.196927 0.091027 2.024974 2.354026
48.348348 1.215361 0.119839 2.048005 2.384489
48.448448 1.233128 0.148564 2.069917 2.413966
48.548549 1.250259 0.177191 2.090768 2.442510
48.648649 1.266785 0.205711 2.110612 2.470170
48.748749 1.282714 0.234114 2.129470 2.496959
48.848849 1.298069 0.262391 2.147378 2.522908
48.948949 1.312872 0.290536 2.164382 2.548056
49.049049 1.327143 0.318542 2.180514 2.572434
49.149149 1.340896 0.346405 2.195802 2.596063
49.249249 1.354139 0.374115 2.210258 2.618950
49.349349 1.366871 0.401665 2.223888 2.641089
49.449449 1.379094 0.429045 2.236696 2.662479
49.549550 1.390811 0.456248 2.248688 2.683117
49.649650 1.402018 0.483265 2.259862 2.702994
49.749750 1.412725 0.510090 2.270236 2.722123
49.849850 1.422955 0.536723 2.279848 2.740544
49.949950 1.432717 0.563161 2.288717 2.758270
50.050050 1.442002 0.589392 2.296829 2.775279
50.150150 1.450798 0.615404 2.304168 2.791545
50.250250 1.459107 0.641191 2.310739 2.807069
50.350350 1.466937 0.666749 2.316557 2.821860
50.450450 1.474299 0.692075 2.321641 2.835938
50.550551 1.481208 0.717170 2.326018 2.849328
50.650651 1.487671 0.742031 2.329701 2.862041
50.750751 1.493693 0.766653 2.332697 2.874082
50.850851 1.499280 0.791034 2.335021 2.885463
50.950951 1.504442 0.815172 2.336687 2.896197
51.051051 1.509180 0.839062 2.337699 2.906284
51.151151 1.513495 0.862699 2.338063 2.915726
51.251251 1.517380 0.886073 2.337767 2.924504
51.351351 1.520820 0.909168 2.336792 2.932588
51.451451 1.523833 0.931990 2.335165 2.940012
51.551552 1.526443 0.954549 2.332928 2.946819
51.651652 1.528657 0.976841 2.330090 2.953020
51.751752 1.530476 0.998862 2.326654 2.958614
51.851852 1.531904 1.020611 2.322629 2.963610
51.951952 1.532952 1.042089 2.318035 2.968026
52.052052 1.533638 1.063302 2.312898 2.971894
52.152152 1.533978 1.084258 2.307244 2.975245
52.252252 1.533985 1.104960 2.301095 2.978101
52.352352 1.533660 1.125406 2.294453 2.980464
52.452452 1.533004 1.145591 2.287322 2.982335
52.552553 1.532032 1.165522 2.279724 2.983740
52.652653 1.530754 1.185202 2.271675 2.984697
52.752753 1.529167 1.204625 2.263174 2.985202
52.852853 1.527275 1.223790 2.254227 2.985259
52.952953 1.525077 1.242692 2.244834 2.984866
53.053053 1.522575 1.261328 2.234998 2.984024
53.153153 1.519782 1.279705 2.224740 2.982759
53.253253 1.516697 1.297819 2.214060 2.981068
53.353353 1.513320 1.315665 2.202960 2.978950
53.453453 1.509655 1.333242 2.191446 2.976412
53.553554 1.505692 1.350538 2.179504 2.973433
53.653654 1.501417 1.367536 2.167116 2.969983
53.753754 1.496823 1.384226 2.154273 2.966050
53.853854 1.491922 1.400615 2.140994 2.961657
53.953954 1.486734 1.416715 2.127308 2.956840
54.054054 1.481259 1.432524 2.113217 2.951600
54.154154 1.475487 1.448027 2.098707 2.945915
54.254254 1.469416 1.463218 2.083778 2.939782
54.354354 1.463057 1.478105 2.068445 2.933223
54.454454 1.456409 1.492681 2.052710 2.926234
54.554555 1.449473 1.506943 2.036573 2.918815
54.654655 1.442250 1.520889 2.020039 2.910970
54.754755 1.434743 1.534518 2.003114 2.902705
54.854855 1.426958 1.547829 1.985804 2.894029
54.954955 1.418894 1.560821 1.968114 2.884942
55.055055 1.410554 1.573490 1.950045 2.875449
55.155155 1.401934 1.585827 1.931595 2.865541
55.255255 1.393036 1.597831 1.912767 2.855222
55.355355 1.383867 1.609505 1.893573 2.844505
55.455455 1.374413 1.620830 1.873995 2.833365
55.555556 1.364662 1.631784 1.854018 2.821773
55.655656 1.354603 1.642351 1.833627 2.809707
55.755756 1.344214 1.652498 1.812796 2.797122
55.855856 1.333485 1.662209 1.791512 2.783996
55.955956 1.322416 1.671476 1.769777 2.770330
56.056056 1.311007 1.680292 1.747592 2.756120
56.156156 1.299247 1.688640 1.724946 2.741348
56.256256 1.287117 1.696488 1.701815 2.725971
56.356356 1.274606 1.703812 1.678186 2.709964
56.456456 1.261705 1.710596 1.654049 2.693310
56.556557 1.248402 1.716814 1.629392 2.675981
56.656657 1.234701 1.722464 1.604220 2.657986
56.756757 1.220613 1.727554 1.578553 2.639350
56.856857 1.206136 1.732072 1.552388 2.620066
56.956957 1.191264 1.736002 1.525721 2.600122
57.057057 1.175997 1.739336 1.498555 2.579520
57.157157 1.160337 1.742066 1.470893 2.558262
57.257257 1.144285 1.744188 1.442743 2.536353
57.357357 1.127841 1.745688 1.414103 2.513789
57.457457 1.110994 1.746543 1.384965 2.490551
57.557558 1.093736 1.746731 1.355322 2.466622
57.657658 1.076060 1.746228 1.325167 2.441984
57.757758 1.057961 1.745015 1.294498 2.416627
57.857858 1.039436 1.743078 1.263315 2.390546
57.957958 1.020478 1.740390 1.231612 2.363726
58.058058 1.001076 1.736921 1.199380 2.336142
58.158158 0.981228 1.732654 1.166622 2.307792
58.258258 0.960936 1.727580 1.133343 2.278683
58.358358 0.940195 1.721672 1.099541 2.248802
58.458458 0.918998 1.714905 1.065215 2.218139
58.558559 0.897337 1.707245 1.030357 2.186672
58.658659 0.875195 1.698645 0.994956 2.154367
58.758759 0.852556 1.689053 0.958997 2.121186
58.858859 0.829404 1.678418 0.922470 2.087091
58.958959 0.805718 1.666672 0.885356 2.052031
59.059059 0.781464 1.653723 0.847627 2.015926
59.159159 0.756626 1.639511 0.809275 1.978738
59.259259 0.731192 1.623976 0.770293 1.940436
59.359359 0.705142 1.607040 0.730671 1.900969
59.459459 0.678468 1.588651 0.690412 1.860322
59.559560 0.651145 1.568711 0.649503 1.818433
59.659660 0.623138 1.547088 0.607922 1.775204
59.759760 0.594410 1.523637 0.565647 1.730535
59.859860 0.564913 1.498179 0.522652 1.684290
59.959960 0.534596 1.470510 0.478912 1.636322
60.060060 0.503426 1.440451 0.434418 1.586523
60.160160 0.471382 1.407847 0.389182 1.534828
60.260260 0.438436 1.372506 0.343216 1.481147
60.360360 0.404553 1.334181 0.296532 1.425354
60.460460 0.369679 1.292533 0.249136 1.367250
60.560561 0.333762 1.247178 0.201055 1.306627
60.660661 0.296760 1.197707 0.152340 1.243293
60.760761 0.258622 1.143575 0.103065 1.176975
60.860861 0.219300 1.084114 0.053344 1.107358
60.960961 0.178751 1.018478 0.003359 1.034051
61.061061 0.136941 0.945510 -0.046606 0.956511
61.161161 0.093898 0.863814 -0.096088 0.874199
61.261261 0.049749 0.771563 -0.144325 0.786520
61.361361 0.004805 0.665991 -0.189961 0.692569
61.461461 -0.040153 0.543091 -0.230464 0.591332
61.561562 -0.083140 0.396946 -0.260670 0.482107
61.661662 -0.118681 0.219075 -0.268668 0.366417
61.761762 -0.129614 0.003924 -0.223383 0.258293
61.861862 -0.073548 -0.195796 -0.067826 0.219876
61.961962 0.039285 -0.256601 0.143716 0.296719
62.062062 0.144887 -0.222916 0.314740 0.412001
62.162162 0.232648 -0.157754 0.445810 0.527028
62.262262 0.306456 -0.082318 0.549900 0.634887
62.362362 0.369897 -0.003862 0.635316 0.735164
62.462462 0.425419 0.074752 0.707111 0.828598
62.562563 0.474704 0.152291 0.768532 0.916067
62.662663 0.518951 0.228211 0.821798 0.998370
62.762763 0.559022 0.302279 0.868454 1.076146
62.862863 0.595580 0.374429 0.909658 1.149952
62.962963 0.629120 0.444659 0.946261 1.220215
63.063063 0.660021 0.513000 0.978901 1.287262
63.163163 0.688603 0.579513 1.008108 1.351403
63.263263 0.715133 0.644275 1.034319 1.412913
63.363363 0.739834 0.707365 1.057893 1.472024
63.463463 0.762864 0.768831 1.079084 1.528884
63.563564 0.784360 0.828726 1.098113 1.583622
63.663664 0.804460 0.887121 1.115194 1.636398
63.763764 0.823287 0.944088 1.130518 1.687358
63.863864 0.840932 0.999676 1.144227 1.736598
63.963964 0.857487 1.053943 1.156459 1.784230
64.064064 0.873041 1.106955 1.167349 1.830370
64.164164 0.887654 1.158752 1.176988 1.875083
64.264264 0.901378 1.209363 1.185455 1.918422
64.364364 0.914250 1.258807 1.192809 1.960419
64.464464 0.926305 1.307103 1.199103 2.001102
64.564565 0.937583 1.354280 1.204399 2.040518
64.664665 0.948111 1.400349 1.208738 2.078687
64.764765 0.957918 1.445331 1.212166 2.115640
64.864865 0.967063 1.489291 1.214763 2.151476
64.964965 0.975588 1.532273 1.216586 2.186256
65.065065 0.983515 1.574292 1.217671 2.220004
65.165165 0.990875 1.615382 1.218061 2.252768
65.265265 0.997669 1.655525 1.217762 2.284524
65.365365 1.003896 1.694706 1.216779 2.315251
65.465465 1.009573 1.732935 1.215135 2.344963
65.565566 1.014716 1.770224 1.212854 2.373679
65.665666 1.019351 1.806606 1.209974 2.401445
65.765766 1.023495 1.842094 1.206518 2.428279
65.865866 1.027162 1.876700 1.202505 2.454197
65.965966 1.030361 1.910430 1.197952 2.479208
66.066066 1.033111 1.943306 1.192883 2.503343
66.166166 1.035432 1.975350 1.187326 2.526632
66.266266 1.037335 2.006574 1.181295 2.549090
66.366366 1.038833 2.036993 1.174811 2.570738
66.466466 1.039940 2.066623 1.167891 2.591597
66.566567 1.040671 2.095484 1.160556 2.611693
66.666667 1.041042 2.123597 1.152825 2.631053
66.766767 1.041067 2.150982 1.144719 2.649703
66.866867 1.040759 2.177654 1.136252 2.667663
66.966967 1.040128 2.203629 1.127440 2.684952
67.067067 1.039185 2.228921 1.118297 2.701589
67.167167 1.037934 2.253530 1.108829 2.717574
67.267267 1.036381 2.277458 1.099045 2.732911
67.367367 1.034534 2.300719 1.088957 2.747617
67.467467 1.032403 2.323325 1.078576 2.761706
67.567568 1.029993 2.345279 1.067910 2.775184
67.667668 1.027312 2.366593 1.056970 2.788067
67.767768 1.024378 2.387302 1.045777 2.800395
67.867868 1.021205 2.407431 1.034347 2.812198
67.967968 1.017800 2.426989 1.022689 2.823488
68.068068 1.014168 2.445982 1.010809 2.834272
68.168168 1.010311 2.464410 0.998713 2.844551
68.268268 1.006238 2.482285 0.986410 2.854340
68.368368 1.001960 2.499632 0.973912 2.863667
68.468468 0.997478 2.516448 0.961225 2.872529
68.568569 0.992793 2.532726 0.948348 2.880921
68.668669 0.987916 2.548491 0.935296 2.888869
68.768769 0.982858 2.563763 0.922078 2.896397
68.868869 0.977632 2.578575 0.908711 2.903544
68.968969 0.972247 2.592941 0.895203 2.910325
69.069069 0.966697 2.606843 0.881551 2.916721
69.169169 0.960985 2.620282 0.867758 2.922734
69.269269 0.955121 2.633284 0.853835 2.928391
69.369369 0.949110 2.645856 0.839789 2.933703
69.469469 0.942955 2.657999 0.825622 2.938669
69.569570 0.936656 2.669711 0.811337 2.943289
69.669670 0.930213 2.680991 0.796935 2.947561
69.769770 0.923631 2.691841 0.782421 2.951489
69.869870 0.916905 2.702247 0.767794 2.955056
69.969970 0.910038 2.712210 0.753055 2.958267
70.070070 0.903039 2.721754 0.738216 2.961146
70.170170 0.895911 2.730881 0.723278 2.963696
70.270270 0.888649 2.739577 0.708241 2.965904
70.370370 0.881257 2.747841 0.693107 2.967767
70.470470 0.873732 2.755665 0.677877 2.969279
70.570571 0.866065 2.763015 0.662546 2.970402
70.670671 0.858255 2.769881 0.647113 2.971127
70.770771 0.850305 2.776266 0.631582 2.971459
70.870871 0.842216 2.782171 0.615957 2.971397
70.970971 0.833994 2.787607 0.600243 2.970958
71.071071 0.825636 2.792561 0.584439 2.970124
71.171171 0.817139 2.797018 0.568546 2.968884
71.271271 0.808510 2.800993 0.552570 2.967252
71.371371 0.799751 2.804486 0.536512 2.965230
71.471471 0.790860 2.807487 0.520376 2.962809
71.571572 0.781842 2.810009 0.504164 2.960001
71.671672 0.772698 2.812050 0.487881 2.956809
71.771772 0.763426 2.813592 0.471526 2.953212
71.871872 0.754029 2.814640 0.455102 2.949217
71.971972 0.744506 2.815192 0.438612 2.944821
72.072072 0.734856 2.815231 0.422057 2.940012
72.172172 0.725077 2.814741 0.405436 2.934772
72.272272 0.715164 2.813700 0.388751 2.929078
72.372372 0.705113 2.812082 0.372000 2.922905
72.472472 0.694918 2.809861 0.355183 2.916228
72.572573 0.684584 2.807041 0.338305 2.909052
72.672673 0.674110 2.803615 0.321368 2.901372
72.772773 0.663494 2.799560 0.304373 2.893165
72.872873 0.652732 2.794858 0.287322 2.884414
72.972973 0.641827 2.789508 0.270218 2.875120
73.073073 0.630783 2.783516 0.253067 2.865291
73.173173 0.619605 2.776900 0.235873 2.854947
73.273273 0.608301 2.769680 0.218641 2.844110
73.373373 0.596876 2.761868 0.201377 2.832795
73.473473 0.585334 2.753483 0.184086 2.821023
73.573574 0.573682 2.744534 0.166771 2.808806
73.673674 0.561917 2.735011 0.149435 2.796134
73.773774 0.550041 2.724904 0.132082 2.783001
73.873874 0.538054 2.714208 0.114714 2.769401
73.973974 0.525957 2.702917 0.097335 2.755334
74.074074 0.513755 2.691040 0.079950 2.740809
74.174174 0.501448 2.678571 0.062561 2.725822
74.274274 0.489040 2.665517 0.045173 2.710384
74.374374 0.476536 2.651891 0.027790 2.694510
74.474474 0.463933 2.637673 0.010415 2.678182
74.574575 0.451231 2.622843 -0.006948 2.661384
74.674675 0.438434 2.607409 -0.024295 2.644124
74.774775 0.425543 2.591367 -0.041622 2.626405
74.874875 0.412559 2.574704 -0.058924 2.608213
74.974975 0.399476 2.557374 -0.076196 2.589508
75.075075 0.386288 2.539314 -0.093432 2.570227
75.175175 0.372989 2.520468 -0.110624 2.550317
75.275275 0.359577 2.500804 -0.127765 2.529751
75.375375 0.346055 2.480312 -0.144849 2.508522
75.475475 0.332426 2.458987 -0.161870 2.486630
75.575576 0.318693 2.436833 -0.178821 2.464082
75.675676 0.304859 2.413837 -0.195695 2.440870
75.775776 0.290925 2.389981 -0.212484 2.416980
75.875876 0.276896 2.365270 -0.229182 2.392425
75.975976 0.262777 2.339718 -0.245784 2.367223
76.076076 0.248572 2.313312 -0.262280 2.341365
76.176176 0.234281 2.286028 -0.278661 2.314835
76.276276 0.219909 2.257855 -0.294917 2.287629
76.376376 0.205458 2.228790 -0.311042 2.259749
76.476476 0.190934 2.198822 -0.327024 2.231192
76.576577 0.176339 2.167935 -0.342854 2.201951
76.676677 0.161679 2.136130 -0.358523 2.172034
76.776777 0.146956 2.103363 -0.374013 2.141406
76.876877 0.132173 2.069590 -0.389308 2.110031
76.976977 0.117332 2.034779 -0.404391 2.077890
77.077077 0.102440 1.998898 -0.419244 2.044958
77.177177 0.087503 1.961933 -0.433853 2.011235
77.277277 0.072524 1.923830 -0.448193 1.976679
77.377377 0.057511 1.884523 -0.462235 1.941236
77.477477 0.042470 1.843945 -0.475947 1.904852
77.577578 0.027407 1.801981 -0.489283 1.867427
77.677678 0.012332 1.758508 -0.502190 1.828851
77.777778 -0.002743 1.713434 -0.514622 1.789050
77.877878 -0.017804 1.666638 -0.526516 1.747919
77.977978 -0.032834 1.617980 -0.537803 1.705335
78.078078 -0.047812 1.567360 -0.548418 1.661224
78.178178 -0.062715 1.514670 -0.558287 1.615500
78.278278 -0.077515 1.459809 -0.567335 1.568094
78.378378 -0.092185 1.402712 -0.575493 1.518976
78.478478 -0.106681 1.343189 -0.582632 1.467991
78.578579 -0.120950 1.280980 -0.588581 1.414909
78.678679 -0.134930 1.215872 -0.593174 1.359561
78.778779 -0.148547 1.147624 -0.596209 1.301757
78.878879 -0.161709 1.075987 -0.597455 1.241310
78.978979 -0.174301 1.000678 -0.596632 1.178010
79.079079 -0.186157 0.921254 -0.593321 1.111482
79.179179 -0.197055 0.837201 -0.586992 1.041295
79.279279 -0.206711 0.747977 -0.576992 0.967016
79.379379 -0.214699 0.652839 -0.562375 0.888009
79.479479 -0.220367 0.550782 -0.541719 0.803357
79.579580 -0.222730 0.440631 -0.512991 0.711986
79.679680 -0.220176 0.320996 -0.473008 0.612579
79.779780 -0.209732 0.190295 -0.416206 0.503415
79.879880 -0.184930 0.047692 -0.331245 0.382357
79.979980 -0.129097 -0.098498 -0.192017 0.251472
80.080080 -0.003048 -0.160212 0.042454 0.165769
80.180180 0.126845 0.006562 0.215516 0.250160
80.280280 0.187161 0.201279 0.260976 0.379013
80.380380 0.214881 0.365300 0.259688 0.497047
80.480480 0.226882 0.503583 0.239110 0.601868
80.580581 0.229862 0.622181 0.208925 0.695410
80.680681 0.227070 0.725279 0.173455 0.779536
80.780781 0.220273 0.815625 0.134915 0.855550
80.880881 0.210534 0.895078 0.094573 0.924355
80.980981 0.198551 0.964961 0.053231 0.986614
81.081081 0.184827 1.026345 0.011435 1.042917
81.181181 0.169746 1.080134 -0.030428 1.093814
81.281281 0.153594 1.127038 -0.072078 1.139737
81.381381 0.136584 1.167554 -0.113299 1.180963
81.481481 0.118895 1.202175 -0.153929 1.217808
81.581582 0.100687 1.231426 -0.193851 1.250650
81.681682 0.082086 1.255724 -0.232972 1.279788
81.781782 0.063193 1.275361 -0.271208 1.305409
81.881882 0.044088 1.290489 -0.308463 1.327575
81.981982 0.024848 1.301279 -0.344660 1.346378
82.082082 0.005541 1.307854 -0.379719 1.361874
82.182182 -0.013772 1.310338 -0.413569 1.374123
82.282282 -0.033031 1.308877 -0.446152 1.383221
82.382382 -0.052180 1.303572 -0.477403 1.389221
82.482482 -0.071167 1.294536 -0.507266 1.392195
82.582583 -0.089941 1.281861 -0.535681 1.392197
82.682683 -0.108450 1.265606 -0.562576 1.389249
82.782783 -0.126637 1.245749 -0.587848 1.383291
82.882883 -0.144440 1.222244 -0.611375 1.374235
82.982983 -0.161798 1.195092 -0.633053 1.362049
83.083083 -0.178654 1.164341 -0.652801 1.346758
83.183183 -0.194951 1.130038 -0.670532 1.328385
83.283283 -0.210608 1.092116 -0.686089 1.306825
83.383383 -0.225515 1.050391 -0.699230 1.281835
83.483483 -0.239559 1.004722 -0.709716 1.253216
83.583584 -0.252627 0.955031 -0.717332 1.220848
83.683684 -0.264581 0.901199 -0.721806 1.184553
83.783784 -0.275256 0.843080 -0.722813 1.144119
83.883884 -0.284463 0.780529 -0.719982 1.099326
83.983984 -0.291957 0.713344 -0.712836 1.049873
84.084084 -0.297420 0.641264 -0.700751 0.995355
84.184184 -0.300424 0.563955 -0.682894 0.935224
84.284284 -0.300381 0.481006 -0.658135 0.868756
84.384384 -0.296535 0.392053 -0.625067 0.795203
84.484484 -0.287746 0.296688 -0.581620 0.713515
84.584585 -0.272221 0.194549 -0.524606 0.622226
84.684685 -0.246883 0.085718 -0.448776 0.519325
84.784785 -0.205785 -0.027812 -0.344529 0.402270
84.884885 -0.135083 -0.134216 -0.191649 0.270168
84.984985 -0.003110 -0.153246 0.040274 0.158480
85.085085 0.117531 0.065068 0.182136 0.226321
85.185185 0.148566 0.280423 0.171254 0.360607
85.285285 0.147850 0.442916 0.121668 0.482532
85.385385 0.135044 0.570871 0.061633 0.589855
85.485485 0.116540 0.675355 -0.001185 0.685338
85.585586 0.095016 0.762609 -0.064053 0.771170
85.685686 0.071807 0.836452 -0.125819 0.848904
85.785786 0.047669 0.899482 -0.185961 0.919740
85.885886 0.023060 0.953532 -0.244237 0.984585
85.985986 -0.001726 0.999938 -0.300541 1.044129
86.086086 -0.026489 1.039690 -0.354826 1.098889
86.186186 -0.051094 1.073616 -0.407106 1.149347
86.286286 -0.075446 1.102483 -0.457447 1.196001
86.386386 -0.099477 1.126840 -0.505895 1.239191
86.486486 -0.123132 1.147081 -0.552474 1.279134
86.586587 -0.146369 1.163551 -0.597215 1.316032
86.686687 -0.169157 1.176547 -0.640151 1.350063
86.786787 -0.191464 1.186298 -0.681298 1.381350
86.886887 -0.213270 1.193018 -0.720682 1.410020
86.986987 -0.234564 1.196953 -0.758361 1.436256
87.087087 -0.255340 1.198309 -0.794383 1.460201
87.187187 -0.275587 1.197249 -0.828780 1.481968
87.287287 -0.295300 1.193927 -0.861588 1.501665
87.387387 -0.314465 1.188446 -0.892814 1.519345
87.487487 -0.333070 1.180902 -0.922467 1.535060
87.587588 -0.351118 1.171429 -0.950589 1.548919
87.687688 -0.368600 1.160121 -0.977197 1.560981
87.787788 -0.385506 1.147043 -1.002289 1.571276
87.887888 -0.401837 1.132297 -1.025898 1.579885
87.987988 -0.417595 1.115981 -1.048060 1.586893
88.088088 -0.432783 1.098180 -1.068801 1.592368
88.188188 -0.447393 1.078950 -1.088126 1.596343
88.288288 -0.461410 1.058332 -1.106022 1.598828
88.388388 -0.474827 1.036372 -1.122489 1.599846
88.488488 -0.487627 1.013101 -1.137508 1.599399
88.588589 -0.499789 0.988542 -1.151051 1.597474
88.688689 -0.511301 0.962729 -1.163105 1.594080
88.788789 -0.522140 0.935683 -1.173639 1.589202
88.888889 -0.532288 0.907433 -1.182630 1.582839
88.988989 -0.541721 0.877994 -1.190041 1.574970
89.089089 -0.550416 0.847391 -1.195841 1.565587
89.189189 -0.558361 0.815665 -1.200021 1.554712
89.289289 -0.565519 0.782819 -1.202518 1.542293
89.389389 -0.571849 0.748856 -1.203262 1.528279
89.489489 -0.577328 0.713810 -1.202227 1.512673
89.589590 -0.581929 0.677706 -1.199370 1.495464
89.689690 -0.585636 0.640589 -1.194679 1.476679
89.789790 -0.588425 0.602497 -1.188125 1.456327
89.889890 -0.590250 0.563447 -1.179632 1.434363
89.989990 -0.591023 0.523422 -1.169047 1.410656
90.090090 -0.590649 0.482408 -1.156199 1.385056
90.190190 -0.589062 0.440432 -1.140987 1.357507
90.290290 -0.586187 0.397522 -1.123288 1.327936
90.390390 -0.581921 0.353696 -1.102932 1.296222
90.490490 -0.576144 0.308980 -1.079719 1.262221
90.590591 -0.568724 0.263413 -1.053437 1.225791
90.690691 -0.559495 0.217037 -1.023813 1.186732
90.790791 -0.548224 0.169901 -0.990462 1.144740
90.890891 -0.534673 0.122088 -0.953000 1.099541
90.990991 -0.518591 0.073731 -0.911037 1.050886
91.091091 -0.499619 0.024998 -0.864009 0.998377
91.191191 -0.477292 -0.023863 -0.811188 0.941490
91.291291 -0.451064 -0.072486 -0.751753 0.879685
91.391391 -0.420222 -0.120314 -0.684642 0.812279
91.491491 -0.383727 -0.166454 -0.608342 0.738264
91.591592 -0.340161 -0.209428 -0.520861 0.656404
91.691692 -0.287520 -0.246649 -0.419535 0.565255
91.791792 -0.222459 -0.272829 -0.300200 0.462649
91.891892 -0.139189 -0.275465 -0.156654 0.346114
91.991992 -0.028480 -0.215976 0.015447 0.218392
92.092092 0.079586 0.014678 0.132078 0.154900
92.192192 0.059336 0.252422 0.026608 0.260664
92.292292 -0.003637 0.367897 -0.115722 0.385685
92.392392 -0.067751 0.426994 -0.243229 0.496059
92.492492 -0.127718 0.457359 -0.355075 0.592931
92.592593 -0.183064 0.470691 -0.453931 0.679055
92.692693 -0.234064 0.472720 -0.541971 0.756295
92.792793 -0.281102 0.466713 -0.620828 0.825995
92.892893 -0.324567 0.454772 -0.691792 0.889234
92.992993 -0.364774 0.438283 -0.755817 0.946790
93.093093 -0.401977 0.418206 -0.813625 0.999233
93.193193 -0.436389 0.395250 -0.865791 1.047021
93.293293 -0.468151 0.369920 -0.912706 1.090431
93.393393 -0.497388 0.342622 -0.954708 1.129713
93.493493 -0.524225 0.313696 -0.992111 1.165119
93.593594 -0.548740 0.283406 -1.025126 1.196795
93.693694 -0.570987 0.251970 -1.053911 1.224844
93.793794 -0.591059 0.219599 -1.078691 1.249460
93.893894 -0.609057 0.186482 -1.099692 1.270845
93.993994 -0.625016 0.152764 -1.117017 1.289072
94.094094 -0.638949 0.118575 -1.130730 1.304172
94.194194 -0.650901 0.084042 -1.140944 1.316240
94.294294 -0.660907 0.049281 -1.147754 1.325355
94.394394 -0.668971 0.014398 -1.151198 1.331535
94.494494 -0.675080 -0.020504 -1.151285 1.334769
94.594595 -0.679239 -0.055324 -1.148054 1.335086
94.694695 -0.681452 -0.089962 -1.141539 1.332510
94.794795 -0.681690 -0.124317 -1.131722 1.327008
94.894895 -0.679932 -0.158285 -1.118599 1.318569
94.994995 -0.676141 -0.191757 -1.102139 1.307152
95.095095 -0.670265 -0.224614 -1.082287 1.292692
95.195195 -0.662248 -0.256730 -1.058985 1.275121
95.295295 -0.652018 -0.287964 -1.032150 1.254346
95.395395 -0.639457 -0.318144 -1.001633 1.230199
95.495495 -0.624435 -0.347074 -0.967269 1.202493
95.595596 -0.606802 -0.374527 -0.928868 1.171015
95.695696 -0.586349 -0.400211 -0.886159 1.135453
95.795796 -0.562797 -0.423751 -0.838776 1.095377
95.895896 -0.535831 -0.444689 -0.786313 1.050310
95.995996 -0.505135 -0.462497 -0.728386 0.999805
96.096096 -0.470321 -0.476497 -0.664533 0.943321
96.196196 -0.430953 -0.485839 -0.594258 0.880286
96.296296 -0.386488 -0.489381 -0.516972 0.810017
96.396396 -0.336079 -0.485317 -0.431759 0.731367
96.496496 -0.278611 -0.470938 -0.337511 0.642900
96.596597 -0.212485 -0.441680 -0.232849 0.542632
96.696697 -0.135073 -0.388263 -0.116028 0.427148
96.796797 -0.042704 -0.288387 0.012610 0.291804
96.896897 0.056283 -0.072158 0.117968 0.149301
96.996997 0.020061 0.195673 -0.023838 0.198138
97.097097 -0.082439 0.254127 -0.216966 0.344167
97.197197 -0.168885 0.246681 -0.362957 0.470225
97.297297 -0.241168 0.216971 -0.478039 0.577719
97.397397 -0.302828 0.177348 -0.571961 0.671041
97.497497 -0.356165 0.132747 -0.650131 0.753091
97.597598 -0.402674 0.085569 -0.715828 0.825759
97.697698 -0.443389 0.037157 -0.771224 0.890371
97.797798 -0.479060 -0.011670 -0.817848 0.947898
97.897898 -0.510206 -0.060370 -0.856754 0.998990
97.997998 -0.537200 -0.108560 -0.888693 1.044100
98.098098 -0.560362 -0.155956 -0.914297 1.083636
98.198198 -0.579938 -0.202333 -0.934058 1.117914
98.298298 -0.596124 -0.247505 -0.948364 1.147178
98.398398 -0.609050 -0.291302 -0.957491 1.171575
98.498498 -0.618795 -0.333555 -0.961623 1.191170
98.598599 -0.625409 -0.374097 -0.960898 1.205989
98.698699 -0.628942 -0.412774 -0.955444 1.216069
98.798799 -0.629435 -0.449433 -0.945380 1.221443
98.898899 -0.626908 -0.483912 -0.930786 1.222107
98.998999 -0.621386 -0.516056 -0.911753 1.218084
99.099099 -0.612875 -0.545694 -0.888342 1.209359
99.199199 -0.601322 -0.572598 -0.860528 1.195812
99.299299 -0.586668 -0.596523 -0.828284 1.177316
99.399399 -0.568842 -0.617197 -0.791570 1.153732
99.499499 -0.547724 -0.634270 -0.750283 1.124822
99.599600 -0.523127 -0.647284 -0.704239 1.090225
99.699700 -0.494814 -0.655667 -0.653204 1.049483
99.799800 -0.462530 -0.658753 -0.596937 1.002110
99.899900 -0.425982 -0.655724 -0.535178 0.947550
100.000000 -0.384792 -0.645501 -0.467603 0.885092
