0.000000 0.331973 0.963435 0.275568 1.055628
0.100100 0.243050 0.969687 0.318120 1.049079
0.200200 0.152170 0.968012 0.358059 1.043269
0.300300 0.060055 0.958285 0.395006 1.038242
0.400400 -0.032539 0.940475 0.428608 1.034049
0.500501 -0.124824 0.914651 0.458544 1.030742
0.600601 -0.216012 0.880988 0.484538 1.028386
0.700701 -0.305314 0.839762 0.506358 1.027042
0.800801 -0.391932 0.791247 0.523768 1.026653
0.900901 -0.475084 0.735804 0.536576 1.027144
1.001001 -0.554069 0.673959 0.544701 1.028549
1.101101 -0.628264 0.606333 0.548137 1.030927
1.201201 -0.697056 0.533534 0.546877 1.034224
1.301301 -0.759859 0.456190 0.540936 1.038319
1.401401 -0.816134 0.374961 0.530363 1.043051
1.501502 -0.865464 0.290572 0.515289 1.048324
1.601602 -0.907528 0.203772 0.495903 1.054063
1.701702 -0.941999 0.115298 0.472380 1.060093
1.801802 -0.968637 0.025891 0.444942 1.066256
1.901902 -0.987329 -0.063702 0.413864 1.072455
2.002002 -0.998000 -0.152751 0.379437 1.078568
2.102102 -1.000734 -0.240562 0.342001 1.084575
2.202202 -0.995675 -0.326474 0.301915 1.090462
2.302302 -0.983048 -0.409882 0.259542 1.096243
2.402402 -0.963204 -0.490257 0.215276 1.102024
2.502503 -0.936479 -0.567104 0.169483 1.107847
2.602603 -0.903288 -0.640010 0.122530 1.113803
2.702703 -0.864071 -0.708620 0.074771 1.119979
2.802803 -0.819217 -0.772578 0.026538 1.126365
2.902903 -0.769098 -0.831538 -0.021851 1.132892
3.003003 -0.714119 -0.885211 -0.070088 1.139507
3.103103 -0.654684 -0.933323 -0.117872 1.146123
3.203203 -0.591232 -0.975669 -0.164915 1.152684
3.303303 -0.524277 -1.012196 -0.210963 1.159273
3.403403 -0.454335 -1.042908 -0.255789 1.165978
3.503504 -0.381883 -1.067804 -0.299177 1.172837
3.603604 -0.307383 -1.086904 -0.340931 1.179863
3.703704 -0.231278 -1.100248 -0.380869 1.187053
3.803804 -0.154006 -1.107927 -0.418835 1.194421
3.903904 -0.075987 -1.110069 -0.454698 1.201989
4.004004 0.002378 -1.106820 -0.488342 1.209767
4.104104 0.080708 -1.098341 -0.519668 1.217753
4.204204 0.158639 -1.084767 -0.548572 1.225894
4.304304 0.235814 -1.066197 -0.574939 1.234075
4.404404 0.311906 -1.042835 -0.598711 1.242275
4.504505 0.386604 -1.014900 -0.619846 1.250478
4.604605 0.459592 -0.982550 -0.638272 1.258579
4.704705 0.530575 -0.945972 -0.653940 1.266496
4.804805 0.599277 -0.905379 -0.666818 1.274163
4.904905 0.665468 -0.861035 -0.676921 1.281581
5.005005 0.728948 -0.813224 -0.684285 1.288776
5.105105 0.789538 -0.762225 -0.688951 1.295766
5.205205 0.847078 -0.708316 -0.690972 1.302572
5.305305 0.901414 -0.651760 -0.690393 1.309190
5.405405 0.952382 -0.592801 -0.687248 1.315581
5.505506 0.999841 -0.531685 -0.681584 1.321713
5.605606 1.043697 -0.468681 -0.673475 1.327605
5.705706 1.083865 -0.404048 -0.662999 1.333261
5.805806 1.120233 -0.338024 -0.650210 1.338639
5.905906 1.152636 -0.270830 -0.635131 1.343618
6.006006 1.180951 -0.202700 -0.617810 1.348118
6.106106 1.205072 -0.133875 -0.598306 1.352069
6.206206 1.224913 -0.064598 -0.576686 1.355416
6.306306 1.240472 0.004883 -0.553062 1.358187
6.406406 1.251813 0.074325 -0.527566 1.360473
6.506507 1.259055 0.143503 -0.500351 1.362411
6.606607 1.262281 0.212200 -0.471551 1.364090
6.706707 1.261494 0.280201 -0.441262 1.365500
6.806807 1.256708 0.347290 -0.409583 1.366632
6.906907 1.247967 0.413264 -0.376626 1.367500
7.007007 1.235284 0.477909 -0.342490 1.368073
7.107107 1.218660 0.541006 -0.307271 1.368296
7.207207 1.198164 0.602361 -0.271085 1.368182
7.307307 1.173868 0.661781 -0.234051 1.367735
7.407407 1.145863 0.719087 -0.196288 1.366973
7.507508 1.114282 0.774124 -0.157923 1.365955
7.607608 1.079195 0.826698 -0.119073 1.364650
7.707708 1.040689 0.876628 -0.079857 1.363043
7.807808 0.998916 0.923777 -0.040402 1.361187
7.907908 0.953980 0.967973 -0.000833 1.359062
8.008008 0.905964 1.009013 0.038726 1.356605
8.108108 0.854996 1.046733 0.078145 1.353800
8.208208 0.801216 1.080977 0.117291 1.350635
8.308308 0.744756 1.111568 0.156030 1.347067
8.408408 0.685800 1.138397 0.194229 1.343128
8.508509 0.624556 1.161386 0.231761 1.338880
8.608609 0.561198 1.180396 0.268488 1.334303
8.708709 0.495893 1.195259 0.304261 1.329334
8.808809 0.428817 1.205793 0.338920 1.323891
8.908909 0.360183 1.211879 0.372319 1.317955
9.009009 0.290228 1.213441 0.404317 1.311543
9.109109 0.219201 1.210423 0.434779 1.304686
9.209209 0.147358 1.202763 0.463562 1.297399
9.309309 0.074967 1.190442 0.490538 1.289729
9.409409 0.002311 1.173538 0.515616 1.281817
9.509510 -0.070330 1.152066 0.538676 1.273725
9.609610 -0.142665 1.125993 0.559573 1.265439
9.709710 -0.214386 1.095291 0.578157 1.256936
9.809810 -0.285159 1.059884 0.594245 1.248117
9.909910 -0.354623 1.019718 0.607653 1.238880
10.010010 -0.422429 0.974864 0.618255 1.229245
10.110110 -0.488233 0.925457 0.625956 1.219287
10.210210 -0.551636 0.871564 0.630608 1.208963
10.310310 -0.612179 0.813208 0.632015 1.198129
10.410410 -0.669442 0.750541 0.630055 1.186775
10.510511 -0.723049 0.683818 0.624674 1.175000
10.610611 -0.772567 0.613271 0.615778 1.162817
10.710711 -0.817543 0.539156 0.603280 1.150223
10.810811 -0.857550 0.461801 0.587130 1.137266
10.910911 -0.892182 0.381585 0.567316 1.124030
11.011011 -0.921070 0.298944 0.543863 1.110641
11.111111 -0.943888 0.214365 0.516840 1.097270
11.211211 -0.960318 0.128366 0.486333 1.084070
11.311311 -0.969967 0.041492 0.452405 1.071087
11.411411 -0.972486 -0.045656 0.415166 1.058384
11.511512 -0.967649 -0.132429 0.374799 1.046115
11.611612 -0.955286 -0.218142 0.331531 1.034442
11.711712 -0.935236 -0.302068 0.285608 1.023467
11.811812 -0.907387 -0.383444 0.237318 1.013262
11.911912 -0.871833 -0.461535 0.187025 1.004034
12.012012 -0.828824 -0.535649 0.135146 0.996059
12.112112 -0.778649 -0.605100 0.082113 0.989537
12.212212 -0.721692 -0.669247 0.028379 0.984651
12.312312 -0.658358 -0.727441 -0.025588 0.981459
12.412412 -0.589192 -0.779157 -0.079313 0.980063
12.512513 -0.514923 -0.824086 -0.132334 0.980702
12.612613 -0.436292 -0.861990 -0.184215 0.983520
12.712713 -0.353971 -0.892541 -0.234511 0.988393
12.812813 -0.268651 -0.915463 -0.282790 0.995096
12.912913 -0.181103 -0.930709 -0.328687 1.003520
13.013013 -0.092087 -0.938277 -0.371860 1.013472
13.113113 -0.002346 -0.938209 -0.411996 1.024686
13.213213 0.087389 -0.930666 -0.448839 1.036935
13.313313 0.176429 -0.915962 -0.482219 1.050071
13.413413 0.264144 -0.894501 -0.512030 1.063992
13.513514 0.349981 -0.866755 -0.538234 1.078632
13.613614 0.433435 -0.833177 -0.560803 1.093869
13.713714 0.514038 -0.794168 -0.579706 1.109502
13.813814 0.591363 -0.750142 -0.594933 1.125330
13.913914 0.665023 -0.701507 -0.606490 1.141139
14.014014 0.734718 -0.648723 -0.614446 1.156804
14.114114 0.800219 -0.592269 -0.618909 1.172255
14.214214 0.861333 -0.532596 -0.619991 1.187410
14.314314 0.917870 -0.470122 -0.617792 1.202151
14.414414 0.969685 -0.405256 -0.612426 1.216383
14.514515 1.016744 -0.338426 -0.604067 1.230121
14.614615 1.059061 -0.270042 -0.592901 1.243409
14.714715 1.096565 -0.200455 -0.579051 1.256160
14.814815 1.129185 -0.129998 -0.562633 1.268272
14.914915 1.156875 -0.058998 -0.543768 1.279658
15.015015 1.179636 0.012233 -0.522597 1.290271
15.115115 1.197529 0.083390 -0.499278 1.300119
15.215215 1.210630 0.154193 -0.473971 1.309217
15.315315 1.219036 0.224377 -0.446835 1.317595
15.415415 1.222793 0.293682 -0.418005 1.325217
15.515516 1.222019 0.361879 -0.387635 1.332122
15.615616 1.216899 0.428767 -0.355895 1.338412
15.715716 1.207580 0.494154 -0.322938 1.344146
15.815816 1.194164 0.557843 -0.288895 1.349325
15.915916 1.176790 0.619660 -0.253903 1.353987
16.016016 1.155631 0.679461 -0.218105 1.358204
16.116116 1.130777 0.737066 -0.181620 1.361950
16.216216 1.102287 0.792276 -0.144563 1.365151
16.316316 1.070294 0.844944 -0.107056 1.367816
16.416416 1.034990 0.894973 -0.069229 1.370027
16.516517 0.996566 0.942278 -0.031205 1.371862
16.616617 0.955148 0.986724 0.006900 1.373310
16.716717 0.910793 1.028106 0.044970 1.374252
16.816817 0.863595 1.066248 0.082887 1.374610
16.916917 0.813729 1.101063 0.120534 1.374417
17.017017 0.761397 1.132510 0.157801 1.373756
17.117117 0.706783 1.160526 0.194579 1.372671
17.217217 0.650050 1.185022 0.230756 1.371164
17.317317 0.591368 1.205923 0.266223 1.369248
17.417417 0.530913 1.223161 0.300871 1.366936
17.517518 0.468886 1.236731 0.334606 1.364301
17.617618 0.405496 1.246642 0.367342 1.361427
17.717718 0.340917 1.252830 0.398970 1.358302
17.817818 0.275319 1.255188 0.429369 1.354864
17.917918 0.208888 1.253646 0.458424 1.351079
18.018018 0.141822 1.248159 0.486025 1.346935
18.118118 0.074332 1.238753 0.512091 1.342487
18.218218 0.006632 1.225477 0.536548 1.337805
18.318318 -0.061065 1.208308 0.559289 1.332869
18.418418 -0.128542 1.187231 0.580211 1.327661
18.518519 -0.195566 1.162198 0.599189 1.322111
18.618619 -0.261899 1.133201 0.616113 1.316180
18.718719 -0.327314 1.100336 0.630923 1.309938
18.818819 -0.391572 1.063667 0.643539 1.303403
18.918919 -0.454414 1.023225 0.653862 1.296541
19.019019 -0.515590 0.979092 0.661814 1.289361
19.119119 -0.574875 0.931421 0.667361 1.281951
19.219219 -0.632031 0.880347 0.670458 1.274358
19.319319 -0.686766 0.825949 0.671007 1.266526
19.419419 -0.738784 0.768324 0.668920 1.258402
19.519520 -0.787841 0.707656 0.664168 1.250035
19.619620 -0.833715 0.644164 0.656748 1.241509
19.719720 -0.876151 0.578049 0.646634 1.232849
19.819820 -0.914912 0.509541 0.633822 1.224103
19.919920 -0.949796 0.438903 0.618337 1.215355
20.020020 -0.980598 0.366407 0.600207 1.206680
20.120120 -1.007151 0.292351 0.579489 1.198178
20.220220 -1.029290 0.217041 0.556242 1.189937
20.320320 -1.046872 0.140795 0.530545 1.182050
20.420420 -1.059783 0.063948 0.502491 1.174618
20.520521 -1.067850 -0.013166 0.472153 1.167650
20.620621 -1.070834 -0.090189 0.439578 1.161055
20.720721 -1.068512 -0.166740 0.404838 1.154736
20.820821 -1.060746 -0.242415 0.368046 1.148653
20.920921 -1.047435 -0.316797 0.329342 1.142780
21.021021 -1.028487 -0.389446 0.288877 1.137059
21.121121 -1.003780 -0.459887 0.246807 1.131364
21.221221 -0.973336 -0.527674 0.203338 1.125686
21.321321 -0.937317 -0.592412 0.158715 1.120136
21.421421 -0.895829 -0.653663 0.113180 1.114718
21.521522 -0.849009 -0.710995 0.066985 1.109422
21.621622 -0.797082 -0.764017 0.020400 1.104300
21.721722 -0.740332 -0.812386 -0.026295 1.099433
21.821822 -0.679057 -0.855752 -0.072812 1.094866
21.921922 -0.613570 -0.893772 -0.118861 1.090607
22.022022 -0.544273 -0.926201 -0.164154 1.086751
22.122122 -0.471571 -0.952786 -0.208398 1.083333
22.222222 -0.395884 -0.973286 -0.251299 1.080352
22.322322 -0.317669 -0.987503 -0.292566 1.077808
22.422422 -0.237438 -0.995380 -0.331943 1.075799
22.522523 -0.155723 -0.996929 -0.369199 1.074441
22.622623 -0.073032 -0.992061 -0.404067 1.073680
22.722723 0.010108 -0.980744 -0.436297 1.073460
22.822823 0.093154 -0.962987 -0.465649 1.073709
22.922923 0.175566 -0.938926 -0.491942 1.074436
23.023023 0.256827 -0.908840 -0.515068 1.075753
23.123123 0.336449 -0.873046 -0.534947 1.077764
23.223223 0.413959 -0.831844 -0.551499 1.080499
23.323323 0.488907 -0.785551 -0.564664 1.083959
23.423423 0.560862 -0.734499 -0.574394 1.088110
23.523524 0.629385 -0.678999 -0.580630 1.092839
23.623624 0.694003 -0.619330 -0.583282 1.097919
23.723724 0.754205 -0.555759 -0.582240 1.103040
23.823824 0.809620 -0.488691 -0.577517 1.108075
23.923924 0.859963 -0.418593 -0.569188 1.112983
24.024024 0.904992 -0.345935 -0.557355 1.117733
24.124124 0.944527 -0.271205 -0.542150 1.122323
24.224224 0.978390 -0.194871 -0.523700 1.126714
24.324324 1.006395 -0.117398 -0.502127 1.130816
24.424424 1.028344 -0.039243 -0.477543 1.134495
24.524525 1.044176 0.039123 -0.450129 1.137739
24.624625 1.053880 0.117234 -0.420084 1.140560
24.724725 1.057394 0.194632 -0.387582 1.142884
24.824825 1.054689 0.270862 -0.352811 1.144645
24.924925 1.045765 0.345470 -0.315971 1.145780
25.025025 1.030611 0.417994 -0.277260 1.146190
25.125125 1.009235 0.487969 -0.236886 1.145768
25.225225 0.981757 0.554969 -0.195090 1.144507
25.325325 0.948348 0.618590 -0.152128 1.142436
25.425425 0.909128 0.678392 -0.108246 1.139494
25.525526 0.864305 0.733985 -0.063709 1.135701
25.625626 0.814123 0.784997 -0.018791 1.131093
25.725726 0.758803 0.831022 0.026232 1.125641
25.825826 0.698608 0.871671 0.071070 1.119337
25.925926 0.633812 0.906540 0.115422 1.112139
26.026026 0.564728 0.935232 0.158975 1.104015
26.126126 0.491716 0.957370 0.201400 1.094945
26.226226 0.415189 0.972609 0.242361 1.084937
26.326326 0.335639 0.980703 0.281529 1.074100
26.426426 0.253612 0.981480 0.318585 1.062600
26.526527 0.169702 0.974869 0.353231 1.050685
26.626627 0.084518 0.960775 0.385153 1.038545
26.726727 -0.001309 0.939032 0.413995 1.026243
26.826827 -0.087094 0.909508 0.439393 1.013832
26.926927 -0.172102 0.872180 0.461007 1.001421
27.027027 -0.255548 0.827105 0.478511 0.989131
27.127127 -0.336598 0.774390 0.491580 0.977051
27.227227 -0.414422 0.714330 0.499971 0.965393
27.327327 -0.488210 0.647376 0.503521 0.954451
27.427427 -0.557128 0.574024 0.502074 0.944443
27.527528 -0.620342 0.494841 0.495507 0.935531
27.627628 -0.677039 0.410505 0.483755 0.927855
27.727728 -0.726431 0.321780 0.466800 0.921492
27.827828 -0.767875 0.229567 0.444753 0.916591
27.927928 -0.800845 0.134854 0.417812 0.913293
28.028028 -0.824740 0.038650 0.386153 0.911484
28.128128 -0.839089 -0.057972 0.350038 0.911020
28.228228 -0.843675 -0.153891 0.309862 0.911857
28.328328 -0.838311 -0.247964 0.266046 0.913801
28.428428 -0.822959 -0.339054 0.219072 0.916631
28.528529 -0.797756 -0.426055 0.169489 0.920144
28.628629 -0.763057 -0.507960 0.117900 0.924218
28.728729 -0.719435 -0.583896 0.064945 0.928837
28.828829 -0.667473 -0.653032 0.011250 0.933861
28.928929 -0.607850 -0.714641 -0.042559 0.939151
29.029029 -0.541384 -0.768173 -0.095875 0.944657
29.129129 -0.468938 -0.813178 -0.148114 0.950315
29.229229 -0.391371 -0.849256 -0.198715 0.955979
29.329329 -0.309593 -0.876144 -0.247154 0.961541
29.429429 -0.224568 -0.893776 -0.292973 0.967006
29.529530 -0.137263 -0.902250 -0.335779 0.972442
29.629630 -0.048615 -0.901752 -0.375237 0.977918
29.729730 0.040481 -0.892511 -0.411046 0.983450
29.829830 0.129169 -0.874807 -0.442947 0.989027
29.929930 0.216625 -0.848938 -0.470702 0.994576
30.030030 0.302038 -0.815172 -0.494066 0.999917
30.130130 0.384647 -0.773908 -0.512874 1.004951
30.230230 0.463726 -0.725603 -0.527001 1.009590
30.330330 0.538564 -0.670713 -0.536332 1.013686
30.430430 0.608524 -0.609792 -0.540825 1.017172
30.530531 0.673009 -0.543422 -0.540467 1.019977
30.630631 0.731434 -0.472197 -0.535260 1.021993
30.730731 0.783231 -0.396727 -0.525218 1.023082
30.830831 0.827888 -0.317671 -0.510401 1.023144
30.930931 0.865015 -0.235754 -0.490955 1.022188
31.031031 0.894237 -0.151714 -0.467035 1.020196
31.131131 0.915179 -0.066296 -0.438803 1.017102
31.231231 0.927540 0.019714 -0.406470 1.012886
31.331331 0.931078 0.105510 -0.370282 1.007545
31.431431 0.925623 0.190258 -0.330530 1.001112
31.531532 0.911136 0.273124 -0.287564 0.993710
31.631632 0.887654 0.353264 -0.241772 0.985484
31.731732 0.855281 0.429837 -0.193571 0.976594
31.831832 0.814138 0.501969 -0.143400 0.967139
31.931932 0.764475 0.568819 -0.091742 0.957284
32.032032 0.706706 0.629602 -0.039126 0.947293
32.132132 0.641271 0.683518 0.013898 0.937347
32.232232 0.568678 0.729759 0.066747 0.927576
32.332332 0.489516 0.767522 0.118804 0.918058
32.432432 0.404518 0.796074 0.169417 0.908884
32.532533 0.314497 0.814666 0.217894 0.900037
32.632633 0.220449 0.822746 0.263545 0.891609
32.732733 0.123560 0.820115 0.305752 0.883934
32.832833 0.025072 0.806646 0.343904 0.877255
32.932933 -0.073724 0.782328 0.377418 0.871732
33.033033 -0.171476 0.747311 0.405753 0.867475
33.133133 -0.266823 0.701944 0.428456 0.864578
33.233233 -0.358435 0.646838 0.445199 0.863179
33.333333 -0.445062 0.582793 0.455776 0.863399
33.433433 -0.525545 0.510753 0.460083 0.865299
33.533534 -0.598752 0.431687 0.458040 0.868710
33.633634 -0.663691 0.346695 0.449688 0.873443
33.733734 -0.719642 0.257036 0.435258 0.879433
33.833834 -0.766078 0.164003 0.415084 0.886604
33.933934 -0.802680 0.068887 0.389592 0.894887
34.034034 -0.829226 -0.027066 0.359230 0.904098
34.134134 -0.845592 -0.122664 0.324468 0.913976
34.234234 -0.851897 -0.216783 0.285854 0.924357
34.334334 -0.848351 -0.308371 0.243945 0.935041
34.434434 -0.835339 -0.396499 0.199322 0.945903
34.534535 -0.813384 -0.480361 0.152576 0.956880
34.634635 -0.783018 -0.559233 0.104261 0.967848
34.734735 -0.744896 -0.632543 0.054924 0.978774
34.834835 -0.699725 -0.699843 0.005077 0.989657
34.934935 -0.648210 -0.760773 -0.044804 1.000479
35.035035 -0.591085 -0.815090 -0.094285 1.011258
35.135135 -0.529046 -0.862595 -0.142967 1.021958
35.235235 -0.462738 -0.903101 -0.190478 1.032473
35.335335 -0.392821 -0.936522 -0.236485 1.042741
35.435435 -0.319959 -0.962868 -0.280695 1.052748
35.535536 -0.244774 -0.982159 -0.322839 1.062439
35.635636 -0.167854 -0.994387 -0.362651 1.071679
35.735736 -0.089770 -0.999601 -0.399895 1.080360
35.835836 -0.011092 -0.997945 -0.434381 1.088441
35.935936 0.067639 -0.989655 -0.465970 1.095956
36.036036 0.145915 -0.975025 -0.494564 1.102977
36.136136 0.223256 -0.954299 -0.520055 1.109498
36.236236 0.299194 -0.927687 -0.542328 1.115455
36.336336 0.373286 -0.895428 -0.561288 1.120793
36.436436 0.445122 -0.857817 -0.576882 1.125512
36.536537 0.514326 -0.815186 -0.589088 1.129639
36.636637 0.580517 -0.767828 -0.597865 1.133138
36.736737 0.643317 -0.716025 -0.603166 1.135939
36.836837 0.702400 -0.660122 -0.604999 1.138047
36.936937 0.757516 -0.600523 -0.603430 1.139555
37.037037 0.808435 -0.537628 -0.598531 1.140548
37.137137 0.854929 -0.471820 -0.590368 1.141075
37.237237 0.896730 -0.403451 -0.578978 1.141102
37.337337 0.933496 -0.332847 -0.564351 1.140480
37.437437 0.964976 -0.260385 -0.546539 1.139160
37.537538 0.990972 -0.186468 -0.525633 1.137139
37.637638 1.011297 -0.111510 -0.501729 1.134411
37.737738 1.025758 -0.035931 -0.474928 1.130941
37.837838 1.034107 0.039837 -0.445308 1.126616
37.937938 1.036243 0.115342 -0.413023 1.121468
38.038038 1.032238 0.190141 -0.378300 1.115697
38.138138 1.022138 0.263793 -0.341354 1.109448
38.238238 1.005831 0.335817 -0.302347 1.102671
38.338338 0.983210 0.405706 -0.261454 1.095289
38.438438 0.954327 0.472986 -0.218906 1.087371
38.538539 0.919318 0.537205 -0.174965 1.079049
38.638639 0.878335 0.597904 -0.129898 1.070437
38.738739 0.831573 0.654642 -0.083990 1.061661
38.838839 0.779318 0.707026 -0.037539 1.052916
38.938939 0.721836 0.754635 0.009148 1.044321
39.039039 0.659395 0.797023 0.055757 1.035933
39.139139 0.592292 0.833736 0.101954 1.027774
39.239239 0.520835 0.864274 0.147381 1.019784
39.339339 0.445451 0.888249 0.191676 1.012004
39.439439 0.366658 0.905368 0.234479 1.004545
39.539540 0.285012 0.915375 0.275428 0.997499
39.639640 0.201101 0.918010 0.314145 0.990894
39.739740 0.115552 0.913043 0.350249 0.984720
39.839840 0.029051 0.900328 0.383367 0.978982
39.939940 -0.057675 0.879716 0.413109 0.973595
40.040040 -0.143849 0.851157 0.439106 0.968491
40.140140 -0.228669 0.814750 0.461041 0.963673
40.240240 -0.311318 0.770720 0.478650 0.959184
40.340340 -0.390944 0.719292 0.491647 0.954953
40.440440 -0.466690 0.660789 0.499794 0.950913
40.540541 -0.537783 0.595747 0.502979 0.947161
40.640641 -0.603479 0.524772 0.501137 0.943775
40.740741 -0.663123 0.448570 0.494284 0.940884
40.840841 -0.716092 0.367889 0.482472 0.938568
40.940941 -0.761735 0.283480 0.465740 0.936758
41.041041 -0.799430 0.196147 0.444163 0.935330
41.141141 -0.828724 0.106780 0.417930 0.934265
41.241241 -0.849280 0.016316 0.387305 0.933567
41.341341 -0.860810 -0.074293 0.352574 0.933178
41.441441 -0.863253 -0.164095 0.314132 0.933173
41.541542 -0.856602 -0.252140 0.272394 0.933563
41.641642 -0.840913 -0.337499 0.227792 0.934307
41.741742 -0.816459 -0.419317 0.180827 0.935484
41.841842 -0.783593 -0.496787 0.132011 0.937146
41.941942 -0.742673 -0.569122 0.081850 0.939235
42.042042 -0.694174 -0.635621 0.030867 0.941725
42.142142 -0.638726 -0.695730 -0.020413 0.944684
42.242242 -0.577020 -0.748988 -0.071479 0.948179
42.342342 -0.509738 -0.794974 -0.121838 0.952187
42.442442 -0.437656 -0.833437 -0.171034 0.956772
42.542543 -0.361572 -0.864232 -0.218646 0.961997
42.642643 -0.282211 -0.887130 -0.264247 0.967714
42.742743 -0.200361 -0.902147 -0.307492 0.973943
42.842843 -0.116840 -0.909551 -0.348135 0.980884
42.942943 -0.032391 -0.909550 -0.385932 0.988572
43.043043 0.052294 -0.902250 -0.420622 0.996852
43.143143 0.136541 -0.887799 -0.451967 1.005537
43.243243 0.219711 -0.866492 -0.479812 1.014545
43.343343 0.301196 -0.838640 -0.504021 1.023754
43.443443 0.380431 -0.804590 -0.524495 1.033048
43.543544 0.456881 -0.764709 -0.541155 1.042290
43.643644 0.530055 -0.719389 -0.553953 1.051353
43.743744 0.599561 -0.669130 -0.562937 1.060239
43.843844 0.665116 -0.614493 -0.568224 1.069046
43.943944 0.726507 -0.556038 -0.569966 1.077893
44.044044 0.783503 -0.494250 -0.568274 1.086782
44.144144 0.835803 -0.429529 -0.563189 1.095556
44.244244 0.883173 -0.362301 -0.554794 1.104108
44.344344 0.925557 -0.293050 -0.543276 1.112512
44.444444 0.962843 -0.222210 -0.528778 1.120736
44.544545 0.994868 -0.150180 -0.511400 1.128648
44.644645 1.021532 -0.077364 -0.491277 1.136163
44.744745 1.042773 -0.004159 -0.468556 1.143214
44.844845 1.058540 0.069045 -0.443385 1.149723
44.944945 1.068871 0.141873 -0.415946 1.155692
45.045045 1.073819 0.213965 -0.386422 1.161116
45.145145 1.073381 0.284962 -0.354970 1.165914
45.245245 1.067684 0.354542 -0.321787 1.170126
45.345345 1.056841 0.422391 -0.287064 1.173769
45.445445 1.040914 0.488185 -0.250970 1.176781
45.545546 1.020120 0.551675 -0.213711 1.179264
45.645646 0.994710 0.612647 -0.175495 1.181348
45.745746 0.964837 0.670846 -0.136502 1.183038
45.845846 0.930724 0.726075 -0.096920 1.184410
45.945946 0.892595 0.778143 -0.056931 1.185527
46.046046 0.850570 0.826787 -0.016705 1.186307
46.146146 0.804824 0.871787 0.023581 1.186723
46.246246 0.755543 0.912926 0.063749 1.186737
46.346346 0.702922 0.949997 0.103622 1.186310
46.446446 0.647221 0.982872 0.143026 1.185491
46.546547 0.588681 1.011399 0.181786 1.184280
46.646647 0.527536 1.035406 0.219723 1.182640
46.746747 0.464033 1.054740 0.256657 1.180541
46.846847 0.398436 1.069261 0.292410 1.177953
46.946947 0.331029 1.078863 0.326807 1.174873
47.047047 0.262118 1.083488 0.359687 1.171336
47.147147 0.192005 1.083050 0.390875 1.167325
47.247247 0.121011 1.077519 0.420216 1.162872
47.347347 0.049472 1.066938 0.447577 1.158072
47.447447 -0.022278 1.051322 0.472816 1.152966
47.547548 -0.093898 1.030709 0.495797 1.147603
47.647648 -0.165048 1.005188 0.516407 1.142069
47.747748 -0.235392 0.974896 0.534555 1.136478
47.847848 -0.304585 0.939943 0.550136 1.130891
47.947948 -0.372251 0.900366 0.562999 1.125254
48.048048 -0.437977 0.856167 0.572958 1.119431
48.148148 -0.501309 0.807350 0.579812 1.113242
48.248248 -0.561833 0.754059 0.583440 1.106645
48.348348 -0.619158 0.696518 0.583765 1.099671
48.448448 -0.672820 0.634902 0.580657 1.092222
48.548549 -0.722376 0.569448 0.574021 1.084250
48.648649 -0.767434 0.500482 0.563826 1.075796
48.748749 -0.807564 0.428338 0.550026 1.066846
48.848849 -0.842374 0.353401 0.532615 1.057433
48.948949 -0.871526 0.276120 0.511640 1.047653
49.049049 -0.894624 0.196953 0.487125 1.037513
49.149149 -0.911360 0.116410 0.459157 1.027109
49.249249 -0.921461 0.035050 0.427859 1.016554
49.349349 -0.924588 -0.046547 0.393335 1.005854
49.449449 -0.920434 -0.127749 0.355727 0.995018
49.549550 -0.908753 -0.207878 0.315222 0.984079
49.649650 -0.889404 -0.286224 0.272070 0.973132
49.749750 -0.862274 -0.362036 0.226551 0.962243
49.849850 -0.827409 -0.434573 0.179011 0.951580
49.949950 -0.784998 -0.503117 0.129853 0.941388
50.050050 -0.735246 -0.566924 0.079494 0.931831
50.150150 -0.678433 -0.625251 0.028387 0.923047
50.250250 -0.614861 -0.677308 -0.022985 0.915057
50.350350 -0.544937 -0.722328 -0.074102 0.907858
50.450450 -0.469222 -0.759623 -0.124409 0.901484
50.550551 -0.388440 -0.788670 -0.173354 0.896067
50.650651 -0.303406 -0.809014 -0.220370 0.891696
50.750751 -0.214972 -0.820215 -0.264882 0.888329
50.850851 -0.124111 -0.822049 -0.306358 0.886016
50.950951 -0.031846 -0.814395 -0.344284 0.884751
51.051051 0.060763 -0.797247 -0.378185 0.884488
51.151151 0.152635 -0.770784 -0.407654 0.885204
51.251251 0.242699 -0.735329 -0.432356 0.886872
51.351351 0.329940 -0.691400 -0.452064 0.889526
51.451451 0.413437 -0.639679 -0.466665 0.893250
51.551552 0.492338 -0.580895 -0.476100 0.898057
51.651652 0.565918 -0.515867 -0.480404 0.903975
51.751752 0.633534 -0.445437 -0.479661 0.910963
51.851852 0.694565 -0.370408 -0.473946 0.918829
51.951952 0.748457 -0.291603 -0.463373 0.927327
52.052052 0.794819 -0.209887 -0.448149 0.936284
52.152152 0.833494 -0.126163 -0.428599 0.945688
52.252252 0.864357 -0.041279 -0.405042 0.955445
52.352352 0.887376 0.043959 -0.377819 0.965461
52.452452 0.902630 0.128791 -0.347299 0.975677
52.552553 0.910181 0.212502 -0.313825 0.985937
52.652653 0.910211 0.294437 -0.277767 0.996158
52.752753 0.902958 0.373994 -0.239495 1.006262
52.852853 0.888612 0.450590 -0.199353 1.016073
52.952953 0.867296 0.523625 -0.157659 1.025300
53.053053 0.839241 0.592569 -0.114749 1.033746
53.153153 0.804824 0.656996 -0.070981 1.041356
53.253253 0.764458 0.716542 -0.026699 1.048113
53.353353 0.718616 0.770929 0.017763 1.054067
53.453453 0.667762 0.819910 0.062088 1.059251
53.553554 0.612317 0.863221 0.105972 1.063631
53.653654 0.552737 0.900670 0.149126 1.067222
53.753754 0.489485 0.932093 0.191270 1.070036
53.853854 0.422986 0.957287 0.232125 1.072007
53.953954 0.353662 0.976030 0.271405 1.073020
54.054054 0.281943 0.988096 0.308817 1.072937
54.154154 0.208294 0.993310 0.344076 1.071652
54.254254 0.133202 0.991532 0.376903 1.069081
54.354354 0.057190 0.982732 0.407050 1.065233
54.454454 -0.019205 0.966935 0.434289 1.060160
54.554555 -0.095438 0.944189 0.458395 1.053910
54.654655 -0.170953 0.914596 0.479166 1.046571
54.754755 -0.245180 0.878252 0.496388 1.038192
54.854855 -0.317508 0.835216 0.509815 1.028741
54.954955 -0.387316 0.785626 0.519227 1.018243
55.055055 -0.453963 0.729693 0.524433 1.006759
55.155155 -0.516747 0.667611 0.525202 0.994268
55.255255 -0.574959 0.599670 0.521345 0.980807
55.355355 -0.627898 0.526278 0.512729 0.966497
55.455455 -0.674863 0.447919 0.499252 0.951485
55.555556 -0.715248 0.365228 0.480923 0.936086
55.655656 -0.748396 0.278882 0.457745 0.920545
55.755756 -0.773485 0.189574 0.429657 0.904888
55.855856 -0.789843 0.098159 0.396733 0.889317
55.955956 -0.797005 0.005635 0.359205 0.874230
56.056056 -0.794501 -0.086923 0.317336 0.859936
56.156156 -0.781900 -0.178340 0.271449 0.846675
56.256256 -0.758764 -0.267313 0.221924 0.834524
56.356356 -0.724862 -0.352457 0.169265 0.823591
56.456456 -0.680393 -0.432429 0.114154 0.814224
56.556557 -0.625763 -0.505906 0.057354 0.806728
56.656657 -0.561478 -0.571532 -0.000311 0.801190
56.756757 -0.488355 -0.628126 -0.057954 0.797742
56.856857 -0.407540 -0.674783 -0.114666 0.796599
56.956957 -0.320303 -0.710756 -0.169549 0.797819
57.057057 -0.228016 -0.735459 -0.221730 0.801283
57.157157 -0.132177 -0.748632 -0.270426 0.806877
57.257257 -0.034328 -0.750289 -0.314950 0.814435
57.357357 0.064018 -0.740556 -0.354683 0.823603
57.457457 0.161401 -0.719898 -0.389175 0.834122
57.557558 0.256471 -0.689013 -0.418130 0.845783
57.657658 0.348034 -0.648750 -0.441385 0.858385
57.757758 0.435076 -0.600101 -0.458926 0.871795
57.857858 0.516781 -0.544117 -0.470849 0.885903
57.957958 0.592478 -0.481835 -0.477309 0.900566
58.058058 0.661643 -0.414263 -0.478518 0.915622
58.158158 0.723869 -0.342372 -0.474719 0.930894
58.258258 0.778794 -0.267050 -0.466142 0.946110
58.358358 0.826185 -0.189166 -0.453064 0.961058
58.458458 0.865967 -0.109559 -0.435823 0.975624
58.558559 0.898133 -0.029008 -0.414758 0.989702
58.658659 0.922775 0.051767 -0.390226 1.003230
58.758759 0.939999 0.132105 -0.362566 1.016122
58.858859 0.949956 0.211404 -0.332112 1.028303
58.958959 0.952926 0.289128 -0.299222 1.039806
59.059059 0.949096 0.364768 -0.264208 1.050545
59.159159 0.938670 0.437852 -0.227366 1.060429
59.259259 0.921894 0.507952 -0.188996 1.069403
59.359359 0.899027 0.574674 -0.149387 1.077411
59.459459 0.870416 0.637702 -0.108833 1.084497
59.559560 0.836347 0.696706 -0.067608 1.090617
59.659660 0.797105 0.751376 -0.025975 1.095727
59.759760 0.753051 0.801483 0.015802 1.099868
59.859860 0.704578 0.846861 0.057475 1.103135
59.959960 0.652078 0.887368 0.098806 1.105617
60.060060 0.595954 0.922913 0.139575 1.107434
60.160160 0.536619 0.953449 0.179576 1.108726
60.260260 0.474404 0.978824 0.218593 1.109477
60.360360 0.409641 0.998895 0.256416 1.109660
60.460460 0.342689 1.013571 0.292844 1.109288
60.560561 0.273903 1.022761 0.327677 1.108348
60.660661 0.203660 1.026424 0.360729 1.106864
60.760761 0.132341 1.024552 0.391826 1.104874
60.860861 0.060324 1.017104 0.420780 1.102359
60.960961 -0.012003 1.004027 0.447395 1.099262
61.061061 -0.084241 0.985362 0.471510 1.095608
61.161161 -0.155978 0.961134 0.492952 1.091379
61.261261 -0.226811 0.931461 0.511592 1.086642
61.361361 -0.296356 0.896600 0.527371 1.081590
61.461461 -0.364214 0.856714 0.540184 1.076294
61.561562 -0.429997 0.812008 0.549945 1.070838
61.661662 -0.493306 0.762686 0.556567 1.065273
61.761762 -0.553719 0.708933 0.559942 1.059588
61.861862 -0.610814 0.650977 0.559981 1.053776
61.961962 -0.664110 0.589014 0.556556 1.047728
62.062062 -0.713111 0.523278 0.549548 1.041321
62.162162 -0.757411 0.454125 0.538931 1.034576
62.262262 -0.796686 0.381989 0.524752 1.027614
62.362362 -0.830587 0.307306 0.507046 1.020494
62.462462 -0.858777 0.230539 0.485867 1.013268
62.562563 -0.880949 0.152183 0.461294 1.005994
62.662663 -0.896827 0.072766 0.433438 0.998730
62.762763 -0.906180 -0.007153 0.402439 0.991550
62.862863 -0.908872 -0.086997 0.368493 0.984584
62.962963 -0.904794 -0.166165 0.331814 0.977938
63.063063 -0.893857 -0.244050 0.292630 0.971686
63.163163 -0.876069 -0.320038 0.251214 0.965935
63.263263 -0.851437 -0.393499 0.207848 0.960722
63.363363 -0.820048 -0.463812 0.162844 0.956095
63.463463 -0.782034 -0.530348 0.116538 0.952065
63.563564 -0.737637 -0.592529 0.069291 0.948684
63.663664 -0.687160 -0.649792 0.021488 0.945981
63.763764 -0.630880 -0.701535 -0.026481 0.943855
63.863864 -0.569187 -0.747222 -0.074208 0.942243
63.963964 -0.502611 -0.786465 -0.121282 0.941198
64.064064 -0.431767 -0.818988 -0.167309 0.940828
64.164164 -0.357260 -0.844512 -0.211894 0.941134
64.264264 -0.279734 -0.862845 -0.254664 0.942128
64.364364 -0.199893 -0.873968 -0.295296 0.943916
64.464464 -0.118430 -0.877899 -0.333488 0.946545
64.564565 -0.036025 -0.874682 -0.368954 0.949996
64.664665 0.046646 -0.864394 -0.401427 0.954199
64.764765 0.128918 -0.847139 -0.430654 0.959024
64.864865 0.210131 -0.823090 -0.456416 0.964338
64.964965 0.289632 -0.792443 -0.478507 0.969960
65.065065 0.366831 -0.755554 -0.496819 0.975836
65.165165 0.441159 -0.712814 -0.511270 0.981897
65.265265 0.512068 -0.664593 -0.521779 0.988004
65.365365 0.579073 -0.611346 -0.528327 0.994082
65.465465 0.641685 -0.553498 -0.530883 0.999978
65.565566 0.699488 -0.491532 -0.529475 1.005600
65.665666 0.752103 -0.425952 -0.524152 1.010855
65.765766 0.799265 -0.357307 -0.515040 1.015755
65.865866 0.840774 -0.286161 -0.502297 1.020339
65.965966 0.876317 -0.213012 -0.486001 1.024452
66.066066 0.905607 -0.138368 -0.466248 1.027938
66.166166 0.928457 -0.062763 -0.443191 1.030723
66.266266 0.944762 0.013262 -0.417018 1.032790
66.366366 0.954411 0.089169 -0.387919 1.034085
66.466466 0.957348 0.164428 -0.356101 1.034582
66.566567 0.953592 0.238515 -0.321803 1.034304
66.666667 0.943115 0.310896 -0.285248 1.033194
66.766767 0.925968 0.381056 -0.246686 1.031249
66.866867 0.902263 0.448493 -0.206387 1.028504
66.966967 0.872072 0.512679 -0.164615 1.024913
67.067067 0.835583 0.573140 -0.121666 1.020534
67.167167 0.793051 0.629429 -0.077848 1.015466
67.267267 0.744649 0.681027 -0.033468 1.009664
67.367367 0.690636 0.727466 0.011151 1.003150
67.467467 0.631451 0.768426 0.055674 0.996147
67.567568 0.567515 0.803568 0.099762 0.988811
67.667668 0.499221 0.832499 0.143066 0.981195
67.767768 0.426988 0.854810 0.185219 0.973306
67.867868 0.351290 0.870132 0.225845 0.965164
67.967968 0.272687 0.878190 0.264574 0.956857
68.068068 0.191733 0.878575 0.300977 0.948284
68.168168 0.109055 0.870937 0.334619 0.939358
68.268268 0.025378 0.855091 0.365095 0.930117
68.368368 -0.058518 0.830924 0.392006 0.920612
68.468468 -0.141794 0.798396 0.414958 0.910897
68.568569 -0.223539 0.757445 0.433517 0.900905
68.668669 -0.302762 0.708067 0.447237 0.890531
68.768769 -0.378457 0.650518 0.455781 0.879852
68.868869 -0.449638 0.585274 0.458916 0.869094
68.968969 -0.515276 0.512873 0.456420 0.858410
69.069069 -0.574328 0.433968 0.448112 0.847930
69.169169 -0.625743 0.349337 0.433866 0.837753
69.269269 -0.668507 0.259920 0.413640 0.827984
69.369369 -0.701749 0.166835 0.387538 0.818823
69.469469 -0.724578 0.071318 0.355705 0.810324
69.569570 -0.736122 -0.025272 0.318348 0.802409
69.669670 -0.735700 -0.121412 0.275833 0.795034
69.769770 -0.722747 -0.215444 0.228638 0.788070
69.869870 -0.697054 -0.305646 0.177427 0.781527
69.969970 -0.658632 -0.390223 0.122996 0.775370
70.070070 -0.607579 -0.467269 0.066226 0.769337
70.170170 -0.544348 -0.534902 0.008149 0.763218
70.270270 -0.469831 -0.591396 -0.050075 0.756966
70.370370 -0.385251 -0.635161 -0.107199 0.750560
70.470470 -0.292107 -0.664732 -0.161907 0.743914
70.570571 -0.192260 -0.678955 -0.212858 0.737057
70.670671 -0.087880 -0.677025 -0.258727 0.730086
70.770771 0.018619 -0.658439 -0.298211 0.723062
70.870871 0.124599 -0.623089 -0.330083 0.716045
70.970971 0.227257 -0.571356 -0.353256 0.709142
71.071071 0.323717 -0.504161 -0.366846 0.702529
71.171171 0.411107 -0.422928 -0.370198 0.696364
71.271271 0.486602 -0.329535 -0.362871 0.690688
71.371371 0.547614 -0.226388 -0.344769 0.685564
71.471471 0.591988 -0.116410 -0.316212 0.681169
71.571572 0.618122 -0.002882 -0.277928 0.677737
71.671672 0.624919 0.110693 -0.230969 0.675370
71.771772 0.611820 0.220706 -0.176673 0.673979
71.871872 0.579186 0.323647 -0.116747 0.673672
71.971972 0.528364 0.416408 -0.053162 0.674826
72.072072 0.461345 0.496385 0.012045 0.677778
72.172172 0.380542 0.561512 0.076883 0.682656
72.272272 0.288665 0.610273 0.139472 0.689357
72.372372 0.188758 0.642070 0.198187 0.697969
72.472472 0.083900 0.657002 0.251693 0.708548
72.572573 -0.023041 0.655642 0.298959 0.720953
72.672673 -0.129436 0.638983 0.339246 0.734943
72.772773 -0.232994 0.608312 0.372093 0.750189
72.872873 -0.331759 0.565154 0.397298 0.766361
72.972973 -0.424125 0.511104 0.414844 0.783074
73.073073 -0.508848 0.447858 0.424920 0.800037
73.173173 -0.584988 0.377069 0.427834 0.816966
73.273273 -0.651935 0.300365 0.424029 0.833690
73.373373 -0.709313 0.219266 0.414007 0.850061
73.473473 -0.756828 0.135136 0.398235 0.865818
73.573574 -0.794404 0.049244 0.377240 0.880802
73.673674 -0.822207 -0.037240 0.351609 0.895009
73.773774 -0.840496 -0.123278 0.321917 0.908439
73.873874 -0.849586 -0.207950 0.288708 0.921082
73.973974 -0.849732 -0.290413 0.252469 0.932804
74.074074 -0.841180 -0.369883 0.213655 0.943423
74.174174 -0.824262 -0.445654 0.172724 0.952811
74.274274 -0.799313 -0.517059 0.130122 0.960824
74.374374 -0.766763 -0.583526 0.086291 0.967406
74.474474 -0.727080 -0.644540 0.041668 0.972530
74.574575 -0.680790 -0.699673 -0.003323 0.976232
74.674675 -0.628446 -0.748554 -0.048271 0.978574
74.774775 -0.570538 -0.790774 -0.092777 0.979513
74.874875 -0.507533 -0.825891 -0.136436 0.978928
74.974975 -0.439957 -0.853528 -0.178850 0.976760
75.075075 -0.368473 -0.873541 -0.219655 0.973188
75.175175 -0.293775 -0.885884 -0.258523 0.968467
75.275275 -0.216518 -0.890432 -0.295104 0.962723
75.375375 -0.137339 -0.886966 -0.329017 0.955940
75.475475 -0.056915 -0.875285 -0.359871 0.948088
75.575576 0.024025 -0.855274 -0.387287 0.939182
75.675676 0.104703 -0.826932 -0.410920 0.929319
75.775776 0.184308 -0.790334 -0.430437 0.918626
75.875876 0.261995 -0.745644 -0.445534 0.907263
75.975976 0.336913 -0.693154 -0.455957 0.895471
76.076076 0.408110 -0.633096 -0.461383 0.883311
76.176176 0.474489 -0.565637 -0.461394 0.870614
76.276276 0.534961 -0.491191 -0.455685 0.857380
76.376376 0.588403 -0.410345 -0.444012 0.843651
76.476476 0.633611 -0.323807 -0.426148 0.829407
76.576577 0.669450 -0.232527 -0.402003 0.814763
76.676677 0.694963 -0.137698 -0.371673 0.800047
76.776777 0.709285 -0.040693 -0.335378 0.785633
76.876877 0.711535 0.056960 -0.293392 0.771754
76.976977 0.701024 0.153552 -0.246164 0.758689
77.077077 0.677205 0.247180 -0.194283 0.746626
77.177177 0.639707 0.335767 -0.138499 0.735627
77.277277 0.588680 0.417211 -0.079805 0.725933
77.377377 0.524759 0.489469 -0.019383 0.717863
77.477477 0.449054 0.550694 0.041455 0.711780
77.577578 0.363112 0.599313 0.101325 0.708021
77.677678 0.268784 0.634031 0.158830 0.706730
77.777778 0.168175 0.653850 0.212586 0.707810
77.877878 0.063642 0.658330 0.261345 0.711160
77.977978 -0.042331 0.647760 0.304123 0.716852
78.078078 -0.147362 0.622938 0.340205 0.724918
78.178178 -0.249264 0.584959 0.369094 0.735215
78.278278 -0.346093 0.535109 0.390486 0.747396
78.378378 -0.436206 0.474895 0.404310 0.761096
78.478478 -0.518326 0.405994 0.410731 0.776011
78.578579 -0.591443 0.330059 0.410027 0.791749
78.678679 -0.654866 0.248725 0.402607 0.807964
78.778779 -0.708325 0.163615 0.389064 0.824539
78.878879 -0.751753 0.076201 0.370018 0.841340
78.978979 -0.785190 -0.012213 0.346059 0.858155
79.079079 -0.808765 -0.100458 0.317761 0.874737
79.179179 -0.822633 -0.187479 0.285657 0.890771
79.279279 -0.827107 -0.272345 0.250297 0.906050
79.379379 -0.822591 -0.354232 0.212225 0.920422
79.479479 -0.809544 -0.432429 0.171959 0.933770
79.579580 -0.788515 -0.506343 0.130006 0.946066
79.679680 -0.760096 -0.575494 0.086843 0.957330
79.779780 -0.724855 -0.639458 0.042910 0.967555
79.879880 -0.683355 -0.697877 -0.001384 0.976734
79.979980 -0.636256 -0.750557 -0.045657 0.985009
80.080080 -0.584228 -0.797397 -0.089565 0.992566
80.180180 -0.527849 -0.838267 -0.132792 0.999475
80.280280 -0.467614 -0.872976 -0.175033 1.005677
80.380380 -0.404057 -0.901447 -0.216014 1.011203
80.480480 -0.337710 -0.923644 -0.255482 1.016089
80.580581 -0.269033 -0.939402 -0.293158 1.020194
80.680681 -0.198485 -0.948553 -0.328762 1.023344
80.780781 -0.126584 -0.951144 -0.362084 1.025574
80.880881 -0.053851 -0.947328 -0.392958 1.027008
80.980981 0.019221 -0.937138 -0.421178 1.027613
81.081081 0.092139 -0.920554 -0.446513 1.027270
81.181181 0.164396 -0.897606 -0.468752 1.025890
81.281281 0.235466 -0.868318 -0.487667 1.023348
81.381381 0.304810 -0.832759 -0.503049 1.019536
81.481481 0.371902 -0.791117 -0.514745 1.014465
81.581582 0.436219 -0.743631 -0.522626 1.008172
81.681682 0.497190 -0.690497 -0.526524 1.000606
81.781782 0.554191 -0.631898 -0.526238 0.991640
81.881882 0.606626 -0.568134 -0.521635 0.981262
81.981982 0.653890 -0.499568 -0.512603 0.969486
82.082082 0.695326 -0.426588 -0.499020 0.956282
82.182182 0.730216 -0.349631 -0.480755 0.941585
82.282282 0.757821 -0.269221 -0.457710 0.925349
82.382382 0.777518 -0.186035 -0.429904 0.907723
82.482482 0.788696 -0.100845 -0.397402 0.888898
82.582583 0.790647 -0.014513 -0.360268 0.868980
82.682683 0.782718 0.071965 -0.318647 0.848152
82.782783 0.764350 0.157445 -0.272793 0.826702
82.882883 0.734997 0.240619 -0.223038 0.804900
82.982983 0.694167 0.319990 -0.169820 0.783007
83.083083 0.641582 0.393892 -0.113748 0.761391
83.183183 0.577233 0.460517 -0.055615 0.740518
83.283283 0.501445 0.517955 0.003593 0.720929
83.383383 0.414771 0.564057 0.062683 0.702940
83.483483 0.318222 0.596634 0.120238 0.686801
83.583584 0.213519 0.613802 0.174659 0.672941
83.683684 0.102983 0.614025 0.224231 0.661749
83.783784 -0.010498 0.596382 0.267256 0.653610
83.883884 -0.123610 0.560696 0.302172 0.648820
83.983984 -0.232883 0.507738 0.327766 0.647659
84.084084 -0.334952 0.439146 0.343252 0.650280
84.184184 -0.426828 0.357217 0.348305 0.656583
84.284284 -0.506262 0.264872 0.343203 0.666519
84.384384 -0.571653 0.165189 0.328585 0.679737
84.484484 -0.621912 0.061137 0.305271 0.695487
84.584585 -0.656780 -0.044436 0.274399 0.713182
84.684685 -0.676774 -0.149012 0.237308 0.732491
84.784785 -0.682885 -0.250539 0.195346 0.753168
84.884885 -0.676250 -0.347390 0.149738 0.774865
84.984985 -0.658055 -0.438300 0.101571 0.797157
85.085085 -0.629674 -0.522427 0.051831 0.819821
85.185185 -0.592517 -0.599267 0.001372 0.842733
85.285285 -0.547930 -0.668586 -0.049102 0.865821
85.385385 -0.497052 -0.730208 -0.099004 0.888857
85.485485 -0.440891 -0.784055 -0.147846 0.911584
85.585586 -0.380461 -0.830283 -0.195246 0.933939
85.685686 -0.316624 -0.869046 -0.240883 0.955781
85.785786 -0.250147 -0.900518 -0.284492 0.976956
85.885886 -0.181745 -0.925010 -0.325890 0.997437
85.985986 -0.112061 -0.942902 -0.364956 1.017258
86.086086 -0.041643 -0.954466 -0.401565 1.036337
86.186186 0.029024 -0.959893 -0.435584 1.054500
86.286286 0.099491 -0.959365 -0.466891 1.071573
86.386386 0.169335 -0.953018 -0.495357 1.087335
86.486486 0.238160 -0.941046 -0.520891 1.101642
86.586587 0.305622 -0.923766 -0.543479 1.114503
86.686687 0.371388 -0.901424 -0.563078 1.125856
86.786787 0.435126 -0.874213 -0.579626 1.135583
86.886887 0.496568 -0.842432 -0.593135 1.143713
86.986987 0.555463 -0.806372 -0.603620 1.150275
87.087087 0.611538 -0.766256 -0.611057 1.155214
87.187187 0.664487 -0.722259 -0.615386 1.158404
87.287287 0.714029 -0.674591 -0.616574 1.159774
87.387387 0.759941 -0.623522 -0.614640 1.159341
87.487487 0.802005 -0.569324 -0.609607 1.157135
87.587588 0.840033 -0.512286 -0.601516 1.153219
87.687688 0.873880 -0.452723 -0.590443 1.147714
87.787788 0.903399 -0.390943 -0.576456 1.140731
87.887888 0.928326 -0.327201 -0.559551 1.132231
87.987988 0.948322 -0.261748 -0.539685 1.122090
88.088088 0.963036 -0.194861 -0.516824 1.110187
88.188188 0.972131 -0.126863 -0.490959 1.096437
88.288288 0.975335 -0.058119 -0.462128 1.080842
88.388388 0.972313 0.010969 -0.430360 1.063355
88.488488 0.962708 0.079957 -0.395688 1.043920
88.588589 0.946182 0.148344 -0.358184 1.022528
88.688689 0.922386 0.215564 -0.317940 0.999175
88.788789 0.890993 0.280979 -0.275090 0.973906
88.888889 0.851705 0.343873 -0.229817 0.946819
88.988989 0.804179 0.403406 -0.182336 0.917980
89.089089 0.748109 0.458614 -0.132934 0.887505
89.189189 0.683273 0.508405 -0.081995 0.855605
89.289289 0.609477 0.551474 -0.030003 0.822488
89.389389 0.526693 0.586349 0.022403 0.788488
89.489489 0.435135 0.611374 0.074400 0.754093
89.589590 0.335220 0.624537 0.124914 0.719738
89.689690 0.227807 0.623562 0.172561 0.685933
89.789790 0.114454 0.606031 0.215578 0.653335
89.889890 -0.002361 0.569513 0.251785 0.622693
89.989990 -0.118953 0.512169 0.278724 0.595109
90.090090 -0.230448 0.433474 0.293981 0.572216
90.190190 -0.331074 0.334636 0.295506 0.555802
90.290290 -0.414962 0.219014 0.282150 0.547512
90.390390 -0.477245 0.092047 0.254129 0.548468
90.490490 -0.515011 -0.039660 0.213049 0.558748
90.590591 -0.527706 -0.169476 0.161579 0.577324
90.690691 -0.516831 -0.291789 0.102863 0.602359
90.790791 -0.485615 -0.402714 0.040057 0.632144
90.890891 -0.438055 -0.500175 -0.024137 0.665319
90.990991 -0.377969 -0.583413 -0.087676 0.700656
91.091091 -0.308628 -0.652422 -0.149093 0.736977
91.191191 -0.232765 -0.707703 -0.207385 0.773325
91.291291 -0.152705 -0.750287 -0.261966 0.809244
91.391391 -0.070289 -0.781329 -0.312520 0.844443
91.491491 0.013073 -0.801869 -0.358874 0.878610
91.591592 0.096278 -0.812931 -0.400985 0.911545
91.691692 0.178468 -0.815491 -0.438899 0.943138
91.791792 0.259001 -0.810511 -0.472751 0.973398
91.891892 0.337409 -0.798919 -0.502742 1.002430
91.991992 0.413329 -0.781471 -0.529041 1.030254
92.092092 0.486479 -0.758817 -0.551808 1.056862
92.192192 0.556668 -0.731574 -0.571229 1.082304
92.292292 0.623726 -0.700244 -0.587450 1.106559
92.392392 0.687472 -0.665226 -0.600565 1.129522
92.492492 0.747824 -0.626946 -0.610725 1.151211
92.592593 0.804774 -0.585837 -0.618116 1.171723
92.692693 0.858269 -0.542237 -0.622865 1.191053
92.792793 0.908281 -0.496457 -0.625094 1.209210
92.892893 0.954770 -0.448774 -0.624909 1.226171
92.992993 0.997643 -0.399413 -0.622367 1.241839
93.093093 1.036832 -0.348597 -0.617536 1.256141
93.193193 1.072288 -0.296545 -0.610489 1.269030
93.293293 1.103967 -0.243469 -0.601302 1.280463
93.393393 1.131886 -0.189581 -0.590073 1.290462
93.493493 1.156153 -0.135099 -0.576949 1.299158
93.593594 1.176844 -0.080217 -0.562048 1.306635
93.693694 1.193868 -0.025105 -0.545405 1.312790
93.793794 1.207117 0.030068 -0.527045 1.317502
93.893894 1.216577 0.085130 -0.507038 1.320756
93.993994 1.222228 0.139906 -0.485452 1.322528
94.094094 1.223983 0.194218 -0.462326 1.322725
94.194194 1.221796 0.247887 -0.437720 1.321299
94.294294 1.215695 0.300745 -0.411719 1.318284
94.394394 1.205705 0.352622 -0.384408 1.313711
94.494494 1.191846 0.403349 -0.355873 1.307605
94.594595 1.174090 0.452739 -0.326182 1.299944
94.694695 1.152367 0.500579 -0.295397 1.290654
94.794795 1.126642 0.546661 -0.263595 1.279704
94.894895 1.096902 0.590775 -0.230863 1.267086
94.994995 1.063108 0.632685 -0.197287 1.252762
95.095095 1.025262 0.672162 -0.162968 1.236739
95.195195 0.983421 0.708998 -0.128024 1.219091
95.295295 0.937584 0.742929 -0.092570 1.199824
95.395395 0.887669 0.773602 -0.056725 1.178827
95.495495 0.833576 0.800607 -0.020625 1.155961
95.595596 0.775185 0.823451 0.015567 1.131029
95.695696 0.712402 0.841596 0.051655 1.103843
95.795796 0.645222 0.854510 0.087409 1.074309
95.895896 0.573722 0.861662 0.122560 1.042420
95.995996 0.498003 0.862428 0.156787 1.008152
96.096096 0.418188 0.856039 0.189698 0.971426
96.196196 0.334491 0.841625 0.220814 0.932189
96.296296 0.247263 0.818221 0.249552 0.890449
96.396396 0.157047 0.784777 0.275207 0.846332
96.496496 0.064626 0.740011 0.296865 0.799951
96.596597 -0.028844 0.682393 0.313334 0.751446
96.696697 -0.121614 0.610412 0.323166 0.701305
96.796797 -0.211093 0.522589 0.324551 0.650379
96.896897 -0.293487 0.417712 0.315257 0.600004
96.996997 -0.363381 0.295494 0.292733 0.552318
97.097097 -0.413500 0.157640 0.254475 0.510480
97.197197 -0.435230 0.009404 0.198941 0.478634
97.297297 -0.420851 -0.139244 0.127063 0.461139
97.397397 -0.367773 -0.274941 0.043565 0.461246
97.497497 -0.281096 -0.385654 -0.043971 0.479247
97.597598 -0.171431 -0.465312 -0.128125 0.512172
97.697698 -0.050157 -0.514354 -0.203995 0.555598
97.797798 0.073952 -0.536864 -0.269454 0.605225
97.897898 0.195294 -0.537960 -0.324247 0.657781
97.997998 0.310739 -0.522465 -0.369096 0.711169
98.098098 0.418759 -0.494342 -0.405062 0.764074
98.198198 0.518635 -0.456554 -0.433129 0.815491
98.298298 0.610158 -0.411381 -0.454206 0.864772
98.398398 0.693443 -0.360646 -0.469146 0.911607
98.498498 0.768748 -0.305759 -0.478687 0.955826
98.598599 0.836326 -0.247808 -0.483421 0.997269
98.698699 0.896376 -0.187637 -0.483808 1.035745
98.798799 0.949147 -0.125954 -0.480271 1.071170
98.898899 0.994967 -0.063362 -0.473223 1.103592
98.998999 1.034162 -0.000361 -0.463030 1.133087
99.099099 1.066963 0.062626 -0.449981 1.159661
99.199199 1.093639 0.125239 -0.434355 1.183383
99.299299 1.114389 0.187156 -0.416383 1.204270
99.399399 1.129382 0.248091 -0.396267 1.222326
99.499499 1.138834 0.307793 -0.374214 1.237625
99.599600 1.142915 0.366025 -0.350404 1.250205
99.699700 1.141778 0.422570 -0.325001 1.260099
99.799800 1.135592 0.477229 -0.298169 1.267367
99.899900 1.124457 0.529789 -0.270045 1.272008
100.000000 1.108413 0.580018 -0.240751 1.273955
