0.000000 -0.392984 -0.206228 0.634450 0.774269
0.100100 -0.292832 -0.161115 0.700296 0.775966
0.200200 -0.186737 -0.112730 0.751865 0.782866
0.300300 -0.076954 -0.062115 0.788500 0.794678
0.400400 0.034280 -0.010326 0.810175 0.810965
0.500501 0.144893 0.041642 0.817410 0.831196
0.600601 0.253113 0.092921 0.811162 0.854801
0.700701 0.357506 0.142795 0.792676 0.881213
0.800801 0.456937 0.190687 0.763211 0.909749
0.900901 0.550569 0.236157 0.724076 0.939778
1.001001 0.637896 0.278923 0.676664 0.970867
1.101101 0.718662 0.318819 0.622309 1.002691
1.201201 0.792709 0.355735 0.562156 1.034869
1.301301 0.859962 0.389600 0.497205 1.067022
1.401401 0.920411 0.420382 0.428342 1.098796
1.501502 0.974163 0.448105 0.356382 1.129956
1.601602 1.021390 0.472826 0.282056 1.160327
1.701702 1.062214 0.494582 0.205983 1.189681
1.801802 1.096787 0.513427 0.128720 1.217833
1.901902 1.125315 0.529441 0.050768 1.244676
2.002002 1.147987 0.542699 -0.027425 1.270098
2.102102 1.165061 0.553311 -0.105465 1.294079
2.202202 1.176790 0.561383 -0.182998 1.316615
2.302302 1.183439 0.567031 -0.259720 1.337725
2.402402 1.185323 0.570395 -0.335375 1.357505
2.502503 1.182702 0.571591 -0.409733 1.376001
2.602603 1.175854 0.570743 -0.482604 1.393300
2.702703 1.165047 0.567972 -0.553828 1.409486
2.802803 1.150477 0.563367 -0.623238 1.424571
2.902903 1.132300 0.556994 -0.690669 1.438530
3.003003 1.110674 0.548924 -0.755971 1.451346
3.103103 1.085734 0.539215 -0.818991 1.462982
3.203203 1.057629 0.527933 -0.879596 1.473425
3.303303 1.026570 0.515176 -0.937718 1.482757
3.403403 0.992766 0.501041 -0.993305 1.491067
3.503504 0.956393 0.485608 -1.046291 1.498409
3.603604 0.917609 0.468949 -1.096609 1.504816
3.703704 0.876560 0.451133 -1.144188 1.510313
3.803804 0.833397 0.432226 -1.188972 1.514934
3.903904 0.788269 0.412300 -1.230918 1.518723
4.004004 0.741318 0.391419 -1.269980 1.521713
4.104104 0.692679 0.369646 -1.306109 1.523930
4.204204 0.642468 0.347031 -1.339228 1.525361
4.304304 0.590780 0.323618 -1.369221 1.525947
4.404404 0.537742 0.299464 -1.396036 1.525700
4.504505 0.483483 0.274628 -1.419622 1.524632
4.604605 0.428109 0.249156 -1.439869 1.522688
4.704705 0.371735 0.223099 -1.456680 1.519827
4.804805 0.314483 0.196514 -1.469968 1.516022
4.904905 0.256491 0.169462 -1.479698 1.511294
5.005005 0.197899 0.142010 -1.485851 1.505684
5.105105 0.138848 0.114224 -1.488408 1.499228
5.205205 0.079481 0.086171 -1.487350 1.491963
5.305305 0.019939 0.057916 -1.482640 1.483905
5.405405 -0.039631 0.029525 -1.474214 1.475042
5.505506 -0.099079 0.001069 -1.462015 1.465369
5.605606 -0.158250 -0.027380 -1.446027 1.454918
5.705706 -0.216982 -0.055747 -1.426229 1.443717
5.805806 -0.275103 -0.083952 -1.402557 1.431745
5.905906 -0.332416 -0.111907 -1.374882 1.418917
6.006006 -0.388716 -0.139517 -1.343112 1.405174
6.106106 -0.443784 -0.166683 -1.307168 1.390473
6.206206 -0.497390 -0.193298 -1.266985 1.374777
6.306306 -0.549316 -0.219257 -1.222585 1.358137
6.406406 -0.599358 -0.244463 -1.174047 1.340663
6.506507 -0.647330 -0.268822 -1.121501 1.322523
6.606607 -0.693017 -0.292232 -1.065047 1.303840
6.706707 -0.736148 -0.314562 -1.004709 1.284641
6.806807 -0.776433 -0.335674 -0.940528 1.264958
6.906907 -0.813582 -0.355430 -0.872591 1.244854
7.007007 -0.847258 -0.373667 -0.800966 1.224344
7.107107 -0.877084 -0.390204 -0.725741 1.203427
7.207207 -0.902721 -0.404877 -0.647084 1.182179
7.307307 -0.923805 -0.417507 -0.565201 1.160680
7.407407 -0.939978 -0.427916 -0.480346 1.139036
7.507508 -0.950915 -0.435940 -0.392848 1.117413
7.607608 -0.956194 -0.441370 -0.303050 1.095881
7.707708 -0.955412 -0.444000 -0.211364 1.074533
7.807808 -0.948253 -0.443666 -0.118300 1.053574
7.907908 -0.934341 -0.440171 -0.024431 1.033122
8.008008 -0.913268 -0.433301 0.069589 1.013237
8.108108 -0.884740 -0.422893 0.163005 0.994069
8.208208 -0.848527 -0.408811 0.254966 0.975772
8.308308 -0.804447 -0.390937 0.344522 0.958469
8.408408 -0.752524 -0.369250 0.430679 0.942402
8.508509 -0.692942 -0.343804 0.512411 0.927865
8.608609 -0.625933 -0.314671 0.588600 0.915019
8.708709 -0.551842 -0.281976 0.658076 0.903938
8.808809 -0.471182 -0.245922 0.719655 0.894647
8.908909 -0.384708 -0.206832 0.772293 0.887252
9.009009 -0.293377 -0.165128 0.815103 0.881890
9.109109 -0.198287 -0.121306 0.847382 0.878686
9.209209 -0.100641 -0.075915 0.868594 0.877694
9.309309 -0.001708 -0.029546 0.878482 0.878980
9.409409 0.097224 0.017189 0.877180 0.882719
9.509510 0.194916 0.063696 0.864921 0.888897
9.609610 0.290189 0.109410 0.842039 0.897335
9.709710 0.381954 0.153798 0.809048 0.907800
9.809810 0.469188 0.196360 0.766522 0.919919
9.909910 0.550992 0.236648 0.715167 0.933305
10.010010 0.626697 0.274316 0.655925 0.947753
10.110110 0.695828 0.309105 0.589832 0.963132
10.210210 0.757941 0.340776 0.517821 0.979153
10.310310 0.812605 0.369097 0.440750 0.995399
10.410410 0.859631 0.393947 0.359558 1.011653
10.510511 0.899029 0.415301 0.275198 1.027844
10.610611 0.930797 0.433130 0.188527 1.043804
10.710711 0.954977 0.447427 0.100342 1.059358
10.810811 0.971708 0.458233 0.011396 1.074394
10.910911 0.981205 0.465627 -0.077612 1.088851
11.011011 0.983749 0.469721 -0.166048 1.102711
11.111111 0.979674 0.470654 -0.253345 1.116002
11.211211 0.969313 0.468566 -0.338993 1.128733
11.311311 0.952914 0.463558 -0.422503 1.140807
11.411411 0.930751 0.455746 -0.503432 1.152148
11.511512 0.903170 0.445280 -0.581405 1.162765
11.611612 0.870526 0.432316 -0.656092 1.172676
11.711712 0.833129 0.416992 -0.727166 1.181844
11.811812 0.791278 0.399437 -0.794323 1.190218
11.911912 0.745347 0.379822 -0.857354 1.197858
12.012012 0.695741 0.358332 -0.916123 1.204881
12.112112 0.642819 0.335134 -0.970490 1.211356
12.212212 0.586932 0.310388 -1.020341 1.217344
12.312312 0.528384 0.284234 -1.065519 1.222829
12.412412 0.467497 0.256820 -1.105933 1.227843
12.512513 0.404633 0.228319 -1.141618 1.232538
12.612613 0.340123 0.198886 -1.172591 1.237016
12.712713 0.274234 0.168644 -1.198726 1.241205
12.812813 0.207224 0.137709 -1.219861 1.244977
12.912913 0.139378 0.106215 -1.235945 1.248306
13.013013 0.070977 0.074291 -1.246892 1.251118
13.113113 0.002299 0.042064 -1.252586 1.253294
13.213213 -0.066366 0.009669 -1.252954 1.254747
13.313313 -0.134727 -0.022757 -1.247998 1.255456
13.413413 -0.202496 -0.055076 -1.237770 1.255433
13.513514 -0.269396 -0.087154 -1.222357 1.254722
13.613614 -0.335142 -0.118855 -1.201818 1.253321
13.713714 -0.399435 -0.150038 -1.176152 1.251157
13.813814 -0.461965 -0.180557 -1.145371 1.248153
13.913914 -0.522409 -0.210258 -1.109479 1.244212
14.014014 -0.580460 -0.238995 -1.068561 1.239304
14.114114 -0.635828 -0.266625 -1.022752 1.233445
14.214214 -0.688211 -0.293002 -0.972187 1.226635
14.314314 -0.737281 -0.317966 -0.916985 1.218831
14.414414 -0.782712 -0.341361 -0.857296 1.210009
14.514515 -0.824238 -0.363051 -0.793367 1.200252
14.614615 -0.861615 -0.382912 -0.725477 1.189671
14.714715 -0.894498 -0.400775 -0.653840 1.178242
14.814815 -0.922527 -0.416463 -0.578688 1.165923
14.914915 -0.945336 -0.429792 -0.500295 1.152682
15.015015 -0.962591 -0.440595 -0.418993 1.138534
15.115115 -0.974005 -0.448724 -0.335181 1.123559
15.215215 -0.979306 -0.454036 -0.249295 1.107853
15.315315 -0.978243 -0.456396 -0.161820 1.091532
15.415415 -0.970506 -0.455642 -0.073274 1.074645
15.515516 -0.955891 -0.451657 0.015762 1.057341
15.615616 -0.934297 -0.444373 0.104653 1.039871
15.715716 -0.905614 -0.433717 0.192716 1.022441
15.815816 -0.869707 -0.419600 0.279206 1.005191
15.915916 -0.826550 -0.401984 0.363335 0.988327
16.016016 -0.776239 -0.380887 0.444282 0.972116
16.116116 -0.718834 -0.356309 0.521125 0.956687
16.216216 -0.654449 -0.328269 0.592862 0.942098
16.316316 -0.583419 -0.296894 0.658533 0.928542
16.416416 -0.506288 -0.262413 0.717268 0.916330
16.516517 -0.423723 -0.225113 0.768249 0.905773
16.616617 -0.336447 -0.185308 0.810610 0.897009
16.716717 -0.245247 -0.143339 0.843419 0.889970
16.816817 -0.151083 -0.099634 0.865922 0.884632
16.916917 -0.055080 -0.054710 0.877716 0.881143
17.017017 0.041576 -0.009124 0.878675 0.879705
17.117117 0.137692 0.036561 0.868819 0.880422
17.217217 0.232093 0.081786 0.848304 0.883276
17.317317 0.323656 0.126007 0.817512 0.888233
17.417417 0.411349 0.168720 0.777009 0.895219
17.517518 0.494311 0.209490 0.727607 0.904235
17.617618 0.571842 0.247958 0.670249 0.915271
17.717718 0.643313 0.283797 0.605823 0.928124
17.817818 0.708188 0.316725 0.535217 0.942498
17.917918 0.766101 0.346539 0.459374 0.958136
18.018018 0.816843 0.373108 0.379256 0.974822
18.118118 0.860408 0.396399 0.295825 0.992444
18.218218 0.896914 0.416436 0.209988 1.010924
18.318318 0.926446 0.433235 0.122541 1.030053
18.418418 0.949156 0.446843 0.034213 1.049636
18.518519 0.965188 0.457306 -0.054332 1.069425
18.618619 0.974762 0.464709 -0.142494 1.089229
18.718719 0.978248 0.469209 -0.229745 1.109013
18.818819 0.975977 0.470946 -0.315620 1.128688
18.918919 0.968224 0.470038 -0.399700 1.148109
19.019019 0.955318 0.466627 -0.481630 1.167193
19.119119 0.937654 0.460891 -0.561138 1.185956
19.219219 0.915583 0.452989 -0.637984 1.204373
19.319319 0.889358 0.443030 -0.711907 1.222311
19.419419 0.859229 0.431126 -0.782678 1.239649
19.519520 0.825516 0.417423 -0.850156 1.256377
19.619620 0.788547 0.402072 -0.914252 1.272527
19.719720 0.748597 0.385199 -0.974858 1.288070
19.819820 0.705937 0.366932 -1.031903 1.303000
19.919920 0.660848 0.347401 -1.085360 1.317351
20.020020 0.613585 0.326725 -1.135208 1.331140
20.120120 0.564402 0.305026 -1.181463 1.344412
20.220220 0.513532 0.282414 -1.224140 1.357200
20.320320 0.461196 0.258994 -1.263270 1.369537
20.420420 0.407603 0.234866 -1.298903 1.381467
20.520521 0.352930 0.210113 -1.331023 1.392957
20.620621 0.297326 0.184804 -1.359551 1.403899
20.720721 0.240940 0.159005 -1.384409 1.414186
20.820821 0.183930 0.132791 -1.405570 1.423759
20.920921 0.126455 0.106236 -1.423020 1.432572
21.021021 0.068667 0.079411 -1.436726 1.440556
21.121121 0.010717 0.052384 -1.446612 1.447599
21.221221 -0.047243 0.025228 -1.452687 1.453674
21.321321 -0.105063 -0.001983 -1.455049 1.458838
21.421421 -0.162596 -0.029180 -1.453719 1.463074
21.521522 -0.219699 -0.056294 -1.448712 1.466357
21.621622 -0.276234 -0.083258 -1.440086 1.468702
21.721722 -0.332070 -0.110008 -1.427921 1.470146
21.821822 -0.387075 -0.136480 -1.412270 1.470701
21.921922 -0.441115 -0.162610 -1.393169 1.470356
22.022022 -0.494071 -0.188338 -1.370709 1.469157
22.122122 -0.545815 -0.213602 -1.344946 1.467113
22.222222 -0.596214 -0.238337 -1.315919 1.464212
22.322322 -0.645129 -0.262478 -1.283668 1.460441
22.422422 -0.692456 -0.285972 -1.248298 1.455858
22.522523 -0.738095 -0.308767 -1.209927 1.450533
22.622623 -0.781895 -0.330791 -1.168582 1.444426
22.722723 -0.823702 -0.351971 -1.124294 1.437500
22.822823 -0.863351 -0.372228 -1.077098 1.429710
22.922923 -0.900708 -0.391496 -1.027074 1.421065
23.023023 -0.935682 -0.409726 -0.974364 1.411652
23.123123 -0.968182 -0.426872 -0.919108 1.401555
23.223223 -0.998087 -0.442874 -0.861419 1.390812
23.323323 -1.025265 -0.457664 -0.801404 1.379446
23.423423 -1.049563 -0.471168 -0.739167 1.367461
23.523524 -1.070784 -0.483289 -0.674791 1.354802
23.623624 -1.088657 -0.493899 -0.608335 1.341336
23.723724 -1.102846 -0.502836 -0.539849 1.326857
23.823824 -1.113116 -0.509986 -0.469470 1.311303
23.923924 -1.119275 -0.515251 -0.397384 1.294671
24.024024 -1.121131 -0.518534 -0.323796 1.276972
24.124124 -1.118509 -0.519746 -0.248942 1.258241
24.224224 -1.111197 -0.518777 -0.173070 1.238484
24.324324 -1.098941 -0.515499 -0.096456 1.217667
24.424424 -1.081437 -0.509758 -0.019410 1.195715
24.524525 -1.058479 -0.501446 0.057707 1.172670
24.624625 -1.029875 -0.490458 0.134486 1.148599
24.724725 -0.995363 -0.476655 0.210463 1.123496
24.824825 -0.954690 -0.459901 0.285104 1.097373
24.924925 -0.907615 -0.440062 0.357798 1.070252
25.025025 -0.853883 -0.416994 0.427829 1.042132
25.125125 -0.793263 -0.390561 0.494367 1.013017
25.225225 -0.725662 -0.360689 0.556511 0.983049
25.325325 -0.651090 -0.327350 0.613257 0.952450
25.425425 -0.569578 -0.290521 0.663403 0.921371
25.525526 -0.481362 -0.250269 0.705674 0.890124
25.625626 -0.386884 -0.206759 0.738670 0.859106
25.725726 -0.286779 -0.160238 0.760806 0.828700
25.825826 -0.182023 -0.111112 0.770430 0.799401
25.925926 -0.073977 -0.059969 0.765840 0.771738
26.026026 0.035525 -0.007621 0.745446 0.746331
26.126126 0.144140 0.044867 0.707963 0.723879
26.226226 0.249051 0.096190 0.652653 0.705149
26.326326 0.347157 0.144879 0.579683 0.691043
26.426426 0.435325 0.189417 0.490229 0.682431
26.526527 0.510809 0.228435 0.386541 0.680090
26.626627 0.571426 0.260802 0.271644 0.684351
26.726727 0.615718 0.285719 0.149001 0.694943
26.826827 0.643180 0.302825 0.022289 0.711253
26.926927 0.654280 0.312228 -0.105006 0.732526
27.027027 0.650193 0.314385 -0.229874 0.757912
27.127127 0.632480 0.309953 -0.349940 0.786486
27.227227 0.603031 0.299770 -0.463530 0.817538
27.327327 0.563808 0.284729 -0.569619 0.850539
27.427427 0.516577 0.265644 -0.667620 0.884949
27.527528 0.462887 0.243238 -0.757271 0.920265
27.627628 0.404091 0.218148 -0.838556 0.956062
27.727728 0.341332 0.190918 -0.911594 0.991948
27.827828 0.275611 0.162030 -0.976694 1.027690
27.927928 0.207771 0.131895 -1.034239 1.063116
28.028028 0.138480 0.100835 -1.084466 1.097912
28.128128 0.068301 0.069126 -1.127627 1.131806
28.228228 -0.002267 0.037013 -1.164071 1.164661
28.328328 -0.072805 0.004703 -1.194047 1.196273
28.428428 -0.142944 -0.027623 -1.217787 1.226459
28.528529 -0.212361 -0.059804 -1.235534 1.255077
28.628629 -0.280779 -0.091701 -1.247573 1.282062
28.728729 -0.347970 -0.123194 -1.254239 1.307430
28.828829 -0.413718 -0.154174 -1.255777 1.331130
28.928929 -0.477832 -0.184544 -1.252414 1.353115
29.029029 -0.540158 -0.214220 -1.244414 1.373400
29.129129 -0.600554 -0.243131 -1.232017 1.391992
29.229229 -0.658873 -0.271198 -1.215401 1.408851
29.329329 -0.714984 -0.298356 -1.194753 1.423957
29.429429 -0.768799 -0.324554 -1.170303 1.437358
29.529530 -0.820256 -0.349756 -1.142297 1.449134
29.629630 -0.869301 -0.373928 -1.110964 1.459366
29.729730 -0.915872 -0.397035 -1.076502 1.468099
29.829830 -0.959903 -0.419040 -1.039082 1.475364
29.929930 -1.001304 -0.439896 -0.998845 1.481152
30.030030 -1.039947 -0.459540 -0.955884 1.485389
30.130130 -1.075730 -0.477918 -0.910321 1.488047
30.230230 -1.108553 -0.494981 -0.862280 1.489101
30.330330 -1.138285 -0.510663 -0.811861 1.488486
30.430430 -1.164827 -0.524913 -0.759191 1.486178
30.530531 -1.188068 -0.537674 -0.704394 1.482151
30.630631 -1.207875 -0.548881 -0.647585 1.476346
30.730731 -1.224090 -0.558454 -0.588874 1.468687
30.830831 -1.236562 -0.566320 -0.528387 1.459108
30.930931 -1.245188 -0.572422 -0.466278 1.447610
31.031031 -1.249836 -0.576696 -0.402704 1.434168
31.131131 -1.250339 -0.579056 -0.337817 1.418723
31.231231 -1.246540 -0.579423 -0.271792 1.401237
31.331331 -1.238276 -0.577714 -0.204817 1.381677
31.431431 -1.225391 -0.573848 -0.137101 1.360029
31.531532 -1.207761 -0.567759 -0.068877 1.336331
31.631632 -1.185262 -0.559381 -0.000400 1.310631
31.731732 -1.157763 -0.548642 0.068054 1.282986
31.831832 -1.125073 -0.535443 0.136176 1.253408
31.931932 -1.087030 -0.519695 0.203624 1.221958
32.032032 -1.043515 -0.501329 0.270018 1.188766
32.132132 -0.994343 -0.480245 0.334919 1.153917
32.232232 -0.939287 -0.456319 0.397804 1.117468
32.332332 -0.878082 -0.429403 0.458049 1.079455
32.432432 -0.810476 -0.399357 0.514913 1.039948
32.532533 -0.736168 -0.366006 0.567470 0.998963
32.632633 -0.654970 -0.329228 0.614663 0.956654
32.732733 -0.566922 -0.289004 0.655368 0.913472
32.832833 -0.472134 -0.245342 0.688196 0.869895
32.932933 -0.370869 -0.198311 0.711480 0.826484
33.033033 -0.263685 -0.148110 0.723248 0.783935
33.133133 -0.151585 -0.095140 0.721303 0.743174
33.233233 -0.036226 -0.040109 0.703389 0.705462
33.333333 0.079964 0.015906 0.667378 0.672339
33.433433 0.193673 0.071396 0.611610 0.645503
33.533534 0.300718 0.124417 0.535201 0.626379
33.633634 0.396458 0.172754 0.438861 0.616135
33.733734 0.476630 0.214305 0.325370 0.615604
33.833834 0.538111 0.247451 0.199138 0.624861
33.933934 0.579499 0.271358 0.065440 0.643223
34.034034 0.600986 0.285948 -0.070544 0.669273
34.134134 0.603991 0.291746 -0.204411 0.701217
34.234234 0.590827 0.289735 -0.332859 0.737440
34.334334 0.564013 0.281032 -0.453657 0.776463
34.434434 0.526055 0.266778 -0.565532 0.817148
34.534535 0.479253 0.248039 -0.667920 0.858676
34.634635 0.425520 0.225713 -0.760662 0.900345
34.734735 0.366505 0.200586 -0.843969 0.941724
34.834835 0.303572 0.173314 -0.918245 0.982532
34.934935 0.237821 0.144433 -0.983972 1.022556
35.035035 0.170146 0.114382 -1.041700 1.061684
35.135135 0.101261 0.083514 -1.091938 1.099799
35.235235 0.031736 0.052114 -1.135117 1.136755
35.335335 -0.037958 0.020417 -1.171685 1.172477
35.435435 -0.107438 -0.011379 -1.202103 1.206948
35.535536 -0.176387 -0.043113 -1.226765 1.240130
35.635636 -0.244533 -0.074647 -1.245970 1.271931
35.735736 -0.311647 -0.105863 -1.260008 1.302287
35.835836 -0.377544 -0.136663 -1.269197 1.331194
35.935936 -0.442083 -0.166969 -1.273878 1.358706
36.036036 -0.505158 -0.196721 -1.274394 1.384906
36.136136 -0.566666 -0.225861 -1.271006 1.409816
36.236236 -0.626504 -0.254334 -1.263917 1.433415
36.336336 -0.684582 -0.282091 -1.253318 1.455690
36.436436 -0.740837 -0.309096 -1.239418 1.476664
36.536537 -0.795225 -0.335321 -1.222429 1.496380
36.636637 -0.847683 -0.360731 -1.202507 1.514833
36.736737 -0.898145 -0.385290 -1.179784 1.531993
36.836837 -0.946572 -0.408975 -1.154418 1.547882
36.936937 -0.992967 -0.431782 -1.126601 1.562578
37.037037 -1.037333 -0.453705 -1.096509 1.576147
37.137137 -1.079661 -0.474737 -1.064289 1.588633
37.237237 -1.119910 -0.494853 -1.030046 1.600023
37.337337 -1.157987 -0.514008 -0.993829 1.610228
37.437437 -1.193843 -0.532177 -0.955730 1.619226
37.537538 -1.227448 -0.549342 -0.915853 1.627019
37.637638 -1.258770 -0.565484 -0.874295 1.633605
37.737738 -1.287763 -0.580579 -0.831141 1.638963
37.837838 -1.314340 -0.594585 -0.786451 1.643024
37.937938 -1.338484 -0.607489 -0.740326 1.645802
38.038038 -1.360254 -0.619315 -0.692907 1.647411
38.138138 -1.379684 -0.630074 -0.644317 1.647928
38.238238 -1.396708 -0.639735 -0.594625 1.647311
38.338338 -1.411246 -0.648256 -0.543895 1.645500
38.438438 -1.423285 -0.655628 -0.492221 1.642519
38.538539 -1.432842 -0.661857 -0.439708 1.638424
38.638639 -1.439921 -0.666940 -0.386455 1.633257
38.738739 -1.444531 -0.670879 -0.332558 1.627066
38.838839 -1.446711 -0.673689 -0.278121 1.619932
38.938939 -1.446459 -0.675365 -0.223236 1.611893
39.039039 -1.443743 -0.675891 -0.167990 1.602948
39.139139 -1.438510 -0.675237 -0.112471 1.593080
39.239239 -1.430661 -0.673355 -0.056768 1.582220
39.339339 -1.420151 -0.670220 -0.000978 1.570359
39.439439 -1.406966 -0.665822 0.054793 1.557522
39.539540 -1.391079 -0.660145 0.110440 1.543726
39.639640 -1.372433 -0.653157 0.165846 1.528952
39.739740 -1.350951 -0.644819 0.220889 1.513159
39.839840 -1.326559 -0.635092 0.275436 1.496317
39.939940 -1.299142 -0.623915 0.329332 1.478344
40.040040 -1.268592 -0.611234 0.382412 1.459168
40.140140 -1.234834 -0.597005 0.434503 1.438758
40.240240 -1.197815 -0.581200 0.485423 1.417106
40.340340 -1.157422 -0.563756 0.534951 1.394138
40.440440 -1.113547 -0.544616 0.582845 1.369782
40.540541 -1.066164 -0.523759 0.628878 1.344067
40.640641 -1.015240 -0.501162 0.672795 1.317015
40.740741 -0.960771 -0.476814 0.714335 1.288684
40.840841 -0.902737 -0.450695 0.753194 1.259112
40.940941 -0.841057 -0.422756 0.788977 1.228244
41.041041 -0.775639 -0.392936 0.821217 1.195998
41.141141 -0.706460 -0.361210 0.849436 1.162369
41.241241 -0.633540 -0.327569 0.873112 1.127386
41.341341 -0.556903 -0.292005 0.891613 1.091046
41.441441 -0.476682 -0.254559 0.904319 1.053479
41.541542 -0.393049 -0.215290 0.910478 1.014794
41.641642 -0.306250 -0.174282 0.909210 0.975103
41.741742 -0.216691 -0.131701 0.899629 0.934683
41.841842 -0.124935 -0.087778 0.880731 0.893869
41.941942 -0.031739 -0.042831 0.851318 0.852986
42.042042 0.061838 0.002681 0.810155 0.812516
42.142142 0.154370 0.048120 0.756121 0.773217
42.242242 0.243994 0.092640 0.688215 0.736040
42.342342 0.328322 0.135141 0.605634 0.702033
42.442442 0.404533 0.174295 0.508259 0.672572
42.542543 0.469459 0.208581 0.396870 0.649156
42.642643 0.519694 0.236336 0.273199 0.632910
42.742743 0.552515 0.256170 0.140440 0.624995
42.842843 0.566520 0.267278 0.002934 0.626412
42.942943 0.561540 0.269429 -0.134659 0.637223
43.043043 0.538577 0.262952 -0.267947 0.656509
43.143143 0.499708 0.248710 -0.393359 0.682859
43.243243 0.447748 0.227955 -0.508518 0.714866
43.343343 0.385560 0.201994 -0.612105 0.751086
43.443443 0.315774 0.172053 -0.703680 0.790241
43.543544 0.240642 0.139201 -0.783372 0.831238
43.643644 0.161999 0.104320 -0.851672 0.873196
43.743744 0.081346 0.068144 -0.909423 0.915593
43.843844 -0.000161 0.031254 -0.957644 0.958154
43.943944 -0.081661 -0.005911 -0.997365 1.000720
44.044044 -0.162525 -0.043027 -1.029438 1.043077
44.144144 -0.242265 -0.079841 -1.054485 1.084899
44.244244 -0.320519 -0.116164 -1.073119 1.125971
44.344344 -0.397060 -0.151865 -1.086063 1.166299
44.444444 -0.471706 -0.186839 -1.093873 1.205808
44.544545 -0.544298 -0.220998 -1.096960 1.244356
44.644645 -0.614726 -0.254278 -1.095725 1.281857
44.744745 -0.682918 -0.286632 -1.090539 1.318260
44.844845 -0.748818 -0.318022 -1.081725 1.353512
44.944945 -0.812419 -0.348435 -1.069620 1.387631
45.045045 -0.873725 -0.377863 -1.054522 1.420631
45.145145 -0.932713 -0.406287 -1.036655 1.452473
45.245245 -0.989426 -0.433720 -1.016283 1.483209
45.345345 -1.043896 -0.460168 -0.993634 1.512872
45.445445 -1.096124 -0.485628 -0.968874 1.541440
45.545546 -1.146192 -0.510130 -0.942227 1.569006
45.645646 -1.194197 -0.533713 -0.913907 1.595676
45.745746 -1.240178 -0.556390 -0.884059 1.621472
45.845846 -1.284206 -0.578191 -0.852840 1.646459
45.945946 -1.326349 -0.599142 -0.820390 1.670693
46.046046 -1.366600 -0.619238 -0.786790 1.694134
46.146146 -1.404979 -0.638486 -0.752132 1.716780
46.246246 -1.441502 -0.656888 -0.716499 1.738620
46.346346 -1.476180 -0.674450 -0.679969 1.759645
46.446446 -1.509070 -0.691194 -0.642634 1.779894
46.546547 -1.540201 -0.707132 -0.604568 1.799377
46.646647 -1.569585 -0.722267 -0.565834 1.818085
46.746747 -1.597232 -0.736603 -0.526492 1.836009
46.846847 -1.623156 -0.750143 -0.486600 1.853141
46.946947 -1.647380 -0.762897 -0.446215 1.869486
47.047047 -1.669941 -0.774880 -0.405397 1.885070
47.147147 -1.690855 -0.786099 -0.364196 1.899890
47.247247 -1.710156 -0.796567 -0.322665 1.913966
47.347347 -1.727906 -0.806312 -0.280857 1.927350
47.447447 -1.744140 -0.815349 -0.238820 1.940065
47.547548 -1.758895 -0.823694 -0.196596 1.952136
47.647648 -1.772223 -0.831370 -0.154229 1.963603
47.747748 -1.784186 -0.838405 -0.111759 1.974521
47.847848 -1.794821 -0.844816 -0.069222 1.984915
47.947948 -1.804116 -0.850596 -0.026650 1.994758
48.048048 -1.812022 -0.855720 0.015927 2.003980
48.148148 -1.818475 -0.860158 0.058474 2.012496
48.248248 -1.823466 -0.863903 0.100958 2.020284
48.348348 -1.827014 -0.866964 0.143347 2.027352
48.448448 -1.829089 -0.869326 0.185603 2.033652
48.548549 -1.829674 -0.870979 0.227693 2.039156
48.648649 -1.828790 -0.871932 0.269584 2.043872
48.748749 -1.826433 -0.872183 0.311241 2.047787
48.848849 -1.822615 -0.871735 0.352634 2.050901
48.948949 -1.817368 -0.870603 0.393734 2.053242
49.049049 -1.810691 -0.868786 0.434508 2.054796
49.149149 -1.802610 -0.866295 0.474930 2.055585
49.249249 -1.793157 -0.863143 0.514973 2.055633
49.349349 -1.782322 -0.859326 0.554604 2.054920
49.449449 -1.770095 -0.854837 0.593784 2.053427
49.549550 -1.756473 -0.849674 0.632481 2.051140
49.649650 -1.741471 -0.843843 0.670663 2.048068
49.749750 -1.725091 -0.837343 0.708298 2.044204
49.849850 -1.707365 -0.830190 0.745364 2.039578
49.949950 -1.688346 -0.822408 0.781849 2.034245
50.050050 -1.668061 -0.814008 0.817729 2.028230
50.150150 -1.646526 -0.804998 0.852980 2.021545
50.250250 -1.623727 -0.795368 0.887558 2.014164
50.350350 -1.599641 -0.785108 0.921414 2.006053
50.450450 -1.574259 -0.774212 0.954506 1.997192
50.550551 -1.547600 -0.762687 0.986806 1.987597
50.650651 -1.519674 -0.750536 1.018278 1.977272
50.750751 -1.490458 -0.737748 1.048867 1.966179
50.850851 -1.459957 -0.724324 1.078532 1.954316
50.950951 -1.428164 -0.710257 1.107223 1.941664
51.051051 -1.395065 -0.695541 1.134882 1.928196
51.151151 -1.360656 -0.680171 1.161454 1.913895
51.251251 -1.324936 -0.664144 1.186886 1.898748
51.351351 -1.287921 -0.647468 1.211137 1.882766
51.451451 -1.249644 -0.630157 1.234178 1.865986
51.551552 -1.210121 -0.612216 1.255967 1.848420
51.651652 -1.169378 -0.593658 1.276466 1.830093
51.751752 -1.127426 -0.574485 1.295620 1.811009
51.851852 -1.084240 -0.554682 1.313332 1.791114
51.951952 -1.039785 -0.534230 1.329480 1.770331
52.052052 -0.994047 -0.513117 1.343959 1.748612
52.152152 -0.947050 -0.491354 1.356710 1.725976
52.252252 -0.898802 -0.468940 1.367637 1.702404
52.352352 -0.849309 -0.445876 1.376641 1.677878
52.452452 -0.798591 -0.422168 1.383625 1.652390
52.552553 -0.746644 -0.397809 1.388444 1.625886
52.652653 -0.693484 -0.372802 1.390970 1.598343
52.752753 -0.639131 -0.347153 1.391064 1.569733
52.852853 -0.583589 -0.320856 1.388525 1.539976
52.952953 -0.526842 -0.293895 1.383067 1.508911
53.053053 -0.468903 -0.266268 1.374429 1.476423
53.153153 -0.409826 -0.237992 1.362395 1.442470
53.253253 -0.349684 -0.209096 1.346751 1.407032
53.353353 -0.288573 -0.179618 1.327298 1.370131
53.453453 -0.226605 -0.149602 1.303801 1.331777
53.553554 -0.163902 -0.119098 1.275948 1.291933
53.653654 -0.100621 -0.088168 1.243427 1.250604
53.753754 -0.036959 -0.056894 1.205885 1.207792
53.853854 0.026846 -0.025373 1.162860 1.163447
53.953954 0.090482 0.006266 1.113789 1.117476
54.054054 0.153544 0.037853 1.058021 1.069774
54.154154 0.215498 0.069159 0.994861 1.020279
54.254254 0.275649 0.099880 0.923558 0.968978
54.354354 0.333110 0.129622 0.843398 0.916015
54.454454 0.386735 0.157866 0.753664 0.861682
54.554555 0.435009 0.183922 0.653646 0.806420
54.654655 0.475963 0.206878 0.542773 0.750960
54.754755 0.506969 0.225504 0.420727 0.696334
54.854855 0.524545 0.238150 0.287734 0.643937
54.954955 0.524484 0.242781 0.145293 0.595933
55.055055 0.502178 0.237106 -0.003042 0.555348
55.155155 0.453434 0.218939 -0.150912 0.525653
55.255255 0.376574 0.187188 -0.289170 0.510360
55.355355 0.274311 0.142804 -0.407784 0.511788
55.455455 0.153678 0.088862 -0.499224 0.529847
55.555556 0.023738 0.029561 -0.561129 0.562408
55.655656 -0.107559 -0.031281 -0.595511 0.605955
55.755756 -0.234772 -0.090964 -0.606407 0.656599
55.855856 -0.354901 -0.147914 -0.598644 0.711483
55.955956 -0.466762 -0.201423 -0.576771 0.768832
56.056056 -0.570143 -0.251275 -0.544347 0.827355
56.156156 -0.665320 -0.297513 -0.504054 0.886135
56.256256 -0.752698 -0.340263 -0.457844 0.944433
56.356356 -0.832800 -0.379725 -0.407205 1.001779
56.456456 -0.906324 -0.416187 -0.353353 1.058061
56.556557 -0.973915 -0.449925 -0.297197 1.113225
56.656657 -1.036059 -0.481145 -0.239393 1.167145
56.756757 -1.093233 -0.510057 -0.180454 1.219787
56.856857 -1.145937 -0.536883 -0.120791 1.271222
56.956957 -1.194560 -0.561797 -0.060715 1.321467
57.057057 -1.239398 -0.584929 -0.000464 1.370492
57.157157 -1.280731 -0.606407 0.059772 1.418300
57.257257 -1.318809 -0.626344 0.119839 1.464897
57.357357 -1.353789 -0.644808 0.179607 1.510226
57.457457 -1.385856 -0.661884 0.238971 1.554283
57.557558 -1.415196 -0.677658 0.297847 1.597095
57.657658 -1.441984 -0.692209 0.356170 1.638697
57.757758 -1.466400 -0.705620 0.413889 1.679146
57.857858 -1.488615 -0.717972 0.470970 1.718508
57.957958 -1.508773 -0.729332 0.527383 1.756830
58.058058 -1.526994 -0.739754 0.583103 1.794144
58.158158 -1.543379 -0.749287 0.638104 1.830472
58.258258 -1.557985 -0.757955 0.692351 1.865787
58.358358 -1.570873 -0.765787 0.745819 1.900084
58.458458 -1.582131 -0.772823 0.798495 1.933387
58.558559 -1.591832 -0.779099 0.850368 1.965719
58.658659 -1.600060 -0.784653 0.901437 1.997113
58.758759 -1.606878 -0.789515 0.951695 2.027588
58.858859 -1.612345 -0.793712 1.001135 2.057160
58.958959 -1.616549 -0.797288 1.049774 2.085886
59.059059 -1.619532 -0.800260 1.097602 2.113771
59.159159 -1.621330 -0.802647 1.144610 2.140814
59.259259 -1.621985 -0.804467 1.190794 2.167024
59.359359 -1.621536 -0.805739 1.236149 2.192410
59.459459 -1.620044 -0.806492 1.280692 2.217012
59.559560 -1.617543 -0.806742 1.324419 2.240840
59.659660 -1.614062 -0.806503 1.367327 2.263896
59.759760 -1.609653 -0.805799 1.409429 2.286216
59.859860 -1.604375 -0.804661 1.450754 2.307853
59.959960 -1.598287 -0.803114 1.491328 2.328857
60.060060 -1.591448 -0.801191 1.531183 2.349283
60.160160 -1.583921 -0.798920 1.570357 2.369198
60.260260 -1.575728 -0.796312 1.608853 2.388606
60.360360 -1.566886 -0.793376 1.646667 2.407507
60.460460 -1.557420 -0.790124 1.683808 2.425915
60.560561 -1.547349 -0.786564 1.720275 2.443833
60.660661 -1.536699 -0.782709 1.756078 2.461277
60.760761 -1.525495 -0.778571 1.791229 2.478267
60.860861 -1.513751 -0.774157 1.825727 2.494802
60.960961 -1.501472 -0.769468 1.859559 2.510868
61.061061 -1.488678 -0.764516 1.892734 2.526477
61.161161 -1.475380 -0.759303 1.925249 2.541628
61.261261 -1.461605 -0.753845 1.957120 2.556343
61.361361 -1.447401 -0.748164 1.988396 2.570688
61.461461 -1.432791 -0.742273 2.019094 2.584685
61.561562 -1.417799 -0.736184 2.049232 2.598359
61.661662 -1.402443 -0.729904 2.078823 2.611726
61.761762 -1.386730 -0.723438 2.107863 2.624780
61.861862 -1.370666 -0.716789 2.136349 2.637517
61.961962 -1.354243 -0.709951 2.164252 2.649904
62.062062 -1.337450 -0.702918 2.191541 2.661902
62.162162 -1.320299 -0.695696 2.218219 2.673514
62.262262 -1.302811 -0.688296 2.244311 2.684772
62.362362 -1.285003 -0.680726 2.269827 2.695688
62.462462 -1.266886 -0.672992 2.294774 2.706272
62.562563 -1.248474 -0.665100 2.319160 2.716532
62.662663 -1.229776 -0.657055 2.342993 2.726479
62.762763 -1.210808 -0.648865 2.366285 2.736126
62.862863 -1.191586 -0.640538 2.389057 2.745498
62.962963 -1.172127 -0.632083 2.411327 2.754616
63.063063 -1.152442 -0.623505 2.433105 2.763491
63.163163 -1.132543 -0.614810 2.454408 2.772141
63.263263 -1.112440 -0.606004 2.475238 2.780569
63.363363 -1.092138 -0.597088 2.495599 2.788780
63.463463 -1.071642 -0.588066 2.515490 2.796772
63.563564 -1.050962 -0.578941 2.534918 2.804551
63.663664 -1.030103 -0.569717 2.553887 2.812122
63.763764 -1.009062 -0.560391 2.572372 2.819457
63.863864 -0.987837 -0.550963 2.590359 2.826543
63.963964 -0.966438 -0.541436 2.607861 2.833389
64.064064 -0.944881 -0.531819 2.624900 2.840023
64.164164 -0.923169 -0.522114 2.641479 2.846446
64.264264 -0.901310 -0.512325 2.657603 2.852664
64.364364 -0.879317 -0.502459 2.673299 2.858705
64.464464 -0.857201 -0.492521 2.688583 2.864586
64.564565 -0.834966 -0.482514 2.703459 2.870310
64.664665 -0.812614 -0.472438 2.717919 2.875869
64.764765 -0.790143 -0.462292 2.731946 2.881244
64.864865 -0.767554 -0.452074 2.745519 2.886414
64.964965 -0.744840 -0.441783 2.758611 2.891348
65.065065 -0.722008 -0.431419 2.771220 2.896045
65.165165 -0.699059 -0.420985 2.783341 2.900500
65.265265 -0.675994 -0.410479 2.794953 2.904690
65.365365 -0.652815 -0.399903 2.806049 2.908608
65.465465 -0.629522 -0.389254 2.816603 2.912228
65.565566 -0.606115 -0.378535 2.826603 2.915536
65.665666 -0.582598 -0.367744 2.836035 2.918518
65.765766 -0.558976 -0.356886 2.844909 2.921186
65.865866 -0.535259 -0.345965 2.853240 2.923555
65.965966 -0.511446 -0.334980 2.860999 2.925594
66.066066 -0.487535 -0.323929 2.868151 2.927270
66.166166 -0.463529 -0.312813 2.874684 2.928569
66.266266 -0.439434 -0.301635 2.880595 2.929491
66.366366 -0.415254 -0.290395 2.885876 2.930025
66.466466 -0.390993 -0.279097 2.890520 2.930167
66.566567 -0.366657 -0.267743 2.894534 2.929924
66.666667 -0.342250 -0.256334 2.897904 2.929282
66.766767 -0.317778 -0.244873 2.900629 2.928240
66.866867 -0.293246 -0.233363 2.902714 2.926807
66.966967 -0.268659 -0.221806 2.904146 2.924968
67.067067 -0.244023 -0.210205 2.904936 2.922736
67.167167 -0.219346 -0.198564 2.905102 2.920130
67.267267 -0.194630 -0.186884 2.904630 2.917136
67.367367 -0.169883 -0.175167 2.903517 2.913753
67.467467 -0.145111 -0.163420 2.901810 2.910028
67.567568 -0.120321 -0.151646 2.899536 2.905991
67.667668 -0.095519 -0.139848 2.896700 2.901646
67.767768 -0.070708 -0.128027 2.893291 2.896986
67.867868 -0.045894 -0.116185 2.889303 2.892003
67.967968 -0.021081 -0.104325 2.884744 2.886707
68.068068 0.003725 -0.092448 2.879578 2.881064
68.168168 0.028520 -0.080556 2.873769 2.875040
68.268268 0.053298 -0.068651 2.867313 2.868629
68.368368 0.078053 -0.056735 2.860202 2.861830
68.468468 0.102780 -0.044811 2.852433 2.854636
68.568569 0.127471 -0.032881 2.843970 2.847015
68.668669 0.152118 -0.020947 2.834771 2.838927
68.768769 0.176714 -0.009014 2.824830 2.830366
68.868869 0.201255 0.002917 2.814170 2.821359
68.968969 0.225735 0.014843 2.802797 2.811912
69.069069 0.250146 0.026759 2.790709 2.802026
69.169169 0.274481 0.038663 2.777898 2.791693
69.269269 0.298733 0.050553 2.764354 2.780908
69.369369 0.322896 0.062423 2.750086 2.769680
69.469469 0.346960 0.074272 2.735073 2.757992
69.569570 0.370913 0.086094 2.719270 2.745800
69.669670 0.394743 0.097884 2.702637 2.733066
69.769770 0.418432 0.109637 2.685122 2.719740
69.869870 0.441968 0.121348 2.666696 2.705796
69.969970 0.465335 0.133011 2.647324 2.691199
70.070070 0.488512 0.144616 2.626927 2.675874
70.170170 0.511473 0.156156 2.605435 2.659752
70.270270 0.534201 0.167623 2.582810 2.642796
70.370370 0.556674 0.179008 2.559012 2.624971
70.470470 0.578870 0.190302 2.533990 2.606226
70.570571 0.600767 0.201496 2.507711 2.586530
70.670671 0.622346 0.212582 2.480151 2.565863
70.770771 0.643582 0.223550 2.451276 2.544194
70.870871 0.664452 0.234388 2.421048 2.521489
70.970971 0.684930 0.245087 2.389437 2.497720
71.071071 0.704993 0.255636 2.356420 2.472869
71.171171 0.724615 0.266024 2.321972 2.446914
71.271271 0.743763 0.276236 2.286043 2.419810
71.371371 0.762401 0.286258 2.248588 2.391516
71.471471 0.780502 0.296077 2.209583 2.362012
71.571572 0.798036 0.305680 2.169013 2.331291
71.671672 0.814970 0.315051 2.126843 2.299325
71.771772 0.831252 0.324170 2.083009 2.266052
71.871872 0.846846 0.333019 2.037485 2.231455
71.971972 0.861735 0.341590 1.990298 2.195576
72.072072 0.875904 0.349874 1.941478 2.158462
72.172172 0.889323 0.357858 1.891028 2.120128
72.272272 0.901945 0.365520 1.838915 2.080557
72.372372 0.913745 0.372847 1.785155 2.039785
72.472472 0.924695 0.379828 1.729765 1.997853
72.572573 0.934753 0.386440 1.672734 1.954773
72.672673 0.943857 0.392658 1.614027 1.910531
72.772773 0.951934 0.398447 1.553591 1.865096
72.872873 0.958897 0.403769 1.491366 1.818430
72.972973 0.964637 0.408575 1.427266 1.770466
73.073073 0.969042 0.412815 1.361218 1.721154
73.173173 0.971976 0.416427 1.293133 1.670431
73.273273 0.973306 0.419351 1.222941 1.618260
73.373373 0.972874 0.421515 1.150562 1.564593
73.473473 0.970459 0.422819 1.075866 1.509323
73.573574 0.965827 0.423156 0.998741 1.452365
73.673674 0.958744 0.422418 0.919108 1.393696
73.773774 0.948932 0.420477 0.836888 1.333287
73.873874 0.936042 0.417172 0.751984 1.271097
73.973974 0.919593 0.412278 0.664252 1.207002
74.074074 0.898958 0.405507 0.573532 1.140833
74.174174 0.873389 0.396510 0.479702 1.072447
74.274274 0.841925 0.384834 0.382679 1.001687
74.374374 0.803409 0.369933 0.282499 0.928505
74.474474 0.756354 0.351099 0.179384 0.852948
74.574575 0.698893 0.327432 0.073881 0.775320
74.674675 0.628575 0.297736 -0.032854 0.696299
74.774775 0.542067 0.260366 -0.138544 0.617107
74.874875 0.435136 0.213173 -0.238645 0.540127
74.974975 0.303612 0.153911 -0.324584 0.470344
75.075075 0.146712 0.081741 -0.382063 0.417346
75.175175 -0.026911 0.000168 -0.393368 0.394288
75.275275 -0.196590 -0.081346 -0.349558 0.409213
75.375375 -0.342112 -0.152919 -0.261148 0.456753
75.475475 -0.456700 -0.210703 -0.147962 0.524274
75.575576 -0.543711 -0.255785 -0.025206 0.601401
75.675676 -0.609169 -0.290737 0.098873 0.682195
75.775776 -0.658382 -0.317942 0.220479 0.763652
75.875876 -0.695374 -0.339248 0.338077 0.844352
75.975976 -0.723123 -0.356046 0.451225 0.923731
76.076076 -0.743649 -0.369288 0.559877 1.001424
76.176176 -0.758277 -0.379601 0.664086 1.077075
76.276276 -0.768078 -0.387497 0.764063 1.150604
76.376376 -0.773890 -0.393381 0.860057 1.222029
76.476476 -0.776328 -0.397549 0.952284 1.291346
76.576577 -0.775915 -0.400256 1.040993 1.358645
76.676677 -0.773124 -0.401736 1.126491 1.424112
76.776777 -0.768343 -0.402181 1.209066 1.487932
76.876877 -0.761851 -0.401730 1.288921 1.550201
76.976977 -0.753883 -0.400499 1.366253 1.611020
77.077077 -0.744619 -0.398579 1.441206 1.670448
77.177177 -0.734191 -0.396035 1.513874 1.728495
77.277277 -0.722736 -0.392935 1.584393 1.785230
77.377377 -0.710382 -0.389346 1.652911 1.840746
77.477477 -0.697248 -0.385329 1.719579 1.895148
77.577578 -0.683437 -0.380936 1.784543 1.948535
77.677678 -0.669026 -0.376207 1.847904 2.000969
77.777778 -0.654069 -0.371171 1.909718 2.052461
77.877878 -0.638617 -0.365852 1.970048 2.103038
77.977978 -0.622734 -0.360284 2.029008 2.152784
78.078078 -0.606477 -0.354500 2.086708 2.201780
78.178178 -0.589890 -0.348520 2.143228 2.250080
78.278278 -0.573001 -0.342361 2.198606 2.297697
78.378378 -0.555836 -0.336035 2.252880 2.344641
78.478478 -0.538423 -0.329558 2.306098 2.390940
78.578579 -0.520781 -0.322939 2.358283 2.436597
78.678679 -0.502928 -0.316188 2.409463 2.481617
78.778779 -0.484891 -0.309319 2.459706 2.526054
78.878879 -0.466692 -0.302344 2.509068 2.569949
78.978979 -0.448347 -0.295273 2.557584 2.613319
79.079079 -0.429867 -0.288112 2.605271 2.656168
79.179179 -0.411261 -0.280863 2.652123 2.698477
79.279279 -0.392538 -0.273533 2.698154 2.740245
79.379379 -0.373708 -0.266126 2.743382 2.781479
79.479479 -0.354783 -0.258648 2.787827 2.822189
79.579580 -0.335773 -0.251105 2.831525 2.862400
79.679680 -0.316690 -0.243505 2.874520 2.902146
79.779780 -0.297543 -0.235853 2.916843 2.941451
79.879880 -0.278340 -0.228154 2.958526 2.980336
79.979980 -0.259093 -0.220415 2.999628 3.018854
80.080080 -0.239812 -0.212643 3.040216 3.057064
80.180180 -0.220502 -0.204842 3.080332 3.095000
80.280280 -0.201170 -0.197015 3.119983 3.132663
80.380380 -0.181818 -0.189165 3.159197 3.170073
80.480480 -0.162453 -0.181295 3.198001 3.207252
80.580581 -0.143075 -0.173405 3.236382 3.244180
80.680681 -0.123687 -0.165496 3.274320 3.280832
80.780781 -0.104293 -0.157570 3.311837 3.317223
80.880881 -0.084896 -0.149630 3.348975 3.353390
80.980981 -0.065499 -0.141678 3.385739 3.389335
81.081081 -0.046103 -0.133714 3.422117 3.425039
81.181181 -0.026711 -0.125740 3.458105 3.460493
81.281281 -0.007324 -0.117754 3.493687 3.495678
81.381381 0.012054 -0.109759 3.528853 3.530580
81.481481 0.031422 -0.101755 3.563615 3.565206
81.581582 0.050778 -0.093744 3.597989 3.599568
81.681682 0.070120 -0.085728 3.631972 3.633660
81.781782 0.089445 -0.077705 3.665550 3.667465
81.881882 0.108752 -0.069679 3.698726 3.700981
81.981982 0.128039 -0.061649 3.731509 3.734214
82.082082 0.147304 -0.053616 3.763896 3.767159
82.182182 0.166545 -0.045582 3.795879 3.799805
82.282282 0.185759 -0.037546 3.827454 3.832143
82.382382 0.204946 -0.029511 3.858640 3.864192
82.482482 0.224106 -0.021477 3.889464 3.895974
82.582583 0.243237 -0.013444 3.919931 3.927494
82.682683 0.262339 -0.005415 3.950057 3.958763
82.782783 0.281411 0.002611 3.979865 3.989802
82.882883 0.300454 0.010634 4.009368 4.020624
82.982983 0.319466 0.018651 4.038575 4.051234
83.083083 0.338449 0.026664 4.067499 4.081642
83.183183 0.357401 0.034671 4.096157 4.111866
83.283283 0.376324 0.042672 4.124569 4.141921
83.383383 0.395215 0.050667 4.152727 4.171798
83.483483 0.414073 0.058655 4.180614 4.201480
83.583584 0.432897 0.066635 4.208233 4.230965
83.683684 0.451685 0.074608 4.235582 4.260251
83.783784 0.470437 0.082572 4.262664 4.289339
83.883884 0.489153 0.090528 4.289482 4.318231
83.983984 0.507831 0.098474 4.316048 4.346937
84.084084 0.526475 0.106412 4.342377 4.375470
84.184184 0.545082 0.114340 4.368474 4.403834
84.284284 0.563656 0.122259 4.394362 4.432051
84.384384 0.582197 0.130169 4.420050 4.460127
84.484484 0.600702 0.138069 4.445520 4.488045
84.584585 0.619169 0.145959 4.470770 4.515801
84.684685 0.637601 0.153839 4.495818 4.543411
84.784785 0.656001 0.161709 4.520689 4.570899
84.884885 0.674369 0.169570 4.545394 4.598276
84.984985 0.692705 0.177421 4.569935 4.625540
85.085085 0.711011 0.185263 4.594324 4.652706
85.185185 0.729290 0.193096 4.618584 4.679794
85.285285 0.747544 0.200921 4.642735 4.706823
85.385385 0.765774 0.208738 4.666780 4.733795
85.485485 0.783979 0.216547 4.690713 4.760705
85.585586 0.802160 0.224348 4.714548 4.787563
85.685686 0.820317 0.232141 4.738286 4.814371
85.785786 0.838450 0.239925 4.761924 4.841124
85.885886 0.856560 0.247702 4.785470 4.867831
85.985986 0.874649 0.255471 4.808940 4.894505
86.086086 0.892717 0.263233 4.832334 4.921146
86.186186 0.910761 0.270987 4.855637 4.947740
86.286286 0.928778 0.278732 4.878835 4.974269
86.386386 0.946765 0.286466 4.901906 5.000711
86.486486 0.964717 0.294188 4.924836 5.027051
86.586587 0.982635 0.301899 4.947630 5.053291
86.686687 1.000519 0.309599 4.970282 5.079428
86.786787 1.018365 0.317285 4.992781 5.105448
86.886887 1.036174 0.324959 5.015132 5.131355
86.986987 1.053947 0.332620 5.037343 5.157157
87.087087 1.071682 0.340269 5.059408 5.182846
87.187187 1.089377 0.347904 5.081313 5.208409
87.287287 1.107030 0.355524 5.103052 5.233837
87.387387 1.124641 0.363129 5.124628 5.259134
87.487487 1.142210 0.370721 5.146049 5.284306
87.587588 1.159741 0.378299 5.167324 5.309364
87.687688 1.177237 0.385864 5.188472 5.334325
87.787788 1.194700 0.393418 5.209510 5.359205
87.887888 1.212132 0.400960 5.230434 5.384001
87.987988 1.229527 0.408489 5.251231 5.408699
88.088088 1.246883 0.416005 5.271890 5.433286
88.188188 1.264197 0.423506 5.292401 5.457753
88.288288 1.281471 0.430992 5.312769 5.482102
88.388388 1.298703 0.438463 5.332991 5.506330
88.488488 1.315892 0.445919 5.353060 5.530431
88.588589 1.333037 0.453359 5.372979 5.554406
88.688689 1.350138 0.460783 5.392748 5.578254
88.788789 1.367196 0.468192 5.412370 5.601980
88.888889 1.384212 0.475585 5.431854 5.625590
88.988989 1.401188 0.482964 5.451201 5.649087
89.089089 1.418123 0.490328 5.470417 5.672473
89.189189 1.435019 0.497678 5.489508 5.695758
89.289289 1.451878 0.505014 5.508478 5.718944
89.389389 1.468699 0.512336 5.527334 5.742037
89.489489 1.485487 0.519646 5.546085 5.765047
89.589590 1.502240 0.526943 5.564730 5.787971
89.689690 1.518956 0.534225 5.583259 5.810801
89.789790 1.535631 0.541493 5.601665 5.833526
89.889890 1.552262 0.548745 5.619931 5.856130
89.989990 1.568846 0.555979 5.638051 5.878606
90.090090 1.585386 0.563197 5.656032 5.900960
90.190190 1.601884 0.570399 5.673887 5.923207
90.290290 1.618344 0.577587 5.691632 5.945361
90.390390 1.634772 0.584763 5.709283 5.967439
90.490490 1.651169 0.591927 5.726849 5.989452
90.590591 1.667535 0.599079 5.744328 6.011395
90.690691 1.683865 0.606218 5.761706 6.033255
90.790791 1.700160 0.613343 5.778983 6.055029
90.890891 1.716421 0.620456 5.796168 6.076729
90.990991 1.732651 0.627556 5.813267 6.098359
91.091091 1.748848 0.634644 5.830275 6.119914
91.191191 1.765009 0.641718 5.847186 6.141387
91.291291 1.781138 0.648780 5.864007 6.162787
91.391391 1.797236 0.655830 5.880750 6.184124
91.491491 1.813305 0.662868 5.897416 6.205400
91.591592 1.829346 0.669896 5.914009 6.226618
91.691692 1.845359 0.676913 5.930533 6.247782
91.791792 1.861348 0.683920 5.946998 6.268903
91.891892 1.877317 0.690920 5.963422 6.290000
91.991992 1.893270 0.697913 5.979812 6.311078
92.092092 1.909208 0.704900 5.996172 6.332143
92.192192 1.925133 0.711881 6.012510 6.353203
92.292292 1.941045 0.718857 6.028828 6.374259
92.392392 1.956943 0.725827 6.045118 6.395303
92.492492 1.972826 0.732792 6.061383 6.416338
92.592593 1.988699 0.739751 6.077634 6.437374
92.692693 2.004562 0.746706 6.093870 6.458413
92.792793 2.020414 0.753657 6.110094 6.479454
92.892893 2.036255 0.760603 6.126303 6.500495
92.992993 2.052083 0.767544 6.142487 6.521527
93.093093 2.067894 0.774478 6.158639 6.542541
93.193193 2.083686 0.781404 6.174754 6.563530
93.293293 2.099459 0.788322 6.190827 6.584491
93.393393 2.115212 0.795232 6.206860 6.605424
93.493493 2.130950 0.802136 6.222866 6.626344
93.593594 2.146677 0.809036 6.238855 6.647261
93.693694 2.162388 0.815928 6.254816 6.668162
93.793794 2.178079 0.822813 6.270736 6.689034
93.893894 2.193750 0.829690 6.286613 6.709876
93.993994 2.209399 0.836558 6.302446 6.730683
94.094094 2.225024 0.843415 6.318224 6.751447
94.194194 2.240622 0.850263 6.333944 6.772163
94.294294 2.256196 0.857101 6.349611 6.792834
94.394394 2.271746 0.863929 6.365227 6.813466
94.494494 2.287274 0.870748 6.380799 6.834063
94.594595 2.302780 0.877558 6.396323 6.854623
94.694695 2.318262 0.884359 6.411796 6.875140
94.794795 2.333718 0.891149 6.427214 6.895613
94.894895 2.349150 0.897930 6.442580 6.916041
94.994995 2.364557 0.904700 6.457893 6.936425
95.095095 2.379939 0.911461 6.473154 6.956766
95.195195 2.395300 0.918212 6.488373 6.977074
95.295295 2.410641 0.924956 6.503554 6.997353
95.395395 2.425960 0.931691 6.518687 7.017593
95.495495 2.441251 0.938415 6.533764 7.037784
95.595596 2.456511 0.945126 6.548771 7.057911
95.695696 2.471735 0.951822 6.563695 7.077961
95.795796 2.486920 0.958504 6.578533 7.097929
95.895896 2.502068 0.965170 6.593285 7.117816
95.995996 2.517178 0.971821 6.607954 7.137624
96.096096 2.532249 0.978457 6.622534 7.157348
96.196196 2.547280 0.985077 6.637024 7.176984
96.296296 2.562270 0.991681 6.651421 7.196531
96.396396 2.577220 0.998269 6.665728 7.215992
96.496496 2.592129 1.004840 6.679945 7.235364
96.596597 2.606994 1.011394 6.694062 7.254640
96.696697 2.621816 1.017931 6.708082 7.273820
96.796797 2.636595 1.024450 6.722005 7.292906
96.896897 2.651330 1.030952 6.735833 7.311899
96.996997 2.666024 1.037438 6.749567 7.330799
97.097097 2.680676 1.043907 6.763210 7.349610
97.197197 2.695287 1.050359 6.776762 7.368333
97.297297 2.709856 1.056794 6.790222 7.386965
97.397397 2.724384 1.063214 6.803595 7.405512
97.497497 2.738877 1.069619 6.816891 7.423983
97.597598 2.753335 1.076010 6.830114 7.442386
97.697698 2.767761 1.082388 6.843272 7.460726
97.797798 2.782155 1.088753 6.856364 7.479004
97.897898 2.796517 1.095105 6.869390 7.497218
97.997998 2.810847 1.101444 6.882350 7.515369
98.098098 2.825145 1.107771 6.895247 7.533461
98.198198 2.839410 1.114083 6.908074 7.551485
98.298298 2.853638 1.120381 6.920824 7.569433
98.398398 2.867828 1.126664 6.933495 7.587303
98.498498 2.881980 1.132931 6.946086 7.605094
98.598599 2.896091 1.139181 6.958591 7.622799
98.698699 2.910156 1.145414 6.970999 7.640406
98.798799 2.924172 1.151626 6.983303 7.657908
98.898899 2.938141 1.157820 6.995505 7.675305
98.998999 2.952061 1.163994 7.007606 7.692600
99.099099 2.965933 1.170148 7.019603 7.709788
99.199199 2.979757 1.176283 7.031498 7.726873
99.299299 2.993531 1.182398 7.043290 7.743851
99.399399 3.007255 1.188493 7.054976 7.760721
99.499499 3.020930 1.194568 7.066559 7.777484
99.599600 3.034557 1.200624 7.078040 7.794144
99.699700 3.048135 1.206660 7.089420 7.810699
99.799800 3.061666 1.212677 7.100703 7.827156
99.899900 3.075149 1.218675 7.111888 7.843511
100.000000 3.088583 1.224652 7.122970 7.859760
