0.000000 0.153232 0.761920 0.571287 0.964558
0.100100 0.093953 0.815357 0.510289 0.966451
0.200200 0.033956 0.862243 0.445245 0.971009
0.300300 -0.026274 0.902315 0.376733 0.978157
0.400400 -0.086268 0.935423 0.305362 0.987778
0.500501 -0.145588 0.961571 0.231763 0.999764
0.600601 -0.203840 0.980859 0.156554 1.013975
0.700701 -0.260658 0.993397 0.080313 1.030160
0.800801 -0.315731 0.999393 0.003585 1.048086
0.900901 -0.368817 0.999192 -0.073123 1.067594
1.001001 -0.419716 0.993149 -0.149361 1.088492
1.101101 -0.468285 0.981660 -0.224737 1.110610
1.201201 -0.514441 0.965177 -0.298926 1.133831
1.301301 -0.558128 0.944121 -0.371654 1.158015
1.401401 -0.599288 0.918847 -0.442673 1.182956
1.501502 -0.637901 0.889718 -0.511786 1.208487
1.601602 -0.673965 0.857086 -0.578833 1.234452
1.701702 -0.707503 0.821287 -0.643687 1.260717
1.801802 -0.738618 0.782720 -0.706317 1.287281
1.901902 -0.767446 0.741772 -0.766740 1.314188
2.002002 -0.794092 0.698759 -0.824963 1.341421
2.102102 -0.818610 0.653916 -0.880957 1.368873
2.202202 -0.841033 0.607440 -0.934676 1.396403
2.302302 -0.861406 0.559525 -0.986098 1.423895
2.402402 -0.879812 0.510372 -1.035251 1.451307
2.502503 -0.896342 0.460170 -1.082179 1.478613
2.602603 -0.911093 0.409093 -1.126940 1.505803
2.702703 -0.924128 0.357285 -1.169560 1.532819
2.802803 -0.935510 0.304876 -1.210072 1.559616
2.902903 -0.945355 0.252004 -1.248577 1.586237
3.003003 -0.953767 0.198787 -1.285173 1.612718
3.103103 -0.960821 0.145326 -1.319922 1.639051
3.203203 -0.966556 0.091703 -1.352840 1.665178
3.303303 -0.971037 0.037999 -1.383987 1.691087
3.403403 -0.974346 -0.015713 -1.413447 1.716808
3.503504 -0.976543 -0.069369 -1.441275 1.742332
3.603604 -0.977665 -0.122910 -1.467497 1.767621
3.703704 -0.977739 -0.176282 -1.492130 1.792624
3.803804 -0.976791 -0.229430 -1.515186 1.817291
3.903904 -0.974836 -0.282302 -1.536662 1.841556
4.004004 -0.971894 -0.334850 -1.556564 1.865367
4.104104 -0.967994 -0.387028 -1.574914 1.888692
4.204204 -0.963198 -0.438809 -1.591788 1.911568
4.304304 -0.957578 -0.490174 -1.607281 1.934057
4.404404 -0.951189 -0.541106 -1.621465 1.956196
4.504505 -0.944091 -0.591594 -1.634422 1.978036
4.604605 -0.936333 -0.641628 -1.646218 1.999610
4.704705 -0.927958 -0.691197 -1.656911 2.020943
4.804805 -0.918992 -0.740284 -1.666527 2.042028
4.904905 -0.909447 -0.788861 -1.675075 2.062832
5.005005 -0.899350 -0.836917 -1.682587 2.083353
5.105105 -0.888732 -0.884444 -1.689102 2.103604
5.205205 -0.877613 -0.931428 -1.694646 2.123579
5.305305 -0.866016 -0.977859 -1.699247 2.143276
5.405405 -0.853967 -1.023734 -1.702938 2.162704
5.505506 -0.841482 -1.069039 -1.705738 2.181852
5.605606 -0.828577 -1.113763 -1.707666 2.200711
5.705706 -0.815282 -1.157915 -1.708767 2.219310
5.805806 -0.801627 -1.201508 -1.709093 2.237683
5.905906 -0.787626 -1.244530 -1.708656 2.255817
6.006006 -0.773283 -1.286962 -1.707455 2.273684
6.106106 -0.758605 -1.328782 -1.705489 2.291252
6.206206 -0.743598 -1.369974 -1.702760 2.308497
6.306306 -0.728286 -1.410550 -1.699307 2.325446
6.406406 -0.712685 -1.450510 -1.695155 2.342104
6.506507 -0.696801 -1.489837 -1.690303 2.358447
6.606607 -0.680645 -1.528522 -1.684763 2.374465
6.706707 -0.664230 -1.566568 -1.678556 2.390164
6.806807 -0.647573 -1.603980 -1.671707 2.405557
6.906907 -0.630683 -1.640754 -1.664231 2.420640
7.007007 -0.613572 -1.676887 -1.656140 2.435410
7.107107 -0.596255 -1.712388 -1.647461 2.449882
7.207207 -0.578748 -1.747277 -1.638228 2.464085
7.307307 -0.561064 -1.781559 -1.628458 2.478028
7.407407 -0.543213 -1.815239 -1.618172 2.491717
7.507508 -0.525207 -1.848325 -1.607390 2.505164
7.607608 -0.507058 -1.880831 -1.596135 2.518388
7.707708 -0.488776 -1.912759 -1.584421 2.531391
7.807808 -0.470371 -1.944122 -1.572271 2.544189
7.907908 -0.451853 -1.974930 -1.559702 2.556792
8.008008 -0.433228 -2.005178 -1.546721 2.569196
8.108108 -0.414503 -2.034869 -1.533342 2.581403
8.208208 -0.395690 -2.064026 -1.519588 2.593438
8.308308 -0.376799 -2.092674 -1.505489 2.605333
8.408408 -0.357833 -2.120798 -1.491041 2.617066
8.508509 -0.338796 -2.148380 -1.476241 2.628613
8.608609 -0.319695 -2.175434 -1.461105 2.639990
8.708709 -0.300537 -2.201967 -1.445648 2.651203
8.808809 -0.281325 -2.227968 -1.429869 2.662238
8.908909 -0.262064 -2.253442 -1.413778 2.673097
9.009009 -0.242762 -2.278391 -1.397385 2.683782
9.109109 -0.223421 -2.302810 -1.380693 2.694284
9.209209 -0.204046 -2.326684 -1.363701 2.704584
9.309309 -0.184639 -2.349995 -1.346404 2.714659
9.409409 -0.165207 -2.372762 -1.328821 2.724530
9.509510 -0.145756 -2.394996 -1.310966 2.734206
9.609610 -0.126290 -2.416701 -1.292846 2.743692
9.709710 -0.106814 -2.437890 -1.274474 2.752999
9.809810 -0.087333 -2.458572 -1.255863 2.762136
9.909910 -0.067851 -2.478751 -1.237019 2.771105
10.010010 -0.048372 -2.498402 -1.217936 2.779878
10.110110 -0.028900 -2.517527 -1.198621 2.788453
10.210210 -0.009438 -2.536151 -1.179091 2.796857
10.310310 0.010009 -2.554279 -1.159355 2.805093
10.410410 0.029438 -2.571924 -1.139423 2.813173
10.510511 0.048845 -2.589094 -1.119304 2.821105
10.610611 0.068227 -2.605790 -1.099003 2.828888
10.710711 0.087581 -2.622006 -1.078524 2.836512
10.810811 0.106902 -2.637736 -1.057867 2.843969
10.910911 0.126187 -2.652974 -1.037036 2.851252
11.011011 0.145432 -2.667704 -1.016029 2.858341
11.111111 0.164635 -2.681935 -0.994855 2.865243
11.211211 0.183791 -2.695662 -0.973517 2.871952
11.311311 0.202896 -2.708877 -0.952016 2.878457
11.411411 0.221947 -2.721579 -0.930357 2.884756
11.511512 0.240942 -2.733774 -0.908547 2.890853
11.611612 0.259879 -2.745481 -0.886597 2.896766
11.711712 0.278754 -2.756701 -0.864511 2.902496
11.811812 0.297562 -2.767414 -0.842289 2.908019
11.911912 0.316299 -2.777600 -0.819928 2.913312
12.012012 0.334961 -2.787262 -0.797434 2.918378
12.112112 0.353545 -2.796402 -0.774813 2.923216
12.212212 0.372049 -2.805021 -0.752068 2.927827
12.312312 0.390470 -2.813129 -0.729208 2.932219
12.412412 0.408804 -2.820721 -0.706236 2.936385
12.512513 0.427046 -2.827780 -0.683152 2.940306
12.612613 0.445189 -2.834278 -0.659954 2.943954
12.712713 0.463227 -2.840207 -0.636644 2.947315
12.812813 0.481156 -2.845552 -0.613225 2.950377
12.912913 0.498970 -2.850303 -0.589699 2.953125
13.013013 0.516668 -2.854481 -0.566075 2.955580
13.113113 0.534250 -2.858097 -0.542361 2.957752
13.213213 0.551709 -2.861131 -0.518558 2.959621
13.313313 0.569039 -2.863568 -0.494667 2.961169
13.413413 0.586236 -2.865415 -0.470696 2.962403
13.513514 0.603300 -2.866680 -0.446650 2.963330
13.613614 0.620224 -2.867350 -0.422532 2.963935
13.713714 0.637003 -2.867413 -0.398345 2.964204
13.813814 0.653629 -2.866857 -0.374094 2.964126
13.913914 0.670103 -2.865694 -0.349784 2.963712
14.014014 0.686431 -2.863971 -0.325426 2.963009
14.114114 0.702615 -2.861706 -0.301028 2.962034
14.214214 0.718654 -2.858911 -0.276594 2.960801
14.314314 0.734550 -2.855602 -0.252132 2.959324
14.414414 0.750297 -2.851770 -0.227645 2.957593
14.514515 0.765889 -2.847406 -0.203136 2.955600
14.614615 0.781322 -2.842503 -0.178609 2.953336
14.714715 0.796591 -2.837055 -0.154069 2.950792
14.814815 0.811688 -2.831046 -0.129519 2.947954
14.914915 0.826607 -2.824470 -0.104964 2.944814
15.015015 0.841350 -2.817340 -0.080410 2.941384
15.115115 0.855909 -2.809640 -0.055860 2.937648
15.215215 0.870282 -2.801380 -0.031320 2.933616
15.315315 0.884463 -2.792550 -0.006795 2.929276
15.415415 0.898443 -2.783131 0.017710 2.924608
15.515516 0.912223 -2.773135 0.042191 2.919624
15.615616 0.925793 -2.762547 0.066642 2.914310
15.715716 0.939150 -2.751366 0.091057 2.908661
15.815816 0.952290 -2.739595 0.115431 2.902682
15.915916 0.965207 -2.727223 0.139759 2.896361
16.016016 0.977898 -2.714255 0.164035 2.889701
16.116116 0.990365 -2.700704 0.188254 2.882718
16.216216 1.002597 -2.686557 0.212410 2.875397
16.316316 1.014592 -2.671812 0.236498 2.867736
16.416416 1.026353 -2.656492 0.260512 2.859758
16.516517 1.037876 -2.640593 0.284449 2.851461
16.616617 1.049155 -2.624114 0.308300 2.842842
16.716717 1.060188 -2.607057 0.332062 2.833904
16.816817 1.070965 -2.589407 0.355727 2.824630
16.916917 1.081476 -2.571152 0.379286 2.815008
17.017017 1.091711 -2.552278 0.402732 2.805022
17.117117 1.101659 -2.532768 0.426054 2.794654
17.217217 1.111315 -2.512623 0.449248 2.783904
17.317317 1.120675 -2.491844 0.472305 2.772773
17.417417 1.129724 -2.470410 0.495216 2.761239
17.517518 1.138457 -2.448318 0.517971 2.749298
17.617618 1.146872 -2.425577 0.540567 2.736961
17.717718 1.154969 -2.402196 0.562996 2.724236
17.817818 1.162730 -2.378153 0.585247 2.711100
17.917918 1.170131 -2.353406 0.607301 2.697506
18.018018 1.177151 -2.327925 0.629142 2.683420
18.118118 1.183778 -2.301701 0.650757 2.668828
18.218218 1.190020 -2.274761 0.672147 2.653765
18.318318 1.195887 -2.247134 0.693309 2.638264
18.418418 1.201368 -2.218817 0.714233 2.622320
18.518519 1.206443 -2.189781 0.734901 2.605902
18.618619 1.211091 -2.160000 0.755294 2.588979
18.718719 1.215289 -2.129451 0.775392 2.571521
18.818819 1.219022 -2.098116 0.795179 2.553510
18.918919 1.222273 -2.065984 0.814638 2.534931
19.019019 1.225026 -2.033041 0.833750 2.515767
19.119119 1.227267 -1.999277 0.852499 2.496006
19.219219 1.228991 -1.964703 0.870876 2.475663
19.319319 1.230184 -1.929311 0.888863 2.454724
19.419419 1.230823 -1.893079 0.906435 2.433166
19.519520 1.230889 -1.855997 0.923571 2.410974
19.619620 1.230368 -1.818058 0.940253 2.388141
19.719720 1.229254 -1.779274 0.956468 2.364680
19.819820 1.227540 -1.739652 0.972203 2.340603
19.919920 1.225216 -1.699195 0.987441 2.315914
20.020020 1.222252 -1.657879 1.002149 2.290582
20.120120 1.218636 -1.615709 1.016309 2.264613
20.220220 1.214357 -1.572690 1.029903 2.238017
20.320320 1.209383 -1.528799 1.042893 2.210760
20.420420 1.203675 -1.484011 1.055237 2.182807
20.520521 1.197207 -1.438315 1.066901 2.154143
20.620621 1.189966 -1.391721 1.077864 2.124782
20.720721 1.181930 -1.344225 1.088092 2.094718
20.820821 1.173061 -1.295812 1.097539 2.063926
20.920921 1.163324 -1.246470 1.106161 2.032388
21.021021 1.152682 -1.196189 1.113909 2.000084
21.121121 1.141087 -1.144948 1.120721 1.966978
21.221221 1.128523 -1.092765 1.126569 1.933096
21.321321 1.114985 -1.039669 1.131430 1.898483
21.421421 1.100423 -0.985649 1.135238 1.863115
21.521522 1.084761 -0.930674 1.137897 1.826930
21.621622 1.067940 -0.874736 1.139327 1.789895
21.721722 1.049893 -0.817825 1.139433 1.751976
21.821822 1.030549 -0.759935 1.138118 1.713139
21.921922 1.009838 -0.701069 1.135278 1.673358
22.022022 0.987662 -0.641219 1.130776 1.632572
22.122122 0.963925 -0.580389 1.124472 1.590736
22.222222 0.938552 -0.518607 1.116244 1.547848
22.322322 0.911471 -0.455916 1.105968 1.503929
22.422422 0.882580 -0.392354 1.093480 1.458968
22.522523 0.851698 -0.327945 1.078509 1.412841
22.622623 0.818610 -0.262725 1.060726 1.365389
22.722723 0.783124 -0.196775 1.039818 1.316520
22.822823 0.745040 -0.130214 1.015440 1.266159
22.922923 0.704169 -0.063208 0.987246 1.214291
23.023023 0.660285 0.004020 0.954803 1.160880
23.123123 0.613069 0.071175 0.917519 1.105785
23.223223 0.562153 0.137842 0.874671 1.048840
23.323323 0.507182 0.203450 0.825485 0.989976
23.423423 0.447783 0.267202 0.769054 0.929167
23.523524 0.383608 0.328010 0.704376 0.866540
23.623624 0.314438 0.384430 0.630475 0.802593
23.723724 0.240125 0.434383 0.546178 0.738010
23.823824 0.160771 0.474947 0.450291 0.673932
23.923924 0.077046 0.502088 0.341928 0.612326
24.024024 -0.009363 0.510431 0.221052 0.556320
24.124124 -0.095040 0.493158 0.089461 0.510138
24.224224 -0.174197 0.443502 -0.047602 0.478858
24.324324 -0.239279 0.358606 -0.180544 0.467385
24.424424 -0.283894 0.243106 -0.298013 0.478025
24.524525 -0.306050 0.108152 -0.392007 0.508953
24.624625 -0.308149 -0.034189 -0.460447 0.555100
24.724725 -0.294643 -0.175071 -0.505696 0.610895
24.824825 -0.270034 -0.309571 -0.531988 0.672134
24.924925 -0.237921 -0.435609 -0.543561 0.736085
25.025025 -0.200830 -0.552600 -0.543791 0.800880
25.125125 -0.160494 -0.660694 -0.535250 0.865314
25.225225 -0.118120 -0.760364 -0.519896 0.928654
25.325325 -0.074548 -0.852248 -0.499236 0.990515
25.425425 -0.030377 -0.937102 -0.474480 1.050816
25.525526 0.013981 -1.015619 -0.446542 1.109539
25.625626 0.058239 -1.088382 -0.416104 1.166666
25.725726 0.102192 -1.155829 -0.383664 1.222122
25.825826 0.145691 -1.218370 -0.349625 1.275888
25.925926 0.188638 -1.276465 -0.314339 1.328065
26.026026 0.230949 -1.330408 -0.278062 1.378637
26.126126 0.272556 -1.380404 -0.240988 1.427543
26.226226 0.313417 -1.426726 -0.203302 1.474825
26.326326 0.353519 -1.469678 -0.165164 1.520595
26.426426 0.392859 -1.509546 -0.126707 1.564967
26.526527 0.431427 -1.546520 -0.088036 1.607981
26.626627 0.469212 -1.580760 -0.049237 1.649663
26.726727 0.506204 -1.612392 -0.010384 1.690017
26.826827 0.542395 -1.641531 0.028458 1.729053
26.926927 0.577800 -1.668346 0.067233 1.766847
27.027027 0.612425 -1.692966 0.105892 1.803444
27.127127 0.646262 -1.715456 0.144392 1.838829
27.227227 0.679312 -1.735906 0.182693 1.873022
27.327327 0.711581 -1.754410 0.220763 1.906053
27.427427 0.743080 -1.771059 0.258573 1.937957
27.527528 0.773821 -1.785943 0.296100 1.968773
27.627628 0.803812 -1.799139 0.333321 1.998529
27.727728 0.833063 -1.810718 0.370215 2.027252
27.827828 0.861592 -1.820768 0.406772 2.054994
27.927928 0.889401 -1.829335 0.442971 2.081760
28.028028 0.916467 -1.836410 0.478782 2.107497
28.128128 0.942784 -1.842020 0.514186 2.132197
28.228228 0.968369 -1.846235 0.549174 2.155902
28.328328 0.993246 -1.849135 0.583745 2.178668
28.428428 1.017428 -1.850774 0.617892 2.200526
28.528529 1.040908 -1.851170 0.651598 2.221464
28.628629 1.063682 -1.850343 0.684848 2.241474
28.728729 1.085777 -1.848365 0.717644 2.260614
28.828829 1.107228 -1.845322 0.750002 2.278962
28.928929 1.128054 -1.841269 0.781922 2.296559
29.029029 1.148268 -1.836246 0.813404 2.313428
29.129129 1.167876 -1.830284 0.844443 2.329583
29.229229 1.186886 -1.823413 0.875037 2.345042
29.329329 1.205311 -1.815673 0.905186 2.359831
29.429429 1.223168 -1.807105 0.934895 2.373983
29.529530 1.240468 -1.797742 0.964166 2.387520
29.629630 1.257221 -1.787614 0.992999 2.400461
29.729730 1.273440 -1.776753 1.021398 2.412831
29.829830 1.289127 -1.765178 1.049357 2.424634
29.929930 1.304276 -1.752893 1.076867 2.435859
30.030030 1.318898 -1.739926 1.103930 2.446527
30.130130 1.333018 -1.726322 1.130560 2.456683
30.230230 1.346656 -1.712119 1.156769 2.466364
30.330330 1.359818 -1.697338 1.182558 2.475582
30.430430 1.372519 -1.682006 1.207934 2.484362
30.530531 1.384753 -1.666127 1.232888 2.492696
30.630631 1.396503 -1.649690 1.257400 2.500550
30.730731 1.407782 -1.632722 1.281476 2.507950
30.830831 1.418611 -1.615256 1.305131 2.514930
30.930931 1.429011 -1.597327 1.328381 2.521532
31.031031 1.439014 -1.578976 1.351250 2.527806
31.131131 1.448658 -1.560257 1.373771 2.533823
31.231231 1.457961 -1.541193 1.395958 2.539611
31.331331 1.466917 -1.521787 1.417802 2.545161
31.431431 1.475524 -1.502042 1.439297 2.550466
31.531532 1.483767 -1.481950 1.460427 2.555502
31.631632 1.491642 -1.461514 1.481184 2.560259
31.731732 1.499159 -1.440750 1.501575 2.564754
31.831832 1.506332 -1.419678 1.521611 2.569013
31.931932 1.513175 -1.398318 1.541303 2.573054
32.032032 1.519695 -1.376682 1.560655 2.576892
32.132132 1.525888 -1.354773 1.579662 2.580519
32.232232 1.531750 -1.332593 1.598315 2.583926
32.332332 1.537285 -1.310150 1.616616 2.587119
32.432432 1.542485 -1.287445 1.634555 2.590086
32.532533 1.547338 -1.264472 1.652116 2.592803
32.632633 1.551838 -1.241233 1.669290 2.595263
32.732733 1.555971 -1.217722 1.686060 2.597439
32.832833 1.559736 -1.193946 1.702420 2.599331
32.932933 1.563135 -1.169911 1.718370 2.600938
33.033033 1.566162 -1.145621 1.733902 2.602255
33.133133 1.568819 -1.121080 1.749013 2.603279
33.233233 1.571080 -1.096280 1.763673 2.603971
33.333333 1.572926 -1.071211 1.777858 2.604298
33.433433 1.574345 -1.045873 1.791549 2.604239
33.533534 1.575327 -1.020268 1.804734 2.603780
33.633634 1.575875 -0.994402 1.817412 2.602922
33.733734 1.575973 -0.968274 1.829559 2.601640
33.833834 1.575591 -0.941873 1.841141 2.599886
33.933934 1.574720 -0.915201 1.852141 2.597645
34.034034 1.573373 -0.888274 1.862570 2.594937
34.134134 1.571565 -0.861109 1.872445 2.591790
34.234234 1.569308 -0.833719 1.881774 2.588221
34.334334 1.566603 -0.806113 1.890557 2.584235
34.434434 1.563445 -0.778294 1.898782 2.579821
34.534535 1.559808 -0.750260 1.906416 2.574939
34.634635 1.555677 -0.722009 1.913436 2.569565
34.734735 1.551054 -0.693552 1.919843 2.563704
34.834835 1.545939 -0.664896 1.925628 2.557353
34.934935 1.540322 -0.636046 1.930779 2.550501
35.035035 1.534197 -0.607009 1.935284 2.543137
35.135135 1.527552 -0.577787 1.939122 2.535241
35.235235 1.520358 -0.548380 1.942253 2.526767
35.335335 1.512596 -0.518789 1.944648 2.517686
35.435435 1.504268 -0.489027 1.946307 2.508003
35.535536 1.495388 -0.459107 1.947240 2.497741
35.635636 1.485979 -0.429047 1.947474 2.486940
35.735736 1.476049 -0.398859 1.947016 2.475617
35.835836 1.465584 -0.368549 1.945841 2.463750
35.935936 1.454575 -0.338124 1.943934 2.451325
36.036036 1.443025 -0.307596 1.941293 2.438351
36.136136 1.430948 -0.276978 1.937932 2.424852
36.236236 1.418343 -0.246281 1.933846 2.410832
36.336336 1.405198 -0.215513 1.929015 2.396273
36.436436 1.391505 -0.184685 1.923420 2.381163
36.536537 1.377259 -0.153806 1.917049 2.365497
36.636637 1.362459 -0.122889 1.909897 2.349277
36.736737 1.347109 -0.091945 1.901962 2.332512
36.836837 1.331199 -0.060988 1.893227 2.315193
36.936937 1.314704 -0.030028 1.883648 2.297276
37.037037 1.297610 0.000922 1.873199 2.278743
37.137137 1.279896 0.031846 1.861845 2.259561
37.237237 1.261545 0.062730 1.849552 2.239704
37.337337 1.242549 0.093557 1.836303 2.219165
37.437437 1.222890 0.124309 1.822062 2.197913
37.537538 1.202537 0.154964 1.806774 2.175900
37.637638 1.181470 0.185501 1.790402 2.153096
37.737738 1.159681 0.215898 1.772924 2.129491
37.837838 1.137153 0.246131 1.754303 2.105060
37.937938 1.113865 0.276173 1.734500 2.079773
38.038038 1.089797 0.305993 1.713466 2.053595
38.138138 1.064912 0.335555 1.691137 2.026470
38.238238 1.039188 0.364825 1.667460 1.998357
38.338338 1.012605 0.393764 1.642393 1.969232
38.438438 0.985128 0.422325 1.615863 1.939033
38.538539 0.956720 0.450456 1.587790 1.907696
38.638639 0.927358 0.478107 1.558120 1.875184
38.738739 0.897004 0.505215 1.526769 1.841434
38.838839 0.865632 0.531716 1.493670 1.806403
38.938939 0.833256 0.557567 1.458823 1.770130
39.039039 0.799868 0.582705 1.422188 1.732615
39.139139 0.765446 0.607054 1.383698 1.693825
39.239239 0.729966 0.630525 1.343276 1.653724
39.339339 0.693394 0.653014 1.300829 1.612259
39.439439 0.655697 0.674403 1.256252 1.569372
39.539540 0.616855 0.694570 1.209460 1.525035
39.639640 0.576841 0.713371 1.160350 1.479208
39.739740 0.535596 0.730601 1.108742 1.431764
39.839840 0.493064 0.746022 1.054444 1.382575
39.939940 0.449224 0.759406 0.997322 1.331597
40.040040 0.404068 0.770505 0.937251 1.278823
40.140140 0.357561 0.778954 0.874013 1.224140
40.240240 0.309662 0.784290 0.807335 1.167387
40.340340 0.260352 0.785953 0.736932 1.108411
40.440440 0.209631 0.783241 0.662483 1.047041
40.540541 0.157540 0.775253 0.583632 0.983088
40.640641 0.104188 0.760839 0.500007 0.916372
40.740741 0.049803 0.738498 0.411249 0.846750
40.840841 -0.005194 0.706135 0.317003 0.774044
40.940941 -0.060012 0.660850 0.217076 0.698173
41.041041 -0.113194 0.598832 0.111821 0.619610
41.141141 -0.162052 0.514953 0.002762 0.539856
41.241241 -0.201569 0.402524 -0.105937 0.462469
41.341341 -0.222575 0.254660 -0.204205 0.395084
41.441441 -0.211333 0.071793 -0.272014 0.351863
41.541542 -0.158115 -0.124019 -0.285191 0.348877
41.641642 -0.072201 -0.295384 -0.239946 0.387349
41.741742 0.025744 -0.422905 -0.157188 0.451907
41.841842 0.121873 -0.509616 -0.058298 0.527219
41.941942 0.210872 -0.565167 0.044622 0.604873
42.042042 0.291592 -0.598127 0.145975 0.681241
42.142142 0.364280 -0.614479 0.243368 0.754661
42.242242 0.429589 -0.618333 0.335854 0.824428
42.342342 0.488244 -0.612603 0.423141 0.890344
42.442442 0.540916 -0.599376 0.505238 0.952422
42.542543 0.588209 -0.580207 0.582303 1.010795
42.642643 0.630652 -0.556278 0.654555 1.065650
42.742743 0.668729 -0.528523 0.722264 1.117229
42.842843 0.702847 -0.497666 0.785684 1.165747
42.942943 0.733364 -0.464289 0.845067 1.211414
43.043043 0.760552 -0.428833 0.900599 1.254359
43.143143 0.784634 -0.391656 0.952441 1.294677
43.243243 0.805819 -0.353062 1.000752 1.332480
43.343343 0.824257 -0.313293 1.045637 1.367811
43.443443 0.840120 -0.272575 1.087243 1.400784
43.543544 0.853628 -0.231121 1.125788 1.431606
43.643644 0.864946 -0.189103 1.161432 1.460417
43.743744 0.874187 -0.146661 1.194274 1.487280
43.843844 0.881441 -0.103914 1.224387 1.512237
43.943944 0.886781 -0.060971 1.251828 1.535309
44.044044 0.890274 -0.017931 1.276648 1.556515
44.144144 0.892019 0.025116 1.298948 1.575942
44.244244 0.892102 0.068086 1.318815 1.593661
44.344344 0.890577 0.110904 1.336290 1.609689
44.444444 0.887496 0.153498 1.351417 1.624050
44.544545 0.882895 0.195799 1.364216 1.636743
44.644645 0.876819 0.237742 1.374722 1.647785
44.744745 0.869352 0.279279 1.383033 1.657272
44.844845 0.860550 0.320355 1.389205 1.665252
44.944945 0.850438 0.360912 1.393249 1.671719
45.045045 0.839053 0.400897 1.395192 1.676690
45.145145 0.826429 0.440258 1.395061 1.680180
45.245245 0.812589 0.478938 1.392861 1.682184
45.345345 0.797530 0.516866 1.388558 1.682646
45.445445 0.781257 0.553973 1.382124 1.681522
45.545546 0.763781 0.590192 1.373545 1.678783
45.645646 0.745132 0.625469 1.362841 1.674446
45.745746 0.725339 0.659750 1.350029 1.668522
45.845846 0.704426 0.692974 1.335114 1.661011
45.945946 0.682424 0.725090 1.318119 1.651937
46.046046 0.659340 0.756015 1.299015 1.641258
46.146146 0.635175 0.785659 1.277760 1.628919
46.246246 0.609944 0.813943 1.254344 1.614903
46.346346 0.583656 0.840772 1.228732 1.599166
46.446446 0.556315 0.866037 1.200883 1.581653
46.546547 0.527940 0.889645 1.170780 1.562343
46.646647 0.498543 0.911481 1.138387 1.541190
46.746747 0.468123 0.931391 1.103633 1.518103
46.846847 0.436689 0.949226 1.066461 1.493005
46.946947 0.404265 0.964850 1.026845 1.465870
47.047047 0.370876 0.978106 0.984749 1.436653
47.147147 0.336535 0.988777 0.940090 1.405241
47.247247 0.301258 0.996618 0.892780 1.371517
47.347347 0.265073 1.001367 0.842737 1.335367
47.447447 0.228015 1.002717 0.789874 1.296662
47.547548 0.190128 1.000307 0.734087 1.255248
47.647648 0.151475 0.993718 0.675272 1.210955
47.747748 0.112130 0.982404 0.613288 1.163534
47.847848 0.072198 0.965694 0.547977 1.112680
47.947948 0.031835 0.942815 0.479210 1.058091
48.048048 -0.008734 0.912865 0.406895 0.999481
48.148148 -0.049189 0.874777 0.331005 0.936599
48.248248 -0.089074 0.827259 0.251604 0.869250
48.348348 -0.127726 0.768735 0.168926 0.797373
48.448448 -0.164111 0.696980 0.083439 0.720885
48.548549 -0.196575 0.608976 -0.003856 0.639928
48.648649 -0.222286 0.500588 -0.090772 0.555193
48.748749 -0.236113 0.366234 -0.172469 0.468638
48.848849 -0.228799 0.200467 -0.238091 0.386295
48.948949 -0.185474 0.005718 -0.265058 0.323557
49.049049 -0.095207 -0.187194 -0.223431 0.306638
49.149149 0.023849 -0.325458 -0.115142 0.346048
49.249249 0.139880 -0.395034 0.020346 0.419562
49.349349 0.239747 -0.415862 0.154908 0.504397
49.449449 0.323065 -0.407088 0.279188 0.589947
49.549550 0.392413 -0.380402 0.391539 0.672307
49.649650 0.450319 -0.342504 0.492527 0.750120
49.749750 0.498873 -0.297446 0.583310 0.823164
49.849850 0.539751 -0.247799 0.665121 0.891696
49.949950 0.574174 -0.195198 0.738975 0.955961
50.050050 0.602997 -0.140711 0.805612 1.016079
50.150150 0.626883 -0.085096 0.865643 1.072176
50.250250 0.646410 -0.028914 0.919644 1.124468
50.350350 0.662069 0.027414 0.968129 1.173184
50.450450 0.674281 0.083570 1.011559 1.218561
50.550551 0.683404 0.139313 1.050344 1.260822
50.650651 0.689729 0.194454 1.084811 1.300136
50.750751 0.693484 0.248839 1.115224 1.336625
50.850851 0.694884 0.302347 1.141833 1.370424
50.950951 0.694114 0.354877 1.164862 1.401654
51.051051 0.691321 0.406339 1.184480 1.430395
51.151151 0.686637 0.456655 1.200842 1.456717
51.251251 0.680152 0.505738 1.214038 1.480630
51.351351 0.671937 0.553498 1.224130 1.502116
51.451451 0.662120 0.599902 1.231285 1.521298
51.551552 0.650831 0.644936 1.235687 1.538326
51.651652 0.638153 0.688556 1.237435 1.553253
51.751752 0.624153 0.730709 1.236601 1.566105
51.851852 0.608900 0.771356 1.233266 1.576925
51.951952 0.592468 0.810468 1.227524 1.585778
52.052052 0.574934 0.848030 1.219480 1.592745
52.152152 0.556374 0.884035 1.209238 1.597913
52.252252 0.536847 0.918458 1.196875 1.601337
52.352352 0.516396 0.951253 1.182430 1.603025
52.452452 0.495061 0.982369 1.165938 1.602980
52.552553 0.472897 1.011789 1.147470 1.601261
52.652653 0.449951 1.039482 1.127078 1.597899
52.752753 0.426254 1.065383 1.104780 1.592882
52.852853 0.401842 1.089438 1.080602 1.586207
52.952953 0.376747 1.111575 1.054556 1.577855
53.053053 0.351001 1.131729 1.026661 1.567815
53.153153 0.324652 1.149861 0.996964 1.556122
53.253253 0.297730 1.165889 0.965476 1.542752
53.353353 0.270270 1.179723 0.932201 1.527676
53.453453 0.242310 1.191278 0.897157 1.510877
53.553554 0.213877 1.200408 0.860318 1.492270
53.653654 0.185003 1.206940 0.821647 1.471745
53.753754 0.155728 1.210714 0.781129 1.449222
53.853854 0.126106 1.211639 0.738803 1.424711
53.953954 0.096200 1.209633 0.694719 1.398249
54.054054 0.066068 1.204525 0.648883 1.369779
54.154154 0.035773 1.196062 0.601271 1.339168
54.254254 0.005391 1.184015 0.551887 1.306330
54.354354 -0.024986 1.168182 0.500769 1.271237
54.454454 -0.055255 1.148269 0.447933 1.233783
54.554555 -0.085289 1.123942 0.393407 1.193854
54.654655 -0.114937 1.094829 0.337239 1.151343
54.754755 -0.144013 1.060498 0.279497 1.106125
54.854855 -0.172289 1.020452 0.220285 1.058079
54.954955 -0.199468 0.974073 0.159745 1.007037
55.055055 -0.225171 0.920627 0.098089 0.952826
55.155155 -0.248880 0.859167 0.035628 0.895198
55.255255 -0.269915 0.788612 -0.027154 0.833966
55.355355 -0.287341 0.707655 -0.089506 0.768994
55.455455 -0.299734 0.614480 -0.150211 0.699992
55.555556 -0.304982 0.506875 -0.207235 0.626804
55.655656 -0.299847 0.382331 -0.257057 0.549694
55.755756 -0.279101 0.238420 -0.293249 0.469826
55.855856 -0.234667 0.075292 -0.304083 0.391413
55.955956 -0.155997 -0.096574 -0.269523 0.326044
56.056056 -0.039908 -0.240928 -0.168314 0.296595
56.156156 0.088764 -0.307230 -0.013076 0.320063
56.256256 0.195835 -0.291781 0.148553 0.381518
56.356356 0.272234 -0.227933 0.288156 0.457273
56.456456 0.323334 -0.141893 0.401446 0.534638
56.556557 0.355664 -0.047197 0.491624 0.608620
56.656657 0.374233 0.049522 0.562870 0.677735
56.756757 0.382583 0.144976 0.618785 0.741810
56.856857 0.383082 0.237486 0.662019 0.800887
56.956957 0.377410 0.326175 0.694589 0.855150
57.057057 0.366825 0.410605 0.718111 0.904898
57.157157 0.352276 0.490574 0.733863 0.950429
57.257257 0.334501 0.566012 0.742875 0.992031
57.357357 0.314069 0.636910 0.745967 1.029933
57.457457 0.291423 0.703265 0.743776 1.064290
57.557558 0.266929 0.765100 0.736842 1.095246
57.657658 0.240895 0.822448 0.725622 1.122933
57.757758 0.213584 0.875357 0.710519 1.147478
57.857858 0.185229 0.923892 0.691899 1.169021
57.957958 0.156025 0.968083 0.670059 1.187648
58.058058 0.126146 1.007946 0.645255 1.203421
58.158158 0.095752 1.043529 0.617740 1.216439
58.258258 0.064991 1.074892 0.587757 1.226815
58.358358 0.033997 1.102053 0.555507 1.234611
58.458458 0.002893 1.125025 0.521173 1.239883
58.558559 -0.028201 1.143789 0.484919 1.242656
58.658659 -0.059171 1.158298 0.446890 1.242926
58.758759 -0.089900 1.168486 0.407221 1.240673
58.858859 -0.120272 1.174282 0.366051 1.235879
58.958959 -0.150163 1.175580 0.323506 1.228492
59.059059 -0.179438 1.172207 0.279705 1.218402
59.159159 -0.207963 1.164061 0.234793 1.205577
59.259259 -0.235597 1.151040 0.188927 1.189996
59.359359 -0.262181 1.132990 0.142265 1.171599
59.459459 -0.287557 1.109807 0.094987 1.150384
59.559560 -0.311527 1.081281 0.047283 1.126257
59.659660 -0.333851 1.047119 -0.000635 1.099052
59.759760 -0.354252 1.006999 -0.048515 1.068595
59.859860 -0.372386 0.960509 -0.096051 1.034637
59.959960 -0.387842 0.907180 -0.142865 0.996899
60.060060 -0.400159 0.846577 -0.188491 0.955169
60.160160 -0.408809 0.778287 -0.232358 0.909311
60.260260 -0.413119 0.701805 -0.273724 0.859141
60.360360 -0.412192 0.616511 -0.311583 0.804408
60.460460 -0.404787 0.521627 -0.344500 0.744733
60.560561 -0.389247 0.416379 -0.370437 0.679785
60.660661 -0.363317 0.300189 -0.386408 0.609445
60.760761 -0.323695 0.172964 -0.387689 0.533852
60.860861 -0.265628 0.036404 -0.366639 0.454211
60.960961 -0.182712 -0.102343 -0.310729 0.374714
61.061061 -0.069816 -0.220815 -0.202237 0.307462
61.161161 0.061204 -0.269954 -0.035723 0.279101
61.261261 0.168577 -0.214732 0.144620 0.308938
61.361361 0.227210 -0.092631 0.285353 0.376339
61.461461 0.247094 0.047852 0.378608 0.454631
61.561562 0.242856 0.184806 0.435429 0.531724
61.661662 0.223971 0.311177 0.466246 0.603639
61.761762 0.196075 0.425330 0.478443 0.669521
61.861862 0.162518 0.527355 0.476896 0.729345
61.961962 0.125393 0.617889 0.464920 0.783365
62.062062 0.086105 0.697790 0.444936 0.832041
62.162162 0.045602 0.767771 0.418639 0.875677
62.262262 0.004556 0.828382 0.387252 0.914441
62.362362 -0.036525 0.880138 0.351747 0.948527
62.462462 -0.077240 0.923504 0.312913 0.978131
62.562563 -0.117273 0.958909 0.271405 1.003454
62.662663 -0.156363 0.986743 0.227780 1.024693
62.762763 -0.194284 1.007323 0.182508 1.041996
62.862863 -0.230845 1.020944 0.136000 1.055515
62.962963 -0.265861 1.027819 0.088623 1.065339
63.063063 -0.299151 1.028094 0.040704 1.071506
63.163163 -0.330543 1.021917 -0.007442 1.074071
63.263263 -0.359873 1.009424 -0.055513 1.073093
63.363363 -0.386965 0.990715 -0.103211 1.068602
63.463463 -0.411603 0.965780 -0.150229 1.060527
63.563564 -0.433555 0.934595 -0.196242 1.048785
63.663664 -0.452592 0.897179 -0.240912 1.033348
63.763764 -0.468462 0.853533 -0.283873 1.014179
63.863864 -0.480844 0.803583 -0.324698 0.991153
63.963964 -0.489393 0.747275 -0.362912 0.964173
64.064064 -0.493717 0.684568 -0.397970 0.933150
64.164164 -0.493299 0.615337 -0.429180 0.897875
64.264264 -0.487500 0.539452 -0.455683 0.858086
64.364364 -0.475503 0.456773 -0.476363 0.813429
64.464464 -0.456294 0.367240 -0.489784 0.763517
64.564565 -0.428618 0.270983 -0.494074 0.707993
64.664665 -0.390776 0.168428 -0.486587 0.646406
64.764765 -0.340576 0.060733 -0.463627 0.578473
64.864865 -0.275351 -0.049319 -0.420064 0.504683
64.964965 -0.191724 -0.155346 -0.348093 0.426684
65.065065 -0.086957 -0.242216 -0.236810 0.349727
65.165165 0.033622 -0.276526 -0.078551 0.289426
65.265265 0.139136 -0.212161 0.103311 0.273942
65.365365 0.188002 -0.059226 0.244117 0.313761
65.465465 0.182497 0.115403 0.316421 0.383074
65.565566 0.146612 0.273772 0.337408 0.458575
65.665666 0.096583 0.407459 0.326638 0.531078
65.765766 0.040610 0.517314 0.296339 0.597561
65.865866 -0.017137 0.606026 0.253762 0.657234
65.965966 -0.074407 0.676230 0.203369 0.710058
66.066066 -0.129914 0.730245 0.148080 0.756348
66.166166 -0.182881 0.769971 0.089892 0.796481
66.266266 -0.232798 0.796882 0.030216 0.830740
66.366366 -0.279315 0.812196 -0.029883 0.859403
66.466466 -0.322173 0.816912 -0.089570 0.882703
66.566567 -0.361173 0.811889 -0.148166 0.900868
66.666667 -0.396139 0.797839 -0.205086 0.914075
66.766767 -0.426907 0.775381 -0.259814 0.922479
66.866867 -0.453300 0.745016 -0.311858 0.926167
66.966967 -0.475122 0.707181 -0.360739 0.925191
67.067067 -0.492160 0.662269 -0.405970 0.919583
67.167167 -0.504129 0.610579 -0.446997 0.909263
67.267267 -0.510708 0.552403 -0.483226 0.894136
67.367367 -0.511549 0.488068 -0.514006 0.874125
67.467467 -0.506240 0.417911 -0.538583 0.849118
67.567568 -0.494254 0.342296 -0.556033 0.818918
67.667668 -0.474987 0.261695 -0.565265 0.783340
67.767768 -0.447787 0.176790 -0.565027 0.742310
67.867868 -0.411801 0.088501 -0.553663 0.695669
67.967968 -0.365930 -0.001797 -0.528954 0.643195
68.068068 -0.308813 -0.091863 -0.487909 0.584687
68.168168 -0.238898 -0.177818 -0.426504 0.520190
68.268268 -0.154847 -0.252619 -0.339571 0.450669
68.368368 -0.056887 -0.302983 -0.221336 0.379505
68.468468 0.048615 -0.303964 -0.069521 0.315580
68.568569 0.138282 -0.221698 0.097695 0.278956
68.668669 0.174751 -0.056155 0.226404 0.291462
68.768769 0.152022 0.132097 0.280111 0.344996
68.868869 0.096326 0.296055 0.275072 0.415442
68.968969 0.028442 0.426116 0.236867 0.488355
69.069069 -0.041859 0.525897 0.181259 0.557830
69.169169 -0.110352 0.600945 0.116894 0.622074
69.269269 -0.175275 0.656148 0.048563 0.680889
69.369369 -0.235902 0.695175 -0.021003 0.734411
69.469469 -0.291972 0.720740 -0.090177 0.782845
69.569570 -0.343435 0.734943 -0.157924 0.826455
69.669670 -0.390337 0.739404 -0.223566 0.865485
69.769770 -0.432781 0.735448 -0.286642 0.900193
69.869870 -0.470832 0.724056 -0.346793 0.930701
69.969970 -0.504598 0.706104 -0.403776 0.957203
70.070070 -0.534234 0.682403 -0.457440 0.979965
70.170170 -0.559825 0.653566 -0.507626 0.999118
70.270270 -0.581405 0.620079 -0.554160 1.014703
70.370370 -0.599021 0.582396 -0.596902 1.026793
70.470470 -0.612692 0.540908 -0.635697 1.035415
70.570571 -0.622348 0.495909 -0.670313 1.040463
70.670671 -0.627969 0.447725 -0.700567 1.041920
70.770771 -0.629547 0.396692 -0.726297 1.039809
70.870871 -0.627050 0.343123 -0.747311 1.034117
70.970971 -0.620459 0.287345 -0.763430 1.024872
71.071071 -0.609660 0.229655 -0.774356 1.011956
71.171171 -0.594523 0.170365 -0.779755 0.995238
71.271271 -0.574964 0.109844 -0.779340 0.974690
71.371371 -0.550834 0.048490 -0.772708 0.950183
71.471471 -0.521931 -0.013241 -0.759362 0.921531
71.571572 -0.488074 -0.074801 -0.738787 0.888605
71.671672 -0.449013 -0.135508 -0.710309 0.851184
71.771772 -0.404406 -0.194476 -0.673029 0.808908
71.871872 -0.353941 -0.250550 -0.625964 0.761499
71.971972 -0.297262 -0.302114 -0.567858 0.708590
72.072072 -0.233991 -0.346817 -0.497085 0.649713
72.172172 -0.163873 -0.381080 -0.411632 0.584395
72.272272 -0.087075 -0.399188 -0.309115 0.512333
72.372372 -0.005099 -0.391469 -0.187256 0.433980
72.472472 0.076507 -0.341055 -0.046311 0.352586
72.572573 0.140365 -0.221723 0.100691 0.281073
72.672673 0.147571 -0.021386 0.203154 0.252005
72.772773 0.079064 0.190634 0.201713 0.288584
72.872873 -0.021934 0.338989 0.124123 0.361665
72.972973 -0.120876 0.424097 0.020436 0.441460
73.073073 -0.208090 0.465570 -0.086377 0.517221
73.173173 -0.282578 0.477906 -0.188212 0.586232
73.273273 -0.345388 0.470262 -0.282376 0.648209
73.373373 -0.397838 0.448422 -0.368111 0.703465
73.473473 -0.441163 0.416262 -0.445418 0.752527
73.573574 -0.476384 0.376451 -0.514546 0.795874
73.673674 -0.504273 0.330856 -0.575749 0.833813
73.773774 -0.525477 0.280892 -0.629313 0.866638
73.873874 -0.540535 0.227663 -0.675506 0.894604
73.973974 -0.549897 0.172060 -0.714569 0.917933
74.074074 -0.553973 0.114830 -0.746752 0.936862
74.174174 -0.553077 0.056598 -0.772220 0.951536
74.274274 -0.547503 -0.002083 -0.791141 0.962117
74.374374 -0.537516 -0.060716 -0.803671 0.968760
74.474474 -0.523273 -0.118832 -0.809822 0.971467
74.574575 -0.504911 -0.175977 -0.809582 0.970219
74.674675 -0.482593 -0.231705 -0.802981 0.965071
74.774775 -0.456451 -0.285556 -0.789998 0.956027
74.874875 -0.426577 -0.337027 -0.770536 0.943017
74.974975 -0.393002 -0.385521 -0.744363 0.925825
75.075075 -0.355723 -0.430323 -0.711149 0.904129
75.175175 -0.314764 -0.470603 -0.670545 0.877596
75.275275 -0.270202 -0.505420 -0.622230 0.845948
75.375375 -0.222178 -0.533661 -0.565899 0.808950
75.475475 -0.170895 -0.553940 -0.501203 0.766328
75.575576 -0.116670 -0.564480 -0.427786 0.717809
75.675676 -0.060001 -0.562820 -0.345236 0.662989
75.775776 -0.001766 -0.545517 -0.253237 0.601432
75.875876 0.056384 -0.507729 -0.151947 0.532969
75.975976 0.111187 -0.442262 -0.042768 0.458025
76.076076 0.155662 -0.338143 0.069268 0.378641
76.176176 0.174313 -0.181610 0.168119 0.302707
76.276276 0.138493 0.025448 0.211574 0.254149
76.376376 0.036338 0.216328 0.151856 0.266793
76.476476 -0.085373 0.318150 0.022989 0.330206
76.576577 -0.189610 0.344567 -0.115311 0.409848
76.676677 -0.271507 0.328280 -0.240994 0.489450
76.776777 -0.334674 0.288721 -0.350338 0.564007
76.876877 -0.383023 0.236131 -0.444286 0.632340
76.976977 -0.419629 0.176205 -0.524656 0.694551
77.077077 -0.446744 0.112251 -0.593178 0.751027
77.177177 -0.466093 0.046335 -0.651396 0.802313
77.277277 -0.478904 -0.020223 -0.700472 0.848775
77.377377 -0.486105 -0.086529 -0.741335 0.890709
77.477477 -0.488434 -0.151945 -0.774758 0.928388
77.577578 -0.486420 -0.215982 -0.801279 0.961926
77.677678 -0.480490 -0.278250 -0.821335 0.991405
77.777778 -0.471042 -0.338450 -0.835363 1.016986
77.877878 -0.458386 -0.396307 -0.843686 1.038742
77.977978 -0.442779 -0.451575 -0.846558 1.056709
78.078078 -0.424482 -0.504062 -0.844272 1.071009
78.178178 -0.403729 -0.553588 -0.837080 1.081739
78.278278 -0.380738 -0.600000 -0.825225 1.089017
78.378378 -0.355733 -0.643192 -0.808986 1.093023
78.478478 -0.328860 -0.682950 -0.788472 1.093736
78.578579 -0.300229 -0.718997 -0.763716 1.091034
78.678679 -0.269984 -0.751111 -0.734823 1.084908
78.778779 -0.238266 -0.779055 -0.701888 1.075335
78.878879 -0.205226 -0.802593 -0.665019 1.062319
78.978979 -0.171019 -0.821467 -0.624323 1.045865
79.079079 -0.135783 -0.835272 -0.579813 1.025817
79.179179 -0.099675 -0.843555 -0.531505 1.002007
79.279279 -0.062887 -0.845869 -0.479474 0.974343
79.379379 -0.025637 -0.841604 -0.423753 0.942614
79.479479 0.011809 -0.829937 -0.364348 0.906468
79.579580 0.049107 -0.809956 -0.301336 0.865589
79.679680 0.085803 -0.780608 -0.234887 0.819684
79.779780 0.121281 -0.740532 -0.165268 0.768382
79.879880 0.154626 -0.687772 -0.092896 0.711034
79.979980 0.184461 -0.619707 -0.018558 0.646844
80.080080 0.208626 -0.532973 0.056176 0.575100
80.180180 0.223370 -0.422729 0.128117 0.494982
80.280280 0.221780 -0.282555 0.190238 0.406466
80.380380 0.190183 -0.106475 0.225552 0.313656
80.480480 0.103351 0.093305 0.192039 0.237205
80.580581 -0.041311 0.224663 0.043620 0.232557
80.680681 -0.165945 0.212146 -0.142010 0.304484
80.780781 -0.239902 0.126111 -0.288285 0.395683
80.880881 -0.278414 0.019198 -0.392999 0.482007
80.980981 -0.294194 -0.090023 -0.465965 0.558371
81.081081 -0.294670 -0.194875 -0.514836 0.624389
81.181181 -0.284336 -0.292721 -0.544886 0.680760
81.281281 -0.266043 -0.382436 -0.559712 0.728226
81.381381 -0.241673 -0.463428 -0.561760 0.767298
81.481481 -0.212629 -0.535455 -0.552941 0.798541
81.581582 -0.180026 -0.598489 -0.534855 0.822598
81.681682 -0.144725 -0.652495 -0.508723 0.839937
81.781782 -0.107409 -0.697320 -0.475466 0.850800
81.881882 -0.068650 -0.732625 -0.435751 0.855179
81.981982 -0.028990 -0.758068 -0.390204 0.853093
82.082082 0.011039 -0.773172 -0.339373 0.844447
82.182182 0.050887 -0.777378 -0.283796 0.829123
82.282282 0.089951 -0.770059 -0.224054 0.807021
82.382382 0.127535 -0.750344 -0.160751 0.777896
82.482482 0.162794 -0.717178 -0.094622 0.741484
82.582583 0.194637 -0.669171 -0.026603 0.697410
82.682683 0.221550 -0.604441 0.041985 0.645133
82.782783 0.241249 -0.520317 0.109074 0.583805
82.882883 0.250124 -0.413254 0.171084 0.512455
82.982983 0.242139 -0.279034 0.221238 0.430624
83.083083 0.206321 -0.114323 0.245237 0.340263
83.183183 0.122731 0.071859 0.210154 0.253754
83.283283 -0.019880 0.206128 0.066033 0.217357
83.383383 -0.149060 0.181825 -0.131574 0.269427
83.483483 -0.213479 0.065289 -0.278101 0.356618
83.583584 -0.233925 -0.068551 -0.369115 0.442341
83.683684 -0.229395 -0.196358 -0.421310 0.518344
83.783784 -0.209962 -0.311968 -0.446391 0.583672
83.883884 -0.181192 -0.413985 -0.451749 0.638977
83.983984 -0.146389 -0.502367 -0.442136 0.685045
84.084084 -0.107684 -0.577423 -0.420766 0.722536
84.184184 -0.066553 -0.639467 -0.389916 0.751919
84.284284 -0.024100 -0.688711 -0.351275 0.773497
84.384384 0.018779 -0.725453 -0.306274 0.787679
84.484484 0.061319 -0.749838 -0.256084 0.794730
84.584585 0.102828 -0.761845 -0.201694 0.794772
84.684685 0.142624 -0.761345 -0.144029 0.787866
84.784785 0.180002 -0.748070 -0.083983 0.773992
84.884885 0.214176 -0.721612 -0.022502 0.753062
84.984985 0.244210 -0.681323 0.039359 0.724837
85.085085 0.268940 -0.626366 0.100305 0.689002
85.185185 0.286813 -0.555587 0.158626 0.645059
85.285285 0.295709 -0.467602 0.211899 0.592449
85.385385 0.292608 -0.360901 0.256458 0.530697
85.485485 0.272822 -0.234059 0.286191 0.459479
85.585586 0.228585 -0.087174 0.289845 0.379289
85.685686 0.147390 0.071185 0.245434 0.295007
85.785786 0.018683 0.196658 0.117337 0.229764
85.885886 -0.115993 0.187176 -0.081391 0.234763
85.985986 -0.182013 0.053520 -0.238096 0.304439
86.086086 -0.190037 -0.104386 -0.322240 0.388393
86.186186 -0.168528 -0.248792 -0.357559 0.467063
86.286286 -0.132510 -0.373005 -0.362657 0.536854
86.386386 -0.089212 -0.477409 -0.348145 0.597564
86.486486 -0.042424 -0.563612 -0.320232 0.649620
86.586587 0.005643 -0.633299 -0.282884 0.693630
86.686687 0.053584 -0.687927 -0.238796 0.730163
86.786787 0.100438 -0.728620 -0.189875 0.759623
86.886887 0.145490 -0.756307 -0.137578 0.782365
86.986987 0.188197 -0.771866 -0.083090 0.798811
87.087087 0.228094 -0.775965 -0.027392 0.809258
87.187187 0.264746 -0.769087 0.028667 0.813884
87.287287 0.297731 -0.751616 0.084301 0.812820
87.387387 0.326572 -0.723742 0.138734 0.806039
87.487487 0.350745 -0.685585 0.191157 0.793467
87.587588 0.369717 -0.637318 0.240719 0.775120
87.687688 0.382799 -0.578964 0.286416 0.750846
87.787788 0.389127 -0.510461 0.327028 0.720373
87.887888 0.387686 -0.431846 0.361076 0.683497
87.987988 0.377188 -0.343235 0.386645 0.639981
88.088088 0.355887 -0.244923 0.401082 0.589499
88.188188 0.321347 -0.137697 0.400506 0.531629
88.288288 0.270152 -0.023686 0.379012 0.466040
88.388388 0.197783 0.091436 0.327469 0.393337
88.488488 0.099351 0.192294 0.231756 0.317110
88.588589 -0.022236 0.238550 0.077532 0.251817
88.688689 -0.127027 0.163727 -0.108092 0.233723
88.788789 -0.156059 -0.012883 -0.231152 0.279199
88.888889 -0.124078 -0.192780 -0.267666 0.352427
88.988989 -0.066833 -0.338607 -0.252061 0.427383
89.089089 -0.001946 -0.449840 -0.209530 0.496248
89.189189 0.063341 -0.532344 -0.153218 0.557564
89.289289 0.125933 -0.591310 -0.089980 0.611231
89.389389 0.184418 -0.630758 -0.023699 0.657592
89.489489 0.238154 -0.653895 0.043224 0.697255
89.589590 0.286838 -0.663145 0.109235 0.730732
89.689690 0.330372 -0.660496 0.173283 0.758570
89.789790 0.368724 -0.647510 0.234602 0.781194
89.889890 0.401843 -0.625363 0.292579 0.798849
89.989990 0.429594 -0.594897 0.346631 0.811545
90.090090 0.451814 -0.556804 0.396205 0.819235
90.190190 0.468432 -0.511840 0.440852 0.822046
90.290290 0.479335 -0.460667 0.480104 0.820046
90.390390 0.484329 -0.403852 0.513421 0.813187
90.490490 0.483168 -0.341945 0.540194 0.801366
90.590591 0.475564 -0.275519 0.559745 0.784465
90.690691 0.461125 -0.205182 0.571229 0.762259
90.790791 0.439285 -0.131609 0.573518 0.734313
90.890891 0.409443 -0.055701 0.565331 0.700247
90.990991 0.370938 0.021303 0.545145 0.659721
91.091091 0.322855 0.097636 0.510829 0.612139
91.191191 0.264068 0.170544 0.459489 0.556729
91.291291 0.193444 0.235465 0.387395 0.492888
91.391391 0.110159 0.284129 0.289557 0.420366
91.491491 0.015373 0.300012 0.160055 0.340384
91.591592 -0.080053 0.249302 -0.000971 0.261842
91.691692 -0.132584 0.086259 -0.151711 0.219170
91.791792 -0.089641 -0.137093 -0.192375 0.252662
91.891892 0.004547 -0.301573 -0.132024 0.329237
91.991992 0.100723 -0.396659 -0.036913 0.410909
92.092092 0.185823 -0.444655 0.063851 0.486132
92.192192 0.258278 -0.461591 0.160639 0.552792
92.292292 0.318946 -0.457199 0.250216 0.611036
92.392392 0.368961 -0.437441 0.331480 0.661337
92.492492 0.409453 -0.406349 0.404208 0.704382
92.592593 0.441392 -0.366762 0.468497 0.740831
92.692693 0.465448 -0.320634 0.524412 0.771010
92.792793 0.482140 -0.269450 0.572025 0.795157
92.892893 0.491934 -0.214431 0.611443 0.813537
92.992993 0.495167 -0.156579 0.642695 0.826296
93.093093 0.492079 -0.096756 0.665729 0.833486
93.193193 0.482849 -0.035759 0.680439 0.835116
93.293293 0.467531 0.025652 0.686552 0.831021
93.393393 0.446153 0.086691 0.683749 0.821024
93.493493 0.418742 0.146512 0.671678 0.804961
93.593594 0.385223 0.204142 0.649784 0.782490
93.693694 0.345472 0.258404 0.617350 0.753156
93.793794 0.299437 0.307888 0.573650 0.716611
93.893894 0.247084 0.350762 0.517794 0.672455
93.993994 0.188326 0.384357 0.448429 0.619908
94.094094 0.123227 0.404669 0.363810 0.557943
94.194194 0.052441 0.405483 0.262023 0.485616
94.294294 -0.021774 0.375946 0.141338 0.402226
94.394394 -0.091742 0.295315 0.003303 0.309255
94.494494 -0.129348 0.126622 -0.128493 0.221978
94.594595 -0.068144 -0.118095 -0.152619 0.204652
94.694695 0.061613 -0.270415 -0.035345 0.279589
94.794795 0.173836 -0.312968 0.107067 0.373672
94.894895 0.257775 -0.300869 0.233772 0.460021
94.994995 0.319164 -0.261563 0.340434 0.534954
95.095095 0.363095 -0.207650 0.428613 0.598887
95.195195 0.393127 -0.145667 0.500440 0.652846
95.295295 0.411712 -0.079396 0.557718 0.697753
95.395395 0.420528 -0.011230 0.601766 0.734229
95.495495 0.420804 0.057160 0.633593 0.762747
95.595596 0.413473 0.124497 0.653956 0.783657
95.695696 0.399192 0.189715 0.663316 0.797079
95.795796 0.378422 0.251810 0.661875 0.802926
95.895896 0.351535 0.309792 0.649716 0.801048
95.995996 0.318908 0.362666 0.626925 0.791368
96.096096 0.280871 0.409322 0.593467 0.773716
96.196196 0.237773 0.448527 0.549284 0.747948
96.296296 0.190001 0.478802 0.494249 0.713886
96.396396 0.137924 0.498045 0.427932 0.670968
96.496496 0.082108 0.503492 0.349879 0.618596
96.596597 0.023523 0.491178 0.259667 0.556090
96.696697 -0.036008 0.454520 0.156903 0.482186
96.796797 -0.092246 0.382281 0.042540 0.395548
96.896897 -0.133569 0.254273 -0.075924 0.297086
96.996997 -0.123284 0.042129 -0.158570 0.205227
97.097097 -0.002978 -0.181608 -0.087755 0.201721
97.197197 0.136602 -0.243147 0.085414 0.291679
97.297297 0.230575 -0.208926 0.236766 0.390990
97.397397 0.290217 -0.141159 0.353986 0.479018
97.497497 0.326806 -0.061517 0.443394 0.554242
97.597598 0.346930 0.021474 0.510574 0.617663
97.697698 0.354592 0.103794 0.559463 0.670453
97.797798 0.352394 0.183271 0.592814 0.713581
97.897898 0.342074 0.258527 0.612502 0.747669
97.997998 0.324853 0.328556 0.619830 0.773090
98.098098 0.301701 0.392559 0.615828 0.790171
98.198198 0.273376 0.449789 0.601247 0.799089
98.298298 0.240501 0.499480 0.576635 0.799893
98.398398 0.203597 0.540729 0.542329 0.792439
98.498498 0.163134 0.572425 0.498497 0.776391
98.598599 0.119599 0.593187 0.445206 0.751254
98.698699 0.073559 0.601294 0.382485 0.716422
98.798799 0.025754 0.594480 0.310359 0.671113
98.898899 -0.022753 0.569526 0.228883 0.614219
98.998999 -0.070220 0.521765 0.138428 0.544364
99.099099 -0.113343 0.443679 0.040308 0.459698
99.199199 -0.144587 0.321909 -0.060744 0.358079
99.299299 -0.142314 0.132853 -0.144342 0.242359
99.399399 -0.041720 -0.116349 -0.113679 0.167930
99.499499 0.121052 -0.196389 0.084459 0.245674
99.599600 0.217905 -0.133753 0.253026 0.359715
99.699700 0.267980 -0.037837 0.369375 0.457912
99.799800 0.290460 0.063044 0.448177 0.537777
99.899900 0.294775 0.160356 0.499125 0.601442
100.000000 0.286086 0.250752 0.528125 0.650874
