0.000000 -0.722837 -0.115272 0.640504 0.972639
0.100100 -0.672925 -0.164848 0.677707 0.969170
0.200200 -0.617705 -0.213088 0.709512 0.964559
0.300300 -0.557547 -0.259581 0.735585 0.958815
0.400400 -0.492843 -0.303912 0.755596 0.951936
0.500501 -0.424050 -0.345670 0.769264 0.943967
0.600601 -0.351657 -0.384431 0.776314 0.934941
0.700701 -0.276163 -0.419724 0.776408 0.924794
0.800801 -0.198138 -0.451073 0.769248 0.913492
0.900901 -0.118242 -0.478030 0.754637 0.901094
1.001001 -0.037200 -0.500117 0.732376 0.887624
1.101101 0.044186 -0.516863 0.702330 0.873136
1.201201 0.125024 -0.527832 0.664468 0.857761
1.301301 0.204332 -0.532567 0.618795 0.841597
1.401401 0.280995 -0.530558 0.565323 0.824645
1.501502 0.353788 -0.521344 0.504211 0.806966
1.601602 0.421341 -0.504500 0.435759 0.788628
1.701702 0.482172 -0.479679 0.360457 0.769748
1.801802 0.534822 -0.446780 0.279126 0.750706
1.901902 0.577843 -0.405893 0.192848 0.732012
2.002002 0.609694 -0.357218 0.102924 0.714090
2.102102 0.628729 -0.301090 0.010917 0.697190
2.202202 0.633330 -0.238108 -0.081260 0.681473
2.302302 0.622167 -0.169253 -0.171337 0.667154
2.402402 0.594456 -0.095948 -0.256784 0.654616
2.502503 0.550009 -0.019996 -0.334925 0.644270
2.602603 0.489348 0.056493 -0.403119 0.636520
2.702703 0.413652 0.131183 -0.458837 0.631544
2.802803 0.324887 0.201672 -0.499979 0.629446
2.902903 0.225868 0.265738 -0.525258 0.630499
3.003003 0.119836 0.321481 -0.534128 0.634826
3.103103 0.010192 0.367400 -0.526707 0.642266
3.203203 -0.099715 0.402412 -0.503677 0.652357
3.303303 -0.206789 0.426071 -0.466449 0.664735
3.403403 -0.308385 0.438491 -0.416933 0.679123
3.503504 -0.402365 0.440111 -0.357162 0.695097
3.603604 -0.487060 0.431604 -0.289190 0.712138
3.703704 -0.561254 0.413816 -0.215017 0.729713
3.803804 -0.624137 0.387712 -0.136544 0.747337
3.903904 -0.675193 0.354284 -0.055517 0.764516
4.004004 -0.714201 0.314557 0.026470 0.780852
4.104104 -0.741198 0.269562 0.107979 0.796051
4.204204 -0.756580 0.220361 0.187771 0.810081
4.304304 -0.760926 0.167968 0.264792 0.823005
4.404404 -0.754827 0.113292 0.338146 0.834830
4.504505 -0.738978 0.057176 0.407099 0.845628
4.604605 -0.714065 0.000386 0.471022 0.855425
4.704705 -0.680784 -0.056382 0.529386 0.864231
4.804805 -0.639773 -0.112478 0.581695 0.871969
4.904905 -0.591636 -0.167287 0.627475 0.878489
5.005005 -0.537068 -0.220241 0.666384 0.883751
5.105105 -0.476798 -0.270817 0.698160 0.887753
5.205205 -0.411538 -0.318510 0.722562 0.890454
5.305305 -0.342014 -0.362849 0.739401 0.891822
5.405405 -0.268984 -0.403400 0.748563 0.891869
5.505506 -0.193198 -0.439726 0.749927 0.890548
5.605606 -0.115426 -0.471412 0.743410 0.887813
5.705706 -0.036485 -0.498127 0.729087 0.883758
5.805806 0.042793 -0.519574 0.707086 0.878498
5.905906 0.121558 -0.535396 0.677462 0.871998
6.006006 0.198912 -0.545215 0.640274 0.864162
6.106106 0.273895 -0.548669 0.595644 0.854896
6.206206 0.345489 -0.545431 0.543780 0.844129
6.306306 0.412691 -0.535330 0.485105 0.831997
6.406406 0.474409 -0.518184 0.420081 0.818563
6.506507 0.529434 -0.493787 0.349213 0.803789
6.606607 0.576521 -0.462042 0.273189 0.787713
6.706707 0.614412 -0.422976 0.192875 0.770462
6.806807 0.641825 -0.376747 0.109345 0.752220
6.906907 0.657420 -0.323630 0.023870 0.733149
7.007007 0.659853 -0.264085 -0.062011 0.713437
7.107107 0.647973 -0.198859 -0.146478 0.693448
7.207207 0.620847 -0.129010 -0.227420 0.673657
7.307307 0.577756 -0.055902 -0.302433 0.654517
7.407407 0.518439 0.018712 -0.368859 0.636542
7.507508 0.443283 0.092682 -0.423915 0.620318
7.607608 0.353532 0.163519 -0.464899 0.606510
7.707708 0.251314 0.228487 -0.489343 0.595669
7.807808 0.139772 0.284862 -0.495466 0.588361
7.907908 0.022891 0.330149 -0.482373 0.584984
8.008008 -0.094833 0.362352 -0.450204 0.585642
8.108108 -0.208769 0.380260 -0.400306 0.590277
8.208208 -0.314717 0.383650 -0.335136 0.598791
8.308308 -0.409278 0.373178 -0.257867 0.610955
8.408408 -0.489842 0.349963 -0.171807 0.626048
8.508509 -0.554774 0.315586 -0.080272 0.643283
8.608609 -0.603544 0.272017 0.013597 0.662151
8.708709 -0.636306 0.221243 0.107094 0.682131
8.808809 -0.653619 0.165107 0.197976 0.702618
8.908909 -0.656511 0.105337 0.284476 0.723208
9.009009 -0.646196 0.043465 0.365232 0.743541
9.109109 -0.623949 -0.019193 0.439219 0.763278
9.209209 -0.591024 -0.081500 0.505657 0.782075
9.309309 -0.548652 -0.142480 0.563979 0.799620
9.409409 -0.498185 -0.201333 0.613945 0.815875
9.509510 -0.440865 -0.257381 0.655416 0.830769
9.609610 -0.377837 -0.310060 0.688347 0.844227
9.709710 -0.310198 -0.358905 0.712807 0.856230
9.809810 -0.238964 -0.403532 0.728926 0.866762
9.909910 -0.165084 -0.443604 0.736848 0.875775
10.010010 -0.089426 -0.478766 0.736648 0.883100
10.110110 -0.012846 -0.508772 0.728543 0.888701
10.210210 0.063826 -0.533478 0.712874 0.892671
10.310310 0.139802 -0.552716 0.689927 0.895008
10.410410 0.214329 -0.566373 0.660038 0.895749
10.510511 0.286664 -0.574349 0.623557 0.894917
10.610611 0.356075 -0.576545 0.580826 0.892498
10.710711 0.421811 -0.572860 0.532198 0.888442
10.810811 0.483121 -0.563220 0.478066 0.882706
10.910911 0.539242 -0.547582 0.418871 0.875260
11.011011 0.589353 -0.525889 0.355075 0.866010
11.111111 0.632702 -0.498202 0.287263 0.855007
11.211211 0.668463 -0.464584 0.216067 0.842239
11.311311 0.695766 -0.425126 0.142192 0.827673
11.411411 0.713756 -0.380018 0.066470 0.811344
11.511512 0.721580 -0.329536 -0.010144 0.793332
11.611612 0.718468 -0.274098 -0.086549 0.773832
11.711712 0.703553 -0.214201 -0.161469 0.752955
11.811812 0.675902 -0.150475 -0.233400 0.730727
11.911912 0.634654 -0.083773 -0.300561 0.707206
12.012012 0.579274 -0.015261 -0.360953 0.682699
12.112112 0.509481 0.053559 -0.412262 0.657571
12.212212 0.425424 0.120800 -0.451917 0.632303
12.312312 0.327972 0.184128 -0.477187 0.607599
12.412412 0.218814 0.240733 -0.485211 0.584176
12.512513 0.100819 0.287367 -0.473289 0.562802
12.612613 -0.021704 0.320541 -0.439324 0.544263
12.712713 -0.142939 0.337030 -0.382597 0.529529
12.812813 -0.255905 0.334365 -0.304223 0.519460
12.912913 -0.353288 0.311480 -0.207522 0.514682
13.013013 -0.428785 0.269350 -0.098038 0.515769
13.113113 -0.478010 0.210742 0.017417 0.522694
13.213213 -0.498929 0.139656 0.131839 0.534617
13.313313 -0.492137 0.060793 0.238967 0.550454
13.413413 -0.460384 -0.021182 0.334016 0.569183
13.513514 -0.407624 -0.102220 0.413866 0.589823
13.613614 -0.338122 -0.179077 0.476741 0.611291
13.713714 -0.256124 -0.249337 0.522028 0.632678
13.813814 -0.165594 -0.311291 0.549924 0.653253
13.913914 -0.070085 -0.363902 0.561309 0.672610
14.014014 0.027303 -0.406721 0.557596 0.690711
14.114114 0.124001 -0.439549 0.540197 0.707384
14.214214 0.217869 -0.462416 0.510570 0.722480
14.314314 0.307125 -0.475548 0.470212 0.735915
14.414414 0.390229 -0.479204 0.420504 0.747488
14.514515 0.465872 -0.473737 0.362812 0.757031
14.614615 0.532936 -0.459585 0.298494 0.764420
14.714715 0.590461 -0.437239 0.228879 0.769550
14.814815 0.637575 -0.407220 0.155279 0.772297
14.914915 0.673550 -0.370117 0.079010 0.772592
15.015015 0.697842 -0.326625 0.001414 0.770499
15.115115 0.709856 -0.277422 -0.076157 0.765936
15.215215 0.709204 -0.223298 -0.152327 0.758970
15.315315 0.695483 -0.165100 -0.225633 0.749577
15.415415 0.668328 -0.103748 -0.294530 0.737682
15.515516 0.627689 -0.040345 -0.357426 0.723446
15.615616 0.573513 0.023878 -0.412542 0.706879
15.715716 0.506038 0.087495 -0.458017 0.688121
15.815816 0.425845 0.148841 -0.491881 0.667416
15.915916 0.333842 0.205970 -0.511976 0.644975
16.016016 0.231593 0.256655 -0.516184 0.621251
16.116116 0.121443 0.298389 -0.502507 0.596907
16.216216 0.006663 0.328299 -0.469038 0.572557
16.316316 -0.108256 0.343450 -0.414587 0.549145
16.416416 -0.217518 0.341192 -0.339236 0.528022
16.516517 -0.314180 0.319450 -0.244629 0.510490
16.616617 -0.390792 0.277494 -0.134656 0.497849
16.716717 -0.440611 0.216627 -0.015610 0.491232
16.816817 -0.458911 0.140332 0.104454 0.491124
16.916917 -0.444270 0.053984 0.216993 0.497369
17.017017 -0.398844 -0.036114 0.314509 0.509212
17.117117 -0.327546 -0.123911 0.391680 0.525408
17.217217 -0.236934 -0.204470 0.445855 0.544732
17.317317 -0.133815 -0.274319 0.476611 0.565964
17.417417 -0.024370 -0.331305 0.484987 0.587851
17.517518 0.086133 -0.374470 0.473101 0.609484
17.617618 0.193454 -0.403726 0.443630 0.630259
17.717718 0.294339 -0.419530 0.399375 0.649724
17.817818 0.386230 -0.422538 0.342947 0.667327
17.917918 0.467111 -0.413519 0.276768 0.682489
18.018018 0.535446 -0.393418 0.203192 0.694814
18.118118 0.590155 -0.363326 0.124472 0.704117
18.218218 0.630652 -0.324505 0.042785 0.710533
18.318318 0.656592 -0.278217 -0.039855 0.714217
18.418418 0.667631 -0.225647 -0.121548 0.715137
18.518519 0.663459 -0.167968 -0.200425 0.713135
18.618619 0.643904 -0.106430 -0.274605 0.708059
18.718719 0.608990 -0.042393 -0.342179 0.699823
18.818819 0.558959 0.022652 -0.401195 0.688408
18.918919 0.494307 0.087051 -0.449642 0.673866
19.019019 0.415822 0.148946 -0.485410 0.656289
19.119119 0.324716 0.206233 -0.506320 0.635871
19.219219 0.222845 0.256561 -0.510274 0.613077
19.319319 0.112754 0.297203 -0.495090 0.588351
19.419419 -0.001997 0.325082 -0.458766 0.562271
19.519520 -0.116449 0.336913 -0.399926 0.535735
19.619620 -0.224048 0.329510 -0.318391 0.510046
19.719720 -0.316670 0.300426 -0.216060 0.487050
19.819820 -0.385237 0.248761 -0.097659 0.468857
19.919920 -0.421214 0.176229 0.028754 0.457498
20.020020 -0.418785 0.087748 0.152377 0.454202
20.120120 -0.377518 -0.008863 0.261856 0.459528
20.220220 -0.302583 -0.104721 0.348036 0.472919
20.320320 -0.202730 -0.192080 0.405731 0.492557
20.420420 -0.087993 -0.265542 0.433929 0.516284
20.520521 0.032436 -0.322324 0.434760 0.542181
20.620621 0.151230 -0.361774 0.412142 0.568868
20.720721 0.263087 -0.384479 0.370406 0.595180
20.820821 0.364376 -0.391682 0.313709 0.620160
20.920921 0.452761 -0.384993 0.245872 0.643168
21.021021 0.526819 -0.366117 0.170251 0.663751
21.121121 0.585715 -0.336713 0.089740 0.681535
21.221221 0.629264 -0.298491 0.006884 0.696503
21.321321 0.657662 -0.253097 -0.076115 0.708782
21.421421 0.671071 -0.201956 -0.157349 0.718249
21.521522 0.669695 -0.146390 -0.235082 0.724696
21.621622 0.653965 -0.087711 -0.307742 0.728059
21.721722 0.624414 -0.027209 -0.373855 0.728286
21.821822 0.581673 0.033837 -0.432025 0.725351
21.921922 0.526520 0.094120 -0.480921 0.719283
22.022022 0.459780 0.152285 -0.519165 0.710015
22.122122 0.382494 0.206898 -0.545419 0.697561
22.222222 0.296010 0.256466 -0.558458 0.682108
22.322322 0.201988 0.299399 -0.557129 0.663951
22.422422 0.102426 0.333945 -0.540270 0.643352
22.522523 -0.000211 0.358035 -0.506583 0.620335
22.622623 -0.102708 0.369371 -0.454937 0.594938
22.722723 -0.200871 0.365647 -0.384840 0.567582
22.822823 -0.289365 0.344641 -0.296670 0.539002
22.922923 -0.361687 0.304621 -0.192268 0.510468
23.023023 -0.410186 0.244781 -0.075549 0.483609
23.123123 -0.426601 0.166039 0.046734 0.460153
23.223223 -0.403867 0.072301 0.164388 0.441995
23.323323 -0.339167 -0.028750 0.264675 0.431178
23.423423 -0.236361 -0.126406 0.334994 0.429029
23.523524 -0.106460 -0.209572 0.366911 0.435750
23.623624 0.035142 -0.270100 0.359061 0.450681
23.723724 0.173532 -0.304342 0.316131 0.471886
23.823824 0.297481 -0.312868 0.246341 0.497057
23.923924 0.400307 -0.298985 0.158787 0.524263
24.024024 0.479163 -0.267079 0.061555 0.552012
24.124124 0.533480 -0.221443 -0.038905 0.578922
24.224224 0.563923 -0.165862 -0.137672 0.603716
24.324324 0.572061 -0.103704 -0.231018 0.625602
24.424424 0.559992 -0.037873 -0.316217 0.644220
24.524525 0.530079 0.029163 -0.391338 0.659529
24.624625 0.484541 0.095325 -0.454902 0.671419
24.724725 0.425473 0.158801 -0.505731 0.679713
24.824825 0.355031 0.218002 -0.542998 0.684411
24.924925 0.275395 0.271514 -0.566140 0.685621
25.025025 0.188673 0.317961 -0.574605 0.683277
25.125125 0.097033 0.356000 -0.567922 0.677264
25.225225 0.002815 0.384298 -0.545751 0.667486
25.325325 -0.091414 0.401588 -0.507992 0.653977
25.425425 -0.182804 0.406740 -0.454931 0.637038
25.525526 -0.268161 0.398664 -0.387130 0.617019
25.625626 -0.343806 0.376307 -0.305533 0.594272
25.725726 -0.405380 0.338701 -0.211647 0.569075
25.825826 -0.447946 0.285356 -0.108037 0.541992
25.925926 -0.466301 0.216736 0.001202 0.514211
26.026026 -0.454845 0.134453 0.110090 0.486910
26.126126 -0.408706 0.042128 0.210285 0.461557
26.226226 -0.325965 -0.053720 0.291297 0.440446
26.326326 -0.209913 -0.143816 0.342167 0.426409
26.426426 -0.070447 -0.217580 0.354461 0.421837
26.526527 0.077153 -0.265999 0.325514 0.427396
26.626627 0.216223 -0.284597 0.259993 0.441978
26.726727 0.333433 -0.274161 0.167818 0.463146
26.826827 0.421126 -0.239259 0.060509 0.488112
26.926927 0.477105 -0.186189 -0.051569 0.514738
27.027027 0.502507 -0.121100 -0.160464 0.541227
27.127127 0.500043 -0.049237 -0.260544 0.565995
27.227227 0.473335 0.025054 -0.348048 0.588057
27.327327 0.426228 0.098285 -0.420582 0.606810
27.427427 0.362463 0.167681 -0.476687 0.621874
27.527528 0.285607 0.231011 -0.515562 0.633041
27.627628 0.199011 0.286429 -0.536805 0.640161
27.727728 0.105878 0.332372 -0.540324 0.643142
27.827828 0.009363 0.367550 -0.526372 0.642066
27.927928 -0.087390 0.390714 -0.495261 0.636850
28.028028 -0.181092 0.400567 -0.447325 0.627174
28.128128 -0.268210 0.396027 -0.383366 0.612979
28.228228 -0.344955 0.376303 -0.304769 0.594544
28.328328 -0.407200 0.340883 -0.213533 0.572372
28.428428 -0.450271 0.289547 -0.112434 0.547013
28.528529 -0.468851 0.222616 -0.005436 0.519046
28.628629 -0.457397 0.141602 0.101658 0.489487
28.728729 -0.411305 0.050067 0.200766 0.460419
28.828829 -0.328305 -0.045689 0.281475 0.434856
28.928929 -0.210654 -0.136276 0.331986 0.416126
29.029029 -0.067815 -0.210144 0.342199 0.407258
29.129129 0.083633 -0.256843 0.308275 0.409874
29.229229 0.224644 -0.271101 0.235331 0.423487
29.329329 0.340259 -0.254367 0.135296 0.445852
29.429429 0.422945 -0.212757 0.021800 0.473944
29.529530 0.471650 -0.153867 -0.093711 0.504887
29.629630 0.489168 -0.084675 -0.203207 0.536422
29.729730 0.479950 -0.010765 -0.301723 0.567014
29.829830 0.448647 0.063693 -0.386430 0.595542
29.929930 0.399549 0.135659 -0.455858 0.621167
30.030030 0.336620 0.202952 -0.509539 0.643531
30.130130 0.263402 0.264048 -0.547655 0.662592
30.230230 0.182926 0.317854 -0.570659 0.678340
30.330330 0.097801 0.363534 -0.579093 0.690703
30.430430 0.010359 0.400502 -0.573666 0.699715
30.530531 -0.077279 0.428216 -0.555014 0.705252
30.630631 -0.163117 0.446171 -0.523738 0.707091
30.730731 -0.245258 0.454120 -0.480742 0.705329
30.830831 -0.321876 0.451923 -0.427035 0.700141
30.930931 -0.391186 0.439530 -0.363722 0.691742
31.031031 -0.451434 0.417012 -0.292065 0.680437
31.131131 -0.500937 0.384619 -0.213528 0.666681
31.231231 -0.537823 0.342601 -0.129701 0.650731
31.331331 -0.560027 0.291288 -0.042414 0.632675
31.431431 -0.565461 0.231318 0.046049 0.612678
31.531532 -0.551987 0.163685 0.132870 0.590878
31.631632 -0.517753 0.089978 0.214579 0.567634
31.731732 -0.461535 0.012543 0.287045 0.543660
31.831832 -0.383045 -0.065375 0.345487 0.519960
31.931932 -0.283451 -0.139534 0.384671 0.497782
32.032032 -0.166086 -0.204711 0.399407 0.478557
32.132132 -0.037009 -0.255054 0.385415 0.463645
32.232232 0.094805 -0.285048 0.340816 0.454308
32.332332 0.218470 -0.290918 0.267455 0.451547
32.432432 0.323179 -0.271630 0.171008 0.455490
32.532533 0.400527 -0.229325 0.060053 0.465423
32.632633 0.446084 -0.168763 -0.055745 0.480187
32.732733 0.459269 -0.095897 -0.167579 0.498204
32.832833 0.442685 -0.016745 -0.268650 0.518096
32.932933 0.400702 0.063418 -0.354378 0.538672
33.033033 0.338330 0.140406 -0.422148 0.558918
33.133133 0.260626 0.211062 -0.470830 0.578061
33.233233 0.172185 0.273033 -0.500131 0.595252
33.333333 0.077213 0.324649 -0.510463 0.609861
33.433433 -0.020475 0.364776 -0.502741 0.621473
33.533534 -0.117456 0.392687 -0.478198 0.629819
33.633634 -0.210641 0.408005 -0.438337 0.634804
33.733734 -0.297134 0.410449 -0.384676 0.636186
33.833834 -0.374132 0.399845 -0.318819 0.633637
33.933934 -0.438978 0.376313 -0.242690 0.627066
34.034034 -0.489208 0.340305 -0.158557 0.616662
34.134134 -0.522436 0.292530 -0.068998 0.602722
34.234234 -0.536277 0.233965 0.023030 0.585545
34.334334 -0.528391 0.165997 0.114015 0.565466
34.434434 -0.496566 0.090604 0.199702 0.542833
34.534535 -0.438942 0.010631 0.274831 0.517992
34.634635 -0.354829 -0.069824 0.333151 0.491700
34.734735 -0.245705 -0.145117 0.367645 0.465395
34.834835 -0.116209 -0.207971 0.371083 0.440975
34.934935 0.024433 -0.249947 0.337612 0.420776
35.035035 0.161863 -0.263115 0.265489 0.407324
35.135135 0.278443 -0.242829 0.159790 0.402528
35.235235 0.357947 -0.190299 0.032940 0.406724
35.335335 0.391106 -0.113042 -0.098299 0.418814
35.435435 0.377924 -0.022226 -0.218124 0.436920
35.535536 0.325477 0.071096 -0.315567 0.458882
35.635636 0.244117 0.158320 -0.385283 0.482806
35.735736 0.144269 0.233761 -0.426115 0.506983
35.835836 0.034947 0.294100 -0.439316 0.529825
35.935936 -0.076441 0.337803 -0.427607 0.550274
36.036036 -0.184042 0.364563 -0.394421 0.567755
36.136136 -0.283365 0.374877 -0.343424 0.582038
36.236236 -0.370889 0.369589 -0.278140 0.592888
36.336336 -0.443791 0.349747 -0.201914 0.600036
36.436436 -0.499825 0.316639 -0.118051 0.603342
36.536537 -0.537198 0.271739 -0.029824 0.602755
36.636637 -0.554528 0.216738 0.059464 0.598342
36.736737 -0.550795 0.153545 0.146435 0.590249
36.836837 -0.525240 0.084325 0.227525 0.578581
36.936937 -0.477359 0.011592 0.298842 0.563305
37.037037 -0.407393 -0.061592 0.356213 0.544656
37.137137 -0.316442 -0.131467 0.395042 0.522950
37.237237 -0.206988 -0.193463 0.410500 0.498781
37.337337 -0.083669 -0.242119 0.397923 0.473249
37.437437 0.046039 -0.271145 0.353344 0.447763
37.537538 0.170888 -0.274040 0.274991 0.424171
37.637638 0.275928 -0.245843 0.165716 0.405015
37.737738 0.344749 -0.185752 0.035220 0.393187
37.837838 0.364378 -0.099336 -0.100045 0.390702
37.937938 0.331043 0.001519 -0.220771 0.397909
38.038038 0.251921 0.102320 -0.311181 0.413240
38.138138 0.141341 0.190646 -0.363161 0.433831
38.238238 0.015293 0.258686 -0.376214 0.456825
38.338338 -0.112408 0.303092 -0.354728 0.479929
38.438438 -0.231358 0.323500 -0.305056 0.501236
38.538539 -0.334263 0.321334 -0.234033 0.519383
38.638639 -0.416306 0.299057 -0.148323 0.533616
38.738739 -0.474293 0.259492 -0.054033 0.543332
38.838839 -0.506344 0.205738 0.043211 0.548252
38.938939 -0.511855 0.141213 0.138172 0.548660
39.039039 -0.490819 0.069404 0.225910 0.544752
39.139139 -0.443848 -0.006023 0.301641 0.536680
39.239239 -0.372419 -0.081037 0.360636 0.524711
39.339339 -0.279038 -0.151160 0.398212 0.509200
39.439439 -0.167701 -0.211358 0.409882 0.490713
39.539540 -0.044435 -0.256153 0.391875 0.470271
39.639640 0.082180 -0.279793 0.341715 0.449229
39.739740 0.200620 -0.276767 0.259215 0.429000
39.839840 0.296662 -0.243351 0.148496 0.411436
39.939940 0.355693 -0.179865 0.019661 0.399068
40.040040 0.366745 -0.092289 -0.111582 0.394297
40.140140 0.326577 0.008112 -0.227152 0.397890
40.240240 0.241788 0.107495 -0.311813 0.408955
40.340340 0.126361 0.193494 -0.357299 0.425523
40.440440 -0.003482 0.257958 -0.362785 0.445160
40.540541 -0.133215 0.297209 -0.332662 0.465557
40.640641 -0.251695 0.310990 -0.273921 0.484869
40.740741 -0.351166 0.301155 -0.194312 0.501766
40.840841 -0.426470 0.270551 -0.101267 0.515101
40.940941 -0.474347 0.222536 -0.001694 0.523956
41.041041 -0.493201 0.160907 0.097979 0.527957
41.141141 -0.482705 0.089728 0.191787 0.527103
41.241241 -0.443497 0.013254 0.274127 0.521546
41.341341 -0.377087 -0.063956 0.339545 0.511444
41.441441 -0.286101 -0.136884 0.382670 0.497018
41.541542 -0.174805 -0.199889 0.398342 0.478737
41.641642 -0.049702 -0.246687 0.381956 0.457400
41.741742 0.079640 -0.270519 0.330268 0.434281
41.841842 0.199813 -0.264747 0.242737 0.411020
41.941942 0.293696 -0.224807 0.124209 0.390158
42.042042 0.343047 -0.151231 -0.012513 0.375112
42.142142 0.334124 -0.052275 -0.146670 0.368624
42.242242 0.265323 0.055966 -0.254427 0.371836
42.342342 0.149877 0.154527 -0.317678 0.383746
42.442442 0.010034 0.228565 -0.330112 0.401642
42.542543 -0.131645 0.270742 -0.296240 0.422362
42.642643 -0.257834 0.280374 -0.226536 0.443178
42.742743 -0.357528 0.260929 -0.133178 0.462219
42.842843 -0.424863 0.217739 -0.027584 0.478204
42.942943 -0.457646 0.156773 0.080350 0.490381
43.043043 -0.455922 0.083970 0.182250 0.498128
43.143143 -0.421358 0.005120 0.271018 0.501019
43.243243 -0.357002 -0.074053 0.340570 0.498921
43.343343 -0.266977 -0.147816 0.385514 0.491678
43.443443 -0.156975 -0.210384 0.401420 0.479626
43.543544 -0.034580 -0.256028 0.385190 0.463808
43.643644 0.090592 -0.279044 0.335101 0.445382
43.743744 0.206408 -0.274220 0.251788 0.425674
43.843844 0.298232 -0.238044 0.139948 0.406439
43.943944 0.350391 -0.170598 0.010047 0.389844
44.044044 0.349892 -0.077828 -0.120920 0.378290
44.144144 0.292359 0.027452 -0.231926 0.374188
44.244244 0.185798 0.128071 -0.303957 0.378567
44.344344 0.048874 0.208013 -0.326675 0.390352
44.444444 -0.095643 0.257230 -0.300891 0.407247
44.544545 -0.227960 0.272769 -0.235502 0.426415
44.644645 -0.334497 0.257130 -0.143011 0.445484
44.744745 -0.408065 0.215955 -0.036153 0.463099
44.844845 -0.445958 0.155816 0.073986 0.478154
44.944945 -0.448383 0.083231 0.178317 0.489665
45.045045 -0.417684 0.004477 0.269501 0.497102
45.145145 -0.357574 -0.074588 0.341706 0.500185
45.245245 -0.272762 -0.148455 0.390238 0.498722
45.345345 -0.168822 -0.211807 0.411257 0.492438
45.445445 -0.052571 -0.259481 0.401958 0.481315
45.545546 0.067653 -0.286495 0.360794 0.465649
45.645646 0.181710 -0.288379 0.288138 0.446323
45.745746 0.277374 -0.261600 0.187062 0.424692
45.845846 0.340697 -0.204724 0.064747 0.402714
45.945946 0.357822 -0.120475 -0.065799 0.383250
46.046046 0.318769 -0.017695 -0.185471 0.369224
46.146146 0.223786 0.087888 -0.272175 0.363158
46.246246 0.087558 0.177165 -0.308562 0.366421
46.346346 -0.064654 0.234600 -0.289329 0.378059
46.446446 -0.206629 0.253445 -0.222239 0.395373
46.546547 -0.319213 0.235734 -0.122823 0.415394
46.646647 -0.392329 0.188610 -0.007844 0.435382
46.746747 -0.422980 0.120916 0.108205 0.453035
46.846847 -0.412871 0.041468 0.213970 0.466868
46.946947 -0.366566 -0.041674 0.301061 0.476177
47.047047 -0.290090 -0.121398 0.363388 0.480563
47.147147 -0.190341 -0.191337 0.396497 0.479635
47.247247 -0.075226 -0.245692 0.397404 0.473237
47.347347 0.046105 -0.279157 0.364640 0.461538
47.447447 0.162971 -0.286965 0.298512 0.444992
47.547548 0.262759 -0.265253 0.201883 0.424451
47.647648 0.330922 -0.212068 0.081596 0.401423
47.747748 0.351856 -0.129106 -0.049644 0.378068
47.847848 0.312585 -0.024582 -0.171640 0.357455
47.947948 0.210307 0.084308 -0.258207 0.343523
48.048048 0.060543 0.173639 -0.285732 0.339792
48.148148 -0.103489 0.222244 -0.246194 0.347439
48.248248 -0.245451 0.222230 -0.152424 0.364507
48.348348 -0.341720 0.180141 -0.029280 0.387402
48.448448 -0.384757 0.109558 0.099037 0.412127
48.548549 -0.378056 0.024494 0.215001 0.435605
48.648649 -0.330169 -0.063440 0.307829 0.455845
48.748749 -0.250869 -0.145482 0.371572 0.471344
48.848849 -0.150075 -0.215168 0.403634 0.481393
48.948949 -0.037317 -0.267743 0.403577 0.485750
49.049049 0.078285 -0.299653 0.372396 0.484354
49.149149 0.187708 -0.308258 0.312312 0.477280
49.249249 0.281695 -0.291751 0.226880 0.464699
49.349349 0.350478 -0.249377 0.121484 0.446970
49.449449 0.383892 -0.182095 0.004195 0.424911
49.549550 0.372085 -0.093694 -0.113121 0.400028
49.649650 0.307645 0.007511 -0.213799 0.374716
49.749750 0.190716 0.106818 -0.277127 0.352962
49.849850 0.035620 0.183824 -0.283687 0.339909
49.949950 -0.127096 0.218884 -0.225850 0.339222
50.050050 -0.260721 0.203568 -0.115927 0.350507
50.150150 -0.339765 0.145109 0.019010 0.369943
50.250250 -0.357621 0.060049 0.151187 0.392882
50.350350 -0.321367 -0.034470 0.261015 0.415444
50.450450 -0.243979 -0.124878 0.337863 0.435054
50.550551 -0.139491 -0.201666 0.377535 0.450177
50.650651 -0.021046 -0.258499 0.379749 0.459863
50.750751 0.099384 -0.291276 0.346606 0.463525
50.850851 0.210763 -0.297628 0.282042 0.461033
50.950951 0.302636 -0.276595 0.191602 0.452553
51.051051 0.364853 -0.228642 0.082646 0.438435
51.151151 0.387714 -0.156253 -0.034903 0.419470
51.251251 0.362554 -0.064830 -0.147677 0.396808
51.351351 0.284124 0.035668 -0.238116 0.372422
51.451451 0.155974 0.129289 -0.285986 0.350473
51.551552 -0.003977 0.195330 -0.273822 0.336376
51.651652 -0.162441 0.215235 -0.197344 0.334152
51.751752 -0.282046 0.183452 -0.073375 0.344367
51.851852 -0.340010 0.111043 0.067384 0.363976
51.951952 -0.334697 0.017447 0.196342 0.388429
52.052052 -0.278103 -0.079293 0.295881 0.413732
52.152152 -0.186431 -0.166437 0.358675 0.437156
52.252252 -0.074903 -0.236257 0.383838 0.456902
52.352352 0.043652 -0.284468 0.373776 0.471737
52.452452 0.158658 -0.309043 0.332606 0.480943
52.552553 0.261354 -0.309595 0.265568 0.484439
52.652653 0.344243 -0.286737 0.178477 0.482260
52.752753 0.400637 -0.241893 0.077767 0.474415
52.852853 0.424644 -0.177603 -0.029076 0.461205
52.952953 0.411204 -0.097808 -0.133133 0.443147
53.053053 0.356880 -0.008499 -0.223655 0.421256
53.153153 0.261550 0.081466 -0.288026 0.397498
53.253253 0.130658 0.159764 -0.312399 0.374419
53.353353 -0.021098 0.211305 -0.285124 0.355515
53.453453 -0.168075 0.222029 -0.203238 0.344748
53.553554 -0.279176 0.185815 -0.078613 0.344451
53.653654 -0.330751 0.109877 0.062920 0.354158
53.753754 -0.317054 0.011924 0.192507 0.371112
53.853854 -0.248944 -0.088526 0.289692 0.392086
53.953954 -0.144741 -0.176629 0.345568 0.414204
54.054054 -0.022646 -0.243507 0.359588 0.434870
54.154154 0.102058 -0.284881 0.335790 0.452027
54.254254 0.217387 -0.299696 0.280593 0.464551
54.354354 0.314260 -0.288978 0.201450 0.472069
54.454454 0.385656 -0.254845 0.105992 0.474248
54.554555 0.426234 -0.200381 0.002112 0.470991
54.654655 0.432096 -0.129673 -0.101831 0.462484
54.754755 0.400836 -0.047929 -0.196878 0.449141
54.854855 0.332087 0.038129 -0.273273 0.431756
54.954955 0.228437 0.119909 -0.320565 0.411490
55.055055 0.097247 0.186728 -0.328495 0.390171
55.155155 -0.047334 0.226358 -0.289102 0.370214
55.255255 -0.183307 0.227743 -0.201266 0.354932
55.355355 -0.283967 0.185875 -0.075536 0.347696
55.455455 -0.326829 0.106338 0.065339 0.349849
55.555556 -0.304126 0.005330 0.193301 0.360398
55.655656 -0.225110 -0.096974 0.285909 0.376593
55.755756 -0.108979 -0.183736 0.332008 0.394797
55.855856 0.023050 -0.244561 0.330901 0.412112
55.955956 0.152478 -0.274962 0.288455 0.426685
56.056056 0.264979 -0.274564 0.213595 0.437289
56.156156 0.349896 -0.245535 0.116431 0.443024
56.256256 0.399428 -0.191697 0.007524 0.443111
56.356356 0.408417 -0.118462 -0.102060 0.437326
56.456456 0.374174 -0.032814 -0.200663 0.425851
56.556557 0.296894 0.056400 -0.275891 0.409198
56.656657 0.181396 0.138008 -0.315115 0.388906
56.756757 0.039235 0.198555 -0.306924 0.367649
56.856857 -0.109064 0.223555 -0.244369 0.348695
56.956957 -0.233959 0.202075 -0.131488 0.335947
57.057057 -0.304478 0.134057 0.011348 0.332877
57.157157 -0.302999 0.034276 0.151590 0.340533
57.257257 -0.234490 -0.073473 0.258842 0.356907
57.357357 -0.120487 -0.167622 0.316803 0.378125
57.457457 0.013562 -0.235005 0.323643 0.400195
57.557558 0.146223 -0.270520 0.286298 0.420153
57.657658 0.261967 -0.274287 0.215191 0.436082
57.757758 0.350422 -0.249322 0.121443 0.446884
57.857858 0.405010 -0.200219 0.015900 0.452077
57.957958 0.421795 -0.132446 -0.091105 0.451390
58.058058 0.399009 -0.052310 -0.189471 0.444796
58.158158 0.337246 0.032826 -0.269175 0.432744
58.258258 0.239953 0.114298 -0.320228 0.416158
58.358358 0.114421 0.181909 -0.333017 0.396337
58.458458 -0.026350 0.224182 -0.299881 0.375340
58.558559 -0.162115 0.229850 -0.218243 0.356009
58.658659 -0.266318 0.191750 -0.095504 0.341781
58.758759 -0.312854 0.112575 0.047283 0.335837
58.858859 -0.288399 0.007929 0.179238 0.339651
58.958959 -0.200341 -0.098695 0.271987 0.351929
59.059059 -0.071868 -0.185991 0.310693 0.369172
59.159159 0.069632 -0.241398 0.295664 0.387993
59.259259 0.201220 -0.261042 0.236564 0.405704
59.359359 0.306982 -0.246819 0.146589 0.420292
59.459459 0.377339 -0.203977 0.039491 0.430756
59.559560 0.407203 -0.139209 -0.071896 0.436305
59.659660 0.394819 -0.060007 -0.175811 0.436339
59.759760 0.341332 0.025369 -0.261320 0.430627
59.859860 0.250643 0.107823 -0.318126 0.419108
59.959960 0.130218 0.177152 -0.336716 0.402141
60.060060 -0.007436 0.222168 -0.309521 0.381073
60.160160 -0.143199 0.231650 -0.233283 0.358592
60.260260 -0.250909 0.197096 -0.113248 0.338567
60.360360 -0.301601 0.118507 0.031456 0.325571
60.460460 -0.275932 0.010300 0.167648 0.323033
60.560561 -0.178683 -0.100689 0.260506 0.331556
60.660661 -0.037997 -0.187971 0.291127 0.348614
60.760761 0.111385 -0.236616 0.261321 0.369706
60.860861 0.242027 -0.244117 0.185661 0.390692
60.960961 0.337247 -0.215471 0.082236 0.408566
61.061061 0.388785 -0.158741 -0.032089 0.421168
61.161161 0.394291 -0.083130 -0.142736 0.427492
61.261261 0.355316 0.001855 -0.237276 0.427262
61.361361 0.275985 0.086528 -0.304723 0.420132
61.461461 0.163546 0.160591 -0.335288 0.406146
61.561562 0.029561 0.212842 -0.320755 0.386082
61.661662 -0.108364 0.231526 -0.256112 0.361856
61.761762 -0.224882 0.206399 -0.143602 0.337334
61.861862 -0.288378 0.133751 0.001149 0.317887
61.961962 -0.272445 0.024940 0.144626 0.309459
62.062062 -0.176308 -0.091137 0.245418 0.315627
62.162162 -0.030439 -0.182387 0.278232 0.334073
62.262262 0.123821 -0.230846 0.244942 0.358633
62.362362 0.255127 -0.234892 0.163955 0.383595
62.462462 0.346686 -0.201799 0.056653 0.405122
62.562563 0.392190 -0.141644 -0.058535 0.421072
62.662663 0.391407 -0.064658 -0.166975 0.430420
62.762763 0.347508 0.019479 -0.257062 0.432692
62.862863 0.266139 0.101472 -0.319369 0.427929
62.962963 0.155250 0.172024 -0.345991 0.416419
63.063063 0.025837 0.221532 -0.330593 0.398793
63.163163 -0.106617 0.240244 -0.269604 0.376524
63.263263 -0.220831 0.219473 -0.164781 0.352261
63.363363 -0.290119 0.155057 -0.027855 0.330133
63.463463 -0.288555 0.053593 0.114712 0.315112
63.563564 -0.206787 -0.062289 0.224720 0.311672
63.663664 -0.065569 -0.160427 0.270353 0.321134
63.763764 0.093806 -0.216872 0.244987 0.340370
63.863864 0.233376 -0.225361 0.164829 0.363897
63.963964 0.331254 -0.192809 0.054120 0.387083
64.064064 0.379705 -0.131130 -0.065170 0.406962
64.164164 0.379269 -0.052374 -0.176344 0.421527
64.264264 0.334835 0.032546 -0.267186 0.429608
64.364364 0.253599 0.113894 -0.328668 0.430473
64.464464 0.144620 0.182675 -0.354044 0.423830
64.564565 0.019191 0.230282 -0.338588 0.409926
64.664665 -0.108254 0.248190 -0.279769 0.389343
64.764765 -0.218771 0.228682 -0.179174 0.363675
64.864865 -0.288425 0.167436 -0.046494 0.336727
64.964965 -0.291263 0.068390 0.095558 0.314074
65.065065 -0.212194 -0.049008 0.209493 0.302184
65.165165 -0.066763 -0.150724 0.257409 0.305671
65.265265 0.099798 -0.206538 0.226404 0.322298
65.365365 0.241140 -0.207629 0.134607 0.345510
65.465465 0.330866 -0.163398 0.012751 0.369234
65.565566 0.361796 -0.089650 -0.112049 0.389215
65.665666 0.337862 -0.002050 -0.220222 0.403302
65.765766 0.267866 0.085949 -0.298542 0.410203
65.865866 0.163194 0.162830 -0.338224 0.409318
65.965966 0.037367 0.218355 -0.333712 0.400548
66.066066 -0.093340 0.243373 -0.282802 0.384603
66.166166 -0.208793 0.230085 -0.187749 0.363020
66.266266 -0.284476 0.173913 -0.058269 0.338478
66.366366 -0.294118 0.078309 0.083406 0.315585
66.466466 -0.220947 -0.038417 0.200284 0.300678
66.566567 -0.076931 -0.142167 0.252013 0.299400
66.666667 0.092695 -0.199794 0.221551 0.312402
66.766767 0.236919 -0.199986 0.126576 0.334883
66.866867 0.326328 -0.152837 0.000802 0.360347
66.966967 0.354399 -0.076372 -0.125956 0.383792
67.067067 0.327237 0.012340 -0.233572 0.402234
67.167167 0.255713 0.099571 -0.309794 0.413855
67.267267 0.152396 0.174522 -0.347642 0.417777
67.367367 0.030804 0.228456 -0.343674 0.413827
67.467467 -0.094399 0.254087 -0.297266 0.402291
67.567568 -0.206477 0.245399 -0.210953 0.383868
67.667668 -0.285984 0.198679 -0.092324 0.360255
67.767768 -0.311615 0.115247 0.042683 0.334974
67.867868 -0.265226 0.006028 0.166624 0.313281
67.967968 -0.145098 -0.103946 0.242936 0.301457
68.068068 0.019995 -0.181083 0.243079 0.303773
68.168168 0.179691 -0.202917 0.168518 0.319159
68.268268 0.292801 -0.170781 0.048339 0.342397
68.368368 0.343621 -0.101515 -0.083255 0.367848
68.468468 0.334969 -0.014214 -0.201097 0.390956
68.568569 0.277852 0.075470 -0.290304 0.408869
68.668669 0.185879 0.155911 -0.343413 0.420466
68.768769 0.072666 0.218662 -0.357458 0.425288
68.868869 -0.048458 0.257629 -0.332618 0.423504
68.968969 -0.164106 0.268275 -0.271310 0.415345
69.069069 -0.260249 0.247431 -0.178317 0.400934
69.169169 -0.322015 0.194283 -0.062307 0.381211
69.269269 -0.334631 0.111911 0.062603 0.358359
69.369369 -0.286000 0.009657 0.175207 0.335540
69.469469 -0.174043 -0.093957 0.247914 0.317143
69.569570 -0.017067 -0.172144 0.254904 0.308060
69.669670 0.144523 -0.200795 0.188740 0.311172
69.769770 0.266347 -0.173451 0.069588 0.325374
69.869870 0.323202 -0.103103 -0.067522 0.345903
69.969970 0.313897 -0.011050 -0.191658 0.367949
70.070070 0.251351 0.083331 -0.283929 0.388248
70.170170 0.152542 0.166052 -0.335751 0.404439
70.270270 0.034220 0.227858 -0.345083 0.414937
70.370370 -0.088195 0.263018 -0.314002 0.418992
70.470470 -0.200510 0.268222 -0.247194 0.416235
70.570571 -0.289103 0.241933 -0.151480 0.406274
70.670671 -0.340792 0.185016 -0.036792 0.389517
70.770771 -0.343081 0.101658 0.082696 0.367257
70.870871 -0.286112 0.001277 0.187141 0.341882
70.970971 -0.168562 -0.098499 0.250723 0.317769
71.071071 -0.007413 -0.171063 0.246999 0.300543
71.171171 0.155004 -0.189548 0.165900 0.295766
71.271271 0.266823 -0.145915 0.030302 0.305621
71.371371 0.299493 -0.058199 -0.115417 0.326196
71.471471 0.257935 0.044797 -0.233740 0.350958
71.571572 0.164701 0.139618 -0.306368 0.374808
71.671672 0.044253 0.212159 -0.329490 0.394377
71.771772 -0.082682 0.255280 -0.306691 0.407509
71.871872 -0.199383 0.266353 -0.245293 0.413359
71.971972 -0.292084 0.245406 -0.154427 0.411564
72.072072 -0.348960 0.194491 -0.044808 0.402004
72.172172 -0.359622 0.118065 0.070398 0.384998
72.272272 -0.315747 0.024117 0.174387 0.361509
72.372372 -0.213924 -0.073553 0.245373 0.333738
72.472472 -0.062797 -0.152789 0.257711 0.306109
72.572573 0.105369 -0.184717 0.191842 0.286402
72.672673 0.233465 -0.148766 0.056367 0.282515
72.772773 0.272349 -0.055623 -0.101137 0.295798
72.872873 0.218973 0.057517 -0.226013 0.319905
72.972973 0.105507 0.156348 -0.290954 0.346742
73.073073 -0.031319 0.222727 -0.294539 0.370596
73.173173 -0.163432 0.251010 -0.247321 0.388438
73.273273 -0.271683 0.242192 -0.163352 0.398939
73.373373 -0.343189 0.200527 -0.057162 0.401568
73.473473 -0.369401 0.132437 0.056516 0.396473
73.573574 -0.345148 0.046412 0.162250 0.384196
73.673674 -0.269029 -0.046274 0.243158 0.365573
73.773774 -0.146205 -0.130318 0.280990 0.342511
73.873874 0.006762 -0.185848 0.258562 0.318495
73.973974 0.156388 -0.191685 0.168011 0.299045
74.074074 0.255302 -0.136851 0.025082 0.290751
74.174174 0.266458 -0.035099 -0.126293 0.296954
74.274274 0.191378 0.078776 -0.237877 0.315304
74.374374 0.063559 0.172365 -0.285920 0.339852
74.474474 -0.079122 0.229176 -0.272098 0.364444
74.574575 -0.208657 0.245928 -0.210262 0.385005
74.674675 -0.307744 0.226338 -0.117099 0.399559
74.774775 -0.366540 0.176975 -0.008408 0.407115
74.874875 -0.379911 0.105667 0.101343 0.407147
74.974975 -0.345850 0.021271 0.198294 0.399230
75.075075 -0.265473 -0.065743 0.268363 0.383167
75.175175 -0.144690 -0.142219 0.296834 0.359544
75.275275 0.002248 -0.191469 0.269500 0.330599
75.375375 0.146881 -0.194069 0.177664 0.301332
75.475475 0.243179 -0.135592 0.031306 0.280180
75.575576 0.244916 -0.025475 -0.125688 0.276460
75.675676 0.148294 0.095351 -0.232882 0.292090
75.775776 -0.001100 0.184807 -0.260828 0.319666
75.875876 -0.152175 0.226317 -0.219808 0.350274
75.975976 -0.274133 0.222899 -0.134429 0.378027
76.076076 -0.353498 0.184325 -0.027424 0.399611
76.176176 -0.386271 0.121234 0.083512 0.413373
76.276276 -0.373250 0.043690 0.184660 0.418717
76.376376 -0.317946 -0.038792 0.264874 0.415635
76.476476 -0.226027 -0.116671 0.314391 0.404403
76.576577 -0.106040 -0.179708 0.324367 0.385685
76.676677 0.028684 -0.216520 0.287496 0.361051
76.776777 0.157281 -0.214693 0.199985 0.332903
76.876877 0.248858 -0.164203 0.068049 0.305817
76.976977 0.266897 -0.066591 -0.082014 0.287044
77.077077 0.191734 0.053506 -0.202348 0.283848
77.177177 0.047250 0.154779 -0.250260 0.298026
77.277277 -0.113725 0.208353 -0.219776 0.323490
77.377377 -0.248212 0.210708 -0.134293 0.352196
77.477477 -0.336032 0.172593 -0.022353 0.378425
77.577578 -0.372203 0.107579 0.093548 0.398572
77.677678 -0.359052 0.028132 0.197303 0.410656
77.777778 -0.302429 -0.054784 0.277259 0.413929
77.877878 -0.209969 -0.131123 0.324240 0.407937
77.977978 -0.091476 -0.190910 0.330603 0.392572
78.078078 0.039381 -0.223602 0.290454 0.368663
78.178178 0.162576 -0.217940 0.201082 0.338176
78.278278 0.248455 -0.164219 0.068338 0.305562
78.378378 0.259598 -0.062829 -0.082518 0.279549
78.478478 0.171520 0.061040 -0.199662 0.270203
78.578579 0.010581 0.159072 -0.232120 0.281595
78.678679 -0.156626 0.197720 -0.176394 0.307798
78.778779 -0.279928 0.178365 -0.067574 0.338733
78.878879 -0.342573 0.119340 0.057335 0.367268
78.978979 -0.346894 0.039497 0.173190 0.389731
79.079079 -0.301708 -0.046218 0.264659 0.403990
79.179179 -0.217868 -0.126136 0.322398 0.409044
79.279279 -0.107390 -0.190587 0.340656 0.404849
79.379379 0.016454 -0.230791 0.315769 0.391466
79.479479 0.137454 -0.238170 0.246304 0.369167
79.579580 0.234282 -0.205034 0.135463 0.339525
79.679680 0.278752 -0.127435 -0.003731 0.306523
79.779780 0.240028 -0.013442 -0.139490 0.277941
79.879880 0.107659 0.103790 -0.217991 0.264354
79.979980 -0.073416 0.173305 -0.196792 0.272308
80.080080 -0.225744 0.170010 -0.091532 0.297056
80.180180 -0.304682 0.109514 0.046217 0.327048
80.280280 -0.307139 0.020496 0.173826 0.353511
80.380380 -0.248211 -0.073207 0.267527 0.372208
80.480480 -0.146788 -0.154691 0.315871 0.381118
80.580581 -0.022021 -0.211647 0.314084 0.379378
80.680681 0.106023 -0.234363 0.261674 0.366933
80.780781 0.214331 -0.214845 0.162523 0.344252
80.880881 0.274335 -0.148207 0.028586 0.313117
80.980981 0.252375 -0.039065 -0.111380 0.278612
81.081081 0.126720 0.083404 -0.201726 0.252404
81.181181 -0.065091 0.158635 -0.181529 0.249709
81.281281 -0.222601 0.145404 -0.058783 0.272303
81.381381 -0.283167 0.065899 0.093738 0.305472
81.481481 -0.252692 -0.036577 0.218645 0.336150
81.581582 -0.160969 -0.131281 0.292105 0.358429
81.681682 -0.037224 -0.200692 0.308619 0.370012
81.781782 0.093232 -0.234623 0.270489 0.370006
81.881882 0.206815 -0.226741 0.184323 0.357993
81.981982 0.279066 -0.174274 0.062353 0.334869
82.082082 0.283101 -0.080339 -0.073257 0.303261
82.182182 0.195455 0.037786 -0.182556 0.270106
82.282282 0.022731 0.135962 -0.207437 0.249063
82.382382 -0.160782 0.157381 -0.116559 0.253388
82.482482 -0.261052 0.094334 0.038888 0.280284
82.582583 -0.256542 -0.009077 0.182267 0.314829
82.682683 -0.177185 -0.111531 0.274861 0.345518
82.782783 -0.058205 -0.190301 0.307770 0.366503
82.882883 0.071913 -0.234313 0.284129 0.375238
82.982983 0.189774 -0.238303 0.211941 0.371108
83.083083 0.274048 -0.200513 0.102802 0.354790
83.183183 0.303122 -0.123011 -0.026085 0.328169
83.283283 0.255219 -0.015473 -0.146648 0.294757
83.383383 0.119163 0.095005 -0.213155 0.262032
83.483483 -0.071290 0.156220 -0.174016 0.244476
83.583584 -0.218819 0.125323 -0.032860 0.254298
83.683684 -0.251897 0.026133 0.129366 0.284378
83.783784 -0.185726 -0.085933 0.244273 0.318666
83.883884 -0.066173 -0.175453 0.292016 0.347039
83.983984 0.068590 -0.227681 0.276938 0.365018
84.084084 0.191070 -0.238012 0.210672 0.370864
84.184184 0.279867 -0.206481 0.107406 0.364000
84.284284 0.316052 -0.136537 -0.015482 0.344631
84.384384 0.282649 -0.037257 -0.133932 0.314987
84.484484 0.168976 0.071008 -0.212087 0.280314
84.584585 -0.009338 0.148153 -0.203512 0.251900
84.684685 -0.178808 0.144547 -0.086491 0.245655
84.784785 -0.246842 0.057546 0.081570 0.266264
84.884885 -0.200743 -0.058851 0.215861 0.300595
84.984985 -0.087120 -0.158153 0.281367 0.334319
85.085085 0.048624 -0.220748 0.280311 0.360094
85.185185 0.175862 -0.241766 0.226029 0.374790
85.285285 0.273930 -0.222411 0.133872 0.377394
85.385385 0.327427 -0.166966 0.020073 0.368089
85.485485 0.323650 -0.082660 -0.096750 0.347768
85.585586 0.252823 0.018052 -0.192513 0.318287
85.685686 0.114500 0.112303 -0.234557 0.284147
85.785786 -0.063732 0.161954 -0.187123 0.255550
85.885886 -0.205941 0.128696 -0.046139 0.247190
85.985986 -0.234039 0.023431 0.121397 0.264689
86.086086 -0.152506 -0.095447 0.235800 0.296597
86.186186 -0.017386 -0.184343 0.272380 0.329356
86.286286 0.123627 -0.229148 0.242666 0.355920
86.386386 0.241798 -0.230319 0.166284 0.373046
86.486486 0.320236 -0.193383 0.062209 0.379233
86.586587 0.348377 -0.126098 -0.051603 0.374073
86.686687 0.319458 -0.038391 -0.156636 0.357857
86.786787 0.230724 0.055948 -0.231552 0.331632
86.886887 0.088399 0.135903 -0.250720 0.298571
86.986987 -0.079572 0.170571 -0.188857 0.266633
87.087087 -0.208440 0.129105 -0.045067 0.249291
87.187187 -0.225872 0.019303 0.121847 0.257366
87.287287 -0.132156 -0.102194 0.231910 0.285816
87.387387 0.012543 -0.188635 0.258689 0.320407
87.487487 0.156060 -0.226830 0.217967 0.351164
87.587588 0.270144 -0.220864 0.134183 0.373850
87.687688 0.341302 -0.179448 0.028575 0.386659
87.787788 0.363348 -0.112113 -0.081282 0.388842
87.887888 0.334299 -0.029079 -0.179616 0.380609
87.987988 0.255509 0.058039 -0.250880 0.362760
88.088088 0.133233 0.134645 -0.278548 0.336852
88.188188 -0.016512 0.181401 -0.245830 0.305959
88.288288 -0.159028 0.175073 -0.142757 0.276261
88.388388 -0.237309 0.101130 0.013590 0.258317
88.488488 -0.203896 -0.019502 0.162253 0.261305
88.588589 -0.076491 -0.132673 0.238285 0.283254
88.688689 0.081401 -0.199236 0.228218 0.313695
88.788789 0.219432 -0.212688 0.156102 0.343154
88.888889 0.313604 -0.182620 0.051356 0.366517
88.988989 0.355890 -0.121977 -0.062397 0.381352
89.089089 0.346005 -0.043314 -0.167199 0.386719
89.189189 0.287831 0.041376 -0.248642 0.382598
89.289289 0.188163 0.119869 -0.293912 0.368996
89.389389 0.058410 0.178535 -0.291252 0.346575
89.489489 -0.081732 0.201641 -0.231404 0.317627
89.589590 -0.199058 0.172884 -0.113223 0.286937
89.689690 -0.246024 0.085377 0.041641 0.263725
89.789790 -0.185659 -0.037971 0.176349 0.258863
89.889890 -0.039563 -0.144537 0.230689 0.275088
89.989990 0.124568 -0.196029 0.195173 0.303377
90.090090 0.254171 -0.189951 0.100981 0.332988
90.190190 0.328370 -0.141451 -0.016661 0.357929
90.290290 0.344764 -0.067620 -0.131981 0.375305
90.390390 0.308588 0.016706 -0.227435 0.383709
90.490490 0.228468 0.098678 -0.290537 0.382553
90.590591 0.115670 0.166344 -0.311813 0.371856
90.690691 -0.014860 0.207565 -0.283950 0.352039
90.790791 -0.141574 0.209396 -0.202861 0.324103
90.890891 -0.232226 0.160275 -0.073473 0.291573
90.990991 -0.243803 0.058840 0.077732 0.262572
91.091091 -0.145579 -0.066850 0.190753 0.249096
91.191191 0.028689 -0.157093 0.203385 0.258586
91.291291 0.192497 -0.173584 0.118547 0.285026
91.391391 0.289283 -0.126971 -0.011341 0.316124
91.491491 0.309643 -0.045649 -0.139882 0.342826
91.591592 0.265481 0.045796 -0.240138 0.360893
91.691692 0.174387 0.129483 -0.298421 0.369096
91.791792 0.054778 0.192022 -0.307942 0.367017
91.891892 -0.073683 0.222630 -0.266425 0.354930
91.991992 -0.188013 0.212379 -0.176415 0.334030
92.092092 -0.259662 0.155245 -0.048235 0.306353
92.192192 -0.255467 0.054304 0.091855 0.276857
92.292292 -0.152473 -0.065534 0.193442 0.254877
92.392392 0.023714 -0.151449 0.198684 0.250947
92.492492 0.189025 -0.159901 0.101474 0.267573
92.592593 0.275538 -0.099017 -0.041827 0.295762
92.692693 0.273670 -0.004817 -0.173914 0.324291
92.792793 0.204195 0.091539 -0.264404 0.346388
92.892893 0.093340 0.170007 -0.302250 0.359123
92.992993 -0.034431 0.218067 -0.285888 0.361207
93.093093 -0.155938 0.227515 -0.219018 0.352206
93.193193 -0.246975 0.193324 -0.110507 0.332540
93.293293 -0.280147 0.114910 0.022378 0.303623
93.393393 -0.227262 0.002855 0.146044 0.270158
93.493493 -0.078464 -0.107272 0.203638 0.243171
93.593594 0.111946 -0.153192 0.142881 0.237517
93.693694 0.234381 -0.104045 -0.007532 0.256547
93.793794 0.239947 0.000009 -0.158473 0.287556
93.893894 0.157254 0.106319 -0.254322 0.317351
93.993994 0.030660 0.184818 -0.281819 0.338407
94.094094 -0.103443 0.222231 -0.246206 0.347426
94.194194 -0.216322 0.213883 -0.159846 0.343645
94.294294 -0.282827 0.160155 -0.039886 0.327463
94.394394 -0.279017 0.067473 0.088770 0.300472
94.494494 -0.185985 -0.045069 0.186609 0.267291
94.594595 -0.012374 -0.134114 0.197982 0.239450
94.694695 0.164290 -0.140025 0.089679 0.233753
94.794795 0.235688 -0.054491 -0.078528 0.254332
94.894895 0.184491 0.062638 -0.210488 0.286820
94.994995 0.063028 0.158962 -0.266600 0.316728
95.095095 -0.077287 0.212477 -0.249676 0.336835
95.195195 -0.200667 0.217853 -0.175803 0.344433
95.295295 -0.281481 0.177032 -0.064662 0.338752
95.395395 -0.298882 0.096802 0.060378 0.319916
95.495495 -0.236210 -0.008352 0.167814 0.289874
95.595596 -0.090115 -0.108017 0.212387 0.254748
95.695696 0.097444 -0.147701 0.144687 0.228573
95.795796 0.212058 -0.082942 -0.022656 0.228825
95.895896 0.176483 0.043111 -0.177563 0.254035
95.995996 0.041854 0.149813 -0.239669 0.285722
96.096096 -0.112118 0.199911 -0.208889 0.310113
96.196196 -0.233538 0.189717 -0.114275 0.321856
96.296296 -0.292650 0.128678 0.011149 0.319885
96.396396 -0.271918 0.032941 0.132954 0.304469
96.496496 -0.166288 -0.072005 0.211724 0.278681
96.596597 0.003788 -0.145655 0.203642 0.250400
96.696697 0.166730 -0.138119 0.085369 0.232731
96.796797 0.216958 -0.038862 -0.088277 0.237432
96.896897 0.128326 0.087571 -0.208685 0.260165
96.996997 -0.027858 0.173018 -0.226473 0.286359
97.097097 -0.175943 0.193524 -0.157699 0.305412
97.197197 -0.269910 0.153408 -0.038868 0.312884
97.297297 -0.286007 0.068991 0.091237 0.308032
97.397397 -0.216070 -0.035659 0.193160 0.292008
97.497497 -0.071118 -0.126277 0.225685 0.268212
97.597598 0.102460 -0.157887 0.155790 0.244330
97.697698 0.211789 -0.096531 -0.003247 0.232773
97.797798 0.178880 0.029360 -0.159685 0.241577
97.897898 0.034351 0.139816 -0.220565 0.263395
97.997998 -0.130430 0.183865 -0.174086 0.284823
98.098098 -0.246154 0.156364 -0.058741 0.297476
98.198198 -0.277605 0.074961 0.077239 0.297741
98.298298 -0.213705 -0.031777 0.186105 0.285157
98.398398 -0.067253 -0.124532 0.220662 0.262151
98.498498 0.108691 -0.152453 0.143986 0.236194
98.598599 0.206062 -0.077834 -0.025925 0.221792
98.698699 0.139262 0.058029 -0.174097 0.230371
98.798799 -0.032382 0.155202 -0.198270 0.253865
98.898899 -0.190605 0.166553 -0.109845 0.275927
98.998999 -0.266137 0.103695 0.028998 0.287093
99.099099 -0.236961 -0.000203 0.156776 0.284129
99.199199 -0.111878 -0.103117 0.219825 0.267344
99.299299 0.064413 -0.153956 0.175353 0.242075
99.399399 0.193583 -0.105578 0.021582 0.221556
99.499499 0.165027 0.026077 -0.145890 0.221806
99.599600 0.000630 0.139230 -0.197466 0.241616
99.699700 -0.169818 0.163425 -0.119146 0.264086
99.799800 -0.255674 0.103452 0.022433 0.276722
99.899900 -0.227352 -0.003173 0.154634 0.274973
100.000000 -0.096318 -0.107467 0.215706 0.259529
