0.000000 -0.932400 0.649746 -0.439125 1.218347
0.100100 -0.957151 0.585722 -0.497898 1.227644
0.200200 -0.978399 0.519604 -0.554819 1.238982
0.300300 -0.996178 0.451692 -0.609746 1.252273
0.400400 -1.010546 0.382281 -0.662557 1.267408
0.500501 -1.021608 0.311666 -0.713174 1.284304
0.600601 -1.029485 0.240126 -0.761539 1.302859
0.700701 -1.034261 0.167910 -0.807585 1.322907
0.800801 -1.036049 0.095255 -0.851269 1.344296
0.900901 -1.035014 0.022386 -0.892608 1.366932
1.001001 -1.031305 -0.050493 -0.931613 1.390699
1.101101 -1.025086 -0.123202 -0.968323 1.415496
1.201201 -1.016540 -0.195584 -1.002808 1.441260
1.301301 -1.005832 -0.267502 -1.035133 1.467908
1.401401 -0.993085 -0.338827 -1.065328 1.495308
1.501502 -0.978428 -0.409450 -1.093447 1.523351
1.601602 -0.961989 -0.479275 -1.119543 1.551936
1.701702 -0.943889 -0.548220 -1.143677 1.580971
1.801802 -0.924300 -0.616248 -1.165975 1.610463
1.901902 -0.903399 -0.683345 -1.186586 1.640450
2.002002 -0.881321 -0.749494 -1.205617 1.670922
2.102102 -0.858154 -0.814657 -1.223124 1.701801
2.202202 -0.833964 -0.878787 -1.239138 1.732981
2.302302 -0.808820 -0.941848 -1.253697 1.764376
2.402402 -0.782809 -1.003834 -1.266873 1.795951
2.502503 -0.756014 -1.064747 -1.278742 1.827683
2.602603 -0.728518 -1.124599 -1.289383 1.859561
2.702703 -0.700379 -1.183385 -1.298843 1.891540
2.802803 -0.671654 -1.241103 -1.307171 1.923578
2.902903 -0.642419 -1.297797 -1.314459 1.955705
3.003003 -0.612740 -1.353508 -1.320789 1.987943
3.103103 -0.582667 -1.408258 -1.326217 2.020283
3.203203 -0.552233 -1.462040 -1.330768 2.052673
3.303303 -0.521480 -1.514875 -1.334490 2.085102
3.403403 -0.490452 -1.566802 -1.337446 2.117587
3.503504 -0.459182 -1.617844 -1.339677 2.150116
3.603604 -0.427697 -1.668002 -1.341208 2.182657
3.703704 -0.396019 -1.717272 -1.342054 2.215167
3.803804 -0.364169 -1.765648 -1.342232 2.247603
3.903904 -0.332163 -1.813114 -1.341746 2.279912
4.004004 -0.300022 -1.859660 -1.340608 2.312051
4.104104 -0.267763 -1.905288 -1.338835 2.343992
4.204204 -0.235412 -1.950040 -1.336474 2.375761
4.304304 -0.202992 -1.993975 -1.333578 2.407399
4.404404 -0.170523 -2.037133 -1.330190 2.438933
4.504505 -0.138022 -2.079567 -1.326353 2.470397
4.604605 -0.105504 -2.121314 -1.322104 2.501812
4.704705 -0.072981 -2.162410 -1.317473 2.533195
4.804805 -0.040465 -2.202866 -1.312476 2.564537
4.904905 -0.007964 -2.242680 -1.307121 2.595812
5.005005 0.024512 -2.281866 -1.301424 2.627017
5.105105 0.056955 -2.320449 -1.295405 2.658158
5.205205 0.089357 -2.358440 -1.289079 2.689228
5.305305 0.121712 -2.395852 -1.282460 2.720225
5.405405 0.154013 -2.432707 -1.275564 2.751154
5.505506 0.186254 -2.469011 -1.268401 2.782004
5.605606 0.218429 -2.504771 -1.260981 2.812768
5.705706 0.250535 -2.540020 -1.253324 2.843464
5.805806 0.282569 -2.574790 -1.245454 2.874117
5.905906 0.314528 -2.609089 -1.237375 2.904715
6.006006 0.346404 -2.642906 -1.229090 2.935236
6.106106 0.378194 -2.676236 -1.220598 2.965658
6.206206 0.409890 -2.709072 -1.211902 2.995962
6.306306 0.441492 -2.741444 -1.203018 3.026166
6.406406 0.473000 -2.773364 -1.193956 3.056273
6.506507 0.504406 -2.804827 -1.184717 3.086266
6.606607 0.535709 -2.835838 -1.175307 3.116136
6.706707 0.566906 -2.866408 -1.165733 3.145888
6.806807 0.597997 -2.896556 -1.156007 3.175530
6.906907 0.628981 -2.926287 -1.146135 3.205058
7.007007 0.659854 -2.955609 -1.136120 3.234471
7.107107 0.690619 -2.984539 -1.125974 3.263778
7.207207 0.721278 -3.013104 -1.115709 3.292999
7.307307 0.751831 -3.041315 -1.105332 3.322139
7.407407 0.782279 -3.069186 -1.094849 3.351203
7.507508 0.812623 -3.096731 -1.084269 3.380198
7.607608 0.842865 -3.123968 -1.073599 3.409137
7.707708 0.873005 -3.150906 -1.062844 3.438020
7.807808 0.903047 -3.177560 -1.052011 3.466859
7.907908 0.932991 -3.203944 -1.041107 3.495660
8.008008 0.962838 -3.230061 -1.030134 3.524418
8.108108 0.992586 -3.255918 -1.019095 3.553137
8.208208 1.022242 -3.281536 -1.007999 3.581832
8.308308 1.051811 -3.306939 -0.996855 3.610523
8.408408 1.081290 -3.332121 -0.985661 3.639196
8.508509 1.110674 -3.357072 -0.974416 3.667835
8.608609 1.139967 -3.381806 -0.963125 3.696451
8.708709 1.169171 -3.406334 -0.951793 3.725048
8.808809 1.198283 -3.430649 -0.940418 3.753614
8.908909 1.227304 -3.454760 -0.929004 3.782154
9.009009 1.256235 -3.478671 -0.917553 3.810667
9.109109 1.285075 -3.502383 -0.906066 3.839148
9.209209 1.313820 -3.525888 -0.894542 3.867585
9.309309 1.342466 -3.549178 -0.882980 3.895964
9.409409 1.371018 -3.572269 -0.871384 3.924297
9.509510 1.399479 -3.595170 -0.859759 3.952591
9.609610 1.427850 -3.617889 -0.848107 3.980849
9.709710 1.456135 -3.640434 -0.836429 4.009078
9.809810 1.484335 -3.662816 -0.824731 4.037283
9.909910 1.512452 -3.685038 -0.813012 4.065465
10.010010 1.540481 -3.707088 -0.801272 4.093607
10.110110 1.568422 -3.728970 -0.789511 4.121710
10.210210 1.596281 -3.750701 -0.777733 4.149788
10.310310 1.624060 -3.772286 -0.765942 4.177844
10.410410 1.651763 -3.793736 -0.754138 4.205886
10.510511 1.679392 -3.815056 -0.742324 4.233917
10.610611 1.706948 -3.836250 -0.730501 4.261938
10.710711 1.734428 -3.857315 -0.718669 4.289943
10.810811 1.761833 -3.878250 -0.706828 4.317926
10.910911 1.789161 -3.899055 -0.694979 4.345886
11.011011 1.816407 -3.919722 -0.683120 4.373809
11.111111 1.843576 -3.940256 -0.671254 4.401701
11.211211 1.870666 -3.960660 -0.659380 4.429559
11.311311 1.897674 -3.980927 -0.647499 4.457377
11.411411 1.924602 -4.001062 -0.635611 4.485153
11.511512 1.951451 -4.021068 -0.623718 4.512890
11.611612 1.978227 -4.040958 -0.611821 4.540600
11.711712 2.004929 -4.060733 -0.599922 4.568282
11.811812 2.031554 -4.080384 -0.588019 4.595924
11.911912 2.058096 -4.099904 -0.576112 4.623513
12.012012 2.084557 -4.119295 -0.564202 4.651053
12.112112 2.110938 -4.138560 -0.552289 4.678542
12.212212 2.137238 -4.157701 -0.540374 4.705982
12.312312 2.163462 -4.176726 -0.528458 4.733379
12.412412 2.189608 -4.195632 -0.516542 4.760727
12.512513 2.215673 -4.214413 -0.504625 4.788019
12.612613 2.241650 -4.233058 -0.492705 4.815240
12.712713 2.267537 -4.251565 -0.480784 4.842383
12.812813 2.293331 -4.269928 -0.468861 4.869444
12.912913 2.319031 -4.288144 -0.456937 4.896415
13.013013 2.344641 -4.306226 -0.445011 4.923307
13.113113 2.370165 -4.324179 -0.433087 4.950129
13.213213 2.395599 -4.341997 -0.421163 4.976868
13.313313 2.420940 -4.359675 -0.409240 5.003518
13.413413 2.446189 -4.377217 -0.397317 5.030082
13.513514 2.471350 -4.394629 -0.385397 5.056567
13.613614 2.496420 -4.411907 -0.373479 5.082964
13.713714 2.521396 -4.429048 -0.361563 5.109269
13.813814 2.546276 -4.446049 -0.349650 5.135477
13.913914 2.571065 -4.462916 -0.337740 5.161595
14.014014 2.595774 -4.479672 -0.325834 5.187645
14.114114 2.620407 -4.496325 -0.313936 5.213639
14.214214 2.644970 -4.512883 -0.302044 5.239582
14.314314 2.669467 -4.529355 -0.290159 5.265482
14.414414 2.693895 -4.545737 -0.278283 5.291336
14.514515 2.718254 -4.562028 -0.266415 5.317141
14.614615 2.742543 -4.578227 -0.254554 5.342893
14.714715 2.766761 -4.594332 -0.242702 5.368590
14.814815 2.790904 -4.610340 -0.230858 5.394227
14.914915 2.814973 -4.626250 -0.219022 5.419800
15.015015 2.838971 -4.642068 -0.207195 5.445317
15.115115 2.862895 -4.657790 -0.195378 5.470772
15.215215 2.886748 -4.673421 -0.183569 5.496169
15.315315 2.910529 -4.688960 -0.171770 5.521507
15.415415 2.934234 -4.704401 -0.159981 5.546775
15.515516 2.957867 -4.719751 -0.148202 5.571983
15.615616 2.981426 -4.735005 -0.136432 5.597123
15.715716 3.004911 -4.750165 -0.124673 5.622197
15.815816 3.028323 -4.765234 -0.112925 5.647207
15.915916 3.051661 -4.780211 -0.101187 5.672150
16.016016 3.074928 -4.795097 -0.089461 5.697029
16.116116 3.098127 -4.809902 -0.077745 5.721852
16.216216 3.121256 -4.824620 -0.066042 5.746613
16.316316 3.144316 -4.839255 -0.054349 5.771314
16.416416 3.167313 -4.853815 -0.042669 5.795965
16.516517 3.190248 -4.868302 -0.031001 5.820568
16.616617 3.213120 -4.882717 -0.019345 5.845121
16.716717 3.235933 -4.897062 -0.007701 5.869629
16.816817 3.258684 -4.911335 0.003930 5.894086
16.916917 3.281370 -4.925533 0.015548 5.918488
17.017017 3.303990 -4.939654 0.027154 5.942833
17.117117 3.326542 -4.953693 0.038746 5.967115
17.217217 3.349027 -4.967654 0.050326 5.991335
17.317317 3.371446 -4.981538 0.061892 6.015497
17.417417 3.393796 -4.995342 0.073445 6.039593
17.517518 3.416078 -5.009066 0.084984 6.063626
17.617618 3.438295 -5.022716 0.096510 6.087599
17.717718 3.460450 -5.036296 0.108022 6.111519
17.817818 3.482541 -5.049803 0.119520 6.135379
17.917918 3.504558 -5.063224 0.131003 6.159166
18.018018 3.526498 -5.076553 0.142472 6.182870
18.118118 3.548360 -5.089790 0.153927 6.206490
18.218218 3.570152 -5.102946 0.165366 6.230039
18.318318 3.591881 -5.116032 0.176792 6.253531
18.418418 3.613548 -5.129050 0.188202 6.276966
18.518519 3.635149 -5.141994 0.199598 6.300337
18.618619 3.656679 -5.154858 0.210979 6.323636
18.718719 3.678137 -5.167638 0.222344 6.346859
18.818819 3.699520 -5.180333 0.233694 6.370001
18.918919 3.720828 -5.192941 0.245027 6.393061
19.019019 3.742059 -5.205462 0.256345 6.416038
19.119119 3.763214 -5.217895 0.267646 6.438932
19.219219 3.784297 -5.230248 0.278931 6.461749
19.319319 3.805308 -5.242521 0.290200 6.484490
19.419419 3.826246 -5.254711 0.301453 6.507151
19.519520 3.847110 -5.266818 0.312689 6.529732
19.619620 3.867902 -5.278844 0.323909 6.552235
19.719720 3.888625 -5.290796 0.335112 6.574666
19.819820 3.909285 -5.302680 0.346299 6.597033
19.919920 3.929883 -5.314498 0.357470 6.619339
20.020020 3.950418 -5.326249 0.368625 6.641582
20.120120 3.970894 -5.337937 0.379764 6.663767
20.220220 3.991313 -5.349567 0.390887 6.685899
20.320320 4.011673 -5.361138 0.401994 6.707974
20.420420 4.031974 -5.372645 0.413085 6.729990
20.520521 4.052214 -5.384089 0.424159 6.751945
20.620621 4.072399 -5.395478 0.435218 6.773849
20.720721 4.092531 -5.406813 0.446260 6.795703
20.820821 4.112609 -5.418095 0.457287 6.817508
20.920921 4.132633 -5.429325 0.468298 6.839264
21.021021 4.152606 -5.440502 0.479293 6.860971
21.121121 4.172524 -5.451626 0.490271 6.882627
21.221221 4.192395 -5.462705 0.501235 6.904242
21.321321 4.212227 -5.473749 0.512184 6.925829
21.421421 4.232018 -5.484759 0.523118 6.947389
21.521522 4.251767 -5.495729 0.534037 6.968914
21.621622 4.271473 -5.506661 0.544941 6.990405
21.721722 4.291136 -5.517554 0.555830 7.011861
21.821822 4.310755 -5.528407 0.566704 7.033281
21.921922 4.330331 -5.539222 0.577562 7.054667
22.022022 4.349863 -5.549997 0.588406 7.076016
22.122122 4.369350 -5.560730 0.599233 7.097325
22.222222 4.388796 -5.571427 0.610046 7.118601
22.322322 4.408204 -5.582093 0.620844 7.139851
22.422422 4.427578 -5.592732 0.631628 7.161079
22.522523 4.446912 -5.603336 0.642396 7.182275
22.622623 4.466197 -5.613894 0.653149 7.203425
22.722723 4.485431 -5.624403 0.663885 7.224524
22.822823 4.504611 -5.634861 0.674604 7.245569
22.922923 4.523740 -5.645271 0.685306 7.266564
23.023023 4.542818 -5.655632 0.695991 7.287508
23.123123 4.561838 -5.665938 0.706658 7.308391
23.223223 4.580793 -5.676178 0.717306 7.329201
23.323323 4.599679 -5.686348 0.727935 7.349931
23.423423 4.618492 -5.696444 0.738543 7.370576
23.523524 4.637232 -5.706464 0.749130 7.391133
23.623624 4.655905 -5.716417 0.759698 7.411614
23.723724 4.674516 -5.726309 0.770247 7.432025
23.823824 4.693067 -5.736143 0.780777 7.452371
23.923924 4.711565 -5.745928 0.791290 7.472661
24.024024 4.730017 -5.755670 0.801786 7.492907
24.124124 4.748422 -5.765371 0.812265 7.513108
24.224224 4.766775 -5.775024 0.822728 7.533255
24.324324 4.785074 -5.784625 0.833172 7.553343
24.424424 4.803319 -5.794177 0.843598 7.573376
24.524525 4.821518 -5.803688 0.854008 7.593363
24.624625 4.839673 -5.813159 0.864401 7.613307
24.724725 4.857782 -5.822591 0.874778 7.633206
24.824825 4.875847 -5.831985 0.885138 7.653065
24.924925 4.893874 -5.841347 0.895483 7.672889
25.025025 4.911862 -5.850676 0.905813 7.692678
25.125125 4.929806 -5.859969 0.916126 7.712426
25.225225 4.947706 -5.869223 0.926423 7.732129
25.325325 4.965559 -5.878436 0.936703 7.751787
25.425425 4.983372 -5.887614 0.946967 7.771406
25.525526 5.001147 -5.896763 0.957215 7.790992
25.625626 5.018886 -5.905884 0.967449 7.810547
25.725726 5.036586 -5.914972 0.977667 7.830066
25.825826 5.054245 -5.924025 0.987868 7.849545
25.925926 5.071866 -5.933049 0.998055 7.868990
26.026026 5.089446 -5.942038 1.008225 7.888396
26.126126 5.106978 -5.950985 1.018378 7.907752
26.226226 5.124462 -5.959890 1.028513 7.927057
26.326326 5.141901 -5.968756 1.038631 7.946317
26.426426 5.159301 -5.977590 1.048734 7.965539
26.526527 5.176660 -5.986391 1.058820 7.984722
26.626627 5.193977 -5.995157 1.068890 8.003864
26.726727 5.211251 -6.003885 1.078943 8.022960
26.826827 5.228477 -6.012573 1.088979 8.042007
26.926927 5.245659 -6.021224 1.098997 8.061009
27.027027 5.262798 -6.029838 1.108999 8.079967
27.127127 5.279890 -6.038411 1.118983 8.098875
27.227227 5.296933 -6.046943 1.128950 8.117730
27.327327 5.313928 -6.055432 1.138898 8.136534
27.427427 5.330875 -6.063880 1.148828 8.155285
27.527528 5.347776 -6.072287 1.158741 8.173987
27.627628 5.364630 -6.080655 1.168636 8.192639
27.727728 5.381438 -6.088984 1.178514 8.211242
27.827828 5.398203 -6.097277 1.188375 8.229801
27.927928 5.414923 -6.105533 1.198218 8.248312
28.028028 5.431592 -6.113743 1.208043 8.266766
28.128128 5.448206 -6.121905 1.217847 8.285156
28.228228 5.464767 -6.130020 1.227633 8.303488
28.328328 5.481281 -6.138095 1.237401 8.321767
28.428428 5.497749 -6.146130 1.247151 8.339997
28.528529 5.514168 -6.154124 1.256883 8.358172
28.628629 5.530535 -6.162073 1.266595 8.376290
28.728729 5.546857 -6.169983 1.276290 8.394357
28.828829 5.563140 -6.177863 1.285969 8.412386
28.928929 5.579388 -6.185717 1.295632 8.430381
29.029029 5.595604 -6.193547 1.305281 8.448346
29.129129 5.611787 -6.201353 1.314914 8.466282
29.229229 5.627938 -6.209137 1.324534 8.484189
29.329329 5.644061 -6.216901 1.334139 8.502071
29.429429 5.660158 -6.224649 1.343731 8.519933
29.529530 5.676231 -6.232383 1.353311 8.537778
29.629630 5.692282 -6.240105 1.362878 8.555608
29.729730 5.708313 -6.247817 1.372433 8.573426
29.829830 5.724325 -6.255520 1.381977 8.591233
29.929930 5.740314 -6.263211 1.391508 8.609025
30.030030 5.756284 -6.270892 1.401028 8.626806
30.130130 5.772239 -6.278570 1.410537 8.644582
30.230230 5.788184 -6.286248 1.420037 8.662361
30.330330 5.804120 -6.293928 1.429527 8.680143
30.430430 5.820049 -6.301613 1.439010 8.697933
30.530531 5.835970 -6.309301 1.448483 8.715729
30.630631 5.851879 -6.316988 1.457946 8.733524
30.730731 5.867779 -6.324676 1.467401 8.751321
30.830831 5.883673 -6.332370 1.476847 8.769127
30.930931 5.899567 -6.340075 1.486286 8.786950
31.031031 5.915467 -6.347798 1.495720 8.804798
31.131131 5.931382 -6.355549 1.505151 8.822685
31.231231 5.947314 -6.363331 1.514580 8.840616
31.331331 5.963264 -6.371142 1.524007 8.858587
31.431431 5.979229 -6.378982 1.533431 8.876598
31.531532 5.995207 -6.386846 1.542852 8.894644
31.631632 6.011196 -6.394733 1.552269 8.912723
31.731732 6.027198 -6.402647 1.561682 8.930837
31.831832 6.043217 -6.410588 1.571094 8.948991
31.931932 6.059254 -6.418561 1.580504 8.967189
32.032032 6.075312 -6.426567 1.589912 8.985432
32.132132 6.091389 -6.434604 1.599319 9.003720
32.232232 6.107484 -6.442671 1.608725 9.022049
32.332332 6.123598 -6.450770 1.618128 9.040421
32.432432 6.139728 -6.458897 1.627530 9.058834
32.532533 6.155873 -6.467051 1.636930 9.077283
32.632633 6.172031 -6.475229 1.646326 9.095765
32.732733 6.188199 -6.483428 1.655718 9.114277
32.832833 6.204376 -6.491648 1.665107 9.132817
32.932933 6.220562 -6.499889 1.674492 9.151386
33.033033 6.236758 -6.508150 1.683873 9.169983
33.133133 6.252961 -6.516430 1.693250 9.188606
33.233233 6.269168 -6.524725 1.702621 9.207249
33.333333 6.285375 -6.533030 1.711987 9.225905
33.433433 6.301578 -6.541343 1.721345 9.244570
33.533534 6.317776 -6.549661 1.730695 9.263243
33.633634 6.333970 -6.557985 1.740038 9.281922
33.733734 6.350156 -6.566312 1.749373 9.300604
33.833834 6.366329 -6.574635 1.758698 9.319280
33.933934 6.382486 -6.582953 1.768012 9.337948
34.034034 6.398631 -6.591269 1.777317 9.356611
34.134134 6.414767 -6.599587 1.786614 9.375274
34.234234 6.430897 -6.607908 1.795902 9.393942
34.334334 6.447021 -6.616234 1.805183 9.412615
34.434434 6.463139 -6.624564 1.814456 9.431292
34.534535 6.479245 -6.632893 1.823720 9.449965
34.634635 6.495338 -6.641218 1.832974 9.468632
34.734735 6.511418 -6.649540 1.842219 9.487293
34.834835 6.527486 -6.657860 1.851454 9.505948
34.934935 6.543540 -6.666176 1.860679 9.524597
35.035035 6.559580 -6.674488 1.869894 9.543238
35.135135 6.575603 -6.682794 1.879099 9.561867
35.235235 6.591605 -6.691088 1.888292 9.580479
35.335335 6.607584 -6.699369 1.897472 9.599068
35.435435 6.623540 -6.707636 1.906640 9.617637
35.535536 6.639477 -6.715895 1.915796 9.636190
35.635636 6.655400 -6.724149 1.924942 9.654736
35.735736 6.671311 -6.732402 1.934080 9.673277
35.835836 6.687210 -6.740651 1.943208 9.691811
35.935936 6.703094 -6.748896 1.952326 9.710337
36.036036 6.718967 -6.757140 1.961435 9.728858
36.136136 6.734831 -6.765384 1.970535 9.747378
36.236236 6.750687 -6.773631 1.979628 9.765899
36.336336 6.766535 -6.781879 1.988712 9.784419
36.436436 6.782374 -6.790128 1.997788 9.802938
36.536537 6.798205 -6.798379 2.006856 9.821457
36.636637 6.814028 -6.806632 2.015917 9.839977
36.736737 6.829846 -6.814889 2.024970 9.858500
36.836837 6.845659 -6.823151 2.034016 9.877027
36.936937 6.861463 -6.831414 2.043053 9.895553
37.037037 6.877258 -6.839677 2.052083 9.914076
37.137137 6.893042 -6.847938 2.061103 9.932594
37.237237 6.908813 -6.856197 2.070114 9.951106
37.337337 6.924572 -6.864453 2.079116 9.969611
37.437437 6.940318 -6.872706 2.088108 9.988108
37.537538 6.956047 -6.880952 2.097091 10.006592
37.637638 6.971759 -6.889190 2.106062 10.025061
37.737738 6.987454 -6.897421 2.115022 10.043517
37.837838 7.003132 -6.905644 2.123973 10.061960
37.937938 7.018792 -6.913859 2.132912 10.080386
38.038038 7.034432 -6.922064 2.141840 10.098796
38.138138 7.050051 -6.930257 2.150755 10.117185
38.238238 7.065648 -6.938437 2.159659 10.135552
38.338338 7.081221 -6.946605 2.168550 10.153897
38.438438 7.096770 -6.954757 2.177429 10.172216
38.538539 7.112291 -6.962892 2.186293 10.190507
38.638639 7.127786 -6.971009 2.195144 10.208768
38.738739 7.143251 -6.979107 2.203981 10.226998
38.838839 7.158687 -6.987186 2.212803 10.245197
38.938939 7.174101 -6.995252 2.221614 10.263374
39.039039 7.189495 -7.003307 2.230412 10.281532
39.139139 7.204871 -7.011354 2.239200 10.299673
39.239239 7.220229 -7.019394 2.247978 10.317800
39.339339 7.235571 -7.027426 2.256744 10.335913
39.439439 7.250896 -7.035451 2.265501 10.354011
39.539540 7.266207 -7.043471 2.274248 10.372100
39.639640 7.281506 -7.051488 2.282986 10.390180
39.739740 7.296791 -7.059500 2.291714 10.408249
39.839840 7.312058 -7.067505 2.300432 10.426304
39.939940 7.327312 -7.075505 2.309140 10.444348
40.040040 7.342557 -7.083505 2.317840 10.462388
40.140140 7.357791 -7.091505 2.326532 10.480424
40.240240 7.373015 -7.099502 2.335216 10.498453
40.340340 7.388226 -7.107496 2.343890 10.516473
40.440440 7.403423 -7.115486 2.352555 10.534483
40.540541 7.418605 -7.123470 2.361210 10.552481
40.640641 7.433771 -7.131447 2.369855 10.570464
40.740741 7.448919 -7.139416 2.378489 10.588431
40.840841 7.464046 -7.147373 2.387112 10.606377
40.940941 7.479147 -7.155313 2.395721 10.624294
41.041041 7.494221 -7.163236 2.404317 10.642182
41.141141 7.509270 -7.171144 2.412899 10.660043
41.241241 7.524296 -7.179039 2.421469 10.677881
41.341341 7.539299 -7.186920 2.430027 10.695694
41.441441 7.554278 -7.194788 2.438573 10.713483
41.541542 7.569234 -7.202640 2.447105 10.731247
41.641642 7.584165 -7.210478 2.455625 10.748984
41.741742 7.599070 -7.218301 2.464132 10.766693
41.841842 7.613948 -7.226105 2.472625 10.784371
41.941942 7.628796 -7.233889 2.481103 10.802016
42.042042 7.643615 -7.241655 2.489567 10.819629
42.142142 7.658406 -7.249401 2.498017 10.837208
42.242242 7.673164 -7.257126 2.506452 10.854751
42.342342 7.687889 -7.264827 2.514871 10.872255
42.442442 7.702581 -7.272505 2.523274 10.889719
42.542543 7.717237 -7.280158 2.531662 10.907143
42.642643 7.731861 -7.287788 2.540033 10.924527
42.742743 7.746453 -7.295397 2.548389 10.941875
42.842843 7.761015 -7.302986 2.556731 10.959190
42.942943 7.775551 -7.310558 2.565059 10.976474
43.043043 7.790059 -7.318112 2.573374 10.993727
43.143143 7.804540 -7.325648 2.581675 11.010949
43.243243 7.818992 -7.333166 2.589961 11.028140
43.343343 7.833415 -7.340664 2.598234 11.045295
43.443443 7.847808 -7.348143 2.606491 11.062418
43.543544 7.862178 -7.355608 2.614737 11.079515
43.643644 7.876528 -7.363062 2.622971 11.096592
43.743744 7.890858 -7.370506 2.631194 11.113648
43.843844 7.905168 -7.377938 2.639405 11.130684
43.943944 7.919456 -7.385359 2.647605 11.147696
44.044044 7.933722 -7.392766 2.655792 11.164683
44.144144 7.947966 -7.400161 2.663968 11.181649
44.244244 7.962192 -7.407547 2.672133 11.198596
44.344344 7.976399 -7.414923 2.680287 11.215523
44.444444 7.990586 -7.422289 2.688430 11.232430
44.544545 8.004752 -7.429643 2.696562 11.249315
44.644645 8.018897 -7.436985 2.704682 11.266178
44.744745 8.033026 -7.444320 2.712791 11.283025
44.844845 8.047140 -7.451648 2.720892 11.299857
44.944945 8.061238 -7.458970 2.728982 11.316675
45.045045 8.075321 -7.466286 2.737063 11.333479
45.145145 8.089389 -7.473595 2.745134 11.350269
45.245245 8.103442 -7.480898 2.753196 11.367044
45.345345 8.117476 -7.488192 2.761247 11.383800
45.445445 8.131489 -7.495473 2.769286 11.400534
45.545546 8.145479 -7.502742 2.777313 11.417243
45.645646 8.159449 -7.509999 2.785329 11.433930
45.745746 8.173399 -7.517245 2.793333 11.450595
45.845846 8.187329 -7.524481 2.801327 11.467240
45.945946 8.201242 -7.531708 2.809310 11.483867
46.046046 8.215136 -7.538926 2.817282 11.500476
46.146146 8.229010 -7.546132 2.825244 11.517062
46.246246 8.242864 -7.553328 2.833193 11.533627
46.346346 8.256697 -7.560512 2.841132 11.550169
46.446446 8.270507 -7.567683 2.849058 11.566687
46.546547 8.284297 -7.574842 2.856973 11.583181
46.646647 8.298064 -7.581988 2.864876 11.599652
46.746747 8.311808 -7.589120 2.872766 11.616096
46.846847 8.325527 -7.596237 2.880644 11.632511
46.946947 8.339222 -7.603339 2.888509 11.648900
47.047047 8.352895 -7.610428 2.896362 11.665264
47.147147 8.366543 -7.617503 2.904203 11.681600
47.247247 8.380166 -7.624561 2.912030 11.697907
47.347347 8.393762 -7.631602 2.919844 11.714183
47.447447 8.407330 -7.638626 2.927644 11.730426
47.547548 8.420870 -7.645630 2.935429 11.746636
47.647648 8.434380 -7.652615 2.943201 11.762810
47.747748 8.447857 -7.659577 2.950956 11.778945
47.847848 8.461297 -7.666513 2.958695 11.795034
47.947948 8.474697 -7.673419 2.966415 11.811074
48.048048 8.488057 -7.680297 2.974117 11.827064
48.148148 8.501377 -7.687145 2.981801 11.843004
48.248248 8.514660 -7.693967 2.989468 11.858899
48.348348 8.527911 -7.700768 2.997120 11.874756
48.448448 8.541134 -7.707550 3.004758 11.890578
48.548549 8.554330 -7.714315 3.012382 11.906371
48.648649 8.567504 -7.721067 3.019994 11.922137
48.748749 8.580653 -7.727803 3.027593 11.937876
48.848849 8.593780 -7.734527 3.035181 11.953588
48.948949 8.606885 -7.741238 3.042757 11.969278
49.049049 8.619971 -7.747939 3.050322 11.984946
49.149149 8.633039 -7.754630 3.057876 12.000594
49.249249 8.646086 -7.761310 3.065419 12.016220
49.349349 8.659113 -7.767978 3.072951 12.031823
49.449449 8.672117 -7.774633 3.080471 12.047400
49.549550 8.685097 -7.781273 3.087979 12.062949
49.649650 8.698051 -7.787897 3.095473 12.078468
49.749750 8.710980 -7.794505 3.102954 12.093957
49.849850 8.723885 -7.801099 3.110423 12.109420
49.949950 8.736768 -7.807680 3.117880 12.124857
50.050050 8.749626 -7.814245 3.125324 12.140265
50.150150 8.762455 -7.820791 3.132753 12.155638
50.250250 8.775254 -7.827317 3.140168 12.170975
50.350350 8.788023 -7.833823 3.147569 12.186276
50.450450 8.800765 -7.840311 3.154956 12.201545
50.550551 8.813480 -7.846783 3.162329 12.216781
50.650651 8.826169 -7.853238 3.169689 12.231988
50.750751 8.838832 -7.859676 3.177036 12.247164
50.850851 8.851470 -7.866099 3.184370 12.262311
50.950951 8.864084 -7.872507 3.191692 12.277428
51.051051 8.876673 -7.878900 3.199000 12.292517
51.151151 8.889236 -7.885277 3.206296 12.307577
51.251251 8.901772 -7.891636 3.213578 12.322603
51.351351 8.914277 -7.897974 3.220845 12.337592
51.451451 8.926755 -7.904294 3.228098 12.352547
51.551552 8.939208 -7.910599 3.235339 12.367475
51.651652 8.951639 -7.916891 3.242568 12.382377
51.751752 8.964047 -7.923170 3.249784 12.397252
51.851852 8.976433 -7.929435 3.256989 12.412101
51.951952 8.988798 -7.935688 3.264183 12.426928
52.052052 9.001146 -7.941933 3.271366 12.441735
52.152152 9.013480 -7.948172 3.278541 12.456528
52.252252 9.025802 -7.954407 3.285707 12.471309
52.352352 9.038112 -7.960638 3.292866 12.486080
52.452452 9.050411 -7.966865 3.300017 12.500839
52.552553 9.062700 -7.973090 3.307160 12.515591
52.652653 9.074983 -7.979316 3.314298 12.530338
52.752753 9.087258 -7.985541 3.321429 12.545079
52.852853 9.099526 -7.991767 3.328553 12.559816
52.952953 9.111786 -7.997992 3.335671 12.574547
53.053053 9.124040 -8.004218 3.342783 12.589274
53.153153 9.136289 -8.010446 3.349890 12.603998
53.253253 9.148533 -8.016676 3.356991 12.618722
53.353353 9.160773 -8.022909 3.364088 12.633444
53.453453 9.173009 -8.029144 3.371178 12.648165
53.553554 9.185238 -8.035380 3.378264 12.662883
53.653654 9.197459 -8.041615 3.385342 12.677593
53.753754 9.209670 -8.047847 3.392413 12.692294
53.853854 9.221873 -8.054079 3.399477 12.706989
53.953954 9.234073 -8.060314 3.406537 12.721685
54.054054 9.246270 -8.066552 3.413592 12.736380
54.154154 9.258461 -8.072792 3.420641 12.751072
54.254254 9.270646 -8.079033 3.427684 12.765762
54.354354 9.282829 -8.085277 3.434723 12.780452
54.454454 9.295008 -8.091525 3.441758 12.795142
54.554555 9.307185 -8.097777 3.448787 12.809833
54.654655 9.319360 -8.104033 3.455813 12.824526
54.754755 9.331533 -8.110294 3.462834 12.839221
54.854855 9.343707 -8.116561 3.469852 12.853921
54.954955 9.355880 -8.122835 3.476867 12.868626
55.055055 9.368055 -8.129115 3.483878 12.883337
55.155155 9.380230 -8.135402 3.490886 12.898053
55.255255 9.392407 -8.141696 3.497891 12.912775
55.355355 9.404587 -8.147999 3.504894 12.927506
55.455455 9.416768 -8.154308 3.511894 12.942243
55.555556 9.428947 -8.160622 3.518889 12.956982
55.655656 9.441123 -8.166940 3.525880 12.971721
55.755756 9.453292 -8.173257 3.532866 12.986455
55.855856 9.465453 -8.179574 3.539844 13.001182
55.955956 9.477607 -8.185889 3.546816 13.015903
56.056056 9.489753 -8.192205 3.553782 13.030618
56.156156 9.501890 -8.198518 3.560742 13.045325
56.256256 9.514016 -8.204828 3.567694 13.060021
56.356356 9.526129 -8.211132 3.574637 13.074703
56.456456 9.538228 -8.217430 3.581572 13.089370
56.556557 9.550311 -8.223720 3.588497 13.104019
56.656657 9.562380 -8.230004 3.595414 13.118654
56.756757 9.574439 -8.236285 3.602324 13.133279
56.856857 9.586487 -8.242563 3.609226 13.147893
56.956957 9.598524 -8.248837 3.616121 13.162496
57.057057 9.610552 -8.255109 3.623009 13.177091
57.157157 9.622572 -8.261379 3.629890 13.191679
57.257257 9.634586 -8.267650 3.636766 13.206262
57.357357 9.646593 -8.273921 3.643636 13.220840
57.457457 9.658594 -8.280193 3.650501 13.235414
57.557558 9.670589 -8.286465 3.657359 13.249983
57.657658 9.682577 -8.292737 3.664212 13.264548
57.757758 9.694559 -8.299009 3.671059 13.279107
57.857858 9.706535 -8.305282 3.677902 13.293664
57.957958 9.718507 -8.311557 3.684739 13.308218
58.058058 9.730474 -8.317834 3.691570 13.322769
58.158158 9.742437 -8.324112 3.698397 13.337318
58.258258 9.754398 -8.330395 3.705220 13.351869
58.358358 9.766358 -8.336682 3.712040 13.366423
58.458458 9.778318 -8.342975 3.718856 13.380980
58.558559 9.790278 -8.349274 3.725669 13.395541
58.658659 9.802238 -8.355578 3.732479 13.410106
58.758759 9.814197 -8.361886 3.739285 13.424674
58.858859 9.826155 -8.368200 3.746088 13.439243
58.958959 9.838111 -8.374517 3.752886 13.453814
59.059059 9.850062 -8.380836 3.759680 13.468382
59.159159 9.862009 -8.387156 3.766468 13.482948
59.259259 9.873952 -8.393479 3.773253 13.497513
59.359359 9.885891 -8.399804 3.780032 13.512076
59.459459 9.897829 -8.406133 3.786808 13.526641
59.559560 9.909765 -8.412466 3.793580 13.541207
59.659660 9.921698 -8.418802 3.800347 13.555772
59.759760 9.933625 -8.425139 3.807109 13.570333
59.859860 9.945545 -8.431474 3.813866 13.584888
59.959960 9.957454 -8.437806 3.820615 13.599432
60.060060 9.969353 -8.444135 3.827357 13.613966
60.160160 9.981243 -8.450461 3.834092 13.628491
60.260260 9.993126 -8.456788 3.840822 13.643011
60.360360 10.005003 -8.463114 3.847546 13.657526
60.460460 10.016873 -8.469439 3.854265 13.672034
60.560561 10.028734 -8.475763 3.860977 13.686534
60.660661 10.040589 -8.482086 3.867683 13.701028
60.760761 10.052435 -8.488408 3.874383 13.715515
60.860861 10.064273 -8.494728 3.881077 13.729995
60.960961 10.076103 -8.501046 3.887765 13.744466
61.061061 10.087921 -8.507359 3.894445 13.758925
61.161161 10.099727 -8.513668 3.901117 13.773371
61.261261 10.111524 -8.519974 3.907783 13.787807
61.361361 10.123307 -8.526274 3.914440 13.802229
61.461461 10.135075 -8.532567 3.921089 13.816634
61.561562 10.146827 -8.538851 3.927728 13.831020
61.661662 10.158562 -8.545126 3.934358 13.845386
61.761762 10.170283 -8.551394 3.940979 13.859737
61.861862 10.181992 -8.557657 3.947593 13.874074
61.961962 10.193688 -8.563915 3.954199 13.888399
62.062062 10.205376 -8.570171 3.960798 13.902715
62.162162 10.217056 -8.576426 3.967392 13.917022
62.262262 10.228725 -8.582676 3.973978 13.931319
62.362362 10.240384 -8.588923 3.980557 13.945605
62.462462 10.252031 -8.595165 3.987129 13.959878
62.562563 10.263667 -8.601403 3.993694 13.974140
62.662663 10.275294 -8.607639 4.000252 13.988393
62.762763 10.286912 -8.613872 4.006803 14.002637
62.862863 10.298523 -8.620104 4.013349 14.016874
62.962963 10.310127 -8.626336 4.019890 14.031105
63.063063 10.321724 -8.632566 4.026424 14.045330
63.163163 10.333315 -8.638797 4.032954 14.059549
63.263263 10.344900 -8.645027 4.039478 14.073764
63.363363 10.356480 -8.651259 4.045997 14.087976
63.463463 10.368055 -8.657492 4.052512 14.102184
63.563564 10.379624 -8.663724 4.059021 14.116386
63.663664 10.391187 -8.669956 4.065525 14.130584
63.763764 10.402745 -8.676189 4.072024 14.144778
63.863864 10.414299 -8.682423 4.078519 14.158969
63.963964 10.425848 -8.688659 4.085009 14.173157
64.064064 10.437394 -8.694897 4.091495 14.187345
64.164164 10.448937 -8.701137 4.097977 14.201531
64.264264 10.460475 -8.707378 4.104454 14.215714
64.364364 10.472008 -8.713620 4.110926 14.229892
64.464464 10.483534 -8.719860 4.117393 14.244064
64.564565 10.495051 -8.726098 4.123854 14.258228
64.664665 10.506559 -8.732334 4.130308 14.272382
64.764765 10.518057 -8.738566 4.136755 14.286526
64.864865 10.529548 -8.744797 4.143197 14.300662
64.964965 10.541034 -8.751028 4.149633 14.314794
65.065065 10.552512 -8.757259 4.156065 14.328921
65.165165 10.563986 -8.763489 4.162491 14.343043
65.265265 10.575450 -8.769717 4.168911 14.357155
65.365365 10.586902 -8.775940 4.175323 14.371254
65.465465 10.598341 -8.782157 4.181728 14.385338
65.565566 10.609766 -8.788367 4.188124 14.399407
65.665666 10.621180 -8.794572 4.194513 14.413462
65.765766 10.632580 -8.800771 4.200894 14.427503
65.865866 10.643968 -8.806965 4.207268 14.441530
65.965966 10.655342 -8.813151 4.213633 14.455541
66.066066 10.666704 -8.819332 4.219990 14.469537
66.166166 10.678053 -8.825508 4.226340 14.483521
66.266266 10.689391 -8.831678 4.232683 14.497490
66.366366 10.700717 -8.837844 4.239018 14.511447
66.466466 10.712031 -8.844005 4.245346 14.525391
66.566567 10.723335 -8.850162 4.251667 14.539325
66.666667 10.734630 -8.856316 4.257982 14.553248
66.766767 10.745917 -8.862468 4.264291 14.567164
66.866867 10.757197 -8.868619 4.270595 14.581072
66.966967 10.768469 -8.874768 4.276892 14.594973
67.067067 10.779736 -8.880917 4.283185 14.608869
67.167167 10.790995 -8.887065 4.289473 14.622759
67.267267 10.802248 -8.893211 4.295755 14.636642
67.367367 10.813494 -8.899357 4.302031 14.650518
67.467467 10.824733 -8.905502 4.308303 14.664389
67.567568 10.835967 -8.911647 4.314569 14.678254
67.667668 10.847195 -8.917792 4.320831 14.692115
67.767768 10.858420 -8.923939 4.327089 14.705975
67.867868 10.869645 -8.930090 4.333344 14.719836
67.967968 10.880869 -8.936246 4.339596 14.733699
68.068068 10.892093 -8.942405 4.345846 14.747565
68.168168 10.903317 -8.948569 4.352093 14.761434
68.268268 10.914541 -8.954738 4.358337 14.775305
68.368368 10.925767 -8.960912 4.364580 14.789182
68.468468 10.936995 -8.967093 4.370820 14.803064
68.568569 10.948224 -8.973279 4.377059 14.816950
68.668669 10.959456 -8.979472 4.383296 14.830842
68.768769 10.970693 -8.985673 4.389532 14.844744
68.868869 10.981936 -8.991885 4.395769 14.858658
68.968969 10.993189 -8.998108 4.402007 14.872586
69.069069 11.004448 -9.004341 4.408245 14.886526
69.169169 11.015714 -9.010583 4.414483 14.900477
69.269269 11.026988 -9.016837 4.420721 14.914442
69.369369 11.038272 -9.023103 4.426961 14.928423
69.469469 11.049565 -9.029381 4.433203 14.942419
69.569570 11.060866 -9.035671 4.439445 14.956430
69.669670 11.072177 -9.041972 4.445688 14.970454
69.769770 11.083496 -9.048285 4.451932 14.984493
69.869870 11.094823 -9.054608 4.458177 14.998545
69.969970 11.106156 -9.060941 4.464422 15.012609
70.070070 11.117500 -9.067286 4.470668 15.026688
70.170170 11.128852 -9.073643 4.476916 15.040782
70.270270 11.140213 -9.080011 4.483164 15.054890
70.370370 11.151582 -9.086390 4.489413 15.069012
70.470470 11.162959 -9.092780 4.495663 15.083145
70.570571 11.174339 -9.099177 4.501912 15.097287
70.670671 11.185723 -9.105580 4.508159 15.111436
70.770771 11.197110 -9.111991 4.514406 15.125592
70.870871 11.208501 -9.118409 4.520652 15.139755
70.970971 11.219897 -9.124836 4.526897 15.153927
71.071071 11.231296 -9.131269 4.533141 15.168106
71.171171 11.242697 -9.137708 4.539383 15.182291
71.271271 11.254103 -9.144155 4.545625 15.196483
71.371371 11.265511 -9.150609 4.551866 15.210683
71.471471 11.276924 -9.157070 4.558105 15.224889
71.571572 11.288340 -9.163538 4.564344 15.239104
71.671672 11.299761 -9.170014 4.570583 15.253327
71.771772 11.311184 -9.176496 4.576819 15.267555
71.871872 11.322611 -9.182986 4.583055 15.281791
71.971972 11.334042 -9.189482 4.589290 15.296034
72.072072 11.345474 -9.195984 4.595524 15.310283
72.172172 11.356908 -9.202492 4.601755 15.324535
72.272272 11.368341 -9.209002 4.607984 15.338788
72.372372 11.379772 -9.215515 4.614210 15.353041
72.472472 11.391198 -9.222029 4.620431 15.367290
72.572573 11.402621 -9.228543 4.626649 15.381536
72.672673 11.414040 -9.235059 4.632862 15.395780
72.772773 11.425453 -9.241574 4.639071 15.410018
72.872873 11.436859 -9.248088 4.645275 15.424249
72.972973 11.448260 -9.254601 4.651474 15.438475
73.073073 11.459655 -9.261114 4.657669 15.452696
73.173173 11.471047 -9.267628 4.663860 15.466915
73.273273 11.482438 -9.274145 4.670048 15.481134
73.373373 11.493830 -9.280667 4.676234 15.495356
73.473473 11.505223 -9.287194 4.682419 15.509584
73.573574 11.516620 -9.293729 4.688603 15.523818
73.673674 11.528021 -9.300270 4.694785 15.538059
73.773774 11.539424 -9.306817 4.700967 15.552307
73.873874 11.550831 -9.313371 4.707148 15.566561
73.973974 11.562241 -9.319932 4.713328 15.580822
74.074074 11.573656 -9.326501 4.719507 15.595092
74.174174 11.585076 -9.333077 4.725687 15.609370
74.274274 11.596502 -9.339662 4.731866 15.623659
74.374374 11.607936 -9.346258 4.738046 15.637960
74.474474 11.619377 -9.352863 4.744227 15.652273
74.574575 11.630824 -9.359477 4.750409 15.666597
74.674675 11.642278 -9.366101 4.756591 15.680932
74.774775 11.653741 -9.372735 4.762774 15.695281
74.874875 11.665212 -9.379380 4.768958 15.709643
74.974975 11.676688 -9.386033 4.775142 15.724015
75.075075 11.688167 -9.392692 4.781325 15.738392
75.175175 11.699645 -9.399354 4.787505 15.752770
75.275275 11.711121 -9.406019 4.793683 15.767148
75.375375 11.722596 -9.412687 4.799858 15.781526
75.475475 11.734071 -9.419358 4.806030 15.795907
75.575576 11.745548 -9.426034 4.812201 15.810291
75.675676 11.757025 -9.432715 4.818370 15.824679
75.775776 11.768505 -9.439402 4.824538 15.839071
75.875876 11.779988 -9.446095 4.830705 15.853470
75.975976 11.791476 -9.452796 4.836871 15.867879
76.076076 11.802971 -9.459506 4.843039 15.882298
76.176176 11.814471 -9.466224 4.849206 15.896727
76.276276 11.825979 -9.472952 4.855375 15.911168
76.376376 11.837496 -9.479691 4.861544 15.925623
76.476476 11.849022 -9.486441 4.867716 15.940092
76.576577 11.860558 -9.493203 4.873889 15.954577
76.676677 11.872106 -9.499979 4.880066 15.969081
76.776777 11.883666 -9.506767 4.886245 15.983602
76.876877 11.895238 -9.513568 4.892426 15.998140
76.976977 11.906820 -9.520382 4.898610 16.012696
77.077077 11.918415 -9.527210 4.904797 16.027270
77.177177 11.930024 -9.534052 4.910987 16.041864
77.277277 11.941645 -9.540908 4.917181 16.056478
77.377377 11.953280 -9.547778 4.923377 16.071111
77.477477 11.964926 -9.554662 4.929577 16.085762
77.577578 11.976582 -9.561556 4.935778 16.100428
77.677678 11.988245 -9.568461 4.941980 16.115106
77.777778 11.999915 -9.575374 4.948183 16.129794
77.877878 12.011590 -9.582295 4.954386 16.144492
77.977978 12.023269 -9.589222 4.960588 16.159195
78.078078 12.034950 -9.596155 4.966790 16.173906
78.178178 12.046636 -9.603095 4.972990 16.188623
78.278278 12.058327 -9.610043 4.979191 16.203349
78.378378 12.070025 -9.617001 4.985393 16.218087
78.478478 12.081730 -9.623967 4.991596 16.232837
78.578579 12.093440 -9.630941 4.997799 16.247594
78.678679 12.105154 -9.637922 5.004001 16.262359
78.778779 12.116873 -9.644910 5.010203 16.277132
78.878879 12.128598 -9.651906 5.016405 16.291915
78.978979 12.140330 -9.658912 5.022609 16.306710
79.079079 12.152068 -9.665927 5.028813 16.321515
79.179179 12.163812 -9.672949 5.035017 16.336329
79.279279 12.175562 -9.679979 5.041222 16.351154
79.379379 12.187318 -9.687018 5.047427 16.365988
79.479479 12.199078 -9.694064 5.053632 16.380829
79.579580 12.210841 -9.701116 5.059836 16.395677
79.679680 12.222608 -9.708174 5.066040 16.410532
79.779780 12.234380 -9.715239 5.072243 16.425394
79.879880 12.246154 -9.722310 5.078446 16.440263
79.979980 12.257929 -9.729385 5.084647 16.455132
80.080080 12.269703 -9.736463 5.090845 16.470003
80.180180 12.281474 -9.743542 5.097041 16.484873
80.280280 12.293241 -9.750621 5.103232 16.499738
80.380380 12.305003 -9.757699 5.109420 16.514599
80.480480 12.316761 -9.764778 5.115604 16.529455
80.580581 12.328513 -9.771855 5.121783 16.544305
80.680681 12.340258 -9.778931 5.127958 16.559149
80.780781 12.351996 -9.786004 5.134127 16.573984
80.880881 12.363722 -9.793071 5.140290 16.588804
80.980981 12.375433 -9.800130 5.146444 16.603607
81.081081 12.387128 -9.807179 5.152590 16.618390
81.181181 12.398807 -9.814219 5.158727 16.633153
81.281281 12.410469 -9.821250 5.164856 16.647896
81.381381 12.422114 -9.828269 5.170975 16.662616
81.481481 12.433741 -9.835278 5.177085 16.677315
81.581582 12.445355 -9.842280 5.183187 16.691997
81.681682 12.456956 -9.849276 5.189282 16.706664
81.781782 12.468547 -9.856266 5.195371 16.721319
81.881882 12.480125 -9.863249 5.201452 16.735958
81.981982 12.491690 -9.870226 5.207526 16.750582
82.082082 12.503240 -9.877195 5.213593 16.765188
82.182182 12.514777 -9.884155 5.219651 16.779777
82.282282 12.526300 -9.891109 5.225702 16.794350
82.382382 12.537811 -9.898056 5.231746 16.808908
82.482482 12.549310 -9.904997 5.237783 16.823451
82.582583 12.560798 -9.911933 5.243814 16.837983
82.682683 12.572277 -9.918865 5.249839 16.852502
82.782783 12.583744 -9.925791 5.255857 16.867008
82.882883 12.595199 -9.932710 5.261868 16.881499
82.982983 12.606641 -9.939622 5.267872 16.895975
83.083083 12.618072 -9.946530 5.273869 16.910438
83.183183 12.629496 -9.953434 5.279861 16.924891
83.283283 12.640910 -9.960335 5.285848 16.939335
83.383383 12.652313 -9.967229 5.291828 16.953764
83.483483 12.663702 -9.974116 5.297800 16.968176
83.583584 12.675078 -9.980995 5.303765 16.982573
83.683684 12.686441 -9.987869 5.309723 16.996954
83.783784 12.697792 -9.994735 5.315674 17.011321
83.883884 12.709133 -10.001597 5.321618 17.025675
83.983984 12.720463 -10.008454 5.327557 17.040017
84.084084 12.731784 -10.015306 5.333489 17.054347
84.184184 12.743093 -10.022152 5.339415 17.068665
84.284284 12.754392 -10.028993 5.345335 17.082969
84.384384 12.765680 -10.035829 5.351248 17.097260
84.484484 12.776959 -10.042662 5.357156 17.111541
84.584585 12.788229 -10.049490 5.363059 17.125813
84.684685 12.799492 -10.056316 5.368956 17.140076
84.784785 12.810749 -10.063140 5.374849 17.154331
84.884885 12.821999 -10.069962 5.380737 17.168579
84.984985 12.833244 -10.076783 5.386622 17.182823
85.085085 12.844484 -10.083603 5.392502 17.197061
85.185185 12.855719 -10.090423 5.398379 17.211294
85.285285 12.866950 -10.097242 5.404252 17.225523
85.385385 12.878178 -10.104062 5.410122 17.239749
85.485485 12.889405 -10.110884 5.415990 17.253976
85.585586 12.900630 -10.117709 5.421855 17.268202
85.685686 12.911854 -10.124534 5.427718 17.282427
85.785786 12.923076 -10.131362 5.433579 17.296652
85.885886 12.934296 -10.138192 5.439437 17.310876
85.985986 12.945515 -10.145023 5.445292 17.325099
86.086086 12.956732 -10.151856 5.451145 17.339321
86.186186 12.967947 -10.158691 5.456996 17.353543
86.286286 12.979165 -10.165530 5.462846 17.367769
86.386386 12.990385 -10.172375 5.468695 17.382000
86.486486 13.001608 -10.179224 5.474543 17.396236
86.586587 13.012833 -10.186079 5.480391 17.410477
86.686687 13.024061 -10.192938 5.486238 17.424722
86.786787 13.035290 -10.199802 5.492084 17.438972
86.886887 13.046522 -10.206670 5.497929 17.453225
86.986987 13.057757 -10.213545 5.503774 17.467485
87.087087 13.068997 -10.220426 5.509620 17.481753
87.187187 13.080244 -10.227315 5.515466 17.496031
87.287287 13.091497 -10.234212 5.521313 17.510320
87.387387 13.102757 -10.241118 5.527162 17.524619
87.487487 13.114024 -10.248032 5.533012 17.538928
87.587588 13.125299 -10.254955 5.538863 17.553251
87.687688 13.136584 -10.261889 5.544717 17.567587
87.787788 13.147878 -10.268833 5.550573 17.581936
87.887888 13.159182 -10.275788 5.556432 17.596302
87.987988 13.170500 -10.282756 5.562295 17.610686
88.088088 13.181831 -10.289737 5.568161 17.625089
88.188188 13.193177 -10.296733 5.574033 17.639514
88.288288 13.204537 -10.303744 5.579908 17.653960
88.388388 13.215912 -10.310769 5.585789 17.668427
88.488488 13.227303 -10.317808 5.591674 17.682916
88.588589 13.238708 -10.324862 5.597563 17.697426
88.688689 13.250128 -10.331931 5.603457 17.711957
88.788789 13.261562 -10.339013 5.609356 17.726509
88.888889 13.273012 -10.346110 5.615259 17.741082
88.988989 13.284476 -10.353222 5.621167 17.755676
89.089089 13.295955 -10.360348 5.627080 17.770291
89.189189 13.307451 -10.367489 5.632997 17.784930
89.289289 13.318961 -10.374645 5.638920 17.799590
89.389389 13.330487 -10.381816 5.644847 17.814271
89.489489 13.342028 -10.389001 5.650779 17.828975
89.589590 13.353585 -10.396202 5.656717 17.843702
89.689690 13.365161 -10.403421 5.662661 17.858455
89.789790 13.376757 -10.410658 5.668611 17.873236
89.889890 13.388374 -10.417913 5.674569 17.888046
89.989990 13.400008 -10.425185 5.680532 17.902881
90.090090 13.411659 -10.432473 5.686501 17.917740
90.190190 13.423327 -10.439777 5.692476 17.932622
90.290290 13.435013 -10.447098 5.698456 17.947530
90.390390 13.446715 -10.454434 5.704442 17.962461
90.490490 13.458434 -10.461786 5.710434 17.977416
90.590591 13.470170 -10.469154 5.716431 17.992394
90.690691 13.481922 -10.476537 5.722433 18.007395
90.790791 13.493687 -10.483933 5.728439 18.022416
90.890891 13.505466 -10.491342 5.734449 18.037455
90.990991 13.517258 -10.498765 5.740464 18.052513
91.091091 13.529062 -10.506200 5.746482 18.067590
91.191191 13.540878 -10.513646 5.752503 18.082683
91.291291 13.552705 -10.521103 5.758527 18.097792
91.391391 13.564542 -10.528572 5.764555 18.112916
91.491491 13.576390 -10.536051 5.770585 18.128055
91.591592 13.588246 -10.543540 5.776617 18.143208
91.691692 13.600114 -10.551041 5.782653 18.158376
91.791792 13.611994 -10.558553 5.788692 18.173562
91.891892 13.623886 -10.566077 5.794735 18.188766
91.991992 13.635792 -10.573615 5.800782 18.203990
92.092092 13.647711 -10.581166 5.806833 18.219232
92.192192 13.659643 -10.588729 5.812888 18.234492
92.292292 13.671586 -10.596304 5.818947 18.249769
92.392392 13.683541 -10.603891 5.825008 18.265063
92.492492 13.695508 -10.611489 5.831074 18.280374
92.592593 13.707487 -10.619100 5.837143 18.295703
92.692693 13.719478 -10.626722 5.843215 18.311048
92.792793 13.731479 -10.634355 5.849290 18.326408
92.892893 13.743490 -10.641998 5.855368 18.341782
92.992993 13.755510 -10.649651 5.861449 18.357170
93.093093 13.767538 -10.657313 5.867531 18.372570
93.193193 13.779574 -10.664983 5.873615 18.387982
93.293293 13.791615 -10.672660 5.879700 18.403402
93.393393 13.803660 -10.680343 5.885785 18.418827
93.493493 13.815708 -10.688030 5.891869 18.434258
93.593594 13.827757 -10.695721 5.897953 18.449693
93.693694 13.839805 -10.703414 5.904035 18.465127
93.793794 13.851854 -10.711110 5.910116 18.480563
93.893894 13.863904 -10.718810 5.916195 18.496002
93.993994 13.875955 -10.726512 5.922274 18.511443
94.094094 13.888005 -10.734216 5.928350 18.526884
94.194194 13.900055 -10.741923 5.934425 18.542325
94.294294 13.912104 -10.749632 5.940499 18.557768
94.394394 13.924153 -10.757344 5.946570 18.573212
94.494494 13.936201 -10.765057 5.952640 18.588654
94.594595 13.948248 -10.772772 5.958708 18.604097
94.694695 13.960294 -10.780488 5.964774 18.619540
94.794795 13.972339 -10.788206 5.970838 18.634982
94.894895 13.984383 -10.795927 5.976900 18.650424
94.994995 13.996426 -10.803649 5.982961 18.665867
95.095095 14.008468 -10.811372 5.989019 18.681309
95.195195 14.020509 -10.819098 5.995076 18.696750
95.295295 14.032548 -10.826824 6.001131 18.712191
95.395395 14.044586 -10.834552 6.007183 18.727631
95.495495 14.056620 -10.842279 6.013232 18.743066
95.595596 14.068649 -10.850006 6.019278 18.758497
95.695696 14.080673 -10.857730 6.025320 18.773921
95.795796 14.092687 -10.865450 6.031357 18.789334
95.895896 14.104689 -10.873162 6.037387 18.804732
95.995996 14.116679 -10.880868 6.043410 18.820114
96.096096 14.128656 -10.888566 6.049426 18.835481
96.196196 14.140622 -10.896259 6.055436 18.850834
96.296296 14.152579 -10.903947 6.061442 18.866177
96.396396 14.164528 -10.911631 6.067442 18.881509
96.496496 14.176470 -10.919312 6.073437 18.896834
96.596597 14.188408 -10.926992 6.079430 18.912154
96.696697 14.200342 -10.934671 6.085419 18.927469
96.796797 14.212269 -10.942349 6.091405 18.942777
96.896897 14.224190 -10.950023 6.097385 18.958077
96.996997 14.236102 -10.957693 6.103361 18.973367
97.097097 14.248005 -10.965359 6.109332 18.988647
97.197197 14.259901 -10.973021 6.115298 19.003916
97.297297 14.271790 -10.980681 6.121260 19.019179
97.397397 14.283675 -10.988339 6.127219 19.034436
97.497497 14.295554 -10.995996 6.133174 19.049688
97.597598 14.307428 -11.003651 6.139125 19.064933
97.697698 14.319295 -11.011303 6.145072 19.080170
97.797798 14.331155 -11.018952 6.151014 19.095399
97.897898 14.343006 -11.026597 6.156952 19.110618
97.997998 14.354847 -11.034235 6.162883 19.125823
98.098098 14.366675 -11.041867 6.168808 19.141013
98.198198 14.378491 -11.049492 6.174726 19.156187
98.298298 14.390293 -11.057108 6.180637 19.171344
98.398398 14.402079 -11.064714 6.186539 19.186481
98.498498 14.413848 -11.072310 6.192433 19.201595
98.598599 14.425596 -11.079892 6.198317 19.216684
98.698699 14.437323 -11.087460 6.204190 19.231746
98.798799 14.449029 -11.095013 6.210053 19.246779
98.898899 14.460711 -11.102552 6.215904 19.261783
98.998999 14.472371 -11.110075 6.221744 19.276757
99.099099 14.484008 -11.117583 6.227574 19.291704
99.199199 14.495623 -11.125076 6.233392 19.306620
99.299299 14.507213 -11.132553 6.239198 19.321506
99.399399 14.518780 -11.140015 6.244993 19.336361
99.499499 14.530323 -11.147460 6.250777 19.351185
99.599600 14.541840 -11.154887 6.256548 19.365976
99.699700 14.553329 -11.162295 6.262305 19.380730
99.799800 14.564790 -11.169683 6.268049 19.395447
99.899900 14.576222 -11.177053 6.273780 19.410128
100.000000 14.587627 -11.184403 6.279497 19.424773
