0.000000 -0.136309 0.825242 -0.452270 0.950870
0.100100 -0.207826 0.773088 -0.513594 0.951123
0.200200 -0.277552 0.714454 -0.570559 0.955519
0.300300 -0.344937 0.649930 -0.622762 0.963962
0.400400 -0.409503 0.580199 -0.669913 0.976272
0.500501 -0.470879 0.506032 -0.711875 0.992251
0.600601 -0.528786 0.428213 -0.748622 1.011640
0.700701 -0.583002 0.347472 -0.780166 1.034063
0.800801 -0.633401 0.264515 -0.806624 1.059154
0.900901 -0.679980 0.180018 -0.828237 1.086626
1.001001 -0.722781 0.094574 -0.845267 1.116169
1.101101 -0.761904 0.008697 -0.858016 1.147504
1.201201 -0.797520 -0.077172 -0.866830 1.180419
1.301301 -0.829800 -0.162670 -0.872037 1.214692
1.401401 -0.858882 -0.247496 -0.873900 1.250054
1.501502 -0.884932 -0.331402 -0.872694 1.286284
1.601602 -0.908114 -0.414189 -0.868676 1.323186
1.701702 -0.928596 -0.495700 -0.862091 1.360592
1.801802 -0.946617 -0.575854 -0.853237 1.398465
1.901902 -0.962426 -0.654620 -0.842405 1.436815
2.002002 -0.976219 -0.731971 -0.829824 1.475599
2.102102 -0.988126 -0.807863 -0.815656 1.514705
2.202202 -0.998240 -0.882246 -0.800025 1.553989
2.302302 -1.006662 -0.955088 -0.783053 1.593340
2.402402 -1.013515 -1.026398 -0.764877 1.632710
2.502503 -1.018923 -1.096200 -0.745627 1.672070
2.602603 -1.023005 -1.164531 -0.725421 1.711405
2.702703 -1.025843 -1.231402 -0.704351 1.750662
2.802803 -1.027520 -1.296833 -0.682499 1.789798
2.902903 -1.028148 -1.360896 -0.659967 1.828847
3.003003 -1.027830 -1.423662 -0.636844 1.867838
3.103103 -1.026641 -1.485174 -0.613198 1.906763
3.203203 -1.024623 -1.545441 -0.589075 1.945572
3.303303 -1.021838 -1.604503 -0.564526 1.984256
3.403403 -1.018355 -1.662423 -0.539610 2.022839
3.503504 -1.014226 -1.719240 -0.514368 2.061314
3.603604 -1.009484 -1.774970 -0.488834 2.099651
3.703704 -1.004155 -1.829618 -0.463032 2.137809
3.803804 -0.998262 -1.883191 -0.436989 2.175752
3.903904 -0.991822 -1.935679 -0.410725 2.213427
4.004004 -0.984851 -1.987081 -0.384259 2.250795
4.104104 -0.977373 -2.037409 -0.357614 2.287834
4.204204 -0.969432 -2.086721 -0.330818 2.324574
4.304304 -0.961077 -2.135089 -0.303900 2.361066
4.404404 -0.952346 -2.182568 -0.276882 2.397338
4.504505 -0.943278 -2.229220 -0.249785 2.433431
4.604605 -0.933904 -2.275096 -0.222628 2.469373
4.704705 -0.924252 -2.320238 -0.195424 2.505182
4.804805 -0.914337 -2.364666 -0.168186 2.540855
4.904905 -0.904169 -2.408379 -0.140921 2.576368
5.005005 -0.893763 -2.451401 -0.113641 2.611722
5.105105 -0.883136 -2.493758 -0.086353 2.646926
5.205205 -0.872302 -2.535470 -0.059068 2.681978
5.305305 -0.861272 -2.576553 -0.031791 2.716878
5.405405 -0.850061 -2.617032 -0.004530 2.751633
5.505506 -0.838678 -2.656919 0.022710 2.786237
5.605606 -0.827132 -2.696223 0.049921 2.820684
5.705706 -0.815438 -2.734981 0.077100 2.854997
5.805806 -0.803612 -2.773232 0.104243 2.889200
5.905906 -0.791662 -2.810983 0.131344 2.923287
6.006006 -0.779588 -2.848228 0.158401 2.957236
6.106106 -0.767392 -2.884959 0.185407 2.991029
6.206206 -0.755079 -2.921174 0.212359 3.024649
6.306306 -0.742659 -2.956904 0.239254 3.058115
6.406406 -0.730139 -2.992165 0.266091 3.091433
6.506507 -0.717523 -3.026952 0.292865 3.124588
6.606607 -0.704813 -3.061271 0.319573 3.157573
6.706707 -0.692018 -3.095136 0.346213 3.190395
6.806807 -0.679143 -3.128566 0.372784 3.223062
6.906907 -0.666193 -3.161570 0.399285 3.255574
7.007007 -0.653173 -3.194154 0.425713 3.287930
7.107107 -0.640088 -3.226339 0.452067 3.320142
7.207207 -0.626947 -3.258152 0.478351 3.352229
7.307307 -0.613755 -3.289607 0.504562 3.384198
7.407407 -0.600516 -3.320718 0.530701 3.416055
7.507508 -0.587234 -3.351500 0.556769 3.447810
7.607608 -0.573915 -3.381973 0.582766 3.479473
7.707708 -0.560561 -3.412145 0.608692 3.511050
7.807808 -0.547178 -3.442034 0.634550 3.542549
7.907908 -0.533769 -3.471653 0.660339 3.573980
8.008008 -0.520335 -3.501006 0.686058 3.605339
8.108108 -0.506879 -3.530101 0.711709 3.636629
8.208208 -0.493405 -3.558959 0.737294 3.667866
8.308308 -0.479918 -3.587607 0.762817 3.699072
8.408408 -0.466419 -3.616035 0.788276 3.730233
8.508509 -0.452905 -3.644237 0.813667 3.761335
8.608609 -0.439382 -3.672226 0.838993 3.792388
8.708709 -0.425849 -3.700011 0.864254 3.823397
8.808809 -0.412309 -3.727589 0.889450 3.854354
8.908909 -0.398762 -3.754967 0.914580 3.885260
9.009009 -0.385210 -3.782150 0.939645 3.916118
9.109109 -0.371653 -3.809138 0.964645 3.946923
9.209209 -0.358092 -3.835924 0.989576 3.977663
9.309309 -0.344527 -3.862500 1.014436 4.008327
9.409409 -0.330959 -3.888881 1.039228 4.038926
9.509510 -0.317391 -3.915078 1.063953 4.069468
9.609610 -0.303824 -3.941098 1.088613 4.099956
9.709710 -0.290259 -3.966949 1.113211 4.130396
9.809810 -0.276697 -3.992643 1.137747 4.160796
9.909910 -0.263139 -4.018182 1.162223 4.191156
10.010010 -0.249585 -4.043555 1.186634 4.221461
10.110110 -0.236035 -4.068766 1.210980 4.251710
10.210210 -0.222492 -4.093831 1.235268 4.281920
10.310310 -0.208956 -4.118756 1.259496 4.312093
10.410410 -0.195427 -4.143551 1.283669 4.342236
10.510511 -0.181907 -4.168223 1.307787 4.372354
10.610611 -0.168396 -4.192774 1.331852 4.402447
10.710711 -0.154895 -4.217202 1.355861 4.432510
10.810811 -0.141403 -4.241507 1.379815 4.462540
10.910911 -0.127921 -4.265686 1.403712 4.492532
11.011011 -0.114449 -4.289732 1.427549 4.522477
11.111111 -0.100988 -4.313653 1.451329 4.552379
11.211211 -0.087538 -4.337447 1.475051 4.582236
11.311311 -0.074099 -4.361111 1.498713 4.612041
11.411411 -0.060672 -4.384648 1.522315 4.641795
11.511512 -0.047257 -4.408061 1.545859 4.671500
11.611612 -0.033854 -4.431363 1.569349 4.701168
11.711712 -0.020464 -4.454555 1.592785 4.730798
11.811812 -0.007087 -4.477630 1.616163 4.760378
11.911912 0.006276 -4.500576 1.639481 4.789898
12.012012 0.019626 -4.523400 1.662738 4.819360
12.112112 0.032962 -4.546103 1.685935 4.848764
12.212212 0.046283 -4.568686 1.709073 4.878111
12.312312 0.059590 -4.591157 1.732155 4.907406
12.412412 0.072883 -4.613515 1.755178 4.936647
12.512513 0.086160 -4.635752 1.778141 4.965824
12.612613 0.099422 -4.657858 1.801039 4.994925
12.712713 0.112667 -4.679830 1.823870 5.023943
12.812813 0.125896 -4.701662 1.846632 5.052873
12.912913 0.139109 -4.723351 1.869324 5.081709
13.013013 0.152304 -4.744910 1.891949 5.110463
13.113113 0.165483 -4.766344 1.914510 5.139141
13.213213 0.178644 -4.787647 1.937004 5.167732
13.313313 0.191787 -4.808813 1.959428 5.196232
13.413413 0.204912 -4.829847 1.981784 5.224642
13.513514 0.218020 -4.850756 2.004074 5.252968
13.613614 0.231108 -4.871534 2.026296 5.281205
13.713714 0.244178 -4.892178 2.048448 5.309347
13.813814 0.257228 -4.912685 2.070529 5.337389
13.913914 0.270258 -4.933062 2.092540 5.365339
14.014014 0.283271 -4.953331 2.114492 5.393218
14.114114 0.296265 -4.973501 2.136388 5.421037
14.214214 0.309241 -4.993580 2.158230 5.448801
14.314314 0.322200 -5.013575 2.180023 5.476518
14.414414 0.335141 -5.033485 2.201764 5.504185
14.514515 0.348063 -5.053307 2.223453 5.531799
14.614615 0.360968 -5.073040 2.245089 5.559358
14.714715 0.373853 -5.092683 2.266672 5.586858
14.814815 0.386720 -5.112231 2.288199 5.614296
14.914915 0.399567 -5.131684 2.309669 5.641667
15.015015 0.412395 -5.151049 2.331086 5.668980
15.115115 0.425204 -5.170320 2.352448 5.696228
15.215215 0.437993 -5.189503 2.373756 5.723417
15.315315 0.450763 -5.208597 2.395009 5.750542
15.415415 0.463513 -5.227595 2.416205 5.777599
15.515516 0.476243 -5.246505 2.437347 5.804591
15.615616 0.488952 -5.265322 2.458432 5.831516
15.715716 0.501641 -5.284047 2.479462 5.858372
15.815816 0.514310 -5.302684 2.500436 5.885164
15.915916 0.526959 -5.321230 2.521355 5.911887
16.016016 0.539587 -5.339689 2.542219 5.938545
16.116116 0.552195 -5.358068 2.563032 5.965144
16.216216 0.564783 -5.376364 2.583792 5.991681
16.316316 0.577351 -5.394577 2.604499 6.018157
16.416416 0.589899 -5.412719 2.625159 6.044582
16.516517 0.602428 -5.430790 2.645772 6.070956
16.616617 0.614938 -5.448790 2.666337 6.097279
16.716717 0.627429 -5.466723 2.686856 6.123555
16.816817 0.639900 -5.484586 2.707328 6.149779
16.916917 0.652352 -5.502376 2.727751 6.175947
17.017017 0.664782 -5.520090 2.748124 6.202057
17.117117 0.677193 -5.537725 2.768445 6.228103
17.217217 0.689582 -5.555283 2.788714 6.254088
17.317317 0.701951 -5.572766 2.808933 6.280013
17.417417 0.714298 -5.590170 2.829100 6.305873
17.517518 0.726624 -5.607496 2.849215 6.331668
17.617618 0.738930 -5.624749 2.869280 6.357404
17.717718 0.751216 -5.641935 2.889298 6.383087
17.817818 0.763480 -5.659047 2.909266 6.408709
17.917918 0.775723 -5.676076 2.929179 6.434258
18.018018 0.787942 -5.693015 2.949032 6.459726
18.118118 0.800137 -5.709861 2.968826 6.485111
18.218218 0.812310 -5.726628 2.988566 6.510426
18.318318 0.824462 -5.743327 3.008258 6.535683
18.418418 0.836594 -5.759958 3.027902 6.560883
18.518519 0.848704 -5.776516 3.047495 6.586020
18.618619 0.860792 -5.792995 3.067035 6.611086
18.718719 0.872857 -5.809392 3.086519 6.636077
18.818819 0.884898 -5.825704 3.105946 6.660988
18.918919 0.896915 -5.841930 3.125315 6.685820
19.019019 0.908908 -5.858069 3.144625 6.710570
19.119119 0.920877 -5.874121 3.163877 6.735238
19.219219 0.932822 -5.890094 3.183073 6.759832
19.319319 0.944745 -5.905987 3.202215 6.784350
19.419419 0.956643 -5.921798 3.221300 6.808791
19.519520 0.968518 -5.937526 3.240328 6.833153
19.619620 0.980369 -5.953174 3.259301 6.857438
19.719720 0.992197 -5.968749 3.278221 6.881653
19.819820 1.004003 -5.984255 3.297092 6.905805
19.919920 1.015788 -5.999696 3.315916 6.929898
20.020020 1.027551 -6.015071 3.334691 6.953927
20.120120 1.039293 -6.030383 3.353420 6.977899
20.220220 1.051015 -6.045639 3.372105 7.001819
20.320320 1.062716 -6.060834 3.390745 7.025683
20.420420 1.074396 -6.075967 3.409339 7.049488
20.520521 1.086054 -6.091037 3.427885 7.073235
20.620621 1.097692 -6.106053 3.446390 7.096929
20.720721 1.109310 -6.121015 3.464852 7.120575
20.820821 1.120908 -6.135924 3.483273 7.144172
20.920921 1.132486 -6.150781 3.501653 7.167720
21.021021 1.144045 -6.165586 3.519992 7.191219
21.121121 1.155584 -6.180338 3.538290 7.214669
21.221221 1.167104 -6.195045 3.556550 7.238077
21.321321 1.178607 -6.209718 3.574779 7.261457
21.421421 1.190094 -6.224357 3.592977 7.284808
21.521522 1.201563 -6.238958 3.611141 7.308125
21.621622 1.213015 -6.253520 3.629272 7.331407
21.721722 1.224449 -6.268042 3.647369 7.354654
21.821822 1.235866 -6.282526 3.665432 7.377865
21.921922 1.247265 -6.296972 3.683462 7.401042
22.022022 1.258646 -6.311377 3.701456 7.424180
22.122122 1.270009 -6.325742 3.719416 7.447280
22.222222 1.281355 -6.340069 3.737342 7.470346
22.322322 1.292684 -6.354367 3.755240 7.493386
22.422422 1.303998 -6.368637 3.773111 7.516403
22.522523 1.315296 -6.382872 3.790950 7.539387
22.622623 1.326573 -6.397062 3.808750 7.562326
22.722723 1.337831 -6.411202 3.826511 7.585215
22.822823 1.349069 -6.425291 3.844229 7.608052
22.922923 1.360286 -6.439331 3.861908 7.630839
23.023023 1.371483 -6.453323 3.879546 7.653576
23.123123 1.382659 -6.467258 3.897140 7.676254
23.223223 1.393811 -6.481127 3.914683 7.698861
23.323323 1.404937 -6.494925 3.932172 7.721391
23.423423 1.416038 -6.508648 3.949605 7.743839
23.523524 1.427113 -6.522295 3.966980 7.766203
23.623624 1.438163 -6.535874 3.984304 7.788494
23.723724 1.449190 -6.549390 4.001579 7.810717
23.823824 1.460194 -6.562848 4.018808 7.832877
23.923924 1.471178 -6.576256 4.035995 7.854983
24.024024 1.482143 -6.589621 4.053145 7.877045
24.124124 1.493088 -6.602945 4.070259 7.899063
24.224224 1.504014 -6.616219 4.087332 7.921029
24.324324 1.514917 -6.629441 4.104362 7.942937
24.424424 1.525800 -6.642614 4.121350 7.964792
24.524525 1.536664 -6.655744 4.138302 7.986602
24.624625 1.547509 -6.668834 4.155219 8.008369
24.724725 1.558336 -6.681884 4.172099 8.030093
24.824825 1.569144 -6.694896 4.188946 8.051777
24.924925 1.579936 -6.707876 4.205762 8.073427
25.025025 1.590710 -6.720821 4.222546 8.095041
25.125125 1.601466 -6.733730 4.239297 8.116616
25.225225 1.612203 -6.746599 4.256012 8.138147
25.325325 1.622921 -6.759427 4.272691 8.159633
25.425425 1.633622 -6.772219 4.289337 8.181081
25.525526 1.644306 -6.784981 4.305953 8.202496
25.625626 1.654974 -6.797714 4.322541 8.223881
25.725726 1.665624 -6.810414 4.339097 8.245230
25.825826 1.676257 -6.823079 4.355621 8.266540
25.925926 1.686873 -6.835713 4.372115 8.287816
26.026026 1.697471 -6.848311 4.388576 8.309054
26.126126 1.708050 -6.860867 4.404999 8.330243
26.226226 1.718608 -6.873379 4.421384 8.351382
26.326326 1.729148 -6.885852 4.437734 8.372478
26.426426 1.739670 -6.898291 4.454052 8.393536
26.526527 1.750175 -6.910696 4.470338 8.414556
26.626627 1.760662 -6.923066 4.486591 8.435536
26.726727 1.771130 -6.935397 4.502809 8.456472
26.826827 1.781578 -6.947686 4.518989 8.477360
26.926927 1.792007 -6.959937 4.535135 8.498203
27.027027 1.802418 -6.972151 4.551246 8.519005
27.127127 1.812810 -6.984322 4.567320 8.539757
27.227227 1.823181 -6.996450 4.583355 8.560458
27.327327 1.833532 -7.008535 4.599352 8.581110
27.427427 1.843862 -7.020577 4.615311 8.601711
27.527528 1.854174 -7.032577 4.631233 8.622263
27.627628 1.864465 -7.044537 4.647119 8.642768
27.727728 1.874737 -7.056456 4.662967 8.663226
27.827828 1.884991 -7.068338 4.678782 8.683640
27.927928 1.895226 -7.080182 4.694561 8.704009
28.028028 1.905439 -7.091979 4.710299 8.724321
28.128128 1.915630 -7.103725 4.725994 8.744573
28.228228 1.925799 -7.115423 4.741647 8.764769
28.328328 1.935948 -7.127080 4.757263 8.784914
28.428428 1.946078 -7.138696 4.772842 8.805011
28.528529 1.956187 -7.150268 4.788382 8.825055
28.628629 1.966275 -7.161794 4.803881 8.845044
28.728729 1.976344 -7.173280 4.819344 8.864985
28.828829 1.986395 -7.184734 4.834776 8.884888
28.928929 1.996430 -7.196161 4.850181 8.904758
29.029029 2.006449 -7.207563 4.865558 8.924599
29.129129 2.016453 -7.218940 4.880909 8.944409
29.229229 2.026442 -7.230294 4.896235 8.964192
29.329329 2.036417 -7.241627 4.911537 8.983950
29.429429 2.046378 -7.252943 4.926818 9.003687
29.529530 2.056327 -7.264243 4.942080 9.023406
29.629630 2.066263 -7.275531 4.957323 9.043110
29.729730 2.076188 -7.286808 4.972549 9.062802
29.829830 2.086102 -7.298075 4.987759 9.082481
29.929930 2.096004 -7.309328 5.002951 9.102144
30.030030 2.105894 -7.320571 5.018126 9.121795
30.130130 2.115774 -7.331810 5.033288 9.141440
30.230230 2.125647 -7.343048 5.048441 9.161085
30.330330 2.135511 -7.354288 5.063586 9.180733
30.430430 2.145368 -7.365531 5.078724 9.200385
30.530531 2.155218 -7.376778 5.093854 9.220041
30.630631 2.165058 -7.388021 5.108974 9.239694
30.730731 2.174891 -7.399266 5.124085 9.259348
30.830831 2.184717 -7.410516 5.139190 9.279009
30.930931 2.194538 -7.421776 5.154293 9.298683
31.031031 2.204356 -7.433055 5.169400 9.318379
31.131131 2.214173 -7.444360 5.184516 9.338108
31.231231 2.223992 -7.455696 5.199645 9.357877
31.331331 2.233812 -7.467062 5.214785 9.377682
31.431431 2.243631 -7.478456 5.229935 9.397521
31.531532 2.253450 -7.489874 5.245094 9.417391
31.631632 2.263268 -7.501315 5.260260 9.437290
31.731732 2.273086 -7.512782 5.275434 9.457220
31.831832 2.282903 -7.524276 5.290619 9.477185
31.931932 2.292723 -7.535802 5.305817 9.497188
32.032032 2.302544 -7.547361 5.321028 9.517232
32.132132 2.312366 -7.558951 5.336253 9.537315
32.232232 2.322190 -7.570571 5.351491 9.557435
32.332332 2.332016 -7.582221 5.366741 9.577593
32.432432 2.341842 -7.593901 5.382002 9.597786
32.532533 2.351668 -7.605606 5.397273 9.618011
32.632633 2.361494 -7.617335 5.412552 9.638266
32.732733 2.371318 -7.629085 5.427837 9.658546
32.832833 2.381141 -7.640855 5.443127 9.678850
32.932933 2.390962 -7.652646 5.458423 9.699179
33.033033 2.400782 -7.664456 5.473724 9.719532
33.133133 2.410599 -7.676285 5.489030 9.739907
33.233233 2.420413 -7.688128 5.504337 9.760299
33.333333 2.430222 -7.699980 5.519642 9.780701
33.433433 2.440026 -7.711838 5.534943 9.801110
33.533534 2.449822 -7.723701 5.550238 9.821524
33.633634 2.459613 -7.735569 5.565528 9.841942
33.733734 2.469397 -7.747438 5.580810 9.862361
33.833834 2.479171 -7.759303 5.596080 9.882772
33.933934 2.488936 -7.771161 5.611337 9.903174
34.034034 2.498691 -7.783015 5.626583 9.923569
34.134134 2.508439 -7.794870 5.641820 9.943963
34.234234 2.518181 -7.806728 5.657051 9.964359
34.334334 2.527915 -7.818589 5.672276 9.984759
34.434434 2.537643 -7.830453 5.687494 10.005159
34.534535 2.547363 -7.842314 5.702702 10.025555
34.634635 2.557074 -7.854170 5.717897 10.045943
34.734735 2.566775 -7.866022 5.733082 10.066323
34.834835 2.576468 -7.877870 5.748254 10.086697
34.934935 2.586151 -7.889713 5.763415 10.107062
35.035035 2.595825 -7.901550 5.778562 10.127418
35.135135 2.605489 -7.913380 5.793696 10.147762
35.235235 2.615141 -7.925196 5.808812 10.168087
35.335335 2.624780 -7.936996 5.823907 10.188390
35.435435 2.634407 -7.948782 5.838984 10.208672
35.535536 2.644023 -7.960557 5.854044 10.228937
35.635636 2.653630 -7.972326 5.869092 10.249194
35.735736 2.663228 -7.984092 5.884129 10.269444
35.835836 2.672817 -7.995854 5.899154 10.289686
35.935936 2.682397 -8.007610 5.914167 10.309919
36.036036 2.691969 -8.019361 5.929169 10.330145
36.136136 2.701533 -8.031113 5.944162 10.350368
36.236236 2.711090 -8.042866 5.959148 10.370590
36.336336 2.720639 -8.054618 5.974125 10.390810
36.436436 2.730181 -8.066371 5.989094 10.411026
36.536537 2.739716 -8.078122 6.004055 10.431240
36.636637 2.749244 -8.089875 6.019008 10.451453
36.736737 2.758765 -8.101631 6.033955 10.471668
36.836837 2.768280 -8.113390 6.048896 10.491883
36.936937 2.777788 -8.125148 6.063829 10.512096
37.037037 2.787289 -8.136905 6.078753 10.532305
37.137137 2.796780 -8.148659 6.093666 10.552507
37.237237 2.806264 -8.160408 6.108568 10.572700
37.337337 2.815738 -8.172154 6.123459 10.592886
37.437437 2.825204 -8.183894 6.138338 10.613062
37.537538 2.834659 -8.195625 6.153202 10.633224
37.637638 2.844104 -8.207346 6.168051 10.653371
37.737738 2.853539 -8.219059 6.182885 10.673503
37.837838 2.862963 -8.230761 6.197704 10.693621
37.937938 2.872377 -8.242454 6.212507 10.713722
38.038038 2.881780 -8.254135 6.227294 10.733806
38.138138 2.891170 -8.265802 6.242062 10.753868
38.238238 2.900548 -8.277454 6.256811 10.773908
38.338338 2.909914 -8.289090 6.271540 10.793926
38.438438 2.919267 -8.300710 6.286249 10.813918
38.538539 2.928606 -8.312309 6.300934 10.833881
38.638639 2.937931 -8.323889 6.315597 10.853816
38.738739 2.947241 -8.335447 6.330235 10.873720
38.838839 2.956537 -8.346983 6.344850 10.893593
38.938939 2.965821 -8.358504 6.359445 10.913443
39.039039 2.975093 -8.370014 6.374023 10.933274
39.139139 2.984354 -8.381512 6.388585 10.953088
39.239239 2.993605 -8.393000 6.403132 10.972886
39.339339 3.002846 -8.404479 6.417664 10.992669
39.439439 3.012077 -8.415949 6.432181 11.012437
39.539540 3.021299 -8.427413 6.446686 11.032193
39.639640 3.030512 -8.438871 6.461179 11.051940
39.739740 3.039715 -8.450322 6.475659 11.071675
39.839840 3.048909 -8.461765 6.490124 11.091394
39.939940 3.058093 -8.473200 6.504577 11.111101
40.040040 3.067270 -8.484633 6.519020 11.130803
40.140140 3.076439 -8.496064 6.533454 11.150498
40.240240 3.085600 -8.507491 6.547878 11.170185
40.340340 3.094752 -8.518912 6.562289 11.189861
40.440440 3.103895 -8.530328 6.576689 11.209527
40.540541 3.113029 -8.541735 6.591075 11.229179
40.640641 3.122152 -8.553134 6.605446 11.248815
40.740741 3.131266 -8.564521 6.619801 11.268434
40.840841 3.140367 -8.575895 6.634138 11.288032
40.940941 3.149455 -8.587249 6.648453 11.307601
41.041041 3.158528 -8.598584 6.662746 11.327142
41.141141 3.167589 -8.609902 6.677017 11.346655
41.241241 3.176637 -8.621203 6.691268 11.366144
41.341341 3.185673 -8.632489 6.705500 11.385609
41.441441 3.194697 -8.643758 6.719712 11.405050
41.541542 3.203707 -8.655010 6.733903 11.424465
41.641642 3.212705 -8.666245 6.748073 11.443853
41.741742 3.221689 -8.677462 6.762222 11.463214
41.841842 3.230659 -8.688657 6.776347 11.482543
41.941942 3.239614 -8.699831 6.790447 11.501840
42.042042 3.248554 -8.710983 6.804524 11.521106
42.142142 3.257480 -8.722113 6.818576 11.540338
42.242242 3.266391 -8.733218 6.832601 11.559535
42.342342 3.275285 -8.744298 6.846599 11.578694
42.442442 3.284162 -8.755350 6.860569 11.597814
42.542543 3.293023 -8.766375 6.874510 11.616894
42.642643 3.301868 -8.777374 6.888423 11.635936
42.742743 3.310697 -8.788349 6.902310 11.654943
42.842843 3.319511 -8.799302 6.916173 11.673916
42.942943 3.328312 -8.810234 6.930012 11.692859
43.043043 3.337098 -8.821147 6.943829 11.711773
43.143143 3.345870 -8.832038 6.957622 11.730654
43.243243 3.354628 -8.842909 6.971392 11.749505
43.343343 3.363371 -8.853756 6.985136 11.768321
43.443443 3.372099 -8.864582 6.998855 11.787105
43.543544 3.380815 -8.875391 7.012555 11.805863
43.643644 3.389520 -8.886187 7.026238 11.824601
43.743744 3.398213 -8.896970 7.039903 11.843317
43.843844 3.406895 -8.907740 7.053550 11.862012
43.943944 3.415564 -8.918494 7.067178 11.880683
44.044044 3.424222 -8.929233 7.080787 11.899329
44.144144 3.432868 -8.939957 7.094378 11.917953
44.244244 3.441503 -8.950670 7.107952 11.936558
44.344344 3.450127 -8.961370 7.121509 11.955142
44.444444 3.458740 -8.972057 7.135049 11.973705
44.544545 3.467341 -8.982730 7.148571 11.992246
44.644645 3.475930 -8.993389 7.162075 12.010765
44.744745 3.484510 -9.004038 7.175564 12.029266
44.844845 3.493080 -9.014679 7.189039 12.047752
44.944945 3.501641 -9.025310 7.202500 12.066222
45.045045 3.510192 -9.035932 7.215948 12.084677
45.145145 3.518734 -9.046546 7.229381 12.103117
45.245245 3.527266 -9.057151 7.242801 12.121541
45.345345 3.535787 -9.067744 7.256204 12.139945
45.445445 3.544297 -9.078323 7.269589 12.158327
45.545546 3.552794 -9.088886 7.282955 12.176684
45.645646 3.561280 -9.099434 7.296302 12.195017
45.745746 3.569755 -9.109969 7.309632 12.213329
45.845846 3.578218 -9.120492 7.322945 12.231620
45.945946 3.586671 -9.131003 7.336242 12.249893
46.046046 3.595114 -9.141503 7.349523 12.268146
46.146146 3.603545 -9.151988 7.362786 12.286376
46.246246 3.611965 -9.162460 7.376031 12.304585
46.346346 3.620373 -9.172917 7.389258 12.322770
46.446446 3.628769 -9.183359 7.402466 12.340930
46.546547 3.637153 -9.193786 7.415656 12.359067
46.646647 3.645526 -9.204198 7.428826 12.377180
46.746747 3.653885 -9.214593 7.441976 12.395265
46.846847 3.662232 -9.224969 7.455105 12.413323
46.946947 3.670566 -9.235328 7.468213 12.431353
47.047047 3.678888 -9.245672 7.481301 12.449359
47.147147 3.687196 -9.255997 7.494369 12.467336
47.247247 3.695492 -9.266304 7.507415 12.485285
47.347347 3.703773 -9.276591 7.520438 12.503202
47.447447 3.712041 -9.286857 7.533438 12.521088
47.547548 3.720294 -9.297101 7.546414 12.538941
47.647648 3.728532 -9.307322 7.559364 12.556758
47.747748 3.736754 -9.317517 7.572287 12.574537
47.847848 3.744958 -9.327682 7.585179 12.592272
47.947948 3.753143 -9.337815 7.598039 12.609959
48.048048 3.761309 -9.347915 7.610865 12.627598
48.148148 3.769457 -9.357983 7.623658 12.645190
48.248248 3.777587 -9.368021 7.636421 12.662737
48.348348 3.785701 -9.378034 7.649157 12.680247
48.448448 3.793801 -9.388026 7.661869 12.697724
48.548549 3.801887 -9.397998 7.674559 12.715170
48.648649 3.809961 -9.407953 7.687229 12.732590
48.748749 3.818022 -9.417890 7.699877 12.749983
48.848849 3.826070 -9.427812 7.712507 12.767349
48.948949 3.834107 -9.437718 7.725118 12.784692
49.049049 3.842133 -9.447612 7.737711 12.802013
49.149149 3.850149 -9.457492 7.750288 12.819313
49.249249 3.858153 -9.467360 7.762848 12.836591
49.349349 3.866145 -9.477212 7.775390 12.853844
49.449449 3.874126 -9.487048 7.787911 12.871072
49.549550 3.882093 -9.496867 7.800413 12.888273
49.649650 3.890048 -9.506666 7.812892 12.905443
49.749750 3.897988 -9.516447 7.825349 12.922583
49.849850 3.905917 -9.526210 7.837786 12.939697
49.949950 3.913833 -9.535958 7.850204 12.956786
50.050050 3.921736 -9.545687 7.862600 12.973844
50.150150 3.929625 -9.555393 7.874971 12.990869
50.250250 3.937498 -9.565077 7.887318 13.007858
50.350350 3.945357 -9.574738 7.899639 13.024813
50.450450 3.953201 -9.584377 7.911937 13.041734
50.550551 3.961032 -9.593997 7.924212 13.058625
50.650651 3.968849 -9.603597 7.936465 13.075485
50.750751 3.976653 -9.613178 7.948696 13.092315
50.850851 3.984443 -9.622739 7.960906 13.109116
50.950951 3.992221 -9.632283 7.973094 13.125888
51.051051 3.999985 -9.641809 7.985261 13.142631
51.151151 4.007737 -9.651316 7.997407 13.159345
51.251251 4.015474 -9.660802 8.009529 13.176026
51.351351 4.023196 -9.670263 8.021625 13.192671
51.451451 4.030904 -9.679704 8.033697 13.209282
51.551552 4.038599 -9.689127 8.045749 13.225866
51.651652 4.046282 -9.698534 8.057781 13.242424
51.751752 4.053953 -9.707924 8.069794 13.258955
51.851852 4.061611 -9.717298 8.081787 13.275460
51.951952 4.069259 -9.726657 8.093762 13.291941
52.052052 4.076896 -9.736005 8.105721 13.308403
52.152152 4.084524 -9.745344 8.117668 13.324849
52.252252 4.092144 -9.754677 8.129603 13.341283
52.352352 4.099757 -9.764004 8.141527 13.357703
52.452452 4.107361 -9.773324 8.153440 13.374111
52.552553 4.114959 -9.782640 8.165344 13.390510
52.652653 4.122550 -9.791954 8.177240 13.406903
52.752753 4.130135 -9.801266 8.189127 13.423287
52.852853 4.137714 -9.810575 8.201008 13.439665
52.952953 4.145287 -9.819882 8.212880 13.456035
53.053053 4.152853 -9.829187 8.224745 13.472399
53.153153 4.160415 -9.838492 8.236604 13.488759
53.253253 4.167971 -9.847797 8.248457 13.505115
53.353353 4.175522 -9.857102 8.260305 13.521467
53.453453 4.183068 -9.866408 8.272147 13.537817
53.553554 4.190609 -9.875712 8.283982 13.554160
53.653654 4.198142 -9.885013 8.295809 13.570494
53.753754 4.205669 -9.894308 8.307625 13.586818
53.853854 4.213189 -9.903601 8.319433 13.603133
53.953954 4.220704 -9.912894 8.331236 13.619446
54.054054 4.228215 -9.922189 8.343035 13.635757
54.154154 4.235721 -9.931483 8.354827 13.652063
54.254254 4.243220 -9.940776 8.366613 13.668363
54.354354 4.250716 -9.950071 8.378394 13.684662
54.454454 4.258207 -9.959366 8.390171 13.700959
54.554555 4.265693 -9.968664 8.401943 13.717253
54.654655 4.273176 -9.977963 8.413711 13.733547
54.754755 4.280654 -9.987265 8.425476 13.749841
54.854855 4.288130 -9.996571 8.437239 13.766136
54.954955 4.295602 -10.005882 8.449000 13.782434
55.055055 4.303071 -10.015198 8.460760 13.798734
55.155155 4.310538 -10.024518 8.472518 13.815037
55.255255 4.318001 -10.033843 8.484274 13.831343
55.355355 4.325462 -10.043175 8.496031 13.847654
55.455455 4.332921 -10.052512 8.507786 13.863968
55.555556 4.340376 -10.061851 8.519538 13.880282
55.655656 4.347826 -10.071192 8.531285 13.896594
55.755756 4.355270 -10.080530 8.543024 13.912898
55.855856 4.362708 -10.089865 8.554756 13.929193
55.955956 4.370140 -10.099196 8.566478 13.945481
56.056056 4.377565 -10.108525 8.578193 13.961760
56.156156 4.384984 -10.117849 8.589900 13.978030
56.256256 4.392395 -10.127167 8.601595 13.994287
56.356356 4.399797 -10.136477 8.613277 14.010529
56.456456 4.407191 -10.145778 8.624947 14.026755
56.556557 4.414576 -10.155069 8.636602 14.042963
56.656657 4.421952 -10.164350 8.648245 14.059154
56.756757 4.429320 -10.173626 8.659877 14.075334
56.856857 4.436681 -10.182896 8.671498 14.091501
56.956957 4.444035 -10.192161 8.683110 14.107657
57.057057 4.451382 -10.201420 8.694711 14.123802
57.157157 4.458722 -10.210676 8.706305 14.139938
57.257257 4.466057 -10.219929 8.717891 14.156067
57.357357 4.473386 -10.229181 8.729470 14.172190
57.457457 4.480710 -10.238431 8.741042 14.188306
57.557558 4.488027 -10.247678 8.752606 14.204415
57.657658 4.495339 -10.256923 8.764164 14.220517
57.757758 4.502646 -10.266166 8.775714 14.236613
57.857858 4.509947 -10.275408 8.787259 14.252703
57.957958 4.517243 -10.284650 8.798797 14.268789
58.058058 4.524534 -10.293890 8.810329 14.284869
58.158158 4.531820 -10.303130 8.821856 14.300945
58.258258 4.539103 -10.312372 8.833379 14.317020
58.358358 4.546382 -10.321617 8.844899 14.333095
58.458458 4.553657 -10.330865 8.856417 14.349171
58.558559 4.560930 -10.340117 8.867933 14.365248
58.658659 4.568199 -10.349372 8.879446 14.381325
58.758759 4.575465 -10.358630 8.890956 14.397403
58.858859 4.582728 -10.367891 8.902464 14.413480
58.958959 4.589986 -10.377152 8.913967 14.429556
59.059059 4.597240 -10.386413 8.925465 14.445626
59.159159 4.604488 -10.395674 8.936957 14.461692
59.259259 4.611732 -10.404934 8.948444 14.477755
59.359359 4.618972 -10.414195 8.959925 14.493813
59.459459 4.626208 -10.423458 8.971404 14.509871
59.559560 4.633440 -10.432722 8.982878 14.525927
59.659660 4.640667 -10.441986 8.994348 14.541980
59.759760 4.647889 -10.451250 9.005811 14.558026
59.859860 4.655106 -10.460509 9.017267 14.574064
59.959960 4.662315 -10.469763 9.028712 14.590090
60.060060 4.669516 -10.479010 9.040146 14.606104
60.160160 4.676712 -10.488253 9.051572 14.622108
60.260260 4.683901 -10.497494 9.062990 14.638104
60.360360 4.691085 -10.506732 9.074402 14.654093
60.460460 4.698263 -10.515966 9.085805 14.670074
60.560561 4.705435 -10.525196 9.097199 14.686045
60.660661 4.712600 -10.534424 9.108586 14.702007
60.760761 4.719760 -10.543647 9.119965 14.717961
60.860861 4.726913 -10.552866 9.131335 14.733905
60.960961 4.734060 -10.562081 9.142695 14.749839
61.061061 4.741199 -10.571288 9.154045 14.765759
61.161161 4.748330 -10.580489 9.165384 14.781666
61.261261 4.755455 -10.589683 9.176713 14.797560
61.361361 4.762571 -10.598869 9.188029 14.813440
61.461461 4.769678 -10.608045 9.199332 14.829301
61.561562 4.776776 -10.617210 9.210619 14.845142
61.661662 4.783864 -10.626362 9.221892 14.860963
61.761762 4.790943 -10.635505 9.233151 14.876767
61.861862 4.798014 -10.644640 9.244399 14.892556
61.961962 4.805078 -10.653768 9.255635 14.908331
62.062062 4.812135 -10.662891 9.266862 14.924096
62.162162 4.819186 -10.672010 9.278081 14.939850
62.262262 4.826230 -10.681122 9.289289 14.955593
62.362362 4.833266 -10.690228 9.300487 14.971322
62.462462 4.840295 -10.699327 9.311673 14.987038
62.562563 4.847316 -10.708419 9.322850 15.002741
62.662663 4.854331 -10.717506 9.334016 15.018433
62.762763 4.861340 -10.726588 9.345174 15.034114
62.862863 4.868342 -10.735666 9.356324 15.049787
62.962963 4.875339 -10.744742 9.367466 15.065452
63.063063 4.882330 -10.753814 9.378601 15.081108
63.163163 4.889316 -10.762883 9.389728 15.096756
63.263263 4.896296 -10.771950 9.400849 15.112399
63.363363 4.903272 -10.781017 9.411964 15.128036
63.463463 4.910242 -10.790081 9.423073 15.143666
63.563564 4.917207 -10.799142 9.434174 15.159289
63.663664 4.924167 -10.808202 9.445269 15.174905
63.763764 4.931122 -10.817260 9.456358 15.190516
63.863864 4.938072 -10.826316 9.467441 15.206121
63.963964 4.945018 -10.835371 9.478519 15.221721
64.064064 4.951959 -10.844427 9.489592 15.237318
64.164164 4.958896 -10.853483 9.500660 15.252910
64.264264 4.965829 -10.862537 9.511723 15.268498
64.364364 4.972756 -10.871589 9.522778 15.284079
64.464464 4.979678 -10.880638 9.533826 15.299651
64.564565 4.986593 -10.889682 9.544866 15.315213
64.664665 4.993502 -10.898721 9.555896 15.330765
64.764765 5.000404 -10.907754 9.566916 15.346303
64.864865 5.007300 -10.916783 9.577929 15.361833
64.964965 5.014190 -10.925810 9.588935 15.377356
65.065065 5.021076 -10.934833 9.599933 15.392872
65.165165 5.027956 -10.943855 9.610925 15.408380
65.265265 5.034830 -10.952871 9.621908 15.423878
65.365365 5.041696 -10.961880 9.632879 15.439361
65.465465 5.048554 -10.970879 9.643838 15.454828
65.565566 5.055403 -10.979869 9.654784 15.470278
65.665666 5.062245 -10.988852 9.665719 15.485713
65.765766 5.069079 -10.997825 9.676642 15.501133
65.865866 5.075905 -11.006791 9.687552 15.516537
65.965966 5.082723 -11.015747 9.698450 15.531924
66.066066 5.089532 -11.024694 9.709336 15.547296
66.166166 5.096334 -11.033633 9.720210 15.562653
66.266266 5.103128 -11.042564 9.731073 15.577995
66.366366 5.109915 -11.051488 9.741924 15.593323
66.466466 5.116695 -11.060405 9.752765 15.608637
66.566567 5.123467 -11.069315 9.763595 15.623938
66.666667 5.130233 -11.078219 9.774417 15.639228
66.766767 5.136993 -11.087119 9.785229 15.654508
66.866867 5.143747 -11.096015 9.796034 15.669778
66.966967 5.150495 -11.104907 9.806831 15.685041
67.067067 5.157238 -11.113797 9.817621 15.700295
67.167167 5.163976 -11.122683 9.828404 15.715541
67.267267 5.170707 -11.131565 9.839179 15.730778
67.367367 5.177434 -11.140444 9.849946 15.746007
67.467467 5.184155 -11.149320 9.860707 15.761229
67.567568 5.190871 -11.158193 9.871460 15.776442
67.667668 5.197582 -11.167063 9.882208 15.791649
67.767768 5.204289 -11.175934 9.892951 15.806853
67.867868 5.210993 -11.184807 9.903691 15.822055
67.967968 5.217694 -11.193681 9.914428 15.837257
68.068068 5.224392 -11.202558 9.925163 15.852459
68.168168 5.231087 -11.211437 9.935896 15.867660
68.268268 5.237780 -11.220318 9.946627 15.882861
68.368368 5.244471 -11.229204 9.957357 15.898065
68.468468 5.251160 -11.238094 9.968086 15.913270
68.568569 5.257846 -11.246986 9.978814 15.928477
68.668669 5.264531 -11.255884 9.989542 15.943687
68.768769 5.271215 -11.264788 10.000271 15.958902
68.868869 5.277899 -11.273700 10.011003 15.974127
68.968969 5.284584 -11.282623 10.021740 15.989361
69.069069 5.291269 -11.291553 10.032480 16.004604
69.169169 5.297954 -11.300491 10.043223 16.019854
69.269269 5.304640 -11.309439 10.053970 16.035115
69.369369 5.311327 -11.318397 10.064722 16.050387
69.469469 5.318015 -11.327366 10.075479 16.065671
69.569570 5.324703 -11.336345 10.086240 16.080964
69.669670 5.331393 -11.345333 10.097006 16.096268
69.769770 5.338083 -11.354331 10.107777 16.111583
69.869870 5.344774 -11.363337 10.118550 16.126906
69.969970 5.351465 -11.372352 10.129328 16.142238
70.070070 5.358157 -11.381377 10.140110 16.157581
70.170170 5.364851 -11.390413 10.150897 16.172936
70.270270 5.371545 -11.399458 10.161689 16.188300
70.370370 5.378239 -11.408512 10.172484 16.203674
70.470470 5.384934 -11.417575 10.183283 16.219056
70.570571 5.391628 -11.426643 10.194083 16.234443
70.670671 5.398321 -11.435716 10.204883 16.249834
70.770771 5.405012 -11.444794 10.215684 16.265229
70.870871 5.411702 -11.453878 10.226485 16.280627
70.970971 5.418391 -11.462968 10.237287 16.296031
71.071071 5.425080 -11.472062 10.248090 16.311440
71.171171 5.431766 -11.481161 10.258893 16.326850
71.271271 5.438452 -11.490266 10.269696 16.342265
71.371371 5.445136 -11.499375 10.280500 16.357684
71.471471 5.451819 -11.508489 10.291304 16.373106
71.571572 5.458501 -11.517609 10.302109 16.388533
71.671672 5.465182 -11.526735 10.312916 16.403965
71.771772 5.471861 -11.535865 10.323722 16.419400
71.871872 5.478540 -11.545000 10.334529 16.434838
71.971972 5.485217 -11.554140 10.345336 16.450281
72.072072 5.491892 -11.563284 10.356142 16.465725
72.172172 5.498566 -11.572431 10.366948 16.481171
72.272272 5.505236 -11.581580 10.377750 16.496615
72.372372 5.511903 -11.590728 10.388549 16.512056
72.472472 5.518565 -11.599874 10.399341 16.527491
72.572573 5.525224 -11.609019 10.410129 16.542920
72.672673 5.531878 -11.618163 10.420912 16.558345
72.772773 5.538527 -11.627304 10.431688 16.573762
72.872873 5.545171 -11.636441 10.442457 16.589171
72.972973 5.551810 -11.645575 10.453218 16.604571
73.073073 5.558444 -11.654706 10.463974 16.619965
73.173173 5.565074 -11.663837 10.474725 16.635354
73.273273 5.571702 -11.672968 10.485473 16.650741
73.373373 5.578326 -11.682102 10.496219 16.666128
73.473473 5.584949 -11.691239 10.506964 16.681518
73.573574 5.591571 -11.700381 10.517710 16.696911
73.673674 5.598192 -11.709528 10.528456 16.712307
73.773774 5.604812 -11.718680 10.539203 16.727707
73.873874 5.611430 -11.727836 10.549950 16.743110
73.973974 5.618047 -11.736997 10.560697 16.758516
74.074074 5.624663 -11.746164 10.571446 16.773928
74.174174 5.631279 -11.755336 10.582196 16.789345
74.274274 5.637895 -11.764516 10.592949 16.804769
74.374374 5.644512 -11.773705 10.603705 16.820202
74.474474 5.651129 -11.782901 10.614465 16.835643
74.574575 5.657746 -11.792104 10.625227 16.851091
74.674675 5.664363 -11.801315 10.635993 16.866547
74.774775 5.670981 -11.810535 10.646763 16.882013
74.874875 5.677600 -11.819764 10.657537 16.897487
74.974975 5.684219 -11.828999 10.668314 16.912968
75.075075 5.690837 -11.838238 10.679089 16.928451
75.175175 5.697451 -11.847478 10.689862 16.943933
75.275275 5.704062 -11.856719 10.700632 16.959411
75.375375 5.710671 -11.865960 10.711399 16.974888
75.475475 5.717276 -11.875203 10.722163 16.990364
75.575576 5.723880 -11.884449 10.732926 17.005840
75.675676 5.730482 -11.893697 10.743687 17.021318
75.775776 5.737082 -11.902949 10.754448 17.036797
75.875876 5.743681 -11.912205 10.765210 17.052279
75.975976 5.750279 -11.921467 10.775973 17.067768
76.076076 5.756878 -11.930737 10.786739 17.083263
76.176176 5.763477 -11.940013 10.797508 17.098765
76.276276 5.770076 -11.949298 10.808280 17.114275
76.376376 5.776676 -11.958591 10.819056 17.129794
76.476476 5.783278 -11.967894 10.829837 17.145325
76.576577 5.789881 -11.977207 10.840625 17.160867
76.676677 5.796487 -11.986532 10.851419 17.176423
76.776777 5.803096 -11.995869 10.862220 17.191993
76.876877 5.809706 -12.005216 10.873028 17.207575
76.976977 5.816319 -12.014576 10.883842 17.223171
77.077077 5.822934 -12.023947 10.894663 17.238780
77.177177 5.829553 -12.033331 10.905493 17.254406
77.277277 5.836174 -12.042728 10.916331 17.270046
77.377377 5.842798 -12.052137 10.927176 17.285702
77.477477 5.849425 -12.061558 10.938028 17.301371
77.577578 5.856053 -12.070989 10.948886 17.317051
77.677678 5.862682 -12.080428 10.959747 17.332739
77.777778 5.869311 -12.089874 10.970611 17.348434
77.877878 5.875940 -12.099325 10.981477 17.364135
77.977978 5.882567 -12.108781 10.992343 17.379839
78.078078 5.889194 -12.118242 11.003210 17.395546
78.178178 5.895820 -12.127707 11.014077 17.411257
78.278278 5.902445 -12.137178 11.024946 17.426973
78.378378 5.909071 -12.146657 11.035819 17.442698
78.478478 5.915698 -12.156143 11.046695 17.458430
78.578579 5.922324 -12.165635 11.057572 17.474166
78.678679 5.928950 -12.175131 11.068451 17.489908
78.778779 5.935575 -12.184634 11.079331 17.505654
78.878879 5.942200 -12.194142 11.090213 17.521406
78.978979 5.948825 -12.203658 11.101099 17.537166
79.079079 5.955451 -12.213181 11.111987 17.552933
79.179179 5.962077 -12.222710 11.122877 17.568706
79.279279 5.968703 -12.232246 11.133771 17.584485
79.379379 5.975329 -12.241789 11.144666 17.600271
79.479479 5.981954 -12.251336 11.155563 17.616060
79.579580 5.988578 -12.260887 11.166459 17.631853
79.679680 5.995202 -12.270443 11.177357 17.647649
79.779780 6.001825 -12.280004 11.188256 17.663450
79.879880 6.008446 -12.289569 11.199155 17.679254
79.979980 6.015066 -12.299135 11.210052 17.695056
80.080080 6.021683 -12.308702 11.220946 17.710857
80.180180 6.028296 -12.318268 11.231836 17.726653
80.280280 6.034905 -12.327832 11.242721 17.742443
80.380380 6.041510 -12.337394 11.253599 17.758227
80.480480 6.048111 -12.346952 11.264472 17.774004
80.580581 6.054706 -12.356508 11.275339 17.789773
80.680681 6.061297 -12.366059 11.286198 17.805533
80.780781 6.067882 -12.375605 11.297049 17.821282
80.880881 6.074461 -12.385142 11.307889 17.837017
80.980981 6.081030 -12.394668 11.318716 17.852732
81.081081 6.087591 -12.404181 11.329527 17.868427
81.181181 6.094142 -12.413683 11.340324 17.884100
81.281281 6.100685 -12.423172 11.351107 17.899753
81.381381 6.107217 -12.432646 11.361873 17.915383
81.481481 6.113740 -12.442108 11.372624 17.930991
81.581582 6.120255 -12.451559 11.383362 17.946581
81.681682 6.126763 -12.461001 11.394088 17.962155
81.781782 6.133264 -12.470435 11.404804 17.977715
81.881882 6.139757 -12.479860 11.415509 17.993259
81.981982 6.146243 -12.489275 11.426200 18.008785
82.082082 6.152720 -12.498680 11.436879 18.024294
82.182182 6.159189 -12.508073 11.447545 18.039784
82.282282 6.165651 -12.517457 11.458199 18.055257
82.382382 6.172105 -12.526831 11.468840 18.070713
82.482482 6.178552 -12.536197 11.479470 18.086154
82.582583 6.184992 -12.545555 11.490090 18.101581
82.682683 6.191425 -12.554906 11.500701 18.116995
82.782783 6.197852 -12.564248 11.511300 18.132395
82.882883 6.204271 -12.573581 11.521888 18.147778
82.982983 6.210683 -12.582905 11.532464 18.163144
83.083083 6.217088 -12.592221 11.543029 18.178496
83.183183 6.223487 -12.601531 11.553586 18.193838
83.283283 6.229881 -12.610835 11.564135 18.209168
83.383383 6.236267 -12.620130 11.574671 18.224482
83.483483 6.242645 -12.629415 11.585196 18.239778
83.583584 6.249016 -12.638690 11.595708 18.255057
83.683684 6.255379 -12.647955 11.606208 18.270320
83.783784 6.261735 -12.657212 11.616697 18.285567
83.883884 6.268084 -12.666460 11.627175 18.300800
83.983984 6.274427 -12.675701 11.637643 18.316020
84.084084 6.280763 -12.684935 11.648102 18.331226
84.184184 6.287092 -12.694161 11.658550 18.346418
84.284284 6.293415 -12.703379 11.668988 18.361595
84.384384 6.299731 -12.712589 11.679415 18.376759
84.484484 6.306041 -12.721793 11.689833 18.391910
84.584585 6.312345 -12.730990 11.700243 18.407050
84.684685 6.318644 -12.740182 11.710645 18.422180
84.784785 6.324938 -12.749370 11.721039 18.437300
84.884885 6.331228 -12.758554 11.731427 18.452412
84.984985 6.337512 -12.767734 11.741808 18.467516
85.085085 6.343793 -12.776912 11.752184 18.482613
85.185185 6.350069 -12.786086 11.762553 18.497704
85.285285 6.356341 -12.795258 11.772918 18.512787
85.385385 6.362610 -12.804428 11.783278 18.527866
85.485485 6.368877 -12.813599 11.793635 18.542942
85.585586 6.375140 -12.822769 11.803989 18.558016
85.685686 6.381401 -12.831939 11.814339 18.573086
85.785786 6.387658 -12.841108 11.824686 18.588153
85.885886 6.393913 -12.850278 11.835030 18.603217
85.985986 6.400165 -12.859447 11.845370 18.618278
86.086086 6.406414 -12.868615 11.855707 18.633335
86.186186 6.412660 -12.877783 11.866041 18.648390
86.286286 6.418905 -12.886954 11.876375 18.663446
86.386386 6.425149 -12.896129 11.886708 18.678504
86.486486 6.431392 -12.905306 11.897041 18.693564
86.586587 6.437634 -12.914486 11.907374 18.708625
86.686687 6.443874 -12.923670 11.917707 18.723688
86.786787 6.450113 -12.932856 11.928039 18.738753
86.886887 6.456351 -12.942045 11.938371 18.753818
86.986987 6.462588 -12.951237 11.948704 18.768887
87.087087 6.468826 -12.960436 11.959038 18.783961
87.187187 6.475063 -12.969640 11.969375 18.799041
87.287287 6.481302 -12.978851 11.979716 18.814128
87.387387 6.487541 -12.988068 11.990060 18.829223
87.487487 6.493781 -12.997292 12.000406 18.844324
87.587588 6.500022 -13.006525 12.010758 18.859435
87.687688 6.506265 -13.015766 12.021115 18.874555
87.787788 6.512509 -13.025015 12.031476 18.889685
87.887888 6.518757 -13.034275 12.041844 18.904828
87.987988 6.525007 -13.043546 12.052219 18.919984
88.088088 6.531261 -13.052829 12.062604 18.935156
88.188188 6.537519 -13.062126 12.072997 18.950345
88.288288 6.543781 -13.071436 12.083400 18.965550
88.388388 6.550047 -13.080760 12.093813 18.980772
88.488488 6.556317 -13.090097 12.104235 18.996011
88.588589 6.562592 -13.099447 12.114666 19.011267
88.688689 6.568870 -13.108810 12.125107 19.026539
88.788789 6.575153 -13.118187 12.135558 19.041828
88.888889 6.581440 -13.127577 12.146017 19.057134
88.988989 6.587731 -13.136980 12.156486 19.072456
89.089089 6.594026 -13.146396 12.166965 19.087796
89.189189 6.600325 -13.155827 12.177454 19.103153
89.289289 6.606629 -13.165272 12.187953 19.118528
89.389389 6.612938 -13.174730 12.198461 19.133920
89.489489 6.619250 -13.184201 12.208980 19.149330
89.589590 6.625568 -13.193688 12.219509 19.164758
89.689690 6.631891 -13.203190 12.230050 19.180207
89.789790 6.638221 -13.212711 12.240605 19.195680
89.889890 6.644557 -13.222249 12.251174 19.211175
89.989990 6.650898 -13.231803 12.261755 19.226692
90.090090 6.657245 -13.241371 12.272346 19.242227
90.190190 6.663596 -13.250955 12.282949 19.257782
90.290290 6.669953 -13.260554 12.293563 19.273356
90.390390 6.676315 -13.270168 12.304189 19.288950
90.490490 6.682682 -13.279797 12.314825 19.304563
90.590591 6.689054 -13.289441 12.325472 19.320195
90.690691 6.695430 -13.299099 12.336129 19.335845
90.790791 6.701811 -13.308768 12.346795 19.351510
90.890891 6.708194 -13.318450 12.357470 19.367190
90.990991 6.714582 -13.328144 12.368152 19.382884
91.091091 6.720972 -13.337848 12.378843 19.398593
91.191191 6.727365 -13.347563 12.389539 19.414314
91.291291 6.733761 -13.357288 12.400243 19.430047
91.391391 6.740159 -13.367023 12.410953 19.445792
91.491491 6.746560 -13.376767 12.421668 19.461547
91.591592 6.752962 -13.386519 12.432389 19.477312
91.691692 6.759367 -13.396281 12.443117 19.493090
91.791792 6.765775 -13.406054 12.453851 19.508880
91.891892 6.772186 -13.415838 12.464594 19.524685
91.991992 6.778602 -13.425634 12.475345 19.540505
92.092092 6.785020 -13.435442 12.486104 19.556339
92.192192 6.791442 -13.445261 12.496871 19.572187
92.292292 6.797867 -13.455091 12.507645 19.588049
92.392392 6.804295 -13.464931 12.518426 19.603923
92.492492 6.810725 -13.474782 12.529214 19.619810
92.592593 6.817159 -13.484644 12.540010 19.635711
92.692693 6.823596 -13.494516 12.550813 19.651624
92.792793 6.830035 -13.504397 12.561622 19.667548
92.892893 6.836476 -13.514287 12.572436 19.683483
92.992993 6.842919 -13.524185 12.583256 19.699428
93.093093 6.849364 -13.534091 12.594080 19.715382
93.193193 6.855810 -13.544004 12.604908 19.731343
93.293293 6.862256 -13.553923 12.615738 19.747309
93.393393 6.868702 -13.563844 12.626569 19.763279
93.493493 6.875147 -13.573769 12.637400 19.779250
93.593594 6.881591 -13.583696 12.648231 19.795222
93.693694 6.888032 -13.593623 12.659059 19.811192
93.793794 6.894471 -13.603551 12.669885 19.827161
93.893894 6.900910 -13.613480 12.680710 19.843130
93.993994 6.907346 -13.623411 12.691534 19.859098
94.094094 6.913780 -13.633342 12.702355 19.875064
94.194194 6.920212 -13.643273 12.713174 19.891028
94.294294 6.926642 -13.653204 12.723991 19.906991
94.394394 6.933070 -13.663136 12.734805 19.922952
94.494494 6.939496 -13.673067 12.745617 19.938910
94.594595 6.945919 -13.682998 12.756426 19.954865
94.694695 6.952340 -13.692930 12.767232 19.970818
94.794795 6.958758 -13.702860 12.778036 19.986768
94.894895 6.965174 -13.712791 12.788837 20.002716
94.994995 6.971588 -13.722722 12.799635 20.018661
95.095095 6.977999 -13.732652 12.810431 20.034603
95.195195 6.984408 -13.742582 12.821223 20.050543
95.295295 6.990815 -13.752511 12.832013 20.066480
95.395395 6.997219 -13.762439 12.842799 20.082412
95.495495 7.003619 -13.772365 12.853581 20.098339
95.595596 7.010015 -13.782288 12.864357 20.114260
95.695696 7.016407 -13.792206 12.875126 20.130171
95.795796 7.022794 -13.802117 12.885887 20.146070
95.895896 7.029173 -13.812019 12.896636 20.161953
95.995996 7.035545 -13.821911 12.907373 20.177819
96.096096 7.041910 -13.831793 12.918099 20.193669
96.196196 7.048268 -13.841666 12.928814 20.209504
96.296296 7.054621 -13.851533 12.939521 20.225327
96.396396 7.060968 -13.861393 12.950219 20.241138
96.496496 7.067311 -13.871248 12.960910 20.256939
96.596597 7.073649 -13.881101 12.971596 20.272734
96.696697 7.079984 -13.890950 12.982276 20.288523
96.796797 7.086315 -13.900794 12.992950 20.304302
96.896897 7.092641 -13.910634 13.003616 20.320072
96.996997 7.098961 -13.920467 13.014274 20.335830
97.097097 7.105276 -13.930293 13.024924 20.351576
97.197197 7.111586 -13.940113 13.035565 20.367311
97.297297 7.117891 -13.949929 13.046200 20.383037
97.397397 7.124192 -13.959741 13.056829 20.398756
97.497497 7.130489 -13.969549 13.067452 20.414467
97.597598 7.136782 -13.979353 13.078069 20.430170
97.697698 7.143070 -13.989152 13.088679 20.445864
97.797798 7.149354 -13.998946 13.099281 20.461547
97.897898 7.155632 -14.008733 13.109875 20.477219
97.997998 7.161903 -14.018512 13.120458 20.492875
98.098098 7.168167 -14.028281 13.131030 20.508516
98.198198 7.174425 -14.038040 13.141591 20.524140
98.298298 7.180674 -14.047788 13.152138 20.539746
98.398398 7.186915 -14.057523 13.162672 20.555332
98.498498 7.193147 -14.067245 13.173190 20.570894
98.598599 7.199369 -14.076950 13.183691 20.586431
98.698699 7.205579 -14.086638 13.194173 20.601940
98.798799 7.211778 -14.096308 13.204637 20.617422
98.898899 7.217966 -14.105959 13.215080 20.632874
98.998999 7.224143 -14.115593 13.225504 20.648297
99.099099 7.230308 -14.125208 13.235909 20.663692
99.199199 7.236461 -14.134805 13.246294 20.679057
99.299299 7.242603 -14.144382 13.256659 20.694392
99.399399 7.248733 -14.153940 13.267004 20.709697
99.499499 7.254850 -14.163479 13.277328 20.724971
99.599600 7.260955 -14.172997 13.287630 20.740212
99.699700 7.267047 -14.182491 13.297908 20.755418
99.799800 7.273124 -14.191963 13.308162 20.770588
99.899900 7.279187 -14.201412 13.318393 20.785722
100.000000 7.285237 -14.210838 13.328600 20.800821
