0.000000 -0.243844 -0.930366 0.263989 0.997362
0.100100 -0.191737 -0.957611 0.185452 0.994070
0.200200 -0.137799 -0.975631 0.105155 0.990910
0.300300 -0.082539 -0.984153 0.023860 0.987896
0.400400 -0.026485 -0.983014 -0.057644 0.985059
0.500501 0.029813 -0.972159 -0.138552 0.982435
0.600601 0.085798 -0.951655 -0.218062 0.980081
0.700701 0.140911 -0.921685 -0.295375 0.978063
0.800801 0.194585 -0.882426 -0.369683 0.976322
0.900901 0.246253 -0.834158 -0.440189 0.974795
1.001001 0.295389 -0.777376 -0.506175 0.973540
1.101101 0.341505 -0.712703 -0.566992 0.972651
1.201201 0.384116 -0.640763 -0.621993 0.972110
1.301301 0.422744 -0.562226 -0.670550 0.971827
1.401401 0.456934 -0.477829 -0.712072 0.971677
1.501502 0.486308 -0.388430 -0.746091 0.971610
1.601602 0.510545 -0.294964 -0.772234 0.971599
1.701702 0.529324 -0.198379 -0.790123 0.971510
1.801802 0.542383 -0.099682 -0.799478 0.971227
1.901902 0.549554 0.000066 -0.800157 0.970701
2.002002 0.550708 0.099781 -0.792078 0.969858
2.102102 0.545840 0.198379 -0.775341 0.968735
2.202202 0.535007 0.294776 -0.750134 0.967381
2.302302 0.518346 0.387935 -0.716757 0.965876
2.402402 0.496110 0.476891 -0.675676 0.964411
2.502503 0.468570 0.560717 -0.627372 0.963098
2.602603 0.436080 0.638590 -0.572445 0.962110
2.702703 0.399046 0.709771 -0.511556 0.961615
2.802803 0.357867 0.773540 -0.445358 0.961653
2.902903 0.312965 0.829215 -0.374530 0.962194
3.003003 0.264811 0.876222 -0.299816 0.963213
3.103103 0.213903 0.914056 -0.221990 0.964641
3.203203 0.160781 0.942354 -0.141873 0.966442
3.303303 0.106031 0.961030 -0.060328 0.968742
3.403403 0.050239 0.970131 0.021796 0.971676
3.503504 -0.006028 0.969758 0.103686 0.975304
3.603604 -0.062222 0.960095 0.184560 0.979651
3.703704 -0.117816 0.941408 0.263678 0.984711
3.803804 -0.172314 0.914081 0.340354 0.990493
3.903904 -0.225258 0.878592 0.413969 0.997013
4.004004 -0.276231 0.835476 0.483966 1.004264
4.104104 -0.324856 0.785313 0.549856 1.012220
4.204204 -0.370784 0.728675 0.611185 1.020782
4.304304 -0.413679 0.666119 0.667520 1.029771
4.404404 -0.453294 0.598314 0.718564 1.039129
4.504505 -0.489425 0.525943 0.764088 1.048801
4.604605 -0.521860 0.449632 0.803845 1.058619
4.704705 -0.550437 0.370026 0.837664 1.068448
4.804805 -0.575037 0.287775 0.865433 1.078173
4.904905 -0.595619 0.203537 0.887156 1.087767
5.005005 -0.612186 0.117952 0.902902 1.097231
5.105105 -0.624768 0.031623 0.912772 1.106566
5.205205 -0.633419 -0.054880 0.916903 1.115770
5.305305 -0.638202 -0.141024 0.915436 1.124816
5.405405 -0.639172 -0.226301 0.908502 1.133635
5.505506 -0.636409 -0.310231 0.896264 1.142169
5.605606 -0.630039 -0.392380 0.878951 1.150420
5.705706 -0.620197 -0.472340 0.856794 1.158380
5.805806 -0.606991 -0.549712 0.829994 1.165981
5.905906 -0.590498 -0.624078 0.798701 1.173066
6.006006 -0.570825 -0.695055 0.763111 1.179525
6.106106 -0.548100 -0.762285 0.723442 1.185268
6.206206 -0.522462 -0.825435 0.679932 1.190217
6.306306 -0.494105 -0.884258 0.632887 1.194403
6.406406 -0.463253 -0.938584 0.582649 1.197924
6.506507 -0.430150 -0.988317 0.529583 1.200941
6.606607 -0.395017 -1.033346 0.474022 1.203553
6.706707 -0.358032 -1.073487 0.416242 1.205744
6.806807 -0.319379 -1.108578 0.356527 1.207501
6.906907 -0.279251 -1.138500 0.295172 1.208838
7.007007 -0.237835 -1.163103 0.232461 1.209716
7.107107 -0.195314 -1.182230 0.168678 1.210070
7.207207 -0.151892 -1.195817 0.104124 1.209913
7.307307 -0.107773 -1.203805 0.039105 1.209252
7.407407 -0.063165 -1.206172 -0.026077 1.208107
7.507508 -0.018280 -1.202964 -0.091118 1.206549
7.607608 0.026676 -1.194141 -0.155711 1.204545
7.707708 0.071492 -1.179695 -0.219551 1.202079
7.807808 0.115959 -1.159721 -0.282340 1.199215
7.907908 0.159861 -1.134254 -0.343769 1.195937
8.008008 0.202972 -1.103291 -0.403510 1.192170
8.108108 0.245071 -1.066916 -0.461248 1.187906
8.208208 0.285934 -1.025231 -0.516666 1.183132
8.308308 0.325326 -0.978333 -0.569431 1.177805
8.408408 0.363032 -0.926420 -0.619251 1.171972
8.508509 0.398851 -0.869737 -0.665857 1.165714
8.608609 0.432551 -0.808482 -0.708931 1.159020
8.708709 0.463883 -0.742843 -0.748126 1.151823
8.808809 0.492582 -0.673029 -0.783080 1.144037
8.908909 0.518414 -0.599333 -0.813480 1.135651
9.009009 0.541165 -0.522110 -0.839048 1.126703
9.109109 0.560633 -0.441752 -0.859529 1.117248
9.209209 0.576610 -0.358678 -0.874662 1.107323
9.309309 0.588921 -0.273352 -0.884236 1.097007
9.409409 0.597461 -0.186305 -0.888152 1.086500
9.509510 0.602088 -0.098069 -0.886254 1.075906
9.609610 0.602628 -0.009198 -0.878342 1.065237
9.709710 0.598916 0.079706 -0.864236 1.054494
9.809810 0.590757 0.167983 -0.843717 1.043586
9.909910 0.577979 0.254915 -0.816603 1.032415
10.010010 0.560526 0.339754 -0.782888 1.021047
10.110110 0.538417 0.421738 -0.742674 1.009614
10.210210 0.511630 0.500019 -0.696009 0.998104
10.310310 0.480120 0.573643 -0.642924 0.986374
10.410410 0.443989 0.641708 -0.583655 0.974458
10.510511 0.403459 0.703374 -0.518608 0.962532
10.610611 0.358767 0.757731 -0.448215 0.950666
10.710711 0.310206 0.803863 -0.372994 0.938908
10.810811 0.258171 0.840929 -0.293601 0.927371
10.910911 0.203145 0.868184 -0.210816 0.916217
11.011011 0.145701 0.885007 -0.125529 0.905662
11.111111 0.086484 0.890943 -0.038726 0.895968
11.211211 0.026198 0.885654 0.048534 0.887370
11.311311 -0.034407 0.868822 0.135128 0.879940
11.411411 -0.094530 0.840340 0.219881 0.873759
11.511512 -0.153347 0.800422 0.301614 0.869000
11.611612 -0.210037 0.749507 0.379172 0.865822
11.711712 -0.263787 0.688184 0.451433 0.864276
11.811812 -0.313822 0.617228 0.517341 0.864347
11.911912 -0.359495 0.537729 0.576061 0.866161
12.012012 -0.400295 0.450976 0.626976 0.869893
12.112112 -0.435807 0.358296 0.669612 0.875605
12.212212 -0.465744 0.261058 0.703684 0.883312
12.312312 -0.489884 0.160599 0.729001 0.892872
12.412412 -0.508172 0.058239 0.745611 0.904193
12.512513 -0.520766 -0.044755 0.753867 0.917342
12.612613 -0.527882 -0.147260 0.754196 0.932286
12.712713 -0.529674 -0.248254 0.746922 0.948724
12.812813 -0.526321 -0.346816 0.732394 0.966279
12.912913 -0.518130 -0.442168 0.711136 0.984726
13.013013 -0.505407 -0.533629 0.683659 1.003786
13.113113 -0.488447 -0.620591 0.650454 1.023135
13.213213 -0.467580 -0.702563 0.612049 1.042511
13.313313 -0.443177 -0.779195 0.569017 1.061759
13.413413 -0.415617 -0.850251 0.521935 1.080778
13.513514 -0.385280 -0.915594 0.471369 1.099519
13.613614 -0.352505 -0.975107 0.417823 1.117886
13.713714 -0.317587 -1.028652 0.361741 1.135712
13.813814 -0.280809 -1.076123 0.303545 1.152837
13.913914 -0.242435 -1.117428 0.243630 1.169092
14.014014 -0.202737 -1.152567 0.182389 1.184390
14.114114 -0.161979 -1.181608 0.120203 1.198701
14.214214 -0.120408 -1.204619 0.057422 1.211983
14.314314 -0.078251 -1.221637 -0.005626 1.224153
14.414414 -0.035727 -1.232727 -0.068627 1.235153
14.514515 0.006952 -1.238064 -0.131290 1.245025
14.614615 0.049586 -1.237853 -0.193347 1.253843
14.714715 0.091988 -1.232174 -0.254528 1.261547
14.814815 0.133973 -1.221095 -0.314576 1.268061
14.914915 0.175360 -1.204696 -0.373231 1.273320
15.015015 0.215977 -1.183098 -0.430257 1.277298
15.115115 0.255663 -1.156478 -0.485435 1.280021
15.215215 0.294264 -1.125016 -0.538560 1.281522
15.315315 0.331634 -1.088905 -0.589438 1.281848
15.415415 0.367616 -1.048287 -0.637852 1.280977
15.515516 0.402073 -1.003366 -0.683626 1.278965
15.615616 0.434894 -0.954406 -0.726624 1.275934
15.715716 0.465962 -0.901635 -0.766694 1.271962
15.815816 0.495137 -0.845241 -0.803655 1.267066
15.915916 0.522301 -0.785447 -0.837354 1.261303
16.016016 0.547349 -0.722504 -0.867665 1.254769
16.116116 0.570137 -0.656612 -0.894396 1.247453
16.216216 0.590495 -0.587952 -0.917318 1.239292
16.316316 0.608294 -0.516773 -0.936268 1.230315
16.416416 0.623447 -0.443375 -0.951147 1.220635
16.516517 0.635872 -0.368064 -0.961867 1.210369
16.616617 0.645435 -0.291125 -0.968261 1.199529
16.716717 0.651936 -0.212835 -0.970064 1.188000
16.816817 0.655200 -0.133517 -0.967055 1.175717
16.916917 0.655132 -0.053546 -0.959129 1.162752
17.017017 0.651672 0.026676 -0.946240 1.149243
17.117117 0.644747 0.106729 -0.928323 1.135285
17.217217 0.634262 0.186163 -0.905282 1.120928
17.317317 0.620142 0.264502 -0.877056 1.106239
17.417417 0.602327 0.341235 -0.843606 1.091289
17.517518 0.580819 0.415849 -0.804989 1.076238
17.617618 0.555654 0.487812 -0.761304 1.061271
17.717718 0.526820 0.556520 -0.712597 1.046446
17.817818 0.494306 0.621302 -0.658915 1.031758
17.917918 0.458155 0.681477 -0.600390 1.017243
18.018018 0.418471 0.736353 -0.537238 1.002975
18.118118 0.375445 0.785308 -0.469799 0.989130
18.218218 0.329326 0.827743 -0.398495 0.975917
18.318318 0.280365 0.862979 -0.323759 0.963409
18.418418 0.228876 0.890364 -0.246110 0.951684
18.518519 0.175218 0.909221 -0.166136 0.940737
18.618619 0.119826 0.918982 -0.084529 0.930608
18.718719 0.063225 0.919330 -0.002083 0.921504
18.818819 0.005978 0.909985 0.080355 0.913545
18.918919 -0.051314 0.890710 0.161887 0.906755
19.019019 -0.108014 0.861484 0.241584 0.901213
19.119119 -0.163481 0.822564 0.318537 0.897108
19.219219 -0.217072 0.774307 0.391844 0.894546
19.319319 -0.268128 0.717086 0.460582 0.893443
19.419419 -0.316012 0.651441 0.523878 0.893693
19.519520 -0.360185 0.578187 0.581025 0.895334
19.619620 -0.400194 0.498288 0.631459 0.898435
19.719720 -0.435631 0.412730 0.674682 0.902949
19.819820 -0.466188 0.322579 0.710352 0.908839
19.919920 -0.491677 0.228946 0.738301 0.916107
20.020020 -0.511990 0.132928 0.758480 0.924714
20.120120 -0.527129 0.035588 0.770996 0.934648
20.220220 -0.537164 -0.062074 0.776049 0.945860
20.320320 -0.542240 -0.159143 0.773940 0.958297
20.420420 -0.542569 -0.254797 0.765057 0.971913
20.520521 -0.538342 -0.348287 0.749752 0.986531
20.620621 -0.529725 -0.438912 0.728336 1.001861
20.720721 -0.516915 -0.526039 0.701158 1.017615
20.820821 -0.500173 -0.609139 0.668649 1.033593
20.920921 -0.479782 -0.687767 0.631262 1.049622
21.021021 -0.456014 -0.761528 0.589438 1.065510
21.121121 -0.429119 -0.830033 0.543573 1.081004
21.221221 -0.399396 -0.893040 0.494130 1.095993
21.321321 -0.367187 -0.950454 0.441614 1.110500
21.421421 -0.332781 -1.002139 0.386458 1.124445
21.521522 -0.296451 -1.047990 0.329073 1.137742
21.621622 -0.258478 -1.087985 0.269869 1.150370
21.721722 -0.219135 -1.122159 0.209241 1.162344
21.821822 -0.178675 -1.150544 0.147552 1.173647
21.921922 -0.137332 -1.173158 0.085142 1.184234
22.022022 -0.095339 -1.190120 0.022340 1.194142
22.122122 -0.052914 -1.201512 -0.040547 1.203360
22.222222 -0.010259 -1.207402 -0.103230 1.211850
22.322322 0.032428 -1.207873 -0.165430 1.219580
22.422422 0.074963 -1.203104 -0.226895 1.226605
22.522523 0.117171 -1.193301 -0.287391 1.233000
22.622623 0.158878 -1.178541 -0.346674 1.238703
22.722723 0.199916 -1.158915 -0.404505 1.243654
22.822823 0.240115 -1.134513 -0.460647 1.247787
22.922923 0.279324 -1.105498 -0.514897 1.251106
23.023023 0.317415 -1.072114 -0.567091 1.253704
23.123123 0.354270 -1.034605 -0.617082 1.255669
23.223223 0.389765 -0.993172 -0.664709 1.257039
23.323323 0.423777 -0.948002 -0.709810 1.257826
23.423423 0.456180 -0.899271 -0.752220 1.258024
23.523524 0.486828 -0.847119 -0.791740 1.257563
23.623624 0.515540 -0.791636 -0.828115 1.256282
23.723724 0.542102 -0.732887 -0.861041 1.253949
23.823824 0.566359 -0.671052 -0.890307 1.250488
23.923924 0.588182 -0.606364 -0.915752 1.245888
24.024024 0.607451 -0.539071 -0.937222 1.240152
24.124124 0.624054 -0.469441 -0.954582 1.233306
24.224224 0.637865 -0.397738 -0.967674 1.225341
24.324324 0.648737 -0.324231 -0.976309 1.216209
24.424424 0.656493 -0.249195 -0.980259 1.205814
24.524525 0.661019 -0.172958 -0.979387 1.194177
24.624625 0.662206 -0.095874 -0.973572 1.181335
24.724725 0.659906 -0.018314 -0.962632 1.167249
24.824825 0.653970 0.059320 -0.946391 1.151891
24.924925 0.644252 0.136582 -0.924680 1.135230
25.025025 0.630586 0.212977 -0.897304 1.117208
25.125125 0.612801 0.287951 -0.864072 1.097753
25.225225 0.590792 0.360909 -0.824886 1.076907
25.325325 0.564482 0.431206 -0.779698 1.054755
25.425425 0.533755 0.498092 -0.728413 1.031298
25.525526 0.498564 0.560776 -0.671038 1.006642
25.625626 0.458900 0.618385 -0.607649 0.980932
25.725726 0.414759 0.669913 -0.538336 0.954261
25.825826 0.366206 0.714257 -0.463301 0.926777
25.925926 0.313365 0.750171 -0.382849 0.898626
26.026026 0.256473 0.776305 -0.297455 0.870004
26.126126 0.195910 0.791217 -0.207814 0.841185
26.226226 0.132240 0.793437 -0.114891 0.812545
26.326326 0.066267 0.781631 -0.019989 0.784690
26.426426 -0.000953 0.754657 0.075245 0.758399
26.526527 -0.068117 0.711752 0.168839 0.734668
26.626627 -0.133671 0.652499 0.258488 0.714450
26.726727 -0.195836 0.576924 0.341606 0.698490
26.826827 -0.252695 0.485864 0.415482 0.687418
26.926927 -0.302405 0.381138 0.477611 0.681783
27.027027 -0.343373 0.265453 0.525940 0.681897
27.127127 -0.374420 0.142125 0.559075 0.687717
27.227227 -0.395017 0.014833 0.576606 0.699094
27.327327 -0.405281 -0.112857 0.579054 0.715747
27.427427 -0.405763 -0.237830 0.567525 0.737083
27.527528 -0.397328 -0.357591 0.543522 0.762336
27.627628 -0.381041 -0.470295 0.508777 0.790711
27.727728 -0.358012 -0.574688 0.465030 0.821396
27.827828 -0.329385 -0.670101 0.414010 0.853776
27.927928 -0.296222 -0.756287 0.357289 0.887340
28.028028 -0.259391 -0.833091 0.296146 0.921427
28.128128 -0.219657 -0.900554 0.231689 0.955472
28.228228 -0.177719 -0.958952 0.164911 0.989125
28.328328 -0.134155 -1.008525 0.096629 1.021987
28.428428 -0.089462 -1.049550 0.027541 1.053716
28.528529 -0.044079 -1.082347 -0.041748 1.084048
28.628629 0.001614 -1.107311 -0.110721 1.112834
28.728729 0.047286 -1.124913 -0.178943 1.140038
28.828829 0.092652 -1.135516 -0.246036 1.165554
28.928929 0.137464 -1.139466 -0.311670 1.189293
29.029029 0.181509 -1.137154 -0.375574 1.211248
29.129129 0.224599 -1.128935 -0.437510 1.231404
29.229229 0.266557 -1.115094 -0.497247 1.249697
29.329329 0.307227 -1.095917 -0.554587 1.266092
29.429429 0.346483 -1.071742 -0.609378 1.280633
29.529530 0.384223 -1.042922 -0.661508 1.293408
29.629630 0.420359 -1.009788 -0.710881 1.304502
29.729730 0.454804 -0.972627 -0.757396 1.313963
29.829830 0.487470 -0.931698 -0.800953 1.321822
29.929930 0.518261 -0.887217 -0.841432 1.328065
30.030030 0.547054 -0.839349 -0.878670 1.332605
30.130130 0.573747 -0.788288 -0.912538 1.335406
30.230230 0.598239 -0.734233 -0.942909 1.336438
30.330330 0.620409 -0.677358 -0.969624 1.335624
30.430430 0.640158 -0.617865 -0.992556 1.332940
30.530531 0.657380 -0.555960 -1.011572 1.328352
30.630631 0.671949 -0.491839 -1.026510 1.321796
30.730731 0.683725 -0.425699 -1.037184 1.313183
30.830831 0.692569 -0.357760 -1.043411 1.302441
30.930931 0.698376 -0.288276 -1.045066 1.289572
31.031031 0.701019 -0.217513 -1.041989 1.274552
31.131131 0.700345 -0.145746 -1.033984 1.257317
31.231231 0.696203 -0.073283 -1.020861 1.237832
31.331331 0.688440 -0.000466 -1.002431 1.216067
31.431431 0.676902 0.072327 -0.978508 1.192017
31.531532 0.661463 0.144677 -0.948948 1.165747
31.631632 0.641994 0.216115 -0.913608 1.137340
31.731732 0.618359 0.286122 -0.872344 1.106896
31.831832 0.590386 0.354087 -0.824962 1.074475
31.931932 0.557925 0.419328 -0.771313 1.040211
32.032032 0.520870 0.481077 -0.711317 1.004346
32.132132 0.479087 0.538415 -0.644868 0.967094
32.232232 0.432439 0.590233 -0.571876 0.928666
32.332332 0.380810 0.635190 -0.492303 0.889295
32.432432 0.324173 0.671716 -0.406264 0.849318
32.532533 0.262585 0.697874 -0.314030 0.809070
32.632633 0.196350 0.711551 -0.216252 0.769170
32.732733 0.126146 0.710659 -0.114121 0.730734
32.832833 0.053018 0.692940 -0.009378 0.695029
32.932933 -0.021499 0.656226 0.095528 0.663491
33.033033 -0.095264 0.598859 0.197317 0.637685
33.133133 -0.165591 0.520308 0.292026 0.619210
33.233233 -0.229495 0.421785 0.375431 0.609523
33.333333 -0.284177 0.306387 0.443755 0.609548
33.433433 -0.327516 0.178775 0.494368 0.619376
33.533534 -0.358300 0.044296 0.526029 0.638003
33.633634 -0.376422 -0.091800 0.539095 0.663886
33.733734 -0.382759 -0.225082 0.535279 0.695478
33.833834 -0.378708 -0.352308 0.516928 0.731270
33.933934 -0.365863 -0.471401 0.486570 0.769952
34.034034 -0.345734 -0.581136 0.446522 0.810329
34.134134 -0.319655 -0.680891 0.398787 0.851365
34.234234 -0.288836 -0.770563 0.345138 0.892364
34.334334 -0.254289 -0.850288 0.287034 0.932760
34.434434 -0.216878 -0.920430 0.225698 0.972197
34.534535 -0.177331 -0.981486 0.162142 1.010471
34.634635 -0.136235 -1.033927 0.097172 1.047382
34.734735 -0.094083 -1.078309 0.031454 1.082862
34.834835 -0.051286 -1.115191 -0.034469 1.116902
34.934935 -0.008177 -1.145093 -0.100164 1.149494
35.035035 0.034969 -1.168528 -0.165279 1.180677
35.135135 0.077924 -1.185935 -0.229526 1.210453
35.235235 0.120495 -1.197660 -0.292658 1.238772
35.335335 0.162519 -1.204057 -0.354471 1.265629
35.435435 0.203860 -1.205487 -0.414806 1.291054
35.535536 0.244401 -1.202249 -0.473517 1.315049
35.635636 0.284025 -1.194567 -0.530459 1.337553
35.735736 0.322632 -1.182659 -0.585507 1.358526
35.835836 0.360141 -1.166770 -0.638565 1.377976
35.935936 0.396491 -1.147170 -0.689573 1.395964
36.036036 0.431640 -1.124134 -0.738497 1.412575
36.136136 0.465536 -1.097871 -0.785280 1.427834
36.236236 0.498119 -1.068544 -0.829851 1.441722
36.336336 0.529331 -1.036312 -0.872142 1.454224
36.436436 0.559134 -1.001350 -0.912115 1.465362
36.536537 0.587497 -0.963839 -0.949741 1.475177
36.636637 0.614374 -0.923918 -0.984967 1.483658
36.736737 0.639710 -0.881706 -1.017725 1.490772
36.836837 0.663471 -0.837350 -1.047981 1.496533
36.936937 0.685652 -0.791023 -1.075742 1.501019
37.037037 0.706244 -0.742888 -1.101014 1.504292
37.137137 0.725230 -0.693088 -1.123785 1.506394
37.237237 0.742566 -0.641734 -1.144000 1.507303
37.337337 0.758166 -0.588903 -1.161544 1.506920
37.437437 0.771978 -0.534706 -1.176350 1.505210
37.537538 0.783960 -0.479264 -1.188371 1.502169
37.637638 0.794071 -0.422699 -1.197556 1.497787
37.737738 0.802254 -0.365131 -1.203837 1.492031
37.837838 0.808423 -0.306667 -1.207096 1.484814
37.937938 0.812539 -0.247445 -1.207294 1.476146
38.038038 0.814626 -0.187626 -1.204478 1.466146
38.138138 0.814684 -0.127360 -1.198665 1.454898
38.238238 0.812637 -0.066787 -1.189756 1.442345
38.338338 0.808393 -0.006055 -1.177632 1.428410
38.438438 0.801913 0.054673 -1.162254 1.413113
38.538539 0.793180 0.115226 -1.143613 1.396518
38.638639 0.782167 0.175427 -1.121686 1.378673
38.738739 0.768849 0.235088 -1.096454 1.359635
38.838839 0.753223 0.294023 -1.067935 1.339508
38.938939 0.735257 0.352020 -1.036101 1.318343
39.039039 0.714892 0.408845 -1.000886 1.296148
39.139139 0.692051 0.464230 -0.962210 1.272907
39.239239 0.666627 0.517854 -0.919943 1.248543
39.339339 0.638552 0.569394 -0.874021 1.223058
39.439439 0.607791 0.618511 -0.824426 1.196513
39.539540 0.574305 0.664825 -0.771137 1.168961
39.639640 0.538038 0.707885 -0.714116 1.140415
39.739740 0.498928 0.747171 -0.653326 1.110869
39.839840 0.456938 0.782105 -0.588769 1.080338
39.939940 0.412022 0.811983 -0.520446 1.048781
40.040040 0.364170 0.836026 -0.448419 1.016188
40.140140 0.313443 0.853409 -0.372858 0.982638
40.240240 0.259972 0.863250 -0.294039 0.948286
40.340340 0.203932 0.864465 -0.212326 0.913220
40.440440 0.145608 0.855872 -0.128245 0.877590
40.540541 0.085458 0.836367 -0.042575 0.841799
40.640641 0.024110 0.804791 0.043660 0.806334
40.740741 -0.037596 0.760073 0.129129 0.771880
40.840841 -0.098557 0.701223 0.212130 0.739207
40.940941 -0.157355 0.627367 0.290513 0.709047
41.041041 -0.212219 0.538084 0.361658 0.682178
41.141141 -0.261132 0.433882 0.422678 0.659621
41.241241 -0.301948 0.316373 0.470607 0.642445
41.341341 -0.332594 0.188310 0.502694 0.631491
41.441441 -0.351523 0.053673 0.517079 0.627551
41.541542 -0.357856 -0.082844 0.512939 0.630897
41.641642 -0.351544 -0.216429 0.490675 0.641238
41.741742 -0.333490 -0.342807 0.452019 0.658068
41.841842 -0.305195 -0.458690 0.399480 0.680533
41.941942 -0.268419 -0.561862 0.335835 0.707477
42.042042 -0.225014 -0.651210 0.263893 0.737797
42.142142 -0.176766 -0.726592 0.186264 0.770633
42.242242 -0.125222 -0.788476 0.105159 0.805253
42.342342 -0.071647 -0.837600 0.022344 0.840955
42.442442 -0.017065 -0.875009 -0.060790 0.877284
42.542543 0.037723 -0.901826 -0.143186 0.913901
42.642643 0.092099 -0.918950 -0.224036 0.950338
42.742743 0.145606 -0.927413 -0.302771 0.986390
42.842843 0.197924 -0.928349 -0.379040 1.022094
42.942943 0.248820 -0.922650 -0.452587 1.057369
43.043043 0.298092 -0.910975 -0.523186 1.091997
43.143143 0.345584 -0.893894 -0.590664 1.125771
43.243243 0.391202 -0.871995 -0.654941 1.158603
43.343343 0.434868 -0.845779 -0.715954 1.190395
43.443443 0.476531 -0.815695 -0.773672 1.221068
43.543544 0.516147 -0.782136 -0.828070 1.250537
43.643644 0.553687 -0.745456 -0.879139 1.278734
43.743744 0.589171 -0.706033 -0.926947 1.305694
43.843844 0.622661 -0.664241 -0.971618 1.331527
43.943944 0.654229 -0.620422 -1.013293 1.356356
44.044044 0.683915 -0.574841 -1.052056 1.380218
44.144144 0.711702 -0.527686 -1.087899 1.403031
44.244244 0.737592 -0.479146 -1.120846 1.424752
44.344344 0.761655 -0.429439 -1.151017 1.445467
44.444444 0.783919 -0.378739 -1.178472 1.465185
44.544545 0.804376 -0.327186 -1.203213 1.483843
44.644645 0.823034 -0.274921 -1.225264 1.501412
44.744745 0.839905 -0.222078 -1.244658 1.517871
44.844845 0.854998 -0.168785 -1.261417 1.533194
44.944945 0.868347 -0.115166 -1.275605 1.547404
45.045045 0.879982 -0.061339 -1.287279 1.560519
45.145145 0.889905 -0.007411 -1.296449 1.572503
45.245245 0.898160 0.046513 -1.303191 1.583402
45.345345 0.904781 0.100333 -1.307563 1.593241
45.445445 0.909769 0.153954 -1.309579 1.601992
45.545546 0.913189 0.207293 -1.309337 1.609735
45.645646 0.915110 0.260273 -1.306950 1.616566
45.745746 0.915556 0.312815 -1.302458 1.622496
45.845846 0.914576 0.364852 -1.295938 1.627582
45.945946 0.912213 0.416319 -1.287459 1.631871
46.046046 0.908453 0.467129 -1.277012 1.635315
46.146146 0.903306 0.517208 -1.264616 1.637901
46.246246 0.896774 0.566475 -1.250284 1.639606
46.346346 0.888861 0.614851 -1.234028 1.640408
46.446446 0.879598 0.662274 -1.215901 1.640340
46.546547 0.869002 0.708674 -1.195931 1.639400
46.646647 0.857072 0.753967 -1.174128 1.637564
46.746747 0.843813 0.798070 -1.150507 1.634810
46.846847 0.829229 0.840899 -1.125079 1.631115
46.946947 0.813329 0.882375 -1.097870 1.626471
47.047047 0.796138 0.922428 -1.068919 1.620894
47.147147 0.777662 0.960972 -1.038246 1.614367
47.247247 0.757923 0.997932 -1.005888 1.606900
47.347347 0.736960 1.033260 -0.971908 1.598543
47.447447 0.714797 1.066881 -0.936347 1.589313
47.547548 0.691458 1.098725 -0.899249 1.579227
47.647648 0.666979 1.128732 -0.860670 1.568327
47.747748 0.641403 1.156859 -0.820678 1.556673
47.847848 0.614758 1.183030 -0.779320 1.544289
47.947948 0.587042 1.207114 -0.736609 1.531122
48.048048 0.558237 1.228925 -0.692532 1.517065
48.148148 0.528314 1.248247 -0.647073 1.501978
48.248248 0.497286 1.264925 -0.600263 1.485814
48.348348 0.465183 1.278834 -0.552159 1.468568
48.448448 0.432011 1.289767 -0.502790 1.450148
48.548549 0.397790 1.297530 -0.452204 1.430493
48.648649 0.362565 1.301973 -0.400480 1.409600
48.748749 0.326372 1.302895 -0.347693 1.387423
48.848849 0.289264 1.300111 -0.293935 1.363950
48.948949 0.251309 1.293463 -0.239322 1.339208
49.049049 0.212572 1.282715 -0.183971 1.313160
49.149149 0.173136 1.267675 -0.128023 1.285832
49.249249 0.133100 1.248141 -0.071642 1.257260
49.349349 0.092567 1.223817 -0.015006 1.227405
49.449449 0.051663 1.194381 0.041670 1.196224
49.549550 0.010539 1.159506 0.098135 1.163699
49.649650 -0.030622 1.118887 0.154091 1.129863
49.749750 -0.071599 1.072175 0.209183 1.094734
49.849850 -0.112132 1.019081 0.263004 1.058428
49.949950 -0.151919 0.959369 0.315090 1.021151
50.050050 -0.190588 0.892737 0.364872 0.983074
50.150150 -0.227689 0.818878 0.411664 0.944390
50.250250 -0.262651 0.737432 0.454598 0.905235
50.350350 -0.294771 0.648103 0.492623 0.865797
50.450450 -0.323206 0.550770 0.524500 0.826384
50.550551 -0.347001 0.445616 0.548854 0.787543
50.650651 -0.365012 0.333135 0.564070 0.749925
50.750751 -0.375880 0.214235 0.568257 0.714211
50.850851 -0.378199 0.090566 0.559530 0.681404
50.950951 -0.370544 -0.035376 0.536059 0.652620
51.051051 -0.351679 -0.160134 0.496382 0.629060
51.151151 -0.320892 -0.279351 0.439887 0.611972
51.251251 -0.278261 -0.388159 0.367166 0.602417
51.351351 -0.224897 -0.481931 0.280289 0.601165
51.451451 -0.162873 -0.557126 0.182621 0.608496
51.551552 -0.094824 -0.611747 0.078195 0.623971
51.651652 -0.023530 -0.645611 -0.028925 0.646687
51.751752 0.048500 -0.659927 -0.135204 0.675378
51.851852 0.119261 -0.656627 -0.237910 0.708508
51.951952 0.187262 -0.638032 -0.335102 0.744611
52.052052 0.251519 -0.606613 -0.425586 0.782537
52.152152 0.311495 -0.564834 -0.508824 0.821565
52.252252 0.366914 -0.514783 -0.584617 0.861049
52.352352 0.417699 -0.458224 -0.653026 0.900492
52.452452 0.463916 -0.396659 -0.714294 0.939560
52.552553 0.505660 -0.331280 -0.768676 0.977906
52.652653 0.543104 -0.263094 -0.816522 1.015327
52.752753 0.576445 -0.192935 -0.858201 1.051676
52.852853 0.605837 -0.121471 -0.894001 1.086753
52.952953 0.631368 -0.049252 -0.924108 1.120280
53.053053 0.653171 0.023242 -0.948759 1.152092
53.153153 0.671435 0.095592 -0.968271 1.182164
53.253253 0.686353 0.167449 -0.982959 1.210508
53.353353 0.698135 0.238523 -0.993158 1.237194
53.453453 0.706968 0.308572 -0.999163 1.262279
53.553554 0.712994 0.377376 -1.001203 1.285760
53.653654 0.716365 0.444756 -0.999517 1.307677
53.753754 0.717221 0.510556 -0.994323 1.328063
53.853854 0.715659 0.574614 -0.985781 1.346890
53.953954 0.711752 0.636768 -0.974008 1.364095
54.054054 0.705553 0.696850 -0.959103 1.379595
54.154154 0.697127 0.754711 -0.941171 1.393333
54.254254 0.686537 0.810208 -0.920321 1.405262
54.354354 0.673876 0.863239 -0.896696 1.415399
54.454454 0.659242 0.913720 -0.870448 1.423785
54.554555 0.642727 0.961570 -0.841718 1.430455
54.654655 0.624425 1.006724 -0.810650 1.435463
54.754755 0.604416 1.049101 -0.777370 1.438831
54.854855 0.582753 1.088580 -0.741964 1.440526
54.954955 0.559498 1.125059 -0.704534 1.440543
55.055055 0.534722 1.158452 -0.665192 1.438895
55.155155 0.508473 1.188622 -0.624020 1.435538
55.255255 0.480809 1.215454 -0.581115 1.430454
55.355355 0.451805 1.238863 -0.536592 1.423671
55.455455 0.421535 1.258769 -0.490571 1.415221
55.555556 0.390102 1.275164 -0.443199 1.405222
55.655656 0.357591 1.287994 -0.394606 1.393741
55.755756 0.324051 1.297074 -0.344883 1.380707
55.855856 0.289560 1.302295 -0.294152 1.366141
55.955956 0.254218 1.303640 -0.242562 1.350163
56.056056 0.218118 1.301029 -0.190254 1.332835
56.156156 0.181345 1.294330 -0.137367 1.314171
56.256256 0.143980 1.283316 -0.084042 1.294100
56.356356 0.106119 1.267764 -0.030437 1.272561
56.456456 0.067883 1.247576 0.023260 1.249638
56.556557 0.029401 1.222631 0.076850 1.225397
56.656657 -0.009187 1.192691 0.130104 1.199802
56.756757 -0.047721 1.157552 0.182772 1.172864
56.856857 -0.086020 1.117076 0.234575 1.144676
56.956957 -0.123877 1.071055 0.285191 1.115275
57.057057 -0.161041 1.019201 0.334228 1.084626
57.157157 -0.197226 0.961260 0.381243 1.052742
57.257257 -0.232088 0.896977 0.425713 1.019639
57.357357 -0.265198 0.826012 0.466977 0.985238
57.457457 -0.296065 0.748136 0.504297 0.949566
57.557558 -0.324111 0.663213 0.536822 0.912730
57.657658 -0.348664 0.571213 0.563567 0.874905
57.757758 -0.368945 0.472290 0.583416 0.836393
57.857858 -0.384060 0.366829 0.595102 0.797629
57.957958 -0.392953 0.255508 0.597156 0.759139
58.058058 -0.394422 0.139449 0.587936 0.721584
58.158158 -0.387146 0.020402 0.565690 0.685787
58.258258 -0.369709 -0.099060 0.528611 0.652631
58.358358 -0.340895 -0.215345 0.475276 0.623273
58.458458 -0.300002 -0.323859 0.405114 0.599168
58.558559 -0.247114 -0.419272 0.318770 0.581780
58.658659 -0.183442 -0.496254 0.218528 0.572428
58.758759 -0.111354 -0.550338 0.108273 0.571834
58.858859 -0.034117 -0.578961 -0.006987 0.580007
58.958959 0.044643 -0.582125 -0.121974 0.596440
59.059059 0.121622 -0.561705 -0.232059 0.619803
59.159159 0.194243 -0.520942 -0.333807 0.648489
59.259259 0.260771 -0.463726 -0.425074 0.680978
59.359359 0.320237 -0.393872 -0.504821 0.715913
59.459459 0.372317 -0.314882 -0.572920 0.752334
59.559560 0.417015 -0.229624 -0.629657 0.789365
59.659660 0.454570 -0.140416 -0.675608 0.826315
59.759760 0.485419 -0.049128 -0.711590 0.862789
59.859860 0.510094 0.042789 -0.738522 0.898578
59.959960 0.529139 0.134228 -0.757302 0.933548
60.060060 0.543097 0.224373 -0.768804 0.967656
60.160160 0.552502 0.312625 -0.773860 1.000925
60.260260 0.557747 0.398509 -0.773091 1.033228
60.360360 0.559187 0.481659 -0.767051 1.064450
60.460460 0.557174 0.561817 -0.756274 1.094546
60.560561 0.552011 0.638780 -0.741224 1.123463
60.660661 0.543992 0.712420 -0.722342 1.151194
60.760761 0.533392 0.782658 -0.700034 1.177756
60.860861 0.520435 0.849413 -0.674634 1.203115
60.960961 0.505310 0.912606 -0.646427 1.227214
61.061061 0.488219 0.972223 -0.615708 1.250069
61.161161 0.469333 1.028240 -0.582728 1.271661
61.261261 0.448834 1.080693 -0.547746 1.292043
61.361361 0.426921 1.129716 -0.511044 1.311368
61.461461 0.403746 1.175363 -0.472832 1.329683
61.561562 0.379445 1.217702 -0.433306 1.347045
61.661662 0.354142 1.256785 -0.392639 1.363485
61.761762 0.327936 1.292624 -0.350975 1.378986
61.861862 0.300923 1.325234 -0.308451 1.393536
61.961962 0.273176 1.354565 -0.265181 1.407051
62.062062 0.244768 1.380559 -0.221274 1.419442
62.162162 0.215784 1.403249 -0.176852 1.430716
62.262262 0.186318 1.422729 -0.132042 1.440940
62.362362 0.156448 1.439055 -0.086954 1.450143
62.462462 0.126252 1.452271 -0.041693 1.458344
62.562563 0.095799 1.462424 0.003641 1.465562
62.662663 0.065159 1.469559 0.048952 1.471817
62.762763 0.034398 1.473730 0.094149 1.477135
62.862863 0.003580 1.475019 0.139147 1.481572
62.962963 -0.027235 1.473493 0.183864 1.485169
63.063063 -0.057988 1.469198 0.228221 1.487948
63.163163 -0.088624 1.462201 0.272143 1.489948
63.263263 -0.119087 1.452528 0.315551 1.491171
63.363363 -0.149323 1.440212 0.358370 1.491622
63.463463 -0.179275 1.425270 0.400519 1.491292
63.563564 -0.208892 1.407742 0.441926 1.490192
63.663664 -0.238118 1.387657 0.482514 1.488325
63.763764 -0.266888 1.364982 0.522185 1.485625
63.863864 -0.295137 1.339707 0.560843 1.482048
63.963964 -0.322814 1.311881 0.598418 1.477615
64.064064 -0.349871 1.281585 0.634849 1.472380
64.164164 -0.376250 1.248849 0.670053 1.466341
64.264264 -0.401892 1.213710 0.703950 1.459505
64.364364 -0.426756 1.176256 0.736486 1.451933
64.464464 -0.450788 1.136550 0.767592 1.443660
64.564565 -0.473929 1.094628 0.797182 1.434684
64.664665 -0.496104 1.050511 0.825152 1.424980
64.764765 -0.517227 1.004198 0.851375 1.414488
64.864865 -0.537206 0.955696 0.875719 1.403149
64.964965 -0.555933 0.904995 0.898023 1.390871
65.065065 -0.573324 0.852147 0.918173 1.377641
65.165165 -0.589285 0.797202 0.936035 1.363433
65.265265 -0.603698 0.740190 0.951441 1.348174
65.365365 -0.616456 0.681174 0.964240 1.331832
65.465465 -0.627417 0.620201 0.974233 1.314318
65.565566 -0.636451 0.557347 0.981235 1.295579
65.665666 -0.643413 0.492704 0.985046 1.275560
65.765766 -0.648188 0.426411 0.985511 1.254275
65.865866 -0.650662 0.358629 0.982478 1.231762
65.965966 -0.650628 0.289491 0.975663 1.207907
66.066066 -0.647866 0.219165 0.964758 1.182591
66.166166 -0.642169 0.147873 0.949486 1.155755
66.266266 -0.633339 0.075885 0.929584 1.127387
66.366366 -0.621141 0.003522 0.904741 1.097445
66.466466 -0.605334 -0.068833 0.874645 1.065913
66.566567 -0.585683 -0.140721 0.838996 1.032832
66.666667 -0.561886 -0.211579 0.797413 0.998173
66.766767 -0.533657 -0.280733 0.749543 0.961985
66.866867 -0.500713 -0.347366 0.695054 0.924379
66.966967 -0.462717 -0.410448 0.633558 0.885421
67.067067 -0.419406 -0.468764 0.564788 0.845356
67.167167 -0.370576 -0.520845 0.488593 0.804568
67.267267 -0.316010 -0.564776 0.404844 0.763370
67.367367 -0.255683 -0.598304 0.313725 0.722333
67.467467 -0.189931 -0.618997 0.215964 0.682548
67.567568 -0.119445 -0.624020 0.112843 0.645291
67.667668 -0.045443 -0.610259 0.006441 0.611983
67.767768 0.030084 -0.574794 -0.100058 0.584213
67.867868 0.104289 -0.515708 -0.202319 0.563705
67.967968 0.173651 -0.433062 -0.295224 0.552137
68.068068 0.234389 -0.329105 -0.373485 0.550217
68.168168 0.283306 -0.208565 -0.432913 0.557831
68.268268 0.318523 -0.077900 -0.471401 0.574233
68.368368 0.339638 0.056298 -0.489011 0.598043
68.468468 0.347468 0.188375 -0.487486 0.627584
68.568569 0.343460 0.314106 -0.469345 0.660993
68.668669 0.329342 0.430652 -0.437383 0.696585
68.768769 0.306973 0.536473 -0.394456 0.733233
68.868869 0.278121 0.631008 -0.343194 0.770263
68.968969 0.244258 0.714206 -0.285747 0.807096
69.069069 0.206605 0.786337 -0.223864 0.843283
69.169169 0.166158 0.847835 -0.158952 0.878463
69.269269 0.123734 0.899239 -0.092152 0.912378
69.369369 0.080016 0.941210 -0.024389 0.944920
69.469469 0.035549 0.974291 0.043592 0.975913
69.569570 -0.009218 0.998908 0.111184 1.005118
69.669670 -0.053902 1.015501 0.177869 1.032368
69.769770 -0.098169 1.024430 0.243196 1.057468
69.869870 -0.141733 1.026122 0.306792 1.080341
69.969970 -0.184337 1.020953 0.368319 1.100902
70.070070 -0.225729 1.009136 0.427430 1.118930
70.170170 -0.265672 0.990901 0.483804 1.134254
70.270270 -0.303962 0.966544 0.537171 1.146801
70.370370 -0.340403 0.936351 0.587275 1.156512
70.470470 -0.374793 0.900559 0.633844 1.163286
70.570571 -0.406948 0.859433 0.676639 1.167079
70.670671 -0.436695 0.813254 0.715431 1.167873
70.770771 -0.463844 0.762271 0.749971 1.165618
70.870871 -0.488198 0.706727 0.779995 1.160256
70.970971 -0.509557 0.646877 0.805236 1.151739
71.071071 -0.527719 0.582999 0.825430 1.140048
71.171171 -0.542464 0.515375 0.840281 1.125145
71.271271 -0.553521 0.444278 0.849421 1.106926
71.371371 -0.560597 0.370017 0.852456 1.085294
71.471471 -0.563402 0.292967 0.849000 1.060214
71.571572 -0.561632 0.213568 0.838652 1.031687
71.671672 -0.554906 0.132321 0.820908 0.999660
71.771772 -0.542743 0.049816 0.795123 0.963987
71.871872 -0.524672 -0.033193 0.760686 0.924676
71.971972 -0.500268 -0.115758 0.717074 0.881966
72.072072 -0.469053 -0.196694 0.663703 0.836183
72.172172 -0.430434 -0.274459 0.599862 0.787677
72.272272 -0.383702 -0.346959 0.524723 0.736846
72.372372 -0.328275 -0.411487 0.437704 0.684595
72.472472 -0.263719 -0.464390 0.338531 0.632305
72.572573 -0.189938 -0.500778 0.227544 0.581920
72.672673 -0.107710 -0.514375 0.106488 0.536212
72.772773 -0.019446 -0.498146 -0.020439 0.498944
72.872873 0.069981 -0.446206 -0.145565 0.474538
72.972973 0.153425 -0.357138 -0.258343 0.466720
73.073073 0.223429 -0.236824 -0.348496 0.476923
73.173173 0.275154 -0.096862 -0.410111 0.503272
73.273273 0.307754 0.050179 -0.443186 0.541889
73.373373 0.323255 0.194721 -0.451610 0.588525
73.473473 0.324696 0.331004 -0.440371 0.639467
73.573574 0.315170 0.456271 -0.414240 0.692178
73.673674 0.297381 0.569691 -0.377239 0.745180
73.773774 0.273452 0.671424 -0.332441 0.797561
73.873874 0.244994 0.762084 -0.282132 0.848760
73.973974 0.213187 0.842349 -0.227966 0.898315
74.074074 0.178916 0.912883 -0.171164 0.945866
74.174174 0.142877 0.974379 -0.112671 0.991223
74.274274 0.105608 1.027454 -0.053212 1.034237
74.374374 0.067544 1.072739 0.006643 1.074884
74.474474 0.029034 1.110818 0.066441 1.113181
74.574575 -0.009643 1.142260 0.125832 1.149211
74.674675 -0.048258 1.167596 0.184537 1.183073
74.774775 -0.086628 1.187212 0.242325 1.214783
74.874875 -0.124592 1.201400 0.298989 1.244299
74.974975 -0.162014 1.210454 0.354362 1.271621
75.075075 -0.198795 1.214796 0.408342 1.296916
75.175175 -0.234866 1.214855 0.460868 1.320392
75.275275 -0.270158 1.210940 0.511870 1.342152
75.375375 -0.304596 1.203248 0.561260 1.362203
75.475475 -0.338109 1.191949 0.608950 1.380536
75.575576 -0.370638 1.177219 0.654872 1.397167
75.675676 -0.402138 1.159260 0.698979 1.412151
75.775776 -0.432574 1.138265 0.741239 1.425554
75.875876 -0.461916 1.114427 0.781630 1.437449
75.975976 -0.490154 1.087952 0.820153 1.447944
76.076076 -0.517242 1.058959 0.856757 1.457040
76.176176 -0.543096 1.027467 0.891319 1.464614
76.276276 -0.567658 0.993558 0.923763 1.470622
76.376376 -0.590873 0.957318 0.954018 1.475039
76.476476 -0.612673 0.918809 0.981989 1.477796
76.576577 -0.633006 0.878126 1.007614 1.478881
76.676677 -0.651861 0.835415 1.030887 1.478367
76.776777 -0.669226 0.790816 1.051806 1.476329
76.876877 -0.685058 0.744429 1.070318 1.472772
76.976977 -0.699317 0.696355 1.086375 1.467708
77.077077 -0.711944 0.646677 1.099897 1.461106
77.177177 -0.722846 0.595454 1.110758 1.452879
77.277277 -0.731967 0.542785 1.118883 1.443014
77.377377 -0.739262 0.488782 1.124220 1.431533
77.477477 -0.744699 0.433571 1.126733 1.418481
77.577578 -0.748245 0.377279 1.126388 1.403909
77.677678 -0.749837 0.320022 1.123101 1.387813
77.777778 -0.749367 0.261906 1.116730 1.370121
77.877878 -0.746738 0.203056 1.107142 1.350782
77.977978 -0.741899 0.143625 1.094280 1.329846
78.078078 -0.734802 0.083777 1.078089 1.307375
78.178178 -0.725364 0.023683 1.058465 1.283379
78.278278 -0.713451 -0.036469 1.035233 1.257796
78.378378 -0.698921 -0.096466 1.008205 1.230558
78.478478 -0.681637 -0.156059 0.977207 1.201631
78.578579 -0.661421 -0.214956 0.942008 1.170924
78.678679 -0.638089 -0.272816 0.902374 1.138361
78.778779 -0.611513 -0.329263 0.858154 1.103988
78.878879 -0.581540 -0.383851 0.809169 1.067841
78.978979 -0.547967 -0.436033 0.755179 1.029897
79.079079 -0.510557 -0.485125 0.695905 0.990100
79.179179 -0.469021 -0.530254 0.631011 0.948328
79.279279 -0.423106 -0.570384 0.560230 0.904552
79.379379 -0.372583 -0.604242 0.483354 0.858811
79.479479 -0.317271 -0.630258 0.400272 0.811236
79.579580 -0.257109 -0.646536 0.311081 0.762158
79.679680 -0.192211 -0.650761 0.216175 0.712156
79.779780 -0.122974 -0.640038 0.116413 0.662060
79.879880 -0.050295 -0.610933 0.013439 0.613147
79.979980 0.024076 -0.559909 -0.089853 0.567584
80.080080 0.097226 -0.483857 -0.188918 0.528451
80.180180 0.164823 -0.381115 -0.277286 0.499302
80.280280 0.221393 -0.253356 -0.347150 0.483443
80.380380 0.261844 -0.107290 -0.391752 0.483263
80.480480 0.283344 0.046596 -0.407996 0.498915
80.580581 0.286045 0.197563 -0.397153 0.527810
80.680681 0.272532 0.337568 -0.363775 0.566179
80.780781 0.246583 0.462427 -0.313773 0.610816
80.880881 0.211846 0.571018 -0.252568 0.659341
80.980981 0.171157 0.663726 -0.184250 0.709771
81.081081 0.126611 0.741615 -0.111768 0.760602
81.181181 0.079752 0.806067 -0.037231 0.810858
81.281281 0.031687 0.858423 0.037876 0.859842
81.381381 -0.016782 0.899944 0.112512 0.907105
81.481481 -0.065072 0.931883 0.185950 0.952480
81.581582 -0.112769 0.955359 0.257694 0.995909
81.681682 -0.159564 0.971251 0.327384 1.037290
81.781782 -0.205218 0.980249 0.394738 1.076486
81.881882 -0.249564 0.983036 0.459580 1.113488
81.981982 -0.292479 0.980226 0.521791 1.148326
82.082082 -0.333863 0.972318 0.581273 1.180993
82.182182 -0.373625 0.959722 0.637935 1.211455
82.282282 -0.411694 0.942806 0.691709 1.239692
82.382382 -0.448049 0.921991 0.742605 1.265811
82.482482 -0.482684 0.897664 0.790653 1.289928
82.582583 -0.515574 0.870119 0.835847 1.312084
82.682683 -0.546713 0.839643 0.878203 1.332343
82.782783 -0.576113 0.806518 0.917768 1.350805
82.882883 -0.603773 0.770981 0.954564 1.367533
82.982983 -0.629684 0.733234 0.988597 1.382555
83.083083 -0.653850 0.693475 1.019892 1.395925
83.183183 -0.676283 0.651899 1.048486 1.407712
83.283283 -0.697000 0.608688 1.074421 1.417988
83.383383 -0.715964 0.563969 1.097656 1.426714
83.483483 -0.733118 0.517844 1.118119 1.433811
83.583584 -0.748441 0.470444 1.135791 1.439272
83.683684 -0.761905 0.421895 1.150642 1.443077
83.783784 -0.773487 0.372324 1.162655 1.445224
83.883884 -0.783166 0.321854 1.171808 1.445709
83.983984 -0.790937 0.270619 1.178109 1.444561
84.084084 -0.796799 0.218749 1.181568 1.441819
84.184184 -0.800732 0.166368 1.182168 1.437488
84.284284 -0.802753 0.113606 1.179947 1.431640
84.384384 -0.802843 0.060590 1.174889 1.424287
84.484484 -0.800915 0.007441 1.166881 1.415320
84.584585 -0.796918 -0.045709 1.155858 1.404698
84.684685 -0.790849 -0.098722 1.141834 1.392471
84.784785 -0.782724 -0.151461 1.124842 1.378719
84.884885 -0.772519 -0.203778 1.104863 1.363463
84.984985 -0.760179 -0.255512 1.081832 1.346669
85.085085 -0.745685 -0.306504 1.055738 1.328373
85.185185 -0.729034 -0.356589 1.026592 1.308640
85.285285 -0.710226 -0.405600 0.994410 1.287550
85.385385 -0.689197 -0.453320 0.959122 1.265071
85.485485 -0.665862 -0.499502 0.920626 1.241139
85.585586 -0.640187 -0.543905 0.878896 1.215784
85.685686 -0.612098 -0.586234 0.833856 1.188970
85.785786 -0.581508 -0.626141 0.785410 1.160635
85.885886 -0.548369 -0.663277 0.733525 1.130798
85.985986 -0.512656 -0.697270 0.678198 1.099525
86.086086 -0.474292 -0.727625 0.619369 1.066776
86.186186 -0.433169 -0.753709 0.556940 1.032422
86.286286 -0.389182 -0.774765 0.490833 0.996313
86.386386 -0.342226 -0.789857 0.420987 0.958240
86.486486 -0.292261 -0.797941 0.347445 0.918065
86.586587 -0.239359 -0.797934 0.270419 0.875853
86.686687 -0.183651 -0.788458 0.190234 0.831615
86.786787 -0.125376 -0.767800 0.107406 0.785349
86.886887 -0.065024 -0.734161 0.022824 0.737388
86.986987 -0.003394 -0.685446 -0.062143 0.688265
87.087087 0.058245 -0.619166 -0.145404 0.638672
87.187187 0.117862 -0.532614 -0.223737 0.589599
87.287287 0.172355 -0.423629 -0.292413 0.542839
87.387387 0.217300 -0.291800 -0.344953 0.501357
87.487487 0.247065 -0.140132 -0.373448 0.469192
87.587588 0.256001 0.022928 -0.370499 0.450923
87.687688 0.240976 0.183672 -0.332891 0.450135
87.787788 0.203469 0.327406 -0.264212 0.467335
87.887888 0.148849 0.443997 -0.173274 0.499313
87.987988 0.083773 0.530054 -0.070100 0.541192
88.088088 0.013968 0.587196 0.037130 0.588534
88.188188 -0.056543 0.619339 0.142942 0.638131
88.288288 -0.125253 0.630928 0.244121 0.688007
88.388388 -0.190703 0.625867 0.338921 0.736847
88.488488 -0.252092 0.607378 0.426496 0.783810
88.588589 -0.309033 0.578131 0.506541 0.828445
88.688689 -0.361374 0.540260 0.579044 0.870496
88.788789 -0.409114 0.495507 0.644175 0.909870
88.888889 -0.452348 0.445301 0.702212 0.946580
88.988989 -0.491186 0.390777 0.753424 0.980621
89.089089 -0.525764 0.332875 0.798104 1.012030
89.189189 -0.556251 0.272396 0.836575 1.040900
89.289289 -0.582786 0.209998 0.869103 1.067276
89.389389 -0.605525 0.146247 0.895972 1.091244
89.489489 -0.624632 0.081634 0.917470 1.112915
89.589590 -0.640203 0.016579 0.933774 1.132284
89.689690 -0.652296 -0.048549 0.945007 1.149298
89.789790 -0.660957 -0.113403 0.951271 1.163890
89.889890 -0.666193 -0.177649 0.952607 1.175939
89.989990 -0.668043 -0.240974 0.949102 1.185388
90.090090 -0.666615 -0.303099 0.940944 1.192317
90.190190 -0.662033 -0.363771 0.928334 1.196838
90.290290 -0.654423 -0.422762 0.911481 1.199080
90.390390 -0.643915 -0.479860 0.890593 1.199187
90.490490 -0.630594 -0.534842 0.865816 1.197223
90.590591 -0.614489 -0.587440 0.837219 1.193155
90.690691 -0.595575 -0.637329 0.804797 1.186842
90.790791 -0.573880 -0.684221 0.768620 1.178250
90.890891 -0.549485 -0.727868 0.728828 1.167440
90.990991 -0.522450 -0.767992 0.685537 1.154437
91.091091 -0.492787 -0.804224 0.638801 1.139158
91.191191 -0.460504 -0.836151 0.588672 1.121493
91.291291 -0.425683 -0.863440 0.535301 1.101491
91.391391 -0.388416 -0.885729 0.478858 1.079207
91.491491 -0.348770 -0.902554 0.419486 1.054615
91.591592 -0.306834 -0.913407 0.357364 1.027701
91.691692 -0.262727 -0.917742 0.292718 0.998479
91.791792 -0.216614 -0.915008 0.225844 0.967041
91.891892 -0.168716 -0.904653 0.157117 0.933567
91.991992 -0.119283 -0.885952 0.086971 0.898166
92.092092 -0.068634 -0.858047 0.015957 0.860936
92.192192 -0.017204 -0.820046 -0.055208 0.822082
92.292292 0.034427 -0.770860 -0.125570 0.781779
92.392392 0.085460 -0.709188 -0.193839 0.740152
92.492492 0.134805 -0.633900 -0.258319 0.697661
92.592593 0.181003 -0.544121 -0.316798 0.655126
92.692693 0.222061 -0.439174 -0.366308 0.613487
92.792793 0.255397 -0.319220 -0.403106 0.574129
92.892893 0.277784 -0.185875 -0.422652 0.538839
92.992993 0.285546 -0.043037 -0.419974 0.509673
93.093093 0.275362 0.102225 -0.390929 0.488978
93.193193 0.245465 0.239951 -0.333919 0.478886
93.293293 0.196759 0.359177 -0.251333 0.480510
93.393393 0.133100 0.451213 -0.149637 0.493659
93.493493 0.060164 0.512195 -0.037473 0.517076
93.593594 -0.016453 0.542821 0.077081 0.548513
93.693694 -0.092335 0.546274 0.187906 0.585021
93.793794 -0.164456 0.526958 0.291025 0.624040
93.893894 -0.231022 0.489626 0.384294 0.663918
93.993994 -0.291110 0.438455 0.466774 0.703467
94.094094 -0.344283 0.376821 0.538163 0.741717
94.194194 -0.390475 0.307511 0.598637 0.778075
94.294294 -0.429889 0.232847 0.648717 0.812315
94.394394 -0.462819 0.154666 0.689013 0.844312
94.494494 -0.489605 0.074432 0.720162 0.874006
94.594595 -0.510550 -0.006681 0.742720 0.901299
94.694695 -0.525915 -0.087709 0.757161 0.926052
94.794795 -0.535986 -0.167843 0.763982 0.948219
94.894895 -0.541058 -0.246397 0.763680 0.967813
94.994995 -0.541388 -0.322774 0.756684 0.984812
95.095095 -0.537245 -0.396469 0.743439 0.999261
95.195195 -0.528932 -0.467070 0.724427 1.011295
95.295295 -0.516688 -0.534177 0.700030 1.020957
95.395395 -0.500661 -0.597352 0.670512 1.028143
95.495495 -0.480982 -0.656143 0.636106 1.032714
95.595596 -0.457753 -0.710063 0.597007 1.034478
95.695696 -0.431083 -0.758617 0.553423 1.033252
95.795796 -0.401133 -0.801367 0.505630 1.028960
95.895896 -0.368101 -0.837928 0.453956 1.021616
95.995996 -0.332178 -0.867871 0.398722 1.011198
96.096096 -0.293542 -0.890678 0.340234 0.997614
96.196196 -0.252389 -0.905796 0.278834 0.980773
96.296296 -0.208950 -0.912649 0.214916 0.960613
96.396396 -0.163503 -0.910652 0.148940 0.937125
96.496496 -0.116357 -0.899074 0.081427 0.910222
96.596597 -0.067877 -0.877011 0.012999 0.879730
96.696697 -0.018542 -0.843584 -0.055563 0.845615
96.796797 0.031035 -0.797830 -0.123270 0.807893
96.896897 0.080053 -0.738658 -0.188851 0.766609
96.996997 0.127446 -0.664918 -0.250640 0.721927
97.097097 0.171758 -0.575440 -0.306402 0.674176
97.197197 0.210964 -0.469184 -0.353088 0.623947
97.297297 0.242214 -0.345592 -0.386493 0.572257
97.397397 0.261662 -0.205564 -0.401105 0.521161
97.497497 0.264354 -0.052887 -0.390082 0.474178
97.597598 0.244772 0.103625 -0.346253 0.436512
97.697698 0.199075 0.248425 -0.265545 0.414560
97.797798 0.128706 0.362008 -0.151970 0.413171
97.897898 0.042025 0.430090 -0.019098 0.432560
97.997998 -0.049598 0.450924 0.116347 0.468326
98.098098 -0.137240 0.432520 0.242155 0.514342
98.198198 -0.216036 0.385410 0.352274 0.565075
98.298298 -0.284157 0.318854 0.444945 0.616757
98.398398 -0.341440 0.239945 0.520628 0.667240
98.498498 -0.388444 0.153704 0.580627 0.715291
98.598599 -0.425912 0.063640 0.626366 0.760122
98.698699 -0.454551 -0.027770 0.659120 0.801141
98.798799 -0.475079 -0.118697 0.680110 0.838056
98.898899 -0.488221 -0.207786 0.690526 0.870839
98.998999 -0.494634 -0.294006 0.691426 0.899540
99.099099 -0.494841 -0.376528 0.683651 0.924132
99.199199 -0.489346 -0.454701 0.667998 0.944687
99.299299 -0.478560 -0.527940 0.645126 0.961212
99.399399 -0.462843 -0.595721 0.615608 0.973695
99.499499 -0.442566 -0.657611 0.580026 0.982216
99.599600 -0.418048 -0.713176 0.538890 0.986806
99.699700 -0.389587 -0.761987 0.492673 0.987486
99.799800 -0.357483 -0.803642 0.441852 0.984311
99.899900 -0.321996 -0.837654 0.386854 0.977242
100.000000 -0.283363 -0.863433 0.328079 0.966151
