0.000000 -0.057855 0.463003 0.885338 1.000771
0.100100 -0.063866 0.380453 0.931644 1.008357
0.200200 -0.069429 0.295299 0.971434 1.017696
0.300300 -0.074520 0.208199 1.004640 1.028689
0.400400 -0.079121 0.119789 1.031267 1.041211
0.500501 -0.083226 0.030679 1.051434 1.055169
0.600601 -0.086831 -0.058563 1.065317 1.070452
0.700701 -0.089935 -0.147416 1.073058 1.086864
0.800801 -0.092540 -0.235404 1.074869 1.104229
0.900901 -0.094660 -0.322111 1.071063 1.122449
1.001001 -0.096309 -0.407170 1.061944 1.141398
1.101101 -0.097505 -0.490268 1.047845 1.160968
1.201201 -0.098271 -0.571159 1.029141 1.181106
1.301301 -0.098629 -0.649633 1.006180 1.201727
1.401401 -0.098595 -0.725482 0.979242 1.222685
1.501502 -0.098190 -0.798546 0.948623 1.243866
1.601602 -0.097431 -0.868690 0.914609 1.265159
1.701702 -0.096338 -0.935814 0.877482 1.286469
1.801802 -0.094941 -0.999926 0.837589 1.307831
1.901902 -0.093268 -1.061086 0.795283 1.329314
2.002002 -0.091343 -1.119329 0.750846 1.350930
2.102102 -0.089182 -1.174631 0.704491 1.372596
2.202202 -0.086798 -1.226940 0.656392 1.394190
2.302302 -0.084204 -1.276229 0.606728 1.415617
2.402402 -0.081418 -1.322535 0.555693 1.436845
2.502503 -0.078455 -1.365915 0.503475 1.457864
2.602603 -0.075332 -1.406439 0.450249 1.478672
2.702703 -0.072060 -1.444135 0.396163 1.499221
2.802803 -0.068653 -1.479039 0.341355 1.519472
2.902903 -0.065126 -1.511277 0.285972 1.539474
3.003003 -0.061492 -1.540966 0.230149 1.559272
3.103103 -0.057762 -1.568182 0.173998 1.578863
3.203203 -0.053946 -1.592940 0.117616 1.598187
3.303303 -0.050051 -1.615309 0.061097 1.617238
3.403403 -0.046089 -1.635394 0.004531 1.636049
3.503504 -0.042068 -1.653261 -0.052001 1.654613
3.603604 -0.037994 -1.668941 -0.108425 1.672891
3.703704 -0.033874 -1.682449 -0.164669 1.690828
3.803804 -0.029714 -1.693800 -0.220662 1.708371
3.903904 -0.025518 -1.702987 -0.276334 1.725449
4.004004 -0.021294 -1.710016 -0.331617 1.742004
4.104104 -0.017046 -1.714913 -0.386448 1.757999
4.204204 -0.012781 -1.717778 -0.440783 1.773475
4.304304 -0.008505 -1.718731 -0.494589 1.788499
4.404404 -0.004223 -1.717865 -0.547833 1.803108
4.504505 0.000061 -1.715287 -0.600492 1.817361
4.604605 0.004341 -1.711081 -0.652542 1.831292
4.704705 0.008614 -1.705322 -0.703961 1.844928
4.804805 0.012876 -1.698048 -0.754716 1.858259
4.904905 0.017124 -1.689270 -0.804762 1.871247
5.005005 0.021353 -1.679032 -0.854072 1.883891
5.105105 0.025562 -1.667388 -0.902627 1.896200
5.205205 0.029746 -1.654375 -0.950400 1.908167
5.305305 0.033903 -1.640029 -0.997367 1.919788
5.405405 0.038030 -1.624400 -1.043512 1.931072
5.505506 0.042125 -1.607515 -1.088808 1.942005
5.605606 0.046184 -1.589402 -1.133230 1.952573
5.705706 0.050205 -1.570124 -1.176779 1.962809
5.805806 0.054188 -1.549748 -1.219461 1.972749
5.905906 0.058130 -1.528297 -1.261254 1.982380
6.006006 0.062028 -1.505776 -1.302118 1.991663
6.106106 0.065878 -1.482191 -1.342017 2.000559
6.206206 0.069678 -1.457550 -1.380914 2.009037
6.306306 0.073426 -1.431911 -1.418817 2.017127
6.406406 0.077120 -1.405308 -1.455718 2.024834
6.506507 0.080759 -1.377750 -1.491580 2.032123
6.606607 0.084339 -1.349259 -1.526382 2.038983
6.706707 0.087858 -1.319868 -1.560116 2.045417
6.806807 0.091316 -1.289616 -1.592779 2.051437
6.906907 0.094711 -1.258529 -1.624358 2.057038
7.007007 0.098040 -1.226630 -1.654834 2.062210
7.107107 0.101303 -1.193959 -1.684213 2.066972
7.207207 0.104500 -1.160563 -1.712511 2.071357
7.307307 0.107629 -1.126473 -1.739725 2.075372
7.407407 0.110690 -1.091719 -1.765854 2.079024
7.507508 0.113683 -1.056333 -1.790898 2.082325
7.607608 0.116605 -1.020352 -1.814867 2.085295
7.707708 0.119458 -0.983801 -1.837755 2.087937
7.807808 0.122239 -0.946713 -1.859571 2.090266
7.907908 0.124950 -0.909117 -1.880316 2.092294
8.008008 0.127587 -0.871033 -1.899977 2.094013
8.108108 0.130150 -0.832486 -1.918548 2.095423
8.208208 0.132639 -0.793511 -1.936049 2.096554
8.308308 0.135056 -0.754145 -1.952512 2.097446
8.408408 0.137398 -0.714400 -1.967903 2.098068
8.508509 0.139662 -0.674287 -1.982183 2.098385
8.608609 0.141847 -0.633835 -1.995364 2.098415
8.708709 0.143953 -0.593068 -2.007448 2.098166
8.808809 0.145978 -0.552003 -2.018404 2.097611
8.908909 0.147920 -0.510663 -2.028233 2.096756
9.009009 0.149778 -0.469070 -2.036925 2.095596
9.109109 0.151550 -0.427245 -2.044462 2.094118
9.209209 0.153233 -0.385205 -2.050811 2.092292
9.309309 0.154823 -0.342968 -2.055930 2.090082
9.409409 0.156322 -0.300562 -2.059840 2.087514
9.509510 0.157728 -0.258013 -2.062547 2.084598
9.609610 0.159041 -0.215346 -2.064048 2.081336
9.709710 0.160261 -0.172587 -2.064350 2.077742
9.809810 0.161387 -0.129761 -2.063461 2.073827
9.909910 0.162419 -0.086893 -2.061373 2.069587
10.010010 0.163351 -0.044005 -2.058036 2.064977
10.110110 0.164183 -0.001122 -2.053440 2.059994
10.210210 0.164915 0.041728 -2.047616 2.054670
10.310310 0.165547 0.084521 -2.040561 2.049009
10.410410 0.166080 0.127230 -2.032284 2.043025
10.510511 0.166511 0.169829 -2.022789 2.036724
10.610611 0.166841 0.212293 -2.012067 2.030103
10.710711 0.167066 0.254591 -2.000093 2.023141
10.810811 0.167184 0.296694 -1.986847 2.015822
10.910911 0.167193 0.338571 -1.972310 2.008131
11.011011 0.167087 0.380185 -1.956441 2.000030
11.111111 0.166867 0.421508 -1.939244 1.991527
11.211211 0.166531 0.462503 -1.920700 1.982607
11.311311 0.166074 0.503133 -1.900782 1.973245
11.411411 0.165495 0.543362 -1.879479 1.963434
11.511512 0.164793 0.583154 -1.856788 1.953173
11.611612 0.163969 0.622483 -1.832730 1.942491
11.711712 0.163020 0.661308 -1.807296 1.931379
11.811812 0.161943 0.699576 -1.780440 1.919791
11.911912 0.160730 0.737230 -1.752115 1.907681
12.012012 0.159382 0.774228 -1.722317 1.895049
12.112112 0.157896 0.810523 -1.691039 1.881885
12.212212 0.156269 0.846064 -1.658269 1.868181
12.312312 0.154501 0.880810 -1.624016 1.853948
12.412412 0.152589 0.914700 -1.588258 1.839164
12.512513 0.150528 0.947661 -1.550957 1.823784
12.612613 0.148310 0.979605 -1.512060 1.807746
12.712713 0.145932 1.010455 -1.471540 1.791018
12.812813 0.143390 1.040128 -1.429367 1.773561
12.912913 0.140677 1.068534 -1.385516 1.755337
13.013013 0.137795 1.095621 -1.340012 1.736377
13.113113 0.134744 1.121321 -1.292870 1.716691
13.213213 0.131516 1.145518 -1.244050 1.696222
13.313313 0.128108 1.168096 -1.193528 1.674924
13.413413 0.124515 1.188965 -1.141311 1.652795
13.513514 0.120738 1.208028 -1.087413 1.629840
13.613614 0.116771 1.225147 -1.031818 1.606010
13.713714 0.112608 1.240177 -0.974513 1.581264
13.813814 0.108246 1.252961 -0.915492 1.555556
13.913914 0.103683 1.263377 -0.854789 1.528900
14.014014 0.098924 1.271361 -0.792489 1.501394
14.114114 0.093970 1.276788 -0.728642 1.473071
14.214214 0.088820 1.279512 -0.663299 1.443954
14.314314 0.083476 1.279377 -0.596521 1.414076
14.414414 0.077935 1.276159 -0.528353 1.383406
14.514515 0.072194 1.269612 -0.458854 1.351914
14.614615 0.066253 1.259475 -0.388104 1.319580
14.714715 0.060111 1.245464 -0.316208 1.286383
14.814815 0.053771 1.227247 -0.243293 1.252286
14.914915 0.047236 1.204491 -0.169527 1.217279
15.015015 0.040514 1.176890 -0.095127 1.181423
15.115115 0.033616 1.144028 -0.020355 1.144703
15.215215 0.026556 1.105538 0.054466 1.107198
15.315315 0.019355 1.060959 0.128928 1.068939
15.415415 0.012037 1.009765 0.202530 1.029946
15.515516 0.004641 0.951537 0.274658 0.990395
15.615616 -0.002786 0.885741 0.344531 0.950393
15.715716 -0.010182 0.811908 0.411204 0.910158
15.815816 -0.017466 0.729652 0.473523 0.870012
15.915916 -0.024532 0.638620 0.530047 0.830293
16.016016 -0.031247 0.538725 0.579095 0.791551
16.116116 -0.037451 0.430212 0.618731 0.754528
16.216216 -0.042940 0.313675 0.646619 0.719967
16.316316 -0.047483 0.190391 0.660327 0.688865
16.416416 -0.050840 0.062499 0.657583 0.662500
16.516517 -0.052764 -0.067014 0.636362 0.642053
16.616617 -0.053051 -0.194330 0.595444 0.628595
16.716717 -0.051587 -0.315129 0.534892 0.622958
16.816817 -0.048363 -0.425105 0.456132 0.625387
16.916917 -0.043504 -0.520653 0.361956 0.635598
17.017017 -0.037239 -0.599353 0.256098 0.652837
17.117117 -0.029859 -0.660104 0.142578 0.675987
17.217217 -0.021678 -0.703142 0.025228 0.703929
17.317317 -0.012985 -0.729566 -0.092715 0.735548
17.417417 -0.004023 -0.740861 -0.208726 0.769713
17.517518 0.005010 -0.738824 -0.320971 0.805549
17.617618 0.013964 -0.725335 -0.428219 0.842423
17.717718 0.022729 -0.702140 -0.529711 0.879835
17.817818 0.031223 -0.670697 -0.624936 0.917253
17.917918 0.039386 -0.632221 -0.713563 0.954163
18.018018 0.047176 -0.587823 -0.795447 0.990201
18.118118 0.054567 -0.538513 -0.870627 1.025166
18.218218 0.061552 -0.485252 -0.939348 1.059072
18.318318 0.068131 -0.428849 -1.001903 1.091954
18.418418 0.074305 -0.369940 -1.058500 1.123743
18.518519 0.080069 -0.309043 -1.109285 1.154310
18.618619 0.085422 -0.246611 -1.154404 1.183539
18.718719 0.090368 -0.183046 -1.194026 1.211351
18.818819 0.094911 -0.118708 -1.228335 1.237702
18.918919 0.099057 -0.053916 -1.257524 1.262571
19.019019 0.102813 0.011047 -1.281776 1.285940
19.119119 0.106186 0.075930 -1.301274 1.307806
19.219219 0.109190 0.140509 -1.316258 1.328232
19.319319 0.111832 0.204584 -1.326892 1.347221
19.419419 0.114117 0.267969 -1.333308 1.364749
19.519520 0.116053 0.330494 -1.335648 1.380816
19.619620 0.117647 0.392009 -1.334068 1.395439
19.719720 0.118910 0.452387 -1.328755 1.408681
19.819820 0.119853 0.511513 -1.319882 1.420598
19.919920 0.120486 0.569275 -1.307600 1.431226
20.020020 0.120812 0.625548 -1.291993 1.440539
20.120120 0.120838 0.680238 -1.273203 1.448576
20.220220 0.120575 0.733260 -1.251375 1.455386
20.320320 0.120025 0.784499 -1.226579 1.460939
20.420420 0.119190 0.833839 -1.198886 1.465203
20.520521 0.118075 0.881182 -1.168388 1.468180
20.620621 0.116689 0.926466 -1.135222 1.469927
20.720721 0.115038 0.969608 -1.099493 1.470462
20.820821 0.113125 1.010507 -1.061277 1.469773
20.920921 0.110955 1.049070 -1.020664 1.467860
21.021021 0.108533 1.085200 -0.977738 1.464722
21.121121 0.105860 1.118786 -0.932570 1.460334
21.221221 0.102946 1.149780 -0.885292 1.454762
21.321321 0.099801 1.178163 -0.836051 1.448105
21.421421 0.096431 1.203828 -0.784929 1.440352
21.521522 0.092834 1.226626 -0.731986 1.431444
21.621622 0.089016 1.246441 -0.677307 1.421367
21.721722 0.084979 1.263149 -0.620985 1.410103
21.821822 0.080728 1.276622 -0.563117 1.397634
21.921922 0.076268 1.286742 -0.503814 1.383962
22.022022 0.071604 1.293341 -0.443175 1.369037
22.122122 0.066739 1.296264 -0.381320 1.352834
22.222222 0.061683 1.295405 -0.318395 1.335386
22.322322 0.056446 1.290676 -0.254561 1.316750
22.422422 0.051037 1.281939 -0.189979 1.296944
22.522523 0.045461 1.268923 -0.124808 1.275856
22.622623 0.039724 1.251306 -0.059229 1.253336
22.722723 0.033836 1.228830 0.006536 1.229313
22.822823 0.027812 1.201248 0.072227 1.203739
22.922923 0.021668 1.168358 0.137554 1.176627
23.023023 0.015425 1.129913 0.202178 1.147962
23.123123 0.009105 1.085538 0.265690 1.117617
23.223223 0.002737 1.034810 0.327591 1.085428
23.323323 -0.003645 0.977360 0.387309 1.051311
23.423423 -0.009996 0.912819 0.444153 1.015190
23.523524 -0.016260 0.840867 0.497326 0.977065
23.623624 -0.022372 0.761368 0.545964 0.937154
23.723724 -0.028251 0.674158 0.588984 0.895650
23.823824 -0.033795 0.579148 0.625092 0.852816
23.923924 -0.038881 0.476453 0.652778 0.809097
24.024024 -0.043356 0.366432 0.670269 0.765123
24.124124 -0.047020 0.249730 0.675283 0.721514
24.224224 -0.049615 0.127526 0.665013 0.678945
24.324324 -0.050843 0.001992 0.636471 0.638501
24.424424 -0.050385 -0.123422 0.586893 0.601843
24.524525 -0.047949 -0.243790 0.514349 0.571216
24.624625 -0.043316 -0.352771 0.418311 0.548915
24.724725 -0.036440 -0.443288 0.300684 0.536882
24.824825 -0.027554 -0.509213 0.166509 0.536454
24.924925 -0.017151 -0.547086 0.023183 0.547845
25.025025 -0.005857 -0.556628 -0.121379 0.569739
25.125125 0.005714 -0.540429 -0.260412 0.599925
25.225225 0.017065 -0.502743 -0.389176 0.636003
25.325325 0.027855 -0.448309 -0.505064 0.675904
25.425425 0.037889 -0.381618 -0.607213 0.718175
25.525526 0.047076 -0.306368 -0.695783 0.761703
25.625626 0.055389 -0.225430 -0.771436 0.805605
25.725726 0.062831 -0.140964 -0.834964 0.849107
25.825826 0.069430 -0.054627 -0.887300 0.891687
25.925926 0.075239 0.032307 -0.929541 0.933141
26.026026 0.080298 0.118883 -0.962528 0.973161
26.126126 0.084641 0.204368 -0.986950 1.011434
26.226226 0.088314 0.288202 -1.003575 1.047866
26.326326 0.091371 0.369988 -1.013195 1.082499
26.426426 0.093859 0.449439 -1.016530 1.115409
26.526527 0.095816 0.526310 -1.014125 1.146574
26.626627 0.097274 0.600402 -1.006448 1.175960
26.726727 0.098259 0.671540 -0.993898 1.203518
26.826827 0.098797 0.739583 -0.976836 1.229208
26.926927 0.098919 0.804473 -0.955672 1.253105
27.027027 0.098650 0.866146 -0.930748 1.275238
27.127127 0.098007 0.924492 -0.902305 1.295548
27.227227 0.097008 0.979444 -0.870603 1.314029
27.327327 0.095673 1.030960 -0.835899 1.330699
27.427427 0.094020 1.079007 -0.798430 1.345581
27.527528 0.092067 1.123565 -0.758426 1.358707
27.627628 0.089829 1.164605 -0.716093 1.370096
27.727728 0.087321 1.202097 -0.671623 1.379761
27.827828 0.084560 1.236052 -0.625219 1.387758
27.927928 0.081556 1.266414 -0.577041 1.394070
28.028028 0.078314 1.293035 -0.527200 1.398575
28.128128 0.074845 1.315831 -0.475840 1.401226
28.228228 0.071160 1.334796 -0.423134 1.402065
28.328328 0.067275 1.349952 -0.369260 1.401160
28.428428 0.063203 1.361271 -0.314375 1.398529
28.528529 0.058950 1.368651 -0.258620 1.394118
28.628629 0.054527 1.371994 -0.202141 1.387877
28.728729 0.049947 1.371315 -0.145107 1.379875
28.828829 0.045226 1.366668 -0.087691 1.370225
28.928929 0.040376 1.358037 -0.030058 1.358969
29.029029 0.035408 1.345369 0.027625 1.346118
29.129129 0.030336 1.328588 0.085185 1.331662
29.229229 0.025171 1.307620 0.142436 1.315596
29.329329 0.019928 1.282412 0.199186 1.297942
29.429429 0.014622 1.252909 0.255228 1.278725
29.529530 0.009268 1.219043 0.310338 1.257960
29.629630 0.003883 1.180730 0.364274 1.235652
29.729730 -0.001513 1.137896 0.416770 1.211820
29.829830 -0.006899 1.090420 0.467518 1.186438
29.929930 -0.012250 1.038139 0.516158 1.159440
30.030030 -0.017540 0.980972 0.562317 1.130847
30.130130 -0.022738 0.918900 0.605612 1.100755
30.230230 -0.027809 0.851894 0.645595 1.069247
30.330330 -0.032711 0.779884 0.681723 1.036356
30.430430 -0.037398 0.702858 0.713396 1.002169
30.530531 -0.041808 0.620765 0.739841 0.966675
30.630631 -0.045867 0.533566 0.760106 0.929816
30.730731 -0.049494 0.441445 0.773250 0.891761
30.830831 -0.052596 0.344742 0.778227 0.852790
30.930931 -0.055064 0.243984 0.773865 0.813281
31.031031 -0.056776 0.139970 0.758901 0.773787
31.131131 -0.057597 0.033858 0.732069 0.735111
31.231231 -0.057362 -0.072758 0.691857 0.698033
31.331331 -0.055881 -0.177674 0.636655 0.663340
31.431431 -0.052967 -0.277896 0.565176 0.632025
31.531532 -0.048457 -0.369591 0.476712 0.605144
31.631632 -0.042266 -0.448315 0.371776 0.583944
31.731732 -0.034446 -0.509597 0.252558 0.569791
31.831832 -0.025202 -0.549668 0.122956 0.563815
31.931932 -0.014888 -0.566271 -0.011826 0.566591
32.032032 -0.003953 -0.559179 -0.146084 0.577960
32.132132 0.007138 -0.530041 -0.274585 0.596985
32.232232 0.017977 -0.481971 -0.393308 0.622343
32.332332 0.028256 -0.418832 -0.499776 0.652683
32.432432 0.037776 -0.344394 -0.592785 0.686606
32.532533 0.046423 -0.261988 -0.672101 0.722851
32.632633 0.054157 -0.174432 -0.738203 0.760463
32.732733 0.060978 -0.083949 -0.791858 0.798627
32.832833 0.066919 0.007730 -0.834099 0.836814
32.932933 0.072031 0.099286 -0.866008 0.874652
33.033033 0.076368 0.189749 -0.888610 0.911847
33.133133 0.079987 0.278395 -0.902866 0.948192
33.233233 0.082931 0.364661 -0.909524 0.983407
33.333333 0.085245 0.448120 -0.909277 1.017282
33.433433 0.086972 0.528460 -0.902788 1.049695
33.533534 0.088156 0.605461 -0.890667 1.080575
33.633634 0.088839 0.678989 -0.873502 1.109921
33.733734 0.089054 0.748898 -0.851746 1.137652
33.833834 0.088825 0.815037 -0.825761 1.163639
33.933934 0.088182 0.877335 -0.795937 1.187858
34.034034 0.087159 0.935811 -0.762696 1.210391
34.134134 0.085789 0.990519 -0.726433 1.231338
34.234234 0.084099 1.041498 -0.687480 1.250767
34.334334 0.082114 1.088771 -0.646126 1.268717
34.434434 0.079852 1.132327 -0.602610 1.285177
34.534535 0.077326 1.172098 -0.557123 1.300069
34.634635 0.074552 1.208049 -0.509860 1.313354
34.734735 0.071547 1.240210 -0.461039 1.325065
34.834835 0.068327 1.268593 -0.410852 1.335214
34.934935 0.064906 1.293193 -0.359478 1.343795
35.035035 0.061298 1.314002 -0.307089 1.350801
35.135135 0.057515 1.330986 -0.253845 1.356197
35.235235 0.053566 1.344058 -0.199892 1.359896
35.335335 0.049462 1.353156 -0.145385 1.361843
35.435435 0.045216 1.358299 -0.090490 1.362061
35.535536 0.040842 1.359540 -0.035371 1.360613
35.635636 0.036357 1.356964 0.019812 1.357596
35.735736 0.031774 1.350607 0.074902 1.353056
35.835836 0.027103 1.340408 0.129741 1.346945
35.935936 0.022357 1.326326 0.184167 1.339238
36.036036 0.017549 1.308363 0.238017 1.329953
36.136136 0.012691 1.286557 0.291130 1.319146
36.236236 0.007799 1.260893 0.343331 1.306824
36.336336 0.002886 1.231309 0.394424 1.292943
36.436436 -0.002033 1.197755 0.444204 1.277474
36.536537 -0.006942 1.160190 0.492455 1.260397
36.636637 -0.011823 1.118591 0.538951 1.241714
36.736737 -0.016658 1.072947 0.583454 1.221438
36.836837 -0.021426 1.023209 0.625682 1.199539
36.936937 -0.026102 0.969262 0.665287 1.175907
37.037037 -0.030658 0.911046 0.701909 1.150488
37.137137 -0.035064 0.848486 0.735126 1.123196
37.237237 -0.039283 0.781524 0.764471 1.093956
37.337337 -0.043275 0.710165 0.789446 1.062747
37.437437 -0.046993 0.634391 0.809438 1.029490
37.537538 -0.050376 0.554197 0.823703 0.994062
37.637638 -0.053357 0.469666 0.831423 0.956398
37.737738 -0.055858 0.380998 0.831695 0.916514
37.837838 -0.057783 0.288489 0.823420 0.874406
37.937938 -0.059014 0.192609 0.805297 0.830111
38.038038 -0.059408 0.094094 0.775775 0.783715
38.138138 -0.058782 -0.005925 0.732976 0.735353
38.238238 -0.056920 -0.105691 0.674814 0.685408
38.338338 -0.053569 -0.202533 0.599052 0.634628
38.438438 -0.048427 -0.292385 0.503336 0.584107
38.538539 -0.041183 -0.369251 0.385877 0.535671
38.638639 -0.031616 -0.424860 0.246802 0.492358
38.738739 -0.019749 -0.448894 0.090006 0.458254
38.838839 -0.006113 -0.431798 -0.074528 0.438225
38.938939 0.008132 -0.370228 -0.231130 0.436527
39.039039 0.021540 -0.270253 -0.363848 0.453746
39.139139 0.032990 -0.145074 -0.463252 0.486557
39.239239 0.042001 -0.008720 -0.528254 0.529993
39.339339 0.048610 0.128438 -0.562944 0.579453
39.439439 0.053104 0.260187 -0.573076 0.631612
39.539540 0.055839 0.383428 -0.564180 0.684422
39.639640 0.057142 0.496893 -0.540806 0.736640
39.739740 0.057274 0.600193 -0.506344 0.787335
39.839840 0.056449 0.693456 -0.463415 0.835955
39.939940 0.054850 0.777201 -0.414135 0.882359
40.040040 0.052628 0.852104 -0.360167 0.926591
40.140140 0.049897 0.918709 -0.302723 0.968585
40.240240 0.046743 0.977496 -0.242735 1.008267
40.340340 0.043241 1.028937 -0.180956 1.045622
40.440440 0.039451 1.073461 -0.117996 1.080647
40.540541 0.035423 1.111445 -0.054353 1.113337
40.640641 0.031201 1.143233 0.009558 1.143699
40.740741 0.026822 1.169147 0.073383 1.171755
40.840841 0.022315 1.189406 0.136817 1.197457
40.940941 0.017709 1.204173 0.199583 1.220729
41.041041 0.013028 1.213690 0.261442 1.241598
41.141141 0.008297 1.218237 0.322194 1.260151
41.241241 0.003536 1.218075 0.381665 1.276475
41.341341 -0.001234 1.213406 0.439686 1.290612
41.441441 -0.005997 1.204382 0.496091 1.302566
41.541542 -0.010736 1.191151 0.550724 1.312346
41.641642 -0.015435 1.173846 0.603434 1.319957
41.741742 -0.020079 1.152591 0.654074 1.325399
41.841842 -0.024652 1.127448 0.702465 1.328609
41.941942 -0.029138 1.098502 0.748445 1.329559
42.042042 -0.033524 1.065894 0.791887 1.328284
42.142142 -0.037793 1.029692 0.832613 1.324741
42.242242 -0.041929 0.989950 0.870430 1.318865
42.342342 -0.045913 0.946733 0.905142 1.310608
42.442442 -0.049728 0.900110 0.936547 1.299920
42.542543 -0.053355 0.850162 0.964439 1.286765
42.642643 -0.056775 0.796983 0.988608 1.271122
42.742743 -0.059968 0.740693 1.008858 1.253003
42.842843 -0.062914 0.681409 1.024964 1.232407
42.942943 -0.065589 0.619256 1.036685 1.209337
43.043043 -0.067965 0.554338 1.043695 1.183726
43.143143 -0.070007 0.486761 1.045610 1.155481
43.243243 -0.071680 0.416669 1.042019 1.124524
43.343343 -0.072936 0.344212 1.032389 1.090701
43.443443 -0.073727 0.269619 1.016204 1.053945
43.543544 -0.074009 0.193217 0.993018 1.014345
43.643644 -0.073722 0.115389 0.962214 0.971908
43.743744 -0.072786 0.036608 0.922969 0.926558
43.843844 -0.071104 -0.042480 0.874282 0.878196
43.943944 -0.068554 -0.120974 0.814945 0.826723
44.044044 -0.064987 -0.197585 0.743559 0.772103
44.144144 -0.060238 -0.270495 0.658675 0.714598
44.244244 -0.054100 -0.337026 0.558665 0.654691
44.344344 -0.046322 -0.393130 0.441793 0.593193
44.444444 -0.036641 -0.432738 0.306883 0.531773
44.544545 -0.024855 -0.446869 0.154556 0.473495
44.644645 -0.011061 -0.423694 -0.009825 0.423952
44.744745 0.003917 -0.352130 -0.172104 0.391958
44.844845 0.018271 -0.230436 -0.309044 0.385931
44.944945 0.029896 -0.073947 -0.399689 0.407570
45.045045 0.037724 0.092835 -0.439270 0.450554
45.145145 0.041975 0.251567 -0.436929 0.505920
45.245245 0.043408 0.393875 -0.405085 0.566671
45.345345 0.042761 0.517592 -0.353739 0.628380
45.445445 0.040615 0.623332 -0.289937 0.688662
45.545546 0.037395 0.712665 -0.218432 0.746326
45.645646 0.033408 0.787435 -0.142433 0.800910
45.745746 0.028875 0.849351 -0.064110 0.852256
45.845846 0.023957 0.899879 0.015061 0.900323
45.945946 0.018772 0.940340 0.094044 0.945217
46.046046 0.013408 0.971733 0.172091 0.986945
46.146146 0.007933 0.994882 0.248647 1.025514
46.246246 0.002401 1.010565 0.323305 1.061025
46.346346 -0.003144 1.019415 0.395742 1.093539
46.446446 -0.008667 1.021963 0.465696 1.123102
46.546547 -0.014138 1.018729 0.532977 1.149815
46.646647 -0.019531 1.010142 0.597419 1.173745
46.746747 -0.024824 0.996526 0.658845 1.194888
46.846847 -0.029996 0.978197 0.717112 1.213268
46.946947 -0.035031 0.955494 0.772131 1.228976
47.047047 -0.039913 0.928712 0.823808 1.242078
47.147147 -0.044624 0.898065 0.872009 1.252562
47.247247 -0.049149 0.863750 0.916598 1.260409
47.347347 -0.053473 0.825964 0.957452 1.265619
47.447447 -0.057579 0.784888 0.994438 1.268176
47.547548 -0.061452 0.740686 1.027406 1.268052
47.647648 -0.065073 0.693519 1.056197 1.265210
47.747748 -0.068422 0.643511 1.080595 1.259553
47.847848 -0.071476 0.590776 1.100341 1.250949
47.947948 -0.074210 0.535451 1.115184 1.239294
48.048048 -0.076600 0.477700 1.124886 1.224513
48.148148 -0.078625 0.417715 1.129231 1.206578
48.248248 -0.080262 0.355716 1.128021 1.185499
48.348348 -0.081491 0.291958 1.121103 1.161358
48.448448 -0.082286 0.226691 1.108225 1.134162
48.548549 -0.082616 0.160186 1.089089 1.103902
48.648649 -0.082442 0.092754 1.063336 1.070553
48.748749 -0.081713 0.024746 1.030444 1.033975
48.848849 -0.080374 -0.043396 0.989880 0.994085
48.948949 -0.078363 -0.111122 0.941054 0.950827
49.049049 -0.075603 -0.177727 0.883249 0.904119
49.149149 -0.071997 -0.242280 0.815594 0.853859
49.249249 -0.067426 -0.303504 0.737022 0.799914
49.349349 -0.061737 -0.359603 0.646274 0.742157
49.449449 -0.054750 -0.408010 0.541977 0.680594
49.549550 -0.046250 -0.444950 0.422772 0.615512
49.649650 -0.035998 -0.464709 0.287661 0.547722
49.749750 -0.023807 -0.458839 0.137273 0.479524
49.849850 -0.009741 -0.415388 -0.023424 0.416162
49.949950 0.005412 -0.320358 -0.179679 0.367346
50.050050 0.019441 -0.168484 -0.302015 0.346378
50.150150 0.029290 0.019205 -0.359550 0.361252
50.250250 0.033585 0.204664 -0.348412 0.405470
50.350350 0.033261 0.363398 -0.288859 0.465407
50.450450 0.029886 0.489784 -0.202466 0.530824
50.550551 0.024676 0.586733 -0.103420 0.596288
50.650651 0.018408 0.658946 0.000203 0.659203
50.750751 0.011562 0.710721 0.103921 0.718372
50.850851 0.004437 0.745636 0.205218 0.773374
50.950951 -0.002772 0.766525 0.302666 0.824121
51.051051 -0.009937 0.775566 0.395427 0.870612
51.151151 -0.016971 0.774495 0.483013 0.912925
51.251251 -0.023810 0.764626 0.565079 0.951070
51.351351 -0.030404 0.746996 0.641374 0.985032
51.451451 -0.036723 0.722659 0.711874 1.015061
51.551552 -0.042744 0.692545 0.776638 1.041447
51.651652 -0.048447 0.657344 0.835647 1.064309
51.751752 -0.053813 0.617631 0.888863 1.083717
51.851852 -0.058827 0.573930 0.936279 1.099761
51.951952 -0.063477 0.526731 0.977921 1.112566
52.052052 -0.067754 0.476489 1.013839 1.122276
52.152152 -0.071651 0.423624 1.044093 1.129036
52.252252 -0.075160 0.368504 1.068693 1.132938
52.352352 -0.078265 0.311453 1.087575 1.133997
52.452452 -0.080952 0.252780 1.100661 1.132212
52.552553 -0.083211 0.192812 1.107943 1.127670
52.652653 -0.085029 0.131865 1.109370 1.120411
52.752753 -0.086387 0.070244 1.104802 1.110398
52.852853 -0.087264 0.008274 1.094106 1.097612
52.952953 -0.087638 -0.053702 1.077105 1.081998
53.053053 -0.087482 -0.115315 1.053619 1.063515
53.153153 -0.086777 -0.176161 1.023524 1.042192
53.253253 -0.085490 -0.235782 0.986580 1.017960
53.353353 -0.083584 -0.293654 0.942515 0.990734
53.453453 -0.081021 -0.349172 0.891059 0.960454
53.553554 -0.077748 -0.401575 0.831805 0.926934
53.653654 -0.073700 -0.449922 0.764285 0.889940
53.753754 -0.068812 -0.493078 0.688072 0.849297
53.853854 -0.063026 -0.529733 0.602906 0.805038
53.953954 -0.056283 -0.558257 0.508611 0.757300
54.054054 -0.048504 -0.576394 0.404999 0.706121
54.154154 -0.039605 -0.581044 0.292085 0.651532
54.254254 -0.029529 -0.568192 0.170586 0.593981
54.354354 -0.018299 -0.532679 0.042582 0.534692
54.454454 -0.006096 -0.467722 -0.087301 0.475838
54.554555 0.006526 -0.365895 -0.209538 0.421697
54.654655 0.018308 -0.222929 -0.306876 0.379743
54.754755 0.027162 -0.046320 -0.355848 0.359876
54.854855 0.031089 0.138333 -0.340390 0.368738
54.954955 0.029772 0.300470 -0.267234 0.403215
55.055055 0.024556 0.424471 -0.158658 0.453818
55.155155 0.017063 0.510233 -0.034971 0.511715
55.255255 0.008468 0.564121 0.091354 0.571533
55.355355 -0.000519 0.593140 0.213880 0.630523
55.455455 -0.009498 0.602812 0.329541 0.687073
55.555556 -0.018244 0.597355 0.436990 0.740355
55.655656 -0.026627 0.579988 0.535743 0.790010
55.755756 -0.034570 0.553069 0.625663 0.835784
55.855856 -0.042033 0.518476 0.706882 0.877649
55.955956 -0.048994 0.477748 0.779699 0.915737
56.056056 -0.055447 0.432095 0.844429 0.950179
56.156156 -0.061385 0.382470 0.901328 0.981042
56.256256 -0.066799 0.329624 0.950550 1.008295
56.356356 -0.071687 0.274218 0.992294 1.031980
56.456456 -0.076047 0.216836 1.026753 1.052152
56.556557 -0.079877 0.157981 1.054066 1.068828
56.656657 -0.083181 0.098122 1.074459 1.082132
56.756757 -0.085969 0.037690 1.088192 1.092233
56.856857 -0.088240 -0.022931 1.095391 1.099178
56.956957 -0.089990 -0.083382 1.096145 1.102989
57.057057 -0.091220 -0.143314 1.090567 1.103719
57.157157 -0.091927 -0.202389 1.078749 1.101414
57.257257 -0.092108 -0.260271 1.060777 1.096117
57.357357 -0.091757 -0.316613 1.036689 1.087836
57.457457 -0.090862 -0.371039 1.006466 1.076522
57.557558 -0.089409 -0.423150 0.970078 1.062122
57.657658 -0.087383 -0.472511 0.927489 1.044576
57.757758 -0.084768 -0.518646 0.878662 1.023829
57.857858 -0.081549 -0.561037 0.823578 0.999847
57.957958 -0.077702 -0.599067 0.762175 0.972538
58.058058 -0.073201 -0.632008 0.694379 0.941783
58.158158 -0.068023 -0.659048 0.620175 0.907518
58.258258 -0.062144 -0.679238 0.539604 0.869712
58.358358 -0.055536 -0.691377 0.452720 0.828277
58.458458 -0.048169 -0.693989 0.359687 0.783145
58.558559 -0.040018 -0.685183 0.260838 0.734244
58.658659 -0.031067 -0.662520 0.156837 0.681539
58.758759 -0.021332 -0.622856 0.048973 0.625142
58.858859 -0.010896 -0.562193 -0.060314 0.565524
58.958959 0.000014 -0.475519 -0.166439 0.503806
59.059059 0.010870 -0.357196 -0.260812 0.442414
59.159159 0.020554 -0.203866 -0.328294 0.386990
59.259259 0.027065 -0.021628 -0.346002 0.347732
59.359359 0.028029 0.163533 -0.293313 0.336989
59.459459 0.022792 0.312848 -0.175618 0.359493
59.559560 0.013275 0.405374 -0.024259 0.406316
59.659660 0.001941 0.445717 0.131563 0.464732
59.759760 -0.009622 0.447444 0.276762 0.526209
59.859860 -0.020646 0.422461 0.405881 0.586208
59.959960 -0.030802 0.379282 0.517776 0.642570
60.060060 -0.039973 0.323827 0.613075 0.694495
60.160160 -0.048148 0.260237 0.693062 0.741874
60.260260 -0.055351 0.191384 0.759065 0.784775
60.360360 -0.061622 0.119314 0.812275 0.823301
60.460460 -0.066994 0.045526 0.853649 0.857483
60.560561 -0.071504 -0.028825 0.884050 0.887405
60.660661 -0.075192 -0.102817 0.904307 0.913235
60.760761 -0.078091 -0.175698 0.915071 0.935053
60.860861 -0.080227 -0.246830 0.916906 0.952931
60.960961 -0.081622 -0.315650 0.910288 0.966913
61.061061 -0.082288 -0.381616 0.895553 0.976942
61.161161 -0.082242 -0.444247 0.873084 0.983054
61.261261 -0.081504 -0.503099 0.843273 0.985323
61.361361 -0.080075 -0.557653 0.806338 0.983651
61.461461 -0.077957 -0.607358 0.762463 0.977911
61.561562 -0.075148 -0.651647 0.711859 0.968005
61.661662 -0.071653 -0.689941 0.654769 0.953874
61.761762 -0.067483 -0.721685 0.591523 0.935565
61.861862 -0.062642 -0.746196 0.522412 0.913042
61.961962 -0.057131 -0.762683 0.447744 0.886241
62.062062 -0.050961 -0.770294 0.367930 0.855173
62.162162 -0.044134 -0.767888 0.283402 0.819705
62.262262 -0.036652 -0.753976 0.194706 0.779572
62.362362 -0.028532 -0.726787 0.102673 0.734558
62.462462 -0.019815 -0.684164 0.008571 0.684504
62.562563 -0.010586 -0.623473 -0.085611 0.629412
62.662663 -0.001014 -0.541500 -0.176650 0.569586
62.762763 0.008576 -0.434421 -0.259126 0.505907
62.862863 0.017539 -0.298562 -0.323712 0.440723
62.962963 0.024620 -0.133064 -0.354386 0.379344
63.063063 0.027633 0.051835 -0.327421 0.332648
63.163163 0.024140 0.222362 -0.224120 0.316635
63.263263 0.014168 0.333454 -0.060583 0.339208
63.363363 0.000904 0.371380 0.118543 0.389842
63.463463 -0.012642 0.353951 0.281840 0.452631
63.563564 -0.025071 0.302556 0.419291 0.517661
63.663664 -0.035972 0.231988 0.530930 0.580517
63.763764 -0.045326 0.151168 0.619643 0.639424
63.863864 -0.053231 0.065411 0.688511 0.693657
63.963964 -0.059821 -0.022012 0.740341 0.743080
64.064064 -0.065227 -0.109010 0.777526 0.787835
64.164164 -0.069558 -0.194204 0.801902 0.828010
64.264264 -0.072907 -0.276638 0.814957 0.863712
64.364364 -0.075347 -0.355600 0.817862 0.895001
64.464464 -0.076942 -0.430547 0.811602 0.921948
64.564565 -0.077750 -0.501059 0.797047 0.944663
64.664665 -0.077815 -0.566749 0.774887 0.963177
64.764765 -0.077177 -0.627292 0.745745 0.977541
64.864865 -0.075887 -0.682499 0.710310 0.987980
64.964965 -0.073982 -0.732142 0.669137 0.994610
65.065065 -0.071489 -0.775921 0.622656 0.997429
65.165165 -0.068436 -0.813577 0.571307 0.996485
65.265265 -0.064834 -0.844661 0.515398 0.991610
65.365365 -0.060694 -0.868691 0.455230 0.982620
65.465465 -0.056034 -0.885222 0.391181 0.969423
65.565566 -0.050872 -0.893756 0.323645 0.951911
65.665666 -0.045231 -0.893809 0.253086 0.930050
65.765766 -0.039132 -0.884726 0.179992 0.903697
65.865866 -0.032598 -0.865722 0.104935 0.872667
65.965966 -0.025660 -0.835845 0.028621 0.836728
66.066066 -0.018361 -0.794041 -0.048035 0.795704
66.166166 -0.010763 -0.739032 -0.123809 0.749408
66.266266 -0.002957 -0.669197 -0.196996 0.697596
66.366366 0.004910 -0.582599 -0.265100 0.640097
66.466466 0.012599 -0.476978 -0.324320 0.576931
66.566567 0.019690 -0.349997 -0.368596 0.508673
66.666667 0.025421 -0.200171 -0.387867 0.437214
66.766767 0.028379 -0.030378 -0.365485 0.367842
66.866867 0.026204 0.142039 -0.278006 0.313287
66.966967 0.016723 0.271591 -0.114156 0.295081
67.067067 0.001700 0.311957 0.087809 0.324085
67.167167 -0.014043 0.271784 0.270633 0.383805
67.267267 -0.027759 0.187460 0.412658 0.454091
67.367367 -0.038925 0.084610 0.516333 0.524665
67.467467 -0.047775 -0.023753 0.589111 0.591522
67.567568 -0.054659 -0.131330 0.637570 0.653246
67.667668 -0.059894 -0.235038 0.666778 0.709523
67.767768 -0.063755 -0.333388 0.680671 0.760608
67.867868 -0.066453 -0.425661 0.682141 0.806796
67.967968 -0.068149 -0.511512 0.673336 0.848333
68.068068 -0.068971 -0.590779 0.655896 0.885425
68.168168 -0.069020 -0.663402 0.631116 0.918245
68.268268 -0.068384 -0.729420 0.600088 0.947014
68.368368 -0.067143 -0.788940 0.563751 0.971983
68.468468 -0.065353 -0.841978 0.522824 0.993249
68.568569 -0.063062 -0.888532 0.477907 1.010871
68.668669 -0.060322 -0.928707 0.429596 1.025031
68.768769 -0.057176 -0.962587 0.378410 1.035875
68.868869 -0.053666 -0.990293 0.324832 1.043588
68.968969 -0.049826 -1.011854 0.269276 1.048256
69.069069 -0.045681 -1.027145 0.212089 1.049807
69.169169 -0.041256 -1.036104 0.153631 1.048244
69.269269 -0.036583 -1.038749 0.094272 1.043660
69.369369 -0.031688 -1.035009 0.034372 1.036065
69.469469 -0.026597 -1.024744 -0.025707 1.025411
69.569570 -0.021335 -1.007792 -0.085578 1.011644
69.669670 -0.015930 -0.983952 -0.144825 0.994681
69.769770 -0.010414 -0.953022 -0.202986 0.974455
69.869870 -0.004821 -0.914671 -0.259519 0.950787
69.969970 0.000809 -0.868616 -0.313821 0.923569
70.070070 0.006428 -0.814636 -0.365208 0.892776
70.170170 0.011976 -0.752361 -0.412816 0.858258
70.270270 0.017380 -0.681319 -0.455543 0.819767
70.370370 0.022541 -0.601060 -0.492026 0.777092
70.470470 0.027331 -0.511113 -0.520466 0.729979
70.570571 0.031561 -0.410945 -0.538337 0.677996
70.670671 0.034972 -0.300364 -0.542330 0.620938
70.770771 0.037186 -0.179819 -0.527867 0.558893
70.870871 0.037625 -0.051136 -0.488372 0.492482
70.970971 0.035409 0.080432 -0.414659 0.423869
71.071071 0.029210 0.201545 -0.294787 0.358292
71.171171 0.017621 0.282743 -0.121487 0.308242
71.271271 0.001186 0.281825 0.083706 0.293996
71.371371 -0.015702 0.188897 0.262398 0.323700
71.471471 -0.028893 0.046097 0.377411 0.381312
71.571572 -0.037705 -0.105929 0.434453 0.448767
71.671672 -0.042993 -0.248962 0.450565 0.516565
71.771772 -0.045663 -0.377249 0.439103 0.580700
71.871872 -0.046412 -0.489871 0.409093 0.639910
71.971972 -0.045727 -0.587448 0.366408 0.693860
72.072072 -0.043944 -0.670967 0.314912 0.742494
72.172172 -0.041307 -0.741445 0.257291 0.785905
72.272272 -0.037994 -0.799784 0.195465 0.824199
72.372372 -0.034142 -0.846749 0.130882 0.857485
72.472472 -0.029860 -0.882985 0.064664 0.885853
72.572573 -0.025240 -0.909168 -0.002264 0.909521
72.672673 -0.020358 -0.925834 -0.069137 0.928635
72.772773 -0.015278 -0.933341 -0.135293 0.943220
72.872873 -0.010055 -0.932010 -0.200133 0.953309
72.972973 -0.004744 -0.922170 -0.263111 0.958983
73.073073 0.000607 -0.904129 -0.323712 0.960333
73.173173 0.005950 -0.878181 -0.381444 0.957463
73.273273 0.011237 -0.844592 -0.435815 0.950472
73.373373 0.016421 -0.803558 -0.486300 0.939395
73.473473 0.021454 -0.755271 -0.532348 0.924278
73.573574 0.026280 -0.699872 -0.573329 0.905107
73.673674 0.030836 -0.637407 -0.608459 0.881737
73.773774 0.035048 -0.567944 -0.636840 0.854022
73.873874 0.038827 -0.491584 -0.657400 0.821789
73.973974 0.042066 -0.408489 -0.668849 0.784852
74.074074 0.044632 -0.318970 -0.669637 0.743066
74.174174 0.046349 -0.223506 -0.657724 0.696207
74.274274 0.046987 -0.122982 -0.630557 0.644154
74.374374 0.046235 -0.019009 -0.584802 0.586934
74.474474 0.043638 0.085439 -0.515800 0.524646
74.574575 0.038553 0.184554 -0.417559 0.458151
74.674675 0.030135 0.266821 -0.283538 0.390507
74.774775 0.017521 0.309861 -0.110756 0.329526
74.874875 0.001025 0.279016 0.084742 0.291603
74.974975 -0.015621 0.155990 0.249871 0.294979
75.075075 -0.027342 -0.019919 0.334933 0.336637
75.175175 -0.032947 -0.194415 0.344018 0.396524
75.275275 -0.033928 -0.343252 0.304246 0.459933
75.375375 -0.031880 -0.462269 0.237015 0.520466
75.475475 -0.027899 -0.553745 0.155259 0.575775
75.575576 -0.022697 -0.621253 0.066605 0.625226
75.675676 -0.016732 -0.668045 -0.024347 0.668698
75.775776 -0.010314 -0.696839 -0.114675 0.706287
75.875876 -0.003663 -0.710001 -0.202439 0.738307
75.975976 0.003057 -0.709511 -0.286303 0.765104
76.076076 0.009724 -0.696905 -0.365255 0.786881
76.176176 0.016236 -0.673441 -0.438488 0.803777
76.276276 0.022511 -0.640238 -0.505345 0.815956
76.376376 0.028476 -0.598304 -0.565268 0.823593
76.476476 0.034062 -0.548514 -0.617718 0.826803
76.576577 0.039205 -0.491659 -0.662153 0.825658
76.676677 0.043842 -0.428524 -0.698064 0.820274
76.776777 0.047900 -0.359796 -0.724770 0.810580
76.876877 0.051298 -0.286181 -0.741526 0.796487
76.976977 0.053952 -0.208480 -0.747541 0.777941
77.077077 0.055763 -0.127589 -0.741907 0.754860
77.177177 0.056624 -0.044595 -0.723657 0.727238
77.277277 0.056395 0.039174 -0.691500 0.694900
77.377377 0.054903 0.121971 -0.643900 0.657646
77.477477 0.051941 0.201378 -0.579095 0.615307
77.577578 0.047237 0.273855 -0.494927 0.567610
77.677678 0.040463 0.334070 -0.389168 0.514482
77.777778 0.031273 0.373879 -0.260333 0.456658
77.877878 0.019376 0.380309 -0.109324 0.396185
77.977978 0.004938 0.334067 0.055060 0.338610
78.078078 -0.010331 0.214988 0.204353 0.296795
78.178178 -0.022084 0.029252 0.286381 0.288717
78.278278 -0.026307 -0.167901 0.270260 0.319255
78.378378 -0.023707 -0.324736 0.182906 0.373457
78.478478 -0.017149 -0.429868 0.064146 0.434966
78.578579 -0.008757 -0.491010 -0.062172 0.495008
78.678679 0.000273 -0.518442 -0.184677 0.550352
78.778779 0.009307 -0.520380 -0.298331 0.599903
78.878879 0.018006 -0.502962 -0.401011 0.643509
78.978979 0.026178 -0.470711 -0.491926 0.681356
79.079079 0.033705 -0.426854 -0.570719 0.713484
79.179179 0.040512 -0.373873 -0.637310 0.739991
79.279279 0.046553 -0.313846 -0.691858 0.761140
79.379379 0.051787 -0.248416 -0.734430 0.777032
79.479479 0.056170 -0.178948 -0.764958 0.787616
79.579580 0.059668 -0.106696 -0.783439 0.792920
79.679680 0.062251 -0.032847 -0.789907 0.793037
79.779780 0.063881 0.041462 -0.784313 0.788002
79.879880 0.064503 0.115063 -0.766353 0.777623
79.979980 0.064046 0.186690 -0.735601 0.761620
80.080080 0.062443 0.254916 -0.691699 0.739817
80.180180 0.059598 0.318001 -0.634067 0.711841
80.280280 0.055401 0.373789 -0.562082 0.677291
80.380380 0.049737 0.419568 -0.475249 0.635903
80.480480 0.042464 0.451609 -0.373102 0.587332
80.580581 0.033426 0.464607 -0.255540 0.531298
80.680681 0.022493 0.450708 -0.123682 0.467911
80.780781 0.009685 0.397773 0.017968 0.398297
80.880881 -0.004338 0.288082 0.154975 0.327151
80.980981 -0.016820 0.106067 0.247410 0.269713
81.081081 -0.021479 -0.116957 0.227694 0.256875
81.181181 -0.015313 -0.284096 0.092155 0.299062
81.281281 -0.003581 -0.357746 -0.080305 0.366666
81.381381 0.009063 -0.363705 -0.240499 0.436123
81.481481 0.020799 -0.328735 -0.375019 0.499138
81.581582 0.031067 -0.269663 -0.482771 0.553851
81.681682 0.039742 -0.196442 -0.565640 0.600098
81.781782 0.046824 -0.115243 -0.625811 0.638054
81.881882 0.052341 -0.030156 -0.665048 0.667786
81.981982 0.056335 0.055817 -0.684938 0.689514
82.082082 0.058839 0.140293 -0.686714 0.703364
82.182182 0.059878 0.221253 -0.671401 0.709449
82.282282 0.059475 0.296843 -0.639927 0.707926
82.382382 0.057632 0.365203 -0.592982 0.698800
82.482482 0.054347 0.424365 -0.531221 0.682082
82.582583 0.049606 0.472073 -0.455249 0.657697
82.682683 0.043380 0.505549 -0.365698 0.625457
82.782783 0.035630 0.521077 -0.263353 0.584932
82.882883 0.026330 0.513641 -0.149655 0.535647
82.982983 0.015538 0.476496 -0.027692 0.477553
83.083083 0.003534 0.400433 0.095820 0.411753
83.183183 -0.008786 0.273589 0.205521 0.342296
83.283283 -0.018820 0.087983 0.266106 0.280905
83.383383 -0.021066 -0.125831 0.219424 0.253819
83.483483 -0.012420 -0.274575 0.059303 0.281181
83.583584 0.001609 -0.316268 -0.130704 0.342216
83.683684 0.015592 -0.284876 -0.294578 0.410090
83.783784 0.027641 -0.214962 -0.420801 0.473335
83.883884 0.037403 -0.126405 -0.511911 0.528612
83.983984 0.044951 -0.030056 -0.572612 0.575159
84.084084 0.050448 0.067795 -0.607129 0.612982
84.184184 0.054049 0.163147 -0.618822 0.642245
84.284284 0.055885 0.253181 -0.610296 0.663088
84.384384 0.056081 0.335784 -0.583868 0.675869
84.484484 0.054737 0.409136 -0.541418 0.680824
84.584585 0.051929 0.471504 -0.484493 0.678046
84.684685 0.047720 0.521099 -0.414529 0.667574
84.784785 0.042168 0.555950 -0.332920 0.649380
84.884885 0.035332 0.573742 -0.241207 0.623385
84.984985 0.027276 0.571565 -0.141233 0.589387
85.085085 0.018108 0.545757 -0.035611 0.547217
85.185185 0.008019 0.491488 0.071573 0.496736
85.285285 -0.002592 0.402701 0.173209 0.438379
85.385385 -0.012847 0.272807 0.256033 0.374355
85.485485 -0.020780 0.099098 0.294495 0.311415
85.585586 -0.022490 -0.098373 0.246841 0.266671
85.685686 -0.014302 -0.248499 0.091957 0.265353
85.785786 0.000521 -0.289007 -0.107565 0.308375
85.885886 0.015603 -0.242346 -0.279841 0.370521
85.985986 0.028171 -0.152179 -0.405473 0.434005
86.086086 0.037801 -0.044954 -0.488402 0.491921
86.186186 0.044739 0.065940 -0.536390 0.542276
86.286286 0.049354 0.173611 -0.556450 0.584990
86.386386 0.051960 0.274303 -0.553837 0.620224
86.486486 0.052806 0.365734 -0.532444 0.648110
86.586587 0.052095 0.446395 -0.495359 0.668852
86.686687 0.049998 0.515159 -0.445093 0.682639
86.786787 0.046651 0.571008 -0.383707 0.689534
86.886887 0.042175 0.612997 -0.313050 0.689597
86.986987 0.036690 0.640280 -0.234932 0.683007
87.087087 0.030311 0.651861 -0.151116 0.669834
87.187187 0.023151 0.646524 -0.063449 0.650042
87.287287 0.015342 0.622845 0.025927 0.623573
87.387387 0.007045 0.578977 0.114338 0.590201
87.487487 -0.001510 0.512776 0.198166 0.549737
87.587588 -0.009971 0.422072 0.272258 0.502363
87.687688 -0.017760 0.304729 0.328633 0.448526
87.787788 -0.023871 0.160232 0.354520 0.389780
87.887888 -0.026536 -0.005187 0.330008 0.331114
87.987988 -0.023054 -0.166079 0.230209 0.284798
88.088088 -0.011590 -0.265643 0.052050 0.270942
88.188188 0.004591 -0.258967 -0.147953 0.298287
88.288288 0.019698 -0.170735 -0.306010 0.350971
88.388388 0.031225 -0.047755 -0.407155 0.411134
88.488488 0.039150 0.081965 -0.460902 0.469768
88.588589 0.044075 0.205928 -0.479147 0.523384
88.688689 0.046606 0.318942 -0.471276 0.570961
88.788789 0.047218 0.418943 -0.443961 0.612245
88.888889 0.046280 0.505259 -0.402060 0.647364
88.988989 0.044075 0.577754 -0.349140 0.676492
89.089089 0.040826 0.636565 -0.287949 0.699855
89.189189 0.036720 0.681992 -0.220719 0.717759
89.289289 0.031902 0.714151 -0.149225 0.730273
89.389389 0.026497 0.733132 -0.075007 0.737435
89.489489 0.020626 0.739113 0.000506 0.739401
89.589590 0.014397 0.732185 0.075969 0.736256
89.689690 0.007921 0.712481 0.150066 0.728156
89.789790 0.001307 0.680043 0.221426 0.715185
89.889890 -0.005327 0.634745 0.288539 0.697270
89.989990 -0.011842 0.576243 0.349563 0.674085
90.090090 -0.018072 0.504182 0.402264 0.645246
90.190190 -0.023803 0.418526 0.443984 0.610617
90.290290 -0.028754 0.319448 0.471254 0.570048
90.390390 -0.032527 0.207618 0.479329 0.523373
90.490490 -0.034541 0.085009 0.461647 0.470678
90.590591 -0.033935 -0.043373 0.409183 0.412873
90.690691 -0.029432 -0.165544 0.310159 0.352803
90.790791 -0.019447 -0.254274 0.154278 0.298052
90.890891 -0.003691 -0.262029 -0.045460 0.265969
90.990991 0.013456 -0.159295 -0.223960 0.275162
91.091091 0.025658 0.008200 -0.317983 0.319121
91.191191 0.031402 0.177301 -0.330684 0.376528
91.291291 0.032250 0.320525 -0.291205 0.434254
91.391391 0.029860 0.432437 -0.222189 0.487095
91.491491 0.025371 0.514434 -0.137388 0.533068
91.591592 0.019542 0.569570 -0.045221 0.571696
91.691692 0.012897 0.601145 0.048913 0.603270
91.791792 0.005803 0.611889 0.141380 0.628037
91.891892 -0.001468 0.604094 0.229577 0.646249
91.991992 -0.008698 0.579770 0.311476 0.658199
92.092092 -0.015699 0.540427 0.385271 0.663884
92.192192 -0.022301 0.487449 0.449299 0.663305
92.292292 -0.028333 0.422143 0.501894 0.656433
92.392392 -0.033612 0.345733 0.541184 0.643072
92.492492 -0.037940 0.259654 0.565207 0.623152
92.592593 -0.041087 0.165632 0.571694 0.596620
92.692693 -0.042754 0.065804 0.557630 0.563124
92.792793 -0.042553 -0.036686 0.519281 0.522312
92.892893 -0.039988 -0.136828 0.452198 0.474135
92.992993 -0.034397 -0.226066 0.351087 0.418988
93.093093 -0.024970 -0.288961 0.211206 0.358790
93.193193 -0.011119 -0.297700 0.034956 0.299952
93.293293 0.005804 -0.212770 -0.146973 0.258662
93.393393 0.019641 -0.029735 -0.256005 0.258473
93.493493 0.024309 0.171342 -0.244071 0.299199
93.593594 0.021111 0.321880 -0.151441 0.356352
93.693694 0.013721 0.411797 -0.027591 0.412948
93.793794 0.004578 0.451713 0.100696 0.462823
93.893894 -0.004993 0.453296 0.220921 0.504290
93.993994 -0.014257 0.425375 0.327004 0.536730
94.094094 -0.022764 0.374566 0.415614 0.559958
94.194194 -0.030207 0.306183 0.484783 0.574173
94.294294 -0.036346 0.224597 0.533024 0.579551
94.394394 -0.040955 0.133615 0.558849 0.576058
94.494494 -0.043798 0.036962 0.560602 0.563524
94.594595 -0.044620 -0.061281 0.536531 0.541859
94.694695 -0.043119 -0.156152 0.484594 0.510954
94.794795 -0.038915 -0.240951 0.402371 0.470611
94.894895 -0.031565 -0.305762 0.287802 0.421090
94.994995 -0.020633 -0.334740 0.140974 0.363800
95.095095 -0.006130 -0.302384 -0.029069 0.303839
95.195195 0.009825 -0.177276 -0.184846 0.256303
95.295295 0.020477 0.030981 -0.245230 0.248026
95.395395 0.020137 0.225857 -0.172835 0.285112
95.495495 0.012008 0.340382 -0.031148 0.342015
95.595596 0.001004 0.380288 0.120409 0.398896
95.695696 -0.010245 0.367034 0.256445 0.447865
95.795796 -0.020530 0.317399 0.367701 0.486176
95.895896 -0.029249 0.243097 0.450751 0.512960
95.995996 -0.036060 0.152793 0.504337 0.528206
96.096096 -0.040713 0.053342 0.527751 0.532000
96.196196 -0.042999 -0.049164 0.520504 0.524586
96.296296 -0.042708 -0.148604 0.482085 0.506274
96.396396 -0.039559 -0.237884 0.411501 0.476956
96.496496 -0.033257 -0.307845 0.308238 0.436904
96.596597 -0.023535 -0.345358 0.173544 0.387226
96.696697 -0.010355 -0.330000 0.014110 0.330464
96.796797 0.005070 -0.233477 -0.145030 0.274902
96.896897 0.017782 -0.043081 -0.237421 0.241952
96.996997 0.019931 0.169911 -0.189818 0.255534
97.097097 0.011664 0.300993 -0.040618 0.303945
97.197197 -0.000686 0.337561 0.126604 0.360523
97.297297 -0.013096 0.309497 0.271971 0.412223
97.397397 -0.023946 0.242204 0.384125 0.454740
97.497497 -0.032622 0.152298 0.461179 0.486770
97.597598 -0.038873 0.050852 0.503879 0.507928
97.697698 -0.042578 -0.053983 0.513549 0.518131
97.797798 -0.043651 -0.155464 0.491490 0.517336
97.897898 -0.041991 -0.247106 0.438691 0.505247
97.997998 -0.037474 -0.321750 0.356106 0.481392
98.098098 -0.029988 -0.370541 0.245429 0.445461
98.198198 -0.019487 -0.381303 0.110366 0.397432
98.298298 -0.006261 -0.336332 -0.039298 0.338678
98.398398 0.008141 -0.211967 -0.175910 0.275573
98.498498 0.018290 -0.001567 -0.229261 0.229995
98.598599 0.015482 0.202867 -0.122668 0.237575
98.698699 0.002153 0.281015 0.071337 0.289936
98.798799 -0.012616 0.250102 0.245202 0.350477
98.898899 -0.024821 0.162201 0.367094 0.402098
98.998999 -0.033490 0.049771 0.436177 0.440283
99.099099 -0.038497 -0.068546 0.457432 0.464138
99.199199 -0.039896 -0.180568 0.435752 0.473367
99.299299 -0.037764 -0.276582 0.375520 0.467909
99.399399 -0.032176 -0.347084 0.280990 0.447725
99.499499 -0.023222 -0.380765 0.157253 0.412614
99.599600 -0.011173 -0.362234 0.013069 0.362642
99.699700 0.002942 -0.270130 -0.131231 0.300334
99.799800 0.015417 -0.085347 -0.222629 0.238926
99.899900 0.017053 0.142806 -0.163314 0.217614
100.000000 0.004547 0.257401 0.033141 0.259565
