0.000000 -0.358572 0.600168 -0.448673 0.830713
0.100100 -0.425181 0.538826 -0.464064 0.828533
0.200200 -0.486148 0.470419 -0.473332 0.825637
0.300300 -0.540604 0.395788 -0.476290 0.822042
0.400400 -0.587719 0.315850 -0.472806 0.817753
0.500501 -0.626754 0.231632 -0.462848 0.812836
0.600601 -0.657028 0.144236 -0.446443 0.807342
0.700701 -0.677838 0.054825 -0.423631 0.801207
0.800801 -0.688587 -0.035345 -0.394553 0.794401
0.900901 -0.688867 -0.124921 -0.359499 0.787009
1.001001 -0.678346 -0.212481 -0.318831 0.779073
1.101101 -0.656847 -0.296544 -0.273026 0.770668
1.201201 -0.624417 -0.375614 -0.222700 0.761956
1.301301 -0.581235 -0.448151 -0.168566 0.753052
1.401401 -0.527585 -0.512541 -0.111425 0.743949
1.501502 -0.464016 -0.567219 -0.052219 0.734694
1.601602 -0.391331 -0.610657 0.007975 0.725331
1.701702 -0.310611 -0.641454 0.067965 0.715934
1.801802 -0.223339 -0.658598 0.126473 0.706843
1.901902 -0.131266 -0.661418 0.182197 0.698498
2.002002 -0.036318 -0.649434 0.233806 0.691194
2.102102 0.059410 -0.622348 0.279939 0.684990
2.202202 0.153631 -0.580192 0.319253 0.679814
2.302302 0.243939 -0.523517 0.350538 0.675613
2.402402 0.327958 -0.453488 0.372841 0.672472
2.502503 0.403437 -0.371759 0.385478 0.670492
2.602603 0.468373 -0.280393 0.388072 0.669771
2.702703 0.520977 -0.181723 0.380480 0.670228
2.802803 0.559862 -0.078322 0.362890 0.671766
2.902903 0.584285 0.027056 0.335943 0.674521
3.003003 0.593968 0.131707 0.300540 0.678578
3.103103 0.588986 0.233060 0.257734 0.683848
3.203203 0.569698 0.328703 0.208688 0.690037
3.303303 0.536976 0.416557 0.154735 0.696998
3.403403 0.492097 0.494935 0.097297 0.704689
3.503504 0.436469 0.562452 0.037753 0.712940
3.603604 0.371605 0.618006 -0.022565 0.721478
3.703704 0.299104 0.660787 -0.082392 0.729994
3.803804 0.220631 0.690282 -0.140537 0.738186
3.903904 0.137858 0.706192 -0.195891 0.745711
4.004004 0.052469 0.708485 -0.247444 0.752285
4.104104 -0.033871 0.697395 -0.294297 0.757706
4.204204 -0.119555 0.673547 -0.335746 0.762026
4.304304 -0.203080 0.637782 -0.371229 0.765388
4.404404 -0.283053 0.591001 -0.400272 0.767867
4.504505 -0.358205 0.534260 -0.422541 0.769601
4.604605 -0.427365 0.468670 -0.437775 0.770675
4.704705 -0.489467 0.395413 -0.445809 0.771152
4.804805 -0.543490 0.315701 -0.446512 0.770988
4.904905 -0.588459 0.230794 -0.439802 0.770049
5.005005 -0.623592 0.142085 -0.425763 0.768329
5.105105 -0.648260 0.051048 -0.404601 0.765865
5.205205 -0.661926 -0.040801 -0.376594 0.762649
5.305305 -0.664197 -0.131894 -0.342125 0.758685
5.405405 -0.654876 -0.220631 -0.301705 0.754034
5.505506 -0.633863 -0.305370 -0.255923 0.748686
5.605606 -0.601237 -0.384456 -0.205474 0.742638
5.705706 -0.557408 -0.456321 -0.151220 0.736070
5.805806 -0.503006 -0.519463 -0.094124 0.729189
5.905906 -0.438745 -0.572341 -0.035214 0.722019
6.006006 -0.365527 -0.613445 0.024377 0.714506
6.106106 -0.284532 -0.641379 0.083405 0.706599
6.206206 -0.197225 -0.654942 0.140525 0.698279
6.306306 -0.105424 -0.653396 0.194372 0.689798
6.406406 -0.011168 -0.636203 0.243522 0.681309
6.506507 0.083304 -0.603043 0.286522 0.672826
6.606607 0.175521 -0.554095 0.321977 0.664453
6.706707 0.262895 -0.490077 0.348633 0.656380
6.806807 0.342779 -0.412262 0.365423 0.648838
6.906907 0.412553 -0.322407 0.371481 0.641985
7.007007 0.469734 -0.222813 0.366240 0.635946
7.107107 0.512237 -0.116330 0.349584 0.630974
7.207207 0.538468 -0.006224 0.321851 0.627355
7.307307 0.547326 0.104018 0.283760 0.625224
7.407407 0.538380 0.210818 0.236462 0.624669
7.507508 0.511928 0.310710 0.181495 0.625741
7.607608 0.469015 0.400560 0.120712 0.628486
7.707708 0.411241 0.477663 0.056126 0.632796
7.807808 0.340773 0.539975 -0.010174 0.638594
7.907908 0.260129 0.586096 -0.076144 0.645735
8.008008 0.171975 0.615223 -0.139886 0.653944
8.108108 0.079066 0.627225 -0.199716 0.662985
8.208208 -0.015909 0.622653 -0.254255 0.672752
8.308308 -0.110457 0.602553 -0.302435 0.683182
8.408408 -0.202324 0.568039 -0.343358 0.693900
8.508509 -0.289508 0.520477 -0.376372 0.704533
8.608609 -0.370357 0.461592 -0.401177 0.714964
8.708709 -0.443494 0.393159 -0.417653 0.725049
8.808809 -0.507750 0.316909 -0.425787 0.734531
8.908909 -0.562272 0.234628 -0.425777 0.743294
9.009009 -0.606417 0.148065 -0.417927 0.751217
9.109109 -0.639711 0.058897 -0.402616 0.758155
9.209209 -0.661799 -0.031255 -0.380272 0.763912
9.309309 -0.672464 -0.120824 -0.351381 0.768294
9.409409 -0.671832 -0.208323 -0.316602 0.771358
9.509510 -0.660099 -0.292332 -0.276612 0.773113
9.609610 -0.637560 -0.371510 -0.232110 0.773549
9.709710 -0.604655 -0.444595 -0.183856 0.772706
9.809810 -0.561928 -0.510406 -0.132635 0.770629
9.909910 -0.510001 -0.567797 -0.079268 0.767319
10.010010 -0.449510 -0.615580 -0.024599 0.762629
10.110110 -0.381320 -0.652745 0.030462 0.756577
10.210210 -0.306513 -0.678489 0.084957 0.749343
10.310310 -0.226242 -0.692012 0.137889 0.740999
10.410410 -0.141823 -0.692686 0.188229 0.731681
10.510511 -0.054731 -0.680011 0.234906 0.721520
10.610611 0.033407 -0.653630 0.276814 0.710616
10.710711 0.120766 -0.613367 0.312802 0.699034
10.810811 0.205346 -0.559330 0.341726 0.686873
10.910911 0.284955 -0.491985 0.362469 0.674265
11.011011 0.357222 -0.412129 0.373938 0.661277
11.111111 0.419758 -0.321170 0.375268 0.648208
11.211211 0.470092 -0.221000 0.365740 0.635290
11.311311 0.505818 -0.114065 0.344886 0.622743
11.411411 0.524808 -0.003458 0.312661 0.610895
11.511512 0.525390 0.107181 0.269505 0.600130
11.611612 0.506638 0.213788 0.216465 0.590969
11.711712 0.468318 0.312042 0.155103 0.583737
11.811812 0.411055 0.397576 0.087505 0.578524
11.911912 0.336555 0.466336 0.016278 0.575329
12.012012 0.247713 0.515138 -0.055609 0.574301
12.112112 0.148278 0.541775 -0.125064 0.575454
12.212212 0.042539 0.545246 -0.189150 0.578689
12.312312 -0.064942 0.525896 -0.245297 0.583913
12.412412 -0.169741 0.485083 -0.291413 0.590795
12.512513 -0.267779 0.425058 -0.325966 0.598861
12.612613 -0.355508 0.348730 -0.347993 0.607534
12.712713 -0.430104 0.259556 -0.357179 0.616389
12.812813 -0.489430 0.161209 -0.353702 0.625008
12.912913 -0.532041 0.057388 -0.338156 0.633017
13.013013 -0.557328 -0.048277 -0.311610 0.640348
13.113113 -0.565182 -0.152393 -0.275331 0.646886
13.213213 -0.555769 -0.251810 -0.230659 0.652297
13.313313 -0.529721 -0.343647 -0.179098 0.656334
13.413413 -0.488156 -0.425372 -0.122310 0.658936
13.513514 -0.432521 -0.494782 -0.062018 0.660099
13.613614 -0.364432 -0.549867 0.000029 0.659670
13.713714 -0.285782 -0.588933 0.062042 0.657543
13.813814 -0.198749 -0.610591 0.122184 0.653645
13.913914 -0.105813 -0.613965 0.178637 0.648120
14.014014 -0.009740 -0.598805 0.229664 0.641411
14.114114 0.086568 -0.565120 0.273547 0.633784
14.214214 0.180042 -0.513385 0.308652 0.625496
14.314314 0.267482 -0.444679 0.333505 0.616857
14.414414 0.345561 -0.360588 0.346755 0.608009
14.514515 0.410980 -0.263413 0.347352 0.599120
14.614615 0.460610 -0.156238 0.334651 0.590392
14.714715 0.491692 -0.042869 0.308514 0.582047
14.814815 0.501987 0.072207 0.269374 0.574253
14.914915 0.490120 0.184012 0.218375 0.567244
15.015015 0.455890 0.287331 0.157447 0.561413
15.115115 0.400098 0.376960 0.089112 0.556883
15.215215 0.324964 0.448290 0.016498 0.553930
15.315315 0.233848 0.497438 -0.056873 0.552597
15.415415 0.131064 0.521655 -0.127364 0.552742
15.515516 0.021800 0.519889 -0.191482 0.554460
15.615616 -0.088494 0.492362 -0.246082 0.557501
15.715716 -0.194445 0.440837 -0.288670 0.561673
15.815816 -0.291117 0.368369 -0.317520 0.566801
15.915916 -0.374251 0.278826 -0.331626 0.572524
16.016016 -0.440573 0.176789 -0.330847 0.578635
16.116116 -0.487853 0.067139 -0.315779 0.584999
16.216216 -0.514663 -0.045286 -0.287478 0.591246
16.316316 -0.520598 -0.155854 -0.247525 0.597144
16.416416 -0.506237 -0.260314 -0.197934 0.602674
16.516517 -0.472710 -0.354879 -0.140865 0.607649
16.616617 -0.421744 -0.436311 -0.078616 0.611895
16.716717 -0.355589 -0.501977 -0.013555 0.615311
16.816817 -0.276809 -0.549746 0.051957 0.617692
16.916917 -0.188290 -0.578079 0.115604 0.618864
17.017017 -0.093185 -0.586028 0.175144 0.618698
17.117117 0.005173 -0.573191 0.228439 0.617056
17.217217 0.103291 -0.539894 0.273548 0.613989
17.317317 0.197605 -0.487061 0.308719 0.609577
17.417417 0.284486 -0.416117 0.332361 0.603779
17.517518 0.360389 -0.329246 0.343227 0.596731
17.617618 0.421950 -0.229392 0.340483 0.588720
17.717718 0.466101 -0.120175 0.323729 0.580080
17.817818 0.489994 -0.005854 0.292953 0.570920
17.917918 0.491254 0.108630 0.248686 0.561227
18.018018 0.468399 0.217661 0.192260 0.551124
18.118118 0.421208 0.315274 0.125887 0.540982
18.218218 0.351127 0.395637 0.052720 0.531599
18.318318 0.261155 0.453445 -0.023378 0.523795
18.418418 0.155745 0.484243 -0.098014 0.518029
18.518519 0.040781 0.485033 -0.166518 0.514440
18.618619 -0.076698 0.454921 -0.224364 0.513005
18.718719 -0.189160 0.395436 -0.267684 0.513620
18.818819 -0.289356 0.310437 -0.293698 0.516097
18.918919 -0.371077 0.205667 -0.300978 0.520178
19.019019 -0.429633 0.088093 -0.289483 0.525495
19.119119 -0.462178 -0.034801 -0.260468 0.531660
19.219219 -0.467888 -0.155670 -0.216331 0.538472
19.319319 -0.447459 -0.267817 -0.160118 0.545512
19.419419 -0.402921 -0.365522 -0.095283 0.552296
19.519520 -0.337469 -0.444223 -0.025515 0.558453
19.619620 -0.255105 -0.500635 0.045522 0.563725
19.719720 -0.160416 -0.532808 0.114339 0.568059
19.819820 -0.058216 -0.539939 0.177764 0.571422
19.919920 0.046621 -0.522258 0.232999 0.573773
20.020020 0.149281 -0.480793 0.277591 0.574894
20.120120 0.245178 -0.417669 0.309655 0.574845
20.220220 0.330031 -0.335863 0.327822 0.573753
20.320320 0.399889 -0.238894 0.331133 0.571516
20.420420 0.451289 -0.130991 0.319196 0.568073
20.520521 0.481488 -0.017010 0.292293 0.563521
20.620621 0.488685 0.097708 0.251457 0.558203
20.720721 0.471922 0.207549 0.198326 0.552377
20.820821 0.431241 0.306778 0.135179 0.546219
20.920921 0.367964 0.389832 0.064990 0.539991
21.021021 0.284740 0.451630 -0.008675 0.533968
21.121121 0.185525 0.487900 -0.081787 0.528351
21.221221 0.075654 0.495978 -0.150136 0.523697
21.321321 -0.038573 0.475008 -0.209647 0.520646
21.421421 -0.150423 0.425718 -0.256613 0.519340
21.521522 -0.253106 0.350700 -0.288026 0.519627
21.621622 -0.340451 0.254506 -0.302014 0.521433
21.721722 -0.407376 0.143114 -0.297914 0.524585
21.821822 -0.450323 0.023326 -0.276290 0.528839
21.921922 -0.467455 -0.097769 -0.238840 0.533964
22.022022 -0.458469 -0.213372 -0.188056 0.539524
22.122122 -0.424637 -0.317392 -0.127089 0.545166
22.222222 -0.368647 -0.404832 -0.059497 0.550753
22.322322 -0.294178 -0.471955 0.011068 0.556242
22.422422 -0.205472 -0.516192 0.081079 0.561468
22.522523 -0.107025 -0.535835 0.147199 0.565899
22.622623 -0.003568 -0.530188 0.206346 0.568938
22.722723 0.100011 -0.499788 0.255834 0.570299
22.822823 0.198888 -0.446160 0.293398 0.569822
22.922923 0.288467 -0.371812 0.317302 0.567572
23.023023 0.364401 -0.280010 0.326248 0.563588
23.123123 0.422532 -0.174652 0.319305 0.557667
23.223223 0.459050 -0.060485 0.296077 0.549588
23.323323 0.470856 0.056825 0.256955 0.539407
23.423423 0.455663 0.170735 0.203156 0.527306
23.523524 0.412442 0.274001 0.136916 0.513742
23.623624 0.342099 0.359085 0.061737 0.499785
23.723724 0.247484 0.418448 -0.017727 0.486479
23.823824 0.133947 0.445524 -0.095720 0.474970
23.923924 0.009572 0.436031 -0.165763 0.466575
24.024024 -0.115515 0.389187 -0.221543 0.462484
24.124124 -0.230329 0.308129 -0.257777 0.463081
24.224224 -0.324719 0.199808 -0.271176 0.467869
24.324324 -0.391104 0.074239 -0.261182 0.476119
24.424424 -0.425590 -0.057458 -0.229856 0.487095
24.524525 -0.427976 -0.184899 -0.181164 0.500172
24.624625 -0.400673 -0.299576 -0.119879 0.514447
24.724725 -0.347808 -0.395199 -0.050924 0.528910
24.824825 -0.274625 -0.467801 0.021033 0.542861
24.924925 -0.186743 -0.515416 0.091884 0.555850
25.025025 -0.089566 -0.537377 0.158161 0.567284
25.125125 0.011815 -0.534080 0.217001 0.576603
25.225225 0.112639 -0.506777 0.266072 0.583356
25.325325 0.208548 -0.457473 0.303577 0.587309
25.425425 0.295634 -0.388901 0.328272 0.588563
25.525526 0.370389 -0.304196 0.339310 0.587243
25.625626 0.429629 -0.206836 0.336169 0.583414
25.725726 0.470374 -0.100673 0.318596 0.576967
25.825826 0.490089 0.009902 0.286814 0.567932
25.925926 0.486972 0.119921 0.241707 0.556727
26.026026 0.459563 0.223818 0.184598 0.543479
26.126126 0.407166 0.315396 0.117510 0.528268
26.226226 0.330611 0.388074 0.043524 0.511663
26.326326 0.232617 0.435350 -0.033192 0.494714
26.426426 0.118110 0.451326 -0.107396 0.478727
26.526527 -0.005563 0.431455 -0.172942 0.464858
26.626627 -0.128542 0.374070 -0.223327 0.454232
26.726727 -0.239277 0.281682 -0.252686 0.447715
26.826827 -0.326344 0.161648 -0.257136 0.445814
26.926927 -0.380990 0.025589 -0.236054 0.448920
27.027027 -0.398615 -0.112958 -0.192033 0.456651
27.127127 -0.379171 -0.241063 -0.130131 0.467777
27.227227 -0.326828 -0.348354 -0.056898 0.481045
27.327327 -0.248402 -0.427958 0.020922 0.495267
27.427427 -0.151816 -0.476413 0.097266 0.509390
27.527528 -0.045046 -0.493076 0.167151 0.522582
27.627628 0.064534 -0.479308 0.226737 0.534145
27.727728 0.170403 -0.437883 0.273248 0.543547
27.827828 0.267007 -0.372642 0.304899 0.550561
27.927928 0.349576 -0.287883 0.320550 0.554826
28.028028 0.413932 -0.188200 0.319531 0.555751
28.128128 0.456715 -0.078775 0.301884 0.553107
28.228228 0.475464 0.034720 0.268381 0.547083
28.328328 0.468565 0.146252 0.220435 0.538084
28.428428 0.435162 0.249389 0.160070 0.526482
28.528529 0.375324 0.337212 0.090045 0.512531
28.628629 0.290667 0.402523 0.014149 0.496701
28.728729 0.185097 0.438604 -0.062659 0.480168
28.828829 0.065058 0.439896 -0.134370 0.464539
28.928929 -0.060423 0.402909 -0.194259 0.451357
29.029029 -0.179971 0.327830 -0.235652 0.442034
29.129129 -0.281226 0.219804 -0.253239 0.437643
29.229229 -0.353246 0.089042 -0.244546 0.438765
29.329329 -0.389046 -0.050866 -0.210772 0.445387
29.429429 -0.386897 -0.185900 -0.156403 0.456848
29.529530 -0.349898 -0.304321 -0.087895 0.471980
29.629630 -0.284402 -0.398115 -0.012166 0.489416
29.729730 -0.198231 -0.463152 0.064520 0.507906
29.829830 -0.099188 -0.498299 0.137089 0.526245
29.929930 0.005676 -0.504484 0.201723 0.543350
30.030030 0.110286 -0.484210 0.255803 0.558621
30.130130 0.209675 -0.440892 0.297726 0.571831
30.230230 0.299877 -0.378249 0.326601 0.582809
30.330330 0.377719 -0.300041 0.342024 0.591335
30.430430 0.440784 -0.210117 0.344075 0.597350
30.530531 0.487068 -0.112251 0.333051 0.600632
30.630631 0.514948 -0.010193 0.309461 0.600867
30.730731 0.523524 0.092199 0.274289 0.598175
30.830831 0.512405 0.191063 0.228821 0.592809
30.930931 0.481686 0.282553 0.174627 0.585109
31.031031 0.432069 0.362879 0.113612 0.575563
31.131131 0.364980 0.428447 0.048037 0.564876
31.231231 0.282391 0.475671 -0.019521 0.553524
31.331331 0.186991 0.501135 -0.086121 0.541774
31.431431 0.082540 0.502023 -0.148428 0.529973
31.531532 -0.026156 0.476351 -0.202810 0.518388
31.631632 -0.133240 0.423613 -0.245593 0.507461
31.731732 -0.232145 0.345284 -0.273463 0.497890
31.831832 -0.316126 0.244985 -0.283842 0.490428
31.931932 -0.378988 0.128460 -0.275314 0.485728
32.032032 -0.415893 0.003234 -0.247968 0.484216
32.132132 -0.423988 -0.122151 -0.203470 0.485887
32.232232 -0.402968 -0.239119 -0.145011 0.490500
32.332332 -0.355122 -0.340168 -0.076899 0.497734
32.432432 -0.284607 -0.419499 -0.003880 0.506947
32.532533 -0.196816 -0.473389 0.069384 0.517347
32.632633 -0.097780 -0.500263 0.138696 0.528262
32.732733 0.006521 -0.500206 0.200542 0.538949
32.832833 0.110503 -0.474842 0.252249 0.548922
32.932933 0.209196 -0.426810 0.291905 0.557798
33.033033 0.298372 -0.359382 0.318290 0.565234
33.133133 0.374504 -0.276293 0.330780 0.570969
33.233233 0.434586 -0.181423 0.329117 0.574542
33.333333 0.476229 -0.078908 0.313511 0.575595
33.433433 0.497655 0.026895 0.284620 0.573927
33.533534 0.497683 0.131476 0.243517 0.569452
33.633634 0.475812 0.230197 0.191728 0.562270
33.733734 0.431998 0.318191 0.131141 0.552328
33.833834 0.366859 0.390345 0.064132 0.539507
33.933934 0.282186 0.441543 -0.006223 0.524050
34.034034 0.181214 0.466989 -0.076123 0.506667
34.134134 0.068793 0.462468 -0.141030 0.488363
34.234234 -0.048340 0.424900 -0.195739 0.470309
34.334334 -0.161360 0.353360 -0.234650 0.453829
34.434434 -0.259675 0.250288 -0.252442 0.440229
34.534535 -0.332001 0.122577 -0.245130 0.430510
34.634635 -0.368757 -0.018056 -0.211637 0.425556
34.734735 -0.364745 -0.156589 -0.154788 0.426049
34.834835 -0.320553 -0.277867 -0.080889 0.431865
34.934935 -0.242372 -0.369770 0.001620 0.442128
35.035035 -0.140156 -0.425201 0.084046 0.455525
35.135135 -0.025141 -0.442139 0.158930 0.470508
35.235235 0.092045 -0.422435 0.220694 0.485417
35.335335 0.202333 -0.370684 0.265766 0.498975
35.435435 0.298617 -0.293148 0.292393 0.510492
35.535536 0.375733 -0.196744 0.300232 0.519637
35.635636 0.430265 -0.088495 0.290016 0.526373
35.735736 0.460084 0.024815 0.263152 0.530606
35.835836 0.464013 0.136685 0.221497 0.532026
35.935936 0.442013 0.240865 0.167485 0.530512
36.036036 0.395199 0.331454 0.104098 0.526194
36.136136 0.325838 0.403042 0.034807 0.519447
36.236236 0.237217 0.450646 -0.036477 0.510573
36.336336 0.133807 0.469917 -0.105394 0.499834
36.436436 0.021556 0.457634 -0.167149 0.487681
36.536537 -0.092096 0.412246 -0.216718 0.474759
36.636637 -0.198348 0.334604 -0.249216 0.461964
36.736737 -0.287578 0.228651 -0.260486 0.450372
36.836837 -0.350240 0.101871 -0.247807 0.440969
36.936937 -0.378240 -0.034767 -0.210691 0.434356
37.037037 -0.367048 -0.167669 -0.151798 0.431138
37.137137 -0.316834 -0.282627 -0.076812 0.431465
37.237237 -0.232893 -0.367486 0.006345 0.435115
37.337337 -0.124803 -0.414269 0.088855 0.441690
37.437437 -0.004268 -0.419903 0.162568 0.450295
37.537538 0.116717 -0.385943 0.220980 0.459790
37.637638 0.227411 -0.317712 0.259814 0.469212
37.737738 0.319217 -0.223009 0.277035 0.477892
37.837838 0.385891 -0.110717 0.272432 0.485169
37.937938 0.423498 0.009918 0.247307 0.490520
38.038038 0.430172 0.129805 0.204129 0.493524
38.138138 0.405828 0.240281 0.146251 0.493782
38.238238 0.352208 0.333355 0.077849 0.491158
38.338338 0.272798 0.401905 0.003793 0.485758
38.438438 0.172670 0.439717 -0.070468 0.477632
38.538539 0.058727 0.441961 -0.138938 0.466992
38.638639 -0.060120 0.405952 -0.195276 0.454472
38.738739 -0.173049 0.331698 -0.233067 0.440783
38.838839 -0.267827 0.223233 -0.246640 0.427078
38.938939 -0.332270 0.089849 -0.232421 0.415326
39.039039 -0.356155 -0.054197 -0.189951 0.407266
39.139139 -0.334145 -0.191085 -0.123073 0.404120
39.239239 -0.268191 -0.302759 -0.040043 0.406440
39.339339 -0.167525 -0.375328 0.048203 0.413835
39.439439 -0.046242 -0.402003 0.130632 0.425217
39.539540 0.080423 -0.383553 0.198512 0.439304
39.639640 0.199099 -0.326210 0.246361 0.454695
39.739740 0.299643 -0.238889 0.271667 0.469741
39.839840 0.375287 -0.131577 0.274344 0.483133
39.939940 0.422459 -0.014186 0.256168 0.494262
40.040040 0.440042 0.104240 0.220035 0.502910
40.140140 0.428396 0.215735 0.169289 0.508648
40.240240 0.389168 0.313315 0.107652 0.511084
40.340340 0.325208 0.390921 0.039199 0.510016
40.440440 0.240411 0.443374 -0.031723 0.505356
40.540541 0.139752 0.466365 -0.100471 0.497113
40.640641 0.029426 0.456659 -0.162097 0.485468
40.740741 -0.082946 0.412458 -0.211374 0.470830
40.840841 -0.188130 0.333803 -0.242840 0.453639
40.940941 -0.275191 0.223679 -0.251183 0.434575
41.041041 -0.332195 0.089649 -0.232297 0.415153
41.141141 -0.347858 -0.055043 -0.184697 0.397678
41.241241 -0.314656 -0.191556 -0.111328 0.384832
41.341341 -0.232877 -0.298095 -0.020929 0.378854
41.441441 -0.113353 -0.356133 0.072789 0.380759
41.541542 0.024437 -0.357100 0.154902 0.390016
41.641642 0.158847 -0.304612 0.213993 0.404739
41.741742 0.272245 -0.211109 0.244493 0.422447
41.841842 0.353526 -0.092336 0.246007 0.440484
41.941942 0.397814 0.036347 0.221681 0.456859
42.042042 0.404901 0.161779 0.176567 0.470418
42.142142 0.377197 0.273372 0.116257 0.480131
42.242242 0.318880 0.362803 0.046502 0.485256
42.342342 0.235454 0.423613 -0.026894 0.485397
42.442442 0.133497 0.450947 -0.098119 0.480418
42.542543 0.020779 0.441495 -0.161264 0.470484
42.642643 -0.093565 0.393755 -0.210319 0.456105
42.742743 -0.198787 0.308763 -0.239316 0.438318
42.842843 -0.282522 0.191089 -0.242718 0.418624
42.942943 -0.331543 0.050518 -0.216525 0.399193
43.043043 -0.333746 -0.096601 -0.159987 0.382510
43.143143 -0.282562 -0.227760 -0.078056 0.371226
43.243243 -0.182122 -0.318808 0.017321 0.367569
43.343343 -0.048792 -0.352142 0.109515 0.371993
43.443443 0.093302 -0.324061 0.182760 0.383565
43.543544 0.221103 -0.244762 0.227389 0.400626
43.643644 0.318837 -0.131530 0.240841 0.420669
43.743744 0.378949 -0.002380 0.225718 0.441086
43.843844 0.400153 0.127259 0.187323 0.459790
43.943944 0.384977 0.245485 0.131836 0.475238
44.044044 0.338059 0.343561 0.065444 0.486416
44.144144 0.265324 0.415464 -0.005972 0.492994
44.244244 0.173279 0.457090 -0.076937 0.494850
44.344344 0.068783 0.465729 -0.142318 0.491822
44.444444 -0.040673 0.440118 -0.197174 0.483979
44.544545 -0.146824 0.380413 -0.236665 0.471468
44.644645 -0.240441 0.288835 -0.256189 0.454829
44.744745 -0.311523 0.170624 -0.251873 0.435430
44.844845 -0.349458 0.034754 -0.220954 0.414909
44.944945 -0.344405 -0.104897 -0.163047 0.395224
45.045045 -0.290519 -0.229125 -0.082239 0.379029
45.145145 -0.190174 -0.316163 0.011505 0.369131
45.245245 -0.056967 -0.348050 0.103057 0.367430
45.345345 0.086353 -0.318102 0.176296 0.373799
45.445445 0.215256 -0.234034 0.219703 0.386492
45.545546 0.311225 -0.113585 0.229270 0.402899
45.645646 0.365078 0.022671 0.207641 0.420608
45.745746 0.375509 0.156505 0.161206 0.437594
45.845846 0.346310 0.274041 0.097672 0.452293
45.945946 0.284202 0.365681 0.024800 0.463798
46.046046 0.197022 0.425120 -0.050283 0.471246
46.146146 0.093224 0.448706 -0.121127 0.474025
46.246246 -0.018245 0.435150 -0.181917 0.471998
46.346346 -0.128074 0.385043 -0.227364 0.465140
46.446446 -0.226460 0.301061 -0.252703 0.453631
46.546547 -0.303142 0.188632 -0.253983 0.438160
46.646647 -0.347578 0.056569 -0.228416 0.419743
46.746747 -0.349778 -0.081879 -0.175285 0.399716
46.846847 -0.302783 -0.208247 -0.097722 0.380255
46.946947 -0.206737 -0.300195 -0.004598 0.364524
47.047047 -0.073022 -0.336576 0.089022 0.355726
47.147147 0.074922 -0.306108 0.164799 0.355632
47.247247 0.208032 -0.214538 0.207752 0.363957
47.347347 0.302579 -0.082596 0.211957 0.378553
47.447447 0.346892 0.063580 0.180768 0.396300
47.547548 0.340630 0.200892 0.123064 0.414164
47.647648 0.290631 0.312729 0.049434 0.429778
47.747748 0.206991 0.388568 -0.029998 0.441282
47.847848 0.101017 0.422612 -0.106244 0.447317
47.947948 -0.015435 0.412716 -0.171429 0.447169
48.048048 -0.130178 0.359774 -0.218676 0.440685
48.148148 -0.230572 0.267775 -0.242054 0.428319
48.248248 -0.303555 0.144444 -0.236854 0.411229
48.348348 -0.336358 0.002505 -0.200503 0.391592
48.448448 -0.318114 -0.139180 -0.133973 0.372178
48.548549 -0.244304 -0.255885 -0.044304 0.356545
48.648649 -0.122554 -0.321601 0.053753 0.348333
48.748749 0.024956 -0.319096 0.140268 0.349457
48.848849 0.167469 -0.249676 0.197507 0.359712
48.948949 0.278304 -0.132027 0.216993 0.376789
49.049049 0.343054 0.008182 0.200273 0.397319
49.149149 0.359147 0.147711 0.154958 0.418112
49.249249 0.331367 0.269535 0.090580 0.436644
49.349349 0.267908 0.362568 0.016359 0.451107
49.449449 0.178228 0.420269 -0.059524 0.460363
49.549550 0.072130 0.439289 -0.129937 0.463746
49.649650 -0.040440 0.418538 -0.188551 0.460827
49.749750 -0.149172 0.359223 -0.229726 0.451739
49.849850 -0.243209 0.265068 -0.248486 0.437215
49.949950 -0.310887 0.142715 -0.240523 0.418175
50.050050 -0.339783 0.003163 -0.202793 0.395712
50.150150 -0.318433 -0.136143 -0.135356 0.371828
50.250250 -0.240606 -0.250376 -0.044277 0.350057
50.350350 -0.112257 -0.310800 0.055614 0.335098
50.450450 0.042536 -0.296407 0.141775 0.331311
50.550551 0.186905 -0.208625 0.192896 0.340098
50.650651 0.288951 -0.072467 0.199891 0.358748
50.750751 0.334570 0.078768 0.167487 0.382352
50.850851 0.325837 0.217925 0.107593 0.406494
50.950951 0.272964 0.328074 0.032920 0.428049
51.051051 0.188364 0.400488 -0.045734 0.444930
51.151151 0.084273 0.431768 -0.119777 0.455930
51.251251 -0.027936 0.421562 -0.182323 0.460149
51.351351 -0.137457 0.371629 -0.227655 0.456979
51.451451 -0.233754 0.286245 -0.251204 0.446856
51.551552 -0.306235 0.172099 -0.249317 0.430764
51.651652 -0.343945 0.038878 -0.219305 0.409761
51.751752 -0.336289 -0.098876 -0.160601 0.385563
51.851852 -0.275699 -0.220284 -0.076925 0.361182
51.951952 -0.163026 -0.298960 0.020844 0.341159
52.052052 -0.014544 -0.310421 0.113426 0.330815
52.152152 0.137219 -0.246539 0.178330 0.333784
52.252252 0.257082 -0.124243 0.201344 0.349381
52.352352 0.324372 0.024492 0.182778 0.373128
52.452452 0.336686 0.169916 0.132904 0.399866
52.552553 0.302727 0.292630 0.064511 0.425955
52.652653 0.234512 0.382695 -0.011364 0.448978
52.752753 0.143663 0.436201 -0.086291 0.467286
52.852853 0.040551 0.452828 -0.153992 0.480011
52.952953 -0.065751 0.434172 -0.209712 0.486629
53.053053 -0.167136 0.383127 -0.249781 0.486940
53.153153 -0.256110 0.303799 -0.271367 0.481171
53.253253 -0.325330 0.201281 -0.272118 0.469470
53.353353 -0.367501 0.082279 -0.250342 0.452215
53.453453 -0.375467 -0.044041 -0.205400 0.430238
53.553554 -0.342555 -0.165090 -0.138283 0.404624
53.653654 -0.264519 -0.263680 -0.053230 0.377268
53.753754 -0.143666 -0.318426 0.039982 0.351616
53.853854 0.005172 -0.308952 0.124544 0.333151
53.953954 0.152097 -0.227637 0.179723 0.327494
54.054054 0.261814 -0.090597 0.190922 0.336461
54.154154 0.312312 0.067762 0.158612 0.356774
54.254254 0.302988 0.214102 0.095542 0.383106
54.354354 0.246734 0.328132 0.017339 0.410912
54.454454 0.159464 0.401628 -0.063325 0.436742
54.554555 0.055471 0.433788 -0.137656 0.458474
54.654655 -0.053593 0.427528 -0.199888 0.474982
54.754755 -0.158500 0.387383 -0.246332 0.485661
54.854855 -0.251755 0.318712 -0.274647 0.490295
54.954955 -0.327016 0.227323 -0.283357 0.488781
55.055055 -0.378715 0.119671 -0.271696 0.481212
55.155155 -0.401715 0.003126 -0.239515 0.467709
55.255255 -0.391588 -0.113462 -0.187667 0.448814
55.355355 -0.345003 -0.219151 -0.118479 0.425548
55.455455 -0.260477 -0.300185 -0.036479 0.399112
55.555556 -0.141150 -0.340152 0.050017 0.371656
55.655656 0.001144 -0.322484 0.127475 0.346767
55.755756 0.142102 -0.237585 0.177706 0.328966
55.855856 0.247607 -0.095034 0.184240 0.322932
55.955956 0.289210 0.072027 0.143231 0.330674
56.056056 0.261128 0.222511 0.067406 0.349632
56.156156 0.179029 0.328058 -0.022793 0.374424
56.256256 0.066140 0.378574 -0.109618 0.399636
56.356356 -0.056433 0.376426 -0.181480 0.421683
56.456456 -0.172595 0.329596 -0.231971 0.438444
56.556557 -0.270656 0.247872 -0.258005 0.448622
56.656657 -0.342228 0.141804 -0.258756 0.451866
56.756757 -0.381268 0.022307 -0.234928 0.448390
56.856857 -0.383208 -0.099200 -0.188304 0.438347
56.956957 -0.345224 -0.210127 -0.122158 0.422203
57.057057 -0.267132 -0.296219 -0.041986 0.401083
57.157157 -0.153105 -0.341699 0.043534 0.376955
57.257257 -0.014767 -0.331138 0.121439 0.353013
57.357357 0.125539 -0.255056 0.174750 0.333693
57.457457 0.235626 -0.119780 0.186863 0.323705
57.557558 0.285221 0.045875 0.151148 0.326039
57.657658 0.263280 0.200472 0.077348 0.339835
57.757758 0.182451 0.311251 -0.014154 0.361062
57.857858 0.067192 0.364753 -0.103559 0.385077
57.957958 -0.058886 0.362624 -0.177508 0.408011
58.058058 -0.177792 0.313932 -0.228895 0.427266
58.158158 -0.277209 0.230306 -0.254986 0.441478
58.258258 -0.349103 0.123653 -0.255697 0.450049
58.358358 -0.388338 0.005409 -0.232478 0.452639
58.458458 -0.391967 -0.113279 -0.187964 0.449222
58.558559 -0.358853 -0.221206 -0.125887 0.439948
58.658659 -0.289884 -0.306786 -0.051327 0.425188
58.758759 -0.188828 -0.357947 0.028732 0.405719
58.858859 -0.063864 -0.362817 0.104772 0.383004
58.958959 0.070227 -0.311837 0.164267 0.359385
59.059059 0.190222 -0.202739 0.192549 0.338176
59.159159 0.266778 -0.048880 0.177464 0.324119
59.259259 0.275421 0.116733 0.117474 0.321378
59.359359 0.212378 0.252154 0.026833 0.330766
59.459459 0.098224 0.328019 -0.070709 0.349634
59.559560 -0.036590 0.337625 -0.154453 0.373076
59.659660 -0.165950 0.290485 -0.212652 0.396411
59.759760 -0.272479 0.202418 -0.241215 0.416416
59.859860 -0.346130 0.089579 -0.240536 0.430916
59.959960 -0.381743 -0.033225 -0.213375 0.438589
60.060060 -0.377544 -0.152583 -0.163955 0.438979
60.160160 -0.334333 -0.256084 -0.097629 0.432307
60.260260 -0.255154 -0.331800 -0.020891 0.419084
60.360360 -0.145998 -0.368023 0.058100 0.400165
60.460460 -0.017351 -0.353724 0.128787 0.376839
60.560561 0.113375 -0.281338 0.177869 0.351628
60.660661 0.220202 -0.152746 0.190675 0.328903
60.760761 0.272037 0.012339 0.156513 0.314090
60.860861 0.247149 0.173213 0.078497 0.311844
60.960961 0.150970 0.284402 -0.022272 0.322758
61.061061 0.014404 0.321291 -0.117783 0.342503
61.161161 -0.126361 0.287065 -0.187824 0.365583
61.261261 -0.244875 0.200312 -0.224013 0.387647
61.361361 -0.326221 0.082514 -0.225949 0.405317
61.461461 -0.363750 -0.046652 -0.197423 0.416493
61.561562 -0.356029 -0.170092 -0.144309 0.420134
61.661662 -0.305173 -0.272873 -0.073730 0.415964
61.761762 -0.216572 -0.341685 0.005882 0.404582
61.861862 -0.099141 -0.364372 0.084459 0.386948
61.961962 0.032976 -0.331067 0.149731 0.364845
62.062062 0.158266 -0.237806 0.187381 0.341630
62.162162 0.247607 -0.092811 0.183366 0.321786
62.262262 0.270922 0.075584 0.130985 0.310272
62.362362 0.214525 0.221213 0.040272 0.310770
62.462462 0.094961 0.302281 -0.062524 0.322956
62.562563 -0.050437 0.304264 -0.149550 0.342762
62.662663 -0.185714 0.239058 -0.204154 0.365126
62.762763 -0.287843 0.129886 -0.221810 0.385906
62.862863 -0.346146 0.000364 -0.205467 0.402534
62.962963 -0.357953 -0.129460 -0.161426 0.413459
63.063063 -0.325365 -0.243328 -0.097325 0.417783
63.163163 -0.253794 -0.328006 -0.021576 0.415289
63.263263 -0.151447 -0.372684 0.056700 0.406257
63.363363 -0.029706 -0.368911 0.127430 0.391428
63.463463 0.095872 -0.311364 0.179292 0.371866
63.563564 0.204391 -0.200978 0.200261 0.349674
63.663664 0.270268 -0.050230 0.180065 0.328621
63.763764 0.269374 0.111698 0.115867 0.313790
63.863864 0.192861 0.241411 0.019481 0.309603
63.963964 0.059950 0.300753 -0.082691 0.317623
64.064064 -0.089948 0.278852 -0.162995 0.335285
64.164164 -0.220012 0.192026 -0.206007 0.357376
64.264264 -0.308496 0.067744 -0.209627 0.379081
64.364364 -0.347476 -0.067978 -0.179385 0.396913
64.464464 -0.337579 -0.194433 -0.123795 0.408765
64.564565 -0.284181 -0.295962 -0.052200 0.413615
64.664665 -0.195352 -0.360512 0.025871 0.410854
64.764765 -0.081714 -0.378956 0.100530 0.400489
64.864865 0.042795 -0.345544 0.161248 0.383710
64.964965 0.160082 -0.258687 0.196668 0.362248
65.065065 0.246989 -0.124566 0.195485 0.338725
65.165165 0.277517 0.036508 0.150261 0.317690
65.265265 0.231698 0.186057 0.064282 0.304028
65.365365 0.113419 0.276543 -0.041456 0.301759
65.465465 -0.041538 0.278129 -0.133996 0.311507
65.565566 -0.185296 0.197486 -0.187561 0.329415
65.665666 -0.283672 0.066676 -0.194483 0.350341
65.765766 -0.323333 -0.078850 -0.160789 0.369614
65.865866 -0.305587 -0.210914 -0.098337 0.384107
65.965966 -0.239351 -0.309786 -0.020173 0.391999
66.066066 -0.137496 -0.362677 0.061041 0.392639
66.166166 -0.015491 -0.362053 0.133166 0.386077
66.266266 0.108615 -0.305273 0.184456 0.372844
66.366366 0.213472 -0.196180 0.203761 0.354367
66.466466 0.274903 -0.048481 0.182127 0.333305
66.566567 0.269989 0.109615 0.117051 0.314023
66.666667 0.188395 0.235297 0.019235 0.302039
66.766767 0.047374 0.285896 -0.084310 0.301809
66.866867 -0.109142 0.245623 -0.161316 0.313473
66.966967 -0.235592 0.134755 -0.192730 0.332877
67.067067 -0.306502 -0.009292 -0.178155 0.354639
67.167167 -0.316879 -0.152308 -0.128078 0.374184
67.267267 -0.273727 -0.270120 -0.056160 0.388645
67.367367 -0.189394 -0.347593 0.024326 0.396588
67.467467 -0.078359 -0.376174 0.101426 0.397409
67.567568 0.043513 -0.352120 0.164259 0.390977
67.667668 0.158735 -0.276476 0.202864 0.377875
67.767768 0.247916 -0.156526 0.208601 0.359829
67.867868 0.290459 -0.008140 0.175492 0.339456
67.967968 0.268482 0.140959 0.103833 0.320520
68.068068 0.176398 0.252033 0.005538 0.307681
68.168168 0.032673 0.288234 -0.093949 0.304914
68.268268 -0.121143 0.237154 -0.165104 0.313333
68.368368 -0.242025 0.119460 -0.190532 0.330378
68.468468 -0.305643 -0.027691 -0.170411 0.351034
68.568569 -0.308288 -0.170163 -0.115962 0.370735
68.668669 -0.258860 -0.284483 -0.041693 0.386882
68.768769 -0.171177 -0.357173 0.038898 0.397979
68.868869 -0.060490 -0.382219 0.114402 0.403533
68.968969 0.057889 -0.358541 0.175312 0.403283
69.069069 0.168704 -0.288834 0.213636 0.396896
69.169169 0.256526 -0.180298 0.223055 0.384794
69.269269 0.306268 -0.045531 0.199572 0.368378
69.369369 0.304301 0.096219 0.142671 0.349588
69.469469 0.242381 0.218159 0.057997 0.331218
69.569570 0.124739 0.288733 -0.039534 0.317000
69.669670 -0.025241 0.282744 -0.126143 0.310634
69.769770 -0.167971 0.197532 -0.177303 0.314117
69.869870 -0.265246 0.058125 -0.180190 0.325887
69.969970 -0.297941 -0.096364 -0.138841 0.342538
70.070070 -0.268113 -0.231425 -0.068044 0.360655
70.170170 -0.189932 -0.325422 0.015289 0.377104
70.270270 -0.081648 -0.368460 0.096442 0.389525
70.370370 0.038436 -0.359083 0.163985 0.396622
70.470470 0.153351 -0.301267 0.209418 0.397661
70.570571 0.247418 -0.202816 0.226506 0.391989
70.670671 0.306264 -0.075849 0.211490 0.379840
70.770771 0.317186 0.062446 0.163593 0.362311
70.870871 0.271005 0.188752 0.086538 0.341409
70.970971 0.167087 0.273668 -0.008491 0.320756
71.071071 0.020859 0.287013 -0.100476 0.304806
71.171171 -0.130720 0.213827 -0.161613 0.298209
71.271271 -0.240357 0.072210 -0.170965 0.303669
71.371371 -0.277245 -0.092170 -0.128214 0.319059
71.471471 -0.240883 -0.233377 -0.051124 0.339268
71.571572 -0.151193 -0.324149 0.037767 0.359664
71.671672 -0.033216 -0.355589 0.120110 0.376793
71.771772 0.090416 -0.330069 0.183411 0.388278
71.871872 0.201031 -0.256360 0.220043 0.393132
71.971972 0.283409 -0.146720 0.225798 0.390938
72.072072 0.325094 -0.016251 0.199226 0.381630
72.172172 0.316347 0.116288 0.141925 0.365707
72.272272 0.251628 0.227525 0.059799 0.344471
72.372372 0.133772 0.289302 -0.034399 0.320584
72.472472 -0.018293 0.273659 -0.118450 0.298754
72.572573 -0.162807 0.169290 -0.163135 0.285969
72.672673 -0.246685 0.003062 -0.147531 0.287451
72.772773 -0.240596 -0.165130 -0.077788 0.302002
72.872873 -0.157303 -0.282071 0.017599 0.323447
72.972973 -0.031957 -0.326101 0.109263 0.345401
73.073073 0.101056 -0.300410 0.178061 0.363544
73.173173 0.216142 -0.219773 0.214621 0.375605
73.273273 0.296001 -0.102981 0.216070 0.380668
73.373373 0.329567 0.029917 0.183727 0.378504
73.473473 0.311004 0.157893 0.122398 0.369641
73.573574 0.239916 0.258748 0.040575 0.355185
73.673674 0.123350 0.309609 -0.048566 0.336796
73.773774 -0.020046 0.290665 -0.126176 0.317503
73.873874 -0.156853 0.194265 -0.169423 0.301738
73.973974 -0.244180 0.038381 -0.159932 0.294407
74.074074 -0.250388 -0.130038 -0.097394 0.298478
74.174174 -0.176531 -0.257680 -0.003397 0.312368
74.274274 -0.052615 -0.314170 0.092318 0.331653
74.374374 0.084478 -0.297734 0.167175 0.351752
74.474474 0.205739 -0.222978 0.209711 0.368818
74.574575 0.292544 -0.110219 0.216866 0.380475
74.674675 0.334686 0.019593 0.190823 0.385762
74.774775 0.327884 0.146533 0.136877 0.384337
74.874875 0.272587 0.251613 0.062760 0.376233
74.974975 0.174115 0.316311 -0.021089 0.361682
75.075075 0.044578 0.323258 -0.100658 0.341490
75.175175 -0.093588 0.259752 -0.157645 0.317933
75.275275 -0.204963 0.126801 -0.171434 0.295767
75.375375 -0.246911 -0.046766 -0.128073 0.282055
75.475475 -0.194794 -0.201676 -0.036250 0.282722
75.575576 -0.068700 -0.281185 0.069807 0.297754
75.675676 0.081306 -0.269476 0.154183 0.320937
75.775776 0.211485 -0.186751 0.198875 0.345185
75.875876 0.298210 -0.064210 0.202137 0.365939
75.975976 0.333390 0.070044 0.170218 0.380827
76.076076 0.317500 0.193819 0.112125 0.388515
76.176176 0.255887 0.289736 0.037865 0.388405
76.276276 0.157606 0.343941 -0.041745 0.380628
76.376376 0.035631 0.345718 -0.114796 0.366017
76.476476 -0.091843 0.288422 -0.167882 0.346131
76.576577 -0.199869 0.173257 -0.186679 0.323751
76.676677 -0.257837 0.016595 -0.159467 0.303620
76.776777 -0.238662 -0.143492 -0.085149 0.291204
76.876877 -0.139389 -0.254702 0.017464 0.290873
76.976977 0.007293 -0.280219 0.114504 0.302799
77.077077 0.153042 -0.221421 0.177840 0.322608
77.177177 0.261933 -0.106938 0.197418 0.344990
77.277277 0.318245 0.030014 0.176973 0.365377
77.377377 0.320483 0.162417 0.126241 0.380822
77.477477 0.274615 0.270711 0.056454 0.389724
77.577578 0.190091 0.340944 -0.021298 0.390936
77.677678 0.078960 0.363203 -0.095970 0.383877
77.777778 -0.043624 0.331339 -0.156154 0.368880
77.877878 -0.158165 0.243580 -0.189591 0.346831
77.977978 -0.239263 0.106517 -0.183805 0.319963
78.078078 -0.256828 -0.056683 -0.130056 0.293408
78.178178 -0.187859 -0.198456 -0.033402 0.275302
78.278278 -0.044041 -0.259430 0.075880 0.273864
78.378378 0.118648 -0.215233 0.155006 0.290567
78.478478 0.242329 -0.095745 0.181388 0.317477
78.578579 0.302073 0.051110 0.159085 0.345208
78.678679 0.299071 0.188442 0.103308 0.368275
78.778779 0.244893 0.294158 0.029605 0.383898
78.878879 0.153974 0.356101 -0.048681 0.391006
78.978979 0.041427 0.368085 -0.120152 0.389409
79.079079 -0.076808 0.327569 -0.174356 0.378947
79.179179 -0.182680 0.236249 -0.201250 0.360121
79.279279 -0.254766 0.102707 -0.191503 0.334855
79.379379 -0.268413 -0.052685 -0.138500 0.306600
79.479479 -0.202411 -0.190133 -0.045307 0.281378
79.579580 -0.060621 -0.253481 0.063707 0.268302
79.679680 0.106912 -0.206728 0.144700 0.274053
79.779780 0.232320 -0.074309 0.167023 0.295620
79.879880 0.281697 0.084914 0.133708 0.323174
79.979980 0.258574 0.223906 0.065342 0.348230
80.080080 0.181890 0.317546 -0.016963 0.366343
80.180180 0.072671 0.355017 -0.096481 0.375002
80.280280 -0.048664 0.333497 -0.159992 0.373077
80.380380 -0.161541 0.255821 -0.196407 0.360715
80.480480 -0.243591 0.130713 -0.195886 0.338812
80.580581 -0.269608 -0.022816 -0.150953 0.309832
80.680681 -0.215302 -0.167078 -0.062018 0.279493
80.780781 -0.075983 -0.241303 0.049806 0.257839
80.880881 0.099645 -0.192829 0.134924 0.255571
80.980981 0.224253 -0.042547 0.149749 0.272992
81.081081 0.251410 0.129677 0.098142 0.299424
81.181181 0.193003 0.260287 0.012143 0.324264
81.281281 0.082088 0.321989 -0.077909 0.341299
81.381381 -0.048195 0.309469 -0.150266 0.347381
81.481481 -0.167966 0.229369 -0.189818 0.341839
81.581582 -0.249197 0.097619 -0.186199 0.326035
81.681682 -0.265209 -0.058278 -0.134401 0.302978
81.781782 -0.195975 -0.193208 -0.040280 0.278133
81.881882 -0.047477 -0.246198 0.068639 0.259959
81.981982 0.122932 -0.176376 0.142268 0.257800
82.082082 0.231297 -0.015605 0.143335 0.272556
82.182182 0.238695 0.154946 0.080664 0.295787
82.282282 0.162400 0.273603 -0.011246 0.318369
82.382382 0.039677 0.316304 -0.100831 0.334349
82.482482 -0.093144 0.282822 -0.166452 0.341131
82.582583 -0.204972 0.185445 -0.194498 0.337983
82.682683 -0.268974 0.045463 -0.177423 0.325412
82.782783 -0.262485 -0.105231 -0.114323 0.305027
82.882883 -0.173043 -0.220624 -0.015898 0.280841
82.982983 -0.015881 -0.245566 0.087133 0.261050
83.083083 0.146999 -0.150311 0.146296 0.256133
83.183183 0.235025 0.022779 0.130454 0.269766
83.283283 0.218504 0.188544 0.055478 0.293889
83.383383 0.123673 0.289464 -0.040454 0.317365
83.483483 -0.007366 0.308704 -0.125747 0.333414
83.583584 -0.137146 0.252495 -0.180629 0.339396
83.683684 -0.235208 0.137969 -0.193766 0.334520
83.783784 -0.276247 -0.009283 -0.160212 0.319479
83.883884 -0.240979 -0.152639 -0.082927 0.297063
83.983984 -0.124458 -0.242004 0.021328 0.272967
84.084084 0.043580 -0.225345 0.114453 0.256475
84.184184 0.187533 -0.093134 0.147858 0.256329
84.284284 0.235075 0.088704 0.104563 0.272143
84.384384 0.179290 0.234578 0.014117 0.295586
84.484484 0.060256 0.300842 -0.082545 0.317727
84.584585 -0.076734 0.283443 -0.156962 0.332964
84.684685 -0.195670 0.197449 -0.193700 0.338811
84.784785 -0.269965 0.066362 -0.186228 0.334613
84.884885 -0.280305 -0.079862 -0.134868 0.321151
84.984985 -0.215927 -0.203651 -0.048009 0.300671
85.085085 -0.082738 -0.260088 0.053185 0.278064
85.185185 0.081649 -0.210541 0.131213 0.261172
85.285285 0.205055 -0.060267 0.145329 0.258457
85.385385 0.227439 0.120815 0.087408 0.271964
85.485485 0.151832 0.252582 -0.009249 0.294849
85.585586 0.023048 0.299625 -0.104137 0.318043
85.685686 -0.113225 0.265087 -0.171391 0.335359
85.785786 -0.223818 0.168793 -0.199130 0.343858
85.885886 -0.286445 0.036197 -0.184143 0.342447
85.985986 -0.286749 -0.103920 -0.129232 0.331248
86.086086 -0.218178 -0.218128 -0.043652 0.311588
86.186186 -0.087648 -0.268344 0.053519 0.287324
86.286286 0.072426 -0.220905 0.129818 0.266265
86.386386 0.197863 -0.075582 0.147084 0.257868
86.486486 0.226187 0.106779 0.092184 0.266571
86.586587 0.152712 0.243445 -0.005135 0.287424
86.686687 0.022276 0.293269 -0.102096 0.311330
86.786787 -0.115987 0.259007 -0.170638 0.331142
86.886887 -0.227387 0.162689 -0.198847 0.343092
86.986987 -0.290760 0.031582 -0.184889 0.346010
87.087087 -0.294309 -0.105892 -0.132940 0.339859
87.187187 -0.234196 -0.219945 -0.052439 0.325535
87.287287 -0.117063 -0.279159 0.040323 0.305384
87.387387 0.033463 -0.254701 0.119994 0.283533
87.487487 0.169470 -0.136623 0.154243 0.266790
87.587588 0.230235 0.039983 0.120848 0.263080
87.687688 0.186308 0.198922 0.032299 0.274452
87.787788 0.065883 0.278947 -0.070598 0.295189
87.887888 -0.077819 0.268366 -0.151678 0.317934
87.987988 -0.202584 0.187636 -0.193943 0.337433
88.088088 -0.284308 0.065963 -0.194580 0.350776
88.188188 -0.312034 -0.068586 -0.158123 0.356472
88.288288 -0.283253 -0.190710 -0.093033 0.353918
88.388388 -0.202252 -0.277377 -0.010909 0.343457
88.488488 -0.080722 -0.307440 0.072999 0.326136
88.588589 0.058980 -0.264266 0.138891 0.304312
88.688689 0.179768 -0.144473 0.163438 0.282668
88.788789 0.233736 0.026072 0.128394 0.267950
88.888889 0.188534 0.184327 0.039358 0.266590
88.988989 0.061791 0.263784 -0.067063 0.279101
89.089089 -0.090083 0.243857 -0.149316 0.299794
89.189189 -0.216096 0.148704 -0.186650 0.321945
89.289289 -0.289512 0.015913 -0.177988 0.340221
89.389389 -0.302655 -0.120844 -0.132012 0.351612
89.489489 -0.258940 -0.235146 -0.061140 0.355080
89.589590 -0.168255 -0.306716 0.020792 0.350453
89.689690 -0.046263 -0.320629 0.098625 0.338629
89.789790 0.084651 -0.268095 0.155624 0.321340
89.889890 0.193952 -0.150926 0.174389 0.301343
89.989990 0.244490 0.009582 0.141257 0.282526
90.090090 0.206307 0.164782 0.057585 0.270244
90.190190 0.083900 0.251656 -0.049181 0.269794
90.290290 -0.073681 0.235079 -0.136136 0.281467
90.390390 -0.205879 0.131952 -0.174003 0.300124
90.490490 -0.276710 -0.012467 -0.159235 0.319499
90.590591 -0.278360 -0.154802 -0.104249 0.335136
90.690691 -0.219462 -0.264014 -0.026372 0.344329
90.790791 -0.116319 -0.320155 0.056884 0.345348
90.890891 0.009943 -0.312236 0.128665 0.337853
90.990991 0.133534 -0.237814 0.172714 0.322827
91.091091 0.223311 -0.105589 0.173978 0.302134
91.191191 0.244648 0.056771 0.122797 0.279562
91.291291 0.173123 0.195140 0.025966 0.262156
91.391391 0.023791 0.243297 -0.081549 0.257701
91.491491 -0.137356 0.174479 -0.150079 0.268017
91.591592 -0.240971 0.028841 -0.154277 0.287576
91.691692 -0.260955 -0.129088 -0.104035 0.309168
91.791792 -0.207242 -0.251969 -0.023859 0.327119
91.891892 -0.104045 -0.315792 0.062449 0.338304
91.991992 0.021451 -0.312708 0.135677 0.341548
92.092092 0.142400 -0.245068 0.180825 0.336205
92.192192 0.232024 -0.124537 0.186596 0.322742
92.292292 0.263957 0.025680 0.146475 0.302965
92.392392 0.216721 0.166380 0.063135 0.280422
92.492492 0.089209 0.242717 -0.042517 0.262064
92.592593 -0.077041 0.208401 -0.127639 0.256238
92.692693 -0.206055 0.072821 -0.150858 0.265555
92.792793 -0.245117 -0.096927 -0.107286 0.284583
92.892893 -0.195211 -0.233683 -0.023913 0.305429
92.992993 -0.087074 -0.302603 0.067330 0.322000
93.093093 0.043573 -0.295549 0.142052 0.330797
93.193193 0.164231 -0.219815 0.183845 0.330287
93.293293 0.245940 -0.092660 0.182317 0.319862
93.393393 0.263048 0.057706 0.133344 0.300508
93.493493 0.197230 0.187891 0.043116 0.275793
93.593594 0.052730 0.239091 -0.062729 0.252745
93.693694 -0.116205 0.164612 -0.133653 0.241793
93.793794 -0.216258 -0.006953 -0.125544 0.250154
93.893894 -0.200684 -0.178030 -0.049042 0.272716
93.993994 -0.098665 -0.276238 0.050088 0.297575
94.094094 0.037484 -0.283928 0.133871 0.316135
94.194194 0.164189 -0.213493 0.181334 0.324683
94.294294 0.249523 -0.089092 0.183040 0.322030
94.394394 0.269907 0.057866 0.137349 0.308323
94.494494 0.210239 0.186170 0.051509 0.285504
94.594595 0.073719 0.243145 -0.051873 0.259316
94.694695 -0.095230 0.180478 -0.127449 0.240591
94.794795 -0.204819 0.010678 -0.125691 0.240547
94.894895 -0.191637 -0.167893 -0.047661 0.259199
94.994995 -0.082435 -0.266969 0.056070 0.284977
95.095095 0.059986 -0.266500 0.140366 0.307121
95.195195 0.185623 -0.185592 0.183079 0.320028
95.295295 0.262366 -0.055208 0.177335 0.321452
95.395395 0.270106 0.089283 0.125115 0.310777
95.495495 0.199184 0.206523 0.036948 0.289294
95.595596 0.057697 0.247134 -0.062945 0.261469
95.695696 -0.107647 0.166846 -0.129454 0.237031
95.795796 -0.199918 -0.017702 -0.111625 0.229654
95.895896 -0.151365 -0.190795 -0.014767 0.243992
95.995996 -0.008542 -0.251814 0.093943 0.268902
96.096096 0.141571 -0.196470 0.161225 0.290924
96.196196 0.241513 -0.068211 0.170078 0.303163
96.296296 0.264423 0.082375 0.124459 0.303637
96.396396 0.203276 0.206230 0.039491 0.292253
96.496496 0.070996 0.255985 -0.058537 0.272021
96.596597 -0.089286 0.194611 -0.129480 0.250221
96.696697 -0.197324 0.028790 -0.128367 0.237157
96.796797 -0.179367 -0.153945 -0.045867 0.240781
96.896897 -0.050081 -0.244094 0.066268 0.257840
96.996997 0.107863 -0.209842 0.146488 0.277718
97.097097 0.222939 -0.087439 0.166621 0.291736
97.197197 0.258712 0.067148 0.127059 0.295947
97.297297 0.206404 0.198763 0.044283 0.289949
97.397397 0.080338 0.258015 -0.053794 0.275535
97.497497 -0.077284 0.208993 -0.128016 0.256980
97.597598 -0.192530 0.054786 -0.135744 0.241859
97.697698 -0.190240 -0.130216 -0.061646 0.238638
97.797798 -0.067929 -0.234074 0.051741 0.249163
97.897898 0.095087 -0.206625 0.137645 0.265860
97.997998 0.215202 -0.080162 0.159171 0.279416
98.098098 0.247368 0.080296 0.115160 0.284430
98.198198 0.182690 0.209210 0.026108 0.278973
98.298298 0.042941 0.250288 -0.072939 0.264212
98.398398 -0.114989 0.169067 -0.134683 0.244838
98.498498 -0.199515 -0.011927 -0.113657 0.229927
98.598599 -0.139320 -0.181488 -0.011282 0.229075
98.698699 0.024451 -0.218963 0.100597 0.242203
98.798799 0.176301 -0.116261 0.150289 0.259201
98.898899 0.236548 0.050154 0.120594 0.270209
98.998999 0.185824 0.193922 0.033978 0.270723
99.099099 0.048963 0.246746 -0.067974 0.260579
99.199199 -0.110997 0.170835 -0.133010 0.243304
99.299299 -0.197484 -0.009970 -0.113222 0.227856
99.399399 -0.135323 -0.180067 -0.009470 0.225447
99.499499 0.032608 -0.211856 0.102641 0.237658
99.599600 0.182150 -0.098798 0.146892 0.254002
99.699700 0.229547 0.072901 0.107497 0.263746
99.799800 0.159134 0.207852 0.012670 0.262081
99.899900 0.006592 0.233620 -0.087946 0.249712
100.000000 -0.146664 0.120696 -0.134453 0.232714
