0.000000 0.354159 0.359815 0.989386 1.110756
0.100100 0.281536 0.400469 0.992427 1.106594
0.200200 0.207513 0.439039 0.990369 1.103017
0.300300 0.132460 0.475308 0.983173 1.100042
0.400400 0.056759 0.509062 0.970829 1.097668
0.500501 -0.019193 0.540121 0.953392 1.095927
0.600601 -0.094997 0.568316 0.930944 1.094835
0.700701 -0.170244 0.593455 0.903533 1.094323
0.800801 -0.244526 0.615373 0.871260 1.094336
0.900901 -0.317446 0.633967 0.834320 1.094887
1.001001 -0.388612 0.649138 0.792913 1.095952
1.101101 -0.457651 0.660818 0.747277 1.097519
1.201201 -0.524225 0.668991 0.697713 1.099621
1.301301 -0.588006 0.673649 0.644518 1.102251
1.401401 -0.648649 0.674754 0.587960 1.105321
1.501502 -0.705844 0.672310 0.528344 1.108767
1.601602 -0.759300 0.666341 0.465995 1.112519
1.701702 -0.808759 0.656896 0.401250 1.116515
1.801802 -0.854092 0.644129 0.334510 1.120836
1.901902 -0.895243 0.628235 0.266182 1.125607
2.002002 -0.932130 0.609378 0.196637 1.130873
2.102102 -0.964614 0.587668 0.126210 1.136557
2.202202 -0.992529 0.563201 0.055233 1.142524
2.302302 -1.015759 0.536100 -0.015960 1.148662
2.402402 -1.034278 0.506538 -0.087035 1.154940
2.502503 -1.048107 0.474702 -0.157673 1.161349
2.602603 -1.057300 0.440789 -0.227572 1.167890
2.702703 -1.061869 0.404973 -0.296433 1.174496
2.802803 -1.061856 0.367432 -0.363973 1.181110
2.902903 -1.057431 0.328388 -0.429959 1.187798
3.003003 -1.048770 0.288051 -0.494182 1.194616
3.103103 -1.036003 0.246610 -0.556428 1.201554
3.203203 -1.019204 0.204234 -0.616462 1.208517
3.303303 -0.998519 0.161103 -0.674105 1.215488
3.403403 -0.974153 0.117403 -0.729216 1.222504
3.503504 -0.946270 0.073305 -0.781649 1.229543
3.603604 -0.915001 0.028972 -0.831237 1.236536
3.703704 -0.880471 -0.015436 -0.877811 1.243390
3.803804 -0.842810 -0.059761 -0.921212 1.250013
3.903904 -0.802139 -0.103842 -0.961268 1.256282
4.004004 -0.758597 -0.147519 -0.997826 1.262097
4.104104 -0.712352 -0.190637 -1.030768 1.267387
4.204204 -0.663641 -0.233060 -1.060079 1.272204
4.304304 -0.612718 -0.274669 -1.085790 1.276639
4.404404 -0.559811 -0.315347 -1.107910 1.280741
4.504505 -0.505154 -0.354994 -1.126486 1.284590
4.604605 -0.448961 -0.393512 -1.141547 1.288234
4.704705 -0.391437 -0.430807 -1.153121 1.291707
4.804805 -0.332765 -0.466773 -1.161195 1.294984
4.904905 -0.273116 -0.501291 -1.165722 1.297995
5.005005 -0.212679 -0.534268 -1.166715 1.300730
5.105105 -0.151644 -0.565624 -1.164215 1.303197
5.205205 -0.090197 -0.595273 -1.158242 1.305377
5.305305 -0.028522 -0.623132 -1.148830 1.307255
5.405405 0.033197 -0.649136 -1.136038 1.308840
5.505506 0.094777 -0.673206 -1.119899 1.310100
5.605606 0.156036 -0.695265 -1.100453 1.311006
5.705706 0.216801 -0.715285 -1.077813 1.311609
5.805806 0.276906 -0.733246 -1.052106 1.311965
5.905906 0.336174 -0.749084 -1.023387 1.312045
6.006006 0.394418 -0.762719 -0.991691 1.311776
6.106106 0.451448 -0.774071 -0.957060 1.311089
6.206206 0.507072 -0.783070 -0.919551 1.309921
6.306306 0.561139 -0.789714 -0.879309 1.308323
6.406406 0.613483 -0.793979 -0.836450 1.306297
6.506507 0.663910 -0.795805 -0.791053 1.303782
6.606607 0.712240 -0.795158 -0.743228 1.300749
6.706707 0.758312 -0.792025 -0.693110 1.297206
6.806807 0.801974 -0.786408 -0.640851 1.293170
6.906907 0.843056 -0.778294 -0.586588 1.288632
7.007007 0.881388 -0.767671 -0.530466 1.283573
7.107107 0.916835 -0.754564 -0.472659 1.278030
7.207207 0.949283 -0.739017 -0.413356 1.272065
7.307307 0.978592 -0.721053 -0.352735 1.265694
7.407407 1.004625 -0.700701 -0.290979 1.258937
7.507508 1.027255 -0.678001 -0.228284 1.251819
7.607608 1.046378 -0.653010 -0.164852 1.244389
7.707708 1.061860 -0.625772 -0.100892 1.236655
7.807808 1.073606 -0.596355 -0.036618 1.228662
7.907908 1.081514 -0.564831 0.027743 1.220441
8.008008 1.085457 -0.531259 0.091961 1.211986
8.108108 1.085331 -0.495718 0.155792 1.203309
8.208208 1.081102 -0.458326 0.218994 1.194488
8.308308 1.072761 -0.419215 0.281322 1.185622
8.408408 1.060184 -0.378471 0.342494 1.176662
8.508509 1.043247 -0.336196 0.402217 1.167549
8.608609 1.021950 -0.292538 0.460215 1.158343
8.708709 0.996285 -0.247655 0.516202 1.149078
8.808809 0.966203 -0.201699 0.569856 1.139722
8.908909 0.931731 -0.154852 0.620874 1.130304
9.009009 0.892909 -0.107309 0.668945 1.120843
9.109109 0.849780 -0.059276 0.713740 1.111335
9.209209 0.802387 -0.010976 0.754899 1.101734
9.309309 0.750794 0.037351 0.792052 1.091986
9.409409 0.695206 0.085448 0.824933 1.082186
9.509510 0.635829 0.133043 0.853253 1.072390
9.609610 0.572893 0.179855 0.876728 1.062641
9.709710 0.506676 0.225594 0.895106 1.053009
9.809810 0.437490 0.269964 0.908154 1.043562
9.909910 0.365671 0.312653 0.915633 1.034336
10.010010 0.291555 0.353309 0.917239 1.025260
10.110110 0.215561 0.391608 0.912788 1.016369
10.210210 0.138169 0.427260 0.902226 1.007796
10.310310 0.059878 0.459951 0.885466 0.999595
10.410410 -0.018787 0.489393 0.862502 0.991851
10.510511 -0.097266 0.515307 0.833365 0.984632
10.610611 -0.174981 0.537415 0.798119 0.977971
10.710711 -0.251323 0.555445 0.756860 0.971863
10.810811 -0.325669 0.569154 0.709753 0.966306
10.910911 -0.397382 0.578337 0.657044 0.961297
11.011011 -0.465804 0.582790 0.599000 0.956775
11.111111 -0.530337 0.582425 0.536041 0.952794
11.211211 -0.590372 0.577166 0.468617 0.949348
11.311311 -0.645314 0.566966 0.397220 0.946395
11.411411 -0.694634 0.551862 0.322426 0.943942
11.511512 -0.737867 0.531954 0.244865 0.942009
11.611612 -0.774664 0.507436 0.165221 0.940688
11.711712 -0.804670 0.478499 0.084182 0.939969
11.811812 -0.827519 0.445335 0.002445 0.939743
11.911912 -0.842911 0.408185 -0.079263 0.939892
12.012012 -0.850728 0.367393 -0.160215 0.940417
12.112112 -0.850915 0.323332 -0.239680 0.941301
12.212212 -0.843490 0.276403 -0.316958 0.942516
12.312312 -0.828594 0.227053 -0.391380 0.944087
12.412412 -0.806370 0.175721 -0.462294 0.945952
12.512513 -0.776988 0.122857 -0.529054 0.947999
12.612613 -0.740656 0.068923 -0.591028 0.950071
12.712713 -0.697703 0.014403 -0.647667 0.952087
12.812813 -0.648512 -0.040214 -0.698457 0.953954
12.912913 -0.593523 -0.094438 -0.742942 0.955589
13.013013 -0.533316 -0.147797 -0.780833 0.957063
13.113113 -0.468479 -0.199831 -0.811870 0.958404
13.213213 -0.399552 -0.250071 -0.835731 0.959491
13.313313 -0.327127 -0.298068 -0.852177 0.960240
13.413413 -0.251861 -0.343409 -0.861103 0.960657
13.513514 -0.174433 -0.385716 -0.862479 0.960767
13.613614 -0.095512 -0.424590 -0.856238 0.960491
13.713714 -0.015788 -0.459662 -0.842381 0.959763
13.813814 0.064028 -0.490585 -0.820969 0.958521
13.913914 0.143226 -0.517095 -0.792212 0.956818
14.014014 0.221120 -0.539046 -0.756509 0.954866
14.114114 0.297031 -0.556262 -0.714202 0.952753
14.214214 0.370296 -0.568596 -0.665664 0.950541
14.314314 0.440278 -0.575947 -0.611330 0.948306
14.414414 0.506315 -0.578191 -0.551614 0.946011
14.514515 0.567769 -0.575245 -0.486983 0.943621
14.614615 0.624028 -0.567076 -0.417969 0.941108
14.714715 0.674516 -0.553698 -0.345153 0.938448
14.814815 0.718665 -0.535151 -0.269156 0.935581
14.914915 0.755979 -0.511545 -0.190653 0.932487
15.015015 0.786079 -0.483086 -0.110384 0.929235
15.115115 0.808544 -0.449965 -0.029096 0.925774
15.215215 0.823105 -0.412471 0.052430 0.922162
15.315315 0.829486 -0.370907 0.133382 0.918374
15.415415 0.827437 -0.325600 0.212932 0.914335
15.515516 0.816928 -0.276991 0.290256 0.910134
15.615616 0.797885 -0.225517 0.364497 0.905724
15.715716 0.770377 -0.171677 0.434822 0.901123
15.815816 0.734592 -0.116023 0.500422 0.896387
15.915916 0.690743 -0.059125 0.560473 0.891489
16.016016 0.639211 -0.001602 0.614233 0.886496
16.116116 0.580503 0.055905 0.661035 0.881519
16.216216 0.515128 0.112730 0.700172 0.876530
16.316316 0.443737 0.168197 0.731059 0.871573
16.416416 0.367140 0.221641 0.753281 0.866804
16.516517 0.286173 0.272386 0.766425 0.862263
16.616617 0.201752 0.319767 0.770182 0.857983
16.716717 0.114879 0.363152 0.764381 0.854023
16.816817 0.026605 0.401912 0.748906 0.850354
16.916917 -0.061959 0.435462 0.723775 0.846946
17.017017 -0.149655 0.463272 0.689154 0.843772
17.117117 -0.235295 0.484864 0.645328 0.840776
17.217217 -0.317706 0.499892 0.592807 0.838003
17.317317 -0.395736 0.508095 0.532235 0.835489
17.417417 -0.468230 0.509246 0.464319 0.833165
17.517518 -0.534132 0.503272 0.389945 0.831046
17.617618 -0.592508 0.490245 0.310146 0.829214
17.717718 -0.642534 0.470344 0.226039 0.827748
17.817818 -0.683381 0.443760 0.138767 0.826552
17.917918 -0.714261 0.410735 0.049528 0.825424
18.018018 -0.734561 0.371657 -0.040389 0.824221
18.118118 -0.743910 0.327066 -0.129655 0.822912
18.218218 -0.742289 0.277677 -0.216963 0.821688
18.318318 -0.729845 0.224266 -0.301059 0.820735
18.418418 -0.706733 0.167607 -0.380702 0.820059
18.518519 -0.673170 0.108499 -0.454661 0.819541
18.618619 -0.629537 0.047800 -0.521761 0.819046
18.718719 -0.576403 -0.013587 -0.580927 0.818475
18.818819 -0.514517 -0.074731 -0.631206 0.817761
18.918919 -0.444785 -0.134697 -0.671789 0.816871
19.019019 -0.368239 -0.192550 -0.701994 0.815764
19.119119 -0.286029 -0.247388 -0.721303 0.814427
19.219219 -0.199445 -0.298374 -0.729459 0.812968
19.319319 -0.109814 -0.344690 -0.726269 0.811380
19.419419 -0.018506 -0.385560 -0.711663 0.809607
19.519520 0.073039 -0.420295 -0.685785 0.807641
19.619620 0.163370 -0.448306 -0.648981 0.805509
19.719720 0.251044 -0.469153 -0.601852 0.803339
19.819820 0.334665 -0.482504 -0.545145 0.801245
19.919920 0.412882 -0.488125 -0.479748 0.799309
20.020020 0.484356 -0.485829 -0.406612 0.797474
20.120120 0.547933 -0.475648 -0.326914 0.795829
20.220220 0.602587 -0.457762 -0.241962 0.794483
20.320320 0.647331 -0.432380 -0.153093 0.793364
20.420420 0.681327 -0.399853 -0.061741 0.792402
20.520521 0.703977 -0.360695 0.030589 0.791593
20.620621 0.714987 -0.315600 0.122364 0.791064
20.720721 0.714198 -0.265326 0.212068 0.790853
20.820821 0.701595 -0.210691 0.298215 0.790923
20.920921 0.677406 -0.152604 0.379386 0.791265
21.021021 0.642054 -0.092031 0.454253 0.791864
21.121121 0.596116 -0.029973 0.521575 0.792649
21.221221 0.540506 0.032545 0.580384 0.793758
21.321321 0.476334 0.094512 0.629937 0.795392
21.421421 0.404672 0.154951 0.669510 0.797505
21.521522 0.326652 0.212907 0.698476 0.799937
21.621622 0.243551 0.267495 0.716476 0.802626
21.721722 0.156713 0.317898 0.723337 0.805502
21.821822 0.067509 0.363387 0.719072 0.808500
21.921922 -0.022670 0.403339 0.703902 0.811588
22.022022 -0.112459 0.437188 0.678126 0.814638
22.122122 -0.200520 0.464490 0.642238 0.817575
22.222222 -0.285600 0.484972 0.596956 0.820440
22.322322 -0.366544 0.498496 0.543145 0.823322
22.422422 -0.442276 0.504983 0.481705 0.826230
22.522523 -0.511698 0.504315 0.413480 0.828935
22.622623 -0.573756 0.496428 0.339375 0.831151
22.722723 -0.627569 0.481442 0.260455 0.832746
22.822823 -0.672383 0.459584 0.177858 0.833637
22.922923 -0.707633 0.431216 0.092780 0.833846
23.023023 -0.732822 0.396747 0.006437 0.833353
23.123123 -0.747417 0.356573 -0.079945 0.831966
23.223223 -0.750943 0.311147 -0.165090 0.829447
23.323323 -0.743135 0.261054 -0.247692 0.825681
23.423423 -0.723853 0.206960 -0.326415 0.820574
23.523524 -0.693148 0.149630 -0.399936 0.814121
23.623624 -0.651417 0.089948 -0.467041 0.806574
23.723724 -0.599110 0.028841 -0.526501 0.798103
23.823824 -0.536830 -0.032710 -0.577133 0.788885
23.923924 -0.465420 -0.093664 -0.617874 0.779202
24.024024 -0.385913 -0.152942 -0.647784 0.769379
24.124124 -0.299440 -0.209393 -0.665881 0.759544
24.224224 -0.207273 -0.261780 -0.671169 0.749639
24.324324 -0.110994 -0.308854 -0.662925 0.739717
24.424424 -0.012453 -0.349433 -0.640810 0.729997
24.524525 0.086292 -0.382462 -0.604911 0.720861
24.624625 0.183046 -0.406941 -0.555551 0.712561
24.724725 0.275492 -0.421973 -0.493350 0.705231
24.824825 0.361319 -0.426943 -0.419434 0.699111
24.924925 0.438327 -0.421551 -0.335385 0.694492
25.025025 0.504400 -0.405695 -0.243063 0.691439
25.125125 0.557651 -0.379565 -0.144635 0.689901
25.225225 0.596539 -0.343697 -0.042548 0.689780
25.325325 0.620041 -0.298992 0.060586 0.691027
25.425425 0.627807 -0.246724 0.162136 0.693760
25.525526 0.619969 -0.188349 0.259614 0.698023
25.625626 0.597059 -0.125419 0.350734 0.703722
25.725726 0.559885 -0.059521 0.433425 0.710543
25.825826 0.509667 0.007739 0.505975 0.718214
25.925926 0.448066 0.074802 0.567179 0.726671
26.026026 0.376748 0.140203 0.616012 0.735573
26.126126 0.297436 0.202590 0.651705 0.744466
26.226226 0.212041 0.260786 0.673983 0.753143
26.326326 0.122510 0.313835 0.683006 0.761576
26.426426 0.030717 0.360966 0.679196 0.769771
26.526527 -0.061592 0.401510 0.663034 0.777572
26.626627 -0.152767 0.434928 0.635146 0.784799
26.726727 -0.241249 0.460795 0.596268 0.791245
26.826827 -0.325584 0.478812 0.547268 0.796723
26.926927 -0.404501 0.488907 0.489246 0.801257
27.027027 -0.476815 0.491071 0.423324 0.804802
27.127127 -0.541378 0.485290 0.350592 0.807163
27.227227 -0.597197 0.471707 0.272259 0.808255
27.327327 -0.643414 0.450571 0.189607 0.808051
27.427427 -0.679292 0.422225 0.103962 0.806548
27.527528 -0.704224 0.387104 0.016694 0.803779
27.627628 -0.717698 0.345714 -0.070793 0.799762
27.727728 -0.719319 0.298643 -0.157059 0.794528
27.827828 -0.708910 0.246606 -0.240649 0.788213
27.927928 -0.686299 0.190358 -0.320036 0.780811
28.028028 -0.651292 0.130706 -0.393578 0.772120
28.128128 -0.604017 0.068628 -0.459644 0.762115
28.228228 -0.544972 0.005249 -0.516687 0.750991
28.328328 -0.474939 -0.058193 -0.563236 0.739046
28.428428 -0.394891 -0.120355 -0.597812 0.726500
28.528529 -0.306012 -0.179757 -0.618897 0.713435
28.628629 -0.209869 -0.234806 -0.625135 0.699981
28.728729 -0.108519 -0.283919 -0.615665 0.686607
28.828829 -0.004401 -0.325554 -0.590067 0.673931
28.928929 0.099760 -0.358192 -0.548236 0.662432
29.029029 0.200953 -0.380435 -0.490567 0.652510
29.129129 0.295981 -0.391132 -0.418072 0.644494
29.229229 0.381644 -0.389530 -0.332489 0.638698
29.329329 0.454989 -0.375409 -0.236270 0.635429
29.429429 0.513526 -0.349111 -0.132433 0.634922
29.529530 0.555402 -0.311517 -0.024356 0.637265
29.629630 0.579539 -0.263997 0.084455 0.642411
29.729730 0.585723 -0.208319 0.190616 0.650233
29.829830 0.574438 -0.146447 0.291057 0.660409
29.929930 0.546749 -0.080409 0.383156 0.672464
30.030030 0.504376 -0.012225 0.464942 0.686087
30.130130 0.449449 0.056251 0.535132 0.701096
30.230230 0.384186 0.123415 0.592985 0.717260
30.330330 0.310738 0.187925 0.638158 0.734248
30.430430 0.231191 0.248721 0.670760 0.751818
30.530531 0.147437 0.304932 0.691050 0.769592
30.630631 0.061168 0.355866 0.699418 0.787126
30.730731 -0.026046 0.401115 0.696641 0.804289
30.830831 -0.112846 0.440460 0.683640 0.821038
30.930931 -0.198086 0.473826 0.661387 0.837366
31.031031 -0.280827 0.501280 0.630909 0.853341
31.131131 -0.360343 0.523025 0.593270 0.869121
31.231231 -0.436010 0.539229 0.549377 0.884696
31.331331 -0.507272 0.550021 0.499998 0.899914
31.431431 -0.573672 0.555576 0.445890 0.914649
31.531532 -0.634805 0.556060 0.387742 0.928722
31.631632 -0.690371 0.551695 0.326243 0.942026
31.731732 -0.740207 0.542777 0.262081 0.954568
31.831832 -0.784232 0.529621 0.195904 0.966384
31.931932 -0.822410 0.512539 0.128308 0.977505
32.032032 -0.854727 0.491827 0.059837 0.987943
32.132132 -0.881140 0.467739 -0.009006 0.997631
32.232232 -0.901637 0.440534 -0.077750 1.006511
32.332332 -0.916279 0.410488 -0.145952 1.014579
32.432432 -0.925086 0.377850 -0.213184 1.021764
32.532533 -0.928071 0.342856 -0.279037 1.027973
32.632633 -0.925305 0.305758 -0.343122 1.033156
32.732733 -0.916830 0.266796 -0.405050 1.037219
32.832833 -0.902765 0.226229 -0.464470 1.040142
32.932933 -0.883249 0.184318 -0.521045 1.041917
33.033033 -0.858420 0.141321 -0.574445 1.042518
33.133133 -0.828432 0.097499 -0.624349 1.041930
33.233233 -0.793354 0.053104 -0.670371 1.040014
33.333333 -0.753291 0.008401 -0.712133 1.036654
33.433433 -0.708395 -0.036327 -0.749275 1.031773
33.533534 -0.658854 -0.080788 -0.781452 1.025321
33.633634 -0.604916 -0.124677 -0.808356 1.017304
33.733734 -0.546787 -0.167666 -0.829593 1.007627
33.833834 -0.484667 -0.209391 -0.844702 0.996127
33.933934 -0.418855 -0.249477 -0.853297 0.982748
34.034034 -0.349750 -0.287551 -0.855092 0.967571
34.134134 -0.277802 -0.323225 -0.849825 0.950711
34.234234 -0.203493 -0.356073 -0.837195 0.932252
34.334334 -0.127364 -0.385623 -0.816870 0.912251
34.434434 -0.050026 -0.411327 -0.788458 0.890707
34.534535 0.027797 -0.432534 -0.751487 0.867521
34.634635 0.105230 -0.448557 -0.705564 0.842673
34.734735 0.181228 -0.458705 -0.650454 0.816299
34.834835 0.254542 -0.462208 -0.585978 0.788542
34.934935 0.323668 -0.458222 -0.512067 0.759566
35.035035 0.386812 -0.445859 -0.428861 0.729613
35.135135 0.441806 -0.424193 -0.336780 0.698966
35.235235 0.486025 -0.392266 -0.236639 0.667900
35.335335 0.516494 -0.349324 -0.129953 0.636931
35.435435 0.530105 -0.295064 -0.019173 0.606994
35.535536 0.523822 -0.229815 0.092173 0.579397
35.635636 0.495155 -0.154833 0.199425 0.555807
35.735736 0.442611 -0.072480 0.296885 0.537865
35.835836 0.366372 0.013655 0.378279 0.526792
35.935936 0.269199 0.098934 0.437920 0.523479
36.036036 0.156387 0.178416 0.472032 0.528303
36.136136 0.034776 0.247885 0.479630 0.541019
36.236236 -0.088679 0.304459 0.462246 0.560563
36.336336 -0.208043 0.346804 0.423205 0.585369
36.436436 -0.318935 0.374955 0.366803 0.613885
36.536537 -0.418609 0.389873 0.297419 0.644742
36.636637 -0.505675 0.393029 0.219041 0.676874
36.736737 -0.579728 0.386059 0.135006 0.709473
36.836837 -0.640915 0.370523 0.047978 0.741863
36.936937 -0.689624 0.347780 -0.039971 0.773388
37.037037 -0.726531 0.319094 -0.127222 0.803650
37.137137 -0.752366 0.285558 -0.212509 0.832321
37.237237 -0.767890 0.248122 -0.294861 0.859164
37.337337 -0.773931 0.207638 -0.373542 0.884090
37.437437 -0.771198 0.164819 -0.447956 0.906960
37.537538 -0.760321 0.120278 -0.517603 0.927614
37.637638 -0.741936 0.074570 -0.582103 0.945978
37.737738 -0.716693 0.028194 -0.641184 0.962061
37.837838 -0.685163 -0.018405 -0.694596 0.975833
37.937938 -0.647875 -0.064824 -0.742126 0.987267
38.038038 -0.605323 -0.110687 -0.783574 0.996321
38.138138 -0.557946 -0.155637 -0.818720 1.002910
38.238238 -0.506198 -0.199335 -0.847392 1.006998
38.338338 -0.450544 -0.241456 -0.869457 1.008587
38.438438 -0.391404 -0.281665 -0.884716 1.007599
38.538539 -0.329204 -0.319620 -0.892963 1.003950
38.638639 -0.264405 -0.354992 -0.894055 0.997629
38.738739 -0.197474 -0.387420 -0.887790 0.988565
38.838839 -0.128912 -0.416546 -0.874009 0.976739
38.938939 -0.059283 -0.442072 -0.852720 0.962327
39.039039 0.010826 -0.463645 -0.823853 0.945419
39.139139 0.080788 -0.480855 -0.787279 0.926043
39.239239 0.149894 -0.493257 -0.742878 0.904234
39.339339 0.217339 -0.500348 -0.690525 0.880005
39.439439 0.282189 -0.501578 -0.630130 0.853390
39.539540 0.343382 -0.496391 -0.561719 0.824527
39.639640 0.399652 -0.484169 -0.485401 0.793572
39.739740 0.449415 -0.464138 -0.401313 0.760559
39.839840 0.490769 -0.435493 -0.309845 0.725611
39.939940 0.521584 -0.397565 -0.211844 0.689192
40.040040 0.539424 -0.349819 -0.108705 0.652050
40.140140 0.541293 -0.291802 -0.002502 0.614941
40.240240 0.523842 -0.223467 0.103615 0.578864
40.340340 0.483794 -0.145608 0.205055 0.545258
40.440440 0.418607 -0.060321 0.295592 0.515989
40.540541 0.327607 0.028520 0.367602 0.493225
40.640641 0.213395 0.115158 0.413240 0.479130
40.740741 0.082661 0.192688 0.426535 0.475283
40.840841 -0.054682 0.254615 0.405376 0.481818
40.940941 -0.187783 0.296592 0.352410 0.497415
41.041041 -0.307597 0.317409 0.274198 0.520144
41.141141 -0.408415 0.318510 0.178846 0.547939
41.241241 -0.487773 0.302793 0.073950 0.578857
41.341341 -0.545458 0.273575 -0.034318 0.611184
41.441441 -0.582572 0.234008 -0.141348 0.643528
41.541542 -0.600910 0.186883 -0.243851 0.674894
41.641642 -0.602507 0.134545 -0.339573 0.704576
41.741742 -0.589396 0.078924 -0.427003 0.732085
41.841842 -0.563393 0.021586 -0.505074 0.756953
41.941942 -0.526230 -0.036167 -0.573119 0.778904
42.042042 -0.479586 -0.093251 -0.630807 0.797883
42.142142 -0.424894 -0.148743 -0.677861 0.813729
42.242242 -0.363448 -0.201839 -0.714083 0.826286
42.342342 -0.296476 -0.251825 -0.739374 0.835456
42.442442 -0.225142 -0.298052 -0.753689 0.841173
42.542543 -0.150575 -0.339924 -0.757046 0.843409
42.642643 -0.073882 -0.376883 -0.749511 0.842179
42.742743 0.003825 -0.408418 -0.731235 0.837571
42.842843 0.081430 -0.434016 -0.702375 0.829658
42.942943 0.157781 -0.453173 -0.663135 0.818541
43.043043 0.231638 -0.465312 -0.613674 0.804218
43.143143 0.301647 -0.469818 -0.554194 0.786670
43.243243 0.366306 -0.466073 -0.485032 0.765937
43.343343 0.423863 -0.453368 -0.406603 0.741976
43.443443 0.472403 -0.431082 -0.319638 0.714958
43.543544 0.509889 -0.398772 -0.225307 0.685397
43.643644 0.533910 -0.356002 -0.125154 0.653805
43.743744 0.541629 -0.302438 -0.021317 0.620713
43.843844 0.529894 -0.238102 0.083124 0.586847
43.943944 0.495459 -0.163673 0.183811 0.553222
44.044044 0.435535 -0.080957 0.274801 0.521306
44.144144 0.348964 0.006556 0.348698 0.493365
44.244244 0.237353 0.093381 0.397183 0.472029
44.344344 0.106306 0.172300 0.412678 0.459664
44.444444 -0.034119 0.235661 0.391121 0.457904
44.544545 -0.171414 0.277534 0.333920 0.466809
44.644645 -0.294063 0.295535 0.247902 0.485046
44.744745 -0.394546 0.291094 0.142902 0.510708
44.844845 -0.469641 0.267820 0.028523 0.541391
44.944945 -0.519348 0.229988 -0.087543 0.574700
45.045045 -0.545689 0.181756 -0.199765 0.608866
45.145145 -0.551514 0.126655 -0.304540 0.642614
45.245245 -0.539775 0.067503 -0.399647 0.675005
45.345345 -0.513135 0.006483 -0.483730 0.705227
45.445445 -0.474039 -0.054692 -0.556068 0.732746
45.545546 -0.424688 -0.114674 -0.616358 0.757236
45.645646 -0.367083 -0.172413 -0.664642 0.778605
45.745746 -0.302978 -0.227071 -0.701108 0.796812
45.845846 -0.233901 -0.277966 -0.726002 0.811821
45.945946 -0.161244 -0.324552 -0.739685 0.823691
46.046046 -0.086234 -0.366306 -0.742403 0.832334
46.146146 -0.010017 -0.402749 -0.734397 0.837643
46.246246 0.066302 -0.433475 -0.716006 0.839619
46.346346 0.141642 -0.458075 -0.687537 0.838214
46.446446 0.214921 -0.476140 -0.649298 0.833360
46.546547 0.285047 -0.487309 -0.601694 0.825080
46.646647 0.350869 -0.491192 -0.545136 0.813359
46.746747 0.411113 -0.487331 -0.480027 0.798080
46.846847 0.464408 -0.475288 -0.406904 0.779194
46.946947 0.509298 -0.454696 -0.326510 0.756797
47.047047 0.544133 -0.425179 -0.239766 0.730990
47.147147 0.566935 -0.386318 -0.147823 0.701789
47.247247 0.575441 -0.337775 -0.052261 0.669294
47.347347 0.567107 -0.279419 0.044703 0.633785
47.447447 0.539094 -0.211452 0.139961 0.595754
47.547548 0.488386 -0.134696 0.229125 0.556024
47.647648 0.412243 -0.051079 0.306078 0.515981
47.747748 0.309013 0.035652 0.362485 0.477656
47.847848 0.180059 0.119034 0.388030 0.444024
47.947948 0.032613 0.189485 0.372454 0.419154
48.048048 -0.118441 0.235933 0.310204 0.407332
48.148148 -0.253207 0.250212 0.205790 0.411180
48.248248 -0.354786 0.231501 0.074052 0.430057
48.348348 -0.416055 0.186210 -0.066597 0.460664
48.448448 -0.438924 0.123506 -0.201507 0.498511
48.548549 -0.429961 0.051658 -0.322141 0.539731
48.648649 -0.396647 -0.023240 -0.424755 0.581624
48.748749 -0.345424 -0.097178 -0.508349 0.622238
48.848849 -0.281572 -0.167629 -0.573478 0.660499
48.948949 -0.209229 -0.233064 -0.621383 0.695854
49.049049 -0.131551 -0.292578 -0.653483 0.727975
49.149149 -0.050977 -0.345634 -0.671165 0.756653
49.249249 0.030581 -0.391906 -0.675692 0.781719
49.349349 0.111569 -0.431184 -0.668182 0.803016
49.449449 0.190691 -0.463347 -0.649670 0.820442
49.549550 0.266827 -0.488322 -0.621108 0.833925
49.649650 0.338964 -0.506036 -0.583339 0.843358
49.749750 0.406214 -0.516495 -0.537235 0.848762
49.849850 0.467791 -0.519780 -0.483698 0.850272
49.949950 0.522886 -0.515901 -0.423528 0.847903
50.050050 0.570579 -0.504757 -0.357431 0.841485
50.150150 0.609896 -0.486239 -0.286150 0.830833
50.250250 0.639872 -0.460308 -0.210548 0.815874
50.350350 0.659495 -0.426963 -0.131602 0.796586
50.450450 0.667688 -0.386255 -0.050440 0.773010
50.550551 0.663266 -0.338288 0.031605 0.745225
50.650651 0.644848 -0.283228 0.112902 0.713298
50.750751 0.610835 -0.221371 0.191372 0.677309
50.850851 0.559543 -0.153319 0.264311 0.637538
50.950951 0.489240 -0.080147 0.328106 0.594502
51.051051 0.398333 -0.003734 0.377845 0.549044
51.151151 0.286081 0.072663 0.406946 0.502720
51.251251 0.153815 0.143557 0.406821 0.458008
51.351351 0.007526 0.200370 0.367822 0.418925
51.451451 -0.138938 0.232160 0.283626 0.391977
51.551552 -0.264251 0.229428 0.157728 0.383855
51.651652 -0.347995 0.190594 0.006999 0.396832
51.751752 -0.382102 0.124267 -0.145280 0.427259
51.851852 -0.372185 0.043256 -0.281482 0.468641
51.951952 -0.329752 -0.041844 -0.393650 0.515216
52.052052 -0.265822 -0.124467 -0.480605 0.563146
52.152152 -0.188824 -0.201165 -0.544282 0.610217
52.252252 -0.104629 -0.270358 -0.587508 0.655139
52.352352 -0.017237 -0.331432 -0.613037 0.697108
52.452452 0.070605 -0.384293 -0.623353 0.735687
52.552553 0.156987 -0.429189 -0.620743 0.770824
52.652653 0.240569 -0.466454 -0.607108 0.802517
52.752753 0.320363 -0.496407 -0.583971 0.830707
52.852853 0.395643 -0.519396 -0.552660 0.855418
52.952953 0.465838 -0.535739 -0.514300 0.876656
53.053053 0.530503 -0.545749 -0.469884 0.894465
53.153153 0.589333 -0.549782 -0.420345 0.908991
53.253253 0.642008 -0.548099 -0.366463 0.920262
53.353353 0.688235 -0.540937 -0.308944 0.928292
53.453453 0.727768 -0.528536 -0.248464 0.933130
53.553554 0.760269 -0.511053 -0.185626 0.934687
53.653654 0.785361 -0.488613 -0.121023 0.932835
53.753754 0.802707 -0.461378 -0.055268 0.927504
53.853854 0.812103 -0.429595 0.010996 0.918795
53.953954 0.813369 -0.393533 0.077108 0.906853
54.054054 0.806162 -0.353398 0.142372 0.891660
54.154154 0.790007 -0.309366 0.206009 0.873074
54.254254 0.764477 -0.261689 0.267153 0.851045
54.354354 0.729221 -0.210712 0.324847 0.825644
54.454454 0.683754 -0.156818 0.377932 0.796834
54.554555 0.627584 -0.100506 0.425034 0.764603
54.654655 0.560264 -0.042455 0.464501 0.729013
54.754755 0.481414 0.016413 0.494307 0.690195
54.854855 0.390865 0.074803 0.511958 0.648438
54.954955 0.288803 0.130872 0.514318 0.604200
55.055055 0.176209 0.181968 0.497560 0.558326
55.155155 0.055501 0.224243 0.457097 0.512156
55.255255 -0.068267 0.252425 0.388318 0.468155
55.355355 -0.185929 0.259864 0.288110 0.430240
55.455455 -0.283273 0.239672 0.157797 0.403220
55.555556 -0.343552 0.188504 0.007528 0.391941
55.655656 -0.355134 0.110702 -0.143655 0.398763
55.755756 -0.318399 0.017680 -0.275579 0.421466
55.855856 -0.244500 -0.077746 -0.375947 0.455149
55.955956 -0.147805 -0.166331 -0.442000 0.494850
56.056056 -0.040309 -0.243288 -0.476699 0.536708
56.156156 0.069612 -0.306832 -0.484922 0.578049
56.256256 0.176539 -0.356735 -0.471490 0.617032
56.356356 0.277066 -0.393597 -0.440770 0.652658
56.456456 0.369072 -0.418326 -0.396443 0.684381
56.556557 0.451209 -0.431864 -0.341506 0.711844
56.656657 0.522727 -0.435240 -0.278535 0.735023
56.756757 0.583253 -0.429475 -0.209727 0.754068
56.856857 0.632470 -0.415399 -0.136884 0.768968
56.956957 0.670157 -0.393768 -0.061576 0.779715
57.057057 0.696206 -0.365319 0.014767 0.786371
57.157157 0.710554 -0.330749 0.090825 0.789007
57.257257 0.713167 -0.290739 0.165343 0.787703
57.357357 0.703988 -0.245946 0.237084 0.782495
57.457457 0.682904 -0.197021 0.304767 0.773343
57.557558 0.649833 -0.144667 0.367049 0.760221
57.657658 0.604727 -0.089667 0.422471 0.743113
57.757758 0.547616 -0.032925 0.469439 0.722039
57.857858 0.478675 0.024480 0.506179 0.697098
57.957958 0.398204 0.081233 0.530614 0.668369
58.058058 0.306801 0.135668 0.540323 0.635989
58.158158 0.205639 0.185658 0.532612 0.600360
58.258258 0.096770 0.228446 0.504503 0.562206
58.358358 -0.016401 0.260418 0.452775 0.522581
58.458458 -0.128292 0.276999 0.374588 0.483222
58.558559 -0.230182 0.272799 0.268663 0.446747
58.658659 -0.309735 0.242651 0.137610 0.416836
58.758759 -0.352583 0.184133 -0.009057 0.397871
58.858859 -0.347727 0.100904 -0.154134 0.393514
58.958959 -0.294201 0.003549 -0.277644 0.404540
59.059059 -0.202262 -0.094496 -0.365311 0.428125
59.159159 -0.087752 -0.182486 -0.413093 0.460051
59.259259 0.034837 -0.254631 -0.424562 0.496289
59.359359 0.155274 -0.309135 -0.406366 0.533673
59.459459 0.267297 -0.346585 -0.365606 0.570295
59.559560 0.367374 -0.368450 -0.308332 0.604804
59.659660 0.453647 -0.376424 -0.239391 0.636237
59.759760 0.525261 -0.372220 -0.162688 0.664014
59.859860 0.581859 -0.357376 -0.081335 0.687672
59.959960 0.623386 -0.333282 0.002112 0.706889
60.060060 0.650085 -0.301270 0.085492 0.721584
60.160160 0.662416 -0.262613 0.166958 0.731872
60.260260 0.660844 -0.218462 0.244888 0.737842
60.360360 0.645797 -0.169878 0.317787 0.739528
60.460460 0.617610 -0.117863 0.384172 0.736833
60.560561 0.576680 -0.063444 0.442581 0.729701
60.660661 0.523542 -0.007716 0.491560 0.718183
60.760761 0.458741 0.048141 0.529510 0.702241
60.860861 0.382967 0.102793 0.554700 0.681852
60.960961 0.297141 0.154670 0.565191 0.657006
61.061061 0.202501 0.201840 0.558702 0.627610
61.161161 0.100973 0.241952 0.532862 0.593867
61.261261 -0.004512 0.272068 0.485217 0.556306
61.361361 -0.109506 0.288321 0.413098 0.515529
61.461461 -0.207078 0.285881 0.314508 0.472784
61.561562 -0.286678 0.259252 0.189743 0.430579
61.661662 -0.333626 0.203668 0.044398 0.393393
61.761762 -0.331682 0.118771 -0.106494 0.368049
61.861862 -0.271316 0.013339 -0.237933 0.361113
61.961962 -0.160464 -0.094649 -0.325232 0.374810
62.062062 -0.022367 -0.187427 -0.358859 0.405473
62.162162 0.119455 -0.255966 -0.345272 0.446095
62.262262 0.250011 -0.299311 -0.297228 0.490344
62.362362 0.362274 -0.320412 -0.226814 0.534182
62.462462 0.453957 -0.323162 -0.143249 0.575352
62.562563 0.525106 -0.311220 -0.053072 0.612708
62.662663 0.576772 -0.287698 0.039136 0.645730
62.762763 0.610310 -0.255119 0.130138 0.674166
62.862863 0.627176 -0.215568 0.217592 0.697973
62.962963 0.628715 -0.170756 0.299715 0.717126
63.063063 0.616128 -0.122118 0.375083 0.731583
63.163163 0.590586 -0.070929 0.442537 0.741391
63.263263 0.553203 -0.018338 0.501082 0.746627
63.363363 0.505029 0.034586 0.549807 0.747354
63.463463 0.446993 0.086800 0.587733 0.743483
63.563564 0.380056 0.137247 0.613886 0.734939
63.663664 0.305315 0.184823 0.627340 0.721756
63.763764 0.223984 0.228340 0.627127 0.703986
63.863864 0.137444 0.266428 0.612116 0.681586
63.963964 0.047406 0.297541 0.581178 0.654634
64.064064 -0.043914 0.319868 0.533190 0.623326
64.164164 -0.133588 0.331165 0.466944 0.587837
64.264264 -0.217551 0.328710 0.381466 0.548539
64.364364 -0.290026 0.309233 0.276448 0.506126
64.464464 -0.342855 0.269150 0.153319 0.462058
64.564565 -0.365053 0.205417 0.017204 0.419233
64.664665 -0.343445 0.117543 -0.120059 0.382341
64.764765 -0.267927 0.011778 -0.237471 0.358212
64.864865 -0.142211 -0.095779 -0.309645 0.353946
64.964965 0.011377 -0.184821 -0.321593 0.371093
65.065065 0.163900 -0.242778 -0.278633 0.404278
65.165165 0.295615 -0.268874 -0.198429 0.446157
65.265265 0.398497 -0.268352 -0.098164 0.490356
65.365365 0.471705 -0.247630 0.009800 0.532844
65.465465 0.517533 -0.212433 0.117380 0.571617
65.565566 0.539082 -0.167209 0.219563 0.605620
65.665666 0.539591 -0.115429 0.313229 0.634504
65.765766 0.521867 -0.059739 0.396329 0.658020
65.865866 0.488369 -0.002244 0.467448 0.676030
65.965966 0.441271 0.055300 0.525526 0.688445
66.066066 0.382606 0.111376 0.569796 0.695312
66.166166 0.314274 0.164604 0.599606 0.696699
66.266266 0.238061 0.213656 0.614295 0.692589
66.366366 0.155799 0.257200 0.613232 0.682992
66.466466 0.069436 0.293839 0.595783 0.667922
66.566567 -0.018829 0.322061 0.561354 0.647454
66.666667 -0.106409 0.340165 0.509379 0.621692
66.766767 -0.190106 0.346204 0.439443 0.590854
66.866867 -0.265789 0.337901 0.351436 0.555273
66.966967 -0.327975 0.312676 0.246006 0.515609
67.067067 -0.369321 0.267844 0.125417 0.473147
67.167167 -0.380078 0.201164 -0.004955 0.430059
67.267267 -0.348865 0.112705 -0.133997 0.390339
67.367367 -0.266572 0.008326 -0.242374 0.360382
67.467467 -0.135377 -0.096953 -0.305160 0.347634
67.567568 0.023526 -0.182141 -0.305041 0.356060
67.667668 0.178673 -0.232645 -0.246137 0.382925
67.767768 0.307184 -0.247432 -0.148677 0.421532
67.867868 0.400909 -0.233703 -0.033487 0.465260
67.967968 0.460853 -0.200019 0.084998 0.509526
68.068068 0.491370 -0.153421 0.198311 0.551643
68.168168 0.497328 -0.099074 0.301858 0.590144
68.268268 0.483225 -0.040682 0.393316 0.624387
68.368368 0.452941 0.019098 0.471649 0.654197
68.468468 0.409554 0.078329 0.536345 0.679364
68.568569 0.355615 0.135538 0.587216 0.699753
68.668669 0.293421 0.189589 0.624434 0.715513
68.768769 0.224951 0.239556 0.648243 0.726780
68.868869 0.151979 0.284690 0.659010 0.733785
68.968969 0.076100 0.324283 0.657001 0.736614
69.069069 -0.001208 0.357586 0.642291 0.735124
69.169169 -0.078448 0.383909 0.615088 0.729297
69.269269 -0.154094 0.402639 0.575761 0.719280
69.369369 -0.226514 0.413075 0.524625 0.705103
69.469469 -0.293906 0.414438 0.462015 0.686730
69.569570 -0.354209 0.405893 0.388420 0.664141
69.669670 -0.405010 0.386539 0.304549 0.637335
69.769770 -0.443449 0.355474 0.211538 0.606430
69.869870 -0.465935 0.311720 0.111096 0.571495
69.969970 -0.468249 0.254581 0.006045 0.533015
70.070070 -0.445555 0.183997 -0.099060 0.492125
70.170170 -0.392371 0.101041 -0.196989 0.450520
70.270270 -0.303851 0.009325 -0.276568 0.410977
70.370370 -0.179332 -0.082957 -0.322410 0.378140
70.470470 -0.027875 -0.161815 -0.318090 0.357969
70.570571 0.128102 -0.210679 -0.255434 0.355024
70.670671 0.260113 -0.219828 -0.144447 0.369930
70.770771 0.349117 -0.192143 -0.008703 0.398594
70.870871 0.391638 -0.138453 0.128960 0.434949
70.970971 0.394115 -0.070306 0.253978 0.474103
71.071071 0.365482 0.003582 0.359294 0.512525
71.171171 0.314065 0.077393 0.442474 0.548096
71.271271 0.246866 0.147418 0.503604 0.579907
71.371371 0.169292 0.211313 0.543687 0.607378
71.471471 0.085558 0.267566 0.564071 0.630149
71.571572 -0.000930 0.315235 0.566352 0.648173
71.671672 -0.087375 0.353655 0.552029 0.661394
71.771772 -0.171374 0.382270 0.522426 0.669648
71.871872 -0.250795 0.400729 0.478967 0.672972
71.971972 -0.323619 0.408709 0.423019 0.671355
72.072072 -0.387834 0.405867 0.355910 0.664692
72.172172 -0.441340 0.391872 0.279072 0.652860
72.272272 -0.481855 0.366398 0.194117 0.635699
72.372372 -0.506817 0.329160 0.103010 0.613043
72.472472 -0.513309 0.279998 0.008277 0.584768
72.572573 -0.498186 0.219130 -0.086650 0.551104
72.672673 -0.457834 0.147291 -0.176964 0.512468
72.772773 -0.388291 0.066251 -0.255652 0.469592
72.872873 -0.286348 -0.019993 -0.312425 0.424269
72.972973 -0.152210 -0.103355 -0.332930 0.380385
73.073073 0.004871 -0.169530 -0.300358 0.344934
73.173173 0.159553 -0.199520 -0.204989 0.327545
73.273273 0.275263 -0.181139 -0.060203 0.334971
73.373373 0.329087 -0.121422 0.099217 0.364535
73.473473 0.324906 -0.039567 0.242475 0.407337
73.573574 0.279491 0.047889 0.356004 0.455134
73.673674 0.208675 0.131424 0.437953 0.502613
73.773774 0.123872 0.206507 0.491188 0.547042
73.873874 0.032676 0.271267 0.519678 0.587128
73.973974 -0.059923 0.325140 0.527221 0.622309
74.074074 -0.150566 0.368194 0.517186 0.652470
74.174174 -0.236907 0.400710 0.492341 0.677564
74.274274 -0.317270 0.423116 0.455073 0.697695
74.374374 -0.390390 0.435881 0.407451 0.713031
74.474474 -0.455163 0.439351 0.351161 0.723545
74.574575 -0.510622 0.433855 0.287729 0.729214
74.674675 -0.555960 0.419783 0.218638 0.730146
74.774775 -0.590371 0.397489 0.145298 0.726393
74.874875 -0.612977 0.367274 0.069104 0.717918
74.974975 -0.622703 0.329377 -0.008479 0.704500
75.075075 -0.618281 0.284034 -0.085802 0.685791
75.175175 -0.598346 0.231608 -0.160895 0.661473
75.275275 -0.561510 0.172690 -0.231352 0.631379
75.375375 -0.506369 0.108210 -0.294146 0.595518
75.475475 -0.431487 0.039607 -0.345301 0.554060
75.575576 -0.335700 -0.030761 -0.379448 0.507564
75.675676 -0.218686 -0.098885 -0.389065 0.457136
75.775776 -0.082865 -0.157811 -0.363973 0.405275
75.875876 0.062391 -0.195999 -0.292456 0.357545
75.975976 0.194422 -0.197489 -0.167669 0.323905
76.076076 0.277606 -0.150552 -0.002902 0.315815
76.176176 0.287669 -0.063722 0.163060 0.336752
76.276276 0.234166 0.038146 0.294714 0.378345
76.376376 0.143441 0.135066 0.381527 0.429397
76.476476 0.036962 0.218328 0.428554 0.482382
76.576577 -0.072629 0.285943 0.444422 0.533431
76.676677 -0.178636 0.338644 0.436911 0.580932
76.776777 -0.277589 0.377809 0.411856 0.624036
76.876877 -0.367732 0.404922 0.373616 0.662403
76.976977 -0.448225 0.421391 0.325541 0.696027
77.077077 -0.518699 0.428438 0.270185 0.724988
77.177177 -0.579100 0.427172 0.209593 0.749508
77.277277 -0.629386 0.418457 0.145365 0.769652
77.377377 -0.669548 0.403026 0.078824 0.785454
77.477477 -0.699602 0.381529 0.011124 0.796951
77.577578 -0.719436 0.354476 -0.056704 0.804025
77.677678 -0.728902 0.322335 -0.123679 0.806532
77.777778 -0.727939 0.285602 -0.188848 0.804442
77.877878 -0.716373 0.244733 -0.251224 0.797620
77.977978 -0.693968 0.200185 -0.309755 0.785884
78.078078 -0.660576 0.152495 -0.363334 0.769173
78.178178 -0.616012 0.102256 -0.410713 0.747404
78.278278 -0.560110 0.050171 -0.450468 0.720529
78.378378 -0.492821 -0.002891 -0.480987 0.688643
78.478478 -0.413908 -0.055817 -0.500039 0.651517
78.578579 -0.323210 -0.107060 -0.504686 0.608797
78.678679 -0.221154 -0.154384 -0.491315 0.560477
78.778779 -0.109124 -0.194422 -0.455204 0.506872
78.878879 0.009362 -0.221966 -0.390377 0.449167
78.978979 0.126180 -0.228866 -0.290015 0.390397
79.079079 0.223607 -0.203016 -0.149440 0.336968
79.179179 0.270037 -0.132692 0.021930 0.301675
79.279279 0.234875 -0.023239 0.184938 0.299848
79.379379 0.126982 0.094251 0.292193 0.332241
79.479479 -0.012387 0.191410 0.332474 0.383836
79.579580 -0.151451 0.260315 0.322208 0.441043
79.679680 -0.276352 0.303791 0.279859 0.496971
79.779780 -0.382889 0.326750 0.218317 0.548664
79.879880 -0.470438 0.333389 0.145741 0.594728
79.979980 -0.539615 0.326953 0.067373 0.634525
80.080080 -0.591548 0.310047 -0.013185 0.668006
80.180180 -0.627218 0.284615 -0.093386 0.695074
80.280280 -0.647521 0.252213 -0.171291 0.715706
80.380380 -0.653381 0.214196 -0.245360 0.730061
80.480480 -0.645524 0.171698 -0.314247 0.738196
80.580581 -0.624525 0.125723 -0.376704 0.740097
80.680681 -0.590881 0.077227 -0.431488 0.735721
80.780781 -0.544913 0.027152 -0.477217 0.724848
80.880881 -0.486848 -0.023486 -0.512280 0.707109
80.980981 -0.416916 -0.073499 -0.534761 0.682048
81.081081 -0.335539 -0.121423 -0.542435 0.649281
81.181181 -0.243469 -0.165364 -0.532616 0.608525
81.281281 -0.141976 -0.202687 -0.501793 0.559495
81.381381 -0.033468 -0.229417 -0.445135 0.501894
81.481481 0.076920 -0.239448 -0.356613 0.436377
81.581582 0.177800 -0.223021 -0.229662 0.366191
81.681682 0.243702 -0.165403 -0.062358 0.301060
81.781782 0.228484 -0.055863 0.120063 0.264085
81.881882 0.108578 0.078115 0.245388 0.279476
81.981982 -0.059046 0.183982 0.274062 0.335329
82.082082 -0.216060 0.246716 0.235361 0.403665
82.182182 -0.344405 0.275263 0.162823 0.469996
82.282282 -0.443286 0.279838 0.075593 0.529647
82.382382 -0.515761 0.267577 -0.016442 0.581272
82.482482 -0.565284 0.243334 -0.107875 0.624816
82.582583 -0.594811 0.210453 -0.195550 0.660553
82.682683 -0.606704 0.171322 -0.277446 0.688780
82.782783 -0.602719 0.127712 -0.352073 0.709602
82.882883 -0.584238 0.081041 -0.418213 0.723051
82.982983 -0.552525 0.032550 -0.474853 0.729266
83.083083 -0.508775 -0.016630 -0.521112 0.728482
83.183183 -0.454066 -0.065422 -0.556094 0.720899
83.283283 -0.389236 -0.112713 -0.578602 0.706392
83.383383 -0.315006 -0.157218 -0.587023 0.684502
83.483483 -0.232327 -0.197421 -0.579545 0.654846
83.583584 -0.142568 -0.231462 -0.554144 0.617232
83.683684 -0.047673 -0.256834 -0.508184 0.571391
83.783784 0.049225 -0.270003 -0.438333 0.517166
83.883884 0.142552 -0.265781 -0.340636 0.454966
83.983984 0.221540 -0.236206 -0.211159 0.386602
84.084084 0.264392 -0.169858 -0.050398 0.318268
84.184184 0.232054 -0.057945 0.119764 0.267489
84.284284 0.097253 0.076902 0.232272 0.263291
84.384384 -0.086189 0.178307 0.237646 0.309350
84.484484 -0.248475 0.227422 0.169348 0.377014
84.584585 -0.370663 0.238172 0.070729 0.446228
84.684685 -0.456209 0.224869 -0.035798 0.509877
84.784785 -0.511808 0.196595 -0.140353 0.565947
84.884885 -0.543227 0.158943 -0.238437 0.614175
84.984985 -0.554804 0.115443 -0.327891 0.654712
85.085085 -0.549872 0.068491 -0.407617 0.687896
85.185185 -0.530934 0.019793 -0.476965 0.713988
85.285285 -0.500013 -0.029346 -0.535536 0.733262
85.385385 -0.458831 -0.077870 -0.583093 0.746047
85.485485 -0.408827 -0.124875 -0.619400 0.752589
85.585586 -0.351195 -0.169517 -0.644091 0.752946
85.685686 -0.287004 -0.210950 -0.656677 0.747058
85.785786 -0.217337 -0.248302 -0.656630 0.734882
85.885886 -0.143326 -0.280598 -0.643294 0.716314
85.985986 -0.066234 -0.306708 -0.615850 0.691178
86.086086 0.012406 -0.325225 -0.573249 0.659196
86.186186 0.090594 -0.334446 -0.514357 0.620181
86.286286 0.165564 -0.332258 -0.438042 0.574184
86.386386 0.233176 -0.315686 -0.342946 0.521192
86.486486 0.286760 -0.280546 -0.227981 0.461425
86.586587 0.315116 -0.221313 -0.094019 0.396380
86.686687 0.299233 -0.132028 0.051311 0.331066
86.786787 0.212061 -0.013244 0.180897 0.279050
86.886887 0.045739 0.107635 0.237841 0.265038
86.986987 -0.142338 0.182150 0.190352 0.299454
87.087087 -0.289641 0.199823 0.079943 0.360849
87.187187 -0.385541 0.180526 -0.047366 0.428340
87.287287 -0.440433 0.141473 -0.170635 0.493064
87.387387 -0.465035 0.092454 -0.282594 0.551965
87.487487 -0.467244 0.038867 -0.381153 0.604240
87.587588 -0.452758 -0.016170 -0.466205 0.650076
87.687688 -0.425545 -0.070777 -0.538194 0.689747
87.787788 -0.388451 -0.123751 -0.597706 0.723506
87.887888 -0.343717 -0.174288 -0.645458 0.751754
87.987988 -0.293103 -0.221830 -0.682143 0.774878
88.088088 -0.238008 -0.265953 -0.708350 0.793183
88.188188 -0.179569 -0.306299 -0.724530 0.806851
88.288288 -0.118756 -0.342530 -0.731016 0.815975
88.388388 -0.056449 -0.374352 -0.728126 0.820666
88.488488 0.006533 -0.401443 -0.716070 0.820948
88.588589 0.069398 -0.423457 -0.694991 0.816789
88.688689 0.131336 -0.440044 -0.665042 0.808189
88.788789 0.191492 -0.450786 -0.626294 0.795060
88.888889 0.248932 -0.455225 -0.578827 0.777328
88.988989 0.302578 -0.452803 -0.522679 0.754836
89.089089 0.351170 -0.442888 -0.457923 0.727436
89.189189 0.393212 -0.424777 -0.384745 0.695040
89.289289 0.426700 -0.397501 -0.303334 0.657337
89.389389 0.449032 -0.359912 -0.214134 0.614019
89.489489 0.456819 -0.310765 -0.118179 0.565000
89.589590 0.445339 -0.248651 -0.017492 0.510353
89.689690 0.408113 -0.172377 0.083821 0.450883
89.789790 0.336190 -0.081858 0.177269 0.388779
89.889890 0.219217 0.018749 0.245377 0.329571
89.989990 0.054864 0.113026 0.256351 0.285484
90.090090 -0.125272 0.166870 0.179332 0.275133
90.190190 -0.258975 0.157521 0.033428 0.304956
90.290290 -0.320303 0.102191 -0.125343 0.358815
90.390390 -0.325053 0.027665 -0.264034 0.419689
90.490490 -0.294136 -0.050507 -0.374852 0.479146
90.590591 -0.241985 -0.125383 -0.459241 0.534022
90.690691 -0.177470 -0.194071 -0.520556 0.583213
90.790791 -0.106057 -0.255360 -0.561899 0.626249
90.890891 -0.031347 -0.308850 -0.586023 0.663170
90.990991 0.044171 -0.354522 -0.595301 0.694277
91.091091 0.118713 -0.392411 -0.591514 0.719700
91.191191 0.190897 -0.422552 -0.576062 0.739486
91.291291 0.259612 -0.445052 -0.550211 0.753792
91.391391 0.323898 -0.460000 -0.515045 0.762746
91.491491 0.382817 -0.467365 -0.471415 0.766297
91.591592 0.435482 -0.467128 -0.420145 0.764444
91.691692 0.481084 -0.459345 -0.362114 0.757341
91.791792 0.518682 -0.443956 -0.298124 0.744987
91.891892 0.547236 -0.420857 -0.228993 0.727341
91.991992 0.565569 -0.389936 -0.155652 0.704377
92.092092 0.572106 -0.350925 -0.079142 0.675809
92.192192 0.564965 -0.303571 -0.000827 0.641359
92.292292 0.541808 -0.247675 0.077399 0.600741
92.392392 0.499558 -0.183140 0.152738 0.553559
92.492492 0.434517 -0.110379 0.220875 0.499774
92.592593 0.342214 -0.030941 0.274707 0.439922
92.692693 0.217826 0.050832 0.301766 0.375626
92.792793 0.060862 0.123321 0.280669 0.312550
92.892893 -0.108561 0.160065 0.183221 0.266414
92.992993 -0.227983 0.128011 0.010248 0.261664
93.093093 -0.245829 0.037308 -0.170197 0.301315
93.193193 -0.186694 -0.067728 -0.302113 0.361544
93.293293 -0.092263 -0.162020 -0.380620 0.423833
93.393393 0.013290 -0.238890 -0.417040 0.480799
93.493493 0.118258 -0.298087 -0.422223 0.530201
93.593594 0.216865 -0.340853 -0.403979 0.571323
93.693694 0.305988 -0.368602 -0.367871 0.604008
93.793794 0.383867 -0.382767 -0.318172 0.628568
93.893894 0.449385 -0.384601 -0.258221 0.645401
93.993994 0.501516 -0.374993 -0.190602 0.654574
94.094094 0.539246 -0.354638 -0.117548 0.656027
94.194194 0.561647 -0.324225 -0.041194 0.649820
94.294294 0.567641 -0.284374 0.036301 0.635927
94.394394 0.555824 -0.235644 0.112582 0.614120
94.494494 0.524437 -0.178675 0.184791 0.584043
94.594595 0.471466 -0.114433 0.249253 0.545438
94.694695 0.394526 -0.044510 0.300794 0.498105
94.794795 0.290943 0.028157 0.331552 0.442004
94.894895 0.159184 0.097461 0.329058 0.378308
94.994995 0.003718 0.149901 0.273328 0.311756
95.095095 -0.147931 0.157364 0.140352 0.257576
95.195195 -0.222836 0.088528 -0.055832 0.246191
95.295295 -0.175963 -0.030461 -0.224693 0.287015
95.395395 -0.060553 -0.142388 -0.314679 0.350662
95.495495 0.069961 -0.226694 -0.340382 0.414903
95.595596 0.192985 -0.283619 -0.324044 0.471898
95.695696 0.300463 -0.317163 -0.280642 0.519259
95.795796 0.389392 -0.330967 -0.219627 0.556238
95.895896 0.458561 -0.327915 -0.147358 0.582684
95.995996 0.507498 -0.310378 -0.068555 0.598822
96.096096 0.535833 -0.280246 0.013020 0.604834
96.196196 0.543247 -0.239189 0.094059 0.600979
96.296296 0.529333 -0.188774 0.171345 0.587527
96.396396 0.493149 -0.130474 0.241321 0.564319
96.496496 0.433669 -0.066085 0.299761 0.531312
96.596597 0.349854 0.001869 0.341123 0.488637
96.696697 0.240618 0.069386 0.357158 0.436203
96.796797 0.106745 0.129011 0.335205 0.374701
96.896897 -0.043172 0.165597 0.256304 0.308185
96.996997 -0.174655 0.150067 0.101422 0.251616
97.097097 -0.208213 0.055833 -0.100546 0.237864
97.197197 -0.113257 -0.075005 -0.244309 0.279535
97.297297 0.033361 -0.180333 -0.292293 0.345062
97.397397 0.175913 -0.247843 -0.276149 0.410645
97.497497 0.297191 -0.284063 -0.224239 0.468292
97.597598 0.393694 -0.296232 -0.152970 0.515895
97.697698 0.465636 -0.289788 -0.071919 0.553143
97.797798 0.514082 -0.268667 0.012859 0.580197
97.897898 0.539966 -0.235743 0.097093 0.597130
97.997998 0.543925 -0.193252 0.177375 0.603873
98.098098 0.526448 -0.143167 0.250628 0.600382
98.198198 0.487739 -0.087346 0.313704 0.586455
98.298298 0.427783 -0.027783 0.363000 0.561729
98.398398 0.346384 0.033059 0.393898 0.525576
98.498498 0.243505 0.091628 0.399968 0.477142
98.598599 0.120339 0.142000 0.371700 0.415700
98.698699 -0.017291 0.172952 0.294526 0.341989
98.798799 -0.146591 0.161133 0.148427 0.263598
98.898899 -0.192752 0.068838 -0.062217 0.213923
98.998999 -0.078380 -0.078377 -0.216707 0.243410
99.099099 0.097254 -0.185692 -0.240250 0.318842
99.199199 0.249730 -0.239529 -0.189922 0.394727
99.299299 0.364648 -0.255979 -0.108579 0.458566
99.399399 0.444064 -0.247121 -0.015970 0.508445
99.499499 0.491696 -0.220437 0.078033 0.544469
99.599600 0.510507 -0.180782 0.167550 0.566897
99.699700 0.502606 -0.131660 0.248316 0.575854
99.799800 0.469557 -0.075968 0.316624 0.571407
99.899900 0.412518 -0.016445 0.368665 0.553494
100.000000 0.332371 0.043898 0.399874 0.521820
