0.000000 -0.351591 0.903688 -0.847706 1.287973
0.100100 -0.429462 0.846937 -0.869671 1.287659
0.200200 -0.505947 0.787590 -0.888920 1.290914
0.300300 -0.580826 0.725858 -0.905420 1.297695
0.400400 -0.653896 0.661966 -0.919166 1.307916
0.500501 -0.725001 0.596172 -0.930205 1.321487
0.600601 -0.794010 0.528736 -0.938608 1.338282
0.700701 -0.860793 0.459890 -0.944426 1.358088
0.800801 -0.925257 0.389872 -0.947743 1.380695
0.900901 -0.987376 0.318928 -0.948698 1.405935
1.001001 -1.047133 0.247281 -0.947423 1.433613
1.101101 -1.104547 0.175137 -0.944063 1.463541
1.201201 -1.159680 0.102683 -0.938788 1.495569
1.301301 -1.212595 0.030085 -0.931751 1.529527
1.401401 -1.263327 -0.042517 -0.923069 1.565202
1.501502 -1.311933 -0.115000 -0.912864 1.602409
1.601602 -1.358479 -0.187256 -0.901256 1.640973
1.701702 -1.403038 -0.259192 -0.888359 1.680737
1.801802 -1.445754 -0.330745 -0.874323 1.721638
1.901902 -1.486795 -0.401871 -0.859302 1.763649
2.002002 -1.526284 -0.472534 -0.843411 1.806702
2.102102 -1.564289 -0.542697 -0.826728 1.850675
2.202202 -1.600850 -0.612316 -0.809308 1.895424
2.302302 -1.636017 -0.681362 -0.791210 1.940830
2.402402 -1.669870 -0.749821 -0.772503 1.986821
2.502503 -1.702496 -0.817688 -0.753253 2.033347
2.602603 -1.733980 -0.884968 -0.733523 2.080363
2.702703 -1.764375 -0.951654 -0.713358 2.127803
2.802803 -1.793736 -1.017743 -0.692800 2.175606
2.902903 -1.822159 -1.083262 -0.671904 2.223774
3.003003 -1.849728 -1.148236 -0.650717 2.272306
3.103103 -1.876504 -1.212680 -0.629275 2.321173
3.203203 -1.902511 -1.276589 -0.607600 2.370318
3.303303 -1.927797 -1.339978 -0.585718 2.419713
3.403403 -1.952426 -1.402874 -0.563661 2.469360
3.503504 -1.976439 -1.465290 -0.541448 2.519236
3.603604 -1.999857 -1.527229 -0.519097 2.569303
3.703704 -2.022695 -1.588689 -0.496618 2.619515
3.803804 -2.044967 -1.649668 -0.474024 2.669831
3.903904 -2.066676 -1.710157 -0.451322 2.720198
4.004004 -2.087828 -1.770150 -0.428521 2.770575
4.104104 -2.108439 -1.829649 -0.405632 2.820934
4.204204 -2.128554 -1.888683 -0.382671 2.871289
4.304304 -2.148224 -1.947286 -0.359652 2.921667
4.404404 -2.167488 -2.005487 -0.336587 2.972082
4.504505 -2.186389 -2.063317 -0.313489 3.022556
4.604605 -2.204960 -2.120800 -0.290365 3.073102
4.704705 -2.223228 -2.177959 -0.267224 3.123725
4.804805 -2.241209 -2.234801 -0.244071 3.174417
4.904905 -2.258903 -2.291323 -0.220908 3.225152
5.005005 -2.276327 -2.347536 -0.197741 3.275926
5.105105 -2.293497 -2.403454 -0.174574 3.326740
5.205205 -2.310424 -2.459084 -0.151411 3.377585
5.305305 -2.327120 -2.514434 -0.128254 3.428457
5.405405 -2.343600 -2.569516 -0.105107 3.479356
5.505506 -2.359869 -2.624334 -0.081973 3.530273
5.605606 -2.375935 -2.678891 -0.058852 3.581199
5.705706 -2.391816 -2.733208 -0.035749 3.632147
5.805806 -2.407534 -2.787304 -0.012665 3.683129
5.905906 -2.423091 -2.841181 0.010398 3.734138
6.006006 -2.438486 -2.894834 0.033439 3.785155
6.106106 -2.453715 -2.948258 0.056457 3.836161
6.206206 -2.468778 -3.001450 0.079450 3.887142
6.306306 -2.483690 -3.054424 0.102416 3.938110
6.406406 -2.498459 -3.107190 0.125355 3.989065
6.506507 -2.513082 -3.159742 0.148266 4.039992
6.606607 -2.527563 -3.212083 0.171148 4.090886
6.706707 -2.541909 -3.264219 0.193999 4.141747
6.806807 -2.556129 -3.316160 0.216820 4.192580
6.906907 -2.570225 -3.367910 0.239609 4.243382
7.007007 -2.584202 -3.419471 0.262367 4.294149
7.107107 -2.598069 -3.470853 0.285092 4.344889
7.207207 -2.611837 -3.522071 0.307786 4.395612
7.307307 -2.625512 -3.573132 0.330448 4.446322
7.407407 -2.639100 -3.624042 0.353078 4.497020
7.507508 -2.652607 -3.674809 0.375677 4.547711
7.607608 -2.666041 -3.725443 0.398245 4.598402
7.707708 -2.679405 -3.775948 0.420782 4.649092
7.807808 -2.692707 -3.826334 0.443289 4.699788
7.907908 -2.705951 -3.876605 0.465766 4.750492
8.008008 -2.719139 -3.926765 0.488213 4.801203
8.108108 -2.732273 -3.976815 0.510630 4.851919
8.208208 -2.745362 -4.026768 0.533018 4.902650
8.308308 -2.758415 -4.076637 0.555379 4.953410
8.408408 -2.771429 -4.126417 0.577712 5.004187
8.508509 -2.784399 -4.176101 0.600016 5.054970
8.608609 -2.797333 -4.225698 0.622292 5.105766
8.708709 -2.810231 -4.275212 0.644540 5.156575
8.808809 -2.823093 -4.324639 0.666759 5.207391
8.908909 -2.835921 -4.373982 0.688950 5.258214
9.009009 -2.848715 -4.423244 0.711114 5.309044
9.109109 -2.861477 -4.472424 0.733249 5.359877
9.209209 -2.874202 -4.521516 0.755356 5.410704
9.309309 -2.886888 -4.570516 0.777432 5.461514
9.409409 -2.899540 -4.619431 0.799479 5.512317
9.509510 -2.912161 -4.668266 0.821498 5.563115
9.609610 -2.924753 -4.717025 0.843489 5.613909
9.709710 -2.937319 -4.765711 0.865453 5.664703
9.809810 -2.949863 -4.814331 0.887391 5.715500
9.909910 -2.962385 -4.862885 0.909303 5.766299
10.010010 -2.974880 -4.911365 0.931188 5.817090
10.110110 -2.987350 -4.959774 0.953045 5.867871
10.210210 -2.999800 -5.008119 0.974876 5.918652
10.310310 -3.012232 -5.056404 0.996682 5.969434
10.410410 -3.024648 -5.104633 1.018464 6.020220
10.510511 -3.037051 -5.152810 1.040222 6.071012
10.610611 -3.049441 -5.200934 1.061956 6.121810
10.710711 -3.061817 -5.249006 1.083666 6.172610
10.810811 -3.074178 -5.297021 1.105352 6.223408
10.910911 -3.086523 -5.344981 1.127013 6.274201
11.011011 -3.098849 -5.392879 1.148649 6.324982
11.111111 -3.111159 -5.440718 1.170259 6.375753
11.211211 -3.123452 -5.488498 1.191844 6.426512
11.311311 -3.135726 -5.536216 1.213403 6.477254
11.411411 -3.147982 -5.583873 1.234936 6.527978
11.511512 -3.160221 -5.631470 1.256444 6.578686
11.611612 -3.172446 -5.679015 1.277927 6.629383
11.711712 -3.184657 -5.726506 1.299387 6.680069
11.811812 -3.196853 -5.773939 1.320821 6.730736
11.911912 -3.209029 -5.821307 1.342229 6.781376
12.012012 -3.221186 -5.868614 1.363610 6.831990
12.112112 -3.233325 -5.915858 1.384965 6.882579
12.212212 -3.245445 -5.963041 1.406293 6.933140
12.312312 -3.257550 -6.010166 1.427597 6.983678
12.412412 -3.269639 -6.057231 1.448875 7.034190
12.512513 -3.281708 -6.104233 1.470126 7.084669
12.612613 -3.293754 -6.151164 1.491348 7.135107
12.712713 -3.305776 -6.198022 1.512542 7.185501
12.812813 -3.317773 -6.244804 1.533705 7.235845
12.912913 -3.329743 -6.291508 1.554838 7.286136
13.013013 -3.341689 -6.338138 1.575942 7.336380
13.113113 -3.353614 -6.384700 1.597018 7.386581
13.213213 -3.365514 -6.431188 1.618064 7.436733
13.313313 -3.377389 -6.477598 1.639080 7.486830
13.413413 -3.389239 -6.523934 1.660065 7.536874
13.513514 -3.401066 -6.570198 1.681022 7.586869
13.613614 -3.412868 -6.616386 1.701949 7.636810
13.713714 -3.424645 -6.662497 1.722845 7.686693
13.813814 -3.436394 -6.708528 1.743710 7.736516
13.913914 -3.448119 -6.754483 1.764544 7.786282
14.014014 -3.459825 -6.800374 1.785352 7.836004
14.114114 -3.471515 -6.846206 1.806133 7.885687
14.214214 -3.483190 -6.891982 1.826889 7.935336
14.314314 -3.494854 -6.937707 1.847622 7.984954
14.414414 -3.506504 -6.983379 1.868330 8.034539
14.514515 -3.518140 -7.028997 1.889013 8.084088
14.614615 -3.529763 -7.074560 1.909671 8.133601
14.714715 -3.541370 -7.120065 1.930304 8.183074
14.814815 -3.552961 -7.165511 1.950911 8.232505
14.914915 -3.564535 -7.210897 1.971491 8.281891
15.015015 -3.576095 -7.256225 1.992046 8.331237
15.115115 -3.587638 -7.301494 2.012574 8.380538
15.215215 -3.599166 -7.346705 2.033077 8.429797
15.315315 -3.610678 -7.391858 2.053554 8.479012
15.415415 -3.622172 -7.436949 2.074003 8.528178
15.515516 -3.633651 -7.481980 2.094427 8.577300
15.615616 -3.645113 -7.526950 2.114824 8.626373
15.715716 -3.656557 -7.571859 2.135194 8.675397
15.815816 -3.667986 -7.616708 2.155538 8.724375
15.915916 -3.679397 -7.661496 2.175855 8.773302
16.016016 -3.690793 -7.706224 2.196145 8.822182
16.116116 -3.702174 -7.750897 2.216411 8.871018
16.216216 -3.713540 -7.795511 2.236650 8.919808
16.316316 -3.724890 -7.840067 2.256864 8.968550
16.416416 -3.736228 -7.884572 2.277053 9.017252
16.516517 -3.747553 -7.929024 2.297218 9.065914
16.616617 -3.758867 -7.973424 2.317359 9.114534
16.716717 -3.770168 -8.017774 2.337477 9.163114
16.816817 -3.781456 -8.062071 2.357569 9.211653
16.916917 -3.792731 -8.106314 2.377637 9.260146
17.017017 -3.803992 -8.150501 2.397680 9.308593
17.117117 -3.815237 -8.194630 2.417697 9.356989
17.217217 -3.826468 -8.238701 2.437687 9.405337
17.317317 -3.837683 -8.282715 2.457653 9.453636
17.417417 -3.848883 -8.326670 2.477591 9.501884
17.517518 -3.860067 -8.370566 2.497504 9.550080
17.617618 -3.871237 -8.414406 2.517391 9.598227
17.717718 -3.882394 -8.458192 2.537254 9.646328
17.817818 -3.893536 -8.501922 2.557090 9.694380
17.917918 -3.904660 -8.545588 2.576900 9.742374
18.018018 -3.915765 -8.589187 2.596680 9.790306
18.118118 -3.926850 -8.632718 2.616431 9.838174
18.218218 -3.937918 -8.676186 2.636156 9.885986
18.318318 -3.948972 -8.719600 2.655854 9.933749
18.418418 -3.960012 -8.762958 2.675528 9.981462
18.518519 -3.971037 -8.806258 2.695176 10.029122
18.618619 -3.982045 -8.849495 2.714796 10.076724
18.718719 -3.993035 -8.892668 2.734388 10.124266
18.818819 -4.004006 -8.935775 2.753952 10.171744
18.918919 -4.014957 -8.978815 2.773487 10.219160
19.019019 -4.025890 -9.021787 2.792993 10.266511
19.119119 -4.036803 -9.064692 2.812470 10.313797
19.219219 -4.047698 -9.107533 2.831918 10.361022
19.319319 -4.058575 -9.150309 2.851339 10.408185
19.419419 -4.069434 -9.193020 2.870732 10.455286
19.519520 -4.080274 -9.235664 2.890096 10.502322
19.619620 -4.091095 -9.278243 2.909431 10.549296
19.719720 -4.101900 -9.320761 2.928739 10.596211
19.819820 -4.112690 -9.363220 2.948021 10.643070
19.919920 -4.123465 -9.405622 2.967278 10.689875
20.020020 -4.134225 -9.447966 2.986508 10.736625
20.120120 -4.144970 -9.490254 3.005713 10.783321
20.220220 -4.155703 -9.532489 3.024893 10.829968
20.320320 -4.166422 -9.574669 3.044049 10.876562
20.420420 -4.177127 -9.616793 3.063178 10.923102
20.520521 -4.187817 -9.658860 3.082282 10.969587
20.620621 -4.198494 -9.700874 3.101362 11.016022
20.720721 -4.209159 -9.742837 3.120417 11.062409
20.820821 -4.219811 -9.784747 3.139448 11.108745
20.920921 -4.230451 -9.826606 3.158456 11.155032
21.021021 -4.241079 -9.868414 3.177439 11.201270
21.121121 -4.251694 -9.910169 3.196398 11.247458
21.221221 -4.262299 -9.951876 3.215334 11.293600
21.321321 -4.272895 -9.993541 3.234249 11.339703
21.421421 -4.283483 -10.035164 3.253144 11.385767
21.521522 -4.294061 -10.076742 3.272016 11.431788
21.621622 -4.304630 -10.118275 3.290867 11.477767
21.721722 -4.315190 -10.159763 3.309695 11.523703
21.821822 -4.325739 -10.201205 3.328502 11.569595
21.921922 -4.336279 -10.242603 3.347287 11.615444
22.022022 -4.346809 -10.283953 3.366049 11.661249
22.122122 -4.357328 -10.325256 3.384788 11.707007
22.222222 -4.367837 -10.366514 3.403506 11.752722
22.322322 -4.378339 -10.407731 3.422203 11.798398
22.422422 -4.388833 -10.448908 3.440881 11.844037
22.522523 -4.399318 -10.490041 3.459536 11.889632
22.622623 -4.409791 -10.531123 3.478168 11.935178
22.722723 -4.420251 -10.572153 3.496775 11.980671
22.822823 -4.430697 -10.613128 3.515358 12.026109
22.922923 -4.441131 -10.654051 3.533916 12.071495
23.023023 -4.451552 -10.694920 3.552450 12.116829
23.123123 -4.461958 -10.735733 3.570958 12.162104
23.223223 -4.472346 -10.776482 3.589439 12.207314
23.323323 -4.482717 -10.817166 3.607890 12.252457
23.423423 -4.493068 -10.857781 3.626312 12.297528
23.523524 -4.503400 -10.898326 3.644704 12.342528
23.623624 -4.513713 -10.938808 3.663068 12.387461
23.723724 -4.524011 -10.979228 3.681405 12.432331
23.823824 -4.534292 -11.019588 3.699715 12.477140
23.923924 -4.544560 -11.059894 3.717999 12.521893
24.024024 -4.554816 -11.100149 3.736261 12.566594
24.124124 -4.565060 -11.140353 3.754499 12.611245
24.224224 -4.575290 -11.180503 3.772712 12.655840
24.324324 -4.585506 -11.220597 3.790899 12.700377
24.424424 -4.595708 -11.260635 3.809061 12.744857
24.524525 -4.605897 -11.300622 3.827199 12.789285
24.624625 -4.616075 -11.340560 3.845314 12.833662
24.724725 -4.626241 -11.380447 3.863406 12.877988
24.824825 -4.636396 -11.420285 3.881475 12.922265
24.924925 -4.646540 -11.460078 3.899521 12.966494
25.025025 -4.656674 -11.499823 3.917545 13.010677
25.125125 -4.666796 -11.539520 3.935547 13.054809
25.225225 -4.676907 -11.579166 3.953525 13.098889
25.325325 -4.687005 -11.618761 3.971479 13.142917
25.425425 -4.697092 -11.658308 3.989410 13.186895
25.525526 -4.707169 -11.697809 4.007320 13.230827
25.625626 -4.717236 -11.737266 4.025208 13.274714
25.725726 -4.727293 -11.776676 4.043073 13.318552
25.825826 -4.737338 -11.816037 4.060916 13.362340
25.925926 -4.747373 -11.855352 4.078737 13.406081
26.026026 -4.757397 -11.894618 4.096535 13.449772
26.126126 -4.767408 -11.933832 4.114309 13.493408
26.226226 -4.777405 -11.972991 4.132058 13.536987
26.326326 -4.787390 -12.012100 4.149783 13.580513
26.426426 -4.797363 -12.051160 4.167486 13.623990
26.526527 -4.807326 -12.090172 4.185166 13.667416
26.626627 -4.817277 -12.129135 4.202823 13.710791
26.726727 -4.827215 -12.168046 4.220456 13.754112
26.826827 -4.837140 -12.206905 4.238065 13.797378
26.926927 -4.847053 -12.245712 4.255650 13.840590
27.027027 -4.856953 -12.284468 4.273211 13.883749
27.127127 -4.866841 -12.323171 4.290748 13.926852
27.227227 -4.876714 -12.361819 4.308260 13.969897
27.327327 -4.886574 -12.400413 4.325748 14.012885
27.427427 -4.896420 -12.438953 4.343211 14.055816
27.527528 -4.906253 -12.477440 4.360649 14.098691
27.627628 -4.916073 -12.515873 4.378063 14.141509
27.727728 -4.925879 -12.554253 4.395452 14.184272
27.827828 -4.935673 -12.592583 4.412818 14.226981
27.927928 -4.945455 -12.630860 4.430160 14.269634
28.028028 -4.955221 -12.669080 4.447477 14.312227
28.128128 -4.964972 -12.707241 4.464766 14.354757
28.228228 -4.974708 -12.745345 4.482030 14.397226
28.328328 -4.984431 -12.783394 4.499270 14.439638
28.428428 -4.994140 -12.821390 4.516485 14.481992
28.528529 -5.003835 -12.859330 4.533674 14.524288
28.628629 -5.013515 -12.897213 4.550838 14.566522
28.728729 -5.023181 -12.935043 4.567978 14.608700
28.828829 -5.032837 -12.972824 4.585095 14.650826
28.928929 -5.042481 -13.010559 4.602190 14.692903
29.029029 -5.052115 -13.048248 4.619263 14.734932
29.129129 -5.061739 -13.085892 4.636315 14.776914
29.229229 -5.071353 -13.123491 4.653345 14.818849
29.329329 -5.080958 -13.161048 4.670355 14.860738
29.429429 -5.090554 -13.198563 4.687345 14.902584
29.529530 -5.100141 -13.236039 4.704315 14.944388
29.629630 -5.109721 -13.273475 4.721266 14.986152
29.729730 -5.119294 -13.310874 4.738198 15.027876
29.829830 -5.128859 -13.348235 4.755112 15.069561
29.929930 -5.138417 -13.385558 4.772006 15.111205
30.030030 -5.147967 -13.422842 4.788881 15.152809
30.130130 -5.157510 -13.460092 4.805739 15.194378
30.230230 -5.167049 -13.497310 4.822580 15.235913
30.330330 -5.176582 -13.534496 4.839405 15.277416
30.430430 -5.186112 -13.571653 4.856214 15.318888
30.530531 -5.195636 -13.608779 4.873006 15.360329
30.630631 -5.205154 -13.645872 4.889782 15.401734
30.730731 -5.214668 -13.682932 4.906540 15.443106
30.830831 -5.224177 -13.719964 4.923283 15.484449
30.930931 -5.233682 -13.756969 4.940011 15.525764
31.031031 -5.243186 -13.793951 4.956727 15.567056
31.131131 -5.252691 -13.830916 4.973430 15.608332
31.231231 -5.262196 -13.867866 4.990123 15.649593
31.331331 -5.271702 -13.904800 5.006806 15.690838
31.431431 -5.281208 -13.941717 5.023477 15.732067
31.531532 -5.290714 -13.978614 5.040136 15.773277
31.631632 -5.300219 -14.015492 5.056782 15.814468
31.731732 -5.309724 -14.052351 5.073418 15.855639
31.831832 -5.319228 -14.089193 5.090041 15.896794
31.931932 -5.328734 -14.126019 5.106655 15.937934
32.032032 -5.338241 -14.162831 5.123258 15.979060
32.132132 -5.347748 -14.199627 5.139850 16.020171
32.232232 -5.357256 -14.236407 5.156432 16.061266
32.332332 -5.366764 -14.273171 5.173002 16.102346
32.432432 -5.376273 -14.309918 5.189562 16.143408
32.532533 -5.385781 -14.346646 5.206110 16.184452
32.632633 -5.395288 -14.383354 5.222646 16.225475
32.732733 -5.404793 -14.420041 5.239169 16.266476
32.832833 -5.414296 -14.456705 5.255679 16.307455
32.932933 -5.423798 -14.493347 5.272177 16.348411
33.033033 -5.433298 -14.529967 5.288661 16.389344
33.133133 -5.442795 -14.566563 5.305132 16.430253
33.233233 -5.452289 -14.603134 5.321589 16.471135
33.333333 -5.461779 -14.639676 5.338030 16.511987
33.433433 -5.471264 -14.676188 5.354456 16.552807
33.533534 -5.480743 -14.712668 5.370866 16.593594
33.633634 -5.490217 -14.749118 5.387260 16.634348
33.733734 -5.499686 -14.785535 5.403637 16.675067
33.833834 -5.509146 -14.821915 5.419996 16.715747
33.933934 -5.518600 -14.858257 5.436336 16.756387
34.034034 -5.528046 -14.894564 5.452659 16.796988
34.134134 -5.537485 -14.930837 5.468964 16.837553
34.234234 -5.546919 -14.967077 5.485253 16.878084
34.334334 -5.556347 -15.003285 5.501526 16.918580
34.434434 -5.565769 -15.039461 5.517782 16.959041
34.534535 -5.575184 -15.075601 5.534020 16.999464
34.634635 -5.584592 -15.111703 5.550241 17.039848
34.734735 -5.593992 -15.147770 5.566443 17.080192
34.834835 -5.603384 -15.183800 5.582627 17.120497
34.934935 -5.612769 -15.219792 5.598793 17.160762
35.035035 -5.622146 -15.255748 5.614941 17.200986
35.135135 -5.631515 -15.291664 5.631070 17.241168
35.235235 -5.640874 -15.327538 5.647179 17.281306
35.335335 -5.650223 -15.363370 5.663267 17.321396
35.435435 -5.659563 -15.399158 5.679336 17.361440
35.535536 -5.668894 -15.434906 5.695385 17.401439
35.635636 -5.678216 -15.470617 5.711415 17.441398
35.735736 -5.687532 -15.506291 5.727428 17.481319
35.835836 -5.696839 -15.541927 5.743422 17.521198
35.935936 -5.706139 -15.577526 5.759399 17.561037
36.036036 -5.715431 -15.613089 5.775357 17.600836
36.136136 -5.724716 -15.648616 5.791298 17.640598
36.236236 -5.733994 -15.684110 5.807222 17.680323
36.336336 -5.743265 -15.719568 5.823129 17.720010
36.436436 -5.752529 -15.754992 5.839018 17.759659
36.536537 -5.761787 -15.790380 5.854890 17.799271
36.636637 -5.771037 -15.825735 5.870746 17.838845
36.736737 -5.780281 -15.861056 5.886584 17.878384
36.836837 -5.789519 -15.896344 5.902406 17.917887
36.936937 -5.798750 -15.931597 5.918211 17.957352
37.037037 -5.807973 -15.966814 5.933998 17.996779
37.137137 -5.817189 -16.001995 5.949768 18.036166
37.237237 -5.826396 -16.037138 5.965519 18.075511
37.337337 -5.835596 -16.072244 5.981252 18.114817
37.437437 -5.844788 -16.107312 5.996967 18.154081
37.537538 -5.853970 -16.142340 6.012662 18.193301
37.637638 -5.863144 -16.177327 6.028339 18.232478
37.737738 -5.872308 -16.212275 6.043996 18.271610
37.837838 -5.881463 -16.247182 6.059634 18.310699
37.937938 -5.890609 -16.282048 6.075253 18.349742
38.038038 -5.899746 -16.316872 6.090852 18.388741
38.138138 -5.908872 -16.351653 6.106431 18.427692
38.238238 -5.917988 -16.386391 6.121989 18.466595
38.338338 -5.927094 -16.421085 6.137527 18.505451
38.438438 -5.936189 -16.455734 6.153044 18.544257
38.538539 -5.945272 -16.490337 6.168540 18.583013
38.638639 -5.954345 -16.524893 6.184014 18.621717
38.738739 -5.963405 -16.559402 6.199467 18.660370
38.838839 -5.972454 -16.593864 6.214898 18.698970
38.938939 -5.981493 -16.628282 6.230308 18.737522
39.039039 -5.990521 -16.662657 6.245699 18.776029
39.139139 -5.999540 -16.696992 6.261070 18.814490
39.239239 -6.008550 -16.731286 6.276422 18.852906
39.339339 -6.017551 -16.765539 6.291754 18.891278
39.439439 -6.026542 -16.799751 6.307068 18.929605
39.539540 -6.035524 -16.833925 6.322363 18.967890
39.639640 -6.044498 -16.868061 6.337639 19.006133
39.739740 -6.053464 -16.902157 6.352897 19.044333
39.839840 -6.062419 -16.936213 6.368136 19.082489
39.939940 -6.071367 -16.970229 6.383356 19.120602
40.040040 -6.080306 -17.004209 6.398559 19.158674
40.140140 -6.089237 -17.038152 6.413744 19.196707
40.240240 -6.098160 -17.072058 6.428911 19.234698
40.340340 -6.107074 -17.105926 6.444059 19.272648
40.440440 -6.115980 -17.139754 6.459189 19.310554
40.540541 -6.124876 -17.173543 6.474301 19.348417
40.640641 -6.133763 -17.207291 6.489393 19.386235
40.740741 -6.142640 -17.240997 6.504465 19.424008
40.840841 -6.151507 -17.274660 6.519518 19.461733
40.940941 -6.160363 -17.308278 6.534549 19.499407
41.041041 -6.169207 -17.341848 6.549559 19.537030
41.141141 -6.178039 -17.375373 6.564548 19.574602
41.241241 -6.186861 -17.408854 6.579516 19.612126
41.341341 -6.195673 -17.442290 6.594464 19.649601
41.441441 -6.204473 -17.475682 6.609392 19.687026
41.541542 -6.213262 -17.509029 6.624298 19.724402
41.641642 -6.222041 -17.542330 6.639184 19.761728
41.741742 -6.230807 -17.575586 6.654049 19.799004
41.841842 -6.239562 -17.608794 6.668892 19.836227
41.941942 -6.248305 -17.641954 6.683713 19.873396
42.042042 -6.257036 -17.675067 6.698513 19.910514
42.142142 -6.265755 -17.708132 6.713290 19.947579
42.242242 -6.274461 -17.741147 6.728046 19.984588
42.342342 -6.283154 -17.774113 6.742779 20.021543
42.442442 -6.291835 -17.807027 6.757488 20.058441
42.542543 -6.300502 -17.839891 6.772175 20.095283
42.642643 -6.309156 -17.872704 6.786840 20.132069
42.742743 -6.317797 -17.905469 6.801482 20.168801
42.842843 -6.326427 -17.938185 6.816102 20.205480
42.942943 -6.335044 -17.970855 6.830701 20.242107
43.043043 -6.343650 -18.003478 6.845278 20.278682
43.143143 -6.352244 -18.036053 6.859834 20.315205
43.243243 -6.360826 -18.068581 6.874368 20.351675
43.343343 -6.369396 -18.101061 6.888881 20.388092
43.443443 -6.377953 -18.133493 6.903372 20.424456
43.543544 -6.386500 -18.165880 6.917842 20.460770
43.643644 -6.395036 -18.198225 6.932292 20.497037
43.743744 -6.403561 -18.230527 6.946723 20.533257
43.843844 -6.412077 -18.262785 6.961133 20.569430
43.943944 -6.420581 -18.295000 6.975524 20.605553
44.044044 -6.429074 -18.327170 6.989894 20.641628
44.144144 -6.437557 -18.359298 7.004244 20.677654
44.244244 -6.446030 -18.391383 7.018575 20.713634
44.344344 -6.454492 -18.423425 7.032886 20.749567
44.444444 -6.462944 -18.455425 7.047177 20.785453
44.544545 -6.471386 -18.487382 7.061448 20.821291
44.644645 -6.479816 -18.519295 7.075700 20.857081
44.744745 -6.488237 -18.551167 7.089932 20.892825
44.844845 -6.496649 -18.582999 7.104146 20.928526
44.944945 -6.505050 -18.614791 7.118340 20.964181
45.045045 -6.513442 -18.646542 7.132516 20.999792
45.145145 -6.521825 -18.678253 7.146673 21.035358
45.245245 -6.530198 -18.709924 7.160812 21.070880
45.345345 -6.538561 -18.741553 7.174931 21.106355
45.445445 -6.546913 -18.773138 7.189030 21.141782
45.545546 -6.555254 -18.804679 7.203109 21.177160
45.645646 -6.563584 -18.836177 7.217167 21.212489
45.745746 -6.571904 -18.867632 7.231207 21.247772
45.845846 -6.580213 -18.899044 7.245226 21.283007
45.945946 -6.588512 -18.930415 7.259226 21.318196
46.046046 -6.596801 -18.961744 7.273207 21.353339
46.146146 -6.605079 -18.993030 7.287169 21.388434
46.246246 -6.613347 -19.024273 7.301110 21.423481
46.346346 -6.621604 -19.055473 7.315031 21.458480
46.446446 -6.629850 -19.086629 7.328933 21.493431
46.546547 -6.638085 -19.117741 7.342814 21.528333
46.646647 -6.646310 -19.148809 7.356676 21.563186
46.746747 -6.654522 -19.179832 7.370517 21.597990
46.846847 -6.662724 -19.210810 7.384337 21.632742
46.946947 -6.670914 -19.241743 7.398137 21.667446
47.047047 -6.679093 -19.272632 7.411917 21.702100
47.147147 -6.687261 -19.303476 7.425676 21.736704
47.247247 -6.695417 -19.334274 7.439414 21.771257
47.347347 -6.703561 -19.365026 7.453131 21.805759
47.447447 -6.711693 -19.395731 7.466828 21.840208
47.547548 -6.719813 -19.426388 7.480502 21.874605
47.647648 -6.727920 -19.456997 7.494155 21.908948
47.747748 -6.736015 -19.487557 7.507786 21.943236
47.847848 -6.744095 -19.518064 7.521394 21.977466
47.947948 -6.752162 -19.548519 7.534978 22.011637
48.048048 -6.760214 -19.578919 7.548538 22.045748
48.148148 -6.768251 -19.609266 7.562075 22.079799
48.248248 -6.776275 -19.639562 7.575588 22.113793
48.348348 -6.784286 -19.669808 7.589080 22.147732
48.448448 -6.792285 -19.700007 7.602550 22.181618
48.548549 -6.800272 -19.730161 7.615999 22.215454
48.648649 -6.808248 -19.760270 7.629429 22.249240
48.748749 -6.816212 -19.790334 7.642838 22.282976
48.848849 -6.824165 -19.820354 7.656226 22.316664
48.948949 -6.832108 -19.850331 7.669596 22.350303
49.049049 -6.840040 -19.880266 7.682946 22.383895
49.149149 -6.847961 -19.910159 7.696276 22.417441
49.249249 -6.855872 -19.940010 7.709588 22.450940
49.349349 -6.863773 -19.969817 7.722879 22.484391
49.449449 -6.871662 -19.999581 7.736151 22.517793
49.549550 -6.879539 -20.029300 7.749402 22.551145
49.649650 -6.887405 -20.058973 7.762633 22.584446
49.749750 -6.895259 -20.088601 7.775843 22.617697
49.849850 -6.903102 -20.118184 7.789034 22.650899
49.949950 -6.910934 -20.147725 7.802204 22.684052
50.050050 -6.918755 -20.177219 7.815354 22.717154
50.150150 -6.926563 -20.206667 7.828483 22.750204
50.250250 -6.934358 -20.236067 7.841590 22.783201
50.350350 -6.942142 -20.265419 7.854676 22.816145
50.450450 -6.949913 -20.294725 7.867741 22.849037
50.550551 -6.957672 -20.323985 7.880785 22.881878
50.650651 -6.965420 -20.353200 7.893809 22.914669
50.750751 -6.973156 -20.382369 7.906812 22.947408
50.850851 -6.980880 -20.411493 7.919795 22.980098
50.950951 -6.988593 -20.440573 7.932758 23.012738
51.051051 -6.996294 -20.469607 7.945701 23.045328
51.151151 -7.003984 -20.498597 7.958623 23.077867
51.251251 -7.011661 -20.527541 7.971524 23.110355
51.351351 -7.019327 -20.556436 7.984404 23.142790
51.451451 -7.026980 -20.585285 7.997263 23.175173
51.551552 -7.034621 -20.614090 8.010102 23.207506
51.651652 -7.042252 -20.642852 8.022922 23.239792
51.751752 -7.049871 -20.671569 8.035721 23.272028
51.851852 -7.057480 -20.700244 8.048501 23.304216
51.951952 -7.065078 -20.728876 8.061262 23.336357
52.052052 -7.072665 -20.757467 8.074004 23.368453
52.152152 -7.080243 -20.786020 8.086728 23.400505
52.252252 -7.087812 -20.814535 8.099435 23.432516
52.352352 -7.095372 -20.843012 8.112125 23.464484
52.452452 -7.102922 -20.871452 8.124796 23.496411
52.552553 -7.110464 -20.899855 8.137452 23.528297
52.652653 -7.117998 -20.928224 8.150090 23.560145
52.752753 -7.125523 -20.956557 8.162713 23.591953
52.852853 -7.133040 -20.984855 8.175318 23.623722
52.952953 -7.140549 -21.013118 8.187908 23.655451
53.053053 -7.148049 -21.041345 8.200481 23.687142
53.153153 -7.155541 -21.069539 8.213038 23.718795
53.253253 -7.163026 -21.097699 8.225579 23.750411
53.353353 -7.170503 -21.125826 8.238105 23.781989
53.453453 -7.177972 -21.153919 8.250615 23.813530
53.553554 -7.185432 -21.181978 8.263108 23.845033
53.653654 -7.192885 -21.210001 8.275585 23.876495
53.753754 -7.200328 -21.237987 8.288045 23.907917
53.853854 -7.207763 -21.265938 8.300489 23.939300
53.953954 -7.215190 -21.293856 8.312917 23.970646
54.054054 -7.222610 -21.321741 8.325330 24.001955
54.154154 -7.230021 -21.349592 8.337726 24.033227
54.254254 -7.237425 -21.377410 8.350107 24.064460
54.354354 -7.244821 -21.405194 8.362472 24.095657
54.454454 -7.252210 -21.432946 8.374822 24.126818
54.554555 -7.259590 -21.460665 8.387157 24.157943
54.654655 -7.266964 -21.488352 8.399477 24.189031
54.754755 -7.274330 -21.516007 8.411781 24.220084
54.854855 -7.281689 -21.543631 8.424071 24.251103
54.954955 -7.289041 -21.571224 8.436346 24.282087
55.055055 -7.296387 -21.598787 8.448606 24.313038
55.155155 -7.303725 -21.626319 8.460852 24.343954
55.255255 -7.311056 -21.653821 8.473084 24.374836
55.355355 -7.318381 -21.681293 8.485301 24.405686
55.455455 -7.325699 -21.708735 8.497504 24.436502
55.555556 -7.333010 -21.736145 8.509692 24.467283
55.655656 -7.340313 -21.763523 8.521865 24.498027
55.755756 -7.347608 -21.790866 8.534022 24.528733
55.855856 -7.354894 -21.818174 8.546162 24.559399
55.955956 -7.362172 -21.845447 8.558287 24.590027
56.056056 -7.369442 -21.872685 8.570395 24.620616
56.156156 -7.376703 -21.899888 8.582487 24.651165
56.256256 -7.383955 -21.927055 8.594561 24.681673
56.356356 -7.391197 -21.954183 8.606619 24.712140
56.456456 -7.398430 -21.981273 8.618659 24.742563
56.556557 -7.405654 -22.008325 8.630682 24.772944
56.656657 -7.412867 -22.035338 8.642687 24.803282
56.756757 -7.420072 -22.062316 8.654675 24.833579
56.856857 -7.427268 -22.089257 8.666647 24.863836
56.956957 -7.434455 -22.116162 8.678602 24.894053
57.057057 -7.441633 -22.143031 8.690541 24.924230
57.157157 -7.448803 -22.169865 8.702463 24.954368
57.257257 -7.455965 -22.196666 8.714370 24.984468
57.357357 -7.463118 -22.223432 8.726261 25.014530
57.457457 -7.470264 -22.250165 8.738136 25.044555
57.557558 -7.477401 -22.276864 8.749996 25.074541
57.657658 -7.484530 -22.303529 8.761840 25.104490
57.757758 -7.491651 -22.330160 8.773668 25.134401
57.857858 -7.498764 -22.356758 8.785481 25.164276
57.957958 -7.505869 -22.383323 8.797278 25.194113
58.058058 -7.512966 -22.409855 8.809060 25.223913
58.158158 -7.520055 -22.436355 8.820827 25.253678
58.258258 -7.527137 -22.462823 8.832579 25.283407
58.358358 -7.534212 -22.489260 8.844317 25.313101
58.458458 -7.541280 -22.515667 8.856040 25.342762
58.558559 -7.548341 -22.542043 8.867749 25.372389
58.658659 -7.555394 -22.568389 8.879444 25.401982
58.758759 -7.562441 -22.594705 8.891124 25.431541
58.858859 -7.569480 -22.620989 8.902790 25.461065
58.958959 -7.576512 -22.647242 8.914441 25.490555
59.059059 -7.583536 -22.673463 8.926077 25.520008
59.159159 -7.590553 -22.699651 8.937698 25.549424
59.259259 -7.597561 -22.725806 8.949304 25.578805
59.359359 -7.604562 -22.751930 8.960895 25.608150
59.459459 -7.611556 -22.778023 8.972471 25.637460
59.559560 -7.618542 -22.804085 8.984033 25.666736
59.659660 -7.625521 -22.830114 8.995580 25.695975
59.759760 -7.632492 -22.856111 9.007112 25.725179
59.859860 -7.639454 -22.882074 9.018628 25.754344
59.959960 -7.646408 -22.908002 9.030128 25.783469
60.060060 -7.653353 -22.933894 9.041612 25.812555
60.160160 -7.660289 -22.959751 9.053079 25.841603
60.260260 -7.667217 -22.985575 9.064532 25.870613
60.360360 -7.674137 -23.011366 9.075969 25.899586
60.460460 -7.681049 -23.037123 9.087390 25.928521
60.560561 -7.687953 -23.062846 9.098796 25.957418
60.660661 -7.694848 -23.088535 9.110186 25.986278
60.760761 -7.701735 -23.114191 9.121561 26.015100
60.860861 -7.708613 -23.139812 9.132920 26.043883
60.960961 -7.715483 -23.165399 9.144263 26.072628
61.061061 -7.722344 -23.190951 9.155590 26.101334
61.161161 -7.729196 -23.216466 9.166900 26.129999
61.261261 -7.736039 -23.241947 9.178195 26.158625
61.361361 -7.742874 -23.267391 9.189473 26.187210
61.461461 -7.749698 -23.292798 9.200734 26.215754
61.561562 -7.756513 -23.318166 9.211977 26.244255
61.661662 -7.763318 -23.343497 9.223204 26.272713
61.761762 -7.770113 -23.368790 9.234414 26.301130
61.861862 -7.776900 -23.394048 9.245607 26.329506
61.961962 -7.783677 -23.419270 9.256784 26.357843
62.062062 -7.790447 -23.444458 9.267945 26.386142
62.162162 -7.797207 -23.469612 9.279091 26.414402
62.262262 -7.803959 -23.494731 9.290221 26.442624
62.362362 -7.810702 -23.519815 9.301336 26.470807
62.462462 -7.817437 -23.544864 9.312433 26.498950
62.562563 -7.824162 -23.569878 9.323516 26.527054
62.662663 -7.830879 -23.594858 9.334582 26.555120
62.762763 -7.837588 -23.619804 9.345633 26.583148
62.862863 -7.844288 -23.644717 9.356668 26.611139
62.962963 -7.850981 -23.669597 9.367689 26.639094
63.063063 -7.857665 -23.694444 9.378694 26.667011
63.163163 -7.864341 -23.719259 9.389685 26.694892
63.263263 -7.871010 -23.744041 9.400661 26.722738
63.363363 -7.877670 -23.768792 9.411622 26.750548
63.463463 -7.884323 -23.793511 9.422568 26.778322
63.563564 -7.890968 -23.818198 9.433500 26.806060
63.663664 -7.897605 -23.842853 9.444416 26.833762
63.763764 -7.904235 -23.867476 9.455318 26.861429
63.863864 -7.910856 -23.892068 9.466206 26.889061
63.963964 -7.917470 -23.916628 9.477079 26.916658
64.064064 -7.924077 -23.941158 9.487938 26.944220
64.164164 -7.930676 -23.965657 9.498783 26.971748
64.264264 -7.937268 -23.990125 9.509613 26.999242
64.364364 -7.943852 -24.014561 9.520429 27.026700
64.464464 -7.950428 -24.038965 9.531230 27.054121
64.564565 -7.956995 -24.063335 9.542016 27.081505
64.664665 -7.963554 -24.087672 9.552786 27.108852
64.764765 -7.970105 -24.111975 9.563541 27.136161
64.864865 -7.976647 -24.136245 9.574281 27.163433
64.964965 -7.983182 -24.160484 9.585006 27.190670
65.065065 -7.989709 -24.184691 9.595717 27.217871
65.165165 -7.996227 -24.208866 9.606413 27.245037
65.265265 -8.002738 -24.233008 9.617094 27.272165
65.365365 -8.009240 -24.257115 9.627759 27.299255
65.465465 -8.015733 -24.281187 9.638408 27.326304
65.565566 -8.022216 -24.305223 9.649041 27.353314
65.665666 -8.028691 -24.329224 9.659658 27.380285
65.765766 -8.035157 -24.353191 9.670260 27.407217
65.865866 -8.041614 -24.377122 9.680845 27.434110
65.965966 -8.048061 -24.401018 9.691415 27.460963
66.066066 -8.054500 -24.424879 9.701968 27.487777
66.166166 -8.060930 -24.448705 9.712506 27.514552
66.266266 -8.067351 -24.472497 9.723029 27.541288
66.366366 -8.073764 -24.496254 9.733535 27.567986
66.466466 -8.080168 -24.519978 9.744026 27.594646
66.566567 -8.086563 -24.543667 9.754502 27.621268
66.666667 -8.092950 -24.567324 9.764963 27.647853
66.766767 -8.099329 -24.590949 9.775409 27.674402
66.866867 -8.105700 -24.614541 9.785841 27.700915
66.966967 -8.112063 -24.638102 9.796258 27.727392
67.067067 -8.118418 -24.661631 9.806661 27.753835
67.167167 -8.124765 -24.685129 9.817049 27.780242
67.267267 -8.131105 -24.708595 9.827422 27.806613
67.367367 -8.137436 -24.732029 9.837781 27.832950
67.467467 -8.143760 -24.755433 9.848126 27.859251
67.567568 -8.150076 -24.778805 9.858457 27.885518
67.667668 -8.156384 -24.802147 9.868774 27.911750
67.767768 -8.162686 -24.825459 9.879077 27.937949
67.867868 -8.168980 -24.848743 9.889366 27.964116
67.967968 -8.175268 -24.871998 9.899643 27.990253
68.068068 -8.181549 -24.895226 9.909907 28.016357
68.168168 -8.187823 -24.918426 9.920158 28.042431
68.268268 -8.194091 -24.941598 9.930396 28.068473
68.368368 -8.200352 -24.964744 9.940621 28.094486
68.468468 -8.206607 -24.987862 9.950834 28.120469
68.568569 -8.212855 -25.010954 9.961035 28.146421
68.668669 -8.219098 -25.034019 9.971223 28.172344
68.768769 -8.225334 -25.057059 9.981399 28.198238
68.868869 -8.231565 -25.080075 9.991564 28.224106
68.968969 -8.237791 -25.103068 10.001717 28.249948
69.069069 -8.244011 -25.126036 10.011860 28.275763
69.169169 -8.250226 -25.148981 10.021991 28.301550
69.269269 -8.256435 -25.171902 10.032110 28.327312
69.369369 -8.262640 -25.194801 10.042219 28.353049
69.469469 -8.268839 -25.217677 10.052317 28.378760
69.569570 -8.275033 -25.240530 10.062405 28.404445
69.669670 -8.281222 -25.263359 10.072481 28.430105
69.769770 -8.287406 -25.286166 10.082546 28.455739
69.869870 -8.293585 -25.308950 10.092600 28.481346
69.969970 -8.299758 -25.331710 10.102643 28.506927
70.070070 -8.305926 -25.354447 10.112675 28.532483
70.170170 -8.312090 -25.377162 10.122697 28.558014
70.270270 -8.318248 -25.399854 10.132707 28.583519
70.370370 -8.324400 -25.422522 10.142707 28.608998
70.470470 -8.330548 -25.445168 10.152695 28.634451
70.570571 -8.336689 -25.467788 10.162672 28.659876
70.670671 -8.342825 -25.490383 10.172637 28.685273
70.770771 -8.348954 -25.512952 10.182589 28.710641
70.870871 -8.355078 -25.535496 10.192530 28.735980
70.970971 -8.361196 -25.558016 10.202460 28.761292
71.071071 -8.367307 -25.580510 10.212378 28.786576
71.171171 -8.373413 -25.602978 10.222283 28.811831
71.271271 -8.379513 -25.625422 10.232177 28.837058
71.371371 -8.385607 -25.647840 10.242060 28.862257
71.471471 -8.391695 -25.670233 10.251930 28.887428
71.571572 -8.397777 -25.692602 10.261789 28.912571
71.671672 -8.403853 -25.714945 10.271636 28.937686
71.771772 -8.409923 -25.737264 10.281472 28.962773
71.871872 -8.415988 -25.759557 10.291295 28.987832
71.971972 -8.422046 -25.781825 10.301108 29.012862
72.072072 -8.428098 -25.804068 10.310908 29.037865
72.172172 -8.434144 -25.826284 10.320696 29.062837
72.272272 -8.440184 -25.848474 10.330471 29.087780
72.372372 -8.446216 -25.870636 10.340234 29.112691
72.472472 -8.452242 -25.892769 10.349984 29.137570
72.572573 -8.458260 -25.914873 10.359720 29.162418
72.672673 -8.464271 -25.936949 10.369444 29.187233
72.772773 -8.470275 -25.958995 10.379154 29.212015
72.872873 -8.476271 -25.981012 10.388850 29.236764
72.972973 -8.482260 -26.002999 10.398533 29.261479
73.073073 -8.488241 -26.024957 10.408203 29.286162
73.173173 -8.494216 -26.046886 10.417860 29.310814
73.273273 -8.500183 -26.068789 10.427504 29.335435
73.373373 -8.506145 -26.090666 10.437136 29.360027
73.473473 -8.512100 -26.112518 10.446757 29.384591
73.573574 -8.518050 -26.134345 10.456366 29.409127
73.673674 -8.523994 -26.156148 10.465964 29.433636
73.773774 -8.529932 -26.177926 10.475550 29.458117
73.873874 -8.535864 -26.199679 10.485125 29.482571
73.973974 -8.541790 -26.221408 10.494689 29.506998
74.074074 -8.547711 -26.243113 10.504241 29.531398
74.174174 -8.553626 -26.264795 10.513782 29.555771
74.274274 -8.559536 -26.286454 10.523313 29.580119
74.374374 -8.565441 -26.308091 10.532833 29.604442
74.474474 -8.571340 -26.329705 10.542343 29.628740
74.574575 -8.577235 -26.351297 10.551842 29.653012
74.674675 -8.583124 -26.372866 10.561330 29.677260
74.774775 -8.589008 -26.394414 10.570808 29.701483
74.874875 -8.594887 -26.415940 10.580276 29.725682
74.974975 -8.600761 -26.437442 10.589733 29.749856
75.075075 -8.606629 -26.458921 10.599179 29.774001
75.175175 -8.612490 -26.480373 10.608612 29.798117
75.275275 -8.618345 -26.501798 10.618034 29.822204
75.375375 -8.624194 -26.523198 10.627443 29.846260
75.475475 -8.630036 -26.544571 10.636840 29.870288
75.575576 -8.635872 -26.565919 10.646226 29.894288
75.675676 -8.641702 -26.587243 10.655600 29.918260
75.775776 -8.647525 -26.608541 10.664963 29.942204
75.875876 -8.653344 -26.629816 10.674315 29.966122
75.975976 -8.659157 -26.651068 10.683656 29.990014
76.076076 -8.664964 -26.672298 10.692986 30.013881
76.176176 -8.670767 -26.693505 10.702306 30.037723
76.276276 -8.676564 -26.714691 10.711616 30.061540
76.376376 -8.682357 -26.735855 10.720916 30.085334
76.476476 -8.688145 -26.756999 10.730206 30.109105
76.576577 -8.693928 -26.778123 10.739486 30.132853
76.676677 -8.699707 -26.799228 10.748758 30.156580
76.776777 -8.705482 -26.820314 10.758020 30.180285
76.876877 -8.711253 -26.841379 10.767273 30.203969
76.976977 -8.717019 -26.862426 10.776516 30.227630
77.077077 -8.722781 -26.883453 10.785750 30.251271
77.177177 -8.728539 -26.904462 10.794976 30.274890
77.277277 -8.734293 -26.925453 10.804192 30.298490
77.377377 -8.740043 -26.946425 10.813400 30.322068
77.477477 -8.745789 -26.967379 10.822598 30.345625
77.577578 -8.751530 -26.988312 10.831787 30.369160
77.677678 -8.757267 -27.009223 10.840966 30.392670
77.777778 -8.762998 -27.030113 10.850135 30.416157
77.877878 -8.768724 -27.050981 10.859294 30.439618
77.977978 -8.774445 -27.071826 10.868441 30.463054
78.078078 -8.780159 -27.092647 10.877578 30.486463
78.178178 -8.785869 -27.113445 10.886704 30.509846
78.278278 -8.791573 -27.134221 10.895820 30.533205
78.378378 -8.797272 -27.154976 10.904926 30.556540
78.478478 -8.802966 -27.175710 10.914022 30.579851
78.578579 -8.808655 -27.196422 10.923107 30.603137
78.678679 -8.814339 -27.217110 10.932182 30.626398
78.778779 -8.820017 -27.237777 10.941246 30.649634
78.878879 -8.825690 -27.258422 10.950301 30.672846
78.978979 -8.831358 -27.279046 10.959345 30.696034
79.079079 -8.837021 -27.299649 10.968380 30.719198
79.179179 -8.842679 -27.320229 10.977404 30.742337
79.279279 -8.848332 -27.340789 10.986419 30.765453
79.379379 -8.853980 -27.361327 10.995423 30.788545
79.479479 -8.859623 -27.381842 11.004417 30.811611
79.579580 -8.865260 -27.402335 11.013400 30.834652
79.679680 -8.870891 -27.422805 11.022373 30.857668
79.779780 -8.876517 -27.443253 11.031336 30.880659
79.879880 -8.882138 -27.463679 11.040288 30.903624
79.979980 -8.887753 -27.484079 11.049228 30.926562
80.080080 -8.893362 -27.504456 11.058158 30.949472
80.180180 -8.898964 -27.524806 11.067076 30.972354
80.280280 -8.904559 -27.545130 11.075982 30.995205
80.380380 -8.910148 -27.565428 11.084875 31.018027
80.480480 -8.915730 -27.585699 11.093757 31.040819
80.580581 -8.921305 -27.605943 11.102626 31.063581
80.680681 -8.926873 -27.626159 11.111483 31.086312
80.780781 -8.932434 -27.646347 11.120327 31.109011
80.880881 -8.937986 -27.666505 11.129158 31.131677
80.980981 -8.943531 -27.686632 11.137975 31.154307
81.081081 -8.949066 -27.706726 11.146777 31.176900
81.181181 -8.954594 -27.726788 11.155565 31.199458
81.281281 -8.960112 -27.746818 11.164339 31.221979
81.381381 -8.965622 -27.766814 11.173098 31.244463
81.481481 -8.971123 -27.786778 11.181842 31.266910
81.581582 -8.976615 -27.806711 11.190573 31.289322
81.681682 -8.982100 -27.826614 11.199290 31.311701
81.781782 -8.987577 -27.846487 11.207994 31.334047
81.881882 -8.993046 -27.866330 11.216685 31.356359
81.981982 -8.998507 -27.886143 11.225362 31.378637
82.082082 -9.003959 -27.905925 11.234025 31.400880
82.182182 -9.009404 -27.925676 11.242675 31.423088
82.282282 -9.014841 -27.945396 11.251310 31.445262
82.382382 -9.020269 -27.965087 11.259933 31.467403
82.482482 -9.025690 -27.984748 11.268542 31.489510
82.582583 -9.031103 -28.004380 11.277138 31.511585
82.682683 -9.036509 -28.023983 11.285722 31.533627
82.782783 -9.041907 -28.043558 11.294292 31.555637
82.882883 -9.047297 -28.063102 11.302850 31.577614
82.982983 -9.052679 -28.082617 11.311393 31.599557
83.083083 -9.058054 -28.102103 11.319924 31.621467
83.183183 -9.063421 -28.121561 11.328443 31.643347
83.283283 -9.068782 -28.140991 11.336949 31.665195
83.383383 -9.074134 -28.160393 11.345442 31.687011
83.483483 -9.079479 -28.179763 11.353921 31.708792
83.583584 -9.084815 -28.199104 11.362387 31.730541
83.683684 -9.090144 -28.218416 11.370840 31.752255
83.783784 -9.095465 -28.237698 11.379280 31.773937
83.883884 -9.100778 -28.256952 11.387707 31.795587
83.983984 -9.106085 -28.276177 11.396122 31.817205
84.084084 -9.111383 -28.295374 11.404523 31.838792
84.184184 -9.116674 -28.314543 11.412913 31.860346
84.284284 -9.121958 -28.333683 11.421289 31.881869
84.384384 -9.127234 -28.352795 11.429652 31.903359
84.484484 -9.132503 -28.371879 11.438004 31.924819
84.584585 -9.137765 -28.390936 11.446343 31.946248
84.684685 -9.143020 -28.409967 11.454670 31.967648
84.784785 -9.148269 -28.428971 11.462985 31.989017
84.884885 -9.153510 -28.447949 11.471289 32.010358
84.984985 -9.158745 -28.466902 11.479581 32.031671
85.085085 -9.163974 -28.485830 11.487861 32.052955
85.185185 -9.169196 -28.504733 11.496131 32.074211
85.285285 -9.174412 -28.523611 11.504389 32.095439
85.385385 -9.179622 -28.542465 11.512636 32.116640
85.485485 -9.184826 -28.561296 11.520873 32.137815
85.585586 -9.190024 -28.580103 11.529099 32.158964
85.685686 -9.195216 -28.598888 11.537314 32.180087
85.785786 -9.200403 -28.617649 11.545519 32.201184
85.885886 -9.205583 -28.636387 11.553714 32.222255
85.985986 -9.210758 -28.655101 11.561897 32.243300
86.086086 -9.215927 -28.673793 11.570071 32.264318
86.186186 -9.221090 -28.692461 11.578233 32.285311
86.286286 -9.226248 -28.711109 11.586386 32.306280
86.386386 -9.231400 -28.729735 11.594529 32.327226
86.486486 -9.236548 -28.748341 11.602663 32.348148
86.586587 -9.241690 -28.766925 11.610787 32.369047
86.686687 -9.246828 -28.785489 11.618902 32.389923
86.786787 -9.251960 -28.804032 11.627006 32.410774
86.886887 -9.257087 -28.822554 11.635102 32.431603
86.986987 -9.262209 -28.841055 11.643187 32.452408
87.087087 -9.267327 -28.859538 11.651264 32.473192
87.187187 -9.272440 -28.878001 11.659332 32.493955
87.287287 -9.277548 -28.896446 11.667392 32.514697
87.387387 -9.282653 -28.914873 11.675443 32.535419
87.487487 -9.287753 -28.933282 11.683485 32.556120
87.587588 -9.292849 -28.951673 11.691519 32.576802
87.687688 -9.297941 -28.970047 11.699545 32.597465
87.787788 -9.303029 -28.988404 11.707563 32.618108
87.887888 -9.308114 -29.006745 11.715574 32.638733
87.987988 -9.313195 -29.025071 11.723577 32.659342
88.088088 -9.318273 -29.043383 11.731573 32.679934
88.188188 -9.323348 -29.061680 11.739563 32.700511
88.288288 -9.328421 -29.079964 11.747545 32.721072
88.388388 -9.333490 -29.098233 11.755521 32.741617
88.488488 -9.338556 -29.116489 11.763490 32.762147
88.588589 -9.343620 -29.134731 11.771453 32.782662
88.688689 -9.348680 -29.152960 11.779408 32.803161
88.788789 -9.353738 -29.171174 11.787357 32.823644
88.888889 -9.358793 -29.189375 11.795300 32.844112
88.988989 -9.363845 -29.207562 11.803235 32.864565
89.089089 -9.368894 -29.225736 11.811164 32.885003
89.189189 -9.373940 -29.243896 11.819087 32.905426
89.289289 -9.378984 -29.262043 11.827003 32.925834
89.389389 -9.384024 -29.280177 11.834913 32.946227
89.489489 -9.389062 -29.298298 11.842816 32.966605
89.589590 -9.394098 -29.316406 11.850713 32.986969
89.689690 -9.399131 -29.334502 11.858604 33.007320
89.789790 -9.404162 -29.352588 11.866490 33.027659
89.889890 -9.409192 -29.370663 11.874370 33.047986
89.989990 -9.414219 -29.388726 11.882245 33.068301
90.090090 -9.419243 -29.406778 11.890113 33.088601
90.190190 -9.424266 -29.424816 11.897976 33.108888
90.290290 -9.429285 -29.442843 11.905832 33.129161
90.390390 -9.434303 -29.460858 11.913683 33.149421
90.490490 -9.439318 -29.478861 11.921527 33.169667
90.590591 -9.444330 -29.496851 11.929366 33.189899
90.690691 -9.449340 -29.514829 11.937198 33.210117
90.790791 -9.454347 -29.532793 11.945024 33.230320
90.890891 -9.459350 -29.550743 11.952843 33.250507
90.990991 -9.464351 -29.568680 11.960655 33.270678
91.091091 -9.469349 -29.586602 11.968460 33.290834
91.191191 -9.474343 -29.604509 11.976259 33.310973
91.291291 -9.479334 -29.622401 11.984050 33.331095
91.391391 -9.484322 -29.640278 11.991834 33.351200
91.491491 -9.489306 -29.658140 11.999610 33.371288
91.591592 -9.494286 -29.675986 12.007380 33.391358
91.691692 -9.499263 -29.693817 12.015142 33.411411
91.791792 -9.504237 -29.711633 12.022897 33.431448
91.891892 -9.509208 -29.729436 12.030646 33.451470
91.991992 -9.514176 -29.747225 12.038388 33.471477
92.092092 -9.519141 -29.765001 12.046124 33.491468
92.192192 -9.524103 -29.782763 12.053853 33.511444
92.292292 -9.529062 -29.800511 12.061575 33.531404
92.392392 -9.534017 -29.818244 12.069290 33.551348
92.492492 -9.538970 -29.835963 12.076998 33.571275
92.592593 -9.543919 -29.853669 12.084700 33.591188
92.692693 -9.548865 -29.871360 12.092395 33.611084
92.792793 -9.553808 -29.889036 12.100083 33.630964
92.892893 -9.558748 -29.906697 12.107764 33.650826
92.992993 -9.563683 -29.924342 12.115438 33.670672
93.093093 -9.568615 -29.941972 12.123104 33.690499
93.193193 -9.573544 -29.959586 12.130763 33.710309
93.293293 -9.578468 -29.977182 12.138413 33.730098
93.393393 -9.583387 -29.994760 12.146055 33.749868
93.493493 -9.588302 -30.012319 12.153689 33.769616
93.593594 -9.593213 -30.029859 12.161313 33.789343
93.693694 -9.598118 -30.047379 12.168929 33.809047
93.793794 -9.603018 -30.064879 12.176535 33.828729
93.893894 -9.607913 -30.082359 12.184133 33.848389
93.993994 -9.612803 -30.099820 12.191722 33.868027
94.094094 -9.617688 -30.117261 12.199301 33.887642
94.194194 -9.622568 -30.134682 12.206871 33.907235
94.294294 -9.627444 -30.152082 12.214433 33.926805
94.394394 -9.632313 -30.169463 12.221985 33.946353
94.494494 -9.637178 -30.186823 12.229528 33.965877
94.594595 -9.642038 -30.204163 12.237061 33.985379
94.694695 -9.646892 -30.221482 12.244586 34.004859
94.794795 -9.651741 -30.238782 12.252101 34.024315
94.894895 -9.656586 -30.256061 12.259607 34.043749
94.994995 -9.661425 -30.273320 12.267104 34.063160
95.095095 -9.666259 -30.290559 12.274592 34.082549
95.195195 -9.671087 -30.307778 12.282070 34.101915
95.295295 -9.675911 -30.324977 12.289540 34.121258
95.395395 -9.680729 -30.342155 12.297000 34.140578
95.495495 -9.685542 -30.359311 12.304451 34.159874
95.595596 -9.690349 -30.376446 12.311892 34.179146
95.695696 -9.695150 -30.393558 12.319322 34.198392
95.795796 -9.699945 -30.410646 12.326742 34.217611
95.895896 -9.704733 -30.427708 12.334150 34.236801
95.995996 -9.709514 -30.444744 12.341547 34.255962
96.096096 -9.714288 -30.461755 12.348933 34.275093
96.196196 -9.719055 -30.478740 12.356307 34.294196
96.296296 -9.723815 -30.495701 12.363671 34.313273
96.396396 -9.728570 -30.512638 12.371024 34.332323
96.496496 -9.733318 -30.529553 12.378367 34.351347
96.596597 -9.738061 -30.546447 12.385700 34.370348
96.696697 -9.742798 -30.563319 12.393024 34.389324
96.796797 -9.747530 -30.580168 12.400337 34.408275
96.896897 -9.752255 -30.596995 12.407641 34.427201
96.996997 -9.756974 -30.613799 12.414934 34.446100
97.097097 -9.761687 -30.630579 12.422217 34.464973
97.197197 -9.766394 -30.647336 12.429489 34.483820
97.297297 -9.771095 -30.664070 12.436752 34.502642
97.397397 -9.775790 -30.680783 12.444004 34.521439
97.497497 -9.780480 -30.697475 12.451247 34.540213
97.597598 -9.785164 -30.714145 12.458481 34.558962
97.697698 -9.789842 -30.730792 12.465704 34.577686
97.797798 -9.794514 -30.747417 12.472917 34.596385
97.897898 -9.799180 -30.764019 12.480120 34.615057
97.997998 -9.803839 -30.780596 12.487312 34.633702
98.098098 -9.808492 -30.797148 12.494493 34.652318
98.198198 -9.813138 -30.813674 12.501663 34.670907
98.298298 -9.817776 -30.830175 12.508821 34.689465
98.398398 -9.822407 -30.846648 12.515968 34.707994
98.498498 -9.827031 -30.863094 12.523102 34.726491
98.598599 -9.831646 -30.879511 12.530223 34.744956
98.698699 -9.836254 -30.895897 12.537332 34.763386
98.798799 -9.840852 -30.912254 12.544427 34.781783
98.898899 -9.845442 -30.928579 12.551509 34.800145
98.998999 -9.850024 -30.944875 12.558577 34.818474
99.099099 -9.854597 -30.961140 12.565633 34.836768
99.199199 -9.859162 -30.977374 12.572675 34.855027
99.299299 -9.863718 -30.993577 12.579704 34.873252
99.399399 -9.868265 -31.009750 12.586719 34.891442
99.499499 -9.872803 -31.025891 12.593721 34.909597
99.599600 -9.877333 -31.042000 12.600708 34.927716
99.699700 -9.881853 -31.058076 12.607682 34.945797
99.799800 -9.886363 -31.074119 12.614641 34.963841
99.899900 -9.890865 -31.090128 12.621585 34.981848
100.000000 -9.895357 -31.106104 12.628516 34.999818
