0.000000 -0.580905 0.890021 0.386405 1.130884
0.100100 -0.659363 0.858614 0.323750 1.129952
0.200200 -0.734614 0.823112 0.259582 1.133381
0.300300 -0.806335 0.783730 0.194223 1.141110
0.400400 -0.874271 0.740734 0.128002 1.153006
0.500501 -0.938263 0.694458 0.061249 1.168914
0.600601 -0.998226 0.645254 -0.005724 1.188629
0.700701 -1.054082 0.593450 -0.072634 1.211836
0.800801 -1.105836 0.539386 -0.139223 1.238222
0.900901 -1.153600 0.483422 -0.205274 1.267528
1.001001 -1.197502 0.425887 -0.270602 1.299468
1.101101 -1.237715 0.367085 -0.335064 1.333776
1.201201 -1.274469 0.307300 -0.398556 1.370237
1.301301 -1.307976 0.246775 -0.461000 1.408623
1.401401 -1.338403 0.185713 -0.522325 1.448667
1.501502 -1.365935 0.124290 -0.582489 1.490141
1.601602 -1.390752 0.062663 -0.641463 1.532838
1.701702 -1.413033 0.000964 -0.699236 1.576577
1.801802 -1.433030 -0.060697 -0.755848 1.621285
1.901902 -1.451003 -0.122230 -0.811361 1.666930
2.002002 -1.467152 -0.183569 -0.865823 1.713442
2.102102 -1.481605 -0.244654 -0.919252 1.760692
2.202202 -1.494453 -0.305431 -0.971653 1.808532
2.302302 -1.505788 -0.365858 -1.023040 1.856841
2.402402 -1.515733 -0.425905 -1.073450 1.905554
2.502503 -1.524406 -0.485553 -1.122928 1.954621
2.602603 -1.531922 -0.544790 -1.171522 2.004008
2.702703 -1.538360 -0.603602 -1.219259 2.053650
2.802803 -1.543794 -0.661977 -1.266168 2.103496
2.902903 -1.548333 -0.719926 -1.312312 2.153553
3.003003 -1.552075 -0.777462 -1.357747 2.203829
3.103103 -1.555089 -0.834589 -1.402513 2.254303
3.203203 -1.557411 -0.891302 -1.446621 2.304921
3.303303 -1.559096 -0.947607 -1.490105 2.355664
3.403403 -1.560210 -1.003521 -1.533010 2.406539
3.503504 -1.560797 -1.059052 -1.575364 2.457529
3.603604 -1.560885 -1.114201 -1.617181 2.508602
3.703704 -1.560496 -1.168963 -1.658469 2.559715
3.803804 -1.559647 -1.223335 -1.699234 2.610832
3.903904 -1.558347 -1.277309 -1.739474 2.661904
4.004004 -1.556610 -1.330878 -1.779190 2.712893
4.104104 -1.554453 -1.384044 -1.818394 2.763776
4.204204 -1.551919 -1.436826 -1.857119 2.814571
4.304304 -1.549050 -1.489252 -1.895409 2.865310
4.404404 -1.545881 -1.541343 -1.933297 2.916012
4.504505 -1.542449 -1.593125 -1.970820 2.966703
4.604605 -1.538781 -1.644615 -2.008005 3.017398
4.704705 -1.534902 -1.695831 -2.044878 3.068109
4.804805 -1.530823 -1.746779 -2.081449 3.118828
4.904905 -1.526550 -1.797456 -2.117719 3.169532
5.005005 -1.522095 -1.847870 -2.153700 3.220220
5.105105 -1.517474 -1.898032 -2.189407 3.270895
5.205205 -1.512695 -1.947948 -2.224850 3.321552
5.305305 -1.507769 -1.997624 -2.260038 3.372186
5.405405 -1.502707 -2.047070 -2.294984 3.422802
5.505506 -1.497516 -2.096289 -2.329694 3.473392
5.605606 -1.492202 -2.145283 -2.364173 3.523949
5.705706 -1.486777 -2.194068 -2.398439 3.574486
5.805806 -1.481258 -2.242661 -2.432513 3.625021
5.905906 -1.475648 -2.291064 -2.466398 3.675544
6.006006 -1.469947 -2.339271 -2.500089 3.726041
6.106106 -1.464153 -2.387279 -2.533584 3.776492
6.206206 -1.458268 -2.435084 -2.566879 3.826885
6.306306 -1.452302 -2.482700 -2.599991 3.877232
6.406406 -1.446260 -2.530132 -2.632927 3.927536
6.506507 -1.440143 -2.577378 -2.665684 3.977783
6.606607 -1.433953 -2.624438 -2.698265 4.027968
6.706707 -1.427696 -2.671318 -2.730675 4.078093
6.806807 -1.421377 -2.718026 -2.762925 4.128163
6.906907 -1.414999 -2.764565 -2.795018 4.178178
7.007007 -1.408564 -2.810938 -2.826956 4.228133
7.107107 -1.402079 -2.857152 -2.858750 4.278036
7.207207 -1.395551 -2.903220 -2.890412 4.327902
7.307307 -1.388984 -2.949149 -2.921948 4.377732
7.407407 -1.382381 -2.994943 -2.953364 4.427530
7.507508 -1.375746 -3.040608 -2.984668 4.477301
7.607608 -1.369085 -3.086154 -3.015868 4.527052
7.707708 -1.362398 -3.131585 -3.046968 4.576785
7.807808 -1.355691 -3.176906 -3.077975 4.626507
7.907908 -1.348965 -3.222125 -3.108896 4.676220
8.008008 -1.342223 -3.267242 -3.139731 4.725923
8.108108 -1.335466 -3.312261 -3.170484 4.775616
8.208208 -1.328698 -3.357190 -3.201164 4.825310
8.308308 -1.321924 -3.402042 -3.231782 4.875017
8.408408 -1.315144 -3.446812 -3.262336 4.924729
8.508509 -1.308354 -3.491496 -3.292818 4.974433
8.608609 -1.301558 -3.536098 -3.323237 5.024137
8.708709 -1.294758 -3.580624 -3.353596 5.073842
8.808809 -1.287953 -3.625071 -3.383892 5.123542
8.908909 -1.281144 -3.669440 -3.414127 5.173237
9.009009 -1.274331 -3.713735 -3.444305 5.222928
9.109109 -1.267516 -3.757954 -3.474423 5.272611
9.209209 -1.260697 -3.802092 -3.504479 5.322277
9.309309 -1.253871 -3.846146 -3.534467 5.371917
9.409409 -1.247043 -3.890122 -3.564395 5.421539
9.509510 -1.240213 -3.934025 -3.594267 5.471146
9.609610 -1.233383 -3.977856 -3.624085 5.520740
9.709710 -1.226554 -4.021622 -3.653853 5.570325
9.809810 -1.219727 -4.065325 -3.683575 5.619904
9.909910 -1.212903 -4.108967 -3.713252 5.669478
10.010010 -1.206080 -4.152541 -3.742878 5.719035
10.110110 -1.199259 -4.196048 -3.772455 5.768575
10.210210 -1.192442 -4.239497 -3.801989 5.818107
10.310310 -1.185629 -4.282889 -3.831483 5.867633
10.410410 -1.178823 -4.326229 -3.860940 5.917156
10.510511 -1.172023 -4.369520 -3.890363 5.966679
10.610611 -1.165230 -4.412762 -3.919752 6.016202
10.710711 -1.158444 -4.455954 -3.949107 6.065720
10.810811 -1.151664 -4.499094 -3.978426 6.115231
10.910911 -1.144890 -4.542181 -4.007708 6.164731
11.011011 -1.138121 -4.585212 -4.036949 6.214213
11.111111 -1.131358 -4.628188 -4.066152 6.263680
11.211211 -1.124600 -4.671108 -4.095316 6.313129
11.311311 -1.117848 -4.713972 -4.124439 6.362555
11.411411 -1.111101 -4.756778 -4.153521 6.411959
11.511512 -1.104360 -4.799529 -4.182565 6.461342
11.611612 -1.097625 -4.842231 -4.211574 6.510709
11.711712 -1.090899 -4.884883 -4.240550 6.560061
11.811812 -1.084178 -4.927481 -4.269487 6.609390
11.911912 -1.077462 -4.970020 -4.298382 6.658687
12.012012 -1.070752 -5.012501 -4.327236 6.707954
12.112112 -1.064047 -5.054925 -4.356050 6.757191
12.212212 -1.057348 -5.097291 -4.384823 6.806397
12.312312 -1.050656 -5.139605 -4.413559 6.855576
12.412412 -1.043970 -5.181863 -4.442256 6.904724
12.512513 -1.037289 -5.224062 -4.470912 6.953837
12.612613 -1.030613 -5.266197 -4.499520 7.002905
12.712713 -1.023941 -5.308264 -4.528080 7.051924
12.812813 -1.017272 -5.350261 -4.556588 7.100890
12.912913 -1.010607 -5.392187 -4.585044 7.149799
13.013013 -1.003946 -5.434045 -4.613451 7.198658
13.113113 -0.997290 -5.475840 -4.641812 7.247471
13.213213 -0.990638 -5.517568 -4.670124 7.296230
13.313313 -0.983989 -5.559224 -4.698384 7.344932
13.413413 -0.977345 -5.600812 -4.726595 7.393578
13.513514 -0.970706 -5.642334 -4.754757 7.442172
13.613614 -0.964071 -5.683787 -4.782870 7.490708
13.713714 -0.957440 -5.725168 -4.810931 7.539184
13.813814 -0.950813 -5.766477 -4.838938 7.587597
13.913914 -0.944190 -5.807716 -4.866894 7.635949
14.014014 -0.937573 -5.848896 -4.894809 7.684256
14.114114 -0.930963 -5.890022 -4.922687 7.732522
14.214214 -0.924361 -5.931096 -4.950529 7.780751
14.314314 -0.917767 -5.972124 -4.978339 7.828948
14.414414 -0.911180 -6.013102 -5.006117 7.877110
14.514515 -0.904602 -6.054031 -5.033860 7.925234
14.614615 -0.898031 -6.094908 -5.061568 7.973320
14.714715 -0.891467 -6.135733 -5.089241 8.021366
14.814815 -0.884910 -6.176504 -5.116875 8.069367
14.914915 -0.878361 -6.217219 -5.144471 8.117322
15.015015 -0.871818 -6.257881 -5.172031 8.165234
15.115115 -0.865283 -6.298489 -5.199553 8.213101
15.215215 -0.858756 -6.339044 -5.227039 8.260925
15.315315 -0.852235 -6.379545 -5.254488 8.308703
15.415415 -0.845722 -6.419990 -5.281896 8.356431
15.515516 -0.839216 -6.460380 -5.309268 8.404113
15.615616 -0.832716 -6.500714 -5.336600 8.451745
15.715716 -0.826224 -6.540991 -5.363893 8.499327
15.815816 -0.819740 -6.581215 -5.391149 8.546862
15.915916 -0.813262 -6.621381 -5.418365 8.594345
16.016016 -0.806791 -6.661494 -5.445544 8.641780
16.116116 -0.800329 -6.701555 -5.472688 8.689170
16.216216 -0.793874 -6.741563 -5.499795 8.736512
16.316316 -0.787426 -6.781518 -5.526866 8.783807
16.416416 -0.780987 -6.821425 -5.553905 8.831061
16.516517 -0.774556 -6.861285 -5.580911 8.878273
16.616617 -0.768133 -6.901097 -5.607886 8.925444
16.716717 -0.761718 -6.940863 -5.634830 8.972575
16.816817 -0.755312 -6.980581 -5.661742 9.019663
16.916917 -0.748914 -7.020249 -5.688620 9.066706
17.017017 -0.742523 -7.059866 -5.715463 9.113702
17.117117 -0.736140 -7.099429 -5.742269 9.160647
17.217217 -0.729765 -7.138940 -5.769039 9.207542
17.317317 -0.723398 -7.178399 -5.795775 9.254389
17.417417 -0.717038 -7.217804 -5.822472 9.301184
17.517518 -0.710686 -7.257156 -5.849133 9.347927
17.617618 -0.704341 -7.296456 -5.875759 9.394621
17.717718 -0.698005 -7.335707 -5.902352 9.441269
17.817818 -0.691677 -7.374906 -5.928910 9.487868
17.917918 -0.685356 -7.414048 -5.955427 9.534408
18.018018 -0.679042 -7.453128 -5.981902 9.580885
18.118118 -0.672735 -7.492146 -6.008332 9.627299
18.218218 -0.666435 -7.531108 -6.034724 9.673656
18.318318 -0.660143 -7.570019 -6.061081 9.719963
18.418418 -0.653860 -7.608880 -6.087405 9.766221
18.518519 -0.647584 -7.647687 -6.113691 9.812426
18.618619 -0.641316 -7.686438 -6.139939 9.858573
18.718719 -0.635054 -7.725130 -6.166146 9.904660
18.818819 -0.628801 -7.763762 -6.192310 9.950683
18.918919 -0.622554 -7.802333 -6.218432 9.996643
19.019019 -0.616314 -7.840843 -6.244511 10.042538
19.119119 -0.610082 -7.879290 -6.270547 10.088368
19.219219 -0.603857 -7.917680 -6.296542 10.134137
19.319319 -0.597640 -7.956011 -6.322497 10.179845
19.419419 -0.591429 -7.994282 -6.348410 10.225490
19.519520 -0.585227 -8.032493 -6.374281 10.271070
19.619620 -0.579031 -8.070644 -6.400111 10.316588
19.719720 -0.572843 -8.108740 -6.425901 10.362047
19.819820 -0.566663 -8.146782 -6.451656 10.407451
19.919920 -0.560492 -8.184773 -6.477376 10.452801
20.020020 -0.554327 -8.222711 -6.503059 10.498096
20.120120 -0.548171 -8.260598 -6.528708 10.543338
20.220220 -0.542024 -8.298436 -6.554324 10.588532
20.320320 -0.535884 -8.336225 -6.579907 10.633673
20.420420 -0.529752 -8.373963 -6.605454 10.678760
20.520521 -0.523628 -8.411649 -6.630967 10.723794
20.620621 -0.517513 -8.449288 -6.656448 10.768778
20.720721 -0.511406 -8.486879 -6.681897 10.813714
20.820821 -0.505307 -8.524424 -6.707315 10.858601
20.920921 -0.499216 -8.561922 -6.732701 10.903439
21.021021 -0.493134 -8.599373 -6.758057 10.948229
21.121121 -0.487060 -8.636776 -6.783380 10.992969
21.221221 -0.480994 -8.674137 -6.808675 11.037665
21.321321 -0.474938 -8.711459 -6.833945 11.082323
21.421421 -0.468890 -8.748744 -6.859191 11.126944
21.521522 -0.462850 -8.785988 -6.884410 11.171523
21.621622 -0.456819 -8.823191 -6.909603 11.216060
21.721722 -0.450797 -8.860354 -6.934770 11.260556
21.821822 -0.444783 -8.897475 -6.959909 11.305009
21.921922 -0.438778 -8.934555 -6.985022 11.349420
22.022022 -0.432781 -8.971594 -7.010107 11.393787
22.122122 -0.426793 -9.008590 -7.035164 11.438110
22.222222 -0.420814 -9.045545 -7.060194 11.482391
22.322322 -0.414843 -9.082463 -7.085201 11.526635
22.422422 -0.408880 -9.119346 -7.110185 11.570842
22.522523 -0.402927 -9.156188 -7.135143 11.615007
22.622623 -0.396981 -9.192985 -7.160070 11.659124
22.722723 -0.391044 -9.229734 -7.184965 11.703189
22.822823 -0.385115 -9.266435 -7.209828 11.747201
22.922923 -0.379194 -9.303087 -7.234658 11.791162
23.023023 -0.373282 -9.339692 -7.259456 11.835070
23.123123 -0.367377 -9.376245 -7.284219 11.878922
23.223223 -0.361480 -9.412741 -7.308943 11.922710
23.323323 -0.355591 -9.449177 -7.333625 11.966430
23.423423 -0.349710 -9.485551 -7.358264 12.010080
23.523524 -0.343836 -9.521862 -7.382859 12.053659
23.623624 -0.337970 -9.558115 -7.407413 12.097172
23.723724 -0.332111 -9.594313 -7.431930 12.140622
23.823824 -0.326261 -9.630456 -7.456409 12.184013
23.923924 -0.320419 -9.666550 -7.480855 12.227349
24.024024 -0.314585 -9.702598 -7.505271 12.270635
24.124124 -0.308759 -9.738601 -7.529656 12.313871
24.224224 -0.302941 -9.774555 -7.554008 12.357052
24.324324 -0.297132 -9.810458 -7.578326 12.400177
24.424424 -0.291330 -9.846311 -7.602609 12.443246
24.524525 -0.285537 -9.882117 -7.626862 12.486265
24.624625 -0.279752 -9.917879 -7.651085 12.529234
24.724725 -0.273975 -9.953596 -7.675278 12.572153
24.824825 -0.268206 -9.989269 -7.699441 12.615024
24.924925 -0.262446 -10.024901 -7.723578 12.657850
25.025025 -0.256694 -10.060490 -7.747686 12.700630
25.125125 -0.250950 -10.096036 -7.771766 12.743362
25.225225 -0.245214 -10.131536 -7.795815 12.786043
25.325325 -0.239486 -10.166990 -7.819833 12.828673
25.425425 -0.233767 -10.202401 -7.843823 12.871255
25.525526 -0.228055 -10.237772 -7.867786 12.913792
25.625626 -0.222352 -10.273102 -7.891722 12.956286
25.725726 -0.216658 -10.308390 -7.915631 12.998733
25.825826 -0.210971 -10.343634 -7.939511 13.041131
25.925926 -0.205293 -10.378837 -7.963363 13.083484
26.026026 -0.199623 -10.413997 -7.987186 13.125789
26.126126 -0.193960 -10.449108 -8.010978 13.168039
26.226226 -0.188306 -10.484172 -8.034736 13.210235
26.326326 -0.182660 -10.519189 -8.058464 13.252379
26.426426 -0.177022 -10.554163 -8.082163 13.294475
26.526527 -0.171393 -10.589094 -8.105834 13.336522
26.626627 -0.165771 -10.623981 -8.129474 13.378520
26.726727 -0.160157 -10.658821 -8.153084 13.420466
26.826827 -0.154552 -10.693614 -8.176662 13.462357
26.926927 -0.148954 -10.728360 -8.200209 13.504196
27.027027 -0.143365 -10.763061 -8.223725 13.545984
27.127127 -0.137783 -10.797714 -8.247209 13.587718
27.227227 -0.132210 -10.832319 -8.270659 13.629395
27.327327 -0.126645 -10.866874 -8.294077 13.671017
27.427427 -0.121087 -10.901380 -8.317462 13.712583
27.527528 -0.115538 -10.935839 -8.340814 13.754094
27.627628 -0.109996 -10.970249 -8.364134 13.795550
27.727728 -0.104463 -11.004612 -8.387422 13.836952
27.827828 -0.098937 -11.038929 -8.410679 13.878302
27.927928 -0.093420 -11.073200 -8.433905 13.919598
28.028028 -0.087910 -11.107418 -8.457095 13.960836
28.128128 -0.082409 -11.141584 -8.480249 14.002011
28.228228 -0.076915 -11.175698 -8.503368 14.043127
28.328328 -0.071430 -11.209763 -8.526454 14.084187
28.428428 -0.065952 -11.243780 -8.549508 14.125191
28.528529 -0.060482 -11.277747 -8.572527 14.166138
28.628629 -0.055020 -11.311663 -8.595512 14.207026
28.728729 -0.049567 -11.345531 -8.618464 14.247858
28.828829 -0.044121 -11.379355 -8.641387 14.288640
28.928929 -0.038683 -11.413137 -8.664283 14.329375
29.029029 -0.033253 -11.446879 -8.687151 14.370064
29.129129 -0.027831 -11.480581 -8.709994 14.410708
29.229229 -0.022417 -11.514243 -8.732810 14.451306
29.329329 -0.017010 -11.547867 -8.755601 14.491862
29.429429 -0.011612 -11.581454 -8.778368 14.532376
29.529530 -0.006222 -11.615006 -8.801112 14.572850
29.629630 -0.000839 -11.648523 -8.823834 14.613286
29.729730 0.004535 -11.682007 -8.846535 14.653685
29.829830 0.009902 -11.715458 -8.869214 14.694047
29.929930 0.015261 -11.748874 -8.891872 14.734370
30.030030 0.020611 -11.782257 -8.914508 14.774655
30.130130 0.025954 -11.815609 -8.937124 14.814907
30.230230 0.031290 -11.848933 -8.959724 14.855129
30.330330 0.036617 -11.882230 -8.982306 14.895320
30.430430 0.041937 -11.915502 -9.004873 14.935484
30.530531 0.047248 -11.948746 -9.027423 14.975618
30.630631 0.052553 -11.981961 -9.049955 15.015719
30.730731 0.057849 -12.015148 -9.072470 15.055790
30.830831 0.063137 -12.048309 -9.094969 15.095834
30.930931 0.068418 -12.081448 -9.117455 15.135853
31.031031 0.073691 -12.114567 -9.139929 15.175852
31.131131 0.078957 -12.147673 -9.162397 15.215838
31.231231 0.084215 -12.180766 -9.184860 15.255812
31.331331 0.089465 -12.213845 -9.207316 15.295773
31.431431 0.094708 -12.246911 -9.229765 15.335722
31.531532 0.099943 -12.279961 -9.252206 15.375654
31.631632 0.105171 -12.312994 -9.274638 15.415570
31.731732 0.110391 -12.346012 -9.297062 15.455470
31.831832 0.115604 -12.379016 -9.319479 15.495357
31.931932 0.120809 -12.412007 -9.341891 15.535232
32.032032 0.126007 -12.444986 -9.364297 15.575096
32.132132 0.131197 -12.477953 -9.386697 15.614948
32.232232 0.136380 -12.510906 -9.409091 15.654787
32.332332 0.141556 -12.543847 -9.431479 15.694614
32.432432 0.146724 -12.576773 -9.453859 15.734428
32.532533 0.151885 -12.609684 -9.476232 15.774225
32.632633 0.157039 -12.642578 -9.498595 15.814005
32.732733 0.162185 -12.675454 -9.520949 15.853766
32.832833 0.167323 -12.708311 -9.543291 15.893508
32.932933 0.172455 -12.741150 -9.565624 15.933229
33.033033 0.177579 -12.773969 -9.587945 15.972931
33.133133 0.182696 -12.806769 -9.610255 16.012611
33.233233 0.187805 -12.839547 -9.632553 16.052268
33.333333 0.192907 -12.872300 -9.654835 16.091897
33.433433 0.198002 -12.905027 -9.677101 16.131497
33.533534 0.203089 -12.937726 -9.699350 16.171066
33.633634 0.208169 -12.970399 -9.721582 16.210606
33.733734 0.213241 -13.003043 -9.743796 16.250112
33.833834 0.218306 -13.035655 -9.765989 16.289583
33.933934 0.223364 -13.068233 -9.788161 16.329015
34.034034 0.228414 -13.100781 -9.810313 16.368411
34.134134 0.233457 -13.133298 -9.832446 16.407773
34.234234 0.238493 -13.165787 -9.854561 16.447103
34.334334 0.243521 -13.198249 -9.876659 16.486402
34.434434 0.248542 -13.230681 -9.898739 16.525669
34.534535 0.253556 -13.263083 -9.920798 16.564900
34.634635 0.258562 -13.295452 -9.942837 16.604093
34.734735 0.263561 -13.327789 -9.964855 16.643250
34.834835 0.268553 -13.360094 -9.986852 16.682369
34.934935 0.273537 -13.392366 -10.008828 16.721451
35.035035 0.278514 -13.424605 -10.030783 16.760495
35.135135 0.283484 -13.456810 -10.052716 16.799500
35.235235 0.288446 -13.488978 -10.074624 16.838461
35.335335 0.293401 -13.521108 -10.096506 16.877378
35.435435 0.298349 -13.553199 -10.118364 16.916250
35.535536 0.303289 -13.585255 -10.140198 16.955081
35.635636 0.308222 -13.617278 -10.162011 16.993873
35.735736 0.313148 -13.649269 -10.183803 17.032629
35.835836 0.318067 -13.681227 -10.205574 17.071347
35.935936 0.322978 -13.713152 -10.227323 17.110026
36.036036 0.327882 -13.745045 -10.249052 17.148668
36.136136 0.332779 -13.776907 -10.270760 17.187275
36.236236 0.337669 -13.808739 -10.292450 17.225848
36.336336 0.342552 -13.840541 -10.314121 17.264385
36.436436 0.347428 -13.872312 -10.335771 17.302888
36.536537 0.352296 -13.904053 -10.357402 17.341355
36.636637 0.357158 -13.935764 -10.379014 17.379787
36.736737 0.362012 -13.967446 -10.400607 17.418187
36.836837 0.366860 -13.999099 -10.422182 17.456553
36.936937 0.371700 -14.030721 -10.443738 17.494884
37.037037 0.376534 -14.062312 -10.465273 17.533178
37.137137 0.381360 -14.093871 -10.486787 17.571435
37.237237 0.386179 -14.125397 -10.508280 17.609654
37.337337 0.390991 -14.156890 -10.529751 17.647835
37.437437 0.395796 -14.188350 -10.551201 17.685977
37.537538 0.400594 -14.219775 -10.572627 17.724077
37.637638 0.405385 -14.251163 -10.594030 17.762136
37.737738 0.410168 -14.282517 -10.615410 17.800153
37.837838 0.414945 -14.313834 -10.636766 17.838128
37.937938 0.419714 -14.345116 -10.658098 17.876061
38.038038 0.424477 -14.376361 -10.679406 17.913951
38.138138 0.429232 -14.407567 -10.700688 17.951796
38.238238 0.433980 -14.438735 -10.721945 17.989595
38.338338 0.438721 -14.469864 -10.743176 18.027348
38.438438 0.443454 -14.500953 -10.764380 18.065054
38.538539 0.448181 -14.532001 -10.785557 18.102711
38.638639 0.452900 -14.563008 -10.806706 18.140320
38.738739 0.457612 -14.593972 -10.827826 18.177878
38.838839 0.462317 -14.624895 -10.848919 18.215387
38.938939 0.467014 -14.655778 -10.869985 18.252849
39.039039 0.471705 -14.686624 -10.891026 18.290268
39.139139 0.476389 -14.717434 -10.912044 18.327643
39.239239 0.481065 -14.748208 -10.933037 18.364976
39.339339 0.485735 -14.778945 -10.954007 18.402267
39.439439 0.490397 -14.809648 -10.974953 18.439516
39.539540 0.495053 -14.840315 -10.995877 18.476725
39.639640 0.499702 -14.870950 -11.016779 18.513894
39.739740 0.504344 -14.901549 -11.037658 18.551022
39.839840 0.508979 -14.932113 -11.058513 18.588108
39.939940 0.513607 -14.962643 -11.079346 18.625154
40.040040 0.518228 -14.993140 -11.100157 18.662162
40.140140 0.522842 -15.023605 -11.120948 18.699132
40.240240 0.527450 -15.054037 -11.141717 18.736064
40.340340 0.532051 -15.084435 -11.162463 18.772955
40.440440 0.536645 -15.114799 -11.183187 18.809807
40.540541 0.541232 -15.145128 -11.203888 18.846617
40.640641 0.545812 -15.175421 -11.224566 18.883384
40.740741 0.550386 -15.205677 -11.245218 18.920108
40.840841 0.554952 -15.235895 -11.265846 18.956787
40.940941 0.559512 -15.266072 -11.286445 18.993416
41.041041 0.564064 -15.296208 -11.307017 19.029997
41.141141 0.568609 -15.326303 -11.327561 19.066529
41.241241 0.573148 -15.356358 -11.348079 19.103014
41.341341 0.577679 -15.386375 -11.368571 19.139453
41.441441 0.582204 -15.416351 -11.389036 19.175844
41.541542 0.586721 -15.446288 -11.409475 19.212188
41.641642 0.591232 -15.476184 -11.429886 19.248484
41.741742 0.595735 -15.506040 -11.450270 19.284731
41.841842 0.600232 -15.535853 -11.470625 19.320928
41.941942 0.604721 -15.565624 -11.490951 19.357074
42.042042 0.609204 -15.595352 -11.511249 19.393169
42.142142 0.613679 -15.625038 -11.531518 19.429213
42.242242 0.618148 -15.654679 -11.551757 19.465204
42.342342 0.622609 -15.684276 -11.571966 19.501142
42.442442 0.627063 -15.713827 -11.592144 19.537025
42.542543 0.631510 -15.743333 -11.612291 19.572854
42.642643 0.635950 -15.772794 -11.632407 19.608629
42.742743 0.640383 -15.802210 -11.652493 19.644352
42.842843 0.644809 -15.831585 -11.672551 19.680023
42.942943 0.649228 -15.860917 -11.692580 19.715644
43.043043 0.653640 -15.890208 -11.712582 19.751216
43.143143 0.658045 -15.919456 -11.732555 19.786737
43.243243 0.662444 -15.948663 -11.752499 19.822208
43.343343 0.666835 -15.977826 -11.772414 19.857627
43.443443 0.671219 -16.006947 -11.792300 19.892994
43.543544 0.675597 -16.036028 -11.812160 19.928315
43.643644 0.679968 -16.065071 -11.831994 19.963590
43.743744 0.684332 -16.094076 -11.851802 19.998820
43.843844 0.688689 -16.123043 -11.871585 20.034005
43.943944 0.693040 -16.151971 -11.891342 20.069142
44.044044 0.697384 -16.180859 -11.911073 20.104233
44.144144 0.701721 -16.209709 -11.930777 20.139278
44.244244 0.706051 -16.238522 -11.950457 20.174279
44.344344 0.710375 -16.267297 -11.970111 20.209234
44.444444 0.714692 -16.296034 -11.989740 20.244145
44.544545 0.719003 -16.324733 -12.009344 20.279009
44.644645 0.723307 -16.353394 -12.028921 20.313828
44.744745 0.727604 -16.382018 -12.048474 20.348603
44.844845 0.731895 -16.410606 -12.068004 20.383336
44.944945 0.736179 -16.439159 -12.087510 20.418027
45.045045 0.740457 -16.467676 -12.106992 20.452675
45.145145 0.744728 -16.496158 -12.126450 20.487280
45.245245 0.748992 -16.524605 -12.145885 20.521844
45.345345 0.753250 -16.553013 -12.165295 20.556362
45.445445 0.757502 -16.581384 -12.184678 20.590835
45.545546 0.761746 -16.609715 -12.204036 20.625261
45.645646 0.765985 -16.638007 -12.223367 20.659640
45.745746 0.770216 -16.666262 -12.242673 20.693974
45.845846 0.774441 -16.694479 -12.261953 20.728263
45.945946 0.778660 -16.722659 -12.281209 20.762508
46.046046 0.782872 -16.750802 -12.300440 20.796709
46.146146 0.787077 -16.778907 -12.319646 20.830863
46.246246 0.791276 -16.806973 -12.338825 20.864972
46.346346 0.795468 -16.835001 -12.357979 20.899036
46.446446 0.799654 -16.862990 -12.377106 20.933052
46.546547 0.803833 -16.890941 -12.396208 20.967021
46.646647 0.808005 -16.918852 -12.415283 21.000945
46.746747 0.812171 -16.946723 -12.434331 21.034820
46.846847 0.816331 -16.974554 -12.453352 21.068646
46.946947 0.820483 -17.002345 -12.472346 21.102425
47.047047 0.824630 -17.030097 -12.491313 21.136157
47.147147 0.828769 -17.057809 -12.510253 21.169840
47.247247 0.832902 -17.085480 -12.529166 21.203475
47.347347 0.837028 -17.113109 -12.548050 21.237059
47.447447 0.841148 -17.140697 -12.566906 21.270594
47.547548 0.845261 -17.168242 -12.585734 21.304077
47.647648 0.849367 -17.195744 -12.604532 21.337508
47.747748 0.853467 -17.223202 -12.623299 21.370886
47.847848 0.857559 -17.250613 -12.642035 21.404208
47.947948 0.861645 -17.277977 -12.660738 21.437472
48.048048 0.865724 -17.305292 -12.679408 21.470677
48.148148 0.869796 -17.332559 -12.698045 21.503825
48.248248 0.873861 -17.359779 -12.716650 21.536916
48.348348 0.877919 -17.386956 -12.735225 21.569955
48.448448 0.881971 -17.414091 -12.753772 21.602943
48.548549 0.886016 -17.441184 -12.772291 21.635881
48.648649 0.890054 -17.468239 -12.790783 21.668772
48.748749 0.894087 -17.495253 -12.809248 21.701615
48.848849 0.898112 -17.522228 -12.827687 21.734411
48.948949 0.902132 -17.549165 -12.846100 21.767161
49.049049 0.906145 -17.576064 -12.864487 21.799866
49.149149 0.910151 -17.602926 -12.882850 21.832526
49.249249 0.914152 -17.629751 -12.901187 21.865141
49.349349 0.918146 -17.656537 -12.919498 21.897710
49.449449 0.922133 -17.683284 -12.937783 21.930232
49.549550 0.926114 -17.709991 -12.956041 21.962707
49.649650 0.930089 -17.736658 -12.974271 21.995132
49.749750 0.934057 -17.763284 -12.992474 22.027508
49.849850 0.938019 -17.789871 -13.010650 22.059837
49.949950 0.941975 -17.816419 -13.028800 22.092119
50.050050 0.945924 -17.842927 -13.046923 22.124353
50.150150 0.949866 -17.869392 -13.065017 22.156536
50.250250 0.953802 -17.895815 -13.083081 22.188667
50.350350 0.957732 -17.922195 -13.101117 22.220747
50.450450 0.961655 -17.948534 -13.119125 22.252777
50.550551 0.965571 -17.974832 -13.137104 22.284757
50.650651 0.969481 -18.001089 -13.155057 22.316689
50.750751 0.973385 -18.027306 -13.172981 22.348572
50.850851 0.977282 -18.053482 -13.190879 22.380406
50.950951 0.981173 -18.079619 -13.208749 22.412192
51.051051 0.985058 -18.105716 -13.226592 22.443931
51.151151 0.988936 -18.131772 -13.244408 22.475620
51.251251 0.992808 -18.157788 -13.262196 22.507260
51.351351 0.996674 -18.183760 -13.279955 22.538848
51.451451 1.000533 -18.209691 -13.297685 22.570386
51.551552 1.004385 -18.235583 -13.315389 22.601877
51.651652 1.008232 -18.261435 -13.333066 22.633321
51.751752 1.012072 -18.287249 -13.350717 22.664717
51.851852 1.015906 -18.313025 -13.368342 22.696068
51.951952 1.019734 -18.338762 -13.385941 22.727373
52.052052 1.023555 -18.364464 -13.403516 22.758634
52.152152 1.027371 -18.390131 -13.421068 22.789855
52.252252 1.031181 -18.415765 -13.438598 22.821035
52.352352 1.034985 -18.441366 -13.456105 22.852176
52.452452 1.038783 -18.466933 -13.473591 22.883276
52.552553 1.042575 -18.492469 -13.491055 22.914339
52.652653 1.046362 -18.517973 -13.508498 22.945364
52.752753 1.050142 -18.543447 -13.525921 22.976352
52.852853 1.053917 -18.568890 -13.543323 23.007303
52.952953 1.057686 -18.594302 -13.560704 23.038217
53.053053 1.061450 -18.619683 -13.578065 23.069094
53.153153 1.065208 -18.645034 -13.595407 23.099936
53.253253 1.068960 -18.670356 -13.612729 23.130743
53.353353 1.072707 -18.695648 -13.630031 23.161513
53.453453 1.076448 -18.720911 -13.647314 23.192249
53.553554 1.080183 -18.746144 -13.664577 23.222949
53.653654 1.083913 -18.771345 -13.681818 23.253611
53.753754 1.087636 -18.796514 -13.699038 23.284234
53.853854 1.091355 -18.821652 -13.716238 23.314819
53.953954 1.095067 -18.846761 -13.733418 23.345371
54.054054 1.098774 -18.871841 -13.750579 23.375887
54.154154 1.102476 -18.896891 -13.767720 23.406368
54.254254 1.106172 -18.921912 -13.784842 23.436813
54.354354 1.109862 -18.946903 -13.801944 23.467224
54.454454 1.113547 -18.971866 -13.819027 23.497600
54.554555 1.117226 -18.996801 -13.836092 23.527943
54.654655 1.120900 -19.021707 -13.853138 23.558251
54.754755 1.124569 -19.046586 -13.870165 23.588526
54.854855 1.128232 -19.071437 -13.887175 23.618769
54.954955 1.131890 -19.096262 -13.904167 23.648980
55.055055 1.135542 -19.121060 -13.921142 23.679159
55.155155 1.139189 -19.145831 -13.938099 23.709306
55.255255 1.142831 -19.170576 -13.955038 23.739422
55.355355 1.146467 -19.195295 -13.971961 23.769507
55.455455 1.150098 -19.219988 -13.988866 23.799560
55.555556 1.153724 -19.244653 -14.005753 23.829580
55.655656 1.157345 -19.269290 -14.022621 23.859566
55.755756 1.160959 -19.293896 -14.039469 23.889515
55.855856 1.164569 -19.318471 -14.056296 23.919427
55.955956 1.168172 -19.343015 -14.073102 23.949302
56.056056 1.171771 -19.367529 -14.089888 23.979141
56.156156 1.175363 -19.392012 -14.106654 24.008941
56.256256 1.178950 -19.416462 -14.123397 24.038703
56.356356 1.182532 -19.440878 -14.140118 24.068425
56.456456 1.186108 -19.465261 -14.156816 24.098105
56.556557 1.189678 -19.489610 -14.173490 24.127744
56.656657 1.193242 -19.513924 -14.190143 24.157343
56.756757 1.196801 -19.538207 -14.206773 24.186903
56.856857 1.200354 -19.562458 -14.223382 24.216424
56.956957 1.203902 -19.586676 -14.239970 24.245907
57.057057 1.207444 -19.610864 -14.256536 24.275352
57.157157 1.210980 -19.635020 -14.273082 24.304760
57.257257 1.214512 -19.659147 -14.289608 24.334132
57.357357 1.218038 -19.683244 -14.306114 24.363468
57.457457 1.221558 -19.707311 -14.322600 24.392769
57.557558 1.225073 -19.731348 -14.339066 24.422033
57.657658 1.228583 -19.755355 -14.355513 24.451262
57.757758 1.232087 -19.779333 -14.371939 24.480455
57.857858 1.235587 -19.803281 -14.388346 24.509613
57.957958 1.239080 -19.827201 -14.404734 24.538736
58.058058 1.242569 -19.851091 -14.421102 24.567824
58.158158 1.246052 -19.874953 -14.437451 24.596878
58.258258 1.249530 -19.898787 -14.453782 24.625899
58.358358 1.253003 -19.922595 -14.470095 24.654887
58.458458 1.256471 -19.946375 -14.486391 24.683843
58.558559 1.259933 -19.970130 -14.502668 24.712768
58.658659 1.263391 -19.993857 -14.518929 24.741661
58.758759 1.266843 -20.017558 -14.535171 24.770521
58.858859 1.270290 -20.041232 -14.551396 24.799350
58.958959 1.273733 -20.064878 -14.567602 24.828145
59.059059 1.277169 -20.088496 -14.583789 24.856905
59.159159 1.280601 -20.112085 -14.599957 24.885631
59.259259 1.284028 -20.135646 -14.616106 24.914324
59.359359 1.287449 -20.159178 -14.632237 24.942982
59.459459 1.290865 -20.182684 -14.648349 24.971608
59.559560 1.294276 -20.206162 -14.664444 25.000201
59.659660 1.297683 -20.229612 -14.680519 25.028760
59.759760 1.301083 -20.253034 -14.696576 25.057285
59.859860 1.304479 -20.276425 -14.712612 25.085773
59.959960 1.307869 -20.299785 -14.728627 25.114224
60.060060 1.311254 -20.323113 -14.744621 25.142636
60.160160 1.314634 -20.346412 -14.760594 25.171012
60.260260 1.318008 -20.369680 -14.776548 25.199353
60.360360 1.321377 -20.392920 -14.792482 25.227658
60.460460 1.324741 -20.416129 -14.808396 25.255927
60.560561 1.328100 -20.439309 -14.824290 25.284160
60.660661 1.331454 -20.462458 -14.840164 25.312358
60.760761 1.334802 -20.485578 -14.856018 25.340519
60.860861 1.338145 -20.508668 -14.871852 25.368643
60.960961 1.341483 -20.531727 -14.887665 25.396732
61.061061 1.344816 -20.554755 -14.903457 25.424782
61.161161 1.348143 -20.577751 -14.919228 25.452793
61.261261 1.351466 -20.600716 -14.934978 25.480768
61.361361 1.354782 -20.623649 -14.950706 25.508703
61.461461 1.358094 -20.646549 -14.966411 25.536598
61.561562 1.361400 -20.669414 -14.982093 25.564452
61.661662 1.364701 -20.692246 -14.997753 25.592265
61.761762 1.367996 -20.715045 -15.013390 25.620038
61.861862 1.371286 -20.737812 -15.029005 25.647773
61.961962 1.374571 -20.760547 -15.044599 25.675469
62.062062 1.377850 -20.783252 -15.060173 25.703130
62.162162 1.381125 -20.805928 -15.075727 25.730754
62.262262 1.384394 -20.828572 -15.091260 25.758340
62.362362 1.387658 -20.851186 -15.106772 25.785890
62.462462 1.390917 -20.873768 -15.122263 25.813401
62.562563 1.394171 -20.896319 -15.137734 25.840876
62.662663 1.397419 -20.918840 -15.153183 25.868313
62.762763 1.400663 -20.941331 -15.168613 25.895715
62.862863 1.403901 -20.963793 -15.184023 25.923081
62.962963 1.407135 -20.986226 -15.199414 25.950412
63.063063 1.410363 -21.008630 -15.214785 25.977708
63.163163 1.413587 -21.031005 -15.230136 26.004970
63.263263 1.416805 -21.053352 -15.245469 26.032198
63.363363 1.420019 -21.075671 -15.260784 26.059392
63.463463 1.423227 -21.097962 -15.276079 26.086552
63.563564 1.426431 -21.120225 -15.291355 26.113677
63.663664 1.429630 -21.142459 -15.306612 26.140769
63.763764 1.432824 -21.164665 -15.321851 26.167827
63.863864 1.436013 -21.186844 -15.337071 26.194851
63.963964 1.439197 -21.208995 -15.352272 26.221843
64.064064 1.442376 -21.231119 -15.367456 26.248802
64.164164 1.445550 -21.253217 -15.382622 26.275728
64.264264 1.448720 -21.275287 -15.397769 26.302621
64.364364 1.451885 -21.297328 -15.412897 26.329481
64.464464 1.455044 -21.319341 -15.428006 26.356306
64.564565 1.458199 -21.341325 -15.443095 26.383095
64.664665 1.461349 -21.363279 -15.458165 26.409848
64.764765 1.464494 -21.385203 -15.473213 26.436565
64.864865 1.467634 -21.407098 -15.488243 26.463248
64.964965 1.470769 -21.428966 -15.503254 26.489896
65.065065 1.473899 -21.450805 -15.518246 26.516511
65.165165 1.477025 -21.472616 -15.533219 26.543092
65.265265 1.480145 -21.494397 -15.548172 26.569637
65.365365 1.483260 -21.516148 -15.563104 26.596144
65.465465 1.486371 -21.537867 -15.578015 26.622614
65.565566 1.489476 -21.559555 -15.592905 26.649046
65.665666 1.492576 -21.581212 -15.607773 26.675440
65.765766 1.495672 -21.602838 -15.622621 26.701796
65.865866 1.498762 -21.624432 -15.637447 26.728115
65.965966 1.501847 -21.645995 -15.652252 26.754395
66.066066 1.504927 -21.667527 -15.667036 26.780638
66.166166 1.508002 -21.689028 -15.681800 26.806843
66.266266 1.511073 -21.710499 -15.696542 26.833012
66.366366 1.514138 -21.731939 -15.711264 26.859144
66.466466 1.517198 -21.753349 -15.725965 26.885239
66.566567 1.520254 -21.774729 -15.740646 26.911297
66.666667 1.523304 -21.796080 -15.755308 26.937321
66.766767 1.526350 -21.817402 -15.769950 26.963310
66.866867 1.529391 -21.838696 -15.784573 26.989265
66.966967 1.532427 -21.859961 -15.799177 27.015185
67.067067 1.535459 -21.881199 -15.813763 27.041073
67.167167 1.538486 -21.902410 -15.828330 27.066926
67.267267 1.541508 -21.923592 -15.842877 27.092746
67.367367 1.544525 -21.944746 -15.857406 27.118532
67.467467 1.547538 -21.965873 -15.871917 27.144285
67.567568 1.550546 -21.986972 -15.886409 27.170004
67.667668 1.553549 -22.008044 -15.900883 27.195691
67.767768 1.556548 -22.029091 -15.915339 27.221346
67.867868 1.559542 -22.050112 -15.929779 27.246972
67.967968 1.562532 -22.071109 -15.944203 27.272568
68.068068 1.565517 -22.092081 -15.958610 27.298134
68.168168 1.568498 -22.113029 -15.973000 27.323671
68.268268 1.571475 -22.133952 -15.987375 27.349178
68.368368 1.574447 -22.154853 -16.001734 27.374657
68.468468 1.577415 -22.175729 -16.016077 27.400108
68.568569 1.580378 -22.196582 -16.030405 27.425531
68.668669 1.583337 -22.217412 -16.044717 27.450925
68.768769 1.586292 -22.238220 -16.059015 27.476293
68.868869 1.589243 -22.259007 -16.073299 27.501637
68.968969 1.592189 -22.279774 -16.087570 27.526956
69.069069 1.595132 -22.300520 -16.101827 27.552250
69.169169 1.598070 -22.321246 -16.116070 27.577519
69.269269 1.601004 -22.341951 -16.130300 27.602763
69.369369 1.603935 -22.362636 -16.144517 27.627985
69.469469 1.606861 -22.383302 -16.158721 27.653182
69.569570 1.609783 -22.403948 -16.172913 27.678356
69.669670 1.612701 -22.424575 -16.187091 27.703506
69.769770 1.615615 -22.445181 -16.201256 27.728632
69.869870 1.618525 -22.465767 -16.215408 27.753734
69.969970 1.621431 -22.486332 -16.229546 27.778811
70.070070 1.624333 -22.506878 -16.243671 27.803865
70.170170 1.627231 -22.527405 -16.257784 27.828895
70.270270 1.630125 -22.547912 -16.271884 27.853902
70.370370 1.633015 -22.568398 -16.285970 27.878884
70.470470 1.635901 -22.588865 -16.300043 27.903842
70.570571 1.638782 -22.609309 -16.314102 27.928773
70.670671 1.641660 -22.629731 -16.328146 27.953678
70.770771 1.644534 -22.650131 -16.342175 27.978556
70.870871 1.647403 -22.670509 -16.356189 28.003408
70.970971 1.650268 -22.690866 -16.370189 28.028234
71.071071 1.653129 -22.711200 -16.384175 28.053033
71.171171 1.655986 -22.731512 -16.398145 28.077805
71.271271 1.658839 -22.751802 -16.412101 28.102550
71.371371 1.661688 -22.772071 -16.426043 28.127269
71.471471 1.664532 -22.792317 -16.439969 28.151962
71.571572 1.667373 -22.812541 -16.453882 28.176629
71.671672 1.670209 -22.832744 -16.467780 28.201269
71.771772 1.673042 -22.852925 -16.481663 28.225883
71.871872 1.675870 -22.873084 -16.495532 28.250471
71.971972 1.678694 -22.893221 -16.509386 28.275032
72.072072 1.681515 -22.913336 -16.523226 28.299566
72.172172 1.684331 -22.933428 -16.537050 28.324073
72.272272 1.687142 -22.953496 -16.550858 28.348551
72.372372 1.689950 -22.973540 -16.564650 28.372999
72.472472 1.692753 -22.993558 -16.578424 28.397416
72.572573 1.695552 -23.013551 -16.592182 28.421803
72.672673 1.698347 -23.033518 -16.605922 28.446160
72.772773 1.701137 -23.053460 -16.619645 28.470485
72.872873 1.703923 -23.073375 -16.633350 28.494778
72.972973 1.706705 -23.093265 -16.647038 28.519039
73.073073 1.709482 -23.113128 -16.660708 28.543269
73.173173 1.712255 -23.132967 -16.674362 28.567469
73.273273 1.715024 -23.152782 -16.687999 28.591641
73.373373 1.717789 -23.172574 -16.701621 28.615784
73.473473 1.720550 -23.192343 -16.715229 28.639902
73.573574 1.723307 -23.212092 -16.728822 28.663993
73.673674 1.726060 -23.231819 -16.742401 28.688059
73.773774 1.728809 -23.251525 -16.755966 28.712098
73.873874 1.731554 -23.271209 -16.769516 28.736112
73.973974 1.734295 -23.290872 -16.783052 28.760100
74.074074 1.737032 -23.310514 -16.796575 28.784063
74.174174 1.739765 -23.330135 -16.810084 28.808001
74.274274 1.742495 -23.349737 -16.823579 28.831915
74.374374 1.745220 -23.369319 -16.837062 28.855806
74.474474 1.747942 -23.388882 -16.850532 28.879674
74.574575 1.750660 -23.408426 -16.863989 28.903518
74.674675 1.753375 -23.427950 -16.877433 28.927338
74.774775 1.756085 -23.447455 -16.890865 28.951136
74.874875 1.758792 -23.466941 -16.904285 28.974912
74.974975 1.761495 -23.486407 -16.917691 28.998663
75.075075 1.764195 -23.505852 -16.931082 29.022388
75.175175 1.766890 -23.525273 -16.944458 29.046085
75.275275 1.769581 -23.544671 -16.957819 29.069754
75.375375 1.772268 -23.564046 -16.971164 29.093395
75.475475 1.774951 -23.583399 -16.984493 29.117008
75.575576 1.777631 -23.602729 -16.997808 29.140595
75.675676 1.780306 -23.622037 -17.011109 29.164155
75.775776 1.782978 -23.641324 -17.024394 29.187690
75.875876 1.785645 -23.660590 -17.037666 29.211199
75.975976 1.788309 -23.679836 -17.050925 29.234684
76.076076 1.790969 -23.699063 -17.064171 29.258145
76.176176 1.793626 -23.718270 -17.077404 29.281584
76.276276 1.796279 -23.737458 -17.090624 29.304999
76.376376 1.798928 -23.756628 -17.103833 29.328393
76.476476 1.801574 -23.775781 -17.117029 29.351765
76.576577 1.804216 -23.794916 -17.130215 29.375116
76.676677 1.806854 -23.814034 -17.143389 29.398448
76.776777 1.809490 -23.833136 -17.156553 29.421759
76.876877 1.812122 -23.852221 -17.169706 29.445051
76.976977 1.814750 -23.871289 -17.182847 29.468322
77.077077 1.817375 -23.890341 -17.195978 29.491574
77.177177 1.819996 -23.909377 -17.209099 29.514807
77.277277 1.822614 -23.928398 -17.222210 29.538021
77.377377 1.825229 -23.947403 -17.235310 29.561216
77.477477 1.827840 -23.966391 -17.248400 29.584391
77.577578 1.830448 -23.985362 -17.261478 29.607545
77.677678 1.833053 -24.004314 -17.274543 29.630677
77.777778 1.835653 -24.023248 -17.287597 29.653787
77.877878 1.838250 -24.042162 -17.300637 29.676872
77.977978 1.840844 -24.061056 -17.313664 29.699934
78.078078 1.843434 -24.079929 -17.326677 29.722970
78.178178 1.846020 -24.098782 -17.339677 29.745983
78.278278 1.848602 -24.117616 -17.352664 29.768972
78.378378 1.851181 -24.136432 -17.365639 29.791939
78.478478 1.853756 -24.155229 -17.378601 29.814884
78.578579 1.856328 -24.174007 -17.391551 29.837805
78.678679 1.858896 -24.192765 -17.404487 29.860702
78.778779 1.861461 -24.211503 -17.417411 29.883576
78.878879 1.864022 -24.230223 -17.430322 29.906427
78.978979 1.866579 -24.248924 -17.443220 29.929256
79.079079 1.869133 -24.267607 -17.456107 29.952063
79.179179 1.871684 -24.286271 -17.468981 29.974847
79.279279 1.874231 -24.304916 -17.481842 29.997608
79.379379 1.876774 -24.323542 -17.494691 30.020347
79.479479 1.879314 -24.342149 -17.507527 30.043062
79.579580 1.881850 -24.360736 -17.520350 30.065753
79.679680 1.884383 -24.379303 -17.533159 30.088420
79.779780 1.886912 -24.397851 -17.545956 30.111064
79.879880 1.889438 -24.416379 -17.558739 30.133683
79.979980 1.891960 -24.434885 -17.571508 30.156277
80.080080 1.894478 -24.453370 -17.584262 30.178844
80.180180 1.896992 -24.471832 -17.597001 30.201384
80.280280 1.899503 -24.490270 -17.609724 30.223895
80.380380 1.902009 -24.508685 -17.622431 30.246378
80.480480 1.904512 -24.527077 -17.635122 30.268832
80.580581 1.907011 -24.545444 -17.647797 30.291257
80.680681 1.909506 -24.563787 -17.660456 30.313653
80.780781 1.911997 -24.582105 -17.673097 30.336018
80.880881 1.914484 -24.600396 -17.685720 30.358350
80.980981 1.916967 -24.618659 -17.698323 30.380648
81.081081 1.919446 -24.636893 -17.710907 30.402911
81.181181 1.921920 -24.655097 -17.723471 30.425138
81.281281 1.924390 -24.673273 -17.736015 30.447330
81.381381 1.926856 -24.691419 -17.748539 30.469486
81.481481 1.929318 -24.709536 -17.761042 30.491606
81.581582 1.931775 -24.727625 -17.773527 30.513693
81.681682 1.934229 -24.745687 -17.785993 30.535746
81.781782 1.936678 -24.763723 -17.798441 30.557768
81.881882 1.939123 -24.781732 -17.810871 30.579757
81.981982 1.941565 -24.799714 -17.823282 30.601713
82.082082 1.944002 -24.817668 -17.835675 30.623636
82.182182 1.946435 -24.835594 -17.848048 30.645524
82.282282 1.948864 -24.853493 -17.860403 30.667380
82.382382 1.951289 -24.871365 -17.872740 30.689203
82.482482 1.953710 -24.889211 -17.885058 30.710993
82.582583 1.956127 -24.907031 -17.897359 30.732753
82.682683 1.958540 -24.924826 -17.909642 30.754481
82.782783 1.960949 -24.942594 -17.921908 30.776178
82.882883 1.963354 -24.960336 -17.934155 30.797842
82.982983 1.965755 -24.978051 -17.946385 30.819473
83.083083 1.968152 -24.995740 -17.958596 30.841074
83.183183 1.970546 -25.013405 -17.970791 30.862644
83.283283 1.972935 -25.031045 -17.982969 30.884185
83.383383 1.975321 -25.048659 -17.995130 30.905694
83.483483 1.977702 -25.066246 -18.007271 30.927169
83.583584 1.980080 -25.083806 -18.019395 30.948612
83.683684 1.982454 -25.101339 -18.031500 30.970023
83.783784 1.984823 -25.118847 -18.043587 30.991402
83.883884 1.987189 -25.136328 -18.055657 31.012750
83.983984 1.989551 -25.153785 -18.067710 31.034068
84.084084 1.991909 -25.171216 -18.079746 31.055354
84.184184 1.994264 -25.188622 -18.091764 31.076610
84.284284 1.996614 -25.206002 -18.103765 31.097835
84.384384 1.998961 -25.223358 -18.115748 31.119029
84.484484 2.001304 -25.240688 -18.127715 31.140193
84.584585 2.003643 -25.257995 -18.139666 31.161328
84.684685 2.005978 -25.275277 -18.151600 31.182434
84.784785 2.008310 -25.292537 -18.163518 31.203511
84.884885 2.010638 -25.309773 -18.175421 31.224561
84.984985 2.012962 -25.326987 -18.187309 31.245583
85.085085 2.015283 -25.344178 -18.199181 31.266578
85.185185 2.017600 -25.361347 -18.211038 31.287547
85.285285 2.019914 -25.378494 -18.222881 31.308488
85.385385 2.022224 -25.395620 -18.234709 31.329403
85.485485 2.024531 -25.412726 -18.246523 31.350294
85.585586 2.026835 -25.429811 -18.258323 31.371160
85.685686 2.029135 -25.446875 -18.270110 31.392001
85.785786 2.031431 -25.463919 -18.281882 31.412817
85.885886 2.033724 -25.480942 -18.293641 31.433608
85.985986 2.036014 -25.497945 -18.305386 31.454375
86.086086 2.038300 -25.514927 -18.317117 31.475116
86.186186 2.040583 -25.531889 -18.328834 31.495833
86.286286 2.042863 -25.548832 -18.340539 31.516527
86.386386 2.045140 -25.565758 -18.352231 31.537199
86.486486 2.047413 -25.582664 -18.363911 31.557849
86.586587 2.049683 -25.599552 -18.375579 31.578477
86.686687 2.051950 -25.616423 -18.387235 31.599082
86.786787 2.054213 -25.633274 -18.398878 31.619665
86.886887 2.056474 -25.650107 -18.410509 31.640226
86.986987 2.058731 -25.666922 -18.422128 31.660766
87.087087 2.060985 -25.683721 -18.433736 31.681285
87.187187 2.063237 -25.700503 -18.445332 31.701784
87.287287 2.065485 -25.717269 -18.456919 31.722264
87.387387 2.067730 -25.734019 -18.468494 31.742724
87.487487 2.069972 -25.750754 -18.480059 31.763166
87.587588 2.072211 -25.767473 -18.491614 31.783589
87.687688 2.074448 -25.784177 -18.503160 31.803994
87.787788 2.076681 -25.800867 -18.514695 31.824382
87.887888 2.078912 -25.817543 -18.526222 31.844753
87.987988 2.081140 -25.834206 -18.537740 31.865108
88.088088 2.083365 -25.850856 -18.549250 31.885449
88.188188 2.085588 -25.867495 -18.560752 31.905775
88.288288 2.087808 -25.884122 -18.572247 31.926087
88.388388 2.090025 -25.900737 -18.583734 31.946386
88.488488 2.092240 -25.917341 -18.595213 31.966670
88.588589 2.094452 -25.933932 -18.606685 31.986940
88.688689 2.096662 -25.950512 -18.618149 32.007196
88.788789 2.098869 -25.967081 -18.629606 32.027438
88.888889 2.101073 -25.983637 -18.641055 32.047666
88.988989 2.103275 -26.000182 -18.652497 32.067880
89.089089 2.105474 -26.016716 -18.663931 32.088080
89.189189 2.107671 -26.033238 -18.675359 32.108267
89.289289 2.109865 -26.049750 -18.686778 32.128440
89.389389 2.112057 -26.066249 -18.698191 32.148600
89.489489 2.114246 -26.082738 -18.709596 32.168747
89.589590 2.116432 -26.099216 -18.720995 32.188880
89.689690 2.118616 -26.115685 -18.732387 32.209003
89.789790 2.120798 -26.132144 -18.743774 32.229115
89.889890 2.122978 -26.148595 -18.755156 32.249216
89.989990 2.125155 -26.165037 -18.766531 32.269306
90.090090 2.127329 -26.181467 -18.777900 32.289383
90.190190 2.129502 -26.197888 -18.789262 32.309448
90.290290 2.131671 -26.214299 -18.800617 32.329502
90.390390 2.133839 -26.230699 -18.811967 32.349543
90.490490 2.136004 -26.247089 -18.823309 32.369572
90.590591 2.138166 -26.263469 -18.834645 32.389588
90.690691 2.140326 -26.279838 -18.845974 32.409592
90.790791 2.142484 -26.296196 -18.857296 32.429582
90.890891 2.144639 -26.312541 -18.868610 32.449557
90.990991 2.146791 -26.328875 -18.879916 32.469518
91.091091 2.148941 -26.345197 -18.891214 32.489465
91.191191 2.151088 -26.361505 -18.902504 32.509396
91.291291 2.153233 -26.377801 -18.913785 32.529311
91.391391 2.155375 -26.394084 -18.925058 32.549211
91.491491 2.157514 -26.410354 -18.936322 32.569095
91.591592 2.159651 -26.426610 -18.947577 32.588962
91.691692 2.161785 -26.442853 -18.958823 32.608814
91.791792 2.163917 -26.459084 -18.970062 32.628652
91.891892 2.166046 -26.475303 -18.981293 32.648474
91.991992 2.168172 -26.491510 -18.992516 32.668284
92.092092 2.170296 -26.507706 -19.003732 32.688079
92.192192 2.172418 -26.523890 -19.014940 32.707860
92.292292 2.174537 -26.540062 -19.026140 32.727626
92.392392 2.176654 -26.556222 -19.037332 32.747378
92.492492 2.178768 -26.572369 -19.048516 32.767114
92.592593 2.180879 -26.588505 -19.059692 32.786837
92.692693 2.182988 -26.604628 -19.070860 32.806545
92.792793 2.185095 -26.620738 -19.082020 32.826237
92.892893 2.187199 -26.636836 -19.093171 32.845914
92.992993 2.189300 -26.652920 -19.104313 32.865574
93.093093 2.191398 -26.668990 -19.115447 32.885218
93.193193 2.193494 -26.685047 -19.126570 32.904845
93.293293 2.195588 -26.701088 -19.137684 32.924453
93.393393 2.197678 -26.717113 -19.148787 32.944043
93.493493 2.199766 -26.733121 -19.159879 32.963612
93.593594 2.201850 -26.749113 -19.170960 32.983161
93.693694 2.203932 -26.765087 -19.182028 33.002688
93.793794 2.206011 -26.781043 -19.193085 33.022193
93.893894 2.208087 -26.796982 -19.204130 33.041678
93.993994 2.210160 -26.812904 -19.215163 33.061142
94.094094 2.212230 -26.828808 -19.226184 33.080584
94.194194 2.214298 -26.844694 -19.237194 33.100005
94.294294 2.216362 -26.860562 -19.248191 33.119404
94.394394 2.218423 -26.876413 -19.259176 33.138782
94.494494 2.220482 -26.892246 -19.270149 33.158137
94.594595 2.222537 -26.908060 -19.281110 33.177471
94.694695 2.224590 -26.923857 -19.292059 33.196783
94.794795 2.226639 -26.939636 -19.302996 33.216074
94.894895 2.228686 -26.955397 -19.313920 33.235342
94.994995 2.230730 -26.971140 -19.324833 33.254589
95.095095 2.232771 -26.986865 -19.335733 33.273815
95.195195 2.234809 -27.002573 -19.346622 33.293019
95.295295 2.236844 -27.018262 -19.357498 33.312201
95.395395 2.238876 -27.033934 -19.368362 33.331360
95.495495 2.240905 -27.049586 -19.379213 33.350497
95.595596 2.242932 -27.065219 -19.390050 33.369610
95.695696 2.244955 -27.080831 -19.400874 33.388698
95.795796 2.246974 -27.096422 -19.411683 33.407760
95.895896 2.248991 -27.111990 -19.422476 33.426794
95.995996 2.251004 -27.127534 -19.433254 33.445799
96.096096 2.253014 -27.143055 -19.444015 33.464776
96.196196 2.255021 -27.158553 -19.454760 33.483725
96.296296 2.257024 -27.174030 -19.465491 33.502648
96.396396 2.259024 -27.189486 -19.476208 33.521546
96.496496 2.261022 -27.204922 -19.486910 33.540418
96.596597 2.263016 -27.220338 -19.497600 33.559268
96.696697 2.265007 -27.235736 -19.508277 33.578094
96.796797 2.266995 -27.251113 -19.518940 33.596897
96.896897 2.268981 -27.266470 -19.529589 33.615674
96.996997 2.270963 -27.281807 -19.540224 33.634426
97.097097 2.272942 -27.297122 -19.550844 33.653152
97.197197 2.274917 -27.312416 -19.561451 33.671853
97.297297 2.276890 -27.327691 -19.572043 33.690530
97.397397 2.278860 -27.342946 -19.582623 33.709183
97.497497 2.280827 -27.358182 -19.593190 33.727813
97.597598 2.282791 -27.373399 -19.603743 33.746420
97.697698 2.284752 -27.388596 -19.614283 33.765002
97.797798 2.286710 -27.403772 -19.624809 33.783559
97.897898 2.288665 -27.418928 -19.635320 33.802091
97.997998 2.290616 -27.434061 -19.645817 33.820597
98.098098 2.292565 -27.449172 -19.656298 33.839074
98.198198 2.294510 -27.464261 -19.666763 33.857524
98.298298 2.296452 -27.479325 -19.677212 33.875946
98.398398 2.298391 -27.494366 -19.687645 33.894337
98.498498 2.300326 -27.509381 -19.698060 33.912698
98.598599 2.302257 -27.524370 -19.708456 33.931027
98.698699 2.304185 -27.539332 -19.718834 33.949322
98.798799 2.306110 -27.554266 -19.729193 33.967584
98.898899 2.308030 -27.569172 -19.739533 33.985812
98.998999 2.309948 -27.584051 -19.749853 34.004006
99.099099 2.311861 -27.598902 -19.760155 34.022167
99.199199 2.313771 -27.613725 -19.770437 34.040293
99.299299 2.315677 -27.628521 -19.780700 34.058385
99.399399 2.317580 -27.643288 -19.790943 34.076443
99.499499 2.319479 -27.658027 -19.801167 34.094466
99.599600 2.321374 -27.672736 -19.811370 34.112454
99.699700 2.323265 -27.687416 -19.821552 34.130404
99.799800 2.325153 -27.702065 -19.831713 34.148317
99.899900 2.327036 -27.716683 -19.841854 34.166194
100.000000 2.328916 -27.731272 -19.851973 34.184033
