0.000000 0.894512 -0.376863 0.225701 0.996553
0.100100 0.887210 -0.328397 0.311449 0.995985
0.200200 0.871421 -0.276803 0.394191 0.995681
0.300300 0.847282 -0.222571 0.473127 0.995627
0.400400 0.815028 -0.166221 0.547507 0.995824
0.500501 0.774991 -0.108299 0.616628 0.996278
0.600601 0.727590 -0.049362 0.679862 0.997014
0.700701 0.673330 0.010023 0.736654 0.998065
0.800801 0.612698 0.069294 0.786440 0.999344
0.900901 0.546248 0.127888 0.828718 1.000758
1.001001 0.474660 0.185258 0.863163 1.002334
1.101101 0.398673 0.240887 0.889563 1.004136
1.201201 0.319010 0.294264 0.907698 1.006118
1.301301 0.236401 0.344885 0.917378 1.008173
1.401401 0.151604 0.392260 0.918462 1.010160
1.501502 0.065413 0.435951 0.910953 1.012011
1.601602 -0.021362 0.475565 0.894953 1.013686
1.701702 -0.107908 0.510698 0.870550 1.015043
1.801802 -0.193407 0.540987 0.837916 1.015961
1.901902 -0.277046 0.566140 0.797351 1.016384
2.002002 -0.358017 0.585886 0.749195 1.016234
2.102102 -0.435563 0.600057 0.693931 1.015542
2.202202 -0.508952 0.608531 0.632102 1.014345
2.302302 -0.577510 0.611251 0.564315 1.012718
2.402402 -0.640659 0.608268 0.491282 1.010837
2.502503 -0.697841 0.599636 0.413709 1.008812
2.602603 -0.748595 0.585497 0.332355 1.006808
2.702703 -0.792527 0.566038 0.248003 1.004989
2.802803 -0.829231 0.541433 0.161420 1.003409
2.902903 -0.858319 0.511871 0.073384 1.002052
3.003003 -0.879486 0.477598 -0.015301 1.000914
3.103103 -0.892466 0.438895 -0.103816 0.999951
3.203203 -0.897106 0.396104 -0.191336 0.999153
3.303303 -0.893477 0.349673 -0.277068 0.998669
3.403403 -0.881745 0.300084 -0.360263 0.998656
3.503504 -0.862103 0.247816 -0.440201 0.999205
3.603604 -0.834802 0.193359 -0.516203 1.000373
3.703704 -0.800151 0.137214 -0.587633 1.002188
3.803804 -0.758551 0.079891 -0.653933 1.004694
3.903904 -0.710477 0.021901 -0.714624 1.007941
4.004004 -0.656447 -0.036257 -0.769294 1.011954
4.104104 -0.597017 -0.094100 -0.817602 1.016738
4.204204 -0.532739 -0.151159 -0.859234 1.022225
4.304304 -0.464162 -0.206976 -0.893888 1.028261
4.404404 -0.391916 -0.261135 -0.921436 1.034811
4.504505 -0.316650 -0.313251 -0.941824 1.041838
4.604605 -0.238971 -0.362945 -0.954966 1.049189
4.704705 -0.159504 -0.409873 -0.960866 1.056740
4.804805 -0.078869 -0.453730 -0.959596 1.064385
4.904905 0.002318 -0.494282 -0.951359 1.072103
5.005005 0.083466 -0.531342 -0.936427 1.079901
5.105105 0.164021 -0.564762 -0.915102 1.087782
5.205205 0.243467 -0.594430 -0.887716 1.095747
5.305305 0.321318 -0.620249 -0.854605 1.103768
5.405405 0.397111 -0.642133 -0.816090 1.111771
5.505506 0.470418 -0.660026 -0.772523 1.119696
5.605606 0.540868 -0.673934 -0.724310 1.127542
5.705706 0.608121 -0.683880 -0.671857 1.135295
5.805806 0.671840 -0.689871 -0.615537 1.142881
5.905906 0.731660 -0.691879 -0.555683 1.150134
6.006006 0.787268 -0.689919 -0.492661 1.156933
6.106106 0.838381 -0.684036 -0.426856 1.163182
6.206206 0.884746 -0.674293 -0.358662 1.168796
6.306306 0.926213 -0.660831 -0.288508 1.173800
6.406406 0.962716 -0.643839 -0.216831 1.178289
6.506507 0.994264 -0.623545 -0.144060 1.182422
6.606607 1.020849 -0.600151 -0.070594 1.186296
6.706707 1.042388 -0.573802 0.003198 1.189888
6.806807 1.058821 -0.544655 0.076951 1.193177
6.906907 1.070135 -0.512885 0.150310 1.196174
7.007007 1.076286 -0.478654 0.222920 1.198831
7.107107 1.077231 -0.442119 0.294429 1.201076
7.207207 1.073013 -0.403476 0.364506 1.202919
7.307307 1.063684 -0.362924 0.432823 1.204356
7.407407 1.049331 -0.320668 0.499074 1.205404
7.507508 1.030098 -0.276933 0.562981 1.206126
7.607608 1.006056 -0.231918 0.624235 1.206484
7.707708 0.977307 -0.185831 0.682545 1.206453
7.807808 0.944037 -0.138896 0.737672 1.206092
7.907908 0.906379 -0.091330 0.789344 1.205375
8.008008 0.864444 -0.043347 0.837263 1.204222
8.108108 0.818404 0.004827 0.881179 1.202616
8.208208 0.768452 0.052962 0.920851 1.200538
8.308308 0.714774 0.100823 0.956025 1.197936
8.408408 0.657627 0.148177 0.986526 1.194849
8.508509 0.597301 0.194796 1.012221 1.191346
8.608609 0.534049 0.240438 1.032915 1.187406
8.708709 0.468121 0.284850 1.048383 1.182956
8.808809 0.399780 0.327765 1.058392 1.177900
8.908909 0.329343 0.368930 1.062790 1.172219
9.009009 0.257160 0.408098 1.061476 1.165936
9.109109 0.183601 0.445033 1.054386 1.159091
9.209209 0.109049 0.479488 1.041453 1.151706
9.309309 0.033908 0.511238 1.022672 1.143841
9.409409 -0.041400 0.540108 0.998156 1.135670
9.509510 -0.116447 0.565891 0.967962 1.127272
9.609610 -0.190784 0.588346 0.932100 1.118642
9.709710 -0.263941 0.607229 0.890604 1.109760
9.809810 -0.335397 0.622256 0.843478 1.100522
9.909910 -0.404600 0.633143 0.790765 1.090816
10.010010 -0.471016 0.639702 0.732668 1.080684
10.110110 -0.534121 0.641794 0.669475 1.070225
10.210210 -0.593317 0.639214 0.601435 1.059408
10.310310 -0.647916 0.631709 0.528785 1.048077
10.410410 -0.697303 0.619141 0.451920 1.036243
10.510511 -0.740932 0.601480 0.371361 1.024045
10.610611 -0.778194 0.578671 0.287649 1.011527
10.710711 -0.808467 0.550682 0.201389 0.998713
10.810811 -0.831189 0.517568 0.113282 0.985690
10.910911 -0.845860 0.479458 0.024109 0.972594
11.011011 -0.852063 0.436564 -0.065273 0.959615
11.111111 -0.849488 0.389188 -0.153952 0.946994
11.211211 -0.837883 0.337692 -0.240962 0.934958
11.311311 -0.816974 0.282464 -0.325262 0.923595
11.411411 -0.786619 0.223987 -0.405769 0.913011
11.511512 -0.746910 0.162864 -0.481418 0.903417
11.611612 -0.698095 0.099773 -0.551162 0.895026
11.711712 -0.640527 0.035451 -0.613957 0.887961
11.811812 -0.574708 -0.029307 -0.668804 0.882297
11.911912 -0.501427 -0.093666 -0.714931 0.878253
12.012012 -0.421670 -0.156793 -0.751782 0.876108
12.112112 -0.336495 -0.217881 -0.778926 0.876029
12.212212 -0.247051 -0.276174 -0.796129 0.878138
12.312312 -0.154505 -0.330955 -0.803250 0.882391
12.412412 -0.060065 -0.381627 -0.800424 0.888778
12.512513 0.035067 -0.427780 -0.788141 0.897437
12.612613 0.129785 -0.469106 -0.766984 0.908388
12.712713 0.223058 -0.505290 -0.737444 0.921356
12.812813 0.313936 -0.536088 -0.700061 0.935966
12.912913 0.401607 -0.561435 -0.655576 0.951986
13.013013 0.485352 -0.581316 -0.604725 0.969117
13.113113 0.564535 -0.595752 -0.548227 0.987002
13.213213 0.638645 -0.604851 -0.486834 1.005345
13.313313 0.707326 -0.608820 -0.421326 1.023957
13.413413 0.770343 -0.607927 -0.352469 1.042707
13.513514 0.827575 -0.602480 -0.280986 1.061516
13.613614 0.878929 -0.592765 -0.207531 1.080257
13.713714 0.924302 -0.579028 -0.132686 1.098732
13.813814 0.963629 -0.561515 -0.056995 1.116750
13.913914 0.996867 -0.540465 0.019034 1.134111
14.014014 1.024065 -0.516151 0.094929 1.150709
14.114114 1.045341 -0.488862 0.170255 1.166495
14.214214 1.060816 -0.458871 0.244615 1.181410
14.314314 1.070582 -0.426422 0.317638 1.195356
14.414414 1.074760 -0.391756 0.388983 1.208259
14.514515 1.073571 -0.355145 0.458366 1.220156
14.614615 1.067261 -0.316850 0.525543 1.231112
14.714715 1.055965 -0.277087 0.590241 1.241057
14.814815 1.039801 -0.236057 0.652198 1.249908
14.914915 1.018903 -0.193965 0.711162 1.257592
15.015015 0.993440 -0.151015 0.766916 1.264076
15.115115 0.963623 -0.107415 0.819287 1.269385
15.215215 0.929667 -0.063367 0.868115 1.273546
15.315315 0.891798 -0.019065 0.913263 1.276603
15.415415 0.850192 0.025303 0.954556 1.278532
15.515516 0.805079 0.069552 0.991885 1.279385
15.615616 0.756731 0.113507 1.025200 1.279281
15.715716 0.705389 0.156996 1.054426 1.278294
15.815816 0.651259 0.199847 1.079451 1.276438
15.915916 0.594573 0.241895 1.100202 1.273764
16.016016 0.535581 0.282983 1.116646 1.270364
16.116116 0.474490 0.322938 1.128667 1.266222
16.216216 0.411496 0.361570 1.136108 1.261271
16.316316 0.346840 0.398711 1.138900 1.255533
16.416416 0.280793 0.434217 1.137055 1.249113
16.516517 0.213627 0.467949 1.130595 1.242118
16.616617 0.145600 0.499732 1.119457 1.234550
16.716717 0.076968 0.529341 1.103479 1.226291
16.816817 0.008013 0.556563 1.082551 1.217268
16.916917 -0.060956 0.581238 1.056694 1.207541
17.017017 -0.129622 0.603235 1.025990 1.197226
17.117117 -0.197659 0.622406 0.990502 1.186403
17.217217 -0.264723 0.638577 0.950264 1.175100
17.317317 -0.330456 0.651588 0.905344 1.163364
17.417417 -0.394485 0.661279 0.855833 1.151242
17.517518 -0.456450 0.667540 0.801904 1.138862
17.617618 -0.515988 0.670281 0.743767 1.126370
17.717718 -0.572679 0.669350 0.681576 1.113794
17.817818 -0.626055 0.664570 0.615489 1.101102
17.917918 -0.675652 0.655799 0.545726 1.088299
18.018018 -0.721004 0.642928 0.472574 1.075421
18.118118 -0.761705 0.625926 0.396405 1.062598
18.218218 -0.797365 0.604800 0.317648 1.049988
18.318318 -0.827521 0.579516 0.236731 1.037628
18.418418 -0.851721 0.550078 0.154142 1.025560
18.518519 -0.869470 0.516490 0.070419 1.013755
18.618619 -0.880336 0.478828 -0.013833 1.002227
18.718719 -0.884058 0.437296 -0.097945 0.991150
18.818819 -0.880363 0.392110 -0.181205 0.980625
18.918919 -0.868973 0.343512 -0.262852 0.970673
19.019019 -0.849739 0.291829 -0.342097 0.961380
19.119119 -0.822699 0.237478 -0.418172 0.952941
19.219219 -0.787933 0.180914 -0.490289 0.945490
19.319319 -0.745497 0.122605 -0.557599 0.938997
19.419419 -0.695563 0.063082 -0.619268 0.933424
19.519520 -0.638537 0.002931 -0.674592 0.928877
19.619620 -0.574970 -0.057231 -0.722969 0.925500
19.719720 -0.505452 -0.116780 -0.763824 0.923334
19.819820 -0.430686 -0.175095 -0.796706 0.922436
19.919920 -0.351479 -0.231580 -0.821325 0.922898
20.020020 -0.268684 -0.285670 -0.837500 0.924773
20.120120 -0.183197 -0.336864 -0.845219 0.928135
20.220220 -0.095921 -0.384712 -0.844576 0.933013
20.320320 -0.007741 -0.428842 -0.835795 0.939424
20.420420 0.080488 -0.468962 -0.819222 0.947379
20.520521 0.167962 -0.504799 -0.795190 0.956745
20.620621 0.253900 -0.536088 -0.764018 0.967253
20.720721 0.337569 -0.562625 -0.726092 0.978626
20.820821 0.418310 -0.584310 -0.681923 0.990666
20.920921 0.495536 -0.601109 -0.632071 1.003196
21.021021 0.568717 -0.613021 -0.577097 1.016009
21.121121 0.637339 -0.620039 -0.517535 1.028831
21.221221 0.701033 -0.622276 -0.453998 1.041532
21.321321 0.759573 -0.619953 -0.387149 1.054124
21.421421 0.812722 -0.613242 -0.317579 1.066508
21.521522 0.860285 -0.602329 -0.245850 1.078579
21.621622 0.902162 -0.587447 -0.172518 1.090299
21.721722 0.938326 -0.568855 -0.098116 1.101670
21.821822 0.968755 -0.546798 -0.023135 1.112659
21.921922 0.993436 -0.521508 0.051961 1.123203
22.022022 1.012458 -0.493258 0.126742 1.133330
22.122122 1.025888 -0.462294 0.200801 1.143015
22.222222 1.033790 -0.428849 0.273757 1.152205
22.322322 1.036247 -0.393157 0.345250 1.160852
22.422422 1.033445 -0.355480 0.414973 1.169007
22.522523 1.025602 -0.316079 0.482650 1.176740
22.622623 1.012814 -0.275166 0.547977 1.183971
22.722723 0.995197 -0.232953 0.610670 1.190631
22.822823 0.972871 -0.189650 0.670450 1.196641
22.922923 0.946026 -0.145476 0.727093 1.201996
23.023023 0.914933 -0.100662 0.780449 1.206788
23.123123 0.879861 -0.055422 0.830387 1.211103
23.223223 0.841040 -0.009959 0.876761 1.214972
23.323323 0.798688 0.035532 0.919426 1.218404
23.423423 0.753011 0.080859 0.958236 1.221385
23.523524 0.704185 0.125832 0.993005 1.223834
23.623624 0.652340 0.170247 1.023483 1.225581
23.723724 0.597588 0.213882 1.049358 1.226380
23.823824 0.540138 0.256533 1.070459 1.226148
23.923924 0.480248 0.298001 1.086679 1.224873
24.024024 0.418182 0.338094 1.097929 1.222551
24.124124 0.354223 0.376627 1.104150 1.219208
24.224224 0.288646 0.413405 1.105259 1.214832
24.324324 0.221727 0.448215 1.101143 1.209370
24.424424 0.153749 0.480826 1.091655 1.202723
24.524525 0.085031 0.511043 1.076759 1.194909
24.624625 0.015908 0.538676 1.056445 1.185960
24.724725 -0.053274 0.563497 1.030641 1.175835
24.824825 -0.122144 0.585273 0.999295 1.164498
24.924925 -0.190307 0.603768 0.962369 1.151914
25.025025 -0.257329 0.618715 0.919813 1.138017
25.125125 -0.322736 0.629834 0.871590 1.122728
25.225225 -0.386041 0.636891 0.817767 1.106074
25.325325 -0.446729 0.639665 0.758469 1.088124
25.425425 -0.504208 0.637878 0.693786 1.068856
25.525526 -0.557877 0.631297 0.623912 1.048346
25.625626 -0.607091 0.619702 0.549107 1.026698
25.725726 -0.651113 0.602831 0.469655 1.003957
25.825826 -0.689158 0.580451 0.385936 0.980208
25.925926 -0.720348 0.552321 0.298426 0.955519
26.026026 -0.743746 0.518240 0.207732 0.929991
26.126126 -0.758364 0.478064 0.114632 0.903771
26.226226 -0.763194 0.431743 0.020098 0.877081
26.326326 -0.757324 0.379391 -0.074673 0.850326
26.426426 -0.739938 0.321295 -0.168261 0.824045
26.526527 -0.710422 0.257956 -0.259045 0.798965
26.626627 -0.668271 0.190058 -0.345164 0.775788
26.726727 -0.613110 0.118491 -0.424504 0.755082
26.826827 -0.544960 0.044449 -0.494783 0.737406
26.926927 -0.464427 -0.030570 -0.553756 0.723376
27.027027 -0.372742 -0.104815 -0.599355 0.713547
27.127127 -0.271720 -0.176395 -0.629864 0.708291
27.227227 -0.163795 -0.243459 -0.644304 0.707975
27.327327 -0.051768 -0.304389 -0.642537 0.712872
27.427427 0.061508 -0.357878 -0.625080 0.722901
27.527528 0.173347 -0.403024 -0.593056 0.737695
27.627628 0.281397 -0.439366 -0.548078 0.756714
27.727728 0.383754 -0.466816 -0.492006 0.779265
27.827828 0.479060 -0.485685 -0.426886 0.804748
27.927928 0.566446 -0.496523 -0.354707 0.832594
28.028028 0.645278 -0.499870 -0.277183 0.862023
28.128128 0.715227 -0.496337 -0.195847 0.892332
28.228228 0.776288 -0.486640 -0.112086 0.923042
28.328328 0.828513 -0.471412 -0.027062 0.953622
28.428428 0.872056 -0.451249 0.058232 0.983615
28.528529 0.907160 -0.426728 0.142948 1.012655
28.628629 0.934182 -0.398412 0.226378 1.040517
28.728729 0.953575 -0.366850 0.307944 1.067106
28.828829 0.965708 -0.332504 0.387148 1.092262
28.928929 0.970943 -0.295792 0.463570 1.115849
29.029029 0.969694 -0.257113 0.536878 1.137827
29.129129 0.962348 -0.216828 0.606792 1.158155
29.229229 0.949222 -0.175251 0.673041 1.176741
29.329329 0.930641 -0.132678 0.735401 1.193529
29.429429 0.906977 -0.089390 0.793724 1.208551
29.529530 0.878618 -0.045652 0.847916 1.221890
29.629630 0.845930 -0.001700 0.897907 1.233628
29.729730 0.809233 0.042247 0.943619 1.243809
29.829830 0.768821 0.085986 0.984972 1.252457
29.929930 0.724949 0.129323 1.021861 1.259554
30.030030 0.677818 0.172061 1.054126 1.265000
30.130130 0.627663 0.214015 1.081654 1.268755
30.230230 0.574720 0.254999 1.104340 1.270784
30.330330 0.519202 0.294819 1.122037 1.271005
30.430430 0.461351 0.333291 1.134648 1.269391
30.530531 0.401412 0.370227 1.142070 1.265908
30.630631 0.339623 0.405425 1.144169 1.260490
30.730731 0.276229 0.438669 1.140784 1.253044
30.830831 0.211493 0.469737 1.131772 1.243499
30.930931 0.145714 0.498427 1.117060 1.231862
31.031031 0.079201 0.524516 1.096547 1.218115
31.131131 0.012282 0.547751 1.070094 1.202199
31.231231 -0.054683 0.567874 1.037587 1.184085
31.331331 -0.121297 0.584612 0.998921 1.163755
31.431431 -0.187127 0.597682 0.954013 1.141219
31.531532 -0.251702 0.606816 0.902845 1.116561
31.631632 -0.314502 0.611727 0.845420 1.089889
31.731732 -0.374953 0.612114 0.781767 1.061335
31.831832 -0.432382 0.607610 0.711895 1.030989
31.931932 -0.486054 0.597860 0.635902 0.999027
32.032032 -0.535162 0.582529 0.554003 0.965742
32.132132 -0.578753 0.561226 0.466454 0.931402
32.232232 -0.615701 0.533514 0.373616 0.896278
32.332332 -0.644690 0.498938 0.276011 0.860666
32.432432 -0.664240 0.457091 0.174431 0.824968
32.532533 -0.672612 0.407590 0.069990 0.789579
32.632633 -0.668051 0.350289 -0.035727 0.755163
32.732733 -0.649050 0.285455 -0.140598 0.722854
32.832833 -0.614195 0.213692 -0.241947 0.693857
32.932933 -0.562444 0.136098 -0.336553 0.669428
33.033033 -0.493491 0.054392 -0.420765 0.650796
33.133133 -0.408141 -0.029076 -0.490910 0.639075
33.233233 -0.308561 -0.111489 -0.543859 0.635155
33.333333 -0.198083 -0.189942 -0.577558 0.639443
33.433433 -0.080775 -0.261839 -0.591330 0.651733
33.533534 0.039193 -0.325139 -0.585677 0.671021
33.633634 0.158002 -0.378589 -0.562251 0.696003
33.733734 0.272560 -0.421787 -0.523569 0.725478
33.833834 0.380647 -0.454935 -0.472389 0.758294
33.933934 0.480855 -0.478645 -0.411387 0.793450
34.034034 0.572350 -0.493673 -0.342917 0.829994
34.134134 0.654707 -0.500816 -0.268965 0.867064
34.234234 0.727896 -0.500945 -0.191243 0.904076
34.334334 0.792057 -0.494864 -0.111155 0.940532
34.434434 0.847517 -0.483348 -0.029851 0.976116
34.534535 0.894717 -0.467127 0.051734 1.010645
34.634635 0.934070 -0.446815 0.132854 1.043925
34.734735 0.966069 -0.422992 0.212915 1.075893
34.834835 0.991218 -0.396177 0.291453 1.106533
34.934935 1.009984 -0.366818 0.368099 1.135834
35.035035 1.022832 -0.335318 0.442573 1.163828
35.135135 1.030165 -0.302019 0.514643 1.190509
35.235235 1.032302 -0.267206 0.584100 1.215820
35.335335 1.029574 -0.231143 0.650786 1.239747
35.435435 1.022318 -0.194073 0.714590 1.262314
35.535536 1.010816 -0.156208 0.775407 1.283513
35.635636 0.995287 -0.117731 0.833113 1.303278
35.735736 0.975941 -0.078814 0.887604 1.321557
35.835836 0.953019 -0.039619 0.938819 1.338355
35.935936 0.926778 -0.000297 0.986743 1.353728
36.036036 0.897481 0.039013 1.031392 1.367759
36.136136 0.865335 0.078187 1.072740 1.380468
36.236236 0.830507 0.117105 1.110738 1.391831
36.336336 0.793159 0.155653 1.145337 1.401829
36.436436 0.753468 0.193726 1.176526 1.410481
36.536537 0.711617 0.231229 1.204309 1.417824
36.636637 0.667752 0.268060 1.228653 1.423846
36.736737 0.622006 0.304118 1.249501 1.428507
36.836837 0.574533 0.339312 1.266842 1.431820
36.936937 0.525509 0.373569 1.280722 1.433863
37.037037 0.475099 0.406818 1.291182 1.434702
37.137137 0.423455 0.438985 1.298237 1.434379
37.237237 0.370706 0.469978 1.301850 1.432869
37.337337 0.316963 0.499674 1.301901 1.430065
37.437437 0.262358 0.527973 1.298339 1.425929
37.537538 0.207036 0.554783 1.291140 1.420454
37.637638 0.151145 0.580006 1.280272 1.413630
37.737738 0.094835 0.603535 1.265687 1.405422
37.837838 0.038257 0.625230 1.247279 1.395736
37.937938 -0.018419 0.644992 1.225036 1.384582
38.038038 -0.075020 0.662777 1.199059 1.372094
38.138138 -0.131372 0.678520 1.169405 1.358365
38.238238 -0.187280 0.692076 1.136005 1.343336
38.338338 -0.242535 0.703286 1.098773 1.326927
38.438438 -0.296924 0.712036 1.057715 1.309168
38.538539 -0.350230 0.718232 1.012884 1.290136
38.638639 -0.402221 0.721766 0.964316 1.269895
38.738739 -0.452650 0.722528 0.912065 1.248520
38.838839 -0.501273 0.720435 0.856226 1.226142
38.938939 -0.547803 0.715361 0.796864 1.202839
39.039039 -0.591909 0.707143 0.734020 1.178641
39.139139 -0.633209 0.695599 0.667744 1.153557
39.239239 -0.671246 0.680491 0.598068 1.127531
39.339339 -0.705564 0.661633 0.525117 1.100603
39.439439 -0.735698 0.638871 0.449090 1.072889
39.539540 -0.761130 0.612044 0.370229 1.044504
39.639640 -0.781251 0.580967 0.288824 1.015527
39.739740 -0.795372 0.545447 0.205237 0.986028
39.839840 -0.802755 0.505327 0.119951 0.956117
39.939940 -0.802536 0.460444 0.033570 0.925851
40.040040 -0.793815 0.410703 -0.053124 0.895344
40.140140 -0.775722 0.356137 -0.139147 0.864835
40.240240 -0.747439 0.296917 -0.223296 0.834677
40.340340 -0.708079 0.233325 -0.304078 0.805159
40.440440 -0.656883 0.165863 -0.379721 0.776655
40.540541 -0.593495 0.095355 -0.448253 0.749840
40.640641 -0.517892 0.022923 -0.507486 0.725452
40.740741 -0.430598 -0.049986 -0.555185 0.704375
40.840841 -0.332722 -0.121614 -0.589139 0.687444
40.940941 -0.225984 -0.189940 -0.607278 0.675228
41.041041 -0.112833 -0.252788 -0.608016 0.668069
41.141141 0.003629 -0.308120 -0.590721 0.666260
41.241241 0.119948 -0.354223 -0.555770 0.669882
41.341341 0.232709 -0.389852 -0.504397 0.678642
41.441441 0.338902 -0.414473 -0.438780 0.692221
41.541542 0.436102 -0.428095 -0.361518 0.710032
41.641642 0.522575 -0.431180 -0.275349 0.731313
41.741742 0.597401 -0.424645 -0.183024 0.755453
41.841842 0.660247 -0.409590 -0.087021 0.781833
41.941942 0.711148 -0.387123 0.010560 0.809758
42.042042 0.750506 -0.358371 0.107972 0.838658
42.142142 0.779041 -0.324451 0.203829 0.868170
42.242242 0.797592 -0.286374 0.297069 0.898005
42.342342 0.806962 -0.245005 0.386882 0.927843
42.442442 0.808046 -0.201124 0.472716 0.957522
42.542543 0.801714 -0.155403 0.554198 0.986930
42.642643 0.788626 -0.108381 0.630994 1.015790
42.742743 0.769524 -0.060540 0.702966 1.044028
42.842843 0.745221 -0.012297 0.770171 1.071760
42.942943 0.716353 0.036010 0.832637 1.098974
43.043043 0.683394 0.084099 0.890324 1.125512
43.143143 0.646763 0.131723 0.943200 1.151207
43.243243 0.606893 0.178673 0.991328 1.176000
43.343343 0.564168 0.224767 1.034759 1.199805
43.443443 0.518935 0.269844 1.073557 1.222552
43.543544 0.471509 0.313760 1.107779 1.244162
43.643644 0.422178 0.356387 1.137486 1.264564
43.743744 0.371246 0.397639 1.162832 1.283791
43.843844 0.319008 0.437465 1.184034 1.301952
43.943944 0.265731 0.475835 1.201321 1.319168
44.044044 0.211639 0.512702 1.214837 1.335471
44.144144 0.156913 0.547980 1.224615 1.350772
44.244244 0.101734 0.581604 1.230716 1.365018
44.344344 0.046283 0.613568 1.233324 1.378295
44.444444 -0.009277 0.643836 1.232544 1.390603
44.544545 -0.064794 0.672343 1.228412 1.401870
44.644645 -0.120118 0.699039 1.220989 1.412055
44.744745 -0.175107 0.723882 1.210348 1.421130
44.844845 -0.229621 0.746826 1.196549 1.429057
44.944945 -0.283531 0.767855 1.179699 1.435856
45.045045 -0.336711 0.786952 1.159898 1.441538
45.145145 -0.389029 0.804069 1.137193 1.446056
45.245245 -0.440375 0.819207 1.111704 1.449453
45.345345 -0.490637 0.832356 1.083532 1.451752
45.445445 -0.539688 0.843474 1.052733 1.452914
45.545546 -0.587444 0.852590 1.019449 1.453023
45.645646 -0.633835 0.859744 0.983834 1.452183
45.745746 -0.678755 0.864924 0.945974 1.450403
45.845846 -0.722127 0.868147 0.905988 1.447744
45.945946 -0.763869 0.869427 0.863990 1.444257
46.046046 -0.803842 0.868710 0.820022 1.439881
46.146146 -0.841928 0.865969 0.774159 1.434597
46.246246 -0.877999 0.861170 0.726471 1.428375
46.346346 -0.911923 0.854279 0.677033 1.421187
46.446446 -0.943607 0.845303 0.625958 1.413066
46.546547 -0.972931 0.834225 0.573342 1.404011
46.646647 -0.999751 0.821013 0.519275 1.393991
46.746747 -1.023919 0.805636 0.463854 1.382974
46.846847 -1.045283 0.788065 0.407186 1.370935
46.946947 -1.063700 0.768282 0.349392 1.357862
47.047047 -1.079042 0.746292 0.290611 1.343778
47.147147 -1.091146 0.722072 0.230980 1.328661
47.247247 -1.099871 0.695628 0.170655 1.312531
47.347347 -1.105115 0.666993 0.109810 1.295460
47.447447 -1.106732 0.636180 0.048627 1.277477
47.547548 -1.104579 0.603211 -0.012700 1.258618
47.647648 -1.098531 0.568126 -0.073962 1.238954
47.747748 -1.088487 0.530985 -0.134934 1.218588
47.847848 -1.074299 0.491834 -0.195369 1.197576
47.947948 -1.055723 0.450687 -0.254983 1.175877
48.048048 -1.032438 0.407542 -0.313435 1.153369
48.148148 -1.004083 0.362409 -0.370322 1.129894
48.248248 -0.970411 0.315369 -0.425223 1.105427
48.348348 -0.931236 0.266556 -0.477687 1.080017
48.448448 -0.886273 0.216101 -0.527151 1.053597
48.548549 -0.835286 0.164193 -0.573001 1.026154
48.648649 -0.778142 0.111092 -0.614596 0.997785
48.748749 -0.714698 0.057111 -0.651176 0.968548
48.848849 -0.644899 0.002642 -0.681926 0.938576
48.948949 -0.568821 -0.051827 -0.705989 0.908110
49.049049 -0.486579 -0.105703 -0.722342 0.877331
49.149149 -0.398498 -0.158278 -0.729962 0.846579
49.249249 -0.305116 -0.208699 -0.727779 0.816280
49.349349 -0.207172 -0.255932 -0.714585 0.786800
49.449449 -0.105753 -0.298767 -0.689200 0.758579
49.549550 -0.002368 -0.335841 -0.650604 0.732175
49.649650 0.101001 -0.365713 -0.598128 0.708311
49.749750 0.201905 -0.386894 -0.531505 0.687714
49.849850 0.297551 -0.398090 -0.451218 0.671275
49.949950 0.384993 -0.398373 -0.358610 0.659941
50.050050 0.461349 -0.387223 -0.255750 0.654365
50.150150 0.524142 -0.364713 -0.145416 0.654893
50.250250 0.571492 -0.331473 -0.030829 0.661383
50.350350 0.602412 -0.288706 0.084639 0.673361
50.450450 0.616893 -0.238060 0.197798 0.690184
50.550551 0.615860 -0.181418 0.306002 0.711219
50.650651 0.600758 -0.120628 0.407222 0.735724
50.750751 0.573210 -0.057333 0.500017 0.762806
50.850851 0.535066 0.007029 0.583581 0.791778
50.950951 0.488106 0.071275 0.657531 0.821994
51.051051 0.433956 0.134472 0.721797 0.852873
51.151151 0.374108 0.195900 0.776580 0.883975
51.251251 0.309870 0.255023 0.822237 0.914948
51.351351 0.242392 0.311471 0.859280 0.945584
51.451451 0.172665 0.365011 0.888315 0.975782
51.551552 0.101505 0.415490 0.909918 1.005429
51.651652 0.029593 0.462837 0.924674 1.034464
51.751752 -0.042506 0.507012 0.933112 1.062811
51.851852 -0.114319 0.547963 0.935632 1.090293
51.951952 -0.185433 0.585641 0.932582 1.116723
52.052052 -0.255497 0.620049 0.924339 1.141991
52.152152 -0.324233 0.651267 0.911355 1.166124
52.252252 -0.391394 0.679351 0.894001 1.189094
52.352352 -0.456772 0.704363 0.872618 1.210880
52.452452 -0.520195 0.726381 0.847542 1.231487
52.552553 -0.581489 0.745447 0.819035 1.250855
52.652653 -0.640518 0.761626 0.787371 1.268973
52.752753 -0.697164 0.774987 0.752810 1.285833
52.852853 -0.751282 0.785555 0.715548 1.301357
52.952953 -0.802683 0.793296 0.675729 1.315381
53.053053 -0.851214 0.798215 0.633520 1.327803
53.153153 -0.896787 0.800373 0.589133 1.338620
53.253253 -0.939333 0.799840 0.542781 1.347851
53.353353 -0.978816 0.796712 0.494682 1.355560
53.453453 -1.015198 0.791071 0.445037 1.361792
53.553554 -1.048405 0.782966 0.394022 1.366544
53.653654 -1.078389 0.772466 0.341816 1.369841
53.753754 -1.105100 0.759631 0.288593 1.371704
53.853854 -1.128443 0.744492 0.234511 1.372096
53.953954 -1.148288 0.727056 0.179723 1.370940
54.054054 -1.164487 0.707322 0.124384 1.368139
54.154154 -1.176903 0.685300 0.068660 1.363616
54.254254 -1.185403 0.661007 0.012728 1.357303
54.354354 -1.189906 0.634496 -0.043229 1.349197
54.454454 -1.190353 0.605832 -0.099019 1.339319
54.554555 -1.186672 0.575077 -0.154447 1.327689
54.654655 -1.178810 0.542305 -0.209311 1.314343
54.754755 -1.166681 0.507581 -0.263398 1.299292
54.854855 -1.150135 0.470946 -0.316468 1.282479
54.954955 -1.129051 0.432463 -0.368269 1.263884
55.055055 -1.103319 0.392210 -0.418532 1.243507
55.155155 -1.072762 0.350254 -0.466943 1.221283
55.255255 -1.037233 0.306686 -0.513168 1.197184
55.355355 -0.996625 0.261629 -0.556856 1.171239
55.455455 -0.950838 0.215224 -0.597626 1.143491
55.555556 -0.899869 0.167659 -0.635114 1.114112
55.655656 -0.843665 0.119134 -0.668878 1.083218
55.755756 -0.782034 0.069860 -0.698307 1.050757
55.855856 -0.714904 0.020112 -0.722793 1.016820
55.955956 -0.642345 -0.029769 -0.741752 0.981677
56.056056 -0.564412 -0.079378 -0.754458 0.945552
56.156156 -0.481193 -0.128213 -0.760042 0.908653
56.256256 -0.392817 -0.175634 -0.757403 0.871098
56.356356 -0.299604 -0.220845 -0.745345 0.833111
56.456456 -0.202218 -0.262914 -0.722781 0.795253
56.556557 -0.101632 -0.300710 -0.688559 0.758201
56.656657 0.000790 -0.332808 -0.641388 0.722593
56.756757 0.103116 -0.357609 -0.580235 0.689340
56.856857 0.202773 -0.373429 -0.504597 0.659685
56.956957 0.296533 -0.378536 -0.414569 0.634893
57.057057 0.380586 -0.371356 -0.311169 0.616098
57.157157 0.451005 -0.350933 -0.196740 0.604373
57.257257 0.504267 -0.317205 -0.074912 0.600430
57.357357 0.537735 -0.271048 0.049813 0.604241
57.457457 0.550406 -0.214407 0.172612 0.615396
57.557558 0.542913 -0.149902 0.289107 0.633094
57.657658 0.517171 -0.080338 0.395925 0.656259
57.757758 0.475918 -0.008340 0.490912 0.683786
57.857858 0.422160 0.063903 0.573051 0.714625
57.957958 0.358758 0.134706 0.642138 0.747793
58.058058 0.288243 0.202859 0.698533 0.782422
58.158158 0.212763 0.267529 0.742920 0.817784
58.258258 0.134057 0.328147 0.776049 0.853173
58.358358 0.053557 0.384373 0.798789 0.888074
58.458458 -0.027573 0.436057 0.812097 0.922175
58.558559 -0.108405 0.483157 0.816876 0.955237
58.658659 -0.188211 0.525724 0.813997 0.987117
58.758759 -0.266412 0.563835 0.804233 1.017681
58.858859 -0.342548 0.597599 0.788279 1.046828
58.958959 -0.416287 0.627200 0.766846 1.074583
59.059059 -0.487331 0.652760 0.740485 1.100866
59.159159 -0.555434 0.674398 0.709688 1.125601
59.259259 -0.620406 0.692249 0.674920 1.148751
59.359359 -0.682088 0.706444 0.636600 1.170284
59.459459 -0.740397 0.717157 0.595156 1.190257
59.559560 -0.795225 0.724513 0.550941 1.208651
59.659660 -0.846480 0.728625 0.504273 1.225444
59.759760 -0.894129 0.729644 0.455479 1.240689
59.859860 -0.938184 0.727742 0.404874 1.254480
59.959960 -0.978664 0.723076 0.352748 1.266907
60.060060 -1.015615 0.715814 0.299368 1.278078
60.160160 -1.049105 0.706122 0.244987 1.288118
60.260260 -1.079105 0.694091 0.189812 1.297019
60.360360 -1.105582 0.679805 0.134036 1.304765
60.460460 -1.128532 0.663359 0.077851 1.311369
60.560561 -1.147934 0.644837 0.021439 1.316824
60.660661 -1.163795 0.624335 -0.035020 1.321151
60.760761 -1.176130 0.601952 -0.091355 1.324377
60.860861 -1.184918 0.577762 -0.147396 1.326486
60.960961 -1.190109 0.551828 -0.202972 1.327431
61.061061 -1.191712 0.524240 -0.257918 1.327225
61.161161 -1.189703 0.495072 -0.312063 1.325849
61.261261 -1.184118 0.464425 -0.365254 1.323343
61.361361 -1.175079 0.432432 -0.417361 1.319848
61.461461 -1.162621 0.399191 -0.468236 1.315404
61.561562 -1.146792 0.364802 -0.517735 1.310062
61.661662 -1.127615 0.329358 -0.565703 1.303846
61.761762 -1.105077 0.292942 -0.611966 1.296731
61.861862 -1.079168 0.255643 -0.656342 1.288698
61.961962 -1.049818 0.217539 -0.698603 1.279643
62.062062 -1.016951 0.178719 -0.738502 1.269455
62.162162 -0.980588 0.139295 -0.775842 1.258129
62.262262 -0.940813 0.099397 -0.810460 1.245734
62.362362 -0.897676 0.059157 -0.842158 1.232295
62.462462 -0.851228 0.018711 -0.870726 1.217827
62.562563 -0.801532 -0.021793 -0.895944 1.202350
62.662663 -0.748661 -0.062195 -0.917585 1.185885
62.762763 -0.692706 -0.102327 -0.935417 1.168468
62.862863 -0.633800 -0.142006 -0.949234 1.150179
62.962963 -0.572084 -0.181036 -0.958804 1.131088
63.063063 -0.507702 -0.219203 -0.963868 1.111239
63.163163 -0.440840 -0.256275 -0.964178 1.090714
63.263263 -0.371692 -0.291991 -0.959434 1.069546
63.363363 -0.300494 -0.326063 -0.949336 1.047784
63.463463 -0.227523 -0.358168 -0.933551 1.025460
63.563564 -0.153119 -0.387966 -0.911789 1.002657
63.663664 -0.077690 -0.415075 -0.883746 0.979454
63.763764 -0.001704 -0.439033 -0.849029 0.955826
63.863864 0.074265 -0.459350 -0.807304 0.931803
63.963964 0.149540 -0.475555 -0.758384 0.907557
64.064064 0.223346 -0.487182 -0.702193 0.883349
64.164164 0.294775 -0.493692 -0.638660 0.859366
64.264264 0.362798 -0.494546 -0.567843 0.835849
64.364364 0.426308 -0.489289 -0.490039 0.813191
64.464464 0.484070 -0.477473 -0.405701 0.791769
64.564565 0.534733 -0.458687 -0.315477 0.771919
64.664665 0.576853 -0.432604 -0.220273 0.753940
64.764765 0.608942 -0.399029 -0.121297 0.738070
64.864865 0.629596 -0.357988 -0.020096 0.724535
64.964965 0.637536 -0.309745 0.081459 0.713463
65.065065 0.631954 -0.254951 0.181249 0.705136
65.165165 0.612423 -0.194554 0.276992 0.699742
65.265265 0.578914 -0.129734 0.366379 0.697284
65.365365 0.532002 -0.061929 0.447247 0.697776
65.465465 0.472663 0.007305 0.517635 0.701007
65.565566 0.402378 0.076357 0.576011 0.706772
65.665666 0.322962 0.143660 0.621283 0.714798
65.765766 0.236493 0.207820 0.652977 0.724912
65.865866 0.145125 0.267659 0.671113 0.736950
65.965966 0.050871 0.322139 0.675835 0.750410
66.066066 -0.044346 0.370446 0.667617 0.764794
66.166166 -0.138749 0.412026 0.647285 0.779739
66.266266 -0.230772 0.446562 0.615896 0.794986
66.366366 -0.319057 0.473885 0.574569 0.810243
66.466466 -0.402469 0.493981 0.524490 0.825280
66.566567 -0.480099 0.506994 0.466900 0.839961
66.666667 -0.551166 0.513088 0.402951 0.854056
66.766767 -0.615085 0.512537 0.333793 0.867434
66.866867 -0.671435 0.505691 0.260550 0.880020
66.966967 -0.719848 0.492876 0.184246 0.891658
67.067067 -0.760145 0.474513 0.105881 0.902326
67.167167 -0.792276 0.451062 0.026397 0.912061
67.267267 -0.816124 0.422906 -0.053341 0.920735
67.367367 -0.831696 0.390471 -0.132522 0.928304
67.467467 -0.839252 0.354281 -0.210409 0.934950
67.567568 -0.839030 0.314817 -0.286327 0.940779
67.667668 -0.831207 0.272511 -0.359632 0.945781
67.767768 -0.815958 0.227782 -0.429701 0.949903
67.867868 -0.793504 0.181053 -0.495955 0.953101
67.967968 -0.764162 0.132763 -0.557882 0.955407
68.068068 -0.728123 0.083325 -0.614891 0.956660
68.168168 -0.685629 0.033161 -0.666424 0.956717
68.268268 -0.637049 -0.017282 -0.712013 0.955559
68.368368 -0.582791 -0.067556 -0.751225 0.953178
68.468468 -0.523294 -0.117205 -0.783650 0.949569
68.568569 -0.458970 -0.165750 -0.808803 0.944611
68.668669 -0.390262 -0.212687 -0.826183 0.938146
68.768769 -0.317745 -0.257522 -0.835448 0.930189
68.868869 -0.242089 -0.299780 -0.836396 0.920887
68.968969 -0.163986 -0.338959 -0.828796 0.910323
69.069069 -0.084175 -0.374538 -0.812429 0.898557
69.169169 -0.003465 -0.405966 -0.787096 0.885630
69.269269 0.077254 -0.432681 -0.752656 0.871592
69.369369 0.157009 -0.454151 -0.709121 0.856597
69.469469 0.234708 -0.469768 -0.656484 0.840679
69.569570 0.309115 -0.478859 -0.594761 0.823771
69.669670 0.378853 -0.480771 -0.524156 0.805860
69.769770 0.442362 -0.474823 -0.445020 0.786882
69.869870 0.497995 -0.460457 -0.358031 0.766946
69.969970 0.543936 -0.437171 -0.264153 0.746164
70.070070 0.578077 -0.404442 -0.164624 0.724464
70.170170 0.598232 -0.361968 -0.061189 0.701888
70.270270 0.602312 -0.309807 0.043813 0.678734
70.370370 0.588339 -0.248407 0.147414 0.655423
70.470470 0.554559 -0.178695 0.245952 0.632424
70.570571 0.499891 -0.102308 0.335118 0.610460
70.670671 0.424261 -0.021697 0.410105 0.590470
70.770771 0.328913 0.059842 0.465877 0.573416
70.870871 0.216826 0.138240 0.497754 0.560253
70.970971 0.092906 0.208974 0.502237 0.551855
71.071071 -0.036291 0.267651 0.477831 0.548886
71.171171 -0.163329 0.310655 0.425482 0.551560
71.271271 -0.280889 0.335642 0.348459 0.559444
71.371371 -0.382789 0.341884 0.251950 0.571744
71.471471 -0.464700 0.330239 0.142217 0.587563
71.571572 -0.524325 0.302721 0.025593 0.605980
71.671672 -0.560996 0.261925 -0.092199 0.625957
71.771772 -0.575210 0.210623 -0.206339 0.646378
71.871872 -0.568560 0.151660 -0.313038 0.666524
71.971972 -0.543425 0.087745 -0.409598 0.686135
72.072072 -0.502405 0.021252 -0.494212 0.705058
72.172172 -0.448032 -0.045814 -0.565707 0.723088
72.272272 -0.382687 -0.111760 -0.623351 0.739937
72.372372 -0.308752 -0.175209 -0.667025 0.755611
72.472472 -0.228460 -0.235044 -0.696953 0.770184
72.572573 -0.143785 -0.290367 -0.713506 0.783631
72.672673 -0.056528 -0.340442 -0.717180 0.795891
72.772773 0.031689 -0.384675 -0.708559 0.806868
72.872873 0.119368 -0.422596 -0.688328 0.816475
72.972973 0.205141 -0.453814 -0.657196 0.824583
73.073073 0.287750 -0.478066 -0.615991 0.831139
73.173173 0.366031 -0.495155 -0.565572 0.836079
73.273273 0.438947 -0.505005 -0.506901 0.839436
73.373373 0.505544 -0.507604 -0.440969 0.841243
73.473473 0.564867 -0.502918 -0.368730 0.841406
73.573574 0.616074 -0.491022 -0.291222 0.839917
73.673674 0.658480 -0.472127 -0.209583 0.836914
73.773774 0.691480 -0.446502 -0.124977 0.832543
73.873874 0.714522 -0.414461 -0.038600 0.826928
73.973974 0.727009 -0.376315 0.048315 0.820055
74.074074 0.728359 -0.332420 0.134457 0.811843
74.174174 0.718126 -0.283256 0.218428 0.802277
74.274274 0.695936 -0.229396 0.298725 0.791319
74.374374 0.661638 -0.171562 0.373790 0.779048
74.474474 0.615263 -0.110619 0.441989 0.765598
74.574575 0.557107 -0.047579 0.501685 0.751212
74.674675 0.487728 0.016391 0.551218 0.736199
74.774775 0.407866 0.079975 0.588839 0.720751
74.874875 0.318562 0.141660 0.612737 0.704980
74.974975 0.221330 0.199766 0.621281 0.689118
75.075075 0.118291 0.252561 0.613392 0.673817
75.175175 0.012019 0.298325 0.588490 0.659896
75.275275 -0.094543 0.335316 0.546350 0.647977
75.375375 -0.198105 0.361854 0.487233 0.638420
75.475475 -0.295131 0.376535 0.412199 0.631497
75.575576 -0.382116 0.378448 0.323224 0.627462
75.675676 -0.455925 0.367337 0.223152 0.626579
75.775776 -0.514057 0.343609 0.115434 0.629005
75.875876 -0.554871 0.308311 0.003838 0.634785
75.975976 -0.577760 0.263050 -0.107885 0.643926
76.076076 -0.582768 0.209654 -0.216260 0.656004
76.176176 -0.570410 0.150013 -0.318186 0.670160
76.276276 -0.542016 0.086150 -0.411175 0.685761
76.376376 -0.499361 0.020021 -0.493345 0.702248
76.476476 -0.444362 -0.046604 -0.563322 0.719000
76.576577 -0.379126 -0.112156 -0.620323 0.735606
76.676677 -0.305843 -0.175332 -0.664165 0.751929
76.776777 -0.226583 -0.235078 -0.695020 0.767890
76.876877 -0.143186 -0.290520 -0.713163 0.783266
76.976977 -0.057343 -0.340979 -0.719086 0.797897
77.077077 0.029416 -0.385898 -0.713340 0.811564
77.177177 0.115701 -0.424792 -0.696473 0.823960
77.277277 0.200254 -0.457364 -0.669252 0.834974
77.377377 0.281952 -0.483447 -0.632551 0.844593
77.477477 0.359824 -0.502988 -0.587301 0.852873
77.577578 0.433019 -0.516011 -0.534455 0.859893
77.677678 0.500751 -0.522540 -0.474899 0.865638
77.777778 0.562241 -0.522575 -0.409459 0.869975
77.877878 0.616810 -0.516190 -0.339004 0.872829
77.977978 0.663964 -0.503613 -0.264499 0.874320
78.078078 0.703305 -0.485121 -0.186905 0.874593
78.178178 0.734433 -0.460978 -0.107153 0.873712
78.278278 0.756912 -0.431419 -0.026167 0.871621
78.378378 0.770363 -0.396729 0.055106 0.868268
78.478478 0.774513 -0.357261 0.135689 0.863665
78.578579 0.769077 -0.313387 0.214564 0.857746
78.678679 0.753858 -0.265540 0.290683 0.850476
78.778779 0.728899 -0.214275 0.363020 0.842016
78.878879 0.694298 -0.160191 0.430526 0.832504
78.978979 0.650174 -0.103928 0.492092 0.821999
79.079079 0.596715 -0.046192 0.546555 0.810509
79.179179 0.534171 0.012223 0.592650 0.797948
79.279279 0.463028 0.070416 0.629159 0.784343
79.379379 0.383996 0.127378 0.654883 0.769773
79.479479 0.298011 0.181996 0.668681 0.754366
79.579580 0.206316 0.233075 0.669565 0.738381
79.679680 0.110435 0.279356 0.656729 0.722169
79.779780 0.012191 0.319500 0.629535 0.706076
79.879880 -0.086289 0.352152 0.587630 0.690483
79.979980 -0.182596 0.376103 0.531252 0.676035
80.080080 -0.274145 0.390332 0.461182 0.663478
80.180180 -0.358210 0.393966 0.378638 0.653368
80.280280 -0.432006 0.386349 0.285322 0.645990
80.380380 -0.493060 0.367361 0.183638 0.641705
80.480480 -0.539355 0.337398 0.076499 0.640776
80.580581 -0.569245 0.297193 -0.032928 0.642999
80.680681 -0.581760 0.247929 -0.141326 0.647986
80.780781 -0.577018 0.191312 -0.245531 0.655619
80.880881 -0.555994 0.129297 -0.342804 0.665854
80.980981 -0.519991 0.063804 -0.430834 0.678292
81.081081 -0.470620 -0.003328 -0.507784 0.692343
81.181181 -0.409807 -0.070377 -0.572385 0.707474
81.281281 -0.339571 -0.135802 -0.623813 0.723114
81.381381 -0.261962 -0.198275 -0.661690 0.738763
81.481481 -0.179037 -0.256721 -0.686133 0.754147
81.581582 -0.092721 -0.310293 -0.697559 0.769069
81.681682 -0.004753 -0.358288 -0.696462 0.783232
81.781782 0.083282 -0.400115 -0.683389 0.796272
81.881882 0.169942 -0.435379 -0.659120 0.808007
81.981982 0.253924 -0.463819 -0.624533 0.818319
82.082082 0.334043 -0.485227 -0.580493 0.827044
82.182182 0.409197 -0.499448 -0.527871 0.833989
82.282282 0.478379 -0.506396 -0.467579 0.838995
82.382382 0.540769 -0.506169 -0.400675 0.842128
82.482482 0.595652 -0.498930 -0.328237 0.843487
82.582583 0.642309 -0.484816 -0.251296 0.843064
82.682683 0.680127 -0.464043 -0.170922 0.840907
82.782783 0.708616 -0.436919 -0.088230 0.837149
82.882883 0.727300 -0.403763 -0.004344 0.831871
82.982983 0.735731 -0.364930 0.079575 0.825110
83.083083 0.733578 -0.320862 0.162322 0.816968
83.183183 0.720631 -0.272087 0.242651 0.807602
83.283283 0.696798 -0.219217 0.319286 0.797199
83.383383 0.661900 -0.162887 0.390809 0.785733
83.483483 0.615838 -0.103830 0.455702 0.773111
83.583584 0.558818 -0.042948 0.512442 0.759420
83.683684 0.491244 0.018718 0.559452 0.744753
83.783784 0.413802 0.079977 0.595166 0.729281
83.883884 0.327485 0.139480 0.618036 0.713211
83.983984 0.233684 0.195749 0.626691 0.696898
84.084084 0.134198 0.247178 0.619951 0.680768
84.184184 0.031228 0.292058 0.596861 0.665219
84.284284 -0.072564 0.328737 0.557068 0.650890
84.384384 -0.174119 0.355565 0.500649 0.638274
84.484484 -0.270000 0.370921 0.428138 0.627523
84.584585 -0.356629 0.373625 0.341068 0.618957
84.684685 -0.430657 0.363162 0.242014 0.613125
84.784785 -0.489243 0.339699 0.134325 0.610571
84.884885 -0.530162 0.303989 0.021822 0.611520
84.984985 -0.552011 0.257354 -0.091447 0.615881
85.085085 -0.554596 0.201737 -0.201525 0.623608
85.185185 -0.538788 0.139427 -0.304927 0.634597
85.285285 -0.506293 0.072789 -0.398902 0.648656
85.385385 -0.459163 0.004046 -0.481348 0.665239
85.485485 -0.399700 -0.064816 -0.550886 0.683693
85.585586 -0.330468 -0.132103 -0.606979 0.703622
85.685686 -0.253860 -0.196447 -0.649533 0.724520
85.785786 -0.172065 -0.256782 -0.678824 0.745886
85.885886 -0.087081 -0.312370 -0.695558 0.767437
85.985986 -0.000644 -0.362744 -0.700683 0.789013
86.086086 0.085795 -0.407562 -0.695084 0.810314
86.186186 0.171002 -0.446565 -0.679577 0.830956
86.286286 0.253908 -0.479589 -0.654983 0.850575
86.386386 0.333568 -0.506507 -0.622062 0.868780
86.486486 0.409183 -0.527297 -0.581628 0.885305
86.586587 0.480138 -0.542095 -0.534594 0.900106
86.686687 0.545865 -0.551007 -0.481770 0.913061
86.786787 0.605828 -0.554112 -0.423883 0.923983
86.886887 0.659658 -0.551619 -0.361727 0.932887
86.986987 0.707039 -0.543747 -0.296058 0.939795
87.087087 0.747617 -0.530654 -0.227565 0.944622
87.187187 0.780990 -0.512461 -0.156904 0.947196
87.287287 0.806827 -0.489334 -0.084750 0.947417
87.387387 0.824908 -0.461515 -0.011805 0.945309
87.487487 0.835043 -0.429261 0.061233 0.940910
87.587588 0.837093 -0.392863 0.133656 0.934308
87.687688 0.831009 -0.352658 0.204758 0.925672
87.787788 0.816745 -0.308995 0.273821 0.915166
87.887888 0.794104 -0.262177 0.340047 0.902757
87.987988 0.762816 -0.212520 0.402539 0.888308
88.088088 0.722648 -0.160407 0.460311 0.871687
88.188188 0.673466 -0.106312 0.512306 0.852829
88.288288 0.615296 -0.050818 0.557424 0.831801
88.388388 0.548205 0.005387 0.594410 0.808629
88.488488 0.472382 0.061476 0.621870 0.783356
88.588589 0.388249 0.116443 0.638314 0.756135
88.688689 0.296493 0.169073 0.642125 0.727199
88.788789 0.198200 0.217897 0.631628 0.696933
88.888889 0.094975 0.261172 0.605170 0.665929
88.988989 -0.010911 0.296802 0.561124 0.634879
89.089089 -0.116318 0.322405 0.498237 0.604744
89.189189 -0.217074 0.335440 0.416053 0.576837
89.289289 -0.307951 0.333394 0.315292 0.552625
89.389389 -0.383017 0.314354 0.198581 0.533812
89.489489 -0.436454 0.277645 0.070815 0.522105
89.589590 -0.463483 0.224196 -0.061121 0.518475
89.689690 -0.461696 0.156824 -0.189228 0.523034
89.789790 -0.431717 0.079868 -0.305795 0.535042
89.889890 -0.376767 -0.001742 -0.404741 0.552966
89.989990 -0.301911 -0.083319 -0.482416 0.575168
90.090090 -0.212945 -0.161090 -0.537715 0.600361
90.190190 -0.115316 -0.232408 -0.571334 0.627482
90.290290 -0.013608 -0.295685 -0.585088 0.655700
90.390390 0.088555 -0.350152 -0.581359 0.684417
90.490490 0.188454 -0.395555 -0.562548 0.713049
90.590591 0.284056 -0.431911 -0.530859 0.740976
90.690691 0.373805 -0.459361 -0.488219 0.767529
90.790791 0.456636 -0.478302 -0.436528 0.792367
90.890891 0.531888 -0.489305 -0.377592 0.815414
90.990991 0.599121 -0.492933 -0.312968 0.836587
91.091091 0.657954 -0.489657 -0.243972 0.855681
91.191191 0.708105 -0.479928 -0.171770 0.872495
91.291291 0.749562 -0.464311 -0.097469 0.887090
91.391391 0.782393 -0.443359 -0.022061 0.899551
91.491491 0.806618 -0.417539 0.053572 0.909858
91.591592 0.822314 -0.387312 0.128623 0.918016
91.691692 0.829609 -0.353137 0.202342 0.924067
91.791792 0.828725 -0.315490 0.274050 0.928129
91.891892 0.819971 -0.274855 0.343138 0.930398
91.991992 0.803577 -0.231670 0.409009 0.930965
92.092092 0.779756 -0.186355 0.471078 0.929872
92.192192 0.748790 -0.139343 0.528809 0.927222
92.292292 0.710906 -0.091057 0.581629 0.923023
92.392392 0.666277 -0.041922 0.628901 0.917169
92.492492 0.615220 0.007603 0.670080 0.909704
92.592593 0.558169 0.057038 0.704699 0.900781
92.692693 0.495506 0.105880 0.732192 0.890417
92.792793 0.427679 0.153597 0.752017 0.878653
92.892893 0.355189 0.199610 0.763585 0.865486
92.992993 0.278574 0.243269 0.766214 0.850804
93.093093 0.198505 0.283864 0.759252 0.834534
93.193193 0.115805 0.320630 0.742098 0.816654
93.293293 0.031467 0.352728 0.714190 0.797166
93.393393 -0.053326 0.379302 0.675140 0.776226
93.493493 -0.137189 0.399535 0.624842 0.754239
93.593594 -0.218528 0.412538 0.563283 0.731594
93.693694 -0.295386 0.417184 0.490370 0.708349
93.793794 -0.365452 0.412309 0.406319 0.684580
93.893894 -0.426162 0.396939 0.311985 0.660689
93.993994 -0.474651 0.370246 0.208818 0.637166
94.094094 -0.507721 0.331590 0.098991 0.614436
94.194194 -0.522252 0.280879 -0.014347 0.593166
94.294294 -0.515632 0.218848 -0.126996 0.574368
94.394394 -0.486064 0.147132 -0.233891 0.559116
94.494494 -0.433104 0.068386 -0.329430 0.548434
94.594595 -0.357999 -0.013809 -0.408031 0.542994
94.694695 -0.263890 -0.095231 -0.464898 0.542990
94.794795 -0.155721 -0.171571 -0.496978 0.548336
94.894895 -0.039487 -0.239049 -0.503365 0.558641
94.994995 0.078715 -0.294845 -0.485113 0.573118
95.095095 0.193420 -0.337356 -0.444950 0.590932
95.195195 0.300320 -0.366171 -0.386673 0.611383
95.295295 0.396302 -0.381638 -0.314268 0.633615
95.395395 0.479245 -0.384525 -0.231479 0.656596
95.495495 0.547871 -0.375912 -0.141748 0.679385
95.595596 0.601489 -0.356995 -0.048123 0.701106
95.695696 0.639895 -0.329046 0.046726 0.721054
95.795796 0.663360 -0.293412 0.140488 0.738833
95.895896 0.672492 -0.251438 0.231215 0.754272
95.995996 0.667996 -0.204373 0.317247 0.767224
96.096096 0.650573 -0.153360 0.397128 0.777480
96.196196 0.621002 -0.099491 0.469576 0.784884
96.296296 0.580146 -0.043825 0.533473 0.789356
96.396396 0.528968 0.012609 0.587854 0.790910
96.496496 0.468404 0.068801 0.631769 0.789474
96.596597 0.399392 0.123731 0.664248 0.784887
96.696697 0.323047 0.176363 0.684482 0.777161
96.796797 0.240611 0.225632 0.691737 0.766357
96.896897 0.153449 0.270414 0.685298 0.752531
96.996997 0.063123 0.309525 0.664544 0.735805
97.097097 -0.028565 0.341695 0.628947 0.716342
97.197197 -0.119501 0.365552 0.578109 0.694348
97.297297 -0.207168 0.379600 0.511823 0.670058
97.397397 -0.288616 0.382364 0.430388 0.643999
97.497497 -0.360407 0.372431 0.334741 0.616968
97.597598 -0.418576 0.348513 0.226615 0.589934
97.697698 -0.458745 0.309694 0.108914 0.564109
97.797798 -0.476309 0.255708 -0.013976 0.540788
97.897898 -0.467165 0.187472 -0.135912 0.521403
97.997998 -0.428850 0.107610 -0.249206 0.507539
98.098098 -0.361567 0.020546 -0.345537 0.500548
98.198198 -0.268605 -0.067919 -0.417216 0.500830
98.298298 -0.156390 -0.151521 -0.458999 0.508032
98.398398 -0.033359 -0.224722 -0.469189 0.521298
98.498498 0.091899 -0.283620 -0.449406 0.539307
98.598599 0.211905 -0.326084 -0.403506 0.560403
98.698699 0.320882 -0.351476 -0.336409 0.582814
98.798799 0.414843 -0.360362 -0.253458 0.605142
98.898899 0.491460 -0.354139 -0.159829 0.626492
98.998999 0.549593 -0.334576 -0.060147 0.646228
99.099099 0.588817 -0.303489 0.041628 0.663735
99.199199 0.609393 -0.262782 0.142103 0.678681
99.299299 0.611873 -0.214273 0.238354 0.690735
99.399399 0.597060 -0.159709 0.327868 0.699632
99.499499 0.566080 -0.100826 0.408492 0.705321
99.599600 0.520161 -0.039292 0.478316 0.707741
99.699700 0.460674 0.023252 0.535636 0.706871
99.799800 0.389186 0.085172 0.578967 0.702796
99.899900 0.307375 0.144799 0.606876 0.695518
100.000000 0.217086 0.200387 0.617958 0.684948
