0.000000 -0.827637 0.557950 0.419468 1.082702
0.100100 -0.791128 0.524799 0.500287 1.073119
0.200200 -0.748596 0.487656 0.577262 1.063690
0.300300 -0.700205 0.446700 0.649681 1.054473
0.400400 -0.646194 0.402161 0.716846 1.045547
0.500501 -0.586871 0.354321 0.778076 1.036997
0.600601 -0.522625 0.303511 0.832732 1.028930
0.700701 -0.453914 0.250114 0.880221 1.021462
0.800801 -0.381213 0.194524 0.919911 1.014593
0.900901 -0.305069 0.137183 0.951218 1.008316
1.001001 -0.226135 0.078594 0.973741 1.002739
1.101101 -0.145123 0.019293 0.987204 0.998001
1.201201 -0.062766 -0.040171 0.991330 0.994127
1.301301 0.020169 -0.099227 0.985886 0.991072
1.401401 0.102878 -0.157284 0.970720 0.988746
1.501502 0.184535 -0.213755 0.945871 0.987126
1.601602 0.264311 -0.268059 0.911526 0.986203
1.701702 0.341364 -0.319610 0.867890 0.985856
1.801802 0.414867 -0.367844 0.815303 0.985973
1.901902 0.484047 -0.412250 0.754281 0.986505
2.002002 0.548159 -0.452344 0.685413 0.987363
2.102102 0.606574 -0.487740 0.609462 0.988568
2.202202 0.658734 -0.518110 0.527266 0.990140
2.302302 0.704186 -0.543207 0.439733 0.992127
2.402402 0.742636 -0.562906 0.347859 0.994675
2.502503 0.773837 -0.577111 0.252619 0.997846
2.602603 0.797679 -0.585832 0.155002 1.001757
2.702703 0.814151 -0.589142 0.055980 1.006510
2.802803 0.823242 -0.587113 -0.043521 1.012088
2.902903 0.824977 -0.579841 -0.142605 1.018400
3.003003 0.819474 -0.567483 -0.240412 1.025364
3.103103 0.806891 -0.550225 -0.336113 1.032857
3.203203 0.787483 -0.528315 -0.428944 1.040788
3.303303 0.761672 -0.502112 -0.518264 1.049218
3.403403 0.729931 -0.472002 -0.603521 1.058216
3.503504 0.692717 -0.438355 -0.684223 1.067789
3.603604 0.650493 -0.401542 -0.759947 1.077913
3.703704 0.603729 -0.361927 -0.830332 1.088546
3.803804 0.552911 -0.319886 -0.895108 1.099662
3.903904 0.498535 -0.275790 -0.954083 1.111248
4.004004 0.441081 -0.229994 -1.007124 1.123276
4.104104 0.381013 -0.182841 -1.054147 1.135706
4.204204 0.318764 -0.134645 -1.095072 1.148443
4.304304 0.254732 -0.085703 -1.129800 1.161327
4.404404 0.189332 -0.036308 -1.158373 1.174305
4.504505 0.122960 0.013262 -1.180872 1.187331
4.604605 0.055978 0.062750 -1.197315 1.200264
4.704705 -0.011264 0.111909 -1.207769 1.212995
4.804805 -0.078431 0.160509 -1.212341 1.225433
4.904905 -0.145211 0.208342 -1.211223 1.237559
5.005005 -0.211316 0.255221 -1.204645 1.249385
5.105105 -0.276485 0.300980 -1.192842 1.260914
5.205205 -0.340479 0.345466 -1.176055 1.272155
5.305305 -0.403073 0.388539 -1.154509 1.283091
5.405405 -0.464053 0.430060 -1.128400 1.293671
5.505506 -0.523219 0.469906 -1.097936 1.303854
5.605606 -0.580408 0.507980 -1.063370 1.313649
5.705706 -0.635467 0.544194 -1.024945 1.323056
5.805806 -0.688233 0.578447 -0.982863 1.332023
5.905906 -0.738515 0.610617 -0.937275 1.340426
6.006006 -0.786149 0.640599 -0.888359 1.348177
6.106106 -0.830982 0.668303 -0.836313 1.355205
6.206206 -0.872875 0.693644 -0.781340 1.361450
6.306306 -0.911751 0.716590 -0.723694 1.366940
6.406406 -0.947578 0.737143 -0.663657 1.371759
6.506507 -0.980373 0.755339 -0.601522 1.376044
6.606607 -1.010129 0.771196 -0.537549 1.379878
6.706707 -1.036779 0.784684 -0.471951 1.383249
6.806807 -1.060265 0.795780 -0.404937 1.386146
6.906907 -1.080552 0.804476 -0.336727 1.388582
7.007007 -1.097576 0.810746 -0.267525 1.390523
7.107107 -1.111265 0.814554 -0.197535 1.391915
7.207207 -1.121599 0.815905 -0.126973 1.392770
7.307307 -1.128560 0.814805 -0.056053 1.393089
7.407407 -1.132147 0.811270 0.015012 1.392890
7.507508 -1.132396 0.805346 0.086008 1.392228
7.607608 -1.129279 0.797029 0.156725 1.391075
7.707708 -1.122784 0.786331 0.226949 1.389412
7.807808 -1.112961 0.773304 0.296476 1.387292
7.907908 -1.099808 0.757966 0.365092 1.384696
8.008008 -1.083295 0.740314 0.432567 1.381560
8.108108 -1.063437 0.720378 0.498681 1.377870
8.208208 -1.040256 0.698193 0.563212 1.373613
8.308308 -1.013760 0.673786 0.625920 1.368749
8.408408 -0.984018 0.647223 0.686599 1.363307
8.508509 -0.951126 0.618591 0.745052 1.357350
8.608609 -0.915132 0.587944 0.801046 1.350858
8.708709 -0.876060 0.555322 0.854316 1.343771
8.808809 -0.833939 0.520770 0.904578 1.336008
8.908909 -0.788844 0.484364 0.951584 1.327552
9.009009 -0.740886 0.446203 0.995101 1.318421
9.109109 -0.690193 0.406398 1.034908 1.308649
9.209209 -0.636896 0.365063 1.070769 1.298250
9.309309 -0.581151 0.322329 1.102475 1.287277
9.409409 -0.523172 0.278359 1.129895 1.275875
9.509510 -0.463144 0.233303 1.152839 1.264109
9.609610 -0.401240 0.187308 1.171051 1.251974
9.709710 -0.337648 0.140531 1.184268 1.239454
9.809810 -0.272561 0.093139 1.192153 1.226455
9.909910 -0.206202 0.045321 1.194369 1.212885
10.010010 -0.138850 -0.002703 1.190703 1.198775
10.110110 -0.070818 -0.050697 1.181008 1.184215
10.210210 -0.002435 -0.098403 1.165026 1.169177
10.310310 0.065937 -0.145530 1.142409 1.153528
10.410410 0.133890 -0.191770 1.112967 1.137277
10.510511 0.200990 -0.236807 1.076645 1.120553
10.610611 0.266757 -0.280285 1.033327 1.103397
10.710711 0.330665 -0.321820 0.982923 1.085838
10.810811 0.392161 -0.361014 0.925433 1.067964
10.910911 0.450663 -0.397459 0.860953 1.049909
11.011011 0.505575 -0.430743 0.789678 1.031861
11.111111 0.556298 -0.460464 0.711917 1.014061
11.211211 0.602209 -0.486205 0.628050 0.996744
11.311311 0.642602 -0.507496 0.538482 0.980027
11.411411 0.676780 -0.523883 0.443751 0.964053
11.511512 0.704126 -0.534984 0.344583 0.949073
11.611612 0.724072 -0.540467 0.241836 0.935344
11.711712 0.736064 -0.540017 0.136473 0.923056
11.811812 0.739614 -0.533376 0.029585 0.912357
11.911912 0.734479 -0.520476 -0.077617 0.903537
12.012012 0.720630 -0.501402 -0.183865 0.896949
12.112112 0.698144 -0.476322 -0.287876 0.892838
12.212212 0.667272 -0.445524 -0.388396 0.891401
12.312312 0.628350 -0.409354 -0.484194 0.892658
12.412412 0.581934 -0.368304 -0.574189 0.896654
12.512513 0.528841 -0.323030 -0.657568 0.903558
12.612613 0.469930 -0.274206 -0.733681 0.913406
12.712713 0.405985 -0.222448 -0.801888 0.925922
12.812813 0.337800 -0.168371 -0.861678 0.940716
12.912913 0.266253 -0.112622 -0.912843 0.957526
13.013013 0.192180 -0.055811 -0.955278 0.976015
13.113113 0.116365 0.001498 -0.988961 0.995784
13.213213 0.039553 0.058782 -1.014022 1.016494
13.313313 -0.037567 0.115572 -1.030772 1.037910
13.413413 -0.114382 0.171465 -1.039625 1.059860
13.513514 -0.190367 0.226125 -1.041075 1.082224
13.613614 -0.265062 0.279262 -1.035579 1.104840
13.713714 -0.338061 0.330619 -1.023529 1.127477
13.813814 -0.409003 0.379970 -1.005315 1.149922
13.913914 -0.477569 0.427117 -0.981313 1.171954
14.014014 -0.543507 0.471918 -0.951953 1.193449
14.114114 -0.606622 0.514271 -0.917689 1.214338
14.214214 -0.666749 0.554095 -0.878941 1.234549
14.314314 -0.723729 0.591305 -0.836078 1.253975
14.414414 -0.777434 0.625843 -0.789464 1.272532
14.514515 -0.827817 0.657709 -0.739505 1.290244
14.614615 -0.874866 0.686928 -0.686594 1.307162
14.714715 -0.918503 0.713471 -0.631035 1.323214
14.814815 -0.958652 0.737307 -0.573106 1.338314
14.914915 -0.995249 0.758413 -0.513080 1.352391
15.015015 -1.028265 0.776793 -0.451232 1.365411
15.115115 -1.057713 0.792479 -0.387842 1.377389
15.215215 -1.083616 0.805510 -0.323175 1.388348
15.315315 -1.106010 0.815936 -0.257485 1.398323
15.415415 -1.124890 0.823772 -0.191001 1.407288
15.515516 -1.140308 0.829073 -0.123950 1.415284
15.615616 -1.152366 0.831934 -0.056556 1.422413
15.715716 -1.161134 0.832421 0.010978 1.428733
15.815816 -1.166646 0.830576 0.078458 1.434251
15.915916 -1.168963 0.826459 0.145702 1.439006
16.016016 -1.168174 0.820147 0.212536 1.443068
16.116116 -1.164298 0.811670 0.278786 1.446417
16.216216 -1.157321 0.801033 0.344270 1.448989
16.316316 -1.147291 0.788285 0.408824 1.450795
16.416416 -1.134311 0.773512 0.472304 1.451914
16.516517 -1.118485 0.756800 0.534577 1.452421
16.616617 -1.099852 0.738191 0.595484 1.452309
16.716717 -1.078379 0.717679 0.654827 1.451469
16.816817 -1.054066 0.695278 0.712422 1.449832
16.916917 -1.026993 0.671059 0.768126 1.447429
17.017017 -0.997273 0.645112 0.821825 1.444340
17.117117 -0.964996 0.617513 0.873390 1.440607
17.217217 -0.930227 0.588323 0.922673 1.436235
17.317317 -0.893042 0.557606 0.969530 1.431236
17.417417 -0.853520 0.525433 1.013820 1.425625
17.517518 -0.811776 0.491895 1.055441 1.419471
17.617618 -0.767937 0.457090 1.094305 1.412857
17.717718 -0.722079 0.421087 1.130257 1.405772
17.817818 -0.674262 0.383944 1.163104 1.398161
17.917918 -0.624567 0.345735 1.192672 1.389994
18.018018 -0.573094 0.306545 1.218801 1.381261
18.118118 -0.519976 0.266481 1.241390 1.372019
18.218218 -0.465362 0.225653 1.260351 1.362339
18.318318 -0.409370 0.184162 1.275525 1.352206
18.418418 -0.352131 0.142116 1.286747 1.341608
18.518519 -0.293776 0.099626 1.293811 1.330479
18.618619 -0.234456 0.056817 1.296537 1.318789
18.718719 -0.174359 0.013829 1.294853 1.306612
18.818819 -0.113674 -0.029192 1.288642 1.293976
18.918919 -0.052596 -0.072091 1.277741 1.280854
19.019019 0.008659 -0.114705 1.262034 1.267266
19.119119 0.069861 -0.156864 1.241493 1.253313
19.219219 0.130765 -0.198390 1.216061 1.239057
19.319319 0.191104 -0.239077 1.185589 1.224459
19.419419 0.250586 -0.278704 1.149942 1.209478
19.519520 0.308916 -0.317058 1.109111 1.194186
19.619620 0.365790 -0.353925 1.063138 1.178697
19.719720 0.420872 -0.389065 1.012033 1.163063
19.819820 0.473818 -0.422237 0.955856 1.147366
19.919920 0.524286 -0.453204 0.894734 1.131732
20.020020 0.571915 -0.481721 0.828818 1.116280
20.120120 0.616355 -0.507557 0.758326 1.101166
20.220220 0.657243 -0.530471 0.683508 1.086531
20.320320 0.694224 -0.550236 0.604666 1.072533
20.420420 0.726959 -0.566638 0.522164 1.059341
20.520521 0.755050 -0.579424 0.436363 1.047017
20.620621 0.778036 -0.588295 0.347651 1.035515
20.720721 0.795466 -0.592969 0.256493 1.024777
20.820821 0.806969 -0.593227 0.163457 1.014808
20.920921 0.812223 -0.588893 0.069188 1.005628
21.021021 0.810927 -0.579814 -0.025604 0.997217
21.121121 0.802773 -0.565836 -0.120145 0.989469
21.221221 0.787636 -0.546937 -0.213610 0.982415
21.321321 0.765575 -0.523232 -0.305167 0.976219
21.421421 0.736632 -0.494828 -0.393946 0.970914
21.521522 0.700926 -0.461883 -0.479075 0.966513
21.621622 0.658717 -0.424656 -0.559725 0.963085
21.721722 0.610378 -0.383479 -0.635132 0.960734
21.821822 0.556332 -0.338722 -0.704562 0.959502
21.921922 0.497057 -0.290783 -0.767328 0.959381
22.022022 0.433153 -0.240141 -0.822908 0.960451
22.122122 0.365245 -0.187283 -0.870824 0.962712
22.222222 0.293978 -0.132707 -0.910677 0.966110
22.322322 0.220038 -0.076932 -0.942173 0.970580
22.422422 0.144150 -0.020482 -0.965248 0.976167
22.522523 0.067036 0.036129 -0.979972 0.982926
22.622623 -0.010627 0.092417 -0.986335 0.990713
22.722723 -0.088181 0.147915 -0.984431 0.999380
22.822823 -0.164987 0.202180 -0.974427 1.008764
22.922923 -0.240459 0.254819 -0.956652 1.018792
23.023023 -0.314085 0.305509 -0.931609 1.029505
23.123123 -0.385420 0.353976 -0.899832 1.040935
23.223223 -0.454064 0.399975 -0.861822 1.053040
23.323323 -0.519666 0.443299 -0.818082 1.065751
23.423423 -0.581916 0.483766 -0.769106 1.078971
23.523524 -0.640514 0.521201 -0.715341 1.092530
23.623624 -0.695140 0.555407 -0.657175 1.106154
23.723724 -0.745449 0.586166 -0.594963 1.119493
23.823824 -0.791241 0.613377 -0.529174 1.132395
23.923924 -0.832402 0.636999 -0.460315 1.144793
24.024024 -0.868854 0.657020 -0.388876 1.156636
24.124124 -0.900565 0.673458 -0.315342 1.167906
24.224224 -0.927500 0.686327 -0.240159 1.178549
24.324324 -0.949608 0.695626 -0.163753 1.188472
24.424424 -0.966818 0.701339 -0.086526 1.197539
24.524525 -0.979166 0.703527 -0.008887 1.205734
24.624625 -0.986714 0.702269 0.068772 1.213061
24.724725 -0.989475 0.697605 0.146073 1.219447
24.824825 -0.987474 0.689587 0.222646 1.224829
24.924925 -0.980748 0.678271 0.298130 1.229146
25.025025 -0.969316 0.663702 0.372158 1.232305
25.125125 -0.953198 0.645927 0.444360 1.234206
25.225225 -0.932491 0.625044 0.514399 1.234838
25.325325 -0.907323 0.601174 0.581951 1.234225
25.425425 -0.877766 0.574398 0.646659 1.232305
25.525526 -0.843954 0.544839 0.708205 1.229090
25.625626 -0.806035 0.512633 0.766276 1.224608
25.725726 -0.764127 0.477891 0.820522 1.218822
25.825826 -0.718369 0.440745 0.870600 1.211715
25.925926 -0.668896 0.401323 0.916139 1.203242
26.026026 -0.615861 0.359767 0.956761 1.193361
26.126126 -0.559444 0.316238 0.992085 1.182040
26.226226 -0.499854 0.270921 1.021736 1.169272
26.326326 -0.437362 0.224035 1.045406 1.155141
26.426426 -0.372280 0.175827 1.062823 1.139780
26.526527 -0.304958 0.126567 1.073783 1.123401
26.626627 -0.235756 0.076534 1.078032 1.106160
26.726727 -0.165032 0.026017 1.075204 1.088107
26.826827 -0.093192 -0.024660 1.064928 1.069282
26.926927 -0.020697 -0.075140 1.046887 1.049784
27.027027 0.051929 -0.125022 1.020794 1.029732
27.127127 0.124102 -0.173862 0.986360 1.009225
27.227227 0.195181 -0.221187 0.943449 0.988492
27.327327 0.264477 -0.266506 0.892065 0.967860
27.427427 0.331233 -0.309273 0.832223 0.947607
27.527528 0.394617 -0.348900 0.764001 0.927982
27.627628 0.453737 -0.384763 0.687600 0.909238
27.727728 0.507630 -0.416201 0.603347 0.891594
27.827828 0.555359 -0.442589 0.511825 0.875370
27.927928 0.596004 -0.463337 0.413829 0.860904
28.028028 0.628529 -0.477776 0.310252 0.848278
28.128128 0.651965 -0.485311 0.202236 0.837547
28.228228 0.665564 -0.485527 0.091213 0.828874
28.328328 0.668638 -0.478069 -0.021205 0.822239
28.428428 0.660706 -0.462747 -0.133233 0.817568
28.528529 0.641565 -0.439576 -0.242958 0.814777
28.628629 0.611365 -0.408832 -0.348463 0.813841
28.728729 0.570632 -0.371046 -0.447929 0.814823
28.828829 0.520045 -0.326857 -0.539622 0.817603
28.928929 0.460516 -0.277050 -0.622002 0.822021
29.029029 0.393213 -0.222570 -0.693845 0.827994
29.129129 0.319420 -0.164420 -0.754196 0.835389
29.229229 0.240467 -0.103618 -0.802306 0.843952
29.329329 0.157734 -0.041192 -0.837747 0.853462
29.429429 0.072624 0.021847 -0.860479 0.863814
29.529530 -0.013522 0.084561 -0.870774 0.874975
29.629630 -0.099468 0.146102 -0.869112 0.886902
29.729730 -0.184096 0.205721 -0.856082 0.899494
29.829830 -0.266413 0.262763 -0.832376 0.912617
29.929930 -0.345526 0.316652 -0.798726 0.926078
30.030030 -0.420619 0.366860 -0.755834 0.939570
30.130130 -0.491011 0.412971 -0.704530 0.952890
30.230230 -0.556121 0.454643 -0.645685 0.965857
30.330330 -0.615428 0.491573 -0.580133 0.978238
30.430430 -0.668536 0.523555 -0.508768 0.989896
30.530531 -0.715120 0.550430 -0.432466 1.000698
30.630631 -0.754891 0.572063 -0.352072 1.010481
30.730731 -0.787591 0.588340 -0.268408 1.019062
30.830831 -0.813031 0.599197 -0.182296 1.026298
30.930931 -0.831150 0.604659 -0.094566 1.032166
31.031031 -0.841898 0.604762 -0.006024 1.036612
31.131131 -0.845220 0.599533 0.082544 1.039543
31.231231 -0.841126 0.589045 0.170362 1.040908
31.331331 -0.829664 0.573400 0.256661 1.040675
31.431431 -0.810935 0.552735 0.340684 1.038844
31.531532 -0.785132 0.527251 0.421709 1.035502
31.631632 -0.752489 0.497175 0.499029 1.030753
31.731732 -0.713269 0.462757 0.571959 1.024712
31.831832 -0.667732 0.424244 0.639786 1.017435
31.931932 -0.616208 0.381929 0.701844 1.009042
32.032032 -0.559123 0.336171 0.757529 0.999740
32.132132 -0.496898 0.287327 0.806206 0.989663
32.232232 -0.429980 0.235774 0.847214 0.978899
32.332332 -0.358855 0.181918 0.879872 0.967494
32.432432 -0.284090 0.126225 0.903531 0.955515
32.532533 -0.206305 0.069198 0.917480 0.942931
32.632633 -0.126238 0.011417 0.921150 0.929830
32.732733 -0.044750 -0.046477 0.914268 0.916542
32.832833 0.037236 -0.103798 0.896571 0.903327
32.932933 0.118735 -0.159822 0.867849 0.890395
33.033033 0.198677 -0.213772 0.828002 0.877928
33.133133 0.275936 -0.264846 0.777102 0.866124
33.233233 0.349352 -0.312241 0.715480 0.855250
33.333333 0.417766 -0.355172 0.643687 0.845582
33.433433 0.480030 -0.392879 0.562483 0.837359
33.533534 0.534941 -0.424573 0.472724 0.830597
33.633634 0.581377 -0.449546 0.375524 0.825293
33.733734 0.618446 -0.467278 0.272313 0.821571
33.833834 0.645443 -0.477404 0.164705 0.819535
33.933934 0.661895 -0.479733 0.054436 0.819275
34.034034 0.667482 -0.474189 -0.056690 0.820732
34.134134 0.662058 -0.460827 -0.166851 0.823724
34.234234 0.645814 -0.439935 -0.274258 0.828152
34.334334 0.619128 -0.411932 -0.377201 0.833839
34.434434 0.582643 -0.377412 -0.474151 0.840673
34.534535 0.537214 -0.337101 -0.563796 0.848588
34.634635 0.483766 -0.291761 -0.644995 0.857422
34.734735 0.423373 -0.242234 -0.716909 0.867111
34.834835 0.357169 -0.189385 -0.778949 0.877609
34.934935 0.286279 -0.134054 -0.830731 0.888842
35.035035 0.211821 -0.077057 -0.872116 0.900773
35.135135 0.134851 -0.019152 -0.903081 0.913295
35.235235 0.056349 0.038960 -0.923678 0.926215
35.335335 -0.022754 0.096633 -0.934137 0.939398
35.435435 -0.101604 0.153286 -0.934845 0.952762
35.535536 -0.179422 0.208396 -0.926222 0.966182
35.635636 -0.255489 0.261481 -0.908665 0.979448
35.735736 -0.329157 0.312118 -0.882646 0.992384
35.835836 -0.399865 0.359951 -0.848741 1.004897
35.935936 -0.467150 0.404707 -0.807611 1.016982
36.036036 -0.530639 0.446177 -0.759955 1.028681
36.136136 -0.589982 0.484165 -0.706399 1.039949
36.236236 -0.644851 0.518484 -0.647520 1.050686
36.336336 -0.694968 0.548984 -0.583899 1.060802
36.436436 -0.740131 0.575574 -0.516143 1.070272
36.536537 -0.780200 0.598205 -0.444863 1.079103
36.636637 -0.815021 0.616814 -0.370618 1.087234
36.736737 -0.844448 0.631343 -0.293946 1.094573
36.836837 -0.868416 0.641793 -0.215397 1.101109
36.936937 -0.886961 0.648237 -0.135527 1.106923
37.037037 -0.900137 0.650759 -0.054860 1.112090
37.137137 -0.907991 0.649436 0.026109 1.116645
37.237237 -0.910524 0.644309 0.106898 1.120543
37.337337 -0.907659 0.635364 0.187027 1.123616
37.437437 -0.899422 0.622661 0.266026 1.125805
37.537538 -0.885893 0.606297 0.343433 1.127098
37.637638 -0.867163 0.586376 0.418800 1.127476
37.737738 -0.843320 0.562999 0.491668 1.126896
37.837838 -0.814408 0.536240 0.561552 1.125235
37.937938 -0.780594 0.506257 0.628031 1.122517
38.038038 -0.742177 0.473291 0.690779 1.118931
38.138138 -0.699429 0.437565 0.749464 1.114612
38.238238 -0.652508 0.399231 0.803641 1.109501
38.338338 -0.601581 0.358450 0.852847 1.103510
38.438438 -0.546922 0.315449 0.896725 1.096698
38.538539 -0.488857 0.270486 0.934977 1.089186
38.638639 -0.427721 0.223829 0.967305 1.081075
38.738739 -0.363870 0.175755 0.993440 1.072480
38.838839 -0.297704 0.126569 1.013195 1.063584
38.938939 -0.229621 0.076574 1.026340 1.054496
39.039039 -0.160024 0.026084 1.032615 1.045267
39.139139 -0.089348 -0.024568 1.031760 1.035913
39.239239 -0.018052 -0.075025 1.023467 1.026372
39.339339 0.053355 -0.124908 1.007571 1.016685
39.439439 0.124332 -0.173826 0.984026 1.006966
39.539540 0.194317 -0.221373 0.952821 0.997313
39.639640 0.262711 -0.267119 0.913952 0.987764
39.739740 0.328885 -0.310616 0.867452 0.978326
39.839840 0.392186 -0.351406 0.813452 0.969020
39.939940 0.451908 -0.388995 0.752098 0.959786
40.040040 0.507335 -0.422893 0.683654 0.950584
40.140140 0.557778 -0.452639 0.608543 0.941447
40.240240 0.602582 -0.477814 0.527323 0.932459
40.340340 0.641037 -0.497958 0.440596 0.923589
40.440440 0.672468 -0.512650 0.349078 0.914810
40.540541 0.696362 -0.521598 0.253684 0.906279
40.640641 0.712263 -0.524563 0.155414 0.898131
40.740741 0.719846 -0.521404 0.055359 0.890564
40.840841 0.718846 -0.512032 -0.045319 0.883725
40.940941 0.708995 -0.496358 -0.145404 0.877603
41.041041 0.690105 -0.474359 -0.243598 0.872125
41.141141 0.662222 -0.446181 -0.338585 0.867326
41.241241 0.625564 -0.412095 -0.429048 0.863270
41.341341 0.580450 -0.372441 -0.513675 0.859940
41.441441 0.527455 -0.327733 -0.591293 0.857465
41.541542 0.467253 -0.278551 -0.660787 0.855894
41.641642 0.400612 -0.225534 -0.721131 0.855210
41.741742 0.328488 -0.169435 -0.771560 0.855522
41.841842 0.251910 -0.111043 -0.811466 0.856893
41.941942 0.171929 -0.051158 -0.840327 0.859259
42.042042 0.089650 0.009402 -0.857852 0.862575
42.142142 0.006206 0.069824 -0.864059 0.866897
42.242242 -0.077297 0.129334 -0.859158 0.872270
42.342342 -0.159807 0.187202 -0.843445 0.878625
42.442442 -0.240357 0.242782 -0.817474 0.885990
42.542543 -0.318074 0.295506 -0.781939 0.894384
42.642643 -0.392119 0.344823 -0.737436 0.903588
42.742743 -0.461829 0.390331 -0.684811 0.913570
42.842843 -0.526751 0.431795 -0.625115 0.924490
42.942943 -0.586477 0.469003 -0.559284 0.936332
43.043043 -0.640592 0.501726 -0.488135 0.948875
43.143143 -0.688753 0.529787 -0.412475 0.961868
43.243243 -0.730775 0.553129 -0.333162 0.975183
43.343343 -0.766520 0.571722 -0.251013 0.988649
43.443443 -0.795921 0.585585 -0.166809 1.002111
43.543544 -0.818952 0.594764 -0.081295 1.015399
43.643644 -0.835638 0.599336 0.004828 1.028357
43.743744 -0.846151 0.599483 0.090895 1.040968
43.843844 -0.850775 0.595459 0.176309 1.053316
43.943944 -0.849833 0.587541 0.260550 1.065508
44.044044 -0.843577 0.575951 0.343138 1.077537
44.144144 -0.832145 0.560830 0.423596 1.089233
44.244244 -0.815731 0.542353 0.501494 1.100481
44.344344 -0.794677 0.520793 0.576517 1.111355
44.444444 -0.769249 0.496369 0.648340 1.121816
44.544545 -0.739647 0.469253 0.716617 1.131732
44.644645 -0.706110 0.439644 0.781053 1.141018
44.744745 -0.668889 0.407744 0.841384 1.149606
44.844845 -0.628234 0.373753 0.897363 1.157424
44.944945 -0.584435 0.337894 0.948819 1.164471
45.045045 -0.537778 0.300387 0.995596 1.170747
45.145145 -0.488509 0.261423 1.037496 1.176173
45.245245 -0.436926 0.221226 1.074441 1.180791
45.345345 -0.383314 0.180005 1.106342 1.184619
45.445445 -0.327926 0.137955 1.133060 1.187599
45.545546 -0.271063 0.095290 1.154622 1.189835
45.645646 -0.213024 0.052219 1.171093 1.191455
45.745746 -0.154073 0.008933 1.182439 1.192468
45.845846 -0.094477 -0.034378 1.188707 1.192951
45.945946 -0.034502 -0.077531 1.189948 1.192970
46.046046 0.025602 -0.120336 1.186082 1.192446
46.146146 0.085577 -0.162608 1.177099 1.191355
46.246246 0.145158 -0.204158 1.162989 1.189662
46.346346 0.204081 -0.244795 1.143760 1.187333
46.446446 0.262089 -0.284343 1.119513 1.184420
46.546547 0.318917 -0.322620 1.090317 1.180925
46.646647 0.374291 -0.359433 1.056225 1.176816
46.746747 0.427934 -0.394587 1.017307 1.172067
46.846847 0.479562 -0.427889 0.973657 1.166653
46.946947 0.528900 -0.459152 0.925405 1.160573
47.047047 0.575686 -0.488203 0.872731 1.153870
47.147147 0.619632 -0.514849 0.815795 1.146532
47.247247 0.660477 -0.538922 0.754812 1.138598
47.347347 0.697993 -0.560282 0.690059 1.130173
47.447447 0.731929 -0.578770 0.621802 1.121309
47.547548 0.762043 -0.594239 0.550328 1.112066
47.647648 0.788121 -0.606564 0.475970 1.102544
47.747748 0.809987 -0.615649 0.399096 1.092877
47.847848 0.827432 -0.621377 0.320075 1.083144
47.947948 0.840174 -0.623575 0.239264 1.073306
48.048048 0.847869 -0.622030 0.157048 1.063235
48.148148 0.850148 -0.616515 0.073859 1.052757
48.248248 0.846774 -0.606902 -0.009794 1.041850
48.348348 0.837589 -0.593127 -0.093350 1.030567
48.448448 0.822351 -0.575068 -0.176199 1.018828
48.548549 0.800888 -0.552659 -0.257685 1.006606
48.648649 0.773143 -0.525917 -0.337118 0.993976
48.748749 0.739052 -0.494862 -0.413751 0.980956
48.848849 0.698638 -0.459576 -0.486811 0.967621
48.948949 0.652036 -0.420222 -0.555523 0.954119
49.049049 0.599374 -0.376966 -0.619030 0.940506
49.149149 0.540920 -0.330071 -0.676517 0.926939
49.249249 0.477041 -0.279870 -0.727168 0.913602
49.349349 0.408128 -0.226720 -0.770090 0.900560
49.449449 0.334686 -0.171060 -0.804399 0.887881
49.549550 0.257352 -0.113418 -0.829274 0.875665
49.649650 0.176907 -0.054413 -0.844026 0.864082
49.749750 0.094241 0.005262 -0.848029 0.853265
49.849850 0.010365 0.064849 -0.840902 0.843463
49.949950 -0.073622 0.123547 -0.822525 0.835004
50.050050 -0.156571 0.180533 -0.792880 0.828109
50.150150 -0.237301 0.234972 -0.752143 0.822947
50.250250 -0.314591 0.286014 -0.700609 0.819527
50.350350 -0.387237 0.332841 -0.638803 0.817805
50.450450 -0.454115 0.374714 -0.567536 0.817758
50.550551 -0.514277 0.411048 -0.487912 0.819451
50.650651 -0.566903 0.441362 -0.401177 0.822875
50.750751 -0.611265 0.465246 -0.308625 0.827858
50.850851 -0.646901 0.482489 -0.211693 0.834320
50.950951 -0.673500 0.492996 -0.111829 0.842112
51.051051 -0.690918 0.496782 -0.010464 0.851040
51.151151 -0.699208 0.494009 0.091018 0.860942
51.251251 -0.698585 0.484939 0.191320 0.871659
51.351351 -0.689448 0.469961 0.289271 0.883108
51.451451 -0.672348 0.449556 0.383863 0.895267
51.551552 -0.647863 0.424217 0.474217 0.908058
51.651652 -0.616644 0.394468 0.559622 0.921429
51.751752 -0.579335 0.360827 0.639475 0.935283
51.851852 -0.536512 0.323753 0.713212 0.949385
51.951952 -0.488739 0.283695 0.780336 0.963470
52.052052 -0.436627 0.241121 0.840499 0.977354
52.152152 -0.380845 0.196524 0.893564 0.991020
52.252252 -0.322004 0.150352 0.939405 1.004377
52.352352 -0.260685 0.103028 0.977966 1.017345
52.452452 -0.197453 0.054954 1.009278 1.029879
52.552553 -0.132819 0.006497 1.033330 1.041851
52.652653 -0.067281 -0.041992 1.050212 1.053202
52.752753 -0.001310 -0.090186 1.060048 1.063878
52.852853 0.064651 -0.137772 1.062898 1.073738
52.952953 0.130163 -0.184433 1.058734 1.082532
53.053053 0.194803 -0.229872 1.047625 1.090095
53.153153 0.258172 -0.273819 1.029784 1.096396
53.253253 0.319897 -0.316029 1.005461 1.101435
53.353353 0.379639 -0.356286 0.974970 1.105275
53.453453 0.437077 -0.394385 0.938616 1.107960
53.553554 0.491880 -0.430111 0.896653 1.109472
53.653654 0.543750 -0.463275 0.849383 1.109838
53.753754 0.592393 -0.493694 0.797115 1.109079
53.853854 0.637490 -0.521160 0.740113 1.107145
53.953954 0.678693 -0.545447 0.678628 1.103936
54.054054 0.715637 -0.566314 0.612919 1.099326
54.154154 0.747970 -0.583534 0.543294 1.093225
54.254254 0.775344 -0.596889 0.470098 1.085553
54.354354 0.797470 -0.606206 0.393750 1.076329
54.454454 0.814089 -0.611339 0.314712 1.065608
54.554555 0.824939 -0.612143 0.233472 1.053448
54.654655 0.829788 -0.608496 0.150563 1.039944
54.754755 0.828378 -0.600261 0.066548 1.025159
54.854855 0.820388 -0.587262 -0.017963 1.009076
54.954955 0.805549 -0.569362 -0.102294 0.991739
55.055055 0.783634 -0.546464 -0.185693 0.973236
55.155155 0.754366 -0.518441 -0.267313 0.953575
55.255255 0.717544 -0.485230 -0.346220 0.932837
55.355355 0.673079 -0.446854 -0.421399 0.911203
55.455455 0.620961 -0.403402 -0.491745 0.888898
55.555556 0.561391 -0.355111 -0.556147 0.866351
55.655656 0.494624 -0.302273 -0.613360 0.843939
55.755756 0.420915 -0.245198 -0.661893 0.821824
55.855856 0.340825 -0.184413 -0.700322 0.800388
55.955956 0.255251 -0.120668 -0.727391 0.780264
56.056056 0.165293 -0.054862 -0.741835 0.762004
56.156156 0.072305 0.011932 -0.742481 0.746089
56.256256 -0.022080 0.078450 -0.728251 0.732797
56.356356 -0.115955 0.143269 -0.698502 0.722410
56.456456 -0.207245 0.204912 -0.653394 0.715446
56.556557 -0.293853 0.261934 -0.593633 0.712292
56.656657 -0.373718 0.312953 -0.520330 0.712986
56.756757 -0.445072 0.356848 -0.435207 0.717520
56.856857 -0.506601 0.392867 -0.340500 0.725899
56.956957 -0.557384 0.420553 -0.238584 0.737879
57.057057 -0.596866 0.439715 -0.131846 0.752982
57.157157 -0.624966 0.450491 -0.022597 0.770736
57.257257 -0.641952 0.453257 0.087044 0.790646
57.357357 -0.648236 0.448468 0.195224 0.812063
57.457457 -0.644513 0.436755 0.300384 0.834495
57.557558 -0.631636 0.418841 0.401268 0.857560
57.657658 -0.610518 0.395463 0.496907 0.880932
57.757758 -0.582117 0.367368 0.586605 0.904392
57.857858 -0.547370 0.335270 0.669894 0.927781
57.957958 -0.507141 0.299816 0.746454 0.950934
58.058058 -0.462220 0.261589 0.816083 0.973688
58.158158 -0.413326 0.221117 0.878667 0.995885
58.258258 -0.361078 0.178854 0.934085 1.017291
58.358358 -0.306067 0.135226 0.982310 1.037736
58.458458 -0.248858 0.090631 1.023431 1.057144
58.558559 -0.189965 0.045429 1.057561 1.075447
58.658659 -0.129864 -0.000055 1.084873 1.092618
58.758759 -0.068983 -0.045525 1.105524 1.108609
58.858859 -0.007712 -0.090717 1.119683 1.123378
58.958959 0.053585 -0.135394 1.127618 1.136981
59.059059 0.114576 -0.179329 1.129491 1.149363
59.159159 0.174950 -0.222313 1.125455 1.160466
59.259259 0.234416 -0.264154 1.115695 1.170258
59.359359 0.292700 -0.304669 1.100390 1.178709
59.459459 0.349558 -0.343708 1.079798 1.185871
59.559560 0.404745 -0.381107 1.054103 1.191720
59.659660 0.458022 -0.416713 1.023485 1.196225
59.759760 0.509184 -0.450399 0.988188 1.199435
59.859860 0.558060 -0.482066 0.948493 1.201440
59.959960 0.604486 -0.511619 0.904673 1.202327
60.060060 0.648326 -0.538986 0.857013 1.202208
60.160160 0.689462 -0.564110 0.805815 1.201214
60.260260 0.727713 -0.586875 0.751276 1.199335
60.360360 0.762893 -0.607166 0.693597 1.196551
60.460460 0.794840 -0.624886 0.633008 1.192875
60.560561 0.823380 -0.639930 0.569733 1.188301
60.660661 0.848363 -0.652212 0.504025 1.182853
60.760761 0.869653 -0.661657 0.436148 1.176567
60.860861 0.887076 -0.668163 0.366359 1.169429
60.960961 0.900436 -0.671610 0.294918 1.161388
61.061061 0.909595 -0.671926 0.222125 1.152470
61.161161 0.914385 -0.669017 0.148292 1.142661
61.261261 0.914705 -0.662839 0.073757 1.132025
61.361361 0.910558 -0.653427 -0.001115 1.120751
61.461461 0.901861 -0.640751 -0.075955 1.108912
61.561562 0.888555 -0.624803 -0.150383 1.096596
61.661662 0.870565 -0.605564 -0.223991 1.083865
61.761762 0.847786 -0.582995 -0.296341 1.070720
61.861862 0.820135 -0.557079 -0.366958 1.057174
61.961962 0.787471 -0.527761 -0.435302 1.043135
62.062062 0.749675 -0.495005 -0.500776 1.028503
62.162162 0.706764 -0.458875 -0.562802 1.013326
62.262262 0.658865 -0.419510 -0.620824 0.997755
62.362362 0.606104 -0.377051 -0.674226 0.981891
62.462462 0.548647 -0.331676 -0.722366 0.965834
62.562563 0.486726 -0.283605 -0.764580 0.949693
62.662663 0.420639 -0.233111 -0.800201 0.933595
62.762763 0.350771 -0.180527 -0.828568 0.917690
62.862863 0.277610 -0.126254 -0.849091 0.902199
62.962963 0.201729 -0.070752 -0.861197 0.887333
63.063063 0.123775 -0.014533 -0.864335 0.873273
63.163163 0.044504 0.041823 -0.858076 0.860247
63.263263 -0.035244 0.097680 -0.842029 0.848408
63.363363 -0.114544 0.152353 -0.815953 0.837921
63.463463 -0.192389 0.205110 -0.779741 0.828903
63.563564 -0.267739 0.255218 -0.733531 0.821516
63.663664 -0.339527 0.301938 -0.677652 0.815878
63.763764 -0.406645 0.344511 -0.612524 0.811932
63.863864 -0.468045 0.382245 -0.538836 0.809643
63.963964 -0.522847 0.414592 -0.457589 0.809100
64.064064 -0.570347 0.441153 -0.369985 0.810432
64.164164 -0.609931 0.461593 -0.277278 0.813613
64.264264 -0.641176 0.475725 -0.180804 0.818603
64.364364 -0.663943 0.483568 -0.081960 0.825455
64.464464 -0.678231 0.485238 0.017908 0.834131
64.564565 -0.684159 0.480928 0.117535 0.844500
64.664665 -0.681951 0.470901 0.215744 0.856359
64.764765 -0.671912 0.455468 0.311453 0.869436
64.864865 -0.654449 0.435005 0.403700 0.883463
64.964965 -0.630009 0.409906 0.491619 0.898122
65.065065 -0.599191 0.380659 0.574543 0.913253
65.165165 -0.562613 0.347755 0.651917 0.928689
65.265265 -0.520849 0.311648 0.723257 0.944197
65.365365 -0.474518 0.272810 0.788225 0.959631
65.465465 -0.424183 0.231674 0.846505 0.974769
65.565566 -0.370418 0.188668 0.897907 0.989465
65.665666 -0.313782 0.144203 0.942300 1.003585
65.765766 -0.254835 0.098680 0.979706 1.017105
65.865866 -0.194113 0.052475 1.010220 1.030038
65.965966 -0.132074 0.005924 1.033784 1.042204
66.066066 -0.069163 -0.040655 1.050371 1.053431
66.166166 -0.005814 -0.086954 1.060057 1.063633
66.266266 0.057554 -0.132686 1.062986 1.072780
66.366366 0.120545 -0.177578 1.059287 1.080811
66.466466 0.182782 -0.221373 1.049121 1.087691
66.566567 0.243913 -0.263836 1.032710 1.093432
66.666667 0.303585 -0.304729 1.010206 1.097971
66.766767 0.361470 -0.343835 0.981822 1.101298
66.866867 0.417261 -0.380952 0.947805 1.103433
66.966967 0.470634 -0.415867 0.908347 1.104325
67.067067 0.521310 -0.448402 0.863725 1.104015
67.167167 0.569035 -0.478402 0.814252 1.102577
67.267267 0.613497 -0.505663 0.760152 1.099957
67.367367 0.654422 -0.530011 0.701700 1.096158
67.467467 0.691640 -0.551359 0.639304 1.091363
67.567568 0.724957 -0.569600 0.573332 1.085687
67.667668 0.754129 -0.584587 0.504113 1.079158
67.767768 0.778889 -0.596156 0.431974 1.071761
67.867868 0.798979 -0.604153 0.357273 1.063490
67.967968 0.814189 -0.608463 0.280417 1.054402
68.068068 0.824187 -0.608880 0.201798 1.044386
68.168168 0.828653 -0.605213 0.121851 1.033342
68.268268 0.827355 -0.597338 0.041086 1.021282
68.368368 0.820077 -0.585149 -0.039950 1.008227
68.468468 0.806619 -0.568552 -0.120653 0.994204
68.568569 0.786706 -0.547408 -0.200360 0.979136
68.668669 0.760057 -0.521580 -0.278317 0.962909
68.768769 0.726545 -0.491046 -0.353730 0.945579
68.868869 0.686182 -0.455883 -0.425773 0.927339
68.968969 0.638974 -0.416176 -0.493531 0.908330
69.069069 0.584976 -0.372051 -0.556001 0.888683
69.169169 0.524310 -0.323689 -0.612085 0.868518
69.269269 0.457212 -0.271360 -0.660604 0.847984
69.369369 0.384108 -0.215473 -0.700383 0.827347
69.469469 0.305529 -0.156522 -0.730087 0.806768
69.569570 0.222166 -0.095129 -0.748250 0.786311
69.669670 0.135000 -0.032123 -0.753438 0.766111
69.769770 0.045305 0.031459 -0.744215 0.746256
69.869870 -0.045287 0.094351 -0.719452 0.727024
69.969970 -0.134785 0.155043 -0.678258 0.708689
70.070070 -0.220808 0.211768 -0.619921 0.691306
70.170170 -0.300625 0.262560 -0.544367 0.675017
70.270270 -0.371314 0.305391 -0.452424 0.660170
70.370370 -0.429869 0.338252 -0.345816 0.647140
70.470470 -0.473359 0.359268 -0.227189 0.636205
70.570571 -0.499312 0.366980 -0.100221 0.627719
70.670671 -0.505977 0.360522 0.030551 0.622031
70.770771 -0.492472 0.339697 0.160049 0.619304
70.870871 -0.458983 0.305091 0.283009 0.619548
70.970971 -0.406836 0.258086 0.394435 0.622658
71.071071 -0.338396 0.200746 0.490046 0.628455
71.171171 -0.256761 0.135579 0.566540 0.636612
71.271271 -0.165433 0.065296 0.621635 0.646576
71.371371 -0.068108 -0.007356 0.654212 0.657789
71.471471 0.031563 -0.079760 0.664303 0.669818
71.571572 0.130219 -0.149583 0.652865 0.682323
71.671672 0.224880 -0.214819 0.621409 0.694886
71.771772 0.312960 -0.273769 0.571776 0.706981
71.871872 0.392377 -0.325140 0.506311 0.718350
71.971972 0.461631 -0.368090 0.427727 0.729071
72.072072 0.519673 -0.402099 0.338758 0.739257
72.172172 0.565769 -0.426866 0.242011 0.748919
72.272272 0.599419 -0.442245 0.139957 0.757939
72.372372 0.620592 -0.448417 0.034991 0.766444
72.472472 0.629531 -0.445751 -0.070648 0.774593
72.572573 0.626606 -0.434687 -0.174945 0.782428
72.672673 0.612326 -0.415746 -0.276049 0.789931
72.772773 0.587308 -0.389516 -0.372297 0.797031
72.872873 0.552301 -0.356664 -0.462186 0.803656
72.972973 0.508114 -0.317886 -0.544370 0.809673
73.073073 0.455693 -0.273958 -0.617703 0.815025
73.173173 0.396035 -0.225683 -0.681193 0.819634
73.273273 0.330236 -0.173911 -0.734085 0.823518
73.373373 0.259423 -0.119503 -0.775783 0.826693
73.473473 0.184702 -0.063300 -0.805720 0.829040
73.573574 0.107225 -0.006161 -0.823553 0.830527
73.673674 0.028184 0.051056 -0.829221 0.831269
73.773774 -0.051248 0.107514 -0.822806 0.831382
73.873874 -0.129918 0.162403 -0.804507 0.830954
73.973974 -0.206675 0.214915 -0.774522 0.829932
74.074074 -0.280359 0.264241 -0.733124 0.828188
74.174174 -0.349832 0.309603 -0.680786 0.825655
74.274274 -0.413953 0.350235 -0.618098 0.822233
74.374374 -0.471658 0.385443 -0.545877 0.817929
74.474474 -0.521935 0.414584 -0.465107 0.812785
74.574575 -0.563886 0.437115 -0.376954 0.806927
74.674675 -0.596710 0.452574 -0.282741 0.800518
74.774775 -0.619605 0.460507 -0.183862 0.793588
74.874875 -0.631796 0.460486 -0.081851 0.786074
74.974975 -0.632686 0.452234 0.021589 0.777993
75.075075 -0.622093 0.435775 0.124606 0.769693
75.175175 -0.600104 0.411336 0.225307 0.761633
75.275275 -0.566879 0.379199 0.321749 0.754099
75.375375 -0.522671 0.339720 0.411913 0.747173
75.475475 -0.467993 0.293440 0.493777 0.740905
75.575576 -0.403680 0.241121 0.565426 0.735394
75.675676 -0.330908 0.183755 0.625175 0.730828
75.775776 -0.251119 0.122498 0.671608 0.727409
75.875876 -0.165981 0.058637 0.703662 0.725346
75.975976 -0.077331 -0.006456 0.720744 0.724910
76.076076 0.012938 -0.071390 0.722439 0.726073
76.176176 0.102898 -0.134753 0.708455 0.728460
76.276276 0.190610 -0.195184 0.679127 0.731876
76.376376 0.274206 -0.251409 0.635226 0.736144
76.476476 0.351933 -0.302257 0.577784 0.740979
76.576577 0.422269 -0.346760 0.508242 0.746233
76.676677 0.484037 -0.384229 0.428407 0.751968
76.776777 0.536340 -0.414187 0.340218 0.758261
76.876877 0.578437 -0.436265 0.245579 0.765000
76.976977 0.609863 -0.450296 0.146428 0.772101
77.077077 0.630318 -0.456230 0.044668 0.779385
77.177177 0.639622 -0.454093 -0.057860 0.786552
77.277277 0.637930 -0.444152 -0.159376 0.793491
77.377377 0.625635 -0.426831 -0.258223 0.800177
77.477477 0.603319 -0.402674 -0.352918 0.806654
77.577578 0.571694 -0.372306 -0.442145 0.812981
77.677678 0.531494 -0.336355 -0.524715 0.819113
77.777778 0.483444 -0.295440 -0.599504 0.824869
77.877878 0.428383 -0.250242 -0.665570 0.830130
77.977978 0.367310 -0.201536 -0.722265 0.834985
78.078078 0.301255 -0.150098 -0.769126 0.839547
78.178178 0.231216 -0.096681 -0.805763 0.843838
78.278278 0.158159 -0.042008 -0.831806 0.847750
78.378378 0.083063 0.013198 -0.847018 0.851183
78.478478 0.006918 0.068219 -0.851340 0.854097
78.578579 -0.069292 0.122350 -0.844751 0.856373
78.678679 -0.144597 0.174903 -0.827363 0.857921
78.778779 -0.218065 0.225244 -0.799578 0.858843
78.878879 -0.288802 0.272771 -0.761861 0.859211
78.978979 -0.355932 0.316896 -0.714691 0.859008
79.079079 -0.418588 0.357044 -0.658597 0.858165
79.179179 -0.475890 0.392628 -0.594129 0.856515
79.279279 -0.527029 0.423131 -0.522008 0.853986
79.379379 -0.571250 0.448084 -0.443076 0.850542
79.479479 -0.607861 0.467071 -0.358275 0.846174
79.579580 -0.636282 0.479767 -0.268681 0.840964
79.679680 -0.656037 0.485932 -0.175458 0.835045
79.779780 -0.666701 0.485365 -0.079838 0.828519
79.879880 -0.667936 0.477938 0.016881 0.821491
79.979980 -0.659655 0.463703 0.113331 0.814254
80.080080 -0.641940 0.442839 0.208132 0.807164
80.180180 -0.614896 0.415543 0.299874 0.800436
80.280280 -0.578645 0.382027 0.387087 0.794110
80.380380 -0.533564 0.342685 0.468361 0.788344
80.480480 -0.480210 0.298033 0.542331 0.783293
80.580581 -0.419154 0.248606 0.607551 0.778854
80.680681 -0.351135 0.195054 0.662623 0.774862
80.780781 -0.277216 0.138228 0.706514 0.771439
80.880881 -0.198651 0.079091 0.738497 0.768827
80.980981 -0.116722 0.018624 0.757863 0.767025
81.081081 -0.032787 -0.042147 0.764022 0.765886
81.181181 0.051702 -0.102155 0.756683 0.765296
81.281281 0.135234 -0.160309 0.735761 0.765070
81.381381 0.216284 -0.215532 0.701470 0.765044
81.481481 0.293382 -0.266823 0.654440 0.765219
81.581582 0.365148 -0.313271 0.595575 0.765625
81.681682 0.430249 -0.354005 0.525893 0.766158
81.781782 0.487407 -0.388207 0.446549 0.766601
81.881882 0.535562 -0.415242 0.358989 0.766893
81.981982 0.573828 -0.434613 0.264837 0.767011
82.082082 0.601447 -0.445922 0.165803 0.766861
82.182182 0.617790 -0.448874 0.063695 0.766296
82.282282 0.622430 -0.443325 -0.039590 0.765195
82.382382 0.615319 -0.429409 -0.142102 0.763677
82.482482 0.596639 -0.407422 -0.241912 0.761900
82.582583 0.566663 -0.377724 -0.337110 0.759885
82.682683 0.525917 -0.340849 -0.425870 0.757715
82.782783 0.475190 -0.297510 -0.506516 0.755563
82.882883 0.415415 -0.248508 -0.577475 0.753527
82.982983 0.347673 -0.194744 -0.637314 0.751645
83.083083 0.273245 -0.137240 -0.684849 0.750011
83.183183 0.193575 -0.077108 -0.719181 0.748758
83.283283 0.110211 -0.015512 -0.739706 0.748032
83.383383 0.024739 0.046362 -0.745864 0.747713
83.483483 -0.061198 0.107305 -0.737308 0.747585
83.583584 -0.145899 0.166106 -0.714163 0.747600
83.683684 -0.227675 0.221589 -0.676829 0.747687
83.783784 -0.304901 0.272649 -0.626040 0.747816
83.883884 -0.376035 0.318267 -0.562803 0.747960
83.983984 -0.439709 0.357575 -0.488440 0.748182
84.084084 -0.494726 0.389845 -0.404499 0.748567
84.184184 -0.540039 0.414472 -0.312657 0.749122
84.284284 -0.574930 0.431102 -0.214803 0.750022
84.384384 -0.598802 0.439473 -0.112866 0.751291
84.484484 -0.611082 0.439338 -0.008777 0.752673
84.584585 -0.611550 0.430714 0.095457 0.754069
84.684685 -0.600397 0.413906 0.197856 0.755607
84.784785 -0.578088 0.389410 0.296557 0.757478
84.884885 -0.545195 0.357787 0.389801 0.759733
84.984985 -0.502399 0.319667 0.475935 0.762303
85.085085 -0.450658 0.275857 0.553572 0.765266
85.185185 -0.391109 0.227271 0.621589 0.768760
85.285285 -0.324990 0.174869 0.679138 0.772933
85.385385 -0.253515 0.119590 0.725436 0.777708
85.485485 -0.177916 0.062370 0.759887 0.782925
85.585586 -0.099515 0.004174 0.782301 0.788616
85.685686 -0.019592 -0.054073 0.792596 0.794680
85.785786 0.060611 -0.111486 0.790854 0.800970
85.885886 0.139908 -0.167249 0.777480 0.807479
85.985986 0.217209 -0.220634 0.753104 0.814263
86.086086 0.291490 -0.270957 0.718329 0.821206
86.186186 0.361774 -0.317571 0.673761 0.828061
86.286286 0.427150 -0.359879 0.620098 0.834561
86.386386 0.486739 -0.397315 0.558077 0.840372
86.486486 0.539779 -0.429409 0.488581 0.845260
86.586587 0.585711 -0.455849 0.412676 0.849210
86.686687 0.623987 -0.476335 0.331411 0.852108
86.786787 0.654080 -0.490577 0.245828 0.853767
86.886887 0.675686 -0.498454 0.157079 0.854214
86.986987 0.688575 -0.499904 0.066332 0.853486
87.087087 0.692495 -0.494845 -0.025250 0.851504
87.187187 0.687180 -0.483189 -0.116463 0.848087
87.287287 0.672498 -0.464949 -0.206059 0.843144
87.387387 0.648509 -0.440278 -0.292773 0.836734
87.487487 0.615367 -0.409395 -0.375322 0.828943
87.587588 0.573361 -0.372618 -0.452431 0.819928
87.687688 0.522949 -0.330381 -0.522872 0.809952
87.787788 0.464690 -0.283190 -0.585424 0.799284
87.887888 0.399134 -0.231558 -0.638723 0.787968
87.987988 0.326930 -0.176074 -0.681311 0.775932
88.088088 0.248935 -0.117480 -0.711742 0.763117
88.188188 0.166260 -0.056688 -0.728680 0.749553
88.288288 0.080296 0.005212 -0.731023 0.735438
88.388388 -0.007337 0.066968 -0.717764 0.720918
88.488488 -0.094757 0.127162 -0.688119 0.706156
88.588589 -0.179819 0.184223 -0.641709 0.691421
88.688689 -0.260147 0.236451 -0.578599 0.677025
88.788789 -0.333210 0.282087 -0.499464 0.663375
88.888889 -0.396438 0.319404 -0.405683 0.650969
88.988989 -0.447278 0.346749 -0.299320 0.640222
89.089089 -0.483459 0.362736 -0.183210 0.631566
89.189189 -0.503224 0.366410 -0.060940 0.625463
89.289289 -0.505415 0.357294 0.063411 0.622193
89.389389 -0.489760 0.335563 0.185491 0.621992
89.489489 -0.456928 0.302066 0.301043 0.625023
89.589590 -0.408255 0.258099 0.406129 0.631053
89.689690 -0.345721 0.205370 0.497417 0.639627
89.789790 -0.271820 0.145890 0.572332 0.650180
89.889890 -0.189284 0.081776 0.629055 0.661987
89.989990 -0.101006 0.015181 0.666697 0.674475
90.090090 -0.009845 -0.051852 0.685371 0.687400
90.190190 0.081579 -0.117510 0.685856 0.700616
90.290290 0.170998 -0.180274 0.669423 0.714049
90.390390 0.256506 -0.238917 0.637685 0.727681
90.490490 0.336531 -0.292452 0.592323 0.741369
90.590591 0.409739 -0.340066 0.534985 0.754811
90.690691 0.474970 -0.381061 0.467256 0.767550
90.790791 0.531407 -0.415002 0.390887 0.779367
90.890891 0.578559 -0.441693 0.307702 0.790255
90.990991 0.616091 -0.461041 0.219417 0.800169
91.091091 0.643698 -0.472964 0.127621 0.808906
91.191191 0.661186 -0.477453 0.033838 0.816256
91.291291 0.668674 -0.474723 -0.060442 0.822277
91.391391 0.666396 -0.465061 -0.153817 0.827058
91.491491 0.654571 -0.448738 -0.244966 0.830565
91.591592 0.633524 -0.426095 -0.332640 0.832802
91.691692 0.603676 -0.397536 -0.415669 0.833810
91.791792 0.565587 -0.363551 -0.492998 0.833729
91.891892 0.519937 -0.324708 -0.563711 0.832790
91.991992 0.467387 -0.281560 -0.626907 0.831107
92.092092 0.408629 -0.234674 -0.681739 0.828745
92.192192 0.344455 -0.184683 -0.727495 0.825836
92.292292 0.275676 -0.132227 -0.763462 0.822408
92.392392 0.203124 -0.077968 -0.788903 0.818356
92.492492 0.127761 -0.022638 -0.803341 0.813752
92.592593 0.050633 0.032993 -0.806533 0.808794
92.692693 -0.027191 0.088133 -0.798208 0.803519
92.792793 -0.104596 0.141973 -0.778263 0.797991
92.892893 -0.180408 0.193671 -0.746696 0.792218
92.992993 -0.253391 0.242343 -0.703550 0.786079
93.093093 -0.322268 0.287096 -0.649095 0.779491
93.193193 -0.385748 0.327047 -0.583840 0.772418
93.293293 -0.442534 0.361328 -0.508517 0.764842
93.393393 -0.491426 0.389168 -0.424169 0.756883
93.493493 -0.531426 0.409969 -0.332185 0.748889
93.593594 -0.561599 0.423193 -0.234102 0.741141
93.693694 -0.580866 0.428204 -0.131526 0.733528
93.793794 -0.588269 0.424472 -0.026307 0.725899
93.893894 -0.583228 0.411764 0.079428 0.718341
93.993994 -0.565395 0.390030 0.183377 0.710931
94.094094 -0.534586 0.359348 0.283065 0.703590
94.194194 -0.491021 0.320095 0.375957 0.696352
94.294294 -0.435425 0.273004 0.459588 0.689454
94.394394 -0.368880 0.219052 0.531610 0.683129
94.494494 -0.292838 0.159466 0.589884 0.677603
94.594595 -0.209056 0.095672 0.632482 0.672972
94.694695 -0.119593 0.029289 0.657777 0.669202
94.794795 -0.026824 -0.037890 0.664719 0.666339
94.894895 0.066673 -0.103977 0.652888 0.664469
94.994995 0.158237 -0.167074 0.622412 0.663588
95.095095 0.245254 -0.225379 0.574142 0.663765
95.195195 0.325327 -0.277305 0.509659 0.665197
95.295295 0.396275 -0.321457 0.430930 0.667884
95.395395 0.456137 -0.356621 0.340185 0.671539
95.495495 0.503286 -0.381847 0.239991 0.675795
95.595596 0.536420 -0.396444 0.133149 0.680179
95.695696 0.554668 -0.400040 0.022638 0.684252
95.795796 0.557706 -0.392669 -0.088473 0.687788
95.895896 0.545728 -0.374727 -0.197182 0.690739
95.995996 0.519250 -0.346831 -0.300626 0.693029
96.096096 0.479035 -0.309762 -0.396085 0.694486
96.196196 0.426167 -0.264514 -0.481048 0.694977
96.296296 0.362046 -0.212285 -0.553271 0.694443
96.396396 0.288374 -0.154459 -0.610854 0.692936
96.496496 0.207029 -0.092531 -0.652105 0.690409
96.596597 0.120065 -0.028099 -0.675548 0.686710
96.696697 0.029796 0.037091 -0.680236 0.681898
96.796797 -0.061280 0.101205 -0.665667 0.676099
96.896897 -0.150540 0.162354 -0.631757 0.669431
96.996997 -0.235261 0.218621 -0.578970 0.662079
97.097097 -0.312679 0.268113 -0.508324 0.654252
97.197197 -0.380050 0.308997 -0.421437 0.646163
97.297297 -0.434716 0.339558 -0.320541 0.637984
97.397397 -0.474378 0.358404 -0.208638 0.630093
97.497497 -0.497215 0.364544 -0.089392 0.622981
97.597598 -0.501941 0.357410 0.033060 0.617074
97.697698 -0.487980 0.336973 0.154235 0.612751
97.797798 -0.455453 0.303720 0.269491 0.610171
97.897898 -0.405333 0.258738 0.374295 0.609375
97.997998 -0.339524 0.203745 0.464578 0.610428
98.098098 -0.260674 0.140929 0.536983 0.613321
98.198198 -0.171868 0.072735 0.588815 0.617682
98.298298 -0.076567 0.001796 0.618364 0.623089
98.398398 0.021552 -0.069200 0.625055 0.629243
98.498498 0.118890 -0.137705 0.609267 0.635849
98.598599 0.212036 -0.201360 0.572086 0.642485
98.698699 0.297842 -0.258050 0.515144 0.648593
98.798799 0.373535 -0.305981 0.440745 0.653765
98.898899 0.436860 -0.343781 0.351766 0.657853
98.998999 0.486014 -0.370432 0.251404 0.660782
99.099099 0.519542 -0.385176 0.142989 0.662367
99.199199 0.536522 -0.387653 0.030042 0.662596
99.299299 0.536375 -0.377759 -0.083824 0.661382
99.399399 0.518945 -0.355696 -0.194957 0.658659
99.499499 0.484647 -0.322074 -0.299713 0.654555
99.599600 0.434312 -0.277800 -0.394504 0.649178
99.699700 0.369259 -0.224116 -0.475867 0.642674
99.799800 0.291368 -0.162646 -0.540618 0.635309
99.899900 0.202986 -0.095330 -0.585788 0.627247
100.000000 0.106962 -0.024438 -0.608739 0.618548
