0.000000 -0.450134 0.491577 0.601456 0.897785
0.100100 -0.529457 0.428944 0.604901 0.911165
0.200200 -0.602124 0.360942 0.600757 0.923981
0.300300 -0.667528 0.288612 0.589384 0.936090
0.400400 -0.725201 0.212960 0.571199 0.947384
0.500501 -0.774786 0.134955 0.546659 0.957780
0.600601 -0.816047 0.055518 0.516259 0.967233
0.700701 -0.848839 -0.024473 0.480515 0.975715
0.800801 -0.872990 -0.104194 0.439894 0.983095
0.900901 -0.888392 -0.182849 0.394880 0.989244
1.001001 -0.895101 -0.259697 0.346014 0.994170
1.101101 -0.893262 -0.334044 0.293858 0.997925
1.201201 -0.882972 -0.405209 0.238937 1.000462
1.301301 -0.864321 -0.472513 0.181770 1.001678
1.401401 -0.837416 -0.535281 0.122884 1.001445
1.501502 -0.802475 -0.592887 0.062835 0.999715
1.601602 -0.759780 -0.644738 0.002197 0.996473
1.701702 -0.709580 -0.690189 -0.058441 0.991605
1.801802 -0.652191 -0.728616 -0.118465 0.985022
1.901902 -0.588037 -0.759450 -0.177236 0.976711
2.002002 -0.517586 -0.782109 -0.234080 0.966635
2.102102 -0.441439 -0.796120 -0.288320 0.954884
2.202202 -0.360281 -0.801034 -0.339245 0.941565
2.302302 -0.274889 -0.796472 -0.386142 0.926842
2.402402 -0.186177 -0.782197 -0.428311 0.911013
2.502503 -0.095129 -0.757975 -0.465014 0.894323
2.602603 -0.002855 -0.723718 -0.495541 0.877118
2.702703 0.089422 -0.679453 -0.519194 0.859777
2.802803 0.180347 -0.625250 -0.535228 0.842574
2.902903 0.268414 -0.561304 -0.542893 0.825737
3.003003 0.351979 -0.488054 -0.541528 0.809530
3.103103 0.429260 -0.406183 -0.530559 0.794192
3.203203 0.498429 -0.316703 -0.509609 0.780022
3.303303 0.557798 -0.221047 -0.478675 0.767549
3.403403 0.605822 -0.120943 -0.438038 0.757315
3.503504 0.641131 -0.018342 -0.388235 0.749741
3.603604 0.662657 0.084619 -0.330111 0.745150
3.703704 0.669737 0.185703 -0.264810 0.743746
3.803804 0.662226 0.282719 -0.193757 0.745664
3.903904 0.640509 0.373651 -0.118561 0.750948
4.004004 0.605428 0.456770 -0.040903 0.759509
4.104104 0.558205 0.530715 0.037567 0.771143
4.204204 0.500281 0.594471 0.115306 0.785476
4.304304 0.433210 0.647339 0.190925 0.801980
4.404404 0.358719 0.689115 0.263270 0.820286
4.504505 0.278519 0.719900 0.331409 0.840036
4.604605 0.194161 0.739913 0.394583 0.860736
4.704705 0.107101 0.749585 0.452235 0.881967
4.804805 0.018658 0.749487 0.503986 0.903372
4.904905 -0.070001 0.740352 0.549655 0.924739
5.005005 -0.157866 0.722977 0.589197 0.945923
5.105105 -0.244090 0.698150 0.622658 0.966797
5.205205 -0.327962 0.666647 0.650155 0.987258
5.305305 -0.408885 0.629191 0.671834 1.007189
5.405405 -0.486345 0.586442 0.687847 1.026440
5.505506 -0.559917 0.539035 0.698383 1.044894
5.605606 -0.629282 0.487604 0.703689 1.062512
5.705706 -0.694179 0.432738 0.704017 1.079253
5.805806 -0.754359 0.374957 0.699579 1.095017
5.905906 -0.809548 0.314720 0.690529 1.109616
6.006006 -0.859534 0.252483 0.677057 1.122922
6.106106 -0.904143 0.188689 0.659365 1.134830
6.206206 -0.943231 0.123763 0.637660 1.145257
6.306306 -0.976762 0.058127 0.612213 1.154230
6.406406 -1.004779 -0.007818 0.583321 1.161855
6.506507 -1.027396 -0.073704 0.551307 1.168296
6.606607 -1.044690 -0.139188 0.516450 1.173657
6.706707 -1.056645 -0.203942 0.478967 1.177922
6.806807 -1.063260 -0.267646 0.439076 1.181077
6.906907 -1.064568 -0.329995 0.397007 1.183139
7.007007 -1.060564 -0.390677 0.352971 1.184066
7.107107 -1.051229 -0.449375 0.307174 1.183797
7.207207 -1.036623 -0.505801 0.259851 1.182347
7.307307 -1.016808 -0.559664 0.211236 1.179722
7.407407 -0.991871 -0.610688 0.161571 1.175948
7.507508 -0.961950 -0.658621 0.111109 1.171100
7.607608 -0.927105 -0.703160 0.060094 1.165148
7.707708 -0.887423 -0.744008 0.008781 1.158077
7.807808 -0.843072 -0.780917 -0.042561 1.149963
7.907908 -0.794173 -0.813586 -0.093655 1.140792
8.008008 -0.740823 -0.841666 -0.144205 1.130494
8.108108 -0.683190 -0.864850 -0.193899 1.119067
8.208208 -0.621468 -0.882824 -0.242411 1.106510
8.308308 -0.555863 -0.895245 -0.289381 1.092789
8.408408 -0.486667 -0.901842 -0.334455 1.077973
8.508509 -0.414229 -0.902384 -0.377268 1.062174
8.608609 -0.338893 -0.896551 -0.417400 1.045406
8.708709 -0.261037 -0.883981 -0.454379 1.027630
8.808809 -0.181111 -0.864297 -0.487683 1.008784
8.908909 -0.099664 -0.837216 -0.516798 0.988911
9.009009 -0.017342 -0.802528 -0.541197 0.968114
9.109109 0.065116 -0.760078 -0.560345 0.946544
9.209209 0.146861 -0.709754 -0.573665 0.924343
9.309309 0.226942 -0.651558 -0.580601 0.901736
9.409409 0.304317 -0.585712 -0.580697 0.879134
9.509510 0.377801 -0.512478 -0.573437 0.856853
9.609610 0.446043 -0.432217 -0.558278 0.835129
9.709710 0.507553 -0.345505 -0.534743 0.814208
9.809810 0.560649 -0.253138 -0.502392 0.794232
9.909910 0.603564 -0.156236 -0.460961 0.775360
10.010010 0.634689 -0.056334 -0.410563 0.758001
10.110110 0.652613 0.044689 -0.351658 0.742673
10.210210 0.655966 0.144657 -0.284942 0.729664
10.310310 0.643560 0.241096 -0.211418 0.719023
10.410410 0.614919 0.331413 -0.132587 0.711013
10.510511 0.570336 0.413098 -0.050346 0.706023
10.610611 0.510608 0.483770 0.033202 0.704171
10.710711 0.437139 0.541389 0.115832 0.705414
10.810811 0.351961 0.584474 0.195338 0.709678
10.910911 0.257547 0.612197 0.269701 0.716836
11.011011 0.156616 0.624405 0.337223 0.726725
11.111111 0.051917 0.621579 0.396624 0.739166
11.211211 -0.053955 0.604646 0.447020 0.753879
11.311311 -0.158661 0.574737 0.487818 0.770365
11.411411 -0.260166 0.533246 0.518783 0.788146
11.511512 -0.356805 0.481790 0.540052 0.806900
11.611612 -0.447273 0.422011 0.551987 0.826339
11.711712 -0.530546 0.355459 0.555052 0.846116
11.811812 -0.605860 0.283586 0.549800 0.865891
11.911912 -0.672802 0.207803 0.536956 0.885532
12.012012 -0.731228 0.129401 0.517323 0.905021
12.112112 -0.781107 0.049498 0.491651 0.924282
12.212212 -0.822534 -0.030928 0.460668 0.943257
12.312312 -0.855610 -0.111023 0.425020 0.961788
12.412412 -0.880572 -0.190053 0.385349 0.979807
12.512513 -0.897861 -0.267414 0.342330 0.997423
12.612613 -0.907894 -0.342598 0.296554 1.014686
12.712713 -0.910912 -0.415116 0.248500 1.031424
12.812813 -0.907122 -0.484514 0.198602 1.047409
12.912913 -0.896856 -0.550435 0.147297 1.062557
13.013013 -0.880409 -0.612542 0.094992 1.076732
13.113113 -0.858032 -0.670503 0.042061 1.089753
13.213213 -0.830015 -0.724036 -0.011132 1.101489
13.313313 -0.796709 -0.772933 -0.064240 1.111890
13.413413 -0.758490 -0.817041 -0.116935 1.120954
13.513514 -0.715748 -0.856254 -0.168918 1.128716
13.613614 -0.668833 -0.890446 -0.219896 1.135159
13.713714 -0.618040 -0.919446 -0.269579 1.140187
13.813814 -0.563667 -0.943087 -0.317678 1.143702
13.913914 -0.506009 -0.961194 -0.363899 1.145584
14.014014 -0.445401 -0.973659 -0.407973 1.145791
14.114114 -0.382206 -0.980423 -0.449645 1.144330
14.214214 -0.316783 -0.981416 -0.488658 1.141191
14.314314 -0.249487 -0.976537 -0.524734 1.136316
14.414414 -0.180691 -0.965704 -0.557599 1.129668
14.514515 -0.110806 -0.948939 -0.587026 1.121322
14.614615 -0.040258 -0.926300 -0.612806 1.111388
14.714715 0.030523 -0.897724 -0.634644 1.099824
14.814815 0.101075 -0.863146 -0.652223 1.086569
14.914915 0.170891 -0.822525 -0.665220 1.071573
15.015015 0.239428 -0.775877 -0.673327 1.054836
15.115115 0.306103 -0.723297 -0.676268 1.036434
15.215215 0.370291 -0.664917 -0.673767 1.016461
15.315315 0.431316 -0.600924 -0.665556 0.995042
15.415415 0.488400 -0.531502 -0.651306 0.972229
15.515516 0.540743 -0.456971 -0.630768 0.948205
15.615616 0.587524 -0.377787 -0.603776 0.923283
15.715716 0.627822 -0.294483 -0.570153 0.897750
15.815816 0.660583 -0.207691 -0.529720 0.871842
15.915916 0.684736 -0.118237 -0.482414 0.845912
16.016016 0.699220 -0.027158 -0.428326 0.820432
16.116116 0.702818 0.064291 -0.367606 0.795752
16.216216 0.694281 0.154579 -0.300574 0.772183
16.316316 0.672629 0.241898 -0.227898 0.750255
16.416416 0.637274 0.324239 -0.150613 0.730707
16.516517 0.588011 0.399453 -0.070076 0.714304
16.616617 0.524978 0.465251 0.012060 0.701574
16.716717 0.448748 0.519287 0.093846 0.692706
16.816817 0.360669 0.559554 0.173115 0.687860
16.916917 0.262907 0.584749 0.247703 0.687320
17.017017 0.158148 0.594341 0.315670 0.691303
17.117117 0.049287 0.588455 0.375408 0.699742
17.217217 -0.060803 0.567814 0.425727 0.712287
17.317317 -0.169452 0.533717 0.465958 0.728481
17.417417 -0.274361 0.487839 0.495905 0.747785
17.517518 -0.373753 0.432129 0.515863 0.769768
17.617618 -0.466352 0.368564 0.526445 0.794020
17.717718 -0.551239 0.298905 0.528323 0.819960
17.817818 -0.627795 0.224737 0.522220 0.846963
17.917918 -0.695726 0.147485 0.508947 0.874536
18.018018 -0.754984 0.068404 0.489334 0.902290
18.118118 -0.805778 -0.011439 0.464241 0.930016
18.218218 -0.848453 -0.091155 0.434476 0.957575
18.318318 -0.883293 -0.170017 0.400709 0.984724
18.418418 -0.910633 -0.247423 0.363547 1.011255
18.518519 -0.930763 -0.322853 0.323518 1.036928
18.618619 -0.944026 -0.395888 0.281112 1.061573
18.718719 -0.950893 -0.466226 0.236811 1.085193
18.818819 -0.951761 -0.533607 0.191027 1.107734
18.918919 -0.946955 -0.597790 0.144117 1.129091
19.019019 -0.936834 -0.658599 0.096408 1.149219
19.119119 -0.921809 -0.715945 0.048207 1.168175
19.219219 -0.902237 -0.769740 -0.000218 1.185972
19.319319 -0.878364 -0.819845 -0.048628 1.202511
19.419419 -0.850431 -0.866138 -0.096799 1.217702
19.519520 -0.818741 -0.908585 -0.144528 1.231565
19.619620 -0.783610 -0.947190 -0.191633 1.244161
19.719720 -0.745293 -0.981919 -0.237943 1.255486
19.819820 -0.704049 -1.012766 -0.283301 1.265559
19.919920 -0.660142 -1.039756 -0.327568 1.274433
20.020020 -0.613818 -1.062909 -0.370616 1.282148
20.120120 -0.565324 -1.082274 -0.412332 1.288769
20.220220 -0.514891 -1.097890 -0.452609 1.294345
20.320320 -0.462739 -1.109803 -0.491349 1.298928
20.420420 -0.409085 -1.118072 -0.528465 1.302579
20.520521 -0.354114 -1.122687 -0.563843 1.305274
20.620621 -0.297984 -1.123570 -0.597336 1.306910
20.720721 -0.240863 -1.120643 -0.628791 1.307377
20.820821 -0.182936 -1.113873 -0.658080 1.306617
20.920921 -0.124392 -1.103241 -0.685075 1.304585
21.021021 -0.065429 -1.088706 -0.709636 1.301209
21.121121 -0.006247 -1.070185 -0.731586 1.296362
21.221221 0.052940 -1.047678 -0.750800 1.290013
21.321321 0.111909 -1.021267 -0.767204 1.282230
21.421421 0.170431 -0.990964 -0.780672 1.272990
21.521522 0.228262 -0.956776 -0.791068 1.262264
21.621622 0.285156 -0.918754 -0.798279 1.250069
21.721722 0.340861 -0.876972 -0.802211 1.236450
21.821822 0.395101 -0.831488 -0.802741 1.221422
21.921922 0.447578 -0.782350 -0.799727 1.204973
22.022022 0.497997 -0.729663 -0.793071 1.187170
22.122122 0.546026 -0.673519 -0.782638 1.168030
22.222222 0.591290 -0.614007 -0.768271 1.147549
22.322322 0.633382 -0.551241 -0.749812 1.125725
22.422422 0.671918 -0.485413 -0.727163 1.102663
22.522523 0.706487 -0.416755 -0.700247 1.078497
22.622623 0.736544 -0.345472 -0.668884 1.053211
22.722723 0.761495 -0.271827 -0.632906 1.026808
22.822823 0.780672 -0.196156 -0.592155 0.999287
22.922923 0.793423 -0.118903 -0.546550 0.970759
23.023023 0.799135 -0.040627 -0.496119 0.941489
23.123123 0.797163 0.038005 -0.440941 0.911779
23.223223 0.786763 0.116198 -0.381127 0.881905
23.323323 0.767156 0.192993 -0.316879 0.852166
23.423423 0.737541 0.267226 -0.248528 0.822886
23.523524 0.697081 0.337480 -0.176557 0.794347
23.623624 0.644924 0.402010 -0.101664 0.766730
23.723724 0.580316 0.458708 -0.024858 0.740133
23.823824 0.503101 0.505374 0.052442 0.715027
23.923924 0.413736 0.539743 0.128413 0.692091
24.024024 0.313337 0.559619 0.200891 0.672094
24.124124 0.203843 0.563113 0.267444 0.655877
24.224224 0.087981 0.548835 0.325516 0.644144
24.324324 -0.030764 0.516152 0.372634 0.637350
24.424424 -0.148381 0.465402 0.406679 0.635613
24.524525 -0.260741 0.398236 0.426365 0.639034
24.624625 -0.364057 0.317286 0.431282 0.647466
24.724725 -0.455184 0.225716 0.421762 0.660321
24.824825 -0.531887 0.126981 0.398868 0.676848
24.924925 -0.592868 0.024481 0.364176 0.696216
25.025025 -0.637612 -0.078699 0.319504 0.717513
25.125125 -0.666248 -0.179899 0.266755 0.739871
25.225225 -0.679539 -0.276967 0.207853 0.762684
25.325325 -0.678601 -0.368239 0.144598 0.785499
25.425425 -0.664582 -0.452409 0.078556 0.807784
25.525526 -0.638812 -0.528581 0.011126 0.829218
25.625626 -0.602649 -0.596144 -0.056479 0.849567
25.725726 -0.557338 -0.654647 -0.123220 0.868546
25.825826 -0.504098 -0.703820 -0.188196 0.885943
25.925926 -0.444064 -0.743485 -0.250620 0.901539
26.026026 -0.378320 -0.773563 -0.309803 0.915152
26.126126 -0.307908 -0.794059 -0.365139 0.926641
26.226226 -0.233831 -0.805059 -0.416097 0.935914
26.326326 -0.157078 -0.806791 -0.462256 0.943008
26.426426 -0.078600 -0.799567 -0.503272 0.948034
26.526527 0.000701 -0.783799 -0.538902 0.951187
26.626627 0.079972 -0.759861 -0.568899 0.952591
26.726727 0.158388 -0.728029 -0.592974 0.952224
26.826827 0.235126 -0.688605 -0.610848 0.950051
26.926927 0.309373 -0.641965 -0.622306 0.946095
27.027027 0.380316 -0.588534 -0.627163 0.940397
27.127127 0.447122 -0.528756 -0.625235 0.932963
27.227227 0.509004 -0.463197 -0.616450 0.923930
27.327327 0.565220 -0.392521 -0.600830 0.913533
27.427427 0.614987 -0.317407 -0.578383 0.901933
27.527528 0.657496 -0.238582 -0.549134 0.889253
27.627628 0.691924 -0.156861 -0.513161 0.875613
27.727728 0.717417 -0.073150 -0.470585 0.861097
27.827828 0.733221 0.011516 -0.421677 0.845906
27.927928 0.738638 0.095984 -0.366818 0.830274
28.028028 0.732808 0.178949 -0.306404 0.814195
28.128128 0.714962 0.258940 -0.240992 0.797683
28.228228 0.684588 0.334352 -0.171386 0.780913
28.328328 0.641224 0.403370 -0.098562 0.763931
28.428428 0.584657 0.464031 -0.023745 0.746802
28.528529 0.515037 0.514268 0.051559 0.729653
28.628629 0.433021 0.552064 0.125579 0.712777
28.728729 0.339866 0.575576 0.196312 0.696660
28.828829 0.237306 0.583047 0.261533 0.681658
28.928929 0.127711 0.573083 0.318898 0.668154
29.029029 0.014127 0.544952 0.366119 0.656670
29.129129 -0.099868 0.498632 0.401085 0.647670
29.229229 -0.210305 0.434873 0.421985 0.641415
29.329329 -0.313093 0.355407 0.427613 0.638118
29.429429 -0.404408 0.262969 0.417606 0.638038
29.529530 -0.481058 0.161017 0.392471 0.641386
29.629630 -0.540708 0.053384 0.353473 0.648196
29.729730 -0.581962 -0.056064 0.302450 0.658254
29.829830 -0.604384 -0.163703 0.241636 0.671168
29.929930 -0.608338 -0.266343 0.173436 0.686363
30.030030 -0.594738 -0.361297 0.100232 0.703061
30.130130 -0.565107 -0.446524 0.024318 0.720639
30.230230 -0.521294 -0.520543 -0.052205 0.738537
30.330330 -0.465217 -0.582316 -0.127499 0.756158
30.430430 -0.398922 -0.631295 -0.199991 0.773090
30.530531 -0.324405 -0.667252 -0.268353 0.788972
30.630631 -0.243558 -0.690165 -0.331463 0.803440
30.730731 -0.158168 -0.700168 -0.388365 0.816137
30.830831 -0.069948 -0.697576 -0.438271 0.826793
30.930931 0.019467 -0.682936 -0.480601 0.835318
31.031031 0.108534 -0.656842 -0.514857 0.841605
31.131131 0.195787 -0.619908 -0.540604 0.845500
31.231231 0.279818 -0.572857 -0.557512 0.846926
31.331331 0.359268 -0.516489 -0.565334 0.845835
31.431431 0.432821 -0.451695 -0.563913 0.842235
31.531532 0.499242 -0.379500 -0.553229 0.836257
31.631632 0.557337 -0.301018 -0.533347 0.828067
31.731732 0.605952 -0.217452 -0.504418 0.817863
31.831832 0.643898 -0.130101 -0.466638 0.805780
31.931932 0.670089 -0.040408 -0.420362 0.792059
32.032032 0.683592 0.050009 -0.366153 0.777089
32.132132 0.683487 0.139392 -0.304683 0.761194
32.232232 0.668933 0.225782 -0.236805 0.744664
32.332332 0.639236 0.307012 -0.163598 0.727766
32.432432 0.594013 0.380730 -0.086456 0.710832
32.532533 0.533157 0.444361 -0.007085 0.694091
32.632633 0.457206 0.495348 0.072444 0.677979
32.732733 0.367587 0.531459 0.149760 0.663323
32.832833 0.266357 0.550682 0.222277 0.650848
32.932933 0.156261 0.551463 0.287318 0.641156
33.033033 0.040759 0.532960 0.342277 0.634713
33.133133 -0.076172 0.495284 0.384902 0.631868
33.233233 -0.190310 0.439664 0.413562 0.632895
33.333333 -0.297618 0.368299 0.427403 0.637882
33.433433 -0.394557 0.284116 0.426363 0.646670
33.533534 -0.478199 0.190370 0.410963 0.658639
33.633634 -0.546483 0.090501 0.382357 0.673075
33.733734 -0.598360 -0.012097 0.342264 0.689438
33.833834 -0.633574 -0.114367 0.292633 0.707199
33.933934 -0.652520 -0.213711 0.235481 0.725883
34.034034 -0.655934 -0.307967 0.172725 0.744934
34.134134 -0.644781 -0.395384 0.106133 0.763764
34.234234 -0.620331 -0.474645 0.037354 0.781981
34.334334 -0.583915 -0.544741 -0.032141 0.799207
34.434434 -0.536961 -0.605002 -0.101051 0.815209
34.534535 -0.480940 -0.655033 -0.168246 0.829866
34.634635 -0.417224 -0.694565 -0.232736 0.843008
34.734735 -0.347193 -0.723565 -0.293691 0.854602
34.834835 -0.272178 -0.742147 -0.350407 0.864666
34.934935 -0.193427 -0.750500 -0.402286 0.873211
35.035035 -0.112136 -0.748932 -0.448837 0.880299
35.135135 -0.029426 -0.737760 -0.489621 0.885937
35.235235 0.053634 -0.717288 -0.524220 0.890048
35.335335 0.136007 -0.687918 -0.552304 0.892619
35.435435 0.216694 -0.650143 -0.573625 0.893693
35.535536 0.294720 -0.604462 -0.587956 0.893267
35.635636 0.369094 -0.551361 -0.595049 0.891242
35.735736 0.438841 -0.491398 -0.594717 0.887548
35.835836 0.503024 -0.425248 -0.586875 0.882209
35.935936 0.560772 -0.353695 -0.571550 0.875348
36.036036 0.611267 -0.277601 -0.548856 0.867152
36.136136 0.653650 -0.197860 -0.518904 0.857711
36.236236 0.687026 -0.115428 -0.481825 0.847044
36.336336 0.710532 -0.031371 -0.437848 0.835196
36.436436 0.723411 0.053122 -0.387345 0.822302
36.536537 0.725004 0.136753 -0.330821 0.808564
36.636637 0.714657 0.218094 -0.268875 0.794099
36.736737 0.691793 0.295577 -0.202247 0.779004
36.836837 0.656102 0.367541 -0.131895 0.763513
36.936937 0.607629 0.432305 -0.059000 0.748052
37.037037 0.546682 0.488147 0.015073 0.733060
37.137137 0.473870 0.533343 0.088784 0.718951
37.237237 0.390113 0.566150 0.160396 0.706004
37.337337 0.296684 0.584834 0.227972 0.694279
37.437437 0.195476 0.588093 0.289508 0.684017
37.537538 0.088923 0.575118 0.343022 0.675524
37.637638 -0.020140 0.545637 0.386667 0.669056
37.737738 -0.128555 0.499968 0.418811 0.664754
37.837838 -0.232988 0.438994 0.438107 0.662523
37.937938 -0.330200 0.364469 0.443862 0.662483
38.038038 -0.417382 0.278896 0.436150 0.664994
38.138138 -0.492195 0.185079 0.415528 0.670204
38.238238 -0.552668 0.085895 0.382817 0.677768
38.338338 -0.597440 -0.015719 0.339236 0.687214
38.438438 -0.626015 -0.116907 0.286459 0.698298
38.538539 -0.638601 -0.215109 0.226366 0.710862
38.638639 -0.635875 -0.308151 0.160846 0.724684
38.738739 -0.618915 -0.394297 0.091725 0.739553
38.838839 -0.589152 -0.472288 0.020706 0.755371
38.938939 -0.548077 -0.541203 -0.050707 0.771920
39.039039 -0.497177 -0.600412 -0.121206 0.788905
39.139139 -0.437936 -0.649532 -0.189663 0.806010
39.239239 -0.371744 -0.688326 -0.255096 0.822836
39.339339 -0.300017 -0.716853 -0.316720 0.839166
39.439439 -0.224121 -0.735394 -0.373924 0.854900
39.539540 -0.145307 -0.744317 -0.426232 0.869940
39.639640 -0.064705 -0.744005 -0.473241 0.884131
39.739740 0.016649 -0.734863 -0.514625 0.897296
39.839840 0.097795 -0.717359 -0.550142 0.909299
39.939940 0.177838 -0.691919 -0.579561 0.919929
40.040040 0.255940 -0.659011 -0.602711 0.929011
40.140140 0.331331 -0.619178 -0.619516 0.936462
40.240240 0.403306 -0.573006 -0.629964 0.942256
40.340340 0.471155 -0.521019 -0.634001 0.946259
40.440440 0.534204 -0.463758 -0.631601 0.948349
40.540541 0.591888 -0.401871 -0.622879 0.948583
40.640641 0.643664 -0.336001 -0.607959 0.947003
40.740741 0.689053 -0.266824 -0.587026 0.943710
40.840841 0.727572 -0.195015 -0.560259 0.938766
40.940941 0.758652 -0.121240 -0.527783 0.932098
41.041041 0.781691 -0.046209 -0.489733 0.923588
41.141141 0.796183 0.029302 -0.446346 0.913231
41.241241 0.801663 0.104452 -0.397926 0.901065
41.341341 0.797629 0.178335 -0.344804 0.887077
41.441441 0.783737 0.249986 -0.287439 0.871412
41.541542 0.759630 0.318345 -0.226349 0.854175
41.641642 0.724960 0.382245 -0.162136 0.835443
41.741742 0.679592 0.440468 -0.095554 0.815468
41.841842 0.623488 0.491690 -0.027492 0.794514
41.941942 0.556680 0.534421 0.041007 0.772774
42.042042 0.479465 0.567102 0.108699 0.750538
42.142142 0.392534 0.588225 0.174143 0.728298
42.242242 0.296965 0.596312 0.235693 0.706631
42.342342 0.194249 0.589916 0.291479 0.686071
42.442442 0.086473 0.567983 0.339555 0.667368
42.542543 -0.023690 0.529917 0.377947 0.651320
42.642643 -0.133045 0.475506 0.404636 0.638387
42.742743 -0.238013 0.405596 0.418105 0.629262
42.842843 -0.334997 0.322169 0.417611 0.624831
42.942943 -0.420618 0.227868 0.402988 0.625494
43.043043 -0.491931 0.125851 0.374682 0.631047
43.143143 -0.546813 0.019640 0.333867 0.640982
43.243243 -0.584282 -0.087205 0.282415 0.654789
43.343343 -0.604246 -0.191441 0.222498 0.671765
43.443443 -0.607407 -0.290368 0.156385 0.691167
43.543544 -0.594995 -0.381855 0.086258 0.712231
43.643644 -0.568583 -0.464370 0.014094 0.734251
43.743744 -0.530069 -0.537010 -0.058377 0.756809
43.843844 -0.481446 -0.599421 -0.129742 0.779698
43.943944 -0.424621 -0.651623 -0.198900 0.802793
44.044044 -0.361244 -0.693762 -0.264983 0.825844
44.144144 -0.292706 -0.725970 -0.327266 0.848418
44.244244 -0.220295 -0.748555 -0.385208 0.870201
44.344344 -0.145236 -0.762116 -0.438502 0.891178
44.444444 -0.068568 -0.767164 -0.486888 0.911209
44.544545 0.008808 -0.764121 -0.530132 0.930053
44.644645 0.086081 -0.753469 -0.568087 0.947549
44.744745 0.162524 -0.735705 -0.600671 0.963577
44.844845 0.237483 -0.711308 -0.627827 0.978020
44.944945 0.310390 -0.680813 -0.649592 0.990867
45.045045 0.380727 -0.644735 -0.666016 1.002105
45.145145 0.447999 -0.603508 -0.677105 1.011631
45.245245 0.511806 -0.557643 -0.682979 1.019496
45.345345 0.571767 -0.507621 -0.683743 1.025720
45.445445 0.627483 -0.453861 -0.679452 1.030233
45.545546 0.678692 -0.396863 -0.670296 1.033161
45.645646 0.725179 -0.337129 -0.656494 1.034662
45.745746 0.766656 -0.275091 -0.638173 1.034746
45.845846 0.802915 -0.211201 -0.615523 1.033512
45.945946 0.833754 -0.145909 -0.588734 1.031040
46.046046 0.858847 -0.079635 -0.557904 1.027238
46.146146 0.877933 -0.012826 -0.523186 1.022084
46.246246 0.890742 0.054052 -0.484744 1.015539
46.346346 0.897016 0.120513 -0.442759 1.007570
46.446446 0.896598 0.186053 -0.397487 0.998248
46.546547 0.889291 0.250140 -0.349176 0.987589
46.646647 0.874873 0.312204 -0.298089 0.975567
46.746747 0.853146 0.371635 -0.244529 0.962167
46.846847 0.823937 0.427781 -0.188841 0.947381
46.946947 0.787130 0.479957 -0.131431 0.931239
47.047047 0.742695 0.527452 -0.072765 0.913836
47.147147 0.690597 0.569473 -0.013373 0.895211
47.247247 0.630922 0.605213 0.046145 0.875485
47.347347 0.563912 0.633878 0.105099 0.854895
47.447447 0.489869 0.654591 0.162711 0.833628
47.547548 0.409245 0.666457 0.218100 0.811919
47.647648 0.322707 0.668625 0.270292 0.790100
47.747748 0.231160 0.660331 0.318230 0.768598
47.847848 0.135735 0.640823 0.360736 0.747803
47.947948 0.037827 0.609340 0.396471 0.727953
48.048048 -0.060803 0.565235 0.423956 0.709173
48.148148 -0.157967 0.508136 0.441655 0.691530
48.248248 -0.251116 0.438325 0.448268 0.675375
48.348348 -0.337434 0.356733 0.442785 0.661195
48.448448 -0.413856 0.264791 0.424394 0.649231
48.548549 -0.477374 0.164667 0.392820 0.639773
48.648649 -0.525361 0.059241 0.348505 0.633221
48.748749 -0.555643 -0.048132 0.292479 0.629761
48.848849 -0.566894 -0.153829 0.226455 0.629535
48.948949 -0.558822 -0.254261 0.152725 0.632657
49.049049 -0.531935 -0.346116 0.073866 0.638911
49.149149 -0.487748 -0.426717 -0.007398 0.648105
49.249249 -0.428473 -0.494115 -0.088431 0.659969
49.349349 -0.356611 -0.547001 -0.166869 0.673963
49.449449 -0.274883 -0.584759 -0.240693 0.689519
49.549550 -0.186048 -0.607409 -0.308302 0.706123
49.649650 -0.092755 -0.615517 -0.368532 0.723382
49.749750 0.002599 -0.609947 -0.420572 0.740893
49.849850 0.097905 -0.591893 -0.464008 0.758437
49.949950 0.191376 -0.562754 -0.498753 0.775932
50.050050 0.281530 -0.523879 -0.524865 0.793215
50.150150 0.367153 -0.476590 -0.542542 0.810117
50.250250 0.447210 -0.422100 -0.552011 0.826366
50.350350 0.520851 -0.361574 -0.553573 0.841703
50.450450 0.587412 -0.296151 -0.547624 0.855950
50.550551 0.646450 -0.226949 -0.534671 0.869066
50.650651 0.697619 -0.155005 -0.515222 0.880996
50.750751 0.740584 -0.081255 -0.489727 0.891571
50.850851 0.775175 -0.006604 -0.458706 0.900750
50.950951 0.801257 0.068101 -0.422663 0.908457
51.051051 0.818732 0.142057 -0.382092 0.914602
51.151151 0.827583 0.214497 -0.337510 0.919139
51.251251 0.827846 0.284692 -0.289437 0.922037
51.351351 0.819657 0.351964 -0.238423 0.923343
51.451451 0.803247 0.415685 -0.185030 0.923166
51.551552 0.778834 0.475244 -0.129808 0.921568
51.651652 0.746696 0.530069 -0.073312 0.918642
51.751752 0.707114 0.579583 -0.016104 0.914432
51.851852 0.660298 0.623141 0.041250 0.908845
51.951952 0.606487 0.660064 0.098146 0.901745
52.052052 0.546035 0.689729 0.153944 0.893073
52.152152 0.479475 0.711642 0.207997 0.882946
52.252252 0.407358 0.725262 0.259606 0.871402
52.352352 0.330321 0.730071 0.308046 0.858492
52.452452 0.249122 0.725611 0.352555 0.844315
52.552553 0.164598 0.711367 0.392292 0.828872
52.652653 0.077754 0.686953 0.426400 0.812260
52.752753 -0.010236 0.652068 0.453985 0.794607
52.852853 -0.098010 0.606415 0.474047 0.775928
52.952953 -0.183941 0.549718 0.485441 0.756094
53.053053 -0.266133 0.482016 0.487083 0.735130
53.153153 -0.342436 0.403783 0.478040 0.713320
53.253253 -0.410463 0.315896 0.457516 0.691080
53.353353 -0.467652 0.219762 0.424976 0.669028
53.453453 -0.511285 0.117347 0.380179 0.647857
53.553554 -0.538546 0.011267 0.323271 0.628222
53.653654 -0.546936 -0.095131 0.255088 0.610949
53.753754 -0.534513 -0.197825 0.177256 0.596874
53.853854 -0.500157 -0.292326 0.092203 0.586611
53.953954 -0.443977 -0.373992 0.003180 0.580513
54.054054 -0.367570 -0.438560 -0.085946 0.578644
54.154154 -0.274108 -0.482731 -0.171051 0.580881
54.254254 -0.167976 -0.504562 -0.248232 0.586871
54.354354 -0.054302 -0.503773 -0.314290 0.596250
54.454454 0.061702 -0.481537 -0.366979 0.608571
54.554555 0.175271 -0.440093 -0.405046 0.623269
54.654655 0.282412 -0.382417 -0.428194 0.639804
54.754755 0.379991 -0.311754 -0.436817 0.657566
54.854855 0.465669 -0.231305 -0.431745 0.675835
54.954955 0.537924 -0.144168 -0.414213 0.694059
55.055055 0.595912 -0.053199 -0.385689 0.711827
55.155155 0.639183 0.039085 -0.347640 0.728654
55.255255 0.667738 0.130470 -0.301586 0.744212
55.355355 0.681959 0.219051 -0.249061 0.758342
55.455455 0.682450 0.303217 -0.191524 0.770947
55.555556 0.670141 0.381693 -0.130397 0.782165
55.655656 0.645966 0.453397 -0.066971 0.792039
55.755756 0.610696 0.517294 -0.002407 0.800342
55.855856 0.565320 0.572618 0.062187 0.807060
55.955956 0.511026 0.618892 0.125789 0.812403
56.056056 0.448934 0.655698 0.187455 0.816468
56.156156 0.380133 0.682674 0.246298 0.819273
56.256256 0.305670 0.699433 0.301439 0.820674
56.356356 0.226646 0.705711 0.352052 0.820572
56.456456 0.144294 0.701561 0.397451 0.819131
56.556557 0.059845 0.687107 0.436998 0.816495
56.656657 -0.025466 0.662417 0.470019 0.812627
56.756757 -0.110369 0.627734 0.495935 0.807578
56.856857 -0.193566 0.583513 0.514298 0.801535
56.956957 -0.273729 0.530249 0.524671 0.794589
57.057057 -0.349464 0.468487 0.526611 0.786717
57.157157 -0.419364 0.398960 0.519799 0.777963
57.257257 -0.481991 0.322573 0.504011 0.768372
57.357357 -0.535799 0.240336 0.479038 0.757838
57.457457 -0.579316 0.153527 0.444894 0.746397
57.557558 -0.611146 0.063666 0.401806 0.734167
57.657658 -0.629996 -0.027506 0.350212 0.721318
57.757758 -0.634770 -0.118021 0.290823 0.708125
57.857858 -0.624622 -0.205721 0.224626 0.694932
57.957958 -0.598951 -0.288259 0.152879 0.682061
58.058058 -0.557517 -0.363165 0.077141 0.669824
58.158158 -0.500544 -0.427891 -0.000708 0.658509
58.258258 -0.428714 -0.479852 -0.078490 0.648239
58.358358 -0.343440 -0.516696 -0.153765 0.639194
58.458458 -0.246924 -0.536548 -0.223952 0.631672
58.558559 -0.142030 -0.538091 -0.286469 0.625922
58.658659 -0.032201 -0.520795 -0.338934 0.622206
58.758759 0.078735 -0.484915 -0.379280 0.620641
58.858859 0.186810 -0.431580 -0.405958 0.621257
58.958959 0.288214 -0.362880 -0.418171 0.624192
59.059059 0.379444 -0.281414 -0.415652 0.629236
59.159159 0.457572 -0.190239 -0.398787 0.636077
59.259259 0.520389 -0.092711 -0.368587 0.644404
59.359359 0.566448 0.007802 -0.326517 0.653864
59.459459 0.595182 0.108079 -0.274459 0.664267
59.559560 0.606545 0.205195 -0.214396 0.675254
59.659660 0.601038 0.296604 -0.148369 0.686465
59.759760 0.579739 0.380218 -0.078445 0.697722
59.859860 0.544120 0.454442 -0.006582 0.708962
59.959960 0.495858 0.518100 0.065429 0.720128
60.060060 0.436778 0.570455 0.136013 0.731227
60.160160 0.368776 0.611147 0.203812 0.742318
60.260260 0.293591 0.639913 0.267624 0.753198
60.360360 0.212931 0.656723 0.326431 0.763664
60.460460 0.128484 0.661810 0.379403 0.773594
60.560561 0.041846 0.655546 0.425860 0.782846
60.660661 -0.045466 0.638488 0.465297 0.791350
60.760761 -0.132042 0.611321 0.497357 0.799070
60.860861 -0.216566 0.574748 0.521751 0.805891
60.960961 -0.297800 0.529505 0.538263 0.811657
61.061061 -0.374632 0.476474 0.546844 0.816342
61.161161 -0.446010 0.416547 0.547493 0.819869
61.261261 -0.511039 0.350715 0.540364 0.822286
61.361361 -0.569029 0.280077 0.525810 0.823841
61.461461 -0.619285 0.205659 0.504128 0.824593
61.561562 -0.661228 0.128502 0.475693 0.824633
61.661662 -0.694338 0.049655 0.440921 0.824004
61.761762 -0.718117 -0.029837 0.400241 0.822663
61.861862 -0.732169 -0.108899 0.354155 0.820583
61.961962 -0.736062 -0.186423 0.303175 0.817592
62.062062 -0.729448 -0.261260 0.247885 0.813510
62.162162 -0.712255 -0.332285 0.189016 0.808361
62.262262 -0.684643 -0.398425 0.127398 0.802314
62.362362 -0.646817 -0.458592 0.063900 0.795463
62.462462 -0.599102 -0.511719 -0.000555 0.787896
62.562563 -0.541975 -0.556773 -0.064979 0.779715
62.662663 -0.476075 -0.592777 -0.128325 0.771038
62.762763 -0.402228 -0.618842 -0.189499 0.762013
62.862863 -0.321482 -0.634246 -0.247390 0.752874
62.962963 -0.235057 -0.638378 -0.300864 0.743839
63.063063 -0.144340 -0.630766 -0.348785 0.735085
63.163163 -0.050919 -0.611191 -0.390072 0.726845
63.263263 0.043467 -0.579607 -0.423672 0.719257
63.363363 0.136935 -0.536263 -0.448656 0.712475
63.463463 0.227494 -0.481688 -0.464220 0.706595
63.563564 0.313139 -0.416782 -0.469806 0.701770
63.663664 0.391880 -0.342757 -0.465082 0.698107
63.763764 0.461749 -0.261023 -0.449865 0.695502
63.863864 0.520974 -0.173311 -0.424304 0.693891
63.963964 0.568166 -0.081621 -0.388960 0.693372
64.064064 0.602336 0.011916 -0.344717 0.694104
64.164164 0.622754 0.105157 -0.292621 0.696066
64.264264 0.629112 0.196007 -0.233930 0.699231
64.364364 0.621634 0.282532 -0.170104 0.703696
64.464464 0.600852 0.362994 -0.102648 0.709453
64.564565 0.567556 0.435881 -0.033065 0.716384
64.664665 0.522762 0.499920 0.037176 0.724281
64.764765 0.467654 0.554075 0.106670 0.732856
64.864865 0.403579 0.597587 0.174104 0.741821
64.964965 0.331961 0.629899 0.238264 0.750827
65.065065 0.254363 0.650847 0.298120 0.759723
65.165165 0.172354 0.660456 0.352770 0.768345
65.265265 0.087432 0.658851 0.401422 0.776446
65.365365 0.001088 0.646391 0.443450 0.783882
65.465465 -0.085252 0.623474 0.478292 0.790412
65.565566 -0.170223 0.590671 0.505539 0.795887
65.665666 -0.252511 0.548649 0.524881 0.800173
65.765766 -0.330923 0.498245 0.536193 0.803281
65.865866 -0.404354 0.440386 0.539465 0.805273
65.965966 -0.471656 0.375897 0.534591 0.805944
66.066066 -0.531726 0.305681 0.521545 0.805098
66.166166 -0.583570 0.230767 0.500453 0.802659
66.266266 -0.626299 0.152278 0.471563 0.798631
66.366366 -0.659044 0.071394 0.435178 0.792979
66.466466 -0.681028 -0.010629 0.391707 0.785714
66.566567 -0.691606 -0.092443 0.341696 0.776931
66.666667 -0.690114 -0.172610 0.285745 0.766617
66.766767 -0.676065 -0.249606 0.224615 0.754863
66.866867 -0.649148 -0.321814 0.159236 0.741831
66.966967 -0.609121 -0.387480 0.090670 0.727592
67.067067 -0.556090 -0.444834 0.020196 0.712405
67.167167 -0.490495 -0.492087 -0.050699 0.696639
67.267267 -0.412955 -0.527285 -0.120312 0.680468
67.367367 -0.324602 -0.548605 -0.186725 0.664229
67.467467 -0.227264 -0.554653 -0.247909 0.648651
67.567568 -0.123254 -0.544268 -0.301713 0.634389
67.667668 -0.015399 -0.516637 -0.345921 0.621943
67.767768 0.092909 -0.471556 -0.378406 0.611710
67.867868 0.197849 -0.409678 -0.397378 0.604061
67.967968 0.295432 -0.332690 -0.401659 0.599410
68.068068 0.381646 -0.242997 -0.390549 0.597687
68.168168 0.452925 -0.143829 -0.364180 0.598711
68.268268 0.506559 -0.039084 -0.323641 0.602389
68.368368 0.540831 0.067149 -0.270735 0.608526
68.468468 0.555055 0.170886 -0.207799 0.616821
68.568569 0.549347 0.268481 -0.137405 0.626694
68.668669 0.524602 0.356768 -0.062251 0.637468
68.768769 0.482595 0.433327 0.014959 0.648764
68.868869 0.425701 0.496526 0.091712 0.660432
68.968969 0.356434 0.545296 0.165801 0.672222
69.069069 0.277378 0.579088 0.235335 0.683860
69.169169 0.191096 0.597785 0.298733 0.695059
69.269269 0.100079 0.601651 0.354715 0.705566
69.369369 0.006710 0.591353 0.402344 0.715279
69.469469 -0.086793 0.567652 0.440843 0.723951
69.569570 -0.178357 0.531378 0.469569 0.731211
69.669670 -0.266025 0.483566 0.488085 0.736772
69.769770 -0.347926 0.425329 0.496060 0.740292
69.869870 -0.422356 0.357992 0.493405 0.741614
69.969970 -0.487675 0.282978 0.480139 0.740566
70.070070 -0.542174 0.201732 0.456251 0.736759
70.170170 -0.584213 0.115891 0.421907 0.729891
70.270270 -0.612311 0.027326 0.377522 0.719857
70.370370 -0.625047 -0.061878 0.323698 0.706607
70.470470 -0.620997 -0.149367 0.261218 0.690060
70.570571 -0.598935 -0.232465 0.191202 0.670315
70.670671 -0.557873 -0.308116 0.115170 0.647628
70.770771 -0.497095 -0.372784 0.035132 0.622339
70.870871 -0.416437 -0.422415 -0.046223 0.594971
70.970971 -0.316695 -0.452509 -0.125337 0.566366
71.071071 -0.200193 -0.458377 -0.197625 0.537812
71.171171 -0.071418 -0.435623 -0.257441 0.511022
71.271271 0.062296 -0.381093 -0.298319 0.487962
71.371371 0.190507 -0.294641 -0.314042 0.470880
71.471471 0.300761 -0.180852 -0.300464 0.461999
71.571572 0.381409 -0.049365 -0.257380 0.462768
71.671672 0.424771 0.086985 -0.189109 0.473032
71.771772 0.428955 0.215452 -0.103300 0.491012
71.871872 0.397706 0.326336 -0.008811 0.514532
71.971972 0.338201 0.414275 0.086469 0.541739
72.072072 0.258373 0.477560 0.176717 0.571007
72.172172 0.165403 0.516797 0.258145 0.600896
72.272272 0.065227 0.533794 0.328515 0.630169
72.372372 -0.037425 0.531203 0.386878 0.658219
72.472472 -0.138940 0.511855 0.433062 0.684721
72.572573 -0.236653 0.478356 0.467296 0.709362
72.672673 -0.328559 0.433091 0.490045 0.731890
72.772773 -0.413165 0.378182 0.501892 0.752079
72.872873 -0.489338 0.315561 0.503499 0.769767
72.972973 -0.556194 0.246937 0.495522 0.784775
73.073073 -0.613089 0.173902 0.478679 0.797028
73.173173 -0.659514 0.097911 0.453672 0.806452
73.273273 -0.695146 0.020331 0.421249 0.813076
73.373373 -0.719744 -0.057553 0.382152 0.816936
73.473473 -0.733018 -0.134510 0.337058 0.817934
73.573574 -0.734805 -0.209340 0.286695 0.816061
73.673674 -0.725123 -0.280882 0.231871 0.811457
73.773774 -0.704046 -0.347985 0.173420 0.804269
73.873874 -0.671685 -0.409485 0.112208 0.794625
73.973974 -0.628102 -0.464107 0.049146 0.782511
74.074074 -0.573402 -0.510476 -0.014759 0.767849
74.174174 -0.507876 -0.547160 -0.078353 0.750641
74.274274 -0.431982 -0.572611 -0.140304 0.730874
74.374374 -0.346502 -0.585284 -0.199093 0.708702
74.474474 -0.252584 -0.583591 -0.252956 0.684371
74.574575 -0.151868 -0.566040 -0.299906 0.658338
74.674675 -0.046621 -0.531269 -0.337681 0.631228
74.774775 0.060137 -0.478066 -0.363678 0.603677
74.874875 0.164334 -0.405693 -0.375004 0.576386
74.974975 0.260743 -0.314523 -0.368853 0.550422
75.075075 0.343236 -0.206839 -0.343204 0.527620
75.175175 0.405349 -0.087070 -0.297310 0.510178
75.275275 0.441070 0.038211 -0.232168 0.499905
75.375375 0.446229 0.160756 -0.150999 0.497759
75.475475 0.419963 0.271962 -0.059208 0.503824
75.575576 0.365129 0.364730 0.036653 0.517388
75.675676 0.287421 0.434777 0.130306 0.537234
75.775776 0.193696 0.480785 0.216827 0.561860
75.875876 0.090584 0.503769 0.293031 0.589793
75.975976 -0.016319 0.506221 0.357349 0.619858
76.076076 -0.122708 0.490971 0.409204 0.650813
76.176176 -0.225380 0.460673 0.448543 0.681327
76.276276 -0.322056 0.418029 0.475887 0.710590
76.376376 -0.411147 0.365512 0.492004 0.738044
76.476476 -0.491524 0.305235 0.497685 0.763187
76.576577 -0.562487 0.239108 0.493830 0.785768
76.676677 -0.623729 0.168845 0.481439 0.805810
76.776777 -0.675143 0.095927 0.461466 0.823389
76.876877 -0.716626 0.021610 0.434713 0.838448
76.976977 -0.748189 -0.052996 0.401948 0.850974
77.077077 -0.769824 -0.126882 0.363863 0.860886
77.177177 -0.781476 -0.199106 0.321070 0.868006
77.277277 -0.783254 -0.268798 0.274231 0.872319
77.377377 -0.775353 -0.335151 0.224016 0.873888
77.477477 -0.758036 -0.397417 0.171091 0.872829
77.577578 -0.731597 -0.454880 0.116123 0.869273
77.677678 -0.696273 -0.506794 0.059760 0.863254
77.777778 -0.652231 -0.552334 0.002669 0.854684
77.877878 -0.599728 -0.590680 -0.054436 0.843528
77.977978 -0.539223 -0.621112 -0.110794 0.829950
78.078078 -0.471261 -0.642918 -0.165593 0.814157
78.178178 -0.396424 -0.655292 -0.217942 0.796278
78.278278 -0.315358 -0.657304 -0.266819 0.776332
78.378378 -0.228907 -0.648000 -0.311078 0.754368
78.478478 -0.138189 -0.626485 -0.349447 0.730543
78.578579 -0.044632 -0.591820 -0.380446 0.704969
78.678679 0.049913 -0.543199 -0.402436 0.677873
78.778779 0.143065 -0.480243 -0.413760 0.649845
78.878879 0.231834 -0.402930 -0.412653 0.621596
78.978979 0.312505 -0.311794 -0.397305 0.593907
79.079079 0.380585 -0.208312 -0.366098 0.567685
79.179179 0.430877 -0.095295 -0.317918 0.543882
79.279279 0.458140 0.022649 -0.252861 0.523778
79.379379 0.457884 0.139070 -0.172726 0.508756
79.479479 0.427565 0.246246 -0.081330 0.500063
79.579580 0.367771 0.336372 0.015622 0.498644
79.679680 0.282518 0.403220 0.111498 0.504811
79.779780 0.178447 0.443285 0.199997 0.518019
79.879880 0.063345 0.456202 0.276309 0.537103
79.979980 -0.055308 0.444422 0.337734 0.560922
80.080080 -0.171508 0.411941 0.383499 0.588372
80.180180 -0.280979 0.363061 0.414056 0.618228
80.280280 -0.380932 0.301765 0.430505 0.649235
80.380380 -0.469854 0.231653 0.434436 0.680559
80.480480 -0.547103 0.155748 0.427547 0.711601
80.580581 -0.612393 0.076423 0.411301 0.741643
80.680681 -0.665741 -0.004400 0.387029 0.770079
80.780781 -0.707621 -0.085157 0.356085 0.796728
80.880881 -0.738730 -0.164619 0.319719 0.821609
80.980981 -0.759617 -0.241795 0.278934 0.844563
81.081081 -0.770750 -0.315857 0.234574 0.865359
81.181181 -0.772633 -0.386118 0.187407 0.883838
81.281281 -0.765715 -0.451966 0.138114 0.899816
81.381381 -0.750452 -0.512873 0.087327 0.913150
81.481481 -0.727388 -0.568435 0.035641 0.923841
81.581582 -0.697068 -0.618308 -0.016387 0.931921
81.681682 -0.659936 -0.662118 -0.068241 0.937322
81.781782 -0.616367 -0.699445 -0.119413 0.939889
81.881882 -0.566816 -0.729961 -0.169409 0.939586
81.981982 -0.511759 -0.753354 -0.217739 0.936402
82.082082 -0.451644 -0.769268 -0.263893 0.930266
82.182182 -0.386924 -0.777296 -0.307327 0.921059
82.282282 -0.318098 -0.777025 -0.347465 0.908673
82.382382 -0.245785 -0.768177 -0.383755 0.893182
82.482482 -0.170668 -0.750481 -0.415607 0.874687
82.582583 -0.093484 -0.723555 -0.442330 0.853187
82.682683 -0.015096 -0.687056 -0.463181 0.828740
82.782783 0.063471 -0.640707 -0.477370 0.801508
82.882883 0.140984 -0.584211 -0.483970 0.771625
82.982983 0.215925 -0.517303 -0.481910 0.739232
83.083083 0.286413 -0.439907 -0.470035 0.704616
83.183183 0.350106 -0.352234 -0.447119 0.668250
83.283283 0.404093 -0.254951 -0.411913 0.630843
83.383383 0.444559 -0.149326 -0.363055 0.593076
83.483483 0.466822 -0.037780 -0.299463 0.555903
83.583584 0.465721 0.075434 -0.221037 0.521003
83.683684 0.436146 0.183777 -0.129275 0.490621
83.783784 0.374603 0.278370 -0.028229 0.467562
83.883884 0.281347 0.349118 0.075014 0.454605
83.983984 0.162247 0.387646 0.171263 0.453789
84.084084 0.028139 0.390419 0.251741 0.465395
84.184184 -0.108571 0.359800 0.310803 0.487691
84.284284 -0.237563 0.302620 0.347095 0.518161
84.384384 -0.352276 0.226873 0.362264 0.553900
84.484484 -0.449430 0.139607 0.359231 0.592051
84.584585 -0.528227 0.046498 0.341430 0.630682
84.684685 -0.589430 -0.048247 0.312195 0.668746
84.784785 -0.634500 -0.141728 0.274378 0.705663
84.884885 -0.664990 -0.231980 0.230236 0.740969
84.984985 -0.682357 -0.317672 0.181538 0.774263
85.085085 -0.688116 -0.397972 0.129745 0.805431
85.185185 -0.683709 -0.472395 0.076032 0.834503
85.285285 -0.670440 -0.540696 0.021333 0.861567
85.385385 -0.649336 -0.602666 -0.033607 0.886552
85.485485 -0.621264 -0.658160 -0.088180 0.909351
85.585586 -0.587115 -0.707204 -0.141882 0.930039
85.685686 -0.547627 -0.749798 -0.194280 0.948597
85.785786 -0.503442 -0.785941 -0.244999 0.964977
85.885886 -0.455208 -0.815740 -0.293732 0.979246
85.985986 -0.403536 -0.839354 -0.340230 0.991521
86.086086 -0.348936 -0.856840 -0.384233 1.001781
86.186186 -0.291847 -0.868169 -0.425465 1.009907
86.286286 -0.232692 -0.873300 -0.463648 1.015759
86.386386 -0.171878 -0.872133 -0.498477 1.019136
86.486486 -0.109834 -0.864629 -0.529672 1.019902
86.586587 -0.047014 -0.850876 -0.557030 1.018078
86.686687 0.016129 -0.830890 -0.580294 1.013597
86.786787 0.079129 -0.804627 -0.599161 1.006320
86.886887 0.141499 -0.772174 -0.613407 0.996264
86.986987 0.202727 -0.733619 -0.622792 0.983446
87.087087 0.262246 -0.688976 -0.626993 0.967771
87.187187 0.319401 -0.638207 -0.625600 0.949052
87.287287 0.373471 -0.581341 -0.618211 0.927158
87.387387 0.423677 -0.518519 -0.604465 0.902077
87.487487 0.469128 -0.449934 -0.583975 0.873813
87.587588 0.508816 -0.375877 -0.556349 0.842438
87.687688 0.541613 -0.296781 -0.521223 0.808144
87.787788 0.566166 -0.213228 -0.478205 0.771162
87.887888 0.580678 -0.125966 -0.426757 0.731558
87.987988 0.582863 -0.036116 -0.366308 0.689359
88.088088 0.569953 0.054564 -0.296444 0.644750
88.188188 0.538731 0.143356 -0.217149 0.598277
88.288288 0.485725 0.226168 -0.129199 0.551156
88.388388 0.407384 0.296898 -0.034706 0.505286
88.488488 0.301318 0.346996 0.061856 0.463708
88.588589 0.168830 0.365975 0.152518 0.430933
88.688689 0.018118 0.344328 0.225947 0.412240
88.788789 -0.134616 0.279330 0.270778 0.411664
88.888889 -0.270551 0.178983 0.281480 0.429492
88.988989 -0.376701 0.058344 0.260790 0.461865
89.089089 -0.449364 -0.067984 0.216572 0.503442
89.189189 -0.491268 -0.189996 0.157298 0.549714
89.289289 -0.507442 -0.302281 0.089631 0.597415
89.389389 -0.503122 -0.402511 0.018240 0.644577
89.489489 -0.482873 -0.490098 -0.053799 0.690113
89.589590 -0.450233 -0.565166 -0.124496 0.733227
89.689690 -0.407943 -0.628163 -0.192554 0.773358
89.789790 -0.358179 -0.679668 -0.257096 0.810148
89.889890 -0.302637 -0.720215 -0.317494 0.843268
89.989990 -0.242743 -0.750403 -0.373326 0.872583
90.090090 -0.179738 -0.770966 -0.424367 0.898211
90.190190 -0.114663 -0.782619 -0.470500 0.920331
90.290290 -0.048390 -0.786038 -0.511677 0.939154
90.390390 0.018338 -0.781863 -0.547905 0.954906
90.490490 0.084887 -0.770600 -0.579157 0.967705
90.590591 0.150676 -0.752613 -0.605345 0.977534
90.690691 0.215146 -0.728138 -0.626303 0.984240
90.790791 0.277777 -0.697500 -0.641948 0.987807
90.890891 0.338092 -0.661099 -0.652278 0.988345
90.990991 0.395617 -0.619289 -0.657257 0.985910
91.091091 0.449824 -0.572330 -0.656754 0.980423
91.191191 0.500150 -0.520472 -0.650612 0.971770
91.291291 0.546096 -0.464088 -0.638795 0.960030
91.391391 0.587137 -0.403570 -0.621263 0.945286
91.491491 0.622647 -0.339283 -0.597901 0.927517
91.591592 0.651949 -0.271648 -0.568601 0.906718
91.691692 0.674309 -0.201153 -0.533270 0.882911
91.791792 0.688971 -0.128393 -0.491872 0.856215
91.891892 0.695143 -0.054087 -0.444438 0.826846
91.991992 0.691836 0.020916 -0.390972 0.794943
92.092092 0.677888 0.095552 -0.331522 0.760638
92.192192 0.652060 0.168462 -0.266299 0.724207
92.292292 0.612877 0.237853 -0.195669 0.685914
92.392392 0.558635 0.301309 -0.120292 0.646011
92.492492 0.487872 0.355747 -0.041433 0.605221
92.592593 0.399612 0.397266 0.038803 0.564815
92.692693 0.293594 0.420878 0.117140 0.526363
92.792793 0.171416 0.420934 0.188761 0.492137
92.892893 0.037746 0.391971 0.247180 0.464934
92.992993 -0.098724 0.330626 0.284991 0.447526
93.093093 -0.225735 0.238430 0.296064 0.442107
93.193193 -0.330680 0.122968 0.278225 0.449311
93.293293 -0.404802 -0.004123 0.234338 0.467756
93.393393 -0.445542 -0.131129 0.170950 0.494900
93.493493 -0.455667 -0.249374 0.095645 0.528174
93.593594 -0.440361 -0.353899 0.014866 0.565140
93.693694 -0.404885 -0.442348 -0.066686 0.603366
93.793794 -0.354032 -0.514123 -0.145792 0.641028
93.893894 -0.292024 -0.569801 -0.220373 0.677138
93.993994 -0.222246 -0.610394 -0.289144 0.711040
94.094094 -0.147337 -0.636940 -0.351271 0.742154
94.194194 -0.069427 -0.650580 -0.406289 0.770160
94.294294 0.009733 -0.652554 -0.454024 0.795022
94.394394 0.088734 -0.643998 -0.494433 0.816744
94.494494 0.166422 -0.625952 -0.527551 0.835358
94.594595 0.241809 -0.599299 -0.553409 0.850819
94.694695 0.314012 -0.564798 -0.572009 0.863015
94.794795 0.382254 -0.523204 -0.583415 0.871914
94.894895 0.445834 -0.475262 -0.587728 0.877534
94.994995 0.504070 -0.421653 -0.585017 0.879843
95.095095 0.556339 -0.363080 -0.575401 0.878878
95.195195 0.602097 -0.300283 -0.559066 0.874783
95.295295 0.640726 -0.233960 -0.536133 0.867586
95.395395 0.671467 -0.164787 -0.506621 0.857139
95.495495 0.693475 -0.093504 -0.470541 0.843243
95.595596 0.705774 -0.020948 -0.427899 0.825623
95.695696 0.707309 0.051892 -0.378756 0.804012
95.795796 0.697047 0.123826 -0.323323 0.778296
95.895896 0.673960 0.193438 -0.261971 0.748511
95.995996 0.636878 0.258976 -0.195219 0.714697
96.096096 0.584444 0.318197 -0.123812 0.676870
96.196196 0.515276 0.368204 -0.048930 0.635199
96.296296 0.428155 0.405235 0.027554 0.590162
96.396396 0.322440 0.424428 0.102678 0.542816
96.496496 0.198704 0.419433 0.171743 0.494877
96.596597 0.060381 0.382611 0.227487 0.449208
96.696697 -0.083365 0.307147 0.259861 0.410873
96.796797 -0.215337 0.191633 0.257822 0.386737
96.896897 -0.313118 0.046421 0.215346 0.382847
96.996997 -0.360436 -0.106479 0.138023 0.400377
97.097097 -0.356664 -0.244929 0.040694 0.434575
97.197197 -0.312894 -0.356616 -0.061683 0.478417
97.297297 -0.242590 -0.438696 -0.159264 0.525994
97.397397 -0.156830 -0.493424 -0.247109 0.573695
97.497497 -0.063434 -0.524715 -0.323328 0.619589
97.597598 0.032441 -0.536461 -0.387570 0.662611
97.697698 0.127411 -0.532077 -0.440200 0.702222
97.797798 0.219221 -0.514329 -0.481798 0.738053
97.897898 0.306326 -0.485485 -0.513015 0.769880
97.997998 0.387662 -0.447478 -0.534557 0.797665
98.098098 0.462470 -0.401935 -0.547098 0.821429
98.198198 0.530074 -0.350146 -0.551126 0.841024
98.298298 0.589911 -0.293238 -0.547087 0.856322
98.398398 0.641539 -0.232267 -0.535446 0.867307
98.498498 0.684558 -0.168195 -0.516632 0.873967
98.598599 0.718512 -0.101919 -0.490992 0.876196
98.698699 0.742845 -0.034301 -0.458793 0.873777
98.798799 0.757023 0.033762 -0.420338 0.866549
98.898899 0.760591 0.101329 -0.376009 0.854488
98.998999 0.753059 0.167388 -0.326211 0.837574
99.099099 0.733776 0.230803 -0.271346 0.815675
99.199199 0.702106 0.290286 -0.211924 0.788753
99.299299 0.657253 0.344268 -0.148558 0.756684
99.399399 0.598333 0.390824 -0.082052 0.719360
99.499499 0.524534 0.427577 -0.013564 0.676862
99.599600 0.435058 0.451427 0.055245 0.629376
99.699700 0.329404 0.458281 0.121856 0.577389
99.799800 0.207981 0.442810 0.182368 0.522106
99.899900 0.073258 0.398042 0.230545 0.465785
100.000000 -0.067550 0.316073 0.256728 0.412764
