0.000000 -0.102184 -0.756892 -0.414364 0.868921
0.100100 -0.008411 -0.759164 -0.422710 0.868956
0.200200 0.085457 -0.750437 -0.424930 0.866617
0.300300 0.178044 -0.730741 -0.420936 0.861899
0.400400 0.267957 -0.700195 -0.410690 0.854833
0.500501 0.353759 -0.659008 -0.394200 0.845477
0.600601 0.433987 -0.607506 -0.371536 0.833935
0.700701 0.507118 -0.546138 -0.342836 0.820348
0.800801 0.571481 -0.475394 -0.308244 0.804739
0.900901 0.625312 -0.395947 -0.268005 0.787157
1.001001 0.666882 -0.308791 -0.222541 0.767860
1.101101 0.694467 -0.215217 -0.172442 0.747221
1.201201 0.706211 -0.116797 -0.118445 0.725538
1.301301 0.700228 -0.015515 -0.061514 0.703096
1.401401 0.674742 0.086121 -0.002913 0.680222
1.501502 0.628441 0.185019 0.055733 0.657477
1.601602 0.560654 0.277492 0.112417 0.635589
1.701702 0.471478 0.359254 0.164744 0.615220
1.801802 0.362345 0.425668 0.210018 0.597155
1.901902 0.236433 0.472191 0.245467 0.582340
2.002002 0.098705 0.494854 0.268502 0.571592
2.102102 -0.044199 0.491197 0.277251 0.565770
2.202202 -0.184620 0.460695 0.270842 0.565403
2.302302 -0.314983 0.405084 0.249672 0.570652
2.402402 -0.428863 0.328236 0.215415 0.581435
2.502503 -0.521675 0.235200 0.170541 0.597116
2.602603 -0.591079 0.131537 0.117973 0.616924
2.702703 -0.636697 0.022521 0.060624 0.639973
2.802803 -0.659431 -0.087353 0.001070 0.665192
2.902903 -0.661026 -0.194464 -0.058540 0.691519
3.003003 -0.643755 -0.296057 -0.116497 0.718082
3.103103 -0.610025 -0.390099 -0.171485 0.744120
3.203203 -0.562273 -0.475193 -0.222543 0.769081
3.303303 -0.502980 -0.550547 -0.269040 0.792763
3.403403 -0.434415 -0.615758 -0.310580 0.815067
3.503504 -0.358566 -0.670638 -0.346910 0.835866
3.603604 -0.277194 -0.715172 -0.377887 0.855048
3.703704 -0.191863 -0.749464 -0.403452 0.872514
3.803804 -0.103982 -0.773742 -0.423625 0.888227
3.903904 -0.014812 -0.788317 -0.438484 0.902182
4.004004 0.074518 -0.793540 -0.448140 0.914378
4.104104 0.162985 -0.789782 -0.452723 0.924813
4.204204 0.249646 -0.777382 -0.452351 0.933417
4.304304 0.333600 -0.756626 -0.447114 0.940045
4.404404 0.414034 -0.727937 -0.437188 0.944695
4.504505 0.490178 -0.691755 -0.422760 0.947378
4.604605 0.561240 -0.648444 -0.403972 0.947978
4.704705 0.626455 -0.598416 -0.380997 0.946418
4.804805 0.685079 -0.542129 -0.354034 0.942643
4.904905 0.736443 -0.480126 -0.323337 0.936705
5.005005 0.779911 -0.413008 -0.289190 0.928691
5.105105 0.814854 -0.341405 -0.251898 0.918693
5.205205 0.840651 -0.266000 -0.211797 0.906812
5.305305 0.856654 -0.187528 -0.169245 0.893122
5.405405 0.862170 -0.106793 -0.124640 0.877654
5.505506 0.856531 -0.024709 -0.078440 0.860470
5.605606 0.839178 0.057678 -0.031187 0.841735
5.705706 0.809588 0.139187 0.016499 0.821631
5.805806 0.767227 0.218455 0.063901 0.800277
5.905906 0.711548 0.293878 0.110164 0.777689
6.006006 0.642258 0.363623 0.154288 0.754003
6.106106 0.559368 0.425595 0.195104 0.729445
6.206206 0.463303 0.477458 0.231277 0.704348
6.306306 0.355175 0.516783 0.261369 0.679359
6.406406 0.236871 0.541159 0.283894 0.655406
6.506507 0.111163 0.548408 0.297426 0.633696
6.606607 -0.018294 0.536657 0.300646 0.615405
6.706707 -0.146954 0.504579 0.292471 0.601444
6.806807 -0.269559 0.452008 0.272410 0.592605
6.906907 -0.380671 0.380284 0.240802 0.589501
7.007007 -0.475279 0.292132 0.198786 0.592239
7.107107 -0.549485 0.191449 0.148243 0.600468
7.207207 -0.601125 0.082882 0.091599 0.613686
7.307307 -0.629676 -0.028892 0.031424 0.631121
7.407407 -0.636072 -0.139689 -0.029879 0.651915
7.507508 -0.622351 -0.246104 -0.090256 0.675303
7.607608 -0.590899 -0.345530 -0.148075 0.700342
7.707708 -0.544353 -0.436158 -0.202128 0.726230
7.807808 -0.485464 -0.516920 -0.251610 0.752456
7.907908 -0.416692 -0.587166 -0.295974 0.778458
8.008008 -0.340209 -0.646550 -0.334863 0.803681
8.108108 -0.258010 -0.695069 -0.368125 0.827772
8.208208 -0.171851 -0.732901 -0.395726 0.850456
8.308308 -0.083255 -0.760295 -0.417691 0.871462
8.408408 0.006426 -0.777692 -0.434162 0.890698
8.508509 0.096016 -0.785619 -0.445346 0.908157
8.608609 0.184482 -0.784504 -0.451403 0.923712
8.708709 0.270892 -0.774728 -0.452475 0.937187
8.808809 0.354380 -0.756660 -0.448702 0.948395
8.908909 0.434175 -0.730750 -0.440277 0.957260
9.009009 0.509579 -0.697493 -0.427424 0.963774
9.109109 0.579959 -0.657393 -0.410376 0.967950
9.209209 0.644698 -0.610935 -0.389355 0.969780
9.309309 0.703240 -0.558632 -0.364608 0.969307
9.409409 0.755148 -0.501087 -0.336437 0.966709
9.509510 0.799920 -0.438836 -0.305103 0.962048
9.609610 0.836981 -0.372384 -0.270844 0.955282
9.709710 0.865740 -0.302268 -0.233915 0.946355
9.809810 0.885495 -0.229040 -0.194571 0.935103
9.909910 0.895522 -0.153326 -0.153106 0.921363
10.010010 0.895249 -0.075877 -0.109897 0.905155
10.110110 0.884175 0.002456 -0.065379 0.886592
10.210210 0.861619 0.080719 -0.020033 0.865623
10.310310 0.826748 0.157786 0.025576 0.842059
10.410410 0.778959 0.232346 0.070761 0.815947
10.510511 0.717871 0.302889 0.114711 0.787553
10.610611 0.643092 0.367591 0.156437 0.757075
10.710711 0.554415 0.424270 0.194739 0.724779
10.810811 0.452071 0.470383 0.228180 0.691154
10.910911 0.336913 0.503019 0.255073 0.656964
11.011011 0.210726 0.518962 0.273489 0.623316
11.111111 0.076583 0.514914 0.281358 0.591746
11.211211 -0.060800 0.487837 0.276630 0.564097
11.311311 -0.194827 0.435512 0.257570 0.542190
11.411411 -0.317299 0.357786 0.223472 0.527853
11.511512 -0.419672 0.257565 0.175312 0.522685
11.611612 -0.494905 0.140723 0.115835 0.527401
11.711712 -0.539015 0.014990 0.049050 0.541449
11.811812 -0.551714 -0.111711 -0.020645 0.563289
11.911912 -0.536052 -0.232802 -0.089353 0.591212
12.012012 -0.496879 -0.343807 -0.154212 0.623597
12.112112 -0.439326 -0.442209 -0.213430 0.658869
12.212212 -0.368153 -0.527006 -0.266090 0.695756
12.312312 -0.287334 -0.598071 -0.311821 0.733132
12.412412 -0.200132 -0.655946 -0.350678 0.770255
12.512513 -0.109195 -0.701666 -0.383038 0.806832
12.612613 -0.016524 -0.736314 -0.409356 0.842617
12.712713 0.076373 -0.760740 -0.429989 0.877182
12.812813 0.168316 -0.775699 -0.445272 0.910113
12.912913 0.258381 -0.782039 -0.455607 0.941235
13.013013 0.345824 -0.780485 -0.461342 0.970354
13.113113 0.430023 -0.771647 -0.462770 0.997254
13.213213 0.510474 -0.756114 -0.460181 1.021792
13.313313 0.586790 -0.734483 -0.453880 1.043932
13.413413 0.658673 -0.707330 -0.444165 1.063696
13.513514 0.725901 -0.675202 -0.431324 1.081142
13.613614 0.788250 -0.638561 -0.415598 1.096276
13.713714 0.845468 -0.597788 -0.397180 1.109017
13.813814 0.897306 -0.553235 -0.376249 1.119281
13.913914 0.943506 -0.505228 -0.352966 1.126962
14.014014 0.983870 -0.454118 -0.327512 1.132028
14.114114 1.018245 -0.400264 -0.300076 1.134495
14.214214 1.046455 -0.344009 -0.270834 1.134355
14.314314 1.068276 -0.285675 -0.239952 1.131548
14.414414 1.083489 -0.225594 -0.207596 1.126027
14.514515 1.091971 -0.164131 -0.173962 1.117856
14.614615 1.093616 -0.101662 -0.139251 1.107123
14.714715 1.088156 -0.038555 -0.103647 1.093761
14.814815 1.075284 0.024792 -0.067350 1.077676
14.914915 1.054675 0.087935 -0.030583 1.058776
15.015015 1.026035 0.150386 0.006405 1.037017
15.115115 0.989111 0.211596 0.043325 1.012418
15.215215 0.943644 0.270950 0.079857 0.985015
15.315315 0.889378 0.327747 0.115626 0.954872
15.415415 0.825964 0.381136 0.150185 0.921975
15.515516 0.753170 0.430157 0.183017 0.886451
15.615616 0.670898 0.473717 0.213519 0.848588
15.715716 0.579075 0.510471 0.240947 0.808680
15.815816 0.477714 0.538733 0.264359 0.767027
15.915916 0.367168 0.556526 0.282627 0.724163
16.016016 0.248315 0.561552 0.294402 0.680936
16.116116 0.122708 0.550966 0.297981 0.638289
16.216216 -0.006913 0.521559 0.291367 0.597466
16.316316 -0.136037 0.470422 0.272599 0.560458
16.416416 -0.258113 0.395765 0.240182 0.530037
16.516517 -0.364802 0.297947 0.193689 0.509282
16.616617 -0.447129 0.180478 0.134398 0.500559
16.716717 -0.497753 0.050303 0.065627 0.504574
16.816817 -0.513689 -0.083442 -0.007752 0.520479
16.916917 -0.497100 -0.212057 -0.080726 0.546437
17.017017 -0.453531 -0.329349 -0.149423 0.580076
17.117117 -0.389515 -0.431975 -0.211484 0.618911
17.217217 -0.311081 -0.518783 -0.265813 0.660730
17.317317 -0.223232 -0.590057 -0.312191 0.703891
17.417417 -0.129829 -0.646810 -0.350890 0.747223
17.517518 -0.033755 -0.690469 -0.382489 0.790054
17.617618 0.062906 -0.722530 -0.407666 0.831985
17.717718 0.158674 -0.744250 -0.427007 0.872595
17.817818 0.252464 -0.756703 -0.441032 0.911508
17.917918 0.343491 -0.760888 -0.450238 0.948499
18.018018 0.431188 -0.757718 -0.455090 0.983446
18.118118 0.515189 -0.748068 -0.456051 1.016370
18.218218 0.595254 -0.732729 -0.453541 1.047339
18.318318 0.671166 -0.712299 -0.447879 1.076304
18.418418 0.742760 -0.687311 -0.439349 1.103230
18.518519 0.809870 -0.658197 -0.428180 1.128029
18.618619 0.872383 -0.625367 -0.414592 1.150661
18.718719 0.930300 -0.589262 -0.398830 1.171219
18.818819 0.983593 -0.550248 -0.381098 1.189733
18.918919 1.032193 -0.508629 -0.361558 1.206172
19.019019 1.076076 -0.464704 -0.340376 1.220551
19.119119 1.115294 -0.418782 -0.317728 1.232968
19.219219 1.149862 -0.371133 -0.293766 1.243471
19.319319 1.179697 -0.321974 -0.268606 1.251999
19.419419 1.204713 -0.271519 -0.242358 1.258489
19.519520 1.224920 -0.219997 -0.215152 1.262980
19.619620 1.240355 -0.167635 -0.187118 1.265541
19.719720 1.250993 -0.114643 -0.158370 1.266178
19.819820 1.256825 -0.061227 -0.129023 1.264913
19.919920 1.257872 -0.007595 -0.099195 1.261800
20.020020 1.254137 0.046048 -0.068999 1.256878
20.120120 1.245646 0.099499 -0.038551 1.250209
20.220220 1.232405 0.152553 -0.007966 1.241836
20.320320 1.214421 0.205002 0.022639 1.231810
20.420420 1.191707 0.256634 0.053146 1.220184
20.520521 1.164186 0.307210 0.083428 1.206925
20.620621 1.131693 0.356454 0.113341 1.191903
20.720721 1.094053 0.404054 0.142727 1.174982
20.820821 1.051147 0.449688 0.171413 1.156076
20.920921 1.002867 0.492998 0.199210 1.135110
21.021021 0.949081 0.533577 0.225899 1.111976
21.121121 0.889605 0.570927 0.251217 1.086492
21.221221 0.824365 0.604550 0.274892 1.058595
21.321321 0.753405 0.633946 0.296641 1.028349
21.421421 0.676705 0.658472 0.316109 0.995711
21.521522 0.594278 0.677382 0.332876 0.960634
21.621622 0.506248 0.689850 0.346475 0.923160
21.721722 0.412859 0.694950 0.356369 0.883406
21.821822 0.314477 0.691549 0.361899 0.841491
21.921922 0.211677 0.678291 0.362267 0.797573
22.022022 0.105414 0.653705 0.356578 0.752057
22.122122 -0.002863 0.616032 0.343744 0.705453
22.222222 -0.110951 0.563298 0.322497 0.658497
22.322322 -0.215511 0.493506 0.291471 0.612330
22.422422 -0.311778 0.405203 0.249497 0.568897
22.522523 -0.393235 0.298088 0.195914 0.530916
22.622623 -0.451644 0.173877 0.131058 0.501390
22.722723 -0.478597 0.037847 0.057235 0.483490
22.822823 -0.468300 -0.100957 -0.020945 0.479516
22.922923 -0.420702 -0.231744 -0.097472 0.490098
23.023023 -0.341916 -0.345544 -0.166880 0.513961
23.123123 -0.241249 -0.437569 -0.225796 0.548317
23.223223 -0.127870 -0.506983 -0.273064 0.589870
23.323323 -0.009029 -0.555469 -0.309074 0.635731
23.423423 0.110225 -0.585738 -0.334956 0.683691
23.523524 0.226646 -0.600551 -0.352005 0.732078
23.623624 0.338178 -0.602299 -0.361400 0.779576
23.723724 0.443495 -0.592939 -0.364131 0.825139
23.823824 0.541895 -0.574304 -0.361167 0.868283
23.923924 0.633056 -0.547995 -0.353378 0.908809
24.024024 0.716872 -0.515328 -0.341489 0.946617
24.124124 0.793381 -0.477418 -0.326125 0.981702
24.224224 0.862652 -0.435164 -0.307791 1.014037
24.324324 0.924746 -0.389304 -0.286905 1.043565
24.424424 0.979691 -0.340451 -0.263810 1.070186
24.524525 1.027642 -0.289180 -0.238839 1.093946
24.624625 1.068767 -0.236004 -0.212291 1.114912
24.724725 1.103143 -0.181355 -0.184411 1.133059
24.824825 1.130843 -0.125625 -0.155424 1.148366
24.924925 1.151927 -0.069177 -0.125538 1.160811
25.025025 1.166407 -0.012349 -0.094941 1.170330
25.125125 1.174267 0.044531 -0.063816 1.176843
25.225225 1.175574 0.101145 -0.032343 1.180360
25.325325 1.170408 0.157186 -0.000703 1.180916
25.425425 1.158748 0.212334 0.030931 1.178448
25.525526 1.140632 0.266283 0.062383 1.172962
25.625626 1.116096 0.318712 0.093472 1.164468
25.725726 1.085100 0.369276 0.124009 1.152903
25.825826 1.047606 0.417608 0.153791 1.138212
25.925926 1.003536 0.463294 0.182595 1.120297
26.026026 0.952803 0.505879 0.210173 1.099054
26.126126 0.895325 0.544856 0.236247 1.074377
26.226226 0.831034 0.579657 0.260507 1.046176
26.326326 0.759946 0.609685 0.282619 1.014449
26.426426 0.682130 0.634278 0.302208 0.979255
26.526527 0.597740 0.652716 0.318860 0.940746
26.626627 0.506931 0.664084 0.332055 0.899025
26.726727 0.409862 0.667176 0.341107 0.854087
26.826827 0.306867 0.660504 0.345162 0.805959
26.926927 0.198599 0.642312 0.343190 0.754841
27.027027 0.086214 0.610456 0.333910 0.701131
27.127127 -0.028327 0.562314 0.315711 0.645502
27.227227 -0.141704 0.495044 0.286757 0.589389
27.327327 -0.248516 0.405904 0.245112 0.535349
27.427427 -0.340281 0.293023 0.189092 0.487246
27.527528 -0.405087 0.157636 0.118486 0.450536
27.627628 -0.429829 0.007208 0.036468 0.431433
27.727728 -0.406529 -0.143824 -0.049513 0.434054
27.827828 -0.338666 -0.279352 -0.130213 0.457917
27.927928 -0.238946 -0.389211 -0.199004 0.498180
28.028028 -0.121382 -0.470816 -0.253386 0.548275
28.128128 0.003229 -0.526435 -0.293808 0.602883
28.228228 0.127916 -0.560168 -0.322032 0.658677
28.328328 0.248609 -0.575888 -0.339910 0.713437
28.428428 0.363027 -0.576890 -0.349106 0.765811
28.528529 0.469922 -0.565871 -0.351031 0.815021
28.628629 0.568704 -0.545045 -0.346875 0.860709
28.728729 0.659189 -0.516257 -0.337652 0.902807
28.828829 0.741300 -0.480914 -0.324142 0.941208
28.928929 0.815060 -0.440159 -0.306984 0.975860
29.029029 0.880612 -0.394981 -0.286739 1.006830
29.129129 0.938102 -0.346200 -0.263877 1.034177
29.229229 0.987617 -0.294491 -0.238779 1.057889
29.329329 1.029263 -0.240450 -0.211787 1.077985
29.429429 1.063219 -0.184627 -0.183221 1.094574
29.529530 1.089701 -0.127521 -0.153376 1.107806
29.629630 1.108904 -0.069579 -0.122514 1.117819
29.729730 1.120965 -0.011206 -0.090873 1.124698
29.829830 1.125980 0.047221 -0.058670 1.128495
29.929930 1.123977 0.105335 -0.026112 1.129204
30.030030 1.114878 0.162765 0.006601 1.126716
30.130130 1.098650 0.219135 0.039260 1.120979
30.230230 1.075252 0.274054 0.071652 1.111938
30.330330 1.044570 0.327095 0.103547 1.099473
30.430430 1.006539 0.377812 0.134700 1.083516
30.530531 0.961068 0.425712 0.164844 1.063981
30.630631 0.908019 0.470228 0.193673 1.040732
30.730731 0.847216 0.510697 0.220830 1.013584
30.830831 0.778500 0.546363 0.245907 0.982367
30.930931 0.701811 0.576394 0.268443 0.947011
31.031031 0.617082 0.599770 0.287875 0.907406
31.131131 0.524258 0.615215 0.303495 0.863392
31.231231 0.423432 0.621181 0.314433 0.814879
31.331331 0.314914 0.615731 0.319587 0.761860
31.431431 0.199430 0.596433 0.317544 0.704513
31.531532 0.078465 0.560287 0.306519 0.643453
31.631632 -0.045148 0.503514 0.284191 0.579939
31.731732 -0.166131 0.421645 0.247670 0.516453
31.831832 -0.274767 0.310248 0.193751 0.457482
31.931932 -0.355071 0.168247 0.120627 0.411015
32.032032 -0.386690 0.004272 0.031575 0.388000
32.132132 -0.356836 -0.160115 -0.062349 0.396050
32.232232 -0.273219 -0.301095 -0.147279 0.432433
32.332332 -0.156945 -0.407526 -0.215407 0.486939
32.432432 -0.027054 -0.480604 -0.265965 0.549954
32.532533 0.104812 -0.525992 -0.301230 0.615136
32.632633 0.232606 -0.549677 -0.324085 0.679177
32.732733 0.353545 -0.556811 -0.337194 0.740765
32.832833 0.466480 -0.551215 -0.342599 0.799259
32.932933 0.571055 -0.535682 -0.341831 0.854346
33.033033 0.667286 -0.512304 -0.336059 0.905904
33.133133 0.755386 -0.482675 -0.326188 0.953930
33.233233 0.835698 -0.448073 -0.312955 0.998549
33.333333 0.908594 -0.409500 -0.296948 1.039909
33.433433 0.974429 -0.367757 -0.278640 1.078145
33.533534 1.033411 -0.323440 -0.258380 1.113244
33.633634 1.085729 -0.277052 -0.236461 1.145198
33.733734 1.131649 -0.229044 -0.213156 1.174107
33.833834 1.171417 -0.179806 -0.188701 1.200065
33.933934 1.205268 -0.129674 -0.163300 1.223173
34.034034 1.233350 -0.078937 -0.137127 1.243458
34.134134 1.255742 -0.027851 -0.110330 1.260888
34.234234 1.272571 0.023343 -0.083052 1.275492
34.334334 1.283916 0.074421 -0.055425 1.287265
34.434434 1.289889 0.125172 -0.027575 1.296241
34.534535 1.290618 0.175399 0.000379 1.302482
34.634635 1.286173 0.224906 0.028322 1.305996
34.734735 1.276666 0.273512 0.056145 1.306843
34.834835 1.262214 0.321043 0.083741 1.305092
34.934935 1.242904 0.367321 0.111006 1.300792
35.035035 1.218837 0.412177 0.137836 1.294006
35.135135 1.190062 0.455422 0.164124 1.284755
35.235235 1.156569 0.496843 0.189751 1.272993
35.335335 1.118367 0.536222 0.214594 1.258702
35.435435 1.075486 0.573338 0.238529 1.241887
35.535536 1.027919 0.607933 0.261412 1.222512
35.635636 0.975593 0.639691 0.283072 1.200465
35.735736 0.918448 0.668265 0.303320 1.175639
35.835836 0.856466 0.693292 0.321956 1.147974
35.935936 0.789679 0.714403 0.338770 1.117465
36.036036 0.718150 0.731192 0.353532 1.084143
36.136136 0.641902 0.743137 0.365949 1.047955
36.236236 0.560943 0.749584 0.375656 1.008787
36.336336 0.475335 0.749763 0.382219 0.966530
36.436436 0.385244 0.742803 0.385139 0.921141
36.536537 0.290969 0.727680 0.383822 0.872640
36.636637 0.192962 0.703069 0.377497 0.821002
36.736737 0.091972 0.667312 0.365181 0.766239
36.836837 -0.010724 0.618487 0.345707 0.708628
36.936937 -0.113025 0.554424 0.317705 0.648920
37.037037 -0.211501 0.472621 0.279522 0.588418
37.137137 -0.300566 0.370540 0.229321 0.529365
37.237237 -0.371228 0.246559 0.165518 0.475392
37.337337 -0.410301 0.102434 0.088097 0.431973
37.437437 -0.403270 -0.052466 0.001186 0.406670
37.537538 -0.342536 -0.199982 -0.085661 0.405785
37.637638 -0.235646 -0.320882 -0.161150 0.429492
37.737738 -0.101272 -0.405468 -0.218463 0.471578
37.837838 0.042585 -0.454715 -0.256785 0.523945
37.937938 0.184196 -0.474981 -0.278777 0.580734
38.038038 0.317642 -0.473414 -0.287977 0.638709
38.138138 0.440504 -0.455800 -0.287430 0.695998
38.238238 0.551953 -0.426266 -0.279374 0.751268
38.338338 0.651962 -0.387841 -0.265496 0.803719
38.438438 0.741044 -0.342885 -0.247152 0.853113
38.538539 0.819923 -0.293196 -0.225397 0.899467
38.638639 0.889319 -0.240113 -0.201035 0.942846
38.738739 0.949939 -0.184664 -0.174690 0.983363
38.838839 1.002510 -0.127656 -0.146869 1.021221
38.938939 1.047623 -0.069709 -0.117960 1.056545
39.039039 1.085750 -0.011308 -0.088272 1.089391
39.139139 1.117289 0.047148 -0.058055 1.119790
39.239239 1.142521 0.105323 -0.027518 1.147695
39.339339 1.161781 0.162935 0.003155 1.173155
39.439439 1.175431 0.219746 0.033805 1.196273
39.539540 1.183781 0.275551 0.064294 1.217127
39.639640 1.187066 0.330161 0.094499 1.235743
39.739740 1.185472 0.383399 0.124307 1.252114
39.839840 1.179179 0.435101 0.153614 1.266244
39.939940 1.168294 0.485091 0.182312 1.278070
40.040040 1.152925 0.533201 0.210301 1.287542
40.140140 1.133209 0.579285 0.237488 1.294656
40.240240 1.109301 0.623207 0.263786 1.299430
40.340340 1.081278 0.664798 0.289095 1.301804
40.440440 1.049212 0.703885 0.313312 1.301715
40.540541 1.013257 0.740343 0.336357 1.299205
40.640641 0.973551 0.774039 0.358145 1.294298
40.740741 0.930249 0.804855 0.378598 1.287048
40.840841 0.883476 0.832645 0.397626 1.277472
40.940941 0.833292 0.857194 0.415104 1.265492
41.041041 0.779733 0.878245 0.430886 1.250984
41.141141 0.722889 0.895567 0.444837 1.233892
41.241241 0.662868 0.908921 0.456815 1.214171
41.341341 0.599761 0.918008 0.466647 1.191726
41.441441 0.533723 0.922572 0.474178 1.166552
41.541542 0.464906 0.922287 0.479213 1.138594
41.641642 0.393469 0.916752 0.481520 1.107752
41.741742 0.319647 0.905597 0.480872 1.074019
41.841842 0.243712 0.888371 0.476999 1.037365
41.941942 0.165981 0.864482 0.469545 0.997673
42.042042 0.086879 0.833268 0.458111 0.954856
42.142142 0.006980 0.794045 0.442270 0.908933
42.242242 -0.072950 0.746011 0.421518 0.859960
42.342342 -0.151860 0.688148 0.395208 0.807960
42.442442 -0.228295 0.619390 0.362635 0.753171
42.542543 -0.300170 0.538549 0.322981 0.696027
42.642643 -0.364330 0.444168 0.275193 0.636987
42.742743 -0.416292 0.335215 0.218358 0.577364
42.842843 -0.449757 0.211744 0.152031 0.519837
42.942943 -0.455853 0.075887 0.076731 0.468453
43.043043 -0.423777 -0.065685 -0.004637 0.428862
43.143143 -0.345410 -0.199445 -0.085144 0.407843
43.243243 -0.223327 -0.307662 -0.154707 0.410445
43.343343 -0.073038 -0.377524 -0.205011 0.435762
43.443443 0.085596 -0.407724 -0.233828 0.477745
43.543544 0.237902 -0.405071 -0.243846 0.529283
43.643644 0.376488 -0.378283 -0.239370 0.584927
43.743744 0.498951 -0.334967 -0.224460 0.641512
43.843844 0.605493 -0.280795 -0.202294 0.697417
43.943944 0.697366 -0.219736 -0.175181 0.751859
44.044044 0.775961 -0.154454 -0.144710 0.804308
44.144144 0.842454 -0.086749 -0.111974 0.854279
44.244244 0.897992 -0.017905 -0.077776 0.901531
44.344344 0.943829 0.051134 -0.042737 0.946179
44.444444 0.980933 0.119694 -0.007306 0.988236
44.544545 1.010023 0.187267 0.028180 1.027623
44.644645 1.031767 0.253468 0.063455 1.064338
44.744745 1.046761 0.317999 0.098309 1.098406
44.844845 1.055510 0.380618 0.132568 1.129843
44.944945 1.058524 0.441157 0.166100 1.158742
45.045045 1.056249 0.499476 0.198793 1.185182
45.145145 1.049009 0.555431 0.230542 1.209162
45.245245 1.037191 0.608947 0.261278 1.230791
45.345345 1.021121 0.659949 0.290931 1.250145
45.445445 1.001035 0.708336 0.319431 1.267220
45.545546 0.977258 0.754095 0.346744 1.282156
45.645646 0.950110 0.797234 0.372849 1.295109
45.745746 0.919801 0.837699 0.397702 1.306117
45.845846 0.886566 0.875480 0.421280 1.315272
45.945946 0.850618 0.910559 0.443555 1.322653
46.046046 0.812074 0.942835 0.464463 1.328205
46.146146 0.771076 0.972236 0.483954 1.331920
46.246246 0.727753 0.998678 0.501970 1.333775
46.346346 0.682230 1.022075 0.518454 1.333743
46.446446 0.634670 1.042388 0.533372 1.331865
46.546547 0.585207 1.059544 0.546672 1.328138
46.646647 0.533961 1.073436 0.558288 1.322522
46.746747 0.481058 1.083955 0.568148 1.314978
46.846847 0.426626 1.090985 0.576177 1.305464
46.946947 0.370805 1.094413 0.582303 1.293952
47.047047 0.313751 1.094147 0.586462 1.280444
47.147147 0.255619 1.090046 0.588563 1.264891
47.247247 0.196578 1.081990 0.588528 1.247281
47.347347 0.136823 1.069895 0.586294 1.227655
47.447447 0.076554 1.053621 0.581769 1.205999
47.547548 0.015992 1.033019 0.574852 1.182302
47.647648 -0.044617 1.007952 0.565449 1.156585
47.747748 -0.105002 0.978291 0.553468 1.128896
47.847848 -0.164848 0.943845 0.538776 1.099226
47.947948 -0.223777 0.904298 0.521172 1.067451
48.048048 -0.281310 0.859235 0.500386 1.033347
48.148148 -0.336845 0.808171 0.476103 0.996634
48.248248 -0.389683 0.750720 0.448054 0.957176
48.348348 -0.438981 0.686530 0.415981 0.914914
48.448448 -0.483608 0.615119 0.379528 0.869649
48.548549 -0.522147 0.536048 0.338343 0.821256
48.648649 -0.552837 0.449007 0.292122 0.769787
48.748749 -0.573294 0.353764 0.240555 0.715319
48.848849 -0.580412 0.250418 0.183461 0.658213
48.948949 -0.570127 0.139738 0.120964 0.599336
49.049049 -0.536914 0.023695 0.053746 0.540117
49.149149 -0.474125 -0.093282 -0.016226 0.483487
49.249249 -0.375007 -0.202501 -0.084614 0.434507
49.349349 -0.236433 -0.289498 -0.143589 0.400409
49.449449 -0.066342 -0.336784 -0.182798 0.388895
49.549550 0.113592 -0.334172 -0.194925 0.403199
49.649650 0.279084 -0.286838 -0.181023 0.439242
49.749750 0.416299 -0.209342 -0.148166 0.488960
49.849850 0.522798 -0.115777 -0.104030 0.545476
49.949950 0.601852 -0.015809 -0.054251 0.604499
50.050050 0.658006 0.084938 -0.002309 0.663469
50.150150 0.695501 0.183377 0.049755 0.720989
50.250250 0.717728 0.277843 0.100755 0.776197
50.350350 0.727369 0.367468 0.150006 0.828614
50.450450 0.726597 0.451845 0.197118 0.878044
50.550551 0.717216 0.530878 0.241898 0.924524
50.650651 0.700653 0.604590 0.284254 0.968113
50.750751 0.677974 0.673015 0.324123 1.008788
50.850851 0.650114 0.736285 0.361508 1.046638
50.950951 0.617827 0.794523 0.396422 1.081724
51.051051 0.581730 0.847841 0.428880 1.114084
51.151151 0.542366 0.896372 0.458914 1.143786
51.251251 0.500198 0.940243 0.486562 1.170896
51.351351 0.455654 0.979614 0.511880 1.195527
51.451451 0.409118 1.014670 0.534942 1.217824
51.551552 0.360917 1.045554 0.555803 1.237885
51.651652 0.311343 1.072411 0.574523 1.255817
51.751752 0.260649 1.095352 0.591142 1.271685
51.851852 0.209044 1.114394 0.605657 1.285455
51.951952 0.156724 1.129524 0.618044 1.297060
52.052052 0.103880 1.140759 0.628298 1.306476
52.152152 0.050707 1.148196 0.636459 1.313775
52.252252 -0.002614 1.151878 0.642538 1.318971
52.352352 -0.055910 1.151840 0.646540 1.322072
52.452452 -0.109010 1.148125 0.648478 1.323102
52.552553 -0.161742 1.140716 0.648326 1.322013
52.652653 -0.213933 1.129621 0.646079 1.318798
52.752753 -0.265408 1.114844 0.641725 1.313442
52.852853 -0.315972 1.096323 0.635215 1.305856
52.952953 -0.365395 1.073911 0.626447 1.295853
53.053053 -0.413438 1.047505 0.615349 1.283297
53.153153 -0.459873 1.017073 0.601884 1.268143
53.253253 -0.504458 0.982597 0.586025 1.250360
53.353353 -0.546950 0.944087 0.567757 1.229960
53.453453 -0.587075 0.901531 0.547055 1.206932
53.553554 -0.624500 0.854868 0.523859 1.181198
53.653654 -0.658871 0.804058 0.498120 1.152711
53.753754 -0.689774 0.749054 0.469780 1.121411
53.853854 -0.716688 0.689755 0.438744 1.087152
53.953954 -0.738966 0.626031 0.404890 1.049724
54.054054 -0.755812 0.557744 0.368082 1.008868
54.154154 -0.766290 0.484798 0.328195 0.964335
54.254254 -0.769261 0.407147 0.285117 0.915873
54.354354 -0.763400 0.324869 0.238793 0.863332
54.454454 -0.747068 0.238193 0.189226 0.806630
54.554555 -0.718140 0.147576 0.136509 0.745747
54.654655 -0.673888 0.053908 0.080935 0.680868
54.754755 -0.610633 -0.041124 0.023165 0.612454
54.854855 -0.523413 -0.134281 -0.035368 0.541519
54.954955 -0.406320 -0.219295 -0.091615 0.470723
55.055055 -0.254132 -0.284343 -0.139378 0.406030
55.155155 -0.068576 -0.309628 -0.167486 0.358641
55.255255 0.128711 -0.274252 -0.162653 0.343856
55.355355 0.298100 -0.178769 -0.122194 0.368447
55.455455 0.414977 -0.049808 -0.059103 0.422114
55.555556 0.482431 0.086425 0.011775 0.490252
55.655656 0.513255 0.216782 0.082141 0.563181
55.755756 0.518374 0.336641 0.148594 0.635703
55.855856 0.505688 0.445157 0.210065 0.705700
55.955956 0.480698 0.542965 0.266494 0.772593
56.056056 0.447016 0.631023 0.318142 0.836198
56.156156 0.407071 0.710279 0.365354 0.896485
56.256256 0.362517 0.781499 0.408433 0.953403
56.356356 0.314559 0.845384 0.447679 1.006994
56.456456 0.264162 0.902700 0.483445 1.057529
56.556557 0.212042 0.954100 0.516043 1.105246
56.656657 0.158722 1.000042 0.545688 1.150240
56.756757 0.104617 1.040963 0.572592 1.192648
56.856857 0.050065 1.077311 0.596979 1.232675
56.956957 -0.004669 1.109426 0.619020 1.270447
57.057057 -0.059370 1.137553 0.638834 1.306009
57.157157 -0.113861 1.161924 0.656539 1.339431
57.257257 -0.167989 1.182747 0.672237 1.370771
57.357357 -0.221613 1.200133 0.685980 1.400000
57.457457 -0.274613 1.214228 0.697841 1.427146
57.557558 -0.326888 1.225184 0.707897 1.452257
57.657658 -0.378348 1.233143 0.716221 1.475385
57.757758 -0.428919 1.238258 0.722891 1.496605
57.857858 -0.478541 1.240678 0.727986 1.515997
57.957958 -0.527153 1.240523 0.731569 1.533617
58.058058 -0.574697 1.237891 0.733691 1.549501
58.158158 -0.621112 1.232863 0.734391 1.563669
58.258258 -0.666317 1.225468 0.733680 1.576082
58.358358 -0.710241 1.215746 0.731574 1.586720
58.458458 -0.752828 1.203765 0.728108 1.595601
58.558559 -0.794021 1.189585 0.723310 1.602735
58.658659 -0.833774 1.173272 0.717215 1.608149
58.758759 -0.872027 1.154875 0.709843 1.611845
58.858859 -0.908722 1.134438 0.701217 1.613825
58.958959 -0.943828 1.112040 0.691377 1.614140
59.059059 -0.977274 1.087708 0.680333 1.612770
59.159159 -1.008980 1.061462 0.668091 1.609686
59.259259 -1.038872 1.033330 0.654660 1.604870
59.359359 -1.066872 1.003336 0.640047 1.598299
59.459459 -1.092930 0.971535 0.624281 1.590001
59.559560 -1.116957 0.937949 0.607365 1.579947
59.659660 -1.138856 0.902594 0.589303 1.568103
59.759760 -1.158558 0.865518 0.570115 1.554480
59.859860 -1.176014 0.826780 0.549831 1.539119
59.959960 -1.191164 0.786441 0.528480 1.522055
60.060060 -1.203960 0.744564 0.506093 1.503338
60.160160 -1.214356 0.701221 0.482708 1.483030
60.260260 -1.222217 0.656431 0.458324 1.461087
60.360360 -1.227384 0.610213 0.432941 1.437452
60.460460 -1.229708 0.562598 0.406564 1.412088
60.560561 -1.229004 0.513616 0.379196 1.384934
60.660661 -1.225093 0.463311 0.350849 1.355951
60.760761 -1.217780 0.411737 0.321536 1.325104
60.860861 -1.206803 0.358943 0.291267 1.292304
60.960961 -1.191841 0.304982 0.260047 1.257427
61.061061 -1.172590 0.249943 0.227901 1.220400
61.161161 -1.148667 0.193928 0.194859 1.181107
61.261261 -1.119707 0.137082 0.160972 1.139494
61.361361 -1.085399 0.079602 0.126329 1.095621
61.461461 -1.045248 0.021717 0.091019 1.049428
61.561562 -0.998693 -0.036276 0.055164 1.000873
61.661662 -0.945029 -0.093980 0.018935 0.949879
61.761762 -0.883354 -0.150853 -0.017436 0.896312
61.861862 -0.812605 -0.206133 -0.053604 0.840054
61.961962 -0.731395 -0.258700 -0.089049 0.780893
62.062062 -0.638096 -0.306910 -0.122976 0.718668
62.162162 -0.531080 -0.348405 -0.154195 0.653611
62.262262 -0.408833 -0.379709 -0.180880 0.586550
62.362362 -0.270238 -0.395431 -0.200110 0.519075
62.462462 -0.116077 -0.387449 -0.207297 0.454492
62.562563 0.047512 -0.344673 -0.195792 0.399238
62.662663 0.203489 -0.256648 -0.158481 0.363858
62.762763 0.323574 -0.124836 -0.094042 0.359344
62.862863 0.386359 0.029655 -0.012630 0.387701
62.962963 0.394204 0.181070 0.071214 0.439607
63.063063 0.363271 0.315682 0.148615 0.503694
63.163163 0.308861 0.430592 0.216802 0.572545
63.263263 0.241092 0.527359 0.275879 0.642139
63.363363 0.166082 0.608647 0.326872 0.710549
63.463463 0.087458 0.676976 0.370911 0.776865
63.563564 0.007397 0.734509 0.409038 0.840756
63.663664 -0.072771 0.782990 0.442126 0.902133
63.763764 -0.152219 0.823691 0.470820 0.960889
63.863864 -0.230422 0.857666 0.495669 1.017041
63.963964 -0.307066 0.885859 0.517177 1.070751
64.064064 -0.381978 0.909085 0.535784 1.122233
64.164164 -0.455046 0.927952 0.551822 1.171609
64.264264 -0.526215 0.942976 0.565573 1.219008
64.364364 -0.595499 0.954647 0.577311 1.264618
64.464464 -0.662919 0.963356 0.587257 1.308582
64.564565 -0.728495 0.969409 0.595583 1.350992
64.664665 -0.792241 0.973051 0.602427 1.391902
64.764765 -0.854158 0.974471 0.607893 1.431333
64.864865 -0.914253 0.973833 0.612073 1.469300
64.964965 -0.972515 0.971262 0.615038 1.505791
65.065065 -1.028978 0.966915 0.616877 1.540863
65.165165 -1.083673 0.960926 0.617666 1.574560
65.265265 -1.136603 0.953389 0.617459 1.606883
65.365365 -1.187792 0.944409 0.616316 1.637866
65.465465 -1.237234 0.934058 0.614276 1.667497
65.565566 -1.284940 0.922413 0.611383 1.695790
65.665666 -1.330921 0.909545 0.607679 1.722759
65.765766 -1.375224 0.895545 0.603216 1.748460
65.865866 -1.417901 0.880502 0.598050 1.772961
65.965966 -1.458930 0.864451 0.592196 1.796232
66.066066 -1.498285 0.847422 0.585671 1.818239
66.166166 -1.535968 0.829462 0.578500 1.838985
66.266266 -1.571999 0.810624 0.570715 1.858496
66.366366 -1.606382 0.790949 0.562339 1.876777
66.466466 -1.639129 0.770482 0.553398 1.893842
66.566567 -1.670268 0.749273 0.543921 1.909726
66.666667 -1.699791 0.727351 0.533926 1.924424
66.766767 -1.727713 0.704758 0.523434 1.937952
66.866867 -1.754056 0.681533 0.512472 1.950340
66.966967 -1.778812 0.657703 0.501052 1.961581
67.067067 -1.802008 0.633309 0.489200 1.971708
67.167167 -1.823684 0.608393 0.476942 1.980767
67.267267 -1.843823 0.582976 0.464289 1.988745
67.367367 -1.862431 0.557087 0.451257 1.995652
67.467467 -1.879585 0.530775 0.437879 2.001574
67.567568 -1.895335 0.504078 0.424181 2.006569
67.667668 -1.909690 0.477022 0.410176 2.010649
67.767768 -1.922639 0.449626 0.395877 2.013808
67.867868 -1.934174 0.421911 0.381292 2.016041
67.967968 -1.944309 0.393902 0.366438 2.017367
68.068068 -1.952987 0.365610 0.351316 2.017734
68.168168 -1.960157 0.337046 0.335929 2.017093
68.268268 -1.965805 0.308232 0.320287 2.015435
68.368368 -1.969921 0.279189 0.304403 2.012758
68.468468 -1.972492 0.249939 0.288285 2.009055
68.568569 -1.973460 0.220497 0.271940 2.004274
68.668669 -1.972750 0.190879 0.255370 1.998347
68.768769 -1.970346 0.161107 0.238587 1.991267
68.868869 -1.966275 0.131211 0.221608 1.983069
68.968969 -1.960534 0.101215 0.204447 1.973762
69.069069 -1.953110 0.071142 0.187117 1.963342
69.169169 -1.943972 0.041019 0.169629 1.951790
69.269269 -1.933091 0.010871 0.151995 1.939088
69.369369 -1.920463 -0.019277 0.134230 1.925245
69.469469 -1.906034 -0.049394 0.116346 1.910220
69.569570 -1.889706 -0.079451 0.098352 1.893931
69.669670 -1.871393 -0.109413 0.080262 1.876306
69.769770 -1.850973 -0.139239 0.062088 1.857241
69.869870 -1.828370 -0.168889 0.043847 1.836677
69.969970 -1.803486 -0.198317 0.025558 1.814537
70.070070 -1.776146 -0.227462 0.007242 1.790667
70.170170 -1.746184 -0.256259 -0.011079 1.764922
70.270270 -1.713477 -0.284640 -0.029375 1.737206
70.370370 -1.677894 -0.312531 -0.047614 1.707417
70.470470 -1.639276 -0.339843 -0.065760 1.675423
70.570571 -1.597480 -0.366483 -0.083771 1.641118
70.670671 -1.552370 -0.392349 -0.101601 1.604405
70.770771 -1.503780 -0.417321 -0.119194 1.565157
70.870871 -1.451517 -0.441260 -0.136489 1.523234
70.970971 -1.395384 -0.464006 -0.153411 1.478490
71.071071 -1.335177 -0.485382 -0.169876 1.430786
71.171171 -1.270656 -0.505172 -0.185783 1.379956
71.271271 -1.201503 -0.523101 -0.201002 1.325762
71.371371 -1.127366 -0.538841 -0.215376 1.267947
71.471471 -1.047885 -0.552005 -0.228716 1.206269
71.571572 -0.962670 -0.562122 -0.240791 1.140480
71.671672 -0.871206 -0.568559 -0.251286 1.070235
71.771772 -0.772815 -0.570436 -0.259760 0.995046
71.871872 -0.666801 -0.566637 -0.265645 0.914477
71.971972 -0.552484 -0.555712 -0.268183 0.828237
72.072072 -0.429083 -0.535529 -0.266243 0.736063
72.172172 -0.295735 -0.502689 -0.257997 0.637744
72.272272 -0.151930 -0.451435 -0.240272 0.533485
72.372372 0.000527 -0.372022 -0.207497 0.425976
72.472472 0.150410 -0.247443 -0.149340 0.325812
72.572573 0.254746 -0.060846 -0.053162 0.267252
72.672673 0.246732 0.149804 0.064911 0.295857
72.772773 0.150944 0.315387 0.164480 0.386402
72.872873 0.027519 0.431582 0.238593 0.493910
72.972973 -0.099172 0.514825 0.294577 0.601378
73.073073 -0.222138 0.576658 0.338341 0.704524
73.173173 -0.339623 0.623834 0.373518 0.802514
73.273273 -0.451467 0.660515 0.402416 0.895568
73.373373 -0.557990 0.689367 0.426547 0.984135
73.473473 -0.659572 0.712105 0.446895 1.068571
73.573574 -0.756635 0.729966 0.464183 1.149266
73.673674 -0.849631 0.743911 0.478980 1.226661
73.773774 -0.938960 0.754657 0.491716 1.301130
73.873874 -1.024969 0.762747 0.502721 1.372979
73.973974 -1.107904 0.768565 0.512226 1.442400
74.074074 -1.187953 0.772396 0.520405 1.509519
74.174174 -1.265297 0.774482 0.527407 1.574471
74.274274 -1.340083 0.775016 0.533351 1.637356
74.374374 -1.412468 0.774174 0.538346 1.698301
74.474474 -1.482601 0.772113 0.542491 1.757429
74.574575 -1.550637 0.768971 0.545875 1.814875
74.674675 -1.616724 0.764877 0.548581 1.870769
74.774775 -1.680958 0.759917 0.550664 1.925182
74.874875 -1.743394 0.754158 0.552166 1.978147
74.974975 -1.804101 0.747662 0.553127 2.029712
75.075075 -1.863220 0.740520 0.553607 2.080009
75.175175 -1.920903 0.732818 0.553666 2.129187
75.275275 -1.977252 0.724618 0.553348 2.177336
75.375375 -2.032315 0.715958 0.552675 2.224488
75.475475 -2.086130 0.706870 0.551670 2.270670
75.575576 -2.138744 0.697385 0.550353 2.315915
75.675676 -2.190222 0.687540 0.548749 2.360277
75.775776 -2.240628 0.677368 0.546882 2.403814
75.875876 -2.290029 0.666903 0.544775 2.446584
75.975976 -2.338506 0.656179 0.542455 2.488662
76.076076 -2.386089 0.645214 0.539932 2.530069
76.176176 -2.432750 0.634009 0.537206 2.570764
76.276276 -2.478497 0.622575 0.534284 2.610748
76.376376 -2.523344 0.610925 0.531173 2.650027
76.476476 -2.567290 0.599066 0.527877 2.688590
76.576577 -2.610354 0.587011 0.524406 2.726451
76.676677 -2.652593 0.574778 0.520773 2.763662
76.776777 -2.694064 0.562389 0.516995 2.800276
76.876877 -2.734791 0.549853 0.513079 2.836313
76.976977 -2.774803 0.537182 0.509033 2.871796
77.077077 -2.814112 0.524383 0.504864 2.906732
77.177177 -2.852706 0.511460 0.500571 2.941104
77.277277 -2.890604 0.498421 0.496161 2.974927
77.377377 -2.927838 0.485275 0.491641 3.008228
77.477477 -2.964446 0.472035 0.487021 3.041044
77.577578 -3.000470 0.458709 0.482309 3.073411
77.677678 -3.035930 0.445305 0.477512 3.105347
77.777778 -3.070822 0.431827 0.472629 3.136846
77.877878 -3.105153 0.418277 0.467665 3.167908
77.977978 -3.138960 0.404665 0.462627 3.198569
78.078078 -3.172282 0.390998 0.457521 3.228867
78.178178 -3.205144 0.377282 0.452353 3.258821
78.278278 -3.237547 0.363520 0.447125 3.288431
78.378378 -3.269491 0.349715 0.441838 3.317693
78.478478 -3.300986 0.335869 0.436494 3.346617
78.578579 -3.332028 0.321984 0.431095 3.375193
78.678679 -3.362617 0.308064 0.425642 3.403420
78.778779 -3.392781 0.294112 0.420139 3.431324
78.878879 -3.422542 0.280132 0.414590 3.458923
78.978979 -3.451907 0.266128 0.408997 3.486225
79.079079 -3.480874 0.252100 0.403361 3.513223
79.179179 -3.509426 0.238050 0.397682 3.539900
79.279279 -3.537559 0.223978 0.391958 3.566247
79.379379 -3.565273 0.209887 0.386193 3.592266
79.479479 -3.592572 0.195779 0.380387 3.617955
79.579580 -3.619470 0.181657 0.374542 3.643329
79.679680 -3.645988 0.167522 0.368661 3.668406
79.779780 -3.672139 0.153378 0.362748 3.693198
79.879880 -3.697936 0.139226 0.356804 3.717718
79.979980 -3.723417 0.125069 0.350833 3.741999
80.080080 -3.748623 0.110909 0.344840 3.766084
80.180180 -3.773576 0.096750 0.338827 3.789992
80.280280 -3.798277 0.082590 0.332796 3.813723
80.380380 -3.822740 0.068433 0.326748 3.837289
80.480480 -3.846979 0.054278 0.320685 3.860704
80.580581 -3.870979 0.040127 0.314605 3.883949
80.680681 -3.894716 0.025980 0.308508 3.907002
80.780781 -3.918204 0.011837 0.302395 3.929873
80.880881 -3.941469 -0.002299 0.296268 3.952588
80.980981 -3.964510 -0.016428 0.290128 3.975146
81.081081 -3.987314 -0.030549 0.283975 3.997530
81.181181 -4.009871 -0.044663 0.277808 4.019731
81.281281 -4.032163 -0.058766 0.271626 4.041729
81.381381 -4.054179 -0.072859 0.265429 4.063511
81.481481 -4.075922 -0.086940 0.259218 4.085081
81.581582 -4.097401 -0.101009 0.252994 4.106447
81.681682 -4.118612 -0.115065 0.246757 4.127601
81.781782 -4.139536 -0.129107 0.240506 4.148526
81.881882 -4.160172 -0.143133 0.234242 4.169219
81.981982 -4.180523 -0.157143 0.227966 4.189682
82.082082 -4.200584 -0.171136 0.221678 4.209910
82.182182 -4.220345 -0.185110 0.215377 4.229890
82.282282 -4.239797 -0.199064 0.209064 4.249613
82.382382 -4.258953 -0.212998 0.202740 4.269093
82.482482 -4.277833 -0.226911 0.196406 4.288347
82.582583 -4.296440 -0.240804 0.190064 4.307379
82.682683 -4.314784 -0.254676 0.183713 4.326196
82.782783 -4.332880 -0.268527 0.177355 4.344814
82.882883 -4.350740 -0.282357 0.170991 4.363244
82.982983 -4.368367 -0.296166 0.164621 4.381489
83.083083 -4.385771 -0.309954 0.158247 4.399557
83.183183 -4.402965 -0.323720 0.151868 4.417461
83.283283 -4.419965 -0.337466 0.145486 4.435216
83.383383 -4.436760 -0.351191 0.139100 4.452810
83.483483 -4.453334 -0.364891 0.132711 4.470228
83.583584 -4.469685 -0.378567 0.126319 4.487466
83.683684 -4.485810 -0.392219 0.119924 4.504521
83.783784 -4.501710 -0.405844 0.113526 4.521393
83.883884 -4.517386 -0.419443 0.107126 4.538081
83.983984 -4.532846 -0.433016 0.100724 4.554596
84.084084 -4.548102 -0.446564 0.094321 4.570946
84.184184 -4.563158 -0.460085 0.087917 4.587137
84.284284 -4.578034 -0.473583 0.081514 4.603186
84.384384 -4.592734 -0.487057 0.075110 4.619099
84.484484 -4.607243 -0.500504 0.068706 4.634858
84.584585 -4.621554 -0.513924 0.062303 4.650459
84.684685 -4.635686 -0.527318 0.055901 4.665916
84.784785 -4.649658 -0.540688 0.049500 4.681252
84.884885 -4.663482 -0.554035 0.043101 4.696475
84.984985 -4.677155 -0.567358 0.036703 4.711584
85.085085 -4.690693 -0.580658 0.030308 4.726593
85.185185 -4.704111 -0.593939 0.023916 4.741519
85.285285 -4.717432 -0.607201 0.017526 4.756382
85.385385 -4.730656 -0.620444 0.011139 4.771182
85.485485 -4.743777 -0.633669 0.004755 4.785914
85.585586 -4.756806 -0.646875 -0.001626 4.800589
85.685686 -4.769744 -0.660063 -0.008004 4.815206
85.785786 -4.782587 -0.673232 -0.014378 4.829760
85.885886 -4.795343 -0.686383 -0.020749 4.844261
85.985986 -4.808026 -0.699518 -0.027116 4.858721
86.086086 -4.820634 -0.712637 -0.033479 4.873139
86.186186 -4.833153 -0.725736 -0.039839 4.887500
86.286286 -4.845568 -0.738814 -0.046195 4.901786
86.386386 -4.857853 -0.751867 -0.052546 4.915974
86.486486 -4.869994 -0.764891 -0.058893 4.930048
86.586587 -4.881995 -0.777888 -0.065234 4.944011
86.686687 -4.893849 -0.790856 -0.071571 4.957856
86.786787 -4.905544 -0.803792 -0.077902 4.971570
86.886887 -4.917083 -0.816698 -0.084228 4.985157
86.986987 -4.928473 -0.829572 -0.090547 4.998624
87.087087 -4.939708 -0.842416 -0.096861 5.011962
87.187187 -4.950772 -0.855224 -0.103168 5.025157
87.287287 -4.961657 -0.867996 -0.109469 5.038198
87.387387 -4.972366 -0.880731 -0.115762 5.051090
87.487487 -4.982905 -0.893431 -0.122049 5.063838
87.587588 -4.993284 -0.906096 -0.128328 5.076452
87.687688 -5.003523 -0.918731 -0.134601 5.088951
87.787788 -5.013637 -0.931337 -0.140867 5.101352
87.887888 -5.023623 -0.943914 -0.147126 5.113649
87.987988 -5.033466 -0.956458 -0.153379 5.125829
88.088088 -5.043152 -0.968967 -0.159623 5.137875
88.188188 -5.052671 -0.981438 -0.165859 5.149778
88.288288 -5.062026 -0.993872 -0.172086 5.161541
88.388388 -5.071212 -1.006268 -0.178305 5.173158
88.488488 -5.080224 -1.018623 -0.184515 5.184623
88.588589 -5.089061 -1.030938 -0.190715 5.195936
88.688689 -5.097723 -1.043211 -0.196905 5.207095
88.788789 -5.106214 -1.055445 -0.203086 5.218106
88.888889 -5.114541 -1.067639 -0.209257 5.228974
88.988989 -5.122705 -1.079793 -0.215419 5.239701
89.089089 -5.130712 -1.091909 -0.221571 5.250292
89.189189 -5.138569 -1.103988 -0.227713 5.260754
89.289289 -5.146278 -1.116029 -0.233846 5.271090
89.389389 -5.153848 -1.128035 -0.239970 5.281306
89.489489 -5.161288 -1.140007 -0.246084 5.291414
89.589590 -5.168594 -1.151944 -0.252189 5.301409
89.689690 -5.175756 -1.163843 -0.258284 5.311280
89.789790 -5.182765 -1.175703 -0.264369 5.321017
89.889890 -5.189602 -1.187518 -0.270441 5.330601
89.989990 -5.196256 -1.199286 -0.276502 5.340020
90.090090 -5.202738 -1.211009 -0.282549 5.349285
90.190190 -5.209060 -1.222690 -0.288586 5.358410
90.290290 -5.215240 -1.234331 -0.294611 5.367410
90.390390 -5.221296 -1.245938 -0.300627 5.376307
90.490490 -5.227240 -1.257513 -0.306632 5.385109
90.590591 -5.233066 -1.269054 -0.312629 5.393813
90.690691 -5.238759 -1.280558 -0.318614 5.402401
90.790791 -5.244317 -1.292023 -0.324588 5.410873
90.890891 -5.249752 -1.303453 -0.330551 5.419238
90.990991 -5.255068 -1.314848 -0.336504 5.427504
91.091091 -5.260260 -1.326206 -0.342446 5.435663
91.191191 -5.265320 -1.337526 -0.348377 5.443706
91.291291 -5.270256 -1.348809 -0.354296 5.451643
91.391391 -5.275082 -1.360059 -0.360205 5.459487
91.491491 -5.279798 -1.371275 -0.366103 5.467238
91.591592 -5.284408 -1.382458 -0.371992 5.474900
91.691692 -5.288917 -1.393609 -0.377870 5.482479
91.791792 -5.293337 -1.404732 -0.383739 5.489986
91.891892 -5.297688 -1.415831 -0.389600 5.497442
91.991992 -5.301980 -1.426909 -0.395453 5.504856
92.092092 -5.306216 -1.437967 -0.401300 5.512233
92.192192 -5.310406 -1.449007 -0.407140 5.519583
92.292292 -5.314552 -1.460030 -0.412974 5.526907
92.392392 -5.318644 -1.471033 -0.418801 5.534194
92.492492 -5.322685 -1.482016 -0.424620 5.541448
92.592593 -5.326689 -1.492984 -0.430434 5.548683
92.692693 -5.330654 -1.503936 -0.436242 5.555898
92.792793 -5.334583 -1.514872 -0.442044 5.563094
92.892893 -5.338473 -1.525792 -0.447840 5.570269
92.992993 -5.342311 -1.536692 -0.453629 5.577409
93.093093 -5.346088 -1.547569 -0.459409 5.584504
93.193193 -5.349797 -1.558421 -0.465181 5.591547
93.293293 -5.353430 -1.569246 -0.470943 5.598530
93.393393 -5.356992 -1.580045 -0.476696 5.605456
93.493493 -5.360498 -1.590822 -0.482441 5.612344
93.593594 -5.363960 -1.601581 -0.488180 5.619203
93.693694 -5.367363 -1.612317 -0.493910 5.626020
93.793794 -5.370691 -1.623026 -0.499630 5.632776
93.893894 -5.373942 -1.633706 -0.505340 5.639470
93.993994 -5.377113 -1.644356 -0.511040 5.646097
94.094094 -5.380191 -1.654973 -0.516728 5.652645
94.194194 -5.383170 -1.665554 -0.522404 5.659108
94.294294 -5.386056 -1.676102 -0.528068 5.665490
94.394394 -5.388854 -1.686616 -0.533720 5.671797
94.494494 -5.391569 -1.697100 -0.539361 5.678035
94.594595 -5.394199 -1.707552 -0.544991 5.684201
94.694695 -5.396737 -1.717969 -0.550608 5.690286
94.794795 -5.399180 -1.728351 -0.556213 5.696289
94.894895 -5.401529 -1.738698 -0.561806 5.702211
94.994995 -5.403782 -1.749008 -0.567386 5.708048
95.095095 -5.405942 -1.759284 -0.572953 5.713805
95.195195 -5.408023 -1.769528 -0.578508 5.719494
95.295295 -5.410025 -1.779742 -0.584053 5.725118
95.395395 -5.411940 -1.789922 -0.589585 5.730666
95.495495 -5.413755 -1.800064 -0.595103 5.736124
95.595596 -5.415449 -1.810160 -0.600606 5.741471
95.695696 -5.417006 -1.820205 -0.606090 5.746690
95.795796 -5.418420 -1.830198 -0.611556 5.751774
95.895896 -5.419694 -1.840138 -0.617002 5.756725
95.995996 -5.420828 -1.850025 -0.622430 5.761544
96.096096 -5.421816 -1.859857 -0.627838 5.766224
96.196196 -5.422653 -1.869632 -0.633226 5.770760
96.296296 -5.423338 -1.879350 -0.638594 5.775149
96.396396 -5.423873 -1.889011 -0.643941 5.779396
96.496496 -5.424256 -1.898613 -0.649267 5.783496
96.596597 -5.424475 -1.908154 -0.654570 5.787439
96.696697 -5.424532 -1.917632 -0.659851 5.791223
96.796797 -5.424429 -1.927048 -0.665110 5.794852
96.896897 -5.424165 -1.936402 -0.670346 5.798325
96.996997 -5.423743 -1.945695 -0.675560 5.801646
97.097097 -5.423165 -1.954926 -0.680752 5.804815
97.197197 -5.422432 -1.964097 -0.685921 5.807833
97.297297 -5.421541 -1.973205 -0.691068 5.810699
97.397397 -5.420500 -1.982254 -0.696192 5.813419
97.497497 -5.419320 -1.991247 -0.701296 5.816005
97.597598 -5.418010 -2.000186 -0.706380 5.818466
97.697698 -5.416576 -2.009075 -0.711445 5.820810
97.797798 -5.415020 -2.017914 -0.716491 5.823038
97.897898 -5.413338 -2.026700 -0.721518 5.825146
97.997998 -5.411533 -2.035436 -0.726526 5.827137
98.098098 -5.409607 -2.044121 -0.731514 5.829013
98.198198 -5.407550 -2.052751 -0.736482 5.830763
98.298298 -5.405352 -2.061323 -0.741428 5.832375
98.398398 -5.403009 -2.069834 -0.746351 5.833846
98.498498 -5.400518 -2.078284 -0.751251 5.835172
98.598599 -5.397872 -2.086668 -0.756127 5.836346
98.698699 -5.395053 -2.094981 -0.760975 5.837347
98.798799 -5.392051 -2.103218 -0.765795 5.838166
98.898899 -5.388868 -2.111378 -0.770586 5.838803
98.998999 -5.385504 -2.119463 -0.775348 5.839259
99.099099 -5.381955 -2.127471 -0.780082 5.839529
99.199199 -5.378224 -2.135401 -0.784785 5.839616
99.299299 -5.374307 -2.143252 -0.789459 5.839516
99.399399 -5.370199 -2.151022 -0.794102 5.839224
99.499499 -5.365906 -2.158712 -0.798715 5.838744
99.599600 -5.361426 -2.166323 -0.803297 5.838076
99.699700 -5.356763 -2.173854 -0.807849 5.837223
99.799800 -5.351919 -2.181307 -0.812370 5.836188
99.899900 -5.346894 -2.188680 -0.816862 5.834969
100.000000 -5.341679 -2.195971 -0.821321 5.833557
