0.000000 -0.485939 0.821517 -0.252737 0.987372
0.100100 -0.567967 0.779555 -0.261977 0.999462
0.200200 -0.645877 0.732025 -0.269332 1.012698
0.300300 -0.719309 0.679495 -0.274834 1.026963
0.400400 -0.787976 0.622532 -0.278529 1.042128
0.500501 -0.851695 0.561720 -0.280485 1.058104
0.600601 -0.910340 0.497620 -0.280781 1.074794
0.700701 -0.963779 0.430731 -0.279482 1.092021
0.800801 -1.011946 0.361536 -0.276663 1.109633
0.900901 -1.054881 0.290523 -0.272423 1.127560
1.001001 -1.092634 0.218130 -0.266854 1.145706
1.101101 -1.125297 0.144768 -0.260051 1.163992
1.201201 -1.153030 0.070817 -0.252116 1.182394
1.301301 -1.175981 -0.003381 -0.243145 1.200859
1.401401 -1.194242 -0.077521 -0.233212 1.219267
1.501502 -1.207941 -0.151320 -0.222397 1.237529
1.601602 -1.217210 -0.224519 -0.210774 1.255562
1.701702 -1.222196 -0.296884 -0.198418 1.273292
1.801802 -1.223162 -0.368229 -0.185417 1.290774
1.901902 -1.220406 -0.438410 -0.171860 1.308102
2.002002 -1.214158 -0.507291 -0.157819 1.325304
2.102102 -1.204553 -0.574724 -0.143351 1.342313
2.202202 -1.191687 -0.640553 -0.128504 1.359021
2.302302 -1.175672 -0.704642 -0.113326 1.375343
2.402402 -1.156673 -0.766895 -0.097868 1.391258
2.502503 -1.134865 -0.827236 -0.082183 1.406766
2.602603 -1.110422 -0.885608 -0.066315 1.421878
2.702703 -1.083474 -0.941928 -0.050308 1.436550
2.802803 -1.054147 -0.996129 -0.034200 1.450748
2.902903 -1.022637 -1.048212 -0.018031 1.464533
3.003003 -0.989120 -1.098182 -0.001838 1.477960
3.103103 -0.953734 -1.146018 0.014349 1.491030
3.203203 -0.916569 -1.191654 0.030497 1.503685
3.303303 -0.877749 -1.235075 0.046578 1.515923
3.403403 -0.837415 -1.276300 0.062567 1.527782
3.503504 -0.795680 -1.315318 0.078438 1.539260
3.603604 -0.752632 -1.352092 0.094166 1.550314
3.703704 -0.708350 -1.386570 0.109724 1.560890
3.803804 -0.662913 -1.418702 0.125088 1.570928
3.903904 -0.616388 -1.448415 0.140231 1.580350
4.004004 -0.568851 -1.475653 0.155124 1.589090
4.104104 -0.520386 -1.500380 0.169746 1.597108
4.204204 -0.471105 -1.522640 0.184080 1.604450
4.304304 -0.421123 -1.542508 0.198117 1.611188
4.404404 -0.370540 -1.560032 0.211845 1.617368
4.504505 -0.319454 -1.575281 0.225256 1.623054
4.604605 -0.267955 -1.588304 0.238341 1.628286
4.704705 -0.216124 -1.599139 0.251090 1.633095
4.804805 -0.164036 -1.607785 0.263488 1.637470
4.904905 -0.111758 -1.614210 0.275513 1.641363
5.005005 -0.059364 -1.618423 0.287153 1.644771
5.105105 -0.006927 -1.620446 0.298398 1.647706
5.205205 0.045482 -1.620284 0.309232 1.650156
5.305305 0.097793 -1.617946 0.319642 1.652115
5.405405 0.149937 -1.613454 0.329620 1.653591
5.505506 0.201843 -1.606806 0.339150 1.654566
5.605606 0.253440 -1.598000 0.348216 1.655020
5.705706 0.304666 -1.587090 0.356816 1.654991
5.805806 0.355463 -1.574137 0.364949 1.654524
5.905906 0.405759 -1.559138 0.372600 1.653597
6.006006 0.455476 -1.542066 0.379747 1.652160
6.106106 0.504534 -1.522891 0.386368 1.650161
6.206206 0.552848 -1.501593 0.392443 1.647554
6.306306 0.600363 -1.478229 0.397969 1.644377
6.406406 0.647006 -1.452822 0.402936 1.640630
6.506507 0.692691 -1.425354 0.407324 1.636267
6.606607 0.737335 -1.395832 0.411116 1.631265
6.706707 0.780866 -1.364282 0.414302 1.625627
6.806807 0.823213 -1.330741 0.416874 1.619363
6.906907 0.864296 -1.295229 0.418819 1.612462
7.007007 0.904028 -1.257759 0.420122 1.604907
7.107107 0.942341 -1.218382 0.420778 1.596721
7.207207 0.979179 -1.177161 0.420787 1.587942
7.307307 1.014465 -1.134132 0.420140 1.578579
7.407407 1.048118 -1.089338 0.418828 1.568638
7.507508 1.080064 -1.042824 0.416843 1.558132
7.607608 1.110232 -0.994648 0.414182 1.547089
7.707708 1.138532 -0.944851 0.410835 1.535507
7.807808 1.164889 -0.893493 0.406796 1.523410
7.907908 1.189220 -0.840631 0.402058 1.510813
8.008008 1.211415 -0.786308 0.396608 1.497700
8.108108 1.231373 -0.730581 0.390433 1.484071
8.208208 1.249028 -0.673534 0.383537 1.469973
8.308308 1.264326 -0.615261 0.375926 1.455469
8.408408 1.277116 -0.555814 0.367578 1.440510
8.508509 1.287232 -0.495249 0.358469 1.425040
8.608609 1.294586 -0.433665 0.348598 1.409092
8.708709 1.299066 -0.371162 0.337962 1.392678
8.808809 1.300510 -0.307836 0.326544 1.375762
8.908909 1.298795 -0.243806 0.314341 1.358352
9.009009 1.293787 -0.179201 0.301348 1.340450
9.109109 1.285327 -0.114162 0.287560 1.322040
9.209209 1.273224 -0.048844 0.272966 1.303072
9.309309 1.257274 0.016578 0.257554 1.283490
9.409409 1.237383 0.081904 0.241344 1.263357
9.509510 1.213427 0.146915 0.224349 1.242708
9.609610 1.185272 0.211372 0.206586 1.221567
9.709710 1.152805 0.275013 0.188080 1.199986
9.809810 1.115915 0.337551 0.168862 1.178016
9.909910 1.074473 0.398662 0.148964 1.155688
10.010010 1.028275 0.457955 0.128416 1.132945
10.110110 0.977216 0.515030 0.107272 1.109826
10.210210 0.921288 0.569483 0.085603 1.086467
10.310310 0.860449 0.620838 0.063489 1.062941
10.410410 0.794714 0.668598 0.041025 1.039364
10.510511 0.724135 0.712211 0.018325 1.015850
10.610611 0.648795 0.751065 -0.004481 0.992498
10.710711 0.568830 0.784475 -0.027239 0.969387
10.810811 0.484468 0.811722 -0.049768 0.946614
10.910911 0.396051 0.832053 -0.071858 0.924301
11.011011 0.304020 0.844645 -0.093265 0.902525
11.111111 0.209015 0.848791 -0.113726 0.881514
11.211211 0.111820 0.843750 -0.132941 0.861447
11.311311 0.013382 0.828819 -0.150584 0.842494
11.411411 -0.085153 0.803449 -0.166315 0.824889
11.511512 -0.182473 0.767273 -0.179795 0.808907
11.611612 -0.277133 0.720217 -0.190710 0.794912
11.711712 -0.367555 0.662357 -0.198748 0.783144
11.811812 -0.452052 0.593971 -0.203610 0.773699
11.911912 -0.528912 0.515674 -0.205055 0.766626
12.012012 -0.596611 0.428534 -0.202964 0.762089
12.112112 -0.653784 0.333918 -0.197309 0.760174
12.212212 -0.699337 0.233432 -0.188159 0.760898
12.312312 -0.732559 0.128892 -0.175702 0.764283
12.412412 -0.753005 0.022160 -0.160192 0.770175
12.512513 -0.760528 -0.084899 -0.141942 0.778304
12.612613 -0.755263 -0.190479 -0.121315 0.788303
12.712713 -0.737737 -0.292920 -0.098727 0.799878
12.812813 -0.708702 -0.390740 -0.074609 0.812713
12.912913 -0.669090 -0.482680 -0.049386 0.826499
13.013013 -0.620102 -0.567808 -0.023479 0.841121
13.113113 -0.562945 -0.645397 0.002725 0.856418
13.213213 -0.498716 -0.714809 0.028883 0.872069
13.313313 -0.428532 -0.775612 0.054682 0.887808
13.413413 -0.353533 -0.827613 0.079850 0.903496
13.513514 -0.274802 -0.870769 0.104156 0.919023
13.613614 -0.193317 -0.905046 0.127389 0.934188
13.713714 -0.109993 -0.930505 0.149372 0.948815
13.813814 -0.025689 -0.947284 0.169952 0.962751
13.913914 0.058800 -0.955680 0.189020 0.975967
14.014014 0.142762 -0.956185 0.206518 0.988595
14.114114 0.225559 -0.949196 0.222388 1.000653
14.214214 0.306624 -0.935109 0.236585 1.012136
14.314314 0.385451 -0.914344 0.249083 1.023055
14.414414 0.461558 -0.887247 0.259845 1.033326
14.514515 0.534503 -0.854169 0.268846 1.042870
14.614615 0.603885 -0.815486 0.276071 1.051623
14.714715 0.669339 -0.771575 0.281514 1.059524
14.814815 0.730510 -0.722800 0.285169 1.066493
14.914915 0.787095 -0.669551 0.287046 1.072479
15.015015 0.838864 -0.612266 0.287178 1.077513
15.115115 0.885542 -0.551323 0.285577 1.081525
15.215215 0.926943 -0.487147 0.282285 1.084537
15.315315 0.962843 -0.420136 0.277327 1.086504
15.415415 0.993002 -0.350669 0.270726 1.087343
15.515516 1.017309 -0.279185 0.262537 1.087101
15.615616 1.035568 -0.206091 0.252797 1.085717
15.715716 1.047645 -0.131813 0.241557 1.083183
15.815816 1.053447 -0.056794 0.228879 1.079519
15.915916 1.052831 0.018523 0.214815 1.074682
16.016016 1.045740 0.093680 0.199439 1.068702
16.116116 1.032164 0.168209 0.182835 1.061643
16.216216 1.012006 0.241614 0.165074 1.053462
16.316316 0.985242 0.313394 0.146244 1.044177
16.416416 0.951954 0.383048 0.126456 1.033892
16.516517 0.912165 0.450031 0.105814 1.022629
16.616617 0.865927 0.513777 0.084434 1.010408
16.716717 0.813344 0.573700 0.062447 0.997276
16.816817 0.754514 0.629150 0.039992 0.983219
16.916917 0.689584 0.679445 0.017226 0.968229
17.017017 0.618775 0.723869 -0.005672 0.952313
17.117117 0.542364 0.761654 -0.028503 0.935462
17.217217 0.460776 0.792071 -0.051043 0.917767
17.317317 0.374532 0.814364 -0.073046 0.899332
17.417417 0.284230 0.827684 -0.094229 0.880186
17.517518 0.190645 0.831252 -0.114289 0.860458
17.617618 0.094732 0.824370 -0.132897 0.840370
17.717718 -0.002389 0.806393 -0.149703 0.820175
17.817818 -0.099395 0.776602 -0.164299 0.799991
17.917918 -0.194721 0.734308 -0.176234 0.779861
18.018018 -0.286526 0.679073 -0.185044 0.759920
18.118118 -0.372758 0.610841 -0.190294 0.740464
18.218218 -0.451276 0.530125 -0.191635 0.722085
18.318318 -0.519852 0.437866 -0.188780 0.705415
18.418418 -0.576134 0.335379 -0.181483 0.690902
18.518519 -0.617780 0.224482 -0.169597 0.678828
18.618619 -0.642718 0.107614 -0.153142 0.669417
18.718719 -0.649408 -0.012222 -0.132355 0.662871
18.818819 -0.637029 -0.131620 -0.107697 0.659339
18.918919 -0.605604 -0.247014 -0.079831 0.658897
19.019019 -0.556001 -0.354926 -0.049582 0.661490
19.119119 -0.489897 -0.452247 -0.017871 0.666968
19.219219 -0.409722 -0.536528 0.014343 0.675233
19.319319 -0.318223 -0.605909 0.046147 0.685945
19.419419 -0.218313 -0.659206 0.076719 0.698641
19.519520 -0.112958 -0.695953 0.105358 0.712889
19.619620 -0.004970 -0.716309 0.131510 0.728298
19.719720 0.103098 -0.721010 0.154781 0.744608
19.819820 0.209048 -0.711111 0.174912 0.761560
19.919920 0.311039 -0.687862 0.191752 0.778889
20.020020 0.407519 -0.652521 0.205212 0.796220
20.120120 0.497315 -0.606536 0.215317 0.813370
20.220220 0.579541 -0.551382 0.222157 0.830207
20.320320 0.653450 -0.488373 0.225819 0.846463
20.420420 0.718490 -0.418788 0.226426 0.861905
20.520521 0.774320 -0.343882 0.224139 0.876393
20.620621 0.820837 -0.264885 0.219164 0.889927
20.720721 0.857985 -0.182911 0.211697 0.902447
20.820821 0.885748 -0.098982 0.201923 0.913849
20.920921 0.904212 -0.014059 0.190037 0.924073
21.021021 0.913518 0.070962 0.176234 0.933065
21.121121 0.913820 0.155237 0.160703 0.940740
21.221221 0.905477 0.238001 0.143660 0.947191
21.321321 0.888933 0.318564 0.125324 0.952570
21.421421 0.864483 0.396243 0.105882 0.956844
21.521522 0.832378 0.470361 0.085513 0.959899
21.621622 0.792973 0.540301 0.064404 0.961707
21.721722 0.746650 0.605469 0.042743 0.962241
21.821822 0.693821 0.665302 0.020721 0.961480
21.921922 0.634951 0.719275 -0.001469 0.959438
22.022022 0.570483 0.766831 -0.023632 0.956054
22.122122 0.500920 0.807460 -0.045569 0.951309
22.222222 0.426861 0.840748 -0.067080 0.945286
22.322322 0.348950 0.866340 -0.087966 0.938110
22.422422 0.267842 0.883857 -0.108020 0.929845
22.522523 0.184181 0.892755 -0.127009 0.920361
22.622623 0.098679 0.892456 -0.144677 0.909476
22.722723 0.012171 0.882535 -0.160774 0.897143
22.822823 -0.074417 0.862637 -0.175041 0.883357
22.922923 -0.160067 0.832547 -0.187228 0.868222
23.023023 -0.243655 0.792069 -0.197065 0.851808
23.123123 -0.323894 0.740940 -0.204237 0.834033
23.223223 -0.399310 0.678962 -0.208403 0.814782
23.323323 -0.468296 0.606197 -0.209239 0.794076
23.423423 -0.529054 0.522918 -0.206425 0.771980
23.523524 -0.579665 0.429725 -0.199672 0.748695
23.623624 -0.618250 0.327725 -0.188797 0.724763
23.723724 -0.642764 0.218382 -0.173647 0.700706
23.823824 -0.651164 0.103670 -0.154163 0.677147
23.923924 -0.641650 -0.013780 -0.130459 0.654923
24.024024 -0.612842 -0.130706 -0.102852 0.635010
24.124124 -0.563770 -0.243172 -0.071870 0.618170
24.224224 -0.494221 -0.346671 -0.038303 0.604898
24.324324 -0.405390 -0.436504 -0.003267 0.595724
24.424424 -0.300039 -0.508425 0.031879 0.591215
24.524525 -0.182318 -0.559259 0.065687 0.591883
24.624625 -0.057151 -0.587082 0.096782 0.597745
24.724725 0.070273 -0.591429 0.124000 0.608361
24.824825 0.195041 -0.573462 0.146539 0.623196
24.924925 0.313033 -0.535570 0.163986 0.641651
25.025025 0.421059 -0.480642 0.176216 0.662842
25.125125 0.516893 -0.411800 0.183343 0.685837
25.225225 0.599165 -0.332170 0.185663 0.709793
25.325325 0.667285 -0.244704 0.183600 0.734069
25.425425 0.721356 -0.152101 0.177674 0.758325
25.525526 0.761829 -0.056654 0.168403 0.782274
25.625626 0.789315 0.039731 0.156266 0.805615
25.725726 0.804422 0.135458 0.141686 0.827960
25.825826 0.807889 0.229192 0.125060 0.849031
25.925926 0.800659 0.319857 0.106786 0.868774
26.026026 0.783478 0.406500 0.087193 0.886952
26.126126 0.757000 0.488275 0.066573 0.903269
26.226226 0.722024 0.564521 0.045215 0.917631
26.326326 0.679419 0.634754 0.023388 0.930091
26.426426 0.630028 0.698591 0.001338 0.940726
26.526527 0.574564 0.755629 -0.020713 0.949488
26.626627 0.513701 0.805495 -0.042556 0.956306
26.726727 0.448087 0.847825 -0.063990 0.961084
26.826827 0.378364 0.882285 -0.084819 0.963733
26.926927 0.305239 0.908703 -0.104865 0.964317
27.027027 0.229392 0.926868 -0.123949 0.962844
27.127127 0.151476 0.936469 -0.141876 0.959191
27.227227 0.072188 0.937281 -0.158462 0.953319
27.327327 -0.007742 0.929125 -0.173522 0.945221
27.427427 -0.087544 0.911851 -0.186868 0.934910
27.527528 -0.166408 0.885346 -0.198312 0.922419
27.627628 -0.243460 0.849501 -0.207652 0.907769
27.727728 -0.317755 0.804242 -0.214678 0.890988
27.827828 -0.388286 0.749614 -0.219190 0.872199
27.927928 -0.453886 0.685613 -0.220946 0.851407
28.028028 -0.513155 0.612178 -0.219645 0.828453
28.128128 -0.564584 0.529506 -0.215009 0.803344
28.228228 -0.606596 0.438107 -0.206806 0.776315
28.328328 -0.637486 0.338780 -0.194830 0.747743
28.428428 -0.655297 0.232615 -0.178878 0.717999
28.528529 -0.657758 0.121124 -0.158759 0.687401
28.628629 -0.642506 0.006501 -0.134389 0.656442
28.728729 -0.607555 -0.108189 -0.105922 0.626137
28.828829 -0.551425 -0.218950 -0.073793 0.597875
28.928929 -0.473329 -0.320802 -0.038758 0.573112
29.029029 -0.373863 -0.407953 -0.002015 0.553356
29.129129 -0.255651 -0.474398 0.034784 0.540019
29.229229 -0.123676 -0.515029 0.069659 0.534231
29.329329 0.015135 -0.526883 0.100627 0.536620
29.429429 0.153102 -0.509865 0.126078 0.547081
29.529530 0.283222 -0.466601 0.145045 0.564774
29.629630 0.400216 -0.401606 0.157271 0.588383
29.729730 0.500929 -0.320184 0.163082 0.616477
29.829830 0.583981 -0.227424 0.163135 0.647587
29.929930 0.649272 -0.127715 0.158220 0.680367
30.030030 0.697712 -0.024669 0.149194 0.713912
30.130130 0.730788 0.078927 0.136882 0.747674
30.230230 0.750109 0.181031 0.121995 0.781229
30.330330 0.757196 0.280164 0.105121 0.814179
30.430430 0.753548 0.375304 0.086761 0.846295
30.530531 0.740426 0.465689 0.067317 0.877285
30.630631 0.718891 0.550747 0.047114 0.906833
30.730731 0.690079 0.630191 0.026442 0.934906
30.830831 0.655034 0.703899 0.005539 0.961547
30.930931 0.614683 0.771855 -0.015399 0.986829
31.031031 0.569871 0.834154 -0.036215 1.010879
31.131131 0.521374 0.891000 -0.056787 1.033894
31.231231 0.469806 0.942518 -0.077009 1.055930
31.331331 0.415647 0.988757 -0.096791 1.076927
31.431431 0.359343 1.029790 -0.116055 1.096843
31.531532 0.301275 1.065654 -0.134728 1.115588
31.631632 0.241811 1.096436 -0.152750 1.133127
31.731732 0.181300 1.122303 -0.170079 1.149505
31.831832 0.120065 1.143444 -0.186685 1.164788
31.931932 0.058389 1.160038 -0.202540 1.179034
32.032032 -0.003469 1.172246 -0.217621 1.192280
32.132132 -0.065276 1.180164 -0.231899 1.204502
32.232232 -0.126814 1.183890 -0.245344 1.215677
32.332332 -0.187878 1.183558 -0.257941 1.225823
32.432432 -0.248273 1.179250 -0.269663 1.234905
32.532533 -0.307803 1.171023 -0.280481 1.242863
32.632633 -0.366287 1.158967 -0.290373 1.249675
32.732733 -0.423537 1.143132 -0.299311 1.255278
32.832833 -0.479386 1.123623 -0.307278 1.259667
32.932933 -0.533671 1.100547 -0.314261 1.262841
33.033033 -0.586229 1.073997 -0.320243 1.264788
33.133133 -0.636901 1.044070 -0.325210 1.265498
33.233233 -0.685478 1.010787 -0.329121 1.264868
33.333333 -0.731756 0.974180 -0.331941 1.262806
33.433433 -0.775536 0.934315 -0.333639 1.259252
33.533534 -0.816627 0.891269 -0.334192 1.254163
33.633634 -0.854856 0.845158 -0.333585 1.247537
33.733734 -0.889990 0.796044 -0.331780 1.239292
33.833834 -0.921745 0.743962 -0.328726 1.229290
33.933934 -0.949883 0.689011 -0.324391 1.217474
34.034034 -0.974222 0.631354 -0.318768 1.203882
34.134134 -0.994591 0.571173 -0.311855 1.188572
34.234234 -1.010778 0.508637 -0.303639 1.171571
34.334334 -1.022531 0.443917 -0.294100 1.152878
34.434434 -1.029533 0.377183 -0.283204 1.132435
34.534535 -1.031364 0.308602 -0.270894 1.110104
34.634635 -1.027609 0.238397 -0.257125 1.085784
34.734735 -1.017901 0.166859 -0.241876 1.059466
34.834835 -1.001812 0.094323 -0.225120 1.031117
34.934935 -0.978845 0.021191 -0.206827 1.000682
35.035035 -0.948458 -0.052048 -0.186976 0.968112
35.135135 -0.910014 -0.124788 -0.165548 0.933330
35.235235 -0.862736 -0.196252 -0.142525 0.896182
35.335335 -0.805834 -0.265458 -0.117924 0.856588
35.435435 -0.738610 -0.331187 -0.091827 0.814654
35.535536 -0.660422 -0.391909 -0.064384 0.770647
35.635636 -0.570751 -0.445706 -0.035842 0.725048
35.735736 -0.469156 -0.490035 -0.006580 0.678443
35.835836 -0.355439 -0.521475 0.022810 0.631501
35.935936 -0.230255 -0.535739 0.051399 0.585385
36.036036 -0.095798 -0.527773 0.077796 0.542009
36.136136 0.043325 -0.492309 0.100073 0.504242
36.236236 0.179242 -0.424967 0.115788 0.475533
36.336336 0.300895 -0.324734 0.122459 0.459332
36.436436 0.396385 -0.196582 0.118541 0.458058
36.536537 0.457348 -0.051268 0.104290 0.471881
36.636637 0.482005 0.098322 0.081723 0.498673
36.736737 0.474374 0.241591 0.053631 0.535045
36.836837 0.441109 0.372036 0.022600 0.577494
36.936937 0.388856 0.486649 -0.009439 0.622997
37.037037 0.323347 0.584825 -0.041184 0.669530
37.137137 0.249014 0.667127 -0.071821 0.715699
37.237237 0.169146 0.734670 -0.100875 0.760609
37.337337 0.086196 0.788827 -0.128090 0.803794
37.437437 0.001934 0.830851 -0.153333 0.844883
37.537538 -0.082332 0.861854 -0.176537 0.883593
37.637638 -0.165621 0.882892 -0.197695 0.919789
37.737738 -0.247200 0.894977 -0.216841 0.953473
37.837838 -0.326505 0.898950 -0.234016 0.984622
37.937938 -0.403096 0.895554 -0.249264 1.013230
38.038038 -0.476619 0.885426 -0.262630 1.039288
38.138138 -0.546761 0.869098 -0.274149 1.062750
38.238238 -0.613279 0.847077 -0.283863 1.083619
38.338338 -0.675980 0.819848 -0.291822 1.101935
38.438438 -0.734656 0.787798 -0.298055 1.117668
38.538539 -0.789107 0.751274 -0.302584 1.130778
38.638639 -0.839190 0.710643 -0.305448 1.141294
38.738739 -0.884728 0.666214 -0.306667 1.149186
38.838839 -0.925579 0.618304 -0.306270 1.154469
38.938939 -0.961728 0.567297 -0.304326 1.157308
39.039039 -0.993101 0.513518 -0.300878 1.157790
39.139139 -1.019577 0.457250 -0.295955 1.155943
39.239239 -1.041030 0.398774 -0.289582 1.151791
39.339339 -1.057304 0.338356 -0.281776 1.145327
39.439439 -1.068234 0.276270 -0.272554 1.136545
39.539540 -1.073692 0.212810 -0.261943 1.125485
39.639640 -1.073523 0.148278 -0.249968 1.112170
39.739740 -1.067445 0.082973 -0.236625 1.096501
39.839840 -1.055163 0.017229 -0.221914 1.078383
39.939940 -1.036489 -0.048577 -0.205867 1.057852
40.040040 -1.011272 -0.114032 -0.188528 1.034996
40.140140 -0.979201 -0.178665 -0.169921 1.009767
40.240240 -0.939894 -0.241928 -0.150067 0.982065
40.340340 -0.892965 -0.303175 -0.129007 0.951811
40.440440 -0.837993 -0.361634 -0.106795 0.918922
40.540541 -0.774527 -0.416360 -0.083513 0.883302
40.640641 -0.702111 -0.466202 -0.059279 0.844877
40.740741 -0.620323 -0.509730 -0.034271 0.803617
40.840841 -0.528721 -0.545077 -0.008743 0.759429
40.940941 -0.426985 -0.569820 0.016924 0.712248
41.041041 -0.315250 -0.581002 0.042155 0.662362
41.141141 -0.194364 -0.574952 0.066094 0.610505
41.241241 -0.066362 -0.547088 0.087472 0.557997
41.341341 0.064586 -0.491881 0.104402 0.506969
41.441441 0.190675 -0.403726 0.114227 0.460868
41.541542 0.298998 -0.279631 0.113720 0.424883
41.641642 0.372555 -0.124007 0.100173 0.405228
41.741742 0.396836 0.047644 0.073445 0.406378
41.841842 0.368819 0.213226 0.036999 0.427623
41.941942 0.298537 0.355033 -0.003808 0.463883
42.042042 0.201260 0.465570 -0.044426 0.509151
42.142142 0.090074 0.544831 -0.082139 0.558302
42.242242 -0.025956 0.596207 -0.115698 0.607884
42.342342 -0.141082 0.623956 -0.144696 0.655867
42.442442 -0.251837 0.632060 -0.169155 0.701096
42.542543 -0.356166 0.623960 -0.189282 0.742972
42.642643 -0.452887 0.602517 -0.205364 0.781222
42.742743 -0.541377 0.570137 -0.217716 0.815810
42.842843 -0.621316 0.528780 -0.226634 0.846761
42.942943 -0.692588 0.480077 -0.232397 0.874162
43.043043 -0.755105 0.425347 -0.235229 0.898018
43.143143 -0.808823 0.365696 -0.235327 0.918317
43.243243 -0.853753 0.302113 -0.232876 0.935092
43.343343 -0.889840 0.235443 -0.228020 0.948284
43.443443 -0.917145 0.166487 -0.220921 0.957956
43.543544 -0.935888 0.096014 -0.211767 0.964339
43.643644 -0.946190 0.024716 -0.200710 0.967559
43.743744 -0.948059 -0.046761 -0.187872 0.967625
43.843844 -0.941460 -0.117775 -0.173364 0.964507
43.943944 -0.926319 -0.187677 -0.157292 0.958139
44.044044 -0.902557 -0.255785 -0.139764 0.948456
44.144144 -0.870207 -0.321413 -0.120915 0.935514
44.244244 -0.829282 -0.383822 -0.100884 0.919351
44.344344 -0.779704 -0.442169 -0.079811 0.899900
44.444444 -0.721419 -0.495516 -0.057858 0.877114
44.544545 -0.654357 -0.542763 -0.035214 0.850891
44.644645 -0.578538 -0.582665 -0.012115 0.821189
44.744745 -0.494209 -0.613904 0.011146 0.788191
44.844845 -0.401682 -0.634826 0.034197 0.752012
44.944945 -0.301421 -0.643349 0.056558 0.712707
45.045045 -0.194333 -0.637027 0.077587 0.670514
45.145145 -0.081983 -0.612956 0.096422 0.625886
45.245245 0.032996 -0.567687 0.111880 0.579547
45.345345 0.146225 -0.497286 0.122325 0.532577
45.445445 0.250601 -0.398215 0.125630 0.486990
45.545546 0.335346 -0.269033 0.119294 0.446169
45.645646 0.386379 -0.113692 0.101129 0.415260
45.745746 0.389835 0.054949 0.070642 0.399977
45.845846 0.340013 0.215860 0.030541 0.403903
45.945946 0.245050 0.348470 -0.013681 0.426226
46.046046 0.121903 0.441926 -0.056501 0.461900
46.146146 -0.012644 0.495974 -0.094392 0.505034
46.246246 -0.146690 0.516182 -0.125917 0.551195
46.346346 -0.273274 0.509341 -0.150891 0.597391
46.446446 -0.388781 0.481583 -0.169699 0.641772
46.546547 -0.491617 0.438017 -0.182955 0.683387
46.646647 -0.581224 0.382628 -0.191281 0.721674
46.746747 -0.657508 0.318465 -0.195222 0.756206
46.846847 -0.720701 0.247971 -0.195277 0.786786
46.946947 -0.771273 0.173153 -0.191917 0.813435
47.047047 -0.809714 0.095638 -0.185543 0.836188
47.147147 -0.836397 0.016768 -0.176480 0.854977
47.247247 -0.851678 -0.062296 -0.165019 0.869752
47.347347 -0.855924 -0.140515 -0.151426 0.880500
47.447447 -0.849458 -0.216936 -0.135945 0.887199
47.547548 -0.832562 -0.290649 -0.118804 0.889803
47.647648 -0.805489 -0.360763 -0.100218 0.888261
47.747748 -0.768401 -0.426339 -0.080397 0.882422
47.847848 -0.721408 -0.486362 -0.059549 0.872080
47.947948 -0.664677 -0.539755 -0.037910 0.857070
48.048048 -0.598449 -0.585366 -0.015742 0.837282
48.148148 -0.523069 -0.621940 0.006651 0.812684
48.248248 -0.439016 -0.648100 0.028915 0.783329
48.348348 -0.346978 -0.662341 0.050628 0.749434
48.448448 -0.247806 -0.662762 0.071264 0.711154
48.548549 -0.142730 -0.647080 0.090143 0.668738
48.648649 -0.033650 -0.612531 0.106362 0.622607
48.748749 0.076443 -0.555670 0.118662 0.573318
48.848849 0.182660 -0.472847 0.125355 0.522172
48.948949 0.277112 -0.360866 0.124214 0.471640
49.049049 0.347632 -0.218884 0.112561 0.425944
49.149149 0.377824 -0.052654 0.088062 0.391508
49.249249 0.352281 0.120414 0.050744 0.375734
49.349349 0.268201 0.273188 0.005047 0.382869
49.449449 0.141310 0.383142 -0.041601 0.410484
49.549550 -0.004645 0.443753 -0.083071 0.451486
49.649650 -0.150797 0.460816 -0.116524 0.498667
49.749750 -0.286414 0.444276 -0.141576 0.547228
49.849850 -0.406712 0.403503 -0.158969 0.594559
49.949950 -0.510044 0.345713 -0.169695 0.639108
50.050050 -0.596114 0.276150 -0.174666 0.679793
50.150150 -0.665298 0.198733 -0.174682 0.715982
50.250250 -0.718359 0.116496 -0.170465 0.747442
50.350350 -0.756187 0.031798 -0.162635 0.774132
50.450450 -0.779697 -0.053483 -0.151728 0.796122
50.550551 -0.789761 -0.137815 -0.138210 0.813522
50.650651 -0.787128 -0.219898 -0.122477 0.826394
50.750751 -0.772433 -0.298572 -0.104873 0.834744
50.850851 -0.746304 -0.372785 -0.085725 0.838623
50.950951 -0.709327 -0.441531 -0.065340 0.838072
51.051051 -0.662006 -0.503784 -0.044012 0.833059
51.151151 -0.604845 -0.558486 -0.022042 0.823547
51.251251 -0.538281 -0.604428 0.000257 0.809370
51.351351 -0.462775 -0.640237 0.022535 0.790299
51.451451 -0.379095 -0.664637 0.044396 0.766438
51.551552 -0.288199 -0.676235 0.065384 0.737989
51.651652 -0.191174 -0.673225 0.084939 0.704978
51.751752 -0.089499 -0.653436 0.102354 0.667432
51.851852 0.014672 -0.614412 0.116727 0.625574
51.951952 0.118130 -0.553449 0.126893 0.579968
52.052052 0.216051 -0.467796 0.131342 0.531753
52.152152 0.301108 -0.355243 0.128148 0.482996
52.252252 0.362430 -0.215626 0.115026 0.437128
52.352352 0.385361 -0.054193 0.089909 0.399404
52.452452 0.355336 0.113729 0.052615 0.376784
52.552553 0.268080 0.262819 0.006941 0.375485
52.652653 0.137076 0.369429 -0.039941 0.396059
52.752753 -0.013736 0.424903 -0.081468 0.432861
52.852853 -0.163830 0.435018 -0.114452 0.478727
52.952953 -0.301510 0.410760 -0.138504 0.528030
53.053053 -0.421923 0.362459 -0.154527 0.577299
53.153153 -0.524023 0.298197 -0.163801 0.624782
53.253253 -0.608298 0.223699 -0.167486 0.669418
53.353353 -0.675881 0.143015 -0.166566 0.710642
53.453453 -0.728131 0.059075 -0.161866 0.748242
53.553554 -0.766224 -0.026005 -0.154020 0.781983
53.653654 -0.791198 -0.110621 -0.143540 0.811687
53.753754 -0.804062 -0.193521 -0.130868 0.837313
53.853854 -0.805906 -0.273744 -0.116406 0.859052
53.953954 -0.797751 -0.350540 -0.100506 0.877147
54.054054 -0.780359 -0.423239 -0.083449 0.891659
54.154154 -0.754311 -0.491200 -0.065475 0.902524
54.254254 -0.720212 -0.553876 -0.046809 0.909767
54.354354 -0.678713 -0.610814 -0.027671 0.913515
54.454454 -0.630340 -0.661510 -0.008264 0.913779
54.554555 -0.575600 -0.705466 0.011217 0.910562
54.654655 -0.515010 -0.742185 0.030570 0.903885
54.754755 -0.449088 -0.771142 0.049594 0.893756
54.854855 -0.378384 -0.791796 0.068072 0.880198
54.954955 -0.303468 -0.803522 0.085771 0.863190
55.055055 -0.224979 -0.805643 0.102433 0.842715
55.155155 -0.143641 -0.797338 0.117757 0.818686
55.255255 -0.060334 -0.777771 0.131405 0.791098
55.355355 0.023844 -0.746046 0.142985 0.759999
55.455455 0.107509 -0.700945 0.151983 0.725245
55.555556 0.188816 -0.641127 0.157768 0.686721
55.655656 0.265248 -0.565215 0.159566 0.644427
55.755756 0.333252 -0.471759 0.156370 0.598386
55.855856 0.387893 -0.359791 0.146979 0.549102
55.955956 0.422278 -0.229524 0.130004 0.497896
56.056056 0.426928 -0.083722 0.103990 0.447315
56.156156 0.389874 0.069354 0.067985 0.401788
56.256256 0.300184 0.211840 0.023029 0.368126
56.356356 0.158348 0.316214 -0.025686 0.354578
56.456456 -0.014405 0.358479 -0.069316 0.365403
56.556557 -0.185408 0.335904 -0.100586 0.396642
56.656657 -0.331097 0.265166 -0.117697 0.440217
56.756757 -0.443223 0.166537 -0.122691 0.489116
56.856857 -0.522475 0.055071 -0.118494 0.538567
56.956957 -0.572805 -0.059707 -0.107690 0.585890
57.057057 -0.598768 -0.172083 -0.092279 0.629802
57.157157 -0.604481 -0.278713 -0.073733 0.669713
57.257257 -0.593428 -0.377646 -0.053136 0.705406
57.357357 -0.568447 -0.467722 -0.031291 0.736800
57.457457 -0.531822 -0.548204 -0.008807 0.763832
57.557558 -0.485474 -0.618636 0.013833 0.786503
57.657658 -0.431043 -0.678724 0.036234 0.804846
57.757758 -0.369957 -0.728280 0.058066 0.818922
57.857858 -0.303507 -0.767201 0.079042 0.828831
57.957958 -0.232835 -0.795345 0.098899 0.834606
58.058058 -0.159003 -0.812554 0.117388 0.836245
58.158158 -0.083055 -0.818734 0.134275 0.833818
58.258258 -0.006026 -0.813812 0.149332 0.827422
58.358358 0.071038 -0.797634 0.162313 0.817075
58.458458 0.147032 -0.770029 0.172958 0.802794
58.558559 0.220743 -0.730778 0.180975 0.784548
58.658659 0.290790 -0.679619 0.186029 0.762265
58.758759 0.355557 -0.616305 0.187740 0.735866
58.858859 0.413110 -0.540654 0.185672 0.705295
58.958959 0.461048 -0.452591 0.179315 0.670491
59.059059 0.496279 -0.352240 0.168050 0.631353
59.159159 0.515027 -0.240390 0.151240 0.588144
59.259259 0.512487 -0.118870 0.128229 0.541494
59.359359 0.482575 0.008644 0.098434 0.492588
59.459459 0.418411 0.135017 0.061751 0.443971
59.559560 0.313565 0.247373 0.019227 0.399857
59.659660 0.167130 0.325477 -0.025579 0.366772
59.759760 -0.007521 0.346236 -0.065624 0.352480
59.859860 -0.180429 0.298679 -0.092666 0.361041
59.959960 -0.320516 0.195327 -0.102582 0.389110
60.060060 -0.413376 0.061937 -0.097150 0.429132
60.160160 -0.460641 -0.079096 -0.080851 0.474324
60.260260 -0.470446 -0.214193 -0.057887 0.520143
60.360360 -0.451463 -0.336484 -0.031324 0.563934
60.460460 -0.410889 -0.442860 -0.003231 0.604124
60.560561 -0.354415 -0.532219 0.025010 0.639916
60.660661 -0.286537 -0.604520 0.052459 0.671044
60.760761 -0.210714 -0.660075 0.078455 0.697320
60.860861 -0.129714 -0.699387 0.102520 0.718664
60.960961 -0.045824 -0.722995 0.124278 0.735029
61.061061 0.039002 -0.731317 0.143401 0.746264
61.161161 0.123009 -0.724886 0.159625 0.752377
61.261261 0.204567 -0.704278 0.172719 0.753450
61.361361 0.282050 -0.669826 0.182405 0.749327
61.461461 0.353773 -0.621839 0.188394 0.739818
61.561562 0.417943 -0.560708 0.190384 0.724786
61.661662 0.472612 -0.486949 0.188069 0.704168
61.761762 0.515669 -0.401342 0.181155 0.678091
61.861862 0.544548 -0.304838 0.169285 0.646619
61.961962 0.556151 -0.198813 0.152072 0.609883
62.062062 0.546826 -0.085496 0.129172 0.568343
62.162162 0.511916 0.031548 0.100278 0.522598
62.262262 0.445809 0.146257 0.065350 0.473717
62.362362 0.343011 0.248244 0.025170 0.424164
62.462462 0.201065 0.320600 -0.017642 0.378844
62.562563 0.027771 0.340219 -0.057194 0.346109
62.662663 -0.150090 0.288265 -0.084450 0.335791
62.762763 -0.293729 0.170315 -0.092401 0.351883
62.862863 -0.379472 0.017232 -0.081850 0.388581
62.962963 -0.408784 -0.139694 -0.058889 0.435989
63.063063 -0.394728 -0.282668 -0.029521 0.486398
63.163163 -0.350686 -0.404730 0.002194 0.535529
63.263263 -0.286922 -0.504407 0.033855 0.581289
63.363363 -0.210711 -0.582461 0.064095 0.622711
63.463463 -0.127111 -0.640255 0.092118 0.659219
63.563564 -0.039769 -0.679337 0.117455 0.690562
63.663664 0.048578 -0.701318 0.139836 0.716771
63.763764 0.135832 -0.707673 0.159098 0.737945
63.863864 0.220294 -0.699625 0.175118 0.754102
63.963964 0.300558 -0.678326 0.187815 0.765334
64.064064 0.375390 -0.644861 0.197135 0.771768
64.164164 0.443608 -0.600116 0.202996 0.773392
64.264264 0.504036 -0.544911 0.205308 0.770150
64.364364 0.555426 -0.480014 0.203953 0.761911
64.464464 0.596447 -0.406233 0.198804 0.748530
64.564565 0.625679 -0.324499 0.189740 0.729914
64.664665 0.641423 -0.235861 0.176603 0.705863
64.764765 0.641768 -0.141653 0.159243 0.676232
64.864865 0.624739 -0.043716 0.137592 0.641203
64.964965 0.587851 0.055462 0.111594 0.600915
65.065065 0.528033 0.152274 0.081281 0.555530
65.165165 0.442034 0.241227 0.046995 0.505760
65.265265 0.326476 0.313449 0.009678 0.452693
65.365365 0.180237 0.355046 -0.028333 0.399181
65.465465 0.010037 0.346102 -0.061959 0.351748
65.565566 -0.160128 0.266507 -0.082505 0.321674
65.665666 -0.287176 0.117704 -0.081308 0.320835
65.765766 -0.338695 -0.063180 -0.058518 0.349472
65.865866 -0.319524 -0.232878 -0.023145 0.396059
65.965966 -0.253479 -0.370101 0.015936 0.448865
66.066066 -0.161776 -0.471234 0.053658 0.501111
66.166166 -0.058353 -0.539405 0.087711 0.549597
66.266266 0.048357 -0.579116 0.117179 0.592827
66.366366 0.153150 -0.594675 0.141780 0.630234
66.466466 0.252722 -0.589762 0.161512 0.661645
66.566567 0.344869 -0.567486 0.176491 0.687113
66.666667 0.428030 -0.530433 0.186874 0.706747
66.766767 0.501025 -0.480813 0.192824 0.720686
66.866867 0.562857 -0.420523 0.194485 0.729022
66.966967 0.612629 -0.351269 0.191988 0.731822
67.067067 0.649481 -0.274659 0.185452 0.729147
67.167167 0.672434 -0.192231 0.174958 0.720924
67.267267 0.680458 -0.105598 0.160592 0.707081
67.367367 0.672477 -0.016554 0.142461 0.687600
67.467467 0.647285 0.072830 0.120701 0.662458
67.567568 0.603471 0.160009 0.095488 0.631584
67.667668 0.539574 0.241725 0.067122 0.595043
67.767768 0.454326 0.313676 0.036138 0.553273
67.867868 0.346736 0.369866 0.003438 0.506990
67.967968 0.216968 0.401763 -0.029363 0.457549
68.068068 0.068498 0.397487 -0.059349 0.407688
68.168168 -0.087471 0.342534 -0.081511 0.362801
68.268268 -0.226092 0.226525 -0.088781 0.332134
68.368368 -0.311623 0.059115 -0.075535 0.326051
68.468468 -0.321284 -0.123091 -0.043824 0.346836
68.568569 -0.264658 -0.281572 -0.002762 0.386437
68.668669 -0.167916 -0.399316 0.039079 0.434944
68.768769 -0.053187 -0.476345 0.077114 0.485469
68.868869 0.065845 -0.518958 0.109673 0.534492
68.968969 0.181591 -0.533917 0.136434 0.580221
69.069069 0.289929 -0.526732 0.157562 0.621556
69.169169 0.388667 -0.501975 0.173448 0.658122
69.269269 0.476746 -0.463404 0.184570 0.689997
69.369369 0.553604 -0.413929 0.191347 0.717237
69.469469 0.618933 -0.355847 0.194142 0.739862
69.569570 0.672583 -0.291078 0.193279 0.757926
69.669670 0.714470 -0.221248 0.189041 0.771463
69.769770 0.744574 -0.147805 0.181692 0.780544
69.869870 0.762752 -0.072035 0.171440 0.785093
69.969970 0.768958 0.004828 0.158505 0.785139
70.070070 0.763244 0.081573 0.143120 0.780820
70.170170 0.745501 0.156983 0.125489 0.772115
70.270270 0.715499 0.229756 0.105805 0.758894
70.370370 0.673052 0.298474 0.084291 0.741074
70.470470 0.617933 0.361496 0.061204 0.718517
70.570571 0.549770 0.416792 0.036843 0.690883
70.670671 0.468414 0.461974 0.011618 0.658002
70.770771 0.373988 0.494093 -0.013898 0.619829
70.870871 0.266994 0.509348 -0.038900 0.576398
70.970971 0.148865 0.502862 -0.062187 0.528108
71.071071 0.022735 0.467974 -0.081877 0.475626
71.171171 -0.104538 0.396395 -0.095015 0.420814
71.271271 -0.218797 0.280005 -0.097164 0.368397
71.371371 -0.294234 0.117146 -0.082668 0.327308
71.471471 -0.297900 -0.071995 -0.048431 0.310279
71.571572 -0.218322 -0.240882 -0.000685 0.325099
71.671672 -0.083893 -0.351977 0.047736 0.364972
71.771772 0.067042 -0.401584 0.088203 0.416587
71.871872 0.211164 -0.403701 0.118470 0.470744
71.971972 0.338727 -0.372978 0.139228 0.522717
72.072072 0.446706 -0.320263 0.151857 0.570242
72.172172 0.534803 -0.253126 0.157696 0.612336
72.272272 0.603687 -0.176819 0.157856 0.648554
72.372372 0.654300 -0.095139 0.153234 0.678705
72.472472 0.687594 -0.010939 0.144556 0.702710
72.572573 0.704618 0.073509 0.132460 0.720719
72.672673 0.706251 0.156324 0.117475 0.732822
72.772773 0.693130 0.235838 0.100042 0.738957
72.872873 0.665837 0.310488 0.080572 0.739076
72.972973 0.624971 0.378759 0.059469 0.733201
73.073073 0.571123 0.439101 0.037141 0.721367
73.173173 0.504913 0.489864 0.014024 0.703634
73.273273 0.427026 0.529200 -0.009400 0.680068
73.373373 0.338243 0.554893 -0.032558 0.650672
73.473473 0.239664 0.564303 -0.054734 0.615527
73.573574 0.132928 0.554109 -0.074973 0.574741
73.673674 0.020685 0.519975 -0.091924 0.528443
73.773774 -0.092362 0.456633 -0.103637 0.477268
73.873874 -0.197661 0.358156 -0.107243 0.422902
73.973974 -0.279794 0.220043 -0.098714 0.369389
74.074074 -0.313514 0.046371 -0.073569 0.325352
74.174174 -0.270119 -0.136255 -0.030782 0.304101
74.274274 -0.147245 -0.278256 0.020963 0.315511
74.374374 0.016370 -0.347436 0.067680 0.354345
74.474474 0.178926 -0.350565 0.101955 0.406578
74.574575 0.320109 -0.309090 0.123547 0.461812
74.674675 0.434743 -0.241090 0.134728 0.515051
74.774775 0.523578 -0.158428 0.137847 0.564123
74.874875 0.588997 -0.068517 0.134772 0.608092
74.974975 0.633415 0.023901 0.126879 0.646440
75.075075 0.658905 0.115632 0.115190 0.678819
75.175175 0.667295 0.204361 0.100511 0.705088
75.275275 0.660249 0.288354 0.083509 0.725293
75.375375 0.639283 0.366244 0.064751 0.739602
75.475475 0.605712 0.436880 0.044722 0.748165
75.575576 0.560728 0.499243 0.023858 0.751151
75.675676 0.505349 0.552294 0.002563 0.748607
75.775776 0.440519 0.594949 -0.018768 0.740523
75.875876 0.367257 0.626129 -0.039724 0.726975
75.975976 0.286642 0.644660 -0.059864 0.708049
76.076076 0.199831 0.649072 -0.078675 0.683679
76.176176 0.108223 0.637607 -0.095544 0.653745
76.276276 0.013688 0.608240 -0.109706 0.618206
76.376376 -0.081156 0.558631 -0.120187 0.577148
76.476476 -0.172436 0.486030 -0.125675 0.530804
76.576577 -0.254161 0.387507 -0.124386 0.479825
76.676677 -0.316815 0.260958 -0.113958 0.425978
76.776777 -0.345057 0.107470 -0.091412 0.372787
76.876877 -0.317362 -0.061532 -0.054401 0.327818
76.976977 -0.215610 -0.213740 -0.005145 0.303643
77.077077 -0.051606 -0.303080 0.045382 0.310773
77.177177 0.128155 -0.310308 0.083982 0.346075
77.277277 0.284342 -0.254903 0.106107 0.396339
77.377377 0.403744 -0.164720 0.114171 0.450752
77.477477 0.487461 -0.059250 0.112009 0.503661
77.577578 0.540313 0.050299 0.102695 0.552281
77.677678 0.567272 0.157604 0.088429 0.595362
77.777778 0.572741 0.259027 0.070796 0.632566
77.877878 0.560186 0.352327 0.050930 0.663729
77.977978 0.532363 0.436034 0.029674 0.688779
78.078078 0.491674 0.509191 0.007703 0.707869
78.178178 0.440128 0.571075 -0.014432 0.721143
78.278278 0.379492 0.621120 -0.036261 0.728779
78.378378 0.311414 0.658928 -0.057369 0.731065
78.478478 0.237288 0.683817 -0.077340 0.727938
78.578579 0.158430 0.694924 -0.095742 0.719157
78.678679 0.076315 0.691486 -0.112127 0.704663
78.778779 -0.007434 0.672634 -0.125999 0.684374
78.878879 -0.090925 0.637440 -0.136794 0.658262
78.978979 -0.171836 0.584867 -0.143839 0.626328
79.079079 -0.247079 0.513518 -0.146234 0.588331
79.179179 -0.312411 0.422008 -0.142845 0.544147
79.279279 -0.361807 0.309478 -0.132263 0.494140
79.379379 -0.386164 0.176217 -0.112654 0.439165
79.479479 -0.371638 0.026302 -0.081904 0.381464
79.579580 -0.299743 -0.125803 -0.038856 0.327387
79.679680 -0.156476 -0.244531 0.012810 0.290594
79.779780 0.037753 -0.279286 0.059502 0.288039
79.879880 0.220449 -0.216389 0.085736 0.320582
79.979980 0.347992 -0.094886 0.089693 0.371681
80.080080 0.417430 0.044455 0.078304 0.427032
80.180180 0.440359 0.179754 0.058022 0.479160
80.280280 0.428566 0.301360 0.033077 0.524958
80.380380 0.391361 0.405366 0.006120 0.563492
80.480480 0.335545 0.490235 -0.021153 0.594448
80.580581 0.266195 0.555409 -0.047588 0.617741
80.680681 0.187322 0.600724 -0.072323 0.633396
80.780781 0.102217 0.625970 -0.094636 0.641282
80.880881 0.013821 0.630793 -0.113852 0.641134
80.980981 -0.074970 0.614698 -0.129279 0.632603
81.081081 -0.161070 0.577200 -0.140189 0.615432
81.181181 -0.240953 0.517842 -0.145764 0.589462
81.281281 -0.310236 0.436091 -0.145000 0.554478
81.381381 -0.362919 0.331468 -0.136562 0.510127
81.481481 -0.390592 0.204573 -0.118819 0.456651
81.581582 -0.380879 0.059038 -0.089877 0.395768
81.681682 -0.315435 -0.093323 -0.048119 0.332451
81.781782 -0.173951 -0.219076 0.004478 0.279774
81.881882 0.032611 -0.254310 0.053815 0.261979
81.981982 0.224878 -0.168847 0.077857 0.291790
82.082082 0.340170 -0.018923 0.074016 0.348643
82.182182 0.382673 0.138216 0.053750 0.410404
82.282282 0.374616 0.278486 0.026126 0.467519
82.382382 0.333333 0.394777 -0.003949 0.516696
82.482482 0.270476 0.485933 -0.033846 0.557165
82.582583 0.193858 0.552626 -0.062068 0.588922
82.682683 0.108984 0.595936 -0.087675 0.612131
82.782783 0.019993 0.616745 -0.109973 0.626792
82.882883 -0.069684 0.615747 -0.128377 0.632836
82.982983 -0.156934 0.593644 -0.142374 0.630326
83.083083 -0.238740 0.551163 -0.151471 0.619452
83.183183 -0.311912 0.488965 -0.155131 0.600368
83.283283 -0.372614 0.407466 -0.152634 0.572859
83.383383 -0.415801 0.307111 -0.143017 0.536341
83.483483 -0.434855 0.189300 -0.125168 0.490511
83.583584 -0.420780 0.057638 -0.097889 0.435844
83.683684 -0.360725 -0.079251 -0.060111 0.374188
83.783784 -0.238684 -0.200128 -0.012447 0.311731
83.883884 -0.049375 -0.258228 0.037545 0.265573
83.983984 0.157879 -0.197820 0.069330 0.262422
84.084084 0.293823 -0.041922 0.068664 0.304638
84.184184 0.338241 0.132263 0.045642 0.366037
84.284284 0.319350 0.284314 0.013591 0.427790
84.384384 0.263224 0.404617 -0.020303 0.483129
84.484484 0.186141 0.493502 -0.052728 0.530069
84.584585 0.097956 0.553573 -0.082123 0.568139
84.684685 0.005080 0.587659 -0.107682 0.597465
84.784785 -0.088042 0.598258 -0.128947 0.618297
84.884885 -0.178020 0.587505 -0.145609 0.630916
84.984985 -0.262026 0.557113 -0.157399 0.635458
85.085085 -0.337457 0.508595 -0.164058 0.632030
85.185185 -0.401648 0.443256 -0.165274 0.620575
85.285285 -0.451712 0.362454 -0.160701 0.601034
85.385385 -0.484367 0.267832 -0.149962 0.573440
85.485485 -0.495547 0.161533 -0.132611 0.537815
85.585586 -0.479866 0.046769 -0.108126 0.494115
85.685686 -0.430216 -0.070836 -0.076073 0.442595
85.785786 -0.337864 -0.180529 -0.036633 0.384818
85.885886 -0.194622 -0.260934 0.007938 0.325618
85.985986 -0.005313 -0.273259 0.049460 0.277750
86.086086 0.181359 -0.177542 0.070445 0.263391
86.186186 0.286586 -0.000043 0.059415 0.292680
86.286286 0.294848 0.182389 0.027372 0.347779
86.386386 0.241264 0.329887 -0.011028 0.408846
86.486486 0.156429 0.436754 -0.048387 0.466439
86.586587 0.058050 0.507456 -0.081862 0.517284
86.686687 -0.044073 0.547693 -0.110476 0.560460
86.786787 -0.144254 0.562296 -0.133945 0.595758
86.886887 -0.238927 0.555199 -0.152257 0.623309
86.986987 -0.325719 0.529731 -0.165536 0.643514
87.087087 -0.402849 0.488569 -0.173908 0.656682
87.187187 -0.468829 0.433917 -0.177472 0.663009
87.287287 -0.522299 0.367740 -0.176311 0.662657
87.387387 -0.561794 0.291788 -0.170445 0.655594
87.487487 -0.585743 0.207832 -0.159875 0.641755
87.587588 -0.592534 0.117868 -0.144636 0.621216
87.687688 -0.580135 0.024199 -0.124734 0.593886
87.787788 -0.546057 -0.070235 -0.100197 0.559599
87.887888 -0.487546 -0.161323 -0.071214 0.518457
87.987988 -0.401544 -0.242983 -0.038277 0.470896
88.088088 -0.285193 -0.305630 -0.002567 0.418033
88.188188 -0.138025 -0.333703 0.033134 0.362638
88.288288 0.030923 -0.303583 0.062583 0.311506
88.388388 0.188079 -0.191899 0.074495 0.278834
88.488488 0.274037 -0.010835 0.058810 0.280485
88.588589 0.260303 0.176566 0.021288 0.315256
88.688689 0.176825 0.320532 -0.022654 0.366771
88.788789 0.062330 0.412115 -0.063334 0.421587
88.888889 -0.059773 0.459421 -0.097398 0.473420
88.988989 -0.177832 0.472335 -0.124260 0.519775
89.089089 -0.286246 0.459000 -0.144266 0.559849
89.189189 -0.382347 0.425715 -0.158028 0.593629
89.289289 -0.464710 0.377075 -0.166101 0.621072
89.389389 -0.532573 0.316647 -0.168987 0.642227
89.489489 -0.585616 0.247414 -0.167172 0.657348
89.589590 -0.623626 0.171852 -0.161070 0.666623
89.689690 -0.646545 0.092158 -0.151075 0.670326
89.789790 -0.654270 0.010340 -0.137538 0.668650
89.889890 -0.646534 -0.071674 -0.120759 0.661609
89.989990 -0.622795 -0.151844 -0.101004 0.648947
90.090090 -0.582439 -0.227888 -0.078568 0.630350
90.190190 -0.525093 -0.297190 -0.053858 0.605760
90.290290 -0.450399 -0.356538 -0.027393 0.575090
90.390390 -0.358104 -0.401742 0.000103 0.538178
90.490490 -0.248517 -0.427177 0.027526 0.494973
90.590591 -0.123409 -0.425141 0.053083 0.445861
90.690691 0.012011 -0.384920 0.073712 0.392098
90.790791 0.144303 -0.292763 0.084083 0.337051
90.890891 0.242938 -0.138915 0.076063 0.290003
90.990991 0.258577 0.057716 0.042921 0.268394
91.091091 0.167301 0.229891 -0.007857 0.284432
91.191191 0.013788 0.322573 -0.056828 0.327831
91.291291 -0.146018 0.339256 -0.093041 0.380884
91.391391 -0.285400 0.304612 -0.115524 0.433113
91.491491 -0.396576 0.238812 -0.126395 0.479874
91.591592 -0.479006 0.155284 -0.128026 0.519568
91.691692 -0.534616 0.062866 -0.122453 0.552051
91.791792 -0.565627 -0.032519 -0.111232 0.577377
91.891892 -0.574188 -0.126654 -0.095589 0.595710
91.991992 -0.562310 -0.216277 -0.076544 0.607312
92.092092 -0.531541 -0.298605 -0.054932 0.612143
92.192192 -0.483338 -0.371094 -0.031528 0.610181
92.292292 -0.419125 -0.431216 -0.007092 0.601384
92.392392 -0.340291 -0.476176 0.017568 0.585534
92.492492 -0.248593 -0.502964 0.041533 0.562580
92.592593 -0.146341 -0.508059 0.063672 0.532535
92.692693 -0.036762 -0.486866 0.082465 0.495168
92.792793 0.074856 -0.433753 0.095775 0.450465
92.892893 0.179200 -0.342386 0.100499 0.399301
92.992993 0.259131 -0.207287 0.092070 0.344374
93.093093 0.284155 -0.031841 0.064794 0.293183
93.193193 0.214665 0.149500 0.016836 0.262135
93.293293 0.049292 0.261113 -0.038096 0.268442
93.393393 -0.140735 0.261756 -0.077606 0.307156
93.493493 -0.292951 0.183659 -0.094709 0.358497
93.593594 -0.391691 0.069601 -0.094072 0.408798
93.693694 -0.441485 -0.054110 -0.081504 0.452194
93.793794 -0.450866 -0.173337 -0.061388 0.486923
93.893894 -0.427704 -0.280275 -0.036800 0.512678
93.993994 -0.378200 -0.370048 -0.009927 0.529216
94.094094 -0.307502 -0.439102 0.017505 0.536353
94.194194 -0.220354 -0.484619 0.043992 0.534179
94.294294 -0.121360 -0.503873 0.068075 0.522734
94.394394 -0.015459 -0.493821 0.088168 0.501869
94.494494 0.091218 -0.451009 0.102360 0.471389
94.594595 0.190150 -0.371930 0.108235 0.431514
94.694695 0.268221 -0.253788 0.102559 0.383235
94.794795 0.304027 -0.097874 0.081132 0.329536
94.894895 0.265043 0.078515 0.040413 0.279367
94.994995 0.124080 0.218941 -0.014790 0.252090
95.095095 -0.079373 0.245943 -0.061960 0.265757
95.195195 -0.252148 0.161161 -0.082088 0.310306
95.295295 -0.354200 0.026173 -0.078265 0.363687
95.395395 -0.392325 -0.115474 -0.059959 0.413338
95.495495 -0.382090 -0.243786 -0.034096 0.454518
95.595596 -0.336627 -0.350071 -0.005006 0.485687
95.695696 -0.265718 -0.430128 0.024506 0.506179
95.795796 -0.176940 -0.481329 0.052383 0.515489
95.895896 -0.076823 -0.501595 0.076886 0.513235
95.995996 0.028206 -0.489100 0.096346 0.499297
96.096096 0.131017 -0.441810 0.108907 0.473521
96.196196 0.222570 -0.357820 0.112345 0.436112
96.296296 0.289849 -0.236170 0.103782 0.388020
96.396396 0.311931 -0.079759 0.079419 0.331617
96.496496 0.257022 0.092656 0.036134 0.275593
96.596597 0.098498 0.220483 -0.020379 0.242342
96.696697 -0.114542 0.219533 -0.064364 0.255847
96.796797 -0.275458 0.104381 -0.076414 0.304321
96.896897 -0.351734 -0.048225 -0.063988 0.360745
96.996997 -0.360929 -0.193805 -0.038957 0.411519
97.097097 -0.323756 -0.315485 -0.008737 0.452134
97.197197 -0.255563 -0.407515 0.022427 0.481543
97.297297 -0.167467 -0.468141 0.051906 0.499895
97.397397 -0.067874 -0.496789 0.077852 0.507412
97.497497 0.036105 -0.493024 0.098709 0.504103
97.597598 0.137557 -0.456327 0.112949 0.489809
97.697698 0.228698 -0.386219 0.118870 0.464325
97.797798 0.299617 -0.282759 0.114427 0.427571
97.897898 0.336058 -0.147906 0.097029 0.379770
97.997998 0.316474 0.009668 0.063813 0.322988
98.098098 0.211714 0.160374 0.014212 0.265979
98.198198 0.012690 0.229225 -0.039783 0.232997
98.298298 -0.192094 0.146290 -0.066888 0.250549
98.398398 -0.295673 -0.024273 -0.056799 0.302057
98.498498 -0.300297 -0.192129 -0.026699 0.357498
98.598599 -0.242359 -0.322493 0.009432 0.403521
98.698699 -0.149185 -0.407412 0.044459 0.436140
98.798799 -0.038867 -0.446518 0.074563 0.454366
98.898899 0.075412 -0.441066 0.097243 0.457911
98.998999 0.182266 -0.392708 0.110445 0.446809
99.099099 0.269728 -0.303348 0.112041 0.421102
99.199199 0.322618 -0.176194 0.099477 0.380819
99.299299 0.319321 -0.020189 0.069928 0.327511
99.399399 0.229442 0.137222 0.022171 0.268263
99.499499 0.034681 0.220892 -0.033683 0.226121
99.599600 -0.179476 0.139491 -0.063014 0.235882
99.699700 -0.278749 -0.043888 -0.049662 0.286519
99.799800 -0.264548 -0.216780 -0.014727 0.342339
99.899900 -0.184935 -0.339657 0.024512 0.387516
100.000000 -0.073775 -0.406830 0.059983 0.417793
