0.000000 -0.562853 -0.667385 0.535888 1.024393
0.100100 -0.509628 -0.758394 0.478755 1.031546
0.200200 -0.452038 -0.842863 0.417522 1.043590
0.300300 -0.390708 -0.920309 0.352837 1.060243
0.400400 -0.326300 -0.990455 0.285374 1.081162
0.500501 -0.259477 -1.053210 0.215803 1.105961
0.600601 -0.190872 -1.108658 0.144751 1.134243
0.700701 -0.121064 -1.157021 0.072793 1.165613
0.800801 -0.050558 -1.198523 0.000421 1.199589
0.900901 0.020209 -1.233454 -0.071935 1.235715
1.001001 0.090858 -1.262240 -0.143917 1.273663
1.101101 0.161082 -1.285353 -0.215235 1.313166
1.201201 0.230626 -1.303187 -0.285650 1.353913
1.301301 0.299279 -1.316094 -0.354966 1.395590
1.401401 0.366865 -1.324392 -0.423021 1.437898
1.501502 0.433252 -1.328430 -0.489695 1.480620
1.601602 0.498341 -1.328549 -0.554905 1.523583
1.701702 0.562039 -1.325013 -0.618569 1.566581
1.801802 0.624274 -1.318078 -0.680624 1.609439
1.901902 0.685003 -1.308007 -0.741039 1.652044
2.002002 0.744189 -1.295032 -0.799786 1.694279
2.102102 0.801829 -1.279404 -0.856875 1.736099
2.202202 0.857930 -1.261359 -0.912320 1.777470
2.302302 0.912514 -1.241115 -0.966153 1.818379
2.402402 0.965630 -1.218907 -1.018433 1.858866
2.502503 1.017315 -1.194925 -1.069205 1.898940
2.602603 1.067624 -1.169355 -1.118531 1.938639
2.702703 1.116611 -1.142367 -1.166475 1.978001
2.802803 1.164310 -1.114088 -1.213074 2.017017
2.902903 1.210737 -1.084621 -1.258350 2.055659
3.003003 1.255917 -1.054062 -1.302329 2.093904
3.103103 1.299861 -1.022493 -1.345029 2.131721
3.203203 1.342594 -0.989995 -1.386476 2.169093
3.303303 1.384172 -0.956670 -1.426732 2.206063
3.403403 1.424656 -0.922612 -1.465860 2.242678
3.503504 1.464091 -0.887898 -1.503911 2.278964
3.603604 1.502516 -0.852594 -1.540925 2.314934
3.703704 1.539964 -0.816759 -1.576937 2.350599
3.803804 1.576472 -0.780446 -1.611989 2.385973
3.903904 1.612079 -0.743709 -1.646120 2.421077
4.004004 1.646821 -0.706594 -1.679368 2.455926
4.104104 1.680728 -0.669142 -1.711766 2.490530
4.204204 1.713818 -0.631385 -1.743333 2.524882
4.304304 1.746090 -0.593347 -1.774069 2.558947
4.404404 1.777569 -0.555060 -1.804000 2.592732
4.504505 1.808280 -0.516552 -1.833151 2.626241
4.604605 1.838221 -0.477844 -1.861524 2.659448
4.704705 1.867400 -0.438957 -1.889124 2.692333
4.804805 1.895823 -0.399912 -1.915962 2.724883
4.904905 1.923517 -0.360731 -1.942063 2.757110
5.005005 1.950510 -0.321437 -1.967458 2.789032
5.105105 1.976830 -0.282051 -1.992174 2.820668
5.205205 2.002502 -0.242591 -2.016238 2.852031
5.305305 2.027546 -0.203072 -2.039672 2.883131
5.405405 2.051973 -0.163510 -2.062484 2.913961
5.505506 2.075793 -0.123917 -2.084687 2.944519
5.605606 2.099028 -0.084307 -2.106303 2.974817
5.705706 2.121697 -0.044691 -2.127353 3.004867
5.805806 2.143806 -0.005081 -2.147842 3.034659
5.905906 2.165343 0.034513 -2.167758 3.064160
6.006006 2.186304 0.074081 -2.187097 3.093349
6.106106 2.206687 0.113612 -2.205860 3.122210
6.206206 2.226494 0.153097 -2.224048 3.150730
6.306306 2.245744 0.192527 -2.241680 3.178925
6.406406 2.264471 0.231895 -2.258791 3.206827
6.506507 2.282719 0.271198 -2.275423 3.234487
6.606607 2.300517 0.310431 -2.291609 3.261934
6.706707 2.317874 0.349588 -2.307356 3.289171
6.806807 2.334799 0.388664 -2.322673 3.316196
6.906907 2.351303 0.427653 -2.337574 3.343017
7.007007 2.367391 0.466551 -2.352060 3.369628
7.107107 2.383058 0.505349 -2.366129 3.396014
7.207207 2.398318 0.544045 -2.379794 3.422182
7.307307 2.413178 0.582635 -2.393063 3.448136
7.407407 2.427650 0.621115 -2.405949 3.473882
7.507508 2.441754 0.659485 -2.418470 3.499440
7.607608 2.455491 0.697741 -2.430629 3.524803
7.707708 2.468865 0.735877 -2.442428 3.549967
7.807808 2.481893 0.773895 -2.453886 3.574949
7.907908 2.494576 0.811789 -2.465004 3.599744
8.008008 2.506910 0.849555 -2.475777 3.624336
8.108108 2.518897 0.887187 -2.486208 3.648722
8.208208 2.530540 0.924683 -2.496300 3.672899
8.308308 2.541837 0.962037 -2.506052 3.696856
8.408408 2.552798 0.999249 -2.515474 3.720603
8.508509 2.563440 1.036320 -2.524582 3.744155
8.608609 2.573764 1.073247 -2.533376 3.767508
8.708709 2.583763 1.110024 -2.541851 3.790645
8.808809 2.593426 1.146641 -2.549997 3.813546
8.908909 2.602755 1.183096 -2.557815 3.836205
9.009009 2.611757 1.219386 -2.565312 3.858627
9.109109 2.620439 1.255512 -2.572495 3.880817
9.209209 2.628806 1.291472 -2.579371 3.902778
9.309309 2.636870 1.327268 -2.585949 3.924519
9.409409 2.644652 1.362908 -2.592252 3.946070
9.509510 2.652165 1.398393 -2.598291 3.967442
9.609610 2.659407 1.433721 -2.604065 3.988629
9.709710 2.666376 1.468887 -2.609573 4.009621
9.809810 2.673059 1.503880 -2.614801 4.030395
9.909910 2.679443 1.538689 -2.619738 4.050926
10.010010 2.685530 1.573314 -2.624385 4.071214
10.110110 2.691332 1.607757 -2.628754 4.091271
10.210210 2.696843 1.642010 -2.632839 4.111083
10.310310 2.702044 1.676061 -2.636622 4.130617
10.410410 2.706933 1.709903 -2.640102 4.149866
10.510511 2.711522 1.743540 -2.643289 4.168844
10.610611 2.715811 1.776970 -2.646185 4.187546
10.710711 2.719797 1.810187 -2.648787 4.205965
10.810811 2.723485 1.843190 -2.651097 4.224102
10.910911 2.726879 1.875981 -2.653124 4.241962
11.011011 2.729991 1.908562 -2.654876 4.259557
11.111111 2.732835 1.940940 -2.656368 4.276906
11.211211 2.735421 1.973121 -2.657610 4.294022
11.311311 2.737748 2.005101 -2.658601 4.310899
11.411411 2.739817 2.036876 -2.659342 4.327535
11.511512 2.741636 2.068451 -2.659841 4.343940
11.611612 2.743216 2.099831 -2.660109 4.360126
11.711712 2.744558 2.131013 -2.660146 4.376093
11.811812 2.745662 2.161997 -2.659954 4.391839
11.911912 2.746543 2.192790 -2.659546 4.407381
12.012012 2.747216 2.223402 -2.658938 4.422744
12.112112 2.747696 2.253843 -2.658142 4.437946
12.212212 2.747993 2.284119 -2.657171 4.453002
12.312312 2.748110 2.314230 -2.656026 4.467913
12.412412 2.748054 2.344182 -2.654715 4.482689
12.512513 2.747846 2.373989 -2.653258 4.497361
12.612613 2.747501 2.403662 -2.651668 4.511950
12.712713 2.747013 2.433196 -2.649942 4.526447
12.812813 2.746374 2.462580 -2.648070 4.540831
12.912913 2.745582 2.491813 -2.646052 4.555101
13.013013 2.744633 2.520889 -2.643883 4.569246
13.113113 2.743518 2.549796 -2.641554 4.583248
13.213213 2.742229 2.578528 -2.639059 4.597092
13.313313 2.740767 2.607081 -2.636398 4.610777
13.413413 2.739135 2.635459 -2.633574 4.624307
13.513514 2.737341 2.663665 -2.630595 4.637691
13.613614 2.735386 2.691699 -2.627461 4.650928
13.713714 2.733264 2.719555 -2.624168 4.664008
13.813814 2.730969 2.747223 -2.620710 4.676917
13.913914 2.728494 2.774694 -2.617079 4.689639
14.014014 2.725836 2.801965 -2.613273 4.702168
14.114114 2.722998 2.829036 -2.609296 4.714509
14.214214 2.719982 2.855906 -2.605148 4.726659
14.314314 2.716784 2.882571 -2.600827 4.738611
14.414414 2.713402 2.909025 -2.596331 4.750359
14.514515 2.709845 2.935276 -2.591668 4.761917
14.614615 2.706123 2.961333 -2.586847 4.773298
14.714715 2.702233 2.987191 -2.581866 4.784496
14.814815 2.698170 3.012843 -2.576721 4.795502
14.914915 2.693932 3.038283 -2.571409 4.806306
15.015015 2.689517 3.063509 -2.565929 4.816906
15.115115 2.684931 3.088525 -2.560286 4.827308
15.215215 2.680179 3.113334 -2.554486 4.837521
15.315315 2.675266 3.137943 -2.548534 4.847552
15.415415 2.670194 3.162347 -2.542429 4.857399
15.515516 2.664968 3.186555 -2.536180 4.867073
15.615616 2.659602 3.210579 -2.529797 4.876594
15.715716 2.654103 3.234427 -2.523289 4.885977
15.815816 2.648474 3.258102 -2.516658 4.895223
15.915916 2.642721 3.281609 -2.509910 4.904343
16.016016 2.636854 3.304958 -2.503054 4.913351
16.116116 2.630871 3.328146 -2.496088 4.922245
16.216216 2.624768 3.351166 -2.489010 4.931013
16.316316 2.618547 3.374021 -2.481820 4.939659
16.416416 2.612218 3.396719 -2.474528 4.948199
16.516517 2.605789 3.419273 -2.467143 4.956648
16.616617 2.599262 3.441682 -2.459665 4.965006
16.716717 2.592626 3.463931 -2.452084 4.973253
16.816817 2.585875 3.486010 -2.444396 4.981374
16.916917 2.579014 3.507925 -2.436605 4.989378
17.017017 2.572052 3.529686 -2.428718 4.997280
17.117117 2.564993 3.551299 -2.420741 5.005088
17.217217 2.557839 3.572764 -2.412675 5.012802
17.317317 2.550593 3.594083 -2.404522 5.020427
17.417417 2.543255 3.615257 -2.396284 5.027963
17.517518 2.535834 3.636297 -2.387968 5.035424
17.617618 2.528336 3.657211 -2.379580 5.042824
17.717718 2.520762 3.677998 -2.371122 5.050161
17.817818 2.513107 3.698650 -2.362588 5.057425
17.917918 2.505369 3.719163 -2.353976 5.064608
18.018018 2.497546 3.739534 -2.345285 5.071707
18.118118 2.489644 3.759770 -2.336521 5.078733
18.218218 2.481669 3.779879 -2.327689 5.085696
18.318318 2.473619 3.799858 -2.318787 5.092591
18.418418 2.465493 3.819703 -2.309815 5.099415
18.518519 2.457285 3.839405 -2.300768 5.106155
18.618619 2.448994 3.858958 -2.291642 5.112803
18.718719 2.440623 3.878370 -2.282442 5.119369
18.818819 2.432174 3.897642 -2.273171 5.125855
18.918919 2.423645 3.916768 -2.263826 5.132255
19.019019 2.415037 3.935748 -2.254406 5.138566
19.119119 2.406354 3.954591 -2.244919 5.144802
19.219219 2.397601 3.973300 -2.235366 5.150968
19.319319 2.388773 3.991868 -2.225744 5.157052
19.419419 2.379866 4.010286 -2.216049 5.163044
19.519520 2.370881 4.028557 -2.206283 5.168949
19.619620 2.361826 4.046689 -2.196451 5.174776
19.719720 2.352699 4.064682 -2.186554 5.180527
19.819820 2.343504 4.082540 -2.176595 5.186204
19.919920 2.334246 4.100269 -2.166576 5.191817
20.020020 2.324927 4.117875 -2.156503 5.197373
20.120120 2.315553 4.135366 -2.146379 5.202882
20.220220 2.306128 4.152748 -2.136209 5.208352
20.320320 2.296657 4.170028 -2.125997 5.213792
20.420420 2.287144 4.187215 -2.115747 5.219213
20.520521 2.277588 4.204306 -2.105458 5.224610
20.620621 2.267984 4.221288 -2.095125 5.229968
20.720721 2.258323 4.238147 -2.084741 5.235271
20.820821 2.248603 4.254878 -2.074302 5.240509
20.920921 2.238822 4.271473 -2.063808 5.245676
21.021021 2.228975 4.287925 -2.053254 5.250760
21.121121 2.219055 4.304217 -2.042633 5.255743
21.221221 2.209060 4.320346 -2.031945 5.260621
21.321321 2.198996 4.336322 -2.021193 5.265405
21.421421 2.188862 4.352141 -2.010378 5.270092
21.521522 2.178657 4.367800 -1.999499 5.274678
21.621622 2.168384 4.383302 -1.988558 5.279166
21.721722 2.158045 4.398654 -1.977557 5.283564
21.821822 2.147643 4.413856 -1.966499 5.287874
21.921922 2.137176 4.428908 -1.955383 5.292095
22.022022 2.126650 4.443817 -1.944213 5.296236
22.122122 2.116065 4.458584 -1.932991 5.300298
22.222222 2.105422 4.473208 -1.921716 5.304280
22.322322 2.094719 4.487687 -1.910387 5.308179
22.422422 2.083962 4.502030 -1.899010 5.312006
22.522523 2.073156 4.516247 -1.887589 5.315774
22.622623 2.062298 4.530333 -1.876122 5.319476
22.722723 2.051388 4.544282 -1.864607 5.323105
22.822823 2.040421 4.558087 -1.853042 5.326653
22.922923 2.029400 4.571749 -1.841429 5.330123
23.023023 2.018330 4.585281 -1.829772 5.333528
23.123123 2.007217 4.598696 -1.818077 5.336884
23.223223 1.996063 4.611997 -1.806346 5.340194
23.323323 1.984871 4.625188 -1.794581 5.343463
23.423423 1.973639 4.638269 -1.782781 5.346690
23.523524 1.962366 4.651229 -1.770945 5.349866
23.623624 1.951043 4.664051 -1.759064 5.352966
23.723724 1.939658 4.676704 -1.747129 5.355958
23.823824 1.928208 4.689178 -1.735136 5.358831
23.923924 1.916693 4.701473 -1.723085 5.361584
24.024024 1.905113 4.713589 -1.710976 5.364216
24.124124 1.893471 4.725527 -1.698813 5.366731
24.224224 1.881765 4.737287 -1.686593 5.369127
24.324324 1.869994 4.748861 -1.674317 5.371396
24.424424 1.858154 4.760237 -1.661979 5.373524
24.524525 1.846245 4.771415 -1.649580 5.375513
24.624625 1.834270 4.782399 -1.637123 5.377366
24.724725 1.822226 4.793182 -1.624606 5.379075
24.824825 1.810112 4.803758 -1.612027 5.380634
24.924925 1.797925 4.814120 -1.599385 5.382037
25.025025 1.785664 4.824259 -1.586677 5.383272
25.125125 1.773324 4.834162 -1.573900 5.384326
25.225225 1.760906 4.843829 -1.561054 5.385198
25.325325 1.748411 4.853262 -1.548142 5.385892
25.425425 1.735838 4.862455 -1.535161 5.386401
25.525526 1.723187 4.871407 -1.522112 5.386725
25.625626 1.710461 4.880123 -1.508999 5.386869
25.725726 1.697659 4.888597 -1.495818 5.386826
25.825826 1.684779 4.896825 -1.482571 5.386594
25.925926 1.671822 4.904801 -1.469256 5.386165
26.026026 1.658784 4.912518 -1.455871 5.385532
26.126126 1.645664 4.919970 -1.442416 5.384690
26.226226 1.632464 4.927154 -1.428891 5.383634
26.326326 1.619185 4.934077 -1.415298 5.382374
26.426426 1.605832 4.940751 -1.401642 5.380922
26.526527 1.592413 4.947195 -1.387929 5.379300
26.626627 1.578932 4.953423 -1.374163 5.377523
26.726727 1.565390 4.959431 -1.360345 5.375588
26.826827 1.551786 4.965218 -1.346474 5.373493
26.926927 1.538121 4.970785 -1.332552 5.371239
27.027027 1.524397 4.976133 -1.318579 5.368830
27.127127 1.510613 4.981260 -1.304555 5.366262
27.227227 1.496773 4.986177 -1.290485 5.363548
27.327327 1.482883 4.990900 -1.276372 5.360704
27.427427 1.468946 4.995437 -1.262220 5.357742
27.527528 1.454964 4.999793 -1.248031 5.354665
27.627628 1.440938 5.003970 -1.233804 5.351476
27.727728 1.426867 5.007966 -1.219541 5.348173
27.827828 1.412755 5.011787 -1.205243 5.344763
27.927928 1.398602 5.015439 -1.190913 5.341253
28.028028 1.384407 5.018907 -1.176547 5.337628
28.128128 1.370165 5.022176 -1.162142 5.333871
28.228228 1.355875 5.025243 -1.147699 5.329979
28.328328 1.341534 5.028090 -1.133213 5.325934
28.428428 1.327138 5.030701 -1.118682 5.321719
28.528529 1.312684 5.033060 -1.104103 5.317319
28.628629 1.298170 5.035162 -1.089475 5.312726
28.728729 1.283599 5.037009 -1.074800 5.307945
28.828829 1.268968 5.038593 -1.060077 5.302968
28.928929 1.254277 5.039908 -1.045305 5.297787
29.029029 1.239528 5.040953 -1.030485 5.292404
29.129129 1.224720 5.041729 -1.015618 5.286819
29.229229 1.209852 5.042228 -1.000703 5.281024
29.329329 1.194924 5.042444 -0.985740 5.275013
29.429429 1.179939 5.042382 -0.970730 5.268794
29.529530 1.164899 5.042055 -0.955677 5.262379
29.629630 1.149808 5.041475 -0.940584 5.255780
29.729730 1.134669 5.040647 -0.925452 5.249006
29.829830 1.119483 5.039577 -0.910284 5.242060
29.929930 1.104250 5.038260 -0.895079 5.234940
30.030030 1.088967 5.036682 -0.879836 5.227631
30.130130 1.073635 5.034838 -0.864553 5.220128
30.230230 1.058252 5.032721 -0.849232 5.212425
30.330330 1.042818 5.030319 -0.833870 5.204509
30.430430 1.027330 5.027626 -0.818468 5.196376
30.530531 1.011790 5.024637 -0.803026 5.188020
30.630631 0.996196 5.021342 -0.787542 5.179431
30.730731 0.980547 5.017725 -0.772016 5.170595
30.830831 0.964839 5.013776 -0.756446 5.161500
30.930931 0.949076 5.009495 -0.740834 5.152147
31.031031 0.933257 5.004878 -0.725180 5.142534
31.131131 0.917381 4.999915 -0.709484 5.132651
31.231231 0.901449 4.994602 -0.693746 5.122493
31.331331 0.885460 4.988933 -0.677966 5.112057
31.431431 0.869416 4.982909 -0.662146 5.101343
31.531532 0.853318 4.976536 -0.646287 5.090358
31.631632 0.837171 4.969824 -0.630392 5.079114
31.731732 0.820975 4.962783 -0.614463 5.067621
31.831832 0.804734 4.955415 -0.598501 5.055882
31.931932 0.788448 4.947728 -0.582508 5.043906
32.032032 0.772122 4.939740 -0.566488 5.031711
32.132132 0.755758 4.931457 -0.550442 5.019306
32.232232 0.739356 4.922882 -0.534370 5.006693
32.332332 0.722918 4.914010 -0.518275 4.993868
32.432432 0.706444 4.904837 -0.502155 4.980828
32.532533 0.689931 4.895348 -0.486011 4.967559
32.632633 0.673382 4.885540 -0.469843 4.954058
32.732733 0.656798 4.875432 -0.453654 4.940346
32.832833 0.640184 4.865036 -0.437446 4.926436
32.932933 0.623541 4.854357 -0.421220 4.912332
33.033033 0.606868 4.843394 -0.404977 4.898037
33.133133 0.590168 4.832149 -0.388719 4.883551
33.233233 0.573443 4.820629 -0.372446 4.868883
33.333333 0.556693 4.808843 -0.356161 4.854042
33.433433 0.539921 4.796794 -0.339864 4.839035
33.533534 0.523126 4.784470 -0.323555 4.823847
33.633634 0.506307 4.771854 -0.307234 4.808465
33.733734 0.489465 4.758949 -0.290903 4.792890
33.833834 0.472601 4.745755 -0.274562 4.777125
33.933934 0.455716 4.732274 -0.258212 4.761173
34.034034 0.438811 4.718499 -0.241854 4.745027
34.134134 0.421885 4.704415 -0.225488 4.728673
34.234234 0.404938 4.690016 -0.209115 4.712107
34.334334 0.387972 4.675291 -0.192735 4.695318
34.434434 0.370986 4.660239 -0.176350 4.678307
34.534535 0.353982 4.644864 -0.159960 4.661078
34.634635 0.336962 4.629162 -0.143567 4.643629
34.734735 0.319926 4.613139 -0.127173 4.625968
34.834835 0.302876 4.596806 -0.110777 4.608105
34.934935 0.285815 4.580170 -0.094382 4.590049
35.035035 0.268743 4.563240 -0.077990 4.571812
35.135135 0.251662 4.546023 -0.061600 4.553400
35.235235 0.234573 4.528510 -0.045214 4.534806
35.335335 0.217477 4.510700 -0.028834 4.516032
35.435435 0.200374 4.492599 -0.012459 4.497082
35.535536 0.183267 4.474203 0.003908 4.477957
35.635636 0.166155 4.455500 0.020266 4.458643
35.735736 0.149039 4.436476 0.036616 4.439129
35.835836 0.131920 4.417128 0.052954 4.419415
35.935936 0.114801 4.397466 0.069280 4.399510
36.036036 0.097681 4.377503 0.085594 4.379429
36.136136 0.080563 4.357238 0.101893 4.359174
36.236236 0.063448 4.336664 0.118177 4.338738
36.336336 0.046336 4.315772 0.134444 4.318115
36.436436 0.029228 4.294563 0.150693 4.297305
36.536537 0.012128 4.273040 0.166922 4.276316
36.636637 -0.004966 4.251197 0.183131 4.255143
36.736737 -0.022051 4.229021 0.199317 4.233773
36.836837 -0.039126 4.206510 0.215478 4.212207
36.936937 -0.056189 4.183679 0.231615 4.190462
37.037037 -0.073240 4.160540 0.247727 4.168552
37.137137 -0.090277 4.137099 0.263812 4.146485
37.237237 -0.107299 4.113347 0.279869 4.124253
37.337337 -0.124303 4.089252 0.295894 4.101828
37.437437 -0.141288 4.064804 0.311885 4.079199
37.537538 -0.158252 4.039995 0.327839 4.056363
37.637638 -0.175193 4.014820 0.343756 4.033316
37.737738 -0.192109 3.989266 0.359631 4.010048
37.837838 -0.208997 3.963307 0.375461 3.986534
37.937938 -0.225854 3.936940 0.391243 3.962775
38.038038 -0.242682 3.910196 0.406980 3.938802
38.138138 -0.259478 3.883093 0.422670 3.914638
38.238238 -0.276240 3.855611 0.438310 3.890265
38.338338 -0.292964 3.827729 0.453896 3.865664
38.438438 -0.309649 3.799446 0.469425 3.840838
38.538539 -0.326294 3.770778 0.484898 3.815804
38.638639 -0.342897 3.741732 0.500314 3.790574
38.738739 -0.359457 3.712319 0.515671 3.765161
38.838839 -0.375975 3.682561 0.530971 3.739591
38.938939 -0.392449 3.652465 0.546213 3.713875
39.039039 -0.408877 3.622028 0.561395 3.688012
39.139139 -0.425257 3.591237 0.576513 3.661994
39.239239 -0.441582 3.560068 0.591561 3.635798
39.339339 -0.457850 3.528512 0.606536 3.609420
39.439439 -0.474058 3.496573 0.621435 3.582867
39.539540 -0.490206 3.464252 0.636257 3.556145
39.639640 -0.506288 3.431538 0.650997 3.529246
39.739740 -0.522300 3.398413 0.665649 3.502156
39.839840 -0.538237 3.364862 0.680209 3.474864
39.939940 -0.554092 3.330854 0.694666 3.447342
40.040040 -0.569856 3.296363 0.709013 3.419567
40.140140 -0.585523 3.261371 0.723242 3.391528
40.240240 -0.601090 3.225873 0.737349 3.363220
40.340340 -0.616547 3.189839 0.751323 3.334620
40.440440 -0.631885 3.153241 0.765155 3.305703
40.540541 -0.647100 3.116082 0.778840 3.276476
40.640641 -0.662188 3.078360 0.792374 3.246944
40.740741 -0.677147 3.040082 0.805755 3.217121
40.840841 -0.691971 3.001248 0.818978 3.187011
40.940941 -0.706650 2.961833 0.832032 3.156594
41.041041 -0.721171 2.921797 0.844901 3.125835
41.141141 -0.735524 2.881125 0.857575 3.094723
41.241241 -0.749700 2.839804 0.870045 3.063252
41.341341 -0.763688 2.797810 0.882297 3.031403
41.441441 -0.777481 2.755143 0.894327 2.999185
41.541542 -0.791070 2.711795 0.906124 2.966595
41.641642 -0.804443 2.667744 0.917675 2.933618
41.741742 -0.817594 2.622995 0.928975 2.900269
41.841842 -0.830516 2.577547 0.940014 2.866554
41.941942 -0.843193 2.531376 0.950779 2.832459
42.042042 -0.855612 2.484468 0.961255 2.797976
42.142142 -0.867767 2.436828 0.971435 2.763120
42.242242 -0.879650 2.388458 0.981312 2.727910
42.342342 -0.891248 2.339347 0.990872 2.692340
42.442442 -0.902552 2.289500 1.000108 2.656431
42.542543 -0.913556 2.238923 1.009012 2.620204
42.642643 -0.924234 2.187579 1.017557 2.583627
42.742743 -0.934572 2.135465 1.025730 2.546715
42.842843 -0.944579 2.082622 1.033540 2.509531
42.942943 -0.954243 2.029055 1.040976 2.472099
43.043043 -0.963533 1.974723 1.048006 2.434387
43.143143 -0.972411 1.919578 1.054589 2.396356
43.243243 -0.980850 1.863594 1.060697 2.357993
43.343343 -0.988814 1.806737 1.066292 2.319274
43.443443 -0.996264 1.748971 1.071335 2.280175
43.543544 -1.003155 1.690251 1.075777 2.240662
43.643644 -1.009439 1.630537 1.079570 2.200702
43.743744 -1.015084 1.569818 1.082681 2.160306
43.843844 -1.020074 1.508113 1.085093 2.119524
43.943944 -1.024393 1.445443 1.086794 2.078415
44.044044 -1.028004 1.381801 1.087744 2.036997
44.144144 -1.030829 1.317130 1.087864 1.995216
44.244244 -1.032794 1.251386 1.087078 1.953041
44.344344 -1.033864 1.184582 1.085349 1.910522
44.444444 -1.033967 1.116699 1.082608 1.867658
44.544545 -1.033003 1.047688 1.078750 1.824403
44.644645 -1.030868 0.977517 1.073671 1.780729
44.744745 -1.027456 0.906161 1.067263 1.736618
44.844845 -1.022645 0.833596 1.059401 1.692045
44.944945 -1.016326 0.759828 1.049980 1.647032
45.045045 -1.008376 0.684868 1.038875 1.601601
45.145145 -0.998628 0.608712 1.025917 1.555729
45.245245 -0.986948 0.531406 1.010978 1.509482
45.345345 -0.973176 0.452999 0.993895 1.462911
45.445445 -0.957096 0.373547 0.974456 1.416028
45.545546 -0.938555 0.293160 0.952513 1.368981
45.645646 -0.917398 0.211984 0.927917 1.321963
45.745746 -0.893384 0.130178 0.900432 1.275091
45.845846 -0.866294 0.047953 0.869848 1.228576
45.945946 -0.835884 -0.034422 0.835931 1.182653
46.046046 -0.801790 -0.116611 0.798333 1.137454
46.146146 -0.763674 -0.198179 0.756731 1.093213
46.246246 -0.721176 -0.278568 0.710788 1.050198
46.346346 -0.673944 -0.357086 0.660181 1.008737
46.446446 -0.621722 -0.432913 0.604689 0.969330
46.546547 -0.564275 -0.505048 0.544116 0.932492
46.646647 -0.501433 -0.572293 0.478344 0.898759
46.746747 -0.433181 -0.633294 0.407414 0.868731
46.846847 -0.359707 -0.686579 0.331575 0.843043
46.946947 -0.281465 -0.730673 0.251346 0.822362
47.047047 -0.199211 -0.764244 0.167538 0.807356
47.147147 -0.113949 -0.786130 0.081208 0.798486
47.247247 -0.026917 -0.795621 -0.006377 0.796102
47.347347 0.060516 -0.792596 -0.093840 0.800422
47.447447 0.147001 -0.777366 -0.179840 0.811326
47.547548 0.231316 -0.750724 -0.263189 0.828470
47.647648 0.312475 -0.713864 -0.342948 0.851385
47.747748 0.389784 -0.668219 -0.418482 0.879531
47.847848 0.462790 -0.615214 -0.489397 0.912235
47.947948 0.531206 -0.556125 -0.555459 0.948678
48.048048 0.594867 -0.492076 -0.616549 0.987997
48.148148 0.653713 -0.424064 -0.672650 1.029383
48.248248 0.707875 -0.353027 -0.723931 1.072283
48.348348 0.757589 -0.279790 -0.770665 1.116310
48.448448 0.803042 -0.204999 -0.813064 1.161023
48.548549 0.844460 -0.129196 -0.851380 1.206090
48.648649 0.882131 -0.052838 -0.885918 1.251319
48.748749 0.916298 0.023709 -0.916938 1.296510
48.848849 0.947214 0.100152 -0.944706 1.341534
48.948949 0.975149 0.176261 -0.969501 1.386332
49.049049 1.000307 0.251847 -0.991537 1.430799
49.149149 1.022915 0.326771 -1.011044 1.474905
49.249249 1.043185 0.400928 -1.028243 1.518638
49.349349 1.061268 0.474223 -1.043287 1.561930
49.449449 1.077301 0.546581 -1.056316 1.604722
49.549550 1.091418 0.617946 -1.067467 1.646978
49.649650 1.103758 0.688284 -1.076882 1.688695
49.749750 1.114441 0.757567 -1.084681 1.729861
49.849850 1.123602 0.825795 -1.090999 1.770508
49.949950 1.131387 0.892990 -1.095981 1.810702
50.050050 1.137905 0.959165 -1.099738 1.850473
50.150150 1.143252 1.024331 -1.102364 1.889837
50.250250 1.147488 1.088478 -1.103919 1.928769
50.350350 1.150663 1.151598 -1.104454 1.967238
50.450450 1.152835 1.213692 -1.104028 2.005232
50.550551 1.154076 1.274784 -1.102711 2.042777
50.650651 1.154448 1.334893 -1.100564 2.079887
50.750751 1.153985 1.394015 -1.097623 2.116539
50.850851 1.152738 1.452168 -1.093937 2.152741
50.950951 1.150748 1.509360 -1.089547 2.188493
51.051051 1.148047 1.565597 -1.084484 2.223783
51.151151 1.144671 1.620891 -1.078785 2.258614
51.251251 1.140655 1.675255 -1.072484 2.292988
51.351351 1.136043 1.728720 -1.065622 2.326933
51.451451 1.130882 1.781326 -1.058248 2.360488
51.551552 1.125211 1.833105 -1.050396 2.393680
51.651652 1.119068 1.884091 -1.042106 2.426540
51.751752 1.112483 1.934308 -1.033405 2.459084
51.851852 1.105467 1.983750 -1.024304 2.491289
51.951952 1.098023 2.032401 -1.014809 2.523122
52.052052 1.090164 2.080257 -1.004930 2.554567
52.152152 1.081920 2.127351 -0.994697 2.585652
52.252252 1.073308 2.173698 -0.984128 2.616383
52.352352 1.064346 2.219309 -0.973239 2.646764
52.452452 1.055054 2.264205 -0.962049 2.676808
52.552553 1.045440 2.308384 -0.950566 2.706503
52.652653 1.035519 2.351857 -0.938805 2.735852
52.752753 1.025304 2.394634 -0.926779 2.764858
52.852853 1.014798 2.436705 -0.914492 2.793500
52.952953 1.003993 2.478029 -0.901936 2.821723
53.053053 0.992889 2.518585 -0.889112 2.849494
53.153153 0.981497 2.558381 -0.876032 2.876818
53.253253 0.969831 2.597434 -0.862708 2.903705
53.353353 0.957910 2.635775 -0.849159 2.930183
53.453453 0.945750 2.673427 -0.835400 2.956273
53.553554 0.933360 2.710400 -0.821439 2.981977
53.653654 0.920753 2.746710 -0.807288 3.007311
53.753754 0.907941 2.782376 -0.792958 3.032286
53.853854 0.894928 2.817395 -0.778455 3.056894
53.953954 0.881716 2.851752 -0.763779 3.081115
54.054054 0.868303 2.885426 -0.748931 3.104921
54.154154 0.854691 2.918406 -0.733913 3.128293
54.254254 0.840883 2.950679 -0.718728 3.151216
54.354354 0.826887 2.982258 -0.703383 3.173697
54.454454 0.812713 3.013160 -0.687889 3.195751
54.554555 0.798371 3.043402 -0.672254 3.217393
54.654655 0.783872 3.073007 -0.656488 3.238642
54.754755 0.769224 3.101989 -0.640599 3.259510
54.854855 0.754429 3.130343 -0.624591 3.279989
54.954955 0.739495 3.158076 -0.608467 3.300080
55.055055 0.724427 3.185198 -0.592236 3.319793
55.155155 0.709229 3.211704 -0.575900 3.339118
55.255255 0.693904 3.237596 -0.559463 3.358055
55.355355 0.678461 3.262892 -0.542932 3.376618
55.455455 0.662907 3.287611 -0.526315 3.394825
55.555556 0.647256 3.311797 -0.509621 3.412719
55.655656 0.631514 3.335479 -0.492860 3.430327
55.755756 0.615685 3.358647 -0.476031 3.447634
55.855856 0.599773 3.381314 -0.459141 3.464653
55.955956 0.583788 3.403523 -0.442197 3.481425
56.056056 0.567739 3.425302 -0.425207 3.497974
56.156156 0.551630 3.446662 -0.408173 3.514310
56.256256 0.535460 3.467591 -0.391098 3.530419
56.356356 0.519232 3.488083 -0.373981 3.546292
56.456456 0.502951 3.508165 -0.356830 3.561953
56.556557 0.486624 3.527861 -0.339649 3.577425
56.656657 0.470252 3.547168 -0.322438 3.592702
56.756757 0.453838 3.566094 -0.305202 3.607789
56.856857 0.437387 3.584662 -0.287944 3.622709
56.956957 0.420903 3.602881 -0.270666 3.637468
57.057057 0.404385 3.620745 -0.253371 3.652057
57.157157 0.387836 3.638253 -0.236059 3.666473
57.257257 0.371258 3.655403 -0.218732 3.680713
57.357357 0.354649 3.672172 -0.201391 3.694751
57.457457 0.338011 3.688553 -0.184037 3.708578
57.557558 0.321347 3.704547 -0.166672 3.722191
57.657658 0.304657 3.720154 -0.149299 3.735593
57.757758 0.287945 3.735387 -0.131919 3.748791
57.857858 0.271213 3.750260 -0.114534 3.761798
57.957958 0.254465 3.764780 -0.097147 3.774620
58.058058 0.237701 3.778952 -0.079759 3.787260
58.158158 0.220923 3.792775 -0.062372 3.799716
58.258258 0.204132 3.806234 -0.044988 3.811970
58.358358 0.187330 3.819317 -0.027607 3.824008
58.458458 0.170517 3.832028 -0.010231 3.835834
58.558559 0.153696 3.844367 0.007137 3.847445
58.658659 0.136869 3.856341 0.024496 3.858847
58.758759 0.120036 3.867951 0.041845 3.870040
58.858859 0.103201 3.879199 0.059182 3.881022
58.958959 0.086364 3.890101 0.076505 3.891811
59.059059 0.069528 3.900654 0.093813 3.902402
59.159159 0.052694 3.910853 0.111105 3.912786
59.259259 0.035862 3.920697 0.128379 3.922962
59.359359 0.019036 3.930183 0.145633 3.932926
59.459459 0.002216 3.939327 0.162866 3.942693
59.559560 -0.014597 3.948127 0.180078 3.952258
59.659660 -0.031400 3.956581 0.197265 3.961620
59.759760 -0.048192 3.964701 0.214428 3.970788
59.859860 -0.064973 3.972509 0.231566 3.979783
59.959960 -0.081741 3.980026 0.248679 3.988625
60.060060 -0.098496 3.987276 0.265767 3.997337
60.160160 -0.115237 3.994288 0.282832 4.005947
60.260260 -0.131963 4.001063 0.299872 4.014454
60.360360 -0.148674 4.007597 0.316886 4.022854
60.460460 -0.165368 4.013896 0.333874 4.031151
60.560561 -0.182044 4.019959 0.350834 4.039343
60.660661 -0.198702 4.025793 0.367766 4.047437
60.760761 -0.215342 4.031406 0.384671 4.055438
60.860861 -0.231961 4.036795 0.401546 4.063343
60.960961 -0.248560 4.041952 0.418390 4.071144
61.061061 -0.265136 4.046882 0.435203 4.078842
61.161161 -0.281690 4.051582 0.451983 4.086436
61.261261 -0.298221 4.056064 0.468731 4.093934
61.361361 -0.314730 4.060359 0.485450 4.101370
61.461461 -0.331219 4.064480 0.502140 4.108752
61.561562 -0.347686 4.068438 0.518802 4.116094
61.661662 -0.364132 4.072241 0.535437 4.123401
61.761762 -0.380556 4.075886 0.552043 4.130668
61.861862 -0.396957 4.079369 0.568620 4.137892
61.961962 -0.413333 4.082671 0.585163 4.145053
62.062062 -0.429681 4.085772 0.601670 4.152128
62.162162 -0.446000 4.088672 0.618140 4.159117
62.262262 -0.462291 4.091388 0.634574 4.166035
62.362362 -0.478554 4.093925 0.650973 4.172889
62.462462 -0.494790 4.096289 0.667336 4.179682
62.562563 -0.510997 4.098485 0.683664 4.186418
62.662663 -0.527176 4.100517 0.699957 4.193101
62.762763 -0.543327 4.102392 0.716216 4.199737
62.862863 -0.559452 4.104125 0.732442 4.206341
62.962963 -0.575551 4.105726 0.748637 4.212921
63.063063 -0.591625 4.107202 0.764801 4.219484
63.163163 -0.607675 4.108562 0.780936 4.226039
63.263263 -0.623699 4.109808 0.797042 4.232587
63.363363 -0.639700 4.110942 0.813118 4.239130
63.463463 -0.655675 4.111964 0.829165 4.245665
63.563564 -0.671625 4.112878 0.845182 4.252197
63.663664 -0.687550 4.113685 0.861169 4.258725
63.763764 -0.703447 4.114371 0.877123 4.265235
63.863864 -0.719314 4.114928 0.893042 4.271717
63.963964 -0.735153 4.115362 0.908927 4.278177
64.064064 -0.750964 4.115687 0.924780 4.284629
64.164164 -0.766748 4.115906 0.940601 4.291074
64.264264 -0.782505 4.116021 0.956391 4.297514
64.364364 -0.798238 4.116049 0.972153 4.303966
64.464464 -0.813947 4.115998 0.987889 4.310438
64.564565 -0.829635 4.115872 1.003599 4.316933
64.664665 -0.845298 4.115666 1.019281 4.323444
64.764765 -0.860935 4.115369 1.034934 4.329960
64.864865 -0.876543 4.114970 1.050553 4.336470
64.964965 -0.892119 4.114453 1.066134 4.342953
65.065065 -0.907660 4.113818 1.081677 4.349410
65.165165 -0.923168 4.113062 1.097181 4.355837
65.265265 -0.938638 4.112173 1.112641 4.362221
65.365365 -0.954069 4.111148 1.128057 4.368557
65.465465 -0.969458 4.109972 1.143424 4.374830
65.565566 -0.984802 4.108641 1.158739 4.381032
65.665666 -1.000099 4.107146 1.174001 4.387154
65.765766 -1.015351 4.105493 1.189211 4.393203
65.865866 -1.030558 4.103694 1.204369 4.399188
65.965966 -1.045716 4.101730 1.219472 4.405091
66.066066 -1.060821 4.099586 1.234514 4.410892
66.166166 -1.075869 4.097255 1.249492 4.416585
66.266266 -1.090861 4.094737 1.264405 4.422168
66.366366 -1.105794 4.092029 1.279251 4.427636
66.466466 -1.120668 4.089128 1.294029 4.432988
66.566567 -1.135482 4.086041 1.308741 4.438226
66.666667 -1.150235 4.082760 1.323383 4.443345
66.766767 -1.164926 4.079287 1.337955 4.448343
66.866867 -1.179556 4.075626 1.352457 4.453226
66.966967 -1.194123 4.071773 1.366888 4.457987
67.067067 -1.208627 4.067734 1.381249 4.462632
67.167167 -1.223072 4.063522 1.395543 4.467175
67.267267 -1.237455 4.059130 1.409768 4.471608
67.367367 -1.251776 4.054560 1.423923 4.475931
67.467467 -1.266042 4.049837 1.438017 4.480171
67.567568 -1.280258 4.044978 1.452054 4.484347
67.667668 -1.294424 4.039985 1.466036 4.488460
67.767768 -1.308538 4.034858 1.479961 4.492508
67.867868 -1.322600 4.029593 1.493827 4.496489
67.967968 -1.336612 4.024198 1.507638 4.500408
68.068068 -1.350567 4.018656 1.521386 4.504247
68.168168 -1.364460 4.012953 1.535065 4.507989
68.268268 -1.378290 4.007088 1.548674 4.511632
68.368368 -1.392057 4.001061 1.562212 4.515176
68.468468 -1.405759 3.994872 1.575680 4.518620
68.568569 -1.419392 3.988508 1.589070 4.521948
68.668669 -1.432948 3.981950 1.602375 4.525138
68.768769 -1.446427 3.975199 1.615595 4.528190
68.868869 -1.459833 3.968270 1.628734 4.531121
68.968969 -1.473167 3.961168 1.641795 4.533934
69.069069 -1.486430 3.953895 1.654777 4.536634
69.169169 -1.499621 3.946452 1.667679 4.539218
69.269269 -1.512738 3.938836 1.680501 4.541684
69.369369 -1.525785 3.931057 1.693244 4.544040
69.469469 -1.538757 3.923107 1.705907 4.546280
69.569570 -1.551648 3.914971 1.718480 4.548382
69.669670 -1.564452 3.906635 1.730958 4.550332
69.769770 -1.577160 3.898079 1.743330 4.552105
69.869870 -1.589769 3.889297 1.755593 4.553691
69.969970 -1.602272 3.880278 1.767740 4.555078
70.070070 -1.614657 3.870992 1.779758 4.556230
70.170170 -1.626913 3.861416 1.791635 4.557119
70.270270 -1.639035 3.851539 1.803364 4.557731
70.370370 -1.651015 3.841352 1.814939 4.558053
70.470470 -1.662849 3.830840 1.826353 4.558066
70.570571 -1.674529 3.819996 1.837600 4.557762
70.670671 -1.686056 3.808818 1.848679 4.557136
70.770771 -1.697424 3.797300 1.859584 4.556182
70.870871 -1.708629 3.785437 1.870312 4.554889
70.970971 -1.719668 3.773224 1.880859 4.553253
71.071071 -1.730540 3.760663 1.891224 4.551273
71.171171 -1.741243 3.747753 1.901405 4.548948
71.271271 -1.751772 3.734487 1.911397 4.546266
71.371371 -1.762123 3.720857 1.921195 4.543220
71.471471 -1.772294 3.706867 1.930798 4.539810
71.571572 -1.782288 3.692523 1.940209 4.536043
71.671672 -1.792103 3.677826 1.949426 4.531920
71.771772 -1.801733 3.662766 1.958442 4.527426
71.871872 -1.811178 3.647348 1.967258 4.522567
71.971972 -1.820450 3.631596 1.975885 4.517372
72.072072 -1.829558 3.615537 1.984337 4.511871
72.172172 -1.838510 3.599186 1.992620 4.506084
72.272272 -1.847308 3.582550 2.000736 4.500017
72.372372 -1.855961 3.565650 2.008697 4.493697
72.472472 -1.864481 3.548509 2.016513 4.487152
72.572573 -1.872873 3.531142 2.024192 4.480398
72.672673 -1.881140 3.513557 2.031737 4.473446
72.772773 -1.889284 3.495757 2.039150 4.466301
72.872873 -1.897304 3.477745 2.046430 4.458963
72.972973 -1.905199 3.459518 2.053574 4.451429
73.073073 -1.912967 3.441078 2.060583 4.443700
73.173173 -1.920607 3.422425 2.067456 4.435774
73.273273 -1.928122 3.403563 2.074193 4.427660
73.373373 -1.935513 3.384499 2.080798 4.419362
73.473473 -1.942775 3.365225 2.087266 4.410872
73.573574 -1.949907 3.345742 2.093594 4.402189
73.673674 -1.956915 3.326061 2.099790 4.393326
73.773774 -1.963803 3.306192 2.105857 4.384297
73.873874 -1.970575 3.286142 2.111801 4.375112
73.973974 -1.977227 3.265908 2.117617 4.365763
74.074074 -1.983751 3.245479 2.123296 4.356235
74.174174 -1.990141 3.224846 2.128834 4.346519
74.274274 -1.996392 3.204002 2.134222 4.336601
74.374374 -2.002499 3.182943 2.139458 4.326478
74.474474 -2.008462 3.161669 2.144540 4.316147
74.574575 -2.014283 3.140187 2.149471 4.305617
74.674675 -2.019965 3.118503 2.154254 4.294896
74.774775 -2.025505 3.096614 2.158887 4.283980
74.874875 -2.030893 3.074509 2.163358 4.272851
74.974975 -2.036125 3.052181 2.167664 4.261500
75.075075 -2.041210 3.029648 2.171813 4.249950
75.175175 -2.046163 3.006934 2.175823 4.238236
75.275275 -2.050990 2.984049 2.179700 4.226370
75.375375 -2.055687 2.960990 2.183439 4.214346
75.475475 -2.060249 2.937750 2.187035 4.202157
75.575576 -2.064673 2.914328 2.190485 4.189798
75.675676 -2.068960 2.890728 2.193791 4.177275
75.775776 -2.073116 2.866958 2.196958 4.164599
75.875876 -2.077144 2.843026 2.199991 4.151781
75.975976 -2.081055 2.818947 2.202899 4.138843
76.076076 -2.084845 2.794719 2.205681 4.125780
76.176176 -2.088495 2.770318 2.208315 4.112558
76.276276 -2.091998 2.745736 2.210794 4.099163
76.376376 -2.095347 2.720965 2.213111 4.085583
76.476476 -2.098530 2.695993 2.215253 4.071800
76.576577 -2.101543 2.670816 2.217216 4.057806
76.676677 -2.104393 2.645447 2.219008 4.043619
76.776777 -2.107089 2.619897 2.220638 4.029258
76.876877 -2.109630 2.594168 2.222105 4.014722
76.976977 -2.112015 2.568262 2.223409 4.000015
77.077077 -2.114239 2.542174 2.224544 3.985129
77.177177 -2.116290 2.515891 2.225497 3.970042
77.277277 -2.118165 2.489412 2.226266 3.954751
77.377377 -2.119866 2.462743 2.226852 3.939265
77.477477 -2.121400 2.435893 2.227264 3.923597
77.577578 -2.122774 2.408872 2.227507 3.907765
77.677678 -2.123987 2.381684 2.227584 3.891769
77.777778 -2.125031 2.354318 2.227482 3.875596
77.877878 -2.125898 2.326771 2.227197 3.859237
77.977978 -2.126598 2.299053 2.226736 3.842710
78.078078 -2.127139 2.271177 2.226110 3.826033
78.178178 -2.127524 2.243148 2.225321 3.809216
78.278278 -2.127746 2.214961 2.224362 3.792247
78.378378 -2.127797 2.186609 2.223226 3.775118
78.478478 -2.127675 2.158093 2.221908 3.757825
78.578579 -2.127370 2.129404 2.220400 3.740353
78.678679 -2.126873 2.100536 2.218693 3.722692
78.778779 -2.126190 2.071498 2.216792 3.704856
78.878879 -2.125326 2.042296 2.214702 3.686854
78.978979 -2.124276 2.012929 2.212420 3.668683
79.079079 -2.123032 1.983391 2.209935 3.650331
79.179179 -2.121575 1.953667 2.207230 3.631771
79.279279 -2.119895 1.923751 2.204294 3.612988
79.379379 -2.117984 1.893639 2.201117 3.593973
79.479479 -2.115835 1.863327 2.197694 3.574718
79.579580 -2.113448 1.832819 2.194025 3.555226
79.679680 -2.110828 1.802120 2.190113 3.535509
79.779780 -2.107973 1.771235 2.185959 3.515571
79.879880 -2.104884 1.740166 2.181562 3.495415
79.979980 -2.101576 1.708929 2.176939 3.475072
80.080080 -2.098069 1.677543 2.172111 3.454579
80.180180 -2.094371 1.646018 2.167085 3.433951
80.280280 -2.090473 1.614348 2.161853 3.413181
80.380380 -2.086378 1.582539 2.156418 3.392276
80.480480 -2.082088 1.550595 2.150781 3.371245
80.580581 -2.077583 1.518504 2.144923 3.350060
80.680681 -2.072838 1.486250 2.138818 3.328685
80.780781 -2.067854 1.453838 2.132467 3.307126
80.880881 -2.062643 1.421279 2.125882 3.285408
80.980981 -2.057196 1.388571 2.119055 3.263522
81.081081 -2.051491 1.355702 2.111962 3.241439
81.181181 -2.045512 1.322664 2.104588 3.219138
81.281281 -2.039234 1.289446 2.096906 3.196586
81.381381 -2.032635 1.256038 2.088896 3.173755
81.481481 -2.025709 1.222441 2.080549 3.150641
81.581582 -2.018452 1.188657 2.071864 3.127246
81.681682 -2.010847 1.154681 2.062822 3.103551
81.781782 -2.002867 1.120503 2.053395 3.079518
81.881882 -1.994497 1.086120 2.043569 3.055135
81.981982 -1.985727 1.051532 2.033334 3.030393
82.082082 -1.976539 1.016736 2.022672 3.005272
82.182182 -1.966908 0.981724 2.011556 2.979742
82.282282 -1.956808 0.946493 1.999962 2.953777
82.382382 -1.946243 0.911049 1.987892 2.927385
82.482482 -1.935214 0.875401 1.975350 2.900584
82.582583 -1.923710 0.839551 1.962323 2.873363
82.682683 -1.911726 0.803505 1.948807 2.845727
82.782783 -1.899264 0.767271 1.934805 2.817690
82.882883 -1.886320 0.730856 1.920312 2.789256
82.982983 -1.872882 0.694263 1.905315 2.760419
83.083083 -1.858942 0.657497 1.889810 2.731180
83.183183 -1.844499 0.620566 1.873794 2.701552
83.283283 -1.829555 0.583480 1.857268 2.671547
83.383383 -1.814076 0.546238 1.840201 2.641134
83.483483 -1.798019 0.508835 1.822548 2.610262
83.583584 -1.781359 0.471275 1.804285 2.578912
83.683684 -1.764069 0.433562 1.785384 2.547059
83.783784 -1.746125 0.395702 1.765821 2.514688
83.883884 -1.727501 0.357702 1.745571 2.481780
83.983984 -1.708186 0.319572 1.724624 2.448337
84.084084 -1.688168 0.281326 1.702967 2.414364
84.184184 -1.667425 0.242972 1.680580 2.379851
84.284284 -1.645958 0.204528 1.657463 2.344823
84.384384 -1.623746 0.166005 1.633598 2.309275
84.484484 -1.600724 0.127414 1.608917 2.273140
84.584585 -1.576848 0.088770 1.583379 2.236385
84.684685 -1.552109 0.050091 1.556976 2.199029
84.784785 -1.526510 0.011400 1.529709 2.161105
84.884885 -1.500027 -0.027282 1.501558 2.122617
84.984985 -1.472615 -0.065932 1.472478 2.083539
85.085085 -1.444255 -0.104525 1.442450 2.043884
85.185185 -1.414938 -0.143032 1.411467 2.003683
85.285285 -1.384657 -0.181426 1.379523 1.962976
85.385385 -1.353360 -0.219671 1.346567 1.921739
85.485485 -1.320976 -0.257722 1.312531 1.879930
85.585586 -1.287472 -0.295539 1.277382 1.837562
85.685686 -1.252781 -0.333065 1.241057 1.794607
85.785786 -1.216822 -0.370236 1.203476 1.751024
85.885886 -1.179541 -0.406988 1.164589 1.706817
85.985986 -1.140896 -0.443250 1.124355 1.662014
86.086086 -1.100795 -0.478927 1.082687 1.616580
86.186186 -1.059100 -0.513890 1.039453 1.570426
86.286286 -1.015659 -0.547984 0.994505 1.523447
86.386386 -0.970281 -0.581011 0.947662 1.475494
86.486486 -0.922790 -0.612750 0.898757 1.426453
86.586587 -0.873064 -0.642980 0.847675 1.376306
86.686687 -0.820934 -0.671412 0.794260 1.324981
86.786787 -0.766188 -0.697677 0.738316 1.272363
86.886887 -0.708676 -0.721394 0.679708 1.218455
86.986987 -0.648239 -0.742097 0.618296 1.163277
87.087087 -0.584668 -0.759171 0.553895 1.106787
87.187187 -0.517710 -0.771800 0.486289 1.048893
87.287287 -0.447159 -0.779013 0.415310 0.989593
87.387387 -0.372891 -0.779679 0.340882 0.929057
87.487487 -0.294864 -0.772385 0.263021 0.867585
87.587588 -0.213192 -0.755399 0.181916 0.805712
87.687688 -0.128265 -0.726647 0.098042 0.744366
87.787788 -0.040899 -0.683580 0.012325 0.684914
87.887888 0.047392 -0.622962 -0.073583 0.629080
87.987988 0.133912 -0.541273 -0.156834 0.579229
88.088088 0.214310 -0.435769 -0.232954 0.538601
88.188188 0.282620 -0.306248 -0.295958 0.511129
88.288288 0.332456 -0.157006 -0.339628 0.500525
88.388388 0.359178 0.003073 -0.359689 0.508325
88.488488 0.361965 0.163088 -0.355776 0.533098
88.588589 0.343770 0.313887 -0.331229 0.571328
88.688689 0.309347 0.450137 -0.291035 0.618886
88.788789 0.263478 0.569979 -0.240062 0.672254
88.888889 0.210076 0.673743 -0.182216 0.728879
88.988989 0.152005 0.762697 -0.120313 0.786948
89.089089 0.091271 0.838460 -0.056297 0.845290
89.189189 0.029270 0.902710 0.008508 0.903225
89.289289 -0.033063 0.956911 0.073224 0.960278
89.389389 -0.095095 1.002385 0.137272 1.016200
89.489489 -0.156406 1.040305 0.200281 1.070892
89.589590 -0.216706 1.071556 0.261998 1.124205
89.689690 -0.275789 1.096842 0.322247 1.175995
89.789790 -0.333510 1.116756 0.380905 1.226157
89.889890 -0.389750 1.131753 0.437873 1.274560
89.989990 -0.444437 1.142277 0.493098 1.321161
90.090090 -0.497559 1.148815 0.546590 1.366053
90.190190 -0.549137 1.151816 0.598386 1.409361
90.290290 -0.599209 1.151689 0.648542 1.451222
90.390390 -0.647830 1.148801 0.697128 1.491783
90.490490 -0.695039 1.143436 0.744196 1.531128
90.590591 -0.740846 1.135793 0.789765 1.569270
90.690691 -0.785232 1.125997 0.833819 1.606148
90.790791 -0.828214 1.114210 0.876384 1.641783
90.890891 -0.869842 1.100627 0.917517 1.676259
90.990991 -0.910158 1.085405 0.957267 1.709636
91.091091 -0.949169 1.068649 0.995645 1.741907
91.191191 -0.986874 1.050443 1.032655 1.773056
91.291291 -1.023323 1.030922 1.068351 1.803154
91.391391 -1.058568 1.010207 1.102790 1.832275
91.491491 -1.092634 0.988386 1.136003 1.860446
91.591592 -1.125551 0.965544 1.168020 1.887700
91.691692 -1.157351 0.941763 1.198881 1.914078
91.791792 -1.188087 0.917134 1.228640 1.939650
91.891892 -1.217825 0.891753 1.257367 1.964508
91.991992 -1.246607 0.865688 1.285108 1.988705
92.092092 -1.274461 0.838996 1.311893 2.012270
92.192192 -1.301429 0.811738 1.337767 2.035253
92.292292 -1.327528 0.783954 1.362748 2.057668
92.392392 -1.352752 0.755670 1.386832 2.079490
92.492492 -1.377123 0.726925 1.410042 2.100739
92.592593 -1.400687 0.697771 1.432426 2.121474
92.692693 -1.423457 0.668236 1.453999 2.141701
92.792793 -1.445452 0.638353 1.474780 2.161435
92.892893 -1.466676 0.608144 1.494776 2.180673
92.992993 -1.487111 0.577624 1.513969 2.199375
93.093093 -1.506746 0.546809 1.532348 2.217515
93.193193 -1.525576 0.515715 1.549908 2.235074
93.293293 -1.543595 0.484363 1.566646 2.252038
93.393393 -1.560822 0.452776 1.582580 2.268420
93.493493 -1.577307 0.420988 1.597761 2.284287
93.593594 -1.593086 0.389026 1.612229 2.299684
93.693694 -1.608135 0.356900 1.625959 2.314566
93.793794 -1.622423 0.324619 1.638919 2.328881
93.893894 -1.635953 0.292201 1.651115 2.342627
93.993994 -1.648727 0.259661 1.662548 2.355799
94.094094 -1.660723 0.227013 1.673198 2.368360
94.194194 -1.671935 0.194271 1.683058 2.380292
94.294294 -1.682384 0.161454 1.692149 2.391621
94.394394 -1.692087 0.128579 1.700492 2.402366
94.494494 -1.701063 0.095662 1.708105 2.412548
94.594595 -1.709314 0.062718 1.714990 2.422164
94.694695 -1.716827 0.029760 1.721135 2.431191
94.794795 -1.723603 -0.003197 1.726542 2.439624
94.894895 -1.729650 -0.036139 1.731219 2.447471
94.994995 -1.734967 -0.069053 1.735166 2.454726
95.095095 -1.739566 -0.101926 1.738396 2.461402
95.195195 -1.743479 -0.134745 1.740940 2.467539
95.295295 -1.746716 -0.167498 1.742811 2.473149
95.395395 -1.749259 -0.200172 1.743989 2.478199
95.495495 -1.751079 -0.232750 1.744447 2.482648
95.595596 -1.752136 -0.265213 1.744146 2.486436
95.695696 -1.752395 -0.297542 1.743050 2.489506
95.795796 -1.751843 -0.329720 1.741149 2.491840
95.895896 -1.750489 -0.361734 1.738450 2.493446
95.995996 -1.748334 -0.393569 1.734958 2.494323
96.096096 -1.745367 -0.425209 1.730660 2.494452
96.196196 -1.741577 -0.456634 1.725546 2.493815
96.296296 -1.736961 -0.487830 1.719614 2.492405
96.396396 -1.731525 -0.518783 1.712871 2.490230
96.496496 -1.725262 -0.549474 1.705311 2.487276
96.596597 -1.718149 -0.579881 1.696911 2.483506
96.696697 -1.710182 -0.609987 1.687668 2.478917
96.796797 -1.701366 -0.639776 1.677588 2.473512
96.896897 -1.691699 -0.669233 1.666670 2.467287
96.996997 -1.681184 -0.698339 1.654916 2.460245
97.097097 -1.669822 -0.727081 1.642329 2.452387
97.197197 -1.657612 -0.755440 1.628909 2.443709
97.297297 -1.644545 -0.783394 1.614647 2.434197
97.397397 -1.630630 -0.810931 1.599554 2.423868
97.497497 -1.615891 -0.838044 1.583652 2.412752
97.597598 -1.600341 -0.864722 1.566957 2.400873
97.697698 -1.583994 -0.890956 1.549480 2.388248
97.797798 -1.566842 -0.916722 1.531218 2.374868
97.897898 -1.548873 -0.941996 1.512158 2.360717
97.997998 -1.530085 -0.966758 1.492299 2.345792
98.098098 -1.510478 -0.990988 1.471642 2.330092
98.198198 -1.490018 -1.014642 1.450154 2.313569
98.298298 -1.468672 -1.037678 1.427804 2.296171
98.398398 -1.446422 -1.060061 1.404577 2.277872
98.498498 -1.423253 -1.081754 1.380457 2.258651
98.598599 -1.399133 -1.102709 1.355416 2.238457
98.698699 -1.374011 -1.122858 1.329405 2.217213
98.798799 -1.347849 -1.142141 1.302388 2.194857
98.898899 -1.320635 -1.160517 1.274355 2.171372
98.998999 -1.292360 -1.177943 1.245299 2.146745
99.099099 -1.262995 -1.194359 1.215195 2.120931
99.199199 -1.232531 -1.209718 1.184033 2.093916
99.299299 -1.200940 -1.223953 1.151789 2.065657
99.399399 -1.168193 -1.236993 1.118437 2.036106
99.499499 -1.134280 -1.248779 1.083970 2.005251
99.599600 -1.099181 -1.259240 1.048370 1.973059
99.699700 -1.062875 -1.268299 1.011620 1.939500
99.799800 -1.025351 -1.275884 0.973710 1.904557
99.899900 -0.986577 -1.281892 0.934615 1.868177
100.000000 -0.946502 -1.286189 0.894288 1.830273
