0.000000 -0.330589 -1.020780 -0.240649 1.099633
0.100100 -0.300076 -1.068115 -0.155773 1.120348
0.200200 -0.268099 -1.110155 -0.070177 1.144223
0.300300 -0.234909 -1.147066 0.015692 1.170978
0.400400 -0.200736 -1.179063 0.101445 1.200323
0.500501 -0.165797 -1.206430 0.186752 1.232005
0.600601 -0.130286 -1.229466 0.271341 1.265775
0.700701 -0.094365 -1.248416 0.354979 1.301329
0.800801 -0.058178 -1.263546 0.437483 1.338403
0.900901 -0.021852 -1.275171 0.518726 1.376814
1.001001 0.014506 -1.283572 0.598610 1.416369
1.101101 0.050807 -1.289023 0.677069 1.456909
1.201201 0.086980 -1.291810 0.754081 1.498325
1.301301 0.122967 -1.292180 0.829631 1.540499
1.401401 0.158717 -1.290314 0.903696 1.583277
1.501502 0.194190 -1.286394 0.976272 1.626538
1.601602 0.229353 -1.280587 1.047362 1.670172
1.701702 0.264180 -1.273047 1.116984 1.714087
1.801802 0.298665 -1.263975 1.185208 1.758281
1.901902 0.332810 -1.253572 1.252130 1.802786
2.002002 0.366614 -1.241989 1.317818 1.847589
2.102102 0.400071 -1.229319 1.382296 1.892624
2.202202 0.433168 -1.215629 1.445570 1.937798
2.302302 0.465898 -1.200989 1.507654 1.983042
2.402402 0.498264 -1.185482 1.568592 2.028328
2.502503 0.530272 -1.169194 1.628433 2.073643
2.602603 0.561931 -1.152202 1.687232 2.118982
2.702703 0.593243 -1.134560 1.745016 2.164311
2.802803 0.624210 -1.116320 1.801814 2.209602
2.902903 0.654853 -1.097555 1.857698 2.254883
3.003003 0.685187 -1.078329 1.912733 2.300179
3.103103 0.715225 -1.058688 1.966962 2.345486
3.203203 0.744964 -1.038657 2.020394 2.390768
3.303303 0.774414 -1.018272 2.073063 2.436018
3.403403 0.803591 -0.997574 2.125022 2.481256
3.503504 0.832503 -0.976594 2.176301 2.526476
3.603604 0.861152 -0.955351 2.226912 2.571656
3.703704 0.889537 -0.933858 2.276860 2.616765
3.803804 0.917656 -0.912129 2.326148 2.661773
3.903904 0.945505 -0.890172 2.374767 2.706641
4.004004 0.973081 -0.867998 2.422717 2.751339
4.104104 1.000383 -0.845619 2.470005 2.795847
4.204204 1.027427 -0.823061 2.516672 2.840189
4.304304 1.054234 -0.800350 2.562774 2.884403
4.404404 1.080817 -0.777505 2.608349 2.928509
4.504505 1.107194 -0.754549 2.653443 2.972538
4.604605 1.133379 -0.731496 2.698091 3.016509
4.704705 1.159382 -0.708361 2.742323 3.060437
4.804805 1.185208 -0.685152 2.786151 3.104318
4.904905 1.210856 -0.661873 2.829574 3.148132
5.005005 1.236330 -0.638532 2.872605 3.191879
5.105105 1.261638 -0.615137 2.915264 3.235566
5.205205 1.286783 -0.591695 2.957562 3.279189
5.305305 1.311769 -0.568210 2.999509 3.322748
5.405405 1.336604 -0.544691 3.041122 3.366247
5.505506 1.361288 -0.521141 3.082407 3.409681
5.605606 1.385824 -0.497564 3.123369 3.453044
5.705706 1.410222 -0.473966 3.164033 3.496352
5.805806 1.434494 -0.450355 3.204426 3.539623
5.905906 1.458639 -0.426733 3.244550 3.582853
6.006006 1.482656 -0.403101 3.284400 3.626022
6.106106 1.506540 -0.379462 3.323968 3.669117
6.206206 1.530289 -0.355815 3.363252 3.712123
6.306306 1.553913 -0.332167 3.402272 3.755055
6.406406 1.577416 -0.308519 3.441038 3.797916
6.506507 1.600794 -0.284874 3.479545 3.840694
6.606607 1.624049 -0.261233 3.517795 3.883383
6.706707 1.647185 -0.237598 3.555799 3.925987
6.806807 1.670206 -0.213973 3.593566 3.968512
6.906907 1.693115 -0.190358 3.631103 4.010958
7.007007 1.715913 -0.166756 3.668413 4.053322
7.107107 1.738606 -0.143168 3.705509 4.095613
7.207207 1.761201 -0.119597 3.742409 4.137845
7.307307 1.783704 -0.096044 3.779122 4.180022
7.407407 1.806117 -0.072509 3.815656 4.222149
7.507508 1.828445 -0.048995 3.852020 4.264232
7.607608 1.850694 -0.025503 3.888228 4.306279
7.707708 1.872866 -0.002032 3.924285 4.348292
7.807808 1.894965 0.021415 3.960200 4.390278
7.907908 1.916997 0.044839 3.995984 4.432243
8.008008 1.938961 0.068239 4.031637 4.474184
8.108108 1.960859 0.091614 4.067163 4.516102
8.208208 1.982699 0.114965 4.102577 4.558010
8.308308 2.004488 0.138290 4.137896 4.599921
8.408408 2.026223 0.161590 4.173112 4.641827
8.508509 2.047900 0.184863 4.208220 4.683715
8.608609 2.069524 0.208111 4.243229 4.725593
8.708709 2.091098 0.231332 4.278143 4.767464
8.808809 2.112619 0.254526 4.312959 4.809320
8.908909 2.134090 0.277694 4.347682 4.851164
9.009009 2.155512 0.300834 4.382313 4.892995
9.109109 2.176884 0.323946 4.416852 4.934810
9.209209 2.198203 0.347031 4.451294 4.976600
9.309309 2.219467 0.370087 4.485632 5.018355
9.409409 2.240679 0.393114 4.519875 5.060085
9.509510 2.261844 0.416112 4.554031 5.101793
9.609610 2.282963 0.439083 4.588103 5.143481
9.709710 2.304038 0.462025 4.622096 5.185155
9.809810 2.325073 0.484940 4.656017 5.226818
9.909910 2.346069 0.507828 4.689868 5.268471
10.010010 2.367020 0.530687 4.723640 5.310102
10.110110 2.387929 0.553517 4.757334 5.351711
10.210210 2.408800 0.576319 4.790962 5.393308
10.310310 2.429635 0.599095 4.824526 5.434896
10.410410 2.450437 0.621843 4.858033 5.476478
10.510511 2.471208 0.644565 4.891486 5.518059
10.610611 2.491949 0.667261 4.924887 5.559637
10.710711 2.512658 0.689930 4.958234 5.601209
10.810811 2.533334 0.712572 4.991525 5.642771
10.910911 2.553978 0.735187 5.024758 5.684320
11.011011 2.574585 0.757773 5.057929 5.725849
11.111111 2.595158 0.780332 5.091040 5.767361
11.211211 2.615697 0.802863 5.124092 5.808853
11.311311 2.636199 0.825365 5.157080 5.850320
11.411411 2.656666 0.847839 5.190007 5.891763
11.511512 2.677099 0.870284 5.222873 5.933183
11.611612 2.697501 0.892702 5.255688 5.974587
11.711712 2.717872 0.915094 5.288452 6.015975
11.811812 2.738211 0.937457 5.321158 6.057338
11.911912 2.758512 0.959790 5.353799 6.098668
12.012012 2.778777 0.982094 5.386378 6.139966
12.112112 2.799007 1.004369 5.418896 6.181232
12.212212 2.819202 1.026615 5.451354 6.222467
12.312312 2.839364 1.048833 5.483755 6.263674
12.412412 2.859493 1.071021 5.516099 6.304850
12.512513 2.879585 1.093180 5.548379 6.345988
12.612613 2.899637 1.115308 5.580590 6.387080
12.712713 2.919647 1.137403 5.612727 6.428120
12.812813 2.939614 1.159466 5.644787 6.469104
12.912913 2.959535 1.181495 5.676768 6.510028
13.013013 2.979415 1.203491 5.708677 6.550900
13.113113 2.999257 1.225456 5.740517 6.591724
13.213213 3.019056 1.247389 5.772285 6.632492
13.313313 3.038811 1.269287 5.803976 6.673200
13.413413 3.058524 1.291153 5.835592 6.713850
13.513514 3.078197 1.312986 5.867138 6.754445
13.613614 3.097827 1.334786 5.898609 6.794981
13.713714 3.117413 1.356552 5.930004 6.835454
13.813814 3.136954 1.378282 5.961319 6.875861
13.913914 3.156452 1.399980 5.992560 6.916206
14.014014 3.175915 1.421646 6.023740 6.956505
14.114114 3.195345 1.443283 6.054866 6.996763
14.214214 3.214746 1.464893 6.085941 7.036987
14.314314 3.234120 1.486474 6.116972 7.077180
14.414414 3.253465 1.508029 6.147956 7.117341
14.514515 3.272781 1.529555 6.178891 7.157467
14.614615 3.292068 1.551053 6.209777 7.197555
14.714715 3.311324 1.572523 6.240612 7.237605
14.814815 3.330548 1.593963 6.271392 7.277612
14.914915 3.349740 1.615373 6.302118 7.317573
15.015015 3.368901 1.636754 6.332793 7.357495
15.115115 3.388031 1.658105 6.363414 7.397372
15.215215 3.407130 1.679428 6.393985 7.437207
15.315315 3.426197 1.700722 6.424503 7.476999
15.415415 3.445232 1.721985 6.454964 7.516743
15.515516 3.464235 1.743218 6.485374 7.556442
15.615616 3.483206 1.764422 6.515728 7.596092
15.715716 3.502144 1.785595 6.546027 7.635695
15.815816 3.521050 1.806738 6.576274 7.675251
15.915916 3.539925 1.827852 6.606466 7.714759
16.016016 3.558767 1.848935 6.636605 7.754219
16.116116 3.577581 1.869991 6.666697 7.793638
16.216216 3.596365 1.891017 6.696737 7.833012
16.316316 3.615118 1.912014 6.726729 7.872341
16.416416 3.633845 1.932983 6.756676 7.911632
16.516517 3.652546 1.953926 6.786580 7.950886
16.616617 3.671221 1.974842 6.816442 7.990103
16.716717 3.689870 1.995730 6.846263 8.029284
16.816817 3.708493 2.016592 6.876040 8.068426
16.916917 3.727089 2.037426 6.905772 8.107526
17.017017 3.745656 2.058231 6.935457 8.146583
17.117117 3.764192 2.079007 6.965091 8.185592
17.217217 3.782700 2.099754 6.994678 8.224555
17.317317 3.801179 2.120472 7.024216 8.263472
17.417417 3.819627 2.141161 7.053704 8.302341
17.517518 3.838046 2.161820 7.083143 8.341161
17.617618 3.856436 2.182451 7.112534 8.379936
17.717718 3.874799 2.203055 7.141882 8.418669
17.817818 3.893134 2.223629 7.171182 8.457356
17.917918 3.911436 2.244173 7.200428 8.495988
18.018018 3.929703 2.264684 7.229615 8.534559
18.118118 3.947934 2.285162 7.258742 8.573067
18.218218 3.966134 2.305610 7.287815 8.611522
18.318318 3.984306 2.326030 7.316844 8.649932
18.418418 4.002451 2.346422 7.345828 8.688297
18.518519 4.020567 2.366785 7.374763 8.726612
18.618619 4.038651 2.387116 7.403646 8.764873
18.718719 4.056702 2.407417 7.432473 8.803076
18.818819 4.074719 2.427685 7.461243 8.841218
18.918919 4.092701 2.447921 7.489956 8.879299
19.019019 4.110649 2.468125 7.518609 8.917318
19.119119 4.128561 2.488295 7.547205 8.955274
19.219219 4.146441 2.508435 7.575745 8.993172
19.319319 4.164289 2.528543 7.604231 9.031011
19.419419 4.182102 2.548618 7.632661 9.068790
19.519520 4.199882 2.568662 7.661035 9.106508
19.619620 4.217629 2.588674 7.689353 9.144167
19.719720 4.235345 2.608656 7.717620 9.181770
19.819820 4.253032 2.628609 7.745839 9.219322
19.919920 4.270692 2.648533 7.774013 9.256825
20.020020 4.288323 2.668428 7.802140 9.294278
20.120120 4.305927 2.688295 7.830223 9.331684
20.220220 4.323506 2.708135 7.858265 9.369046
20.320320 4.341058 2.727947 7.886264 9.406361
20.420420 4.358583 2.747731 7.914218 9.443628
20.520521 4.376081 2.767487 7.942127 9.480846
20.620621 4.393553 2.787216 7.969996 9.518021
20.720721 4.411002 2.806918 7.997827 9.555153
20.820821 4.428426 2.826594 8.025618 9.592243
20.920921 4.445826 2.846244 8.053370 9.629291
21.021021 4.463203 2.865868 8.081084 9.666297
21.121121 4.480555 2.885465 8.108758 9.703259
21.221221 4.497885 2.905038 8.136398 9.740185
21.321321 4.515198 2.924588 8.164011 9.777081
21.421421 4.532493 2.944116 8.191596 9.813947
21.521522 4.549768 2.963621 8.219151 9.850781
21.621622 4.567024 2.983103 8.246675 9.887581
21.721722 4.584260 3.002561 8.274168 9.924347
21.821822 4.601476 3.021995 8.301630 9.961079
21.921922 4.618672 3.041406 8.329062 9.997777
22.022022 4.635848 3.060793 8.356461 10.034440
22.122122 4.653004 3.080156 8.383826 10.071065
22.222222 4.670140 3.099496 8.411162 10.107657
22.322322 4.687259 3.118814 8.438472 10.144220
22.422422 4.704361 3.138111 8.465758 10.180757
22.522523 4.721446 3.157386 8.493014 10.217261
22.622623 4.738507 3.176635 8.520233 10.253723
22.722723 4.755544 3.195857 8.547414 10.290140
22.822823 4.772556 3.215053 8.574554 10.326511
22.922923 4.789544 3.234222 8.601656 10.362838
23.023023 4.806508 3.253365 8.628718 10.399119
23.123123 4.823445 3.272479 8.655736 10.435349
23.223223 4.840351 3.291563 8.682704 10.471520
23.323323 4.857224 3.310615 8.709618 10.507628
23.423423 4.874064 3.329633 8.736476 10.543669
23.523524 4.890869 3.348618 8.763275 10.579643
23.623624 4.907643 3.367572 8.790023 10.615555
23.723724 4.924387 3.386495 8.816722 10.651410
23.823824 4.941103 3.405390 8.843376 10.687211
23.923924 4.957793 3.424257 8.869988 10.722963
24.024024 4.974462 3.443099 8.896564 10.758673
24.124124 4.991108 3.461916 8.923105 10.794342
24.224224 5.007729 3.480706 8.949605 10.829963
24.324324 5.024323 3.499468 8.976063 10.865533
24.424424 5.040893 3.518203 9.002480 10.901055
24.524525 5.057439 3.536913 9.028861 10.936534
24.624625 5.073965 3.555597 9.055207 10.971972
24.724725 5.090467 3.574257 9.081517 11.007367
24.824825 5.106949 3.592893 9.107795 11.042723
24.924925 5.123412 3.611505 9.134042 11.078043
25.025025 5.139854 3.630095 9.160257 11.113326
25.125125 5.156276 3.648660 9.186440 11.148569
25.225225 5.172676 3.667200 9.212587 11.183769
25.325325 5.189052 3.685715 9.238698 11.218926
25.425425 5.205409 3.704206 9.264777 11.254044
25.525526 5.221746 3.722674 9.290826 11.289127
25.625626 5.238066 3.741120 9.316846 11.324175
25.725726 5.254365 3.759543 9.342836 11.359186
25.825826 5.270644 3.777942 9.368792 11.394157
25.925926 5.286903 3.796318 9.394719 11.429091
26.026026 5.303142 3.814670 9.420613 11.463986
26.126126 5.319358 3.832996 9.446469 11.498835
26.226226 5.335549 3.851296 9.472286 11.533636
26.326326 5.351718 3.869571 9.498067 11.568394
26.426426 5.367866 3.887822 9.523817 11.603113
26.526527 5.383994 3.906049 9.549534 11.637792
26.626627 5.400101 3.924252 9.575217 11.672431
26.726727 5.416186 3.942430 9.600865 11.707025
26.826827 5.432247 3.960582 9.626475 11.741573
26.926927 5.448286 3.978709 9.652049 11.776077
27.027027 5.464303 3.996812 9.677588 11.810539
27.127127 5.480296 4.014888 9.703090 11.844953
27.227227 5.496264 4.032938 9.728552 11.879319
27.327327 5.512209 4.050961 9.753975 11.913637
27.427427 5.528130 4.068958 9.779359 11.947907
27.527528 5.544026 4.086929 9.804705 11.982131
27.627628 5.559900 4.104874 9.830013 12.016307
27.727728 5.575750 4.122793 9.855284 12.050437
27.827828 5.591578 4.140687 9.880520 12.084524
27.927928 5.607383 4.158556 9.905720 12.118565
28.028028 5.623163 4.176398 9.930877 12.152554
28.128128 5.638915 4.194211 9.955990 12.186488
28.228228 5.654641 4.211995 9.981061 12.220370
28.328328 5.670343 4.229754 10.006093 12.254203
28.428428 5.686021 4.247486 10.031087 12.287989
28.528529 5.701675 4.265192 10.056041 12.321725
28.628629 5.717303 4.282870 10.080953 12.355409
28.728729 5.732907 4.300523 10.105827 12.389046
28.828829 5.748491 4.318151 10.130669 12.422642
28.928929 5.764056 4.335757 10.155481 12.456200
29.029029 5.779602 4.353341 10.180265 12.489723
29.129129 5.795131 4.370904 10.205020 12.523210
29.229229 5.810642 4.388445 10.229749 12.556662
29.329329 5.826137 4.405965 10.254451 12.590082
29.429429 5.841616 4.423466 10.279130 12.623472
29.529530 5.857080 4.440947 10.303787 12.656833
29.629630 5.872530 4.458410 10.328423 12.690168
29.729730 5.887968 4.475855 10.353040 12.723477
29.829830 5.903392 4.493282 10.377637 12.756762
29.929930 5.918803 4.510691 10.402213 12.790019
30.030030 5.934200 4.528081 10.426770 12.823251
30.130130 5.949586 4.545455 10.451311 12.856463
30.230230 5.964963 4.562815 10.475838 12.889657
30.330330 5.980332 4.580159 10.500354 12.922835
30.430430 5.995692 4.597490 10.524860 12.955999
30.530531 6.011044 4.614806 10.549354 12.989147
30.630631 6.026385 4.632106 10.573833 13.022276
30.730731 6.041717 4.649392 10.598300 13.055388
30.830831 6.057042 4.666664 10.622757 13.088486
30.930931 6.072361 4.683924 10.647207 13.121575
31.031031 6.087677 4.701174 10.671656 13.154661
31.131131 6.102994 4.718417 10.696109 13.187749
31.231231 6.118312 4.735653 10.720568 13.220845
31.331331 6.133631 4.752883 10.745032 13.253945
31.431431 6.148951 4.770105 10.769501 13.287049
31.531532 6.164271 4.787320 10.793973 13.320154
31.631632 6.179589 4.804526 10.818445 13.353259
31.731732 6.194906 4.821723 10.842919 13.386366
31.831832 6.210224 4.838914 10.867399 13.419476
31.931932 6.225544 4.856099 10.891884 13.452592
32.032032 6.240866 4.873278 10.916376 13.485715
32.132132 6.256190 4.890450 10.940875 13.518845
32.232232 6.271514 4.907617 10.965379 13.551979
32.332332 6.286841 4.924776 10.989889 13.585118
32.432432 6.302168 4.941929 11.014403 13.618262
32.532533 6.317494 4.959075 11.038919 13.651406
32.632633 6.332819 4.976212 11.063437 13.684550
32.732733 6.348142 4.993339 11.087954 13.717691
32.832833 6.363462 5.010458 11.112469 13.750829
32.932933 6.378780 5.027567 11.136983 13.783964
33.033033 6.394094 5.044667 11.161496 13.817094
33.133133 6.409406 5.061757 11.186006 13.850220
33.233233 6.424712 5.078835 11.210510 13.883337
33.333333 6.440012 5.095902 11.235006 13.916441
33.433433 6.455304 5.112955 11.259491 13.949530
33.533534 6.470588 5.129994 11.283965 13.982604
33.633634 6.485863 5.147019 11.308427 14.015661
33.733734 6.501128 5.164029 11.332875 14.048698
33.833834 6.516381 5.181023 11.357306 14.081713
33.933934 6.531622 5.198000 11.381718 14.114701
34.034034 6.546851 5.214960 11.406112 14.147667
34.134134 6.562070 5.231906 11.430492 14.180612
34.234234 6.577280 5.248837 11.454859 14.213539
34.334334 6.592480 5.265753 11.479213 14.246448
34.434434 6.607671 5.282656 11.503554 14.279339
34.534535 6.622851 5.299542 11.527878 14.312207
34.634635 6.638019 5.316411 11.552184 14.345051
34.734735 6.653174 5.333265 11.576473 14.377870
34.834835 6.668318 5.350101 11.600743 14.410666
34.934935 6.683449 5.366921 11.624995 14.443436
35.035035 6.698568 5.383724 11.649228 14.476181
35.135135 6.713673 5.400509 11.673441 14.508898
35.235235 6.728763 5.417276 11.697630 14.541584
35.335335 6.743837 5.434022 11.721793 14.574237
35.435435 6.758895 5.450749 11.745932 14.606856
35.535536 6.773938 5.467457 11.770049 14.639446
35.635636 6.788968 5.484148 11.794146 14.672009
35.735736 6.803987 5.500823 11.818226 14.704549
35.835836 6.818993 5.517482 11.842288 14.737064
35.935936 6.833986 5.534123 11.866330 14.769552
36.036036 6.848968 5.550749 11.890354 14.802017
36.136136 6.863939 5.567358 11.914363 14.834459
36.236236 6.878899 5.583953 11.938356 14.866880
36.336336 6.893849 5.600533 11.962334 14.899280
36.436436 6.908787 5.617097 11.986296 14.931658
36.536537 6.923715 5.633646 12.010241 14.964013
36.636637 6.938633 5.650179 12.034172 14.996348
36.736737 6.953540 5.666699 12.058089 15.028663
36.836837 6.968438 5.683204 12.081991 15.060958
36.936937 6.983326 5.699693 12.105878 15.093231
37.037037 6.998201 5.716167 12.129748 15.125481
37.137137 7.013065 5.732625 12.153600 15.157706
37.237237 7.027916 5.749066 12.177433 15.189906
37.337337 7.042755 5.765491 12.201247 15.222080
37.437437 7.057581 5.781899 12.225042 15.254228
37.537538 7.072393 5.798288 12.248815 15.286346
37.637638 7.087191 5.814660 12.272566 15.318434
37.737738 7.101974 5.831014 12.296295 15.350493
37.837838 7.116743 5.847349 12.320002 15.382521
37.937938 7.131496 5.863666 12.343686 15.414519
38.038038 7.146235 5.879964 12.367346 15.446486
38.138138 7.160958 5.896243 12.390982 15.478418
38.238238 7.175664 5.912502 12.414591 15.510315
38.338338 7.190353 5.928741 12.438174 15.542178
38.438438 7.205025 5.944959 12.461729 15.574005
38.538539 7.219678 5.961156 12.485256 15.605792
38.638639 7.234313 5.977332 12.508754 15.637541
38.738739 7.248929 5.993486 12.532221 15.669251
38.838839 7.263526 6.009618 12.555658 15.700920
38.938939 7.278107 6.025730 12.579070 15.732554
39.039039 7.292671 6.041823 12.602456 15.764155
39.139139 7.307221 6.057897 12.625820 15.795725
39.239239 7.321756 6.073954 12.649160 15.827264
39.339339 7.336276 6.089992 12.672478 15.858772
39.439439 7.350782 6.106012 12.695774 15.890250
39.539540 7.365274 6.122015 12.719049 15.921700
39.639640 7.379754 6.138001 12.742304 15.953123
39.739740 7.394219 6.153970 12.765538 15.984517
39.839840 7.408670 6.169920 12.788750 16.015881
39.939940 7.423107 6.185854 12.811940 16.047216
40.040040 7.437533 6.201771 12.835113 16.078526
40.140140 7.451946 6.217673 12.858267 16.109810
40.240240 7.466347 6.233558 12.881402 16.141069
40.340340 7.480734 6.249426 12.904517 16.172300
40.440440 7.495108 6.265277 12.927612 16.203502
40.540541 7.509468 6.281111 12.950684 16.234675
40.640641 7.523813 6.296926 12.973734 16.265817
40.740741 7.538143 6.312723 12.996760 16.296927
40.840841 7.552456 6.328500 13.019760 16.328002
40.940941 7.566751 6.344256 13.042731 16.359039
41.041041 7.581028 6.359991 13.065673 16.390036
41.141141 7.595287 6.375705 13.088586 16.420995
41.241241 7.609528 6.391399 13.111472 16.451918
41.341341 7.623753 6.407073 13.134332 16.482805
41.441441 7.637960 6.422727 13.157164 16.513655
41.541542 7.652149 6.438360 13.179968 16.544468
41.641642 7.666321 6.453973 13.202744 16.575243
41.741742 7.680474 6.469564 13.225492 16.605980
41.841842 7.694609 6.485134 13.248208 16.636676
41.941942 7.708723 6.500682 13.270894 16.667330
42.042042 7.722819 6.516208 13.293549 16.697944
42.142142 7.736895 6.531712 13.316173 16.728516
42.242242 7.750950 6.547193 13.338763 16.759045
42.342342 7.764985 6.562651 13.361320 16.789528
42.442442 7.778998 6.578085 13.383843 16.819966
42.542543 7.792989 6.593495 13.406332 16.850359
42.642643 7.806960 6.608882 13.428786 16.880706
42.742743 7.820910 6.624247 13.451207 16.911010
42.842843 7.834840 6.639589 13.473598 16.941272
42.942943 7.848751 6.654910 13.495958 16.971494
43.043043 7.862644 6.670209 13.518288 17.001676
43.143143 7.876518 6.685487 13.540588 17.031817
43.243243 7.890372 6.700743 13.562857 17.061917
43.343343 7.904206 6.715976 13.585094 17.091975
43.443443 7.918021 6.731188 13.607300 17.121990
43.543544 7.931818 6.746379 13.629478 17.151969
43.643644 7.945599 6.761551 13.651631 17.181913
43.743744 7.959364 6.776704 13.673757 17.211823
43.843844 7.973112 6.791838 13.695859 17.241697
43.943944 7.986843 6.806952 13.717933 17.271535
44.044044 8.000557 6.822046 13.739979 17.301337
44.144144 8.014254 6.837120 13.762000 17.331103
44.244244 8.027935 6.852176 13.783995 17.360835
44.344344 8.041601 6.867212 13.805966 17.390533
44.444444 8.055250 6.882229 13.827910 17.420196
44.544545 8.068882 6.897227 13.849829 17.449824
44.644645 8.082498 6.912206 13.871721 17.479416
44.744745 8.096098 6.927166 13.893589 17.508976
44.844845 8.109684 6.942109 13.915434 17.538505
44.944945 8.123255 6.957034 13.937257 17.568002
45.045045 8.136811 6.971940 13.959056 17.597468
45.145145 8.150353 6.986830 13.980833 17.626903
45.245245 8.163880 7.001701 14.002586 17.656307
45.345345 8.177391 7.016554 14.024314 17.685676
45.445445 8.190885 7.031387 14.046016 17.715010
45.545546 8.204362 7.046201 14.067691 17.744307
45.645646 8.217822 7.060994 14.089338 17.773567
45.745746 8.231265 7.075769 14.110960 17.802793
45.845846 8.244693 7.090525 14.132556 17.831984
45.945946 8.258104 7.105262 14.154128 17.861142
46.046046 8.271500 7.119980 14.175675 17.890265
46.146146 8.284879 7.134679 14.197195 17.919353
46.246246 8.298242 7.149359 14.218689 17.948406
46.346346 8.311588 7.164020 14.240157 17.977423
46.446446 8.324916 7.178660 14.261597 18.006403
46.546547 8.338228 7.193281 14.283010 18.035346
46.646647 8.351522 7.207882 14.304396 18.064253
46.746747 8.364799 7.222463 14.325753 18.093121
46.846847 8.378057 7.237023 14.347082 18.121950
46.946947 8.391297 7.251563 14.368382 18.150742
47.047047 8.404520 7.266083 14.389654 18.179495
47.147147 8.417725 7.280582 14.410897 18.208210
47.247247 8.430911 7.295060 14.432111 18.236885
47.347347 8.444078 7.309517 14.453295 18.265520
47.447447 8.457226 7.323953 14.474447 18.294114
47.547548 8.470354 7.338367 14.495569 18.322665
47.647648 8.483463 7.352759 14.516658 18.351173
47.747748 8.496550 7.367127 14.537712 18.379636
47.847848 8.509614 7.381471 14.558731 18.408050
47.947948 8.522655 7.395790 14.579711 18.436413
48.048048 8.535672 7.410083 14.600652 18.464725
48.148148 8.548666 7.424351 14.621555 18.492987
48.248248 8.561637 7.438595 14.642422 18.521199
48.348348 8.574587 7.452816 14.663255 18.549368
48.448448 8.587517 7.467015 14.684057 18.577494
48.548549 8.600429 7.481194 14.704828 18.605580
48.648649 8.613323 7.495352 14.725572 18.633628
48.748749 8.626199 7.509490 14.746287 18.661638
48.848849 8.639057 7.523608 14.766973 18.689609
48.948949 8.651899 7.537706 14.787633 18.717544
49.049049 8.664724 7.551786 14.808267 18.745445
49.149149 8.677533 7.565847 14.828876 18.773310
49.249249 8.690326 7.579888 14.849458 18.801140
49.349349 8.703101 7.593911 14.870013 18.828934
49.449449 8.715859 7.607914 14.890541 18.856690
49.549550 8.728599 7.621896 14.911040 18.884408
49.649650 8.741321 7.635857 14.931508 18.912085
49.749750 8.754023 7.649798 14.951948 18.939722
49.849850 8.766709 7.663719 14.972359 18.967322
49.949950 8.779376 7.677620 14.992742 18.994884
50.050050 8.792026 7.691500 15.013096 19.022406
50.150150 8.804655 7.705358 15.033417 19.049885
50.250250 8.817264 7.719195 15.053707 19.077322
50.350350 8.829854 7.733009 15.073965 19.104716
50.450450 8.842424 7.746802 15.094191 19.132067
50.550551 8.854975 7.760574 15.114387 19.159379
50.650651 8.867507 7.774325 15.134554 19.186650
50.750751 8.880021 7.788055 15.154690 19.213881
50.850851 8.892517 7.801765 15.174797 19.241072
50.950951 8.904994 7.815455 15.194875 19.268224
51.051051 8.917453 7.829124 15.214923 19.295337
51.151151 8.929893 7.842772 15.234943 19.322410
51.251251 8.942315 7.856399 15.254931 19.349442
51.351351 8.954716 7.870004 15.274886 19.376430
51.451451 8.967097 7.883587 15.294810 19.403376
51.551552 8.979461 7.897151 15.314706 19.430284
51.651652 8.991807 7.910694 15.334574 19.457154
51.751752 9.004135 7.924218 15.354414 19.483986
51.851852 9.016446 7.937722 15.374225 19.510780
51.951952 9.028741 7.951207 15.394011 19.537539
52.052052 9.041020 7.964674 15.413771 19.564264
52.152152 9.053284 7.978124 15.433509 19.590957
52.252252 9.065534 7.991558 15.453225 19.617621
52.352352 9.077771 8.004975 15.472919 19.644256
52.452452 9.089994 8.018376 15.492593 19.670861
52.552553 9.102205 8.031762 15.512246 19.697439
52.652653 9.114403 8.045132 15.531881 19.723991
52.752753 9.126589 8.058488 15.551496 19.750516
52.852853 9.138763 8.071828 15.571093 19.777016
52.952953 9.150925 8.085154 15.590671 19.803489
53.053053 9.163074 8.098465 15.610231 19.829936
53.153153 9.175213 8.111762 15.629773 19.856359
53.253253 9.187340 8.125044 15.649298 19.882759
53.353353 9.199456 8.138313 15.668805 19.909133
53.453453 9.211561 8.151568 15.688296 19.935485
53.553554 9.223655 8.164808 15.707769 19.961811
53.653654 9.235735 8.178033 15.727221 19.988109
53.753754 9.247803 8.191242 15.746653 20.014380
53.853854 9.259858 8.204436 15.766067 20.040624
53.953954 9.271902 8.217616 15.785463 20.066844
54.054054 9.283936 8.230783 15.804843 20.093041
54.154154 9.295958 8.243936 15.824205 20.119214
54.254254 9.307969 8.257074 15.843549 20.145362
54.354354 9.319968 8.270198 15.862877 20.171486
54.454454 9.331958 8.283310 15.882188 20.197588
54.554555 9.343936 8.296407 15.901484 20.223667
54.654655 9.355904 8.309492 15.920763 20.249723
54.754755 9.367862 8.322563 15.940027 20.275758
54.854855 9.379811 8.335622 15.959276 20.301772
54.954955 9.391750 8.348668 15.978511 20.327765
55.055055 9.403679 8.361702 15.997732 20.353739
55.155155 9.415600 8.374724 16.016938 20.379692
55.255255 9.427511 8.387734 16.036131 20.405625
55.355355 9.439413 8.400732 16.055311 20.431540
55.455455 9.451306 8.413718 16.074476 20.457434
55.555556 9.463189 8.426691 16.093626 20.483307
55.655656 9.475061 8.439650 16.112760 20.509156
55.755756 9.486921 8.452595 16.131875 20.534980
55.855856 9.498769 8.465524 16.150970 20.560777
55.955956 9.510604 8.478439 16.170046 20.586547
56.056056 9.522427 8.491339 16.189103 20.612291
56.156156 9.534238 8.504224 16.208141 20.638007
56.256256 9.546035 8.517093 16.227157 20.663694
56.356356 9.557818 8.529945 16.246150 20.689351
56.456456 9.569586 8.542781 16.265121 20.714976
56.556557 9.581339 8.555599 16.284068 20.740569
56.656657 9.593078 8.568401 16.302992 20.766130
56.756757 9.604803 8.581187 16.321895 20.791663
56.856857 9.616516 8.593957 16.340777 20.817167
56.956957 9.628215 8.606712 16.359638 20.842643
57.057057 9.639901 8.619451 16.378479 20.868090
57.157157 9.651574 8.632175 16.397301 20.893511
57.257257 9.663236 8.644885 16.416104 20.918906
57.357357 9.674886 8.657581 16.434889 20.944276
57.457457 9.686524 8.670262 16.453655 20.969620
57.557558 9.698151 8.682929 16.472403 20.994939
57.657658 9.709765 8.695582 16.491133 21.020232
57.757758 9.721368 8.708220 16.509844 21.045499
57.857858 9.732959 8.720845 16.528537 21.070742
57.957958 9.744539 8.733456 16.547213 21.095961
58.058058 9.756108 8.746052 16.565871 21.121154
58.158158 9.767665 8.758636 16.584513 21.146325
58.258258 9.779213 8.771206 16.603138 21.171473
58.358358 9.790750 8.783764 16.621748 21.196599
58.458458 9.802278 8.796309 16.640343 21.221704
58.558559 9.813796 8.808842 16.658924 21.246789
58.658659 9.825305 8.821363 16.677490 21.271853
58.758759 9.836803 8.833871 16.696041 21.296895
58.858859 9.848292 8.846367 16.714576 21.321916
58.958959 9.859770 8.858849 16.733095 21.346914
59.059059 9.871237 8.871318 16.751597 21.371888
59.159159 9.882693 8.883774 16.770081 21.396838
59.259259 9.894138 8.896216 16.788549 21.421765
59.359359 9.905572 8.908644 16.807000 21.446668
59.459459 9.916996 8.921060 16.825435 21.471549
59.559560 9.928410 8.933464 16.843855 21.496407
59.659660 9.939813 8.945853 16.862257 21.521243
59.759760 9.951204 8.958230 16.880642 21.546053
59.859860 9.962583 8.970591 16.899007 21.570837
59.959960 9.973949 8.982937 16.917352 21.595593
60.060060 9.985302 8.995268 16.935677 21.620320
60.160160 9.996643 9.007584 16.953981 21.645020
60.260260 10.007971 9.019886 16.972267 21.669695
60.360360 10.019288 9.032173 16.990534 21.694344
60.460460 10.030593 9.044446 17.008783 21.718966
60.560561 10.041885 9.056705 17.027012 21.743562
60.660661 10.053165 9.068949 17.045222 21.768132
60.760761 10.064433 9.081179 17.063413 21.792675
60.860861 10.075689 9.093394 17.081584 21.817191
60.960961 10.086932 9.105594 17.099736 21.841680
61.061061 10.098162 9.117779 17.117866 21.866140
61.161161 10.109378 9.129948 17.135975 21.890571
61.261261 10.120581 9.142102 17.154063 21.914974
61.361361 10.131770 9.154240 17.172130 21.939346
61.461461 10.142944 9.166361 17.190172 21.963686
61.561562 10.154103 9.178465 17.208191 21.987994
61.661662 10.165247 9.190552 17.226186 22.012269
61.761762 10.176377 9.202623 17.244157 22.036512
61.861862 10.187493 9.214678 17.262107 22.060726
61.961962 10.198596 9.226717 17.280035 22.084911
62.062062 10.209686 9.238741 17.297944 22.109068
62.162162 10.220763 9.250751 17.315833 22.133199
62.262262 10.231828 9.262746 17.333702 22.157301
62.362362 10.242879 9.274726 17.351549 22.181374
62.462462 10.253917 9.286690 17.369376 22.205419
62.562563 10.264942 9.298639 17.387182 22.229435
62.662663 10.275954 9.310573 17.404967 22.253424
62.762763 10.286953 9.322492 17.422733 22.277386
62.862863 10.297941 9.334398 17.440481 22.301321
62.962963 10.308917 9.346289 17.458209 22.325231
63.063063 10.319881 9.358166 17.475919 22.349115
63.163163 10.330833 9.370030 17.493611 22.372974
63.263263 10.341774 9.381880 17.511284 22.396808
63.363363 10.352704 9.393716 17.528941 22.420619
63.463463 10.363622 9.405539 17.546580 22.444405
63.563564 10.374529 9.417349 17.564201 22.468165
63.663664 10.385425 9.429144 17.581803 22.491901
63.763764 10.396309 9.440927 17.599389 22.515613
63.863864 10.407183 9.452696 17.616957 22.539301
63.963964 10.418045 9.464452 17.634508 22.562965
64.064064 10.428897 9.476195 17.652043 22.586606
64.164164 10.439738 9.487926 17.669561 22.610225
64.264264 10.450569 9.499643 17.687062 22.633819
64.364364 10.461388 9.511347 17.704546 22.657390
64.464464 10.472195 9.523037 17.722010 22.680934
64.564565 10.482991 9.534713 17.739456 22.704452
64.664665 10.493773 9.546374 17.756882 22.727943
64.764765 10.504543 9.558020 17.774287 22.751405
64.864865 10.515301 9.569653 17.791673 22.774842
64.964965 10.526047 9.581272 17.809042 22.798255
65.065065 10.536782 9.592877 17.826393 22.821642
65.165165 10.547506 9.604469 17.843726 22.845005
65.265265 10.558217 9.616046 17.861039 22.868341
65.365365 10.568915 9.627608 17.878331 22.891648
65.465465 10.579599 9.639155 17.895601 22.914924
65.565566 10.590269 9.650685 17.912849 22.938171
65.665666 10.600925 9.662201 17.930075 22.961388
65.765766 10.611568 9.673701 17.947280 22.984576
65.865866 10.622198 9.685185 17.964463 23.007734
65.965966 10.632813 9.696653 17.981623 23.030861
66.066066 10.643415 9.708106 17.998762 23.053959
66.166166 10.654003 9.719544 18.015880 23.077028
66.266266 10.664578 9.730966 18.032976 23.100068
66.366366 10.675139 9.742374 18.050051 23.123079
66.466466 10.685688 9.753766 18.067106 23.146062
66.566567 10.696224 9.765144 18.084140 23.169017
66.666667 10.706747 9.776507 18.101154 23.191945
66.766767 10.717258 9.787856 18.118150 23.214847
66.866867 10.727758 9.799192 18.135126 23.237723
66.966967 10.738246 9.810514 18.152085 23.260574
67.067067 10.748722 9.821822 18.169025 23.283400
67.167167 10.759187 9.833117 18.185948 23.306201
67.267267 10.769640 9.844399 18.202851 23.328976
67.367367 10.780082 9.855667 18.219737 23.351727
67.467467 10.790512 9.866921 18.236605 23.374453
67.567568 10.800931 9.878163 18.253455 23.397154
67.667668 10.811339 9.889391 18.270288 23.419832
67.767768 10.821737 9.900607 18.287104 23.442487
67.867868 10.832125 9.911811 18.303906 23.465121
67.967968 10.842504 9.923004 18.320694 23.487736
68.068068 10.852874 9.934185 18.337467 23.510330
68.168168 10.863234 9.945355 18.354225 23.532903
68.268268 10.873585 9.956514 18.370969 23.555457
68.368368 10.883928 9.967662 18.387701 23.577992
68.468468 10.894262 9.978799 18.404419 23.600509
68.568569 10.904587 9.989926 18.421123 23.623006
68.668669 10.914904 10.001041 18.437815 23.645485
68.768769 10.925213 10.012147 18.454494 23.667948
68.868869 10.935516 10.023244 18.471164 23.690396
68.968969 10.945812 10.034333 18.487825 23.712830
69.069069 10.956101 10.045412 18.504475 23.735249
69.169169 10.966384 10.056482 18.521114 23.757653
69.269269 10.976660 10.067543 18.537744 23.780043
69.369369 10.986930 10.078596 18.554366 23.802420
69.469469 10.997194 10.089640 18.570978 23.824784
69.569570 11.007451 10.100676 18.587581 23.847134
69.669670 11.017703 10.111704 18.604174 23.869471
69.769770 11.027948 10.122723 18.620759 23.891794
69.869870 11.038187 10.133733 18.637333 23.914102
69.969970 11.048419 10.144734 18.653897 23.936396
70.070070 11.058645 10.155727 18.670453 23.958677
70.170170 11.068865 10.166712 18.686999 23.980945
70.270270 11.079078 10.177688 18.703537 24.003199
70.370370 11.089285 10.188655 18.720064 24.025440
70.470470 11.099486 10.199614 18.736581 24.047665
70.570571 11.109679 10.210562 18.753087 24.069874
70.670671 11.119864 10.221501 18.769580 24.092065
70.770771 11.130040 10.232429 18.786061 24.114239
70.870871 11.140209 10.243348 18.802531 24.136396
70.970971 11.150371 10.254257 18.818988 24.158536
71.071071 11.160525 10.265156 18.835434 24.180660
71.171171 11.170670 10.276045 18.851866 24.202765
71.271271 11.180807 10.286924 18.868287 24.224853
71.371371 11.190937 10.297792 18.884696 24.246924
71.471471 11.201059 10.308651 18.901092 24.268978
71.571572 11.211173 10.319500 18.917477 24.291015
71.671672 11.221279 10.330340 18.933850 24.313036
71.771772 11.231378 10.341169 18.950211 24.335039
71.871872 11.241468 10.351989 18.966559 24.357025
71.971972 11.251551 10.362798 18.982896 24.378993
72.072072 11.261625 10.373598 18.999219 24.400944
72.172172 11.271691 10.384386 19.015530 24.422876
72.272272 11.281748 10.395164 19.031826 24.444788
72.372372 11.291794 10.405930 19.048106 24.466678
72.472472 11.301831 10.416684 19.064370 24.488546
72.572573 11.311857 10.427425 19.080618 24.510391
72.672673 11.321872 10.438155 19.096850 24.532214
72.772773 11.331877 10.448872 19.113064 24.554014
72.872873 11.341871 10.459576 19.129262 24.575789
72.972973 11.351854 10.470267 19.145441 24.597540
73.073073 11.361826 10.480946 19.161604 24.619269
73.173173 11.371788 10.491613 19.177751 24.640975
73.273273 11.381741 10.502269 19.193883 24.662661
73.373373 11.391685 10.512914 19.210002 24.684328
73.473473 11.401621 10.523549 19.226108 24.705977
73.573574 11.411549 10.534175 19.242203 24.727609
73.673674 11.421469 10.544790 19.258285 24.749224
73.773774 11.431382 10.555396 19.274355 24.770822
73.873874 11.441286 10.565992 19.290413 24.792403
73.973974 11.451183 10.576579 19.306459 24.813968
74.074074 11.461073 10.587156 19.322494 24.835516
74.174174 11.470956 10.597724 19.338518 24.857048
74.274274 11.480831 10.608283 19.354532 24.878566
74.374374 11.490701 10.618834 19.370536 24.900070
74.474474 11.500563 10.629376 19.386530 24.921560
74.574575 11.510419 10.639910 19.402514 24.943035
74.674675 11.520269 10.650435 19.418489 24.964496
74.774775 11.530113 10.660952 19.434454 24.985944
74.874875 11.539950 10.671461 19.450410 25.007379
74.974975 11.549781 10.681962 19.466355 25.028798
75.075075 11.559604 10.692452 19.482288 25.050200
75.175175 11.569417 10.702931 19.498207 25.071582
75.275275 11.579221 10.713399 19.514111 25.092944
75.375375 11.589016 10.723857 19.530001 25.114286
75.475475 11.598803 10.734304 19.545877 25.135608
75.575576 11.608580 10.744740 19.561740 25.156913
75.675676 11.618350 10.755166 19.577590 25.178199
75.775776 11.628111 10.765583 19.593428 25.199467
75.875876 11.637865 10.775990 19.609253 25.220719
75.975976 11.647612 10.786388 19.625069 25.241956
76.076076 11.657352 10.796778 19.640874 25.263178
76.176176 11.667086 10.807159 19.656668 25.284386
76.276276 11.676813 10.817531 19.672454 25.305580
76.376376 11.686534 10.827896 19.688230 25.326761
76.476476 11.696250 10.838254 19.703998 25.347930
76.576577 11.705961 10.848604 19.719759 25.369088
76.676677 11.715667 10.858947 19.735512 25.390235
76.776777 11.725368 10.869284 19.751259 25.411372
76.876877 11.735064 10.879614 19.766998 25.432498
76.976977 11.744755 10.889936 19.782730 25.453613
77.077077 11.754442 10.900253 19.798456 25.474718
77.177177 11.764125 10.910563 19.814176 25.495815
77.277277 11.773803 10.920866 19.829889 25.516902
77.377377 11.783477 10.931164 19.845596 25.537979
77.477477 11.793147 10.941454 19.861297 25.559046
77.577578 11.802810 10.951738 19.876989 25.580101
77.677678 11.812468 10.962013 19.892672 25.601143
77.777778 11.822120 10.972280 19.908345 25.622171
77.877878 11.831764 10.982538 19.924008 25.643184
77.977978 11.841401 10.992787 19.939659 25.664180
78.078078 11.851031 11.003027 19.955298 25.685160
78.178178 11.860653 11.013258 19.970926 25.706125
78.278278 11.870268 11.023480 19.986544 25.727074
78.378378 11.879878 11.033694 20.002152 25.748010
78.478478 11.889481 11.043900 20.017751 25.768932
78.578579 11.899077 11.054097 20.033340 25.789839
78.678679 11.908666 11.064286 20.048917 25.810730
78.778779 11.918248 11.074466 20.064483 25.831607
78.878879 11.927823 11.084637 20.080040 25.852469
78.978979 11.937393 11.094800 20.095587 25.873317
79.079079 11.946955 11.104955 20.111124 25.894152
79.179179 11.956512 11.115102 20.126651 25.914972
79.279279 11.966062 11.125241 20.142169 25.935778
79.379379 11.975605 11.135371 20.157676 25.956570
79.479479 11.985141 11.145492 20.173172 25.977346
79.579580 11.994670 11.155604 20.188657 25.998106
79.679680 12.004191 11.165708 20.204131 26.018850
79.779780 12.013706 11.175802 20.219594 26.039579
79.879880 12.023213 11.185888 20.235046 26.060292
79.979980 12.032712 11.195963 20.250484 26.080986
80.080080 12.042202 11.206028 20.265908 26.101662
80.180180 12.051683 11.216083 20.281318 26.122317
80.280280 12.061154 11.226125 20.296712 26.142950
80.380380 12.070614 11.236157 20.312091 26.163562
80.480480 12.080065 11.246177 20.327453 26.184152
80.580581 12.089506 11.256185 20.342800 26.204720
80.680681 12.098936 11.266181 20.358129 26.225265
80.780781 12.108355 11.276165 20.373441 26.245785
80.880881 12.117762 11.286135 20.388733 26.266279
80.980981 12.127155 11.296091 20.404004 26.286744
81.081081 12.136535 11.306031 20.419252 26.307179
81.181181 12.145901 11.315957 20.434478 26.327584
81.281281 12.155253 11.325868 20.449682 26.347959
81.381381 12.164591 11.335763 20.464863 26.368303
81.481481 12.173914 11.345643 20.480021 26.388616
81.581582 12.183225 11.355508 20.495158 26.408901
81.681682 12.192523 11.365360 20.510276 26.429159
81.781782 12.201810 11.375199 20.525374 26.449391
81.881882 12.211084 11.385024 20.540452 26.469596
81.981982 12.220345 11.394835 20.555509 26.489773
82.082082 12.229593 11.404632 20.570546 26.509922
82.182182 12.238828 11.414415 20.585562 26.530043
82.282282 12.248051 11.424184 20.600558 26.550136
82.382382 12.257261 11.433939 20.615533 26.570202
82.482482 12.266459 11.443681 20.630489 26.590241
82.582583 12.275645 11.453409 20.645426 26.610255
82.682683 12.284820 11.463125 20.660345 26.630244
82.782783 12.293983 11.472828 20.675244 26.650207
82.882883 12.303133 11.482516 20.690124 26.670142
82.982983 12.312271 11.492192 20.704983 26.690051
83.083083 12.321397 11.501854 20.719824 26.709934
83.183183 12.330513 11.511504 20.734647 26.729794
83.283283 12.339617 11.521142 20.749453 26.749629
83.383383 12.348709 11.530766 20.764239 26.769438
83.483483 12.357788 11.540376 20.779005 26.789219
83.583584 12.366855 11.549973 20.793750 26.808973
83.683684 12.375910 11.559556 20.808476 26.828700
83.783784 12.384952 11.569126 20.823182 26.848401
83.883884 12.393983 11.578683 20.837870 26.868076
83.983984 12.403002 11.588227 20.852538 26.887727
84.084084 12.412010 11.597759 20.867189 26.907352
84.184184 12.421006 11.607277 20.881821 26.926952
84.284284 12.429991 11.616783 20.896434 26.946526
84.384384 12.438964 11.626275 20.911029 26.966075
84.484484 12.447925 11.635756 20.925605 26.985600
84.584585 12.456876 11.645224 20.940165 27.005102
84.684685 12.465817 11.654681 20.954708 27.024580
84.784785 12.474747 11.664125 20.969234 27.044036
84.884885 12.483667 11.673559 20.983744 27.063471
84.984985 12.492578 11.682981 20.998239 27.082884
85.085085 12.501478 11.692393 21.012718 27.102276
85.185185 12.510369 11.701794 21.027183 27.121647
85.285285 12.519251 11.711183 21.041632 27.140997
85.385385 12.528124 11.720563 21.056067 27.160329
85.485485 12.536989 11.729933 21.070489 27.179642
85.585586 12.545845 11.739293 21.084898 27.198936
85.685686 12.554693 11.748643 21.099293 27.218213
85.785786 12.563532 11.757983 21.113675 27.237470
85.885886 12.572363 11.767314 21.128044 27.256710
85.985986 12.581185 11.776635 21.142400 27.275931
86.086086 12.589999 11.785945 21.156741 27.295133
86.186186 12.598804 11.795246 21.171070 27.314317
86.286286 12.607603 11.804539 21.185388 27.333486
86.386386 12.616394 11.813823 21.199695 27.352639
86.486486 12.625179 11.823099 21.213991 27.371777
86.586587 12.633956 11.832366 21.228276 27.390900
86.686687 12.642726 11.841625 21.242550 27.410008
86.786787 12.651490 11.850875 21.256813 27.429100
86.886887 12.660246 11.860116 21.271064 27.448176
86.986987 12.668995 11.869350 21.285306 27.467238
87.087087 12.677739 11.878576 21.299538 27.486287
87.187187 12.686477 11.887795 21.313762 27.505323
87.287287 12.695209 11.897006 21.327977 27.524347
87.387387 12.703936 11.906211 21.342184 27.543360
87.487487 12.712658 11.915409 21.356382 27.562360
87.587588 12.721374 11.924600 21.370573 27.581350
87.687688 12.730086 11.933786 21.384757 27.600329
87.787788 12.738794 11.942965 21.398935 27.619299
87.887888 12.747497 11.952138 21.413106 27.638259
87.987988 12.756197 11.961307 21.427272 27.657212
88.088088 12.764894 11.970470 21.441434 27.676159
88.188188 12.773588 11.979630 21.455592 27.695099
88.288288 12.782279 11.988784 21.469746 27.714033
88.388388 12.790968 11.997935 21.483897 27.732961
88.488488 12.799654 12.007082 21.498045 27.751884
88.588589 12.808337 12.016224 21.512188 27.770801
88.688689 12.817018 12.025361 21.526328 27.789712
88.788789 12.825696 12.034495 21.540464 27.808617
88.888889 12.834372 12.043624 21.554597 27.827516
88.988989 12.843045 12.052749 21.568726 27.846409
89.089089 12.851715 12.061870 21.582851 27.865297
89.189189 12.860383 12.070987 21.596974 27.884180
89.289289 12.869049 12.080099 21.611093 27.903057
89.389389 12.877712 12.089208 21.625209 27.921929
89.489489 12.886373 12.098313 21.639322 27.940795
89.589590 12.895032 12.107414 21.653432 27.959658
89.689690 12.903690 12.116512 21.667541 27.978517
89.789790 12.912347 12.125608 21.681649 27.997374
89.889890 12.921003 12.134701 21.695757 28.016230
89.989990 12.929657 12.143791 21.709864 28.035083
90.090090 12.938310 12.152877 21.723967 28.053931
90.190190 12.946961 12.161960 21.738069 28.072775
90.290290 12.955610 12.171040 21.752169 28.091616
90.390390 12.964258 12.180117 21.766266 28.110453
90.490490 12.972904 12.189190 21.780361 28.129286
90.590591 12.981548 12.198259 21.794454 28.148114
90.690691 12.990190 12.207325 21.808544 28.166938
90.790791 12.998829 12.216387 21.822630 28.185756
90.890891 13.007465 12.225443 21.836712 28.204567
90.990991 13.016098 12.234496 21.850789 28.223371
91.091091 13.024727 12.243543 21.864862 28.242169
91.191191 13.033354 12.252586 21.878930 28.260958
91.291291 13.041976 12.261623 21.892992 28.279739
91.391391 13.050595 12.270655 21.907049 28.298512
91.491491 13.059209 12.279682 21.921099 28.317276
91.591592 13.067820 12.288703 21.935143 28.336031
91.691692 13.076427 12.297719 21.949182 28.354777
91.791792 13.085030 12.306729 21.963216 28.373517
91.891892 13.093630 12.315736 21.977245 28.392249
91.991992 13.102228 12.324738 21.991271 28.410976
92.092092 13.110822 12.333736 22.005292 28.429695
92.192192 13.119414 12.342729 22.019309 28.448408
92.292292 13.128002 12.351717 22.033321 28.467114
92.392392 13.136587 12.360700 22.047328 28.485813
92.492492 13.145169 12.369679 22.061331 28.504503
92.592593 13.153747 12.378653 22.075328 28.523188
92.692693 13.162322 12.387622 22.089321 28.541864
92.792793 13.170893 12.396586 22.103308 28.560532
92.892893 13.179460 12.405544 22.117289 28.579191
92.992993 13.188023 12.414498 22.131264 28.597842
93.093093 13.196582 12.423445 22.145232 28.616482
93.193193 13.205136 12.432386 22.159193 28.635113
93.293293 13.213684 12.441320 22.173146 28.653731
93.393393 13.222226 12.450247 22.187089 28.672336
93.493493 13.230762 12.459167 22.201022 28.690927
93.593594 13.239292 12.468078 22.214945 28.709504
93.693694 13.247814 12.476981 22.228856 28.728064
93.793794 13.256329 12.485876 22.242756 28.746609
93.893894 13.264837 12.494762 22.256645 28.765139
93.993994 13.273338 12.503641 22.270523 28.783654
94.094094 13.281831 12.512510 22.284389 28.802152
94.194194 13.290317 12.521372 22.298244 28.820634
94.294294 13.298796 12.530225 22.312087 28.839101
94.394394 13.307268 12.539069 22.325919 28.857552
94.494494 13.315732 12.547905 22.339739 28.875986
94.594595 13.324189 12.556732 22.353546 28.894404
94.694695 13.332638 12.565550 22.367342 28.912805
94.794795 13.341080 12.574360 22.381127 28.931190
94.894895 13.349514 12.583161 22.394899 28.949559
94.994995 13.357941 12.591954 22.408660 28.967912
95.095095 13.366361 12.600738 22.422409 28.986249
95.195195 13.374773 12.609514 22.436146 29.004569
95.295295 13.383177 12.618281 22.449871 29.022873
95.395395 13.391574 12.627039 22.463584 29.041159
95.495495 13.399962 12.635787 22.477283 29.059428
95.595596 13.408342 12.644526 22.490969 29.077678
95.695696 13.416713 12.653255 22.504640 29.095908
95.795796 13.425073 12.661973 22.518295 29.114116
95.895896 13.433422 12.670678 22.531932 29.132300
95.995996 13.441761 12.679372 22.545551 29.150459
96.096096 13.450087 12.688053 22.559151 29.168593
96.196196 13.458403 12.696723 22.572734 29.186704
96.296296 13.466709 12.705381 22.586301 29.204794
96.396396 13.475006 12.714029 22.599852 29.222861
96.496496 13.483292 12.722667 22.613388 29.240909
96.596597 13.491571 12.731295 22.626911 29.258938
96.696697 13.499841 12.739914 22.640420 29.276949
96.796797 13.508102 12.748522 22.653915 29.294940
96.896897 13.516354 12.757121 22.667395 29.312911
96.996997 13.524596 12.765709 22.680859 29.330861
97.097097 13.532828 12.774286 22.694307 29.348789
97.197197 13.541051 12.782852 22.707740 29.366696
97.297297 13.549264 12.791408 22.721159 29.384583
97.397397 13.557469 12.799955 22.734563 29.402452
97.497497 13.565666 12.808492 22.747954 29.420302
97.597598 13.573853 12.817020 22.761331 29.438133
97.697698 13.582032 12.825537 22.774694 29.455944
97.797798 13.590201 12.834044 22.788041 29.473735
97.897898 13.598361 12.842540 22.801373 29.491505
97.997998 13.606509 12.851025 22.814687 29.509251
98.098098 13.614647 12.859499 22.827984 29.526974
98.198198 13.622774 12.867960 22.841263 29.544672
98.298298 13.630890 12.876409 22.854523 29.562346
98.398398 13.638993 12.884845 22.867764 29.579992
98.498498 13.647083 12.893267 22.880983 29.597611
98.598599 13.655160 12.901675 22.894181 29.615201
98.698699 13.663222 12.910068 22.907355 29.632759
98.798799 13.671271 12.918447 22.920506 29.650287
98.898899 13.679304 12.926810 22.933633 29.667782
98.998999 13.687324 12.935158 22.946737 29.685246
99.099099 13.695328 12.943491 22.959817 29.702679
99.199199 13.703319 12.951808 22.972873 29.720080
99.299299 13.711294 12.960111 22.985905 29.737449
99.399399 13.719255 12.968398 22.998913 29.754786
99.499499 13.727200 12.976669 23.011896 29.772090
99.599600 13.735130 12.984924 23.024854 29.789360
99.699700 13.743044 12.993162 23.037785 29.806594
99.799800 13.750941 13.001384 23.050689 29.823793
99.899900 13.758822 13.009588 23.063567 29.840956
100.000000 13.766687 13.017776 23.076418 29.858085
