0.000000 0.135672 -1.046181 -0.210816 1.075800
0.100100 0.222443 -1.036574 -0.203978 1.079618
0.200200 0.307922 -1.021199 -0.196008 1.084473
0.300300 0.391660 -1.000231 -0.186968 1.090329
0.400400 0.473235 -0.973879 -0.176925 1.097130
0.500501 0.552272 -0.942417 -0.165956 1.104851
0.600601 0.628428 -0.906142 -0.154143 1.113452
0.700701 0.701358 -0.865305 -0.141558 1.122807
0.800801 0.770764 -0.820197 -0.128277 1.132809
0.900901 0.836426 -0.771177 -0.114388 1.143419
1.001001 0.898143 -0.718586 -0.099974 1.154566
1.101101 0.955762 -0.662779 -0.085116 1.166191
1.201201 1.009203 -0.604131 -0.069898 1.178283
1.301301 1.058393 -0.542994 -0.054398 1.190797
1.401401 1.103227 -0.479676 -0.038684 1.203617
1.501502 1.143646 -0.414489 -0.022827 1.216655
1.601602 1.179615 -0.347740 -0.006891 1.229822
1.701702 1.211123 -0.279724 0.009061 1.243039
1.801802 1.238304 -0.210754 0.024971 1.256359
1.901902 1.261344 -0.141124 0.040788 1.269869
2.002002 1.280379 -0.071091 0.056466 1.283593
2.102102 1.295456 -0.000885 0.071960 1.297453
2.202202 1.306587 0.069279 0.087225 1.311326
2.302302 1.313811 0.139190 0.102220 1.325112
2.402402 1.317244 0.208656 0.116911 1.338782
2.502503 1.317020 0.277498 0.131268 1.352323
2.602603 1.313288 0.345557 0.145266 1.365737
2.702703 1.306145 0.412672 0.158877 1.378968
2.802803 1.295695 0.478697 0.172077 1.391972
2.902903 1.282138 0.543529 0.184855 1.404804
3.003003 1.265663 0.607078 0.197202 1.417510
3.103103 1.246408 0.669246 0.209106 1.430087
3.203203 1.224452 0.729915 0.220547 1.442463
3.303303 1.199925 0.789002 0.231514 1.454628
3.403403 1.172991 0.846456 0.242007 1.466616
3.503504 1.143773 0.902211 0.252017 1.478416
3.603604 1.112362 0.956182 0.261534 1.489978
3.703704 1.078836 1.008280 0.270541 1.501235
3.803804 1.043272 1.058415 0.279025 1.512122
3.903904 1.005731 1.106485 0.286968 1.522549
4.004004 0.966287 1.152400 0.294355 1.532443
4.104104 0.925029 1.196088 0.301177 1.541756
4.204204 0.882101 1.237550 0.307441 1.550533
4.304304 0.837658 1.276817 0.313162 1.558847
4.404404 0.791830 1.313900 0.318350 1.566740
4.504505 0.744753 1.348834 0.323020 1.574278
4.604605 0.696545 1.381636 0.327182 1.581500
4.704705 0.647314 1.412320 0.330845 1.588434
4.804805 0.597147 1.440863 0.334009 1.595065
4.904905 0.546114 1.467213 0.336667 1.601343
5.005005 0.494303 1.491361 0.338822 1.607263
5.105105 0.441807 1.513311 0.340480 1.612833
5.205205 0.388706 1.533052 0.341644 1.618042
5.305305 0.335084 1.550574 0.342315 1.622880
5.405405 0.281025 1.565888 0.342501 1.627356
5.505506 0.226607 1.578978 0.342203 1.631449
5.605606 0.171907 1.589828 0.341421 1.635137
5.705706 0.117009 1.598482 0.340170 1.638461
5.805806 0.061993 1.604991 0.338465 1.641463
5.905906 0.006933 1.609343 0.336307 1.644121
6.006006 -0.048097 1.611496 0.333692 1.646385
6.106106 -0.103022 1.611411 0.330615 1.648201
6.206206 -0.157762 1.609058 0.327076 1.649526
6.306306 -0.212246 1.604484 0.323087 1.650395
6.406406 -0.266399 1.597706 0.318656 1.650810
6.506507 -0.320140 1.588694 0.313782 1.650727
6.606607 -0.373391 1.577445 0.308468 1.650123
6.706707 -0.426077 1.563976 0.302723 1.649001
6.806807 -0.478127 1.548319 0.296556 1.647375
6.906907 -0.529463 1.530482 0.289974 1.645233
7.007007 -0.580005 1.510470 0.282982 1.642560
7.107107 -0.629688 1.488325 0.275593 1.639381
7.207207 -0.678451 1.464105 0.267822 1.635734
7.307307 -0.726223 1.437838 0.259679 1.631629
7.407407 -0.772934 1.409556 0.251174 1.627072
7.507508 -0.818516 1.379294 0.242319 1.622078
7.607608 -0.862906 1.347101 0.233127 1.616675
7.707708 -0.906031 1.313004 0.223608 1.610861
7.807808 -0.947828 1.277050 0.213776 1.604660
7.907908 -0.988229 1.239281 0.203642 1.598088
8.008008 -1.027150 1.199717 0.193217 1.591129
8.108108 -1.064513 1.158394 0.182510 1.583785
8.208208 -1.100268 1.115379 0.171541 1.576098
8.308308 -1.134377 1.070750 0.160326 1.568127
8.408408 -1.166728 1.024517 0.148874 1.559825
8.508509 -1.197204 0.976690 0.137193 1.551142
8.608609 -1.225742 0.927332 0.125301 1.542105
8.708709 -1.252268 0.876501 0.113214 1.532725
8.808809 -1.276667 0.824231 0.100945 1.522965
8.908909 -1.298857 0.770582 0.088511 1.512832
9.009009 -1.318750 0.715616 0.075930 1.502322
9.109109 -1.336238 0.659391 0.063220 1.491417
9.209209 -1.351188 0.601960 0.050400 1.480069
9.309309 -1.363459 0.543379 0.037489 1.468225
9.409409 -1.372995 0.483752 0.024512 1.455930
9.509510 -1.379717 0.423177 0.011493 1.443201
9.609610 -1.383536 0.361755 -0.001540 1.430049
9.709710 -1.384377 0.299597 -0.014561 1.416500
9.809810 -1.382165 0.236820 -0.027541 1.402577
9.909910 -1.376800 0.173547 -0.040450 1.388284
10.010010 -1.368114 0.109898 -0.053252 1.373554
10.110110 -1.356005 0.046017 -0.065911 1.358386
10.210210 -1.340441 -0.017939 -0.078394 1.342851
10.310310 -1.321336 -0.081803 -0.090661 1.326967
10.410410 -1.298631 -0.145401 -0.102671 1.310773
10.510511 -1.272257 -0.208544 -0.114382 1.294300
10.610611 -1.242131 -0.271025 -0.125746 1.277558
10.710711 -1.208149 -0.332618 -0.136710 1.260535
10.810811 -1.170221 -0.393078 -0.147218 1.243222
10.910911 -1.128272 -0.452136 -0.157209 1.225618
11.011011 -1.082197 -0.509490 -0.166615 1.207680
11.111111 -1.031989 -0.564846 -0.175373 1.189457
11.211211 -0.977622 -0.617868 -0.183413 1.170959
11.311311 -0.919070 -0.668187 -0.190655 1.152178
11.411411 -0.856368 -0.715427 -0.197024 1.133146
11.511512 -0.789590 -0.759195 -0.202441 1.113918
11.611612 -0.718891 -0.799122 -0.206837 1.094615
11.711712 -0.644409 -0.834762 -0.210129 1.075288
11.811812 -0.566284 -0.865594 -0.212214 1.055919
11.911912 -0.484719 -0.891063 -0.212987 1.036489
12.012012 -0.400036 -0.910686 -0.212367 1.017093
12.112112 -0.312628 -0.923957 -0.210270 0.997821
12.212212 -0.222960 -0.930371 -0.206615 0.978771
12.312312 -0.131604 -0.929481 -0.201341 0.960101
12.412412 -0.039207 -0.920793 -0.194382 0.941903
12.512513 0.053479 -0.903806 -0.185675 0.924230
12.612613 0.145579 -0.878035 -0.175167 0.907096
12.712713 0.236102 -0.843153 -0.162844 0.890601
12.812813 0.323939 -0.798930 -0.148722 0.874840
12.912913 0.407882 -0.745285 -0.132849 0.859922
13.013013 0.486726 -0.682453 -0.115344 0.846138
13.113113 0.559208 -0.610822 -0.096355 0.833727
13.213213 0.623964 -0.530857 -0.076058 0.822754
13.313313 0.679682 -0.443291 -0.054677 0.813304
13.413413 0.725225 -0.349168 -0.032494 0.805559
13.513514 0.759632 -0.249755 -0.009828 0.799697
13.613614 0.782027 -0.146465 0.012980 0.795730
13.713714 0.791797 -0.040873 0.035564 0.793649
13.813814 0.788614 0.065324 0.057553 0.793406
13.913914 0.772594 0.170406 0.078595 0.795058
14.014014 0.744349 0.272739 0.098382 0.798825
14.114114 0.704607 0.370803 0.116638 0.804718
14.214214 0.654302 0.463253 0.133134 0.812674
14.314314 0.594566 0.548966 0.147698 0.822610
14.414414 0.526559 0.626973 0.160193 0.834279
14.514515 0.451522 0.696536 0.170535 0.847417
14.614615 0.370739 0.757148 0.178687 0.861771
14.714715 0.285476 0.808507 0.184659 0.877086
14.814815 0.196944 0.850463 0.188487 0.893086
14.914915 0.106287 0.883053 0.190240 0.909544
15.015015 0.014579 0.906527 0.190033 0.926346
15.115115 -0.077225 0.921118 0.187966 0.943267
15.215215 -0.168276 0.927228 0.184171 0.960202
15.315315 -0.257808 0.925246 0.178771 0.976987
15.415415 -0.345143 0.915542 0.171881 0.993420
15.515516 -0.429723 0.898655 0.163646 1.009466
15.615616 -0.511024 0.875022 0.154186 1.024979
15.715716 -0.588620 0.845131 0.143625 1.039879
15.815816 -0.662158 0.809493 0.132091 1.054126
15.915916 -0.731304 0.768557 0.119696 1.067619
16.016016 -0.795816 0.722815 0.106555 1.080341
16.116116 -0.855520 0.672766 0.092783 1.092309
16.216216 -0.910204 0.618828 0.078479 1.103439
16.316316 -0.959725 0.561431 0.063741 1.113706
16.416416 -1.004041 0.501041 0.048668 1.123169
16.516517 -1.043062 0.438059 0.033348 1.131806
16.616617 -1.076719 0.372871 0.017867 1.139594
16.716717 -1.104978 0.305861 0.002306 1.146531
16.816817 -1.127770 0.237385 -0.013256 1.152559
16.916917 -1.145040 0.167791 -0.028744 1.157626
17.017017 -1.156751 0.097428 -0.044084 1.161683
17.117117 -1.162859 0.026638 -0.059200 1.164670
17.217217 -1.163400 -0.044235 -0.074024 1.166591
17.317317 -1.158413 -0.114854 -0.088486 1.167451
17.417417 -1.147883 -0.184877 -0.102516 1.167187
17.517518 -1.131861 -0.253971 -0.116046 1.165794
17.617618 -1.110448 -0.321809 -0.129013 1.163315
17.717718 -1.083756 -0.388071 -0.141358 1.159788
17.817818 -1.051804 -0.452399 -0.153005 1.155148
17.917918 -1.014566 -0.514402 -0.163874 1.149264
18.018018 -0.972068 -0.573685 -0.173881 1.142044
18.118118 -0.924413 -0.629870 -0.182955 1.133468
18.218218 -0.871840 -0.682649 -0.191044 1.123660
18.318318 -0.814596 -0.731711 -0.198097 1.112749
18.418418 -0.752859 -0.776670 -0.204043 1.100748
18.518519 -0.686773 -0.817071 -0.208795 1.087593
18.618619 -0.616516 -0.852429 -0.212263 1.073212
18.718719 -0.542321 -0.882254 -0.214356 1.057560
18.818819 -0.464482 -0.906048 -0.214988 1.040618
18.918919 -0.383356 -0.923312 -0.214074 1.022396
19.019019 -0.299361 -0.933521 -0.211527 1.002906
19.119119 -0.212993 -0.936145 -0.207265 0.982187
19.219219 -0.124855 -0.930732 -0.201227 0.960387
19.319319 -0.035629 -0.916737 -0.193336 0.937579
19.419419 0.053889 -0.893581 -0.183518 0.913821
19.519520 0.142755 -0.860735 -0.171713 0.889230
19.619620 0.229870 -0.817745 -0.157888 0.863988
19.719720 0.313974 -0.764312 -0.142051 0.838410
19.819820 0.393629 -0.700246 -0.124242 0.812850
19.919920 0.467194 -0.625512 -0.104546 0.787697
20.020020 0.532758 -0.540217 -0.083091 0.763263
20.120120 0.588345 -0.444924 -0.060105 0.740081
20.220220 0.631895 -0.340651 -0.035914 0.718766
20.320320 0.661228 -0.228825 -0.010939 0.699788
20.420420 0.674326 -0.111490 0.014282 0.683630
20.520521 0.669643 0.008692 0.039107 0.670841
20.620621 0.646413 0.128546 0.062831 0.662059
20.720721 0.604602 0.244620 0.084730 0.657694
20.820821 0.545028 0.353431 0.104125 0.657884
20.920921 0.469472 0.451810 0.120452 0.662604
21.021021 0.380456 0.537172 0.133313 0.671620
21.121121 0.280953 0.607663 0.142485 0.684464
21.221221 0.174220 0.662480 0.147983 0.700808
21.321321 0.063405 0.701684 0.149995 0.720332
21.421421 -0.048755 0.725710 0.148764 0.742403
21.521522 -0.159920 0.735340 0.144583 0.766292
21.621622 -0.268186 0.731752 0.137804 0.791438
21.721722 -0.372060 0.716272 0.128788 0.817350
21.821822 -0.470434 0.690266 0.117882 0.843607
21.921922 -0.562529 0.655108 0.105414 0.869895
22.022022 -0.647768 0.612022 0.091674 0.895867
22.122122 -0.725802 0.562180 0.076924 0.921278
22.222222 -0.796515 0.506711 0.061408 0.946025
22.322322 -0.859937 0.446650 0.045340 0.970074
22.422422 -0.916139 0.382884 0.028900 0.993350
22.522523 -0.965082 0.316132 0.012241 1.015614
22.622623 -1.006727 0.247034 -0.004501 1.036603
22.722723 -1.041172 0.176212 -0.021202 1.056191
22.822823 -1.068565 0.104238 -0.037751 1.074300
22.922923 -1.089132 0.031640 -0.054050 1.090932
23.023023 -1.103076 -0.041108 -0.070011 1.106060
23.123123 -1.110474 -0.113568 -0.085548 1.119540
23.223223 -1.111377 -0.185320 -0.100575 1.131202
23.323323 -1.105908 -0.255967 -0.115017 1.140955
23.423423 -1.094198 -0.325124 -0.128800 1.148723
23.523524 -1.076422 -0.392436 -0.141860 1.154476
23.623624 -1.052895 -0.457606 -0.154153 1.158342
23.723724 -1.023863 -0.520337 -0.165630 1.160379
23.823824 -0.989562 -0.580343 -0.176245 1.160643
23.923924 -0.950269 -0.637371 -0.185961 1.159239
24.024024 -0.906267 -0.691191 -0.194744 1.156282
24.124124 -0.857742 -0.741502 -0.202543 1.151768
24.224224 -0.804799 -0.787935 -0.209287 1.145576
24.324324 -0.747603 -0.830139 -0.214911 1.137642
24.424424 -0.686393 -0.867819 -0.219367 1.127992
24.524525 -0.621470 -0.900731 -0.222621 1.116737
24.624625 -0.553104 -0.928571 -0.224625 1.103913
24.724725 -0.481554 -0.950969 -0.225315 1.089497
24.824825 -0.407136 -0.967600 -0.224642 1.073533
24.924925 -0.330218 -0.978161 -0.222563 1.056114
25.025025 -0.251167 -0.982237 -0.219012 1.037227
25.125125 -0.170391 -0.979356 -0.213912 1.016823
25.225225 -0.088375 -0.969020 -0.207187 0.994855
25.325325 -0.005692 -0.950768 -0.198772 0.971340
25.425425 0.076983 -0.924251 -0.188633 0.946441
25.525526 0.158880 -0.889110 -0.176737 0.920324
25.625626 0.239096 -0.844934 -0.163049 0.893121
25.725726 0.316541 -0.791223 -0.147525 0.864867
25.825826 0.389933 -0.727576 -0.130153 0.835676
25.925926 0.457840 -0.653855 -0.110983 0.805892
26.026026 0.518465 -0.569896 -0.090082 0.775694
26.126126 0.569663 -0.475714 -0.067572 0.745242
26.226226 0.609121 -0.371864 -0.043698 0.714998
26.326326 0.634453 -0.259515 -0.018836 0.685736
26.426426 0.643208 -0.140517 0.006490 0.658410
26.526527 0.632893 -0.017494 0.031595 0.633923
26.626627 0.601429 0.105973 0.055614 0.613221
26.726727 0.547589 0.225348 0.077533 0.597199
26.826827 0.471541 0.335444 0.096278 0.586638
26.926927 0.375422 0.431149 0.110902 0.582349
27.027027 0.262993 0.507994 0.120681 0.584626
27.127127 0.139167 0.562726 0.125209 0.593047
27.227227 0.009541 0.593954 0.124508 0.606939
27.327327 -0.120459 0.602065 0.118962 0.625416
27.427427 -0.246196 0.588808 0.109192 0.647479
27.527528 -0.364105 0.556799 0.095945 0.672163
27.627628 -0.471691 0.509000 0.079976 0.698548
27.727728 -0.567402 0.448388 0.061994 0.725837
27.827828 -0.650508 0.377823 0.042637 0.753478
27.927928 -0.720690 0.299781 0.022438 0.780875
28.028028 -0.777809 0.216334 0.001839 0.807336
28.128128 -0.822113 0.129351 -0.018784 0.832439
28.228228 -0.854176 0.040472 -0.039122 0.856029
28.328328 -0.874717 -0.048922 -0.058925 0.878064
28.428428 -0.884406 -0.137670 -0.077989 0.898449
28.528529 -0.883799 -0.224775 -0.096137 0.916988
28.628629 -0.873474 -0.309367 -0.113219 0.933532
28.728729 -0.854196 -0.390748 -0.129132 0.948162
28.828829 -0.826773 -0.468359 -0.143805 0.961037
28.928929 -0.791881 -0.541690 -0.157168 0.972217
29.029029 -0.750133 -0.610279 -0.169160 0.981710
29.129129 -0.702102 -0.673699 -0.179723 0.989504
29.229229 -0.648359 -0.731576 -0.188811 0.995602
29.329329 -0.589490 -0.783602 -0.196392 1.000050
29.429429 -0.526073 -0.829509 -0.202442 1.002906
29.529530 -0.458668 -0.869042 -0.206940 1.004209
29.629630 -0.387828 -0.901967 -0.209867 1.003991
29.729730 -0.314110 -0.928082 -0.211213 1.002304
29.829830 -0.238060 -0.947154 -0.210959 0.999139
29.929930 -0.160223 -0.958917 -0.209079 0.994439
30.030030 -0.081188 -0.963223 -0.205577 0.988256
30.130130 -0.001569 -0.960024 -0.200475 0.980734
30.230230 0.078014 -0.949270 -0.193798 0.971986
30.330330 0.156916 -0.930861 -0.185561 0.962059
30.430430 0.234473 -0.904771 -0.175797 0.951049
30.530531 0.309954 -0.870893 -0.164522 0.938932
30.630631 0.382554 -0.829084 -0.151752 0.925611
30.730731 0.451485 -0.779448 -0.137552 0.911207
30.830831 0.515936 -0.722188 -0.122011 0.895897
30.930931 0.575079 -0.657591 -0.105234 0.879895
31.031031 0.628090 -0.586069 -0.087353 0.863484
31.131131 0.674206 -0.508187 -0.068528 0.847056
31.231231 0.712531 -0.424513 -0.048928 0.830846
31.331331 0.742055 -0.335669 -0.028739 0.814951
31.431431 0.761789 -0.242470 -0.008187 0.799488
31.531532 0.770720 -0.145905 0.012467 0.784509
31.631632 0.767992 -0.047203 0.032917 0.770145
31.731732 0.753018 0.052186 0.052829 0.756670
31.831832 0.725453 0.150634 0.071843 0.744402
31.931932 0.685209 0.246380 0.089587 0.733648
32.032032 0.632484 0.337563 0.105684 0.724675
32.132132 0.567736 0.422250 0.119754 0.717607
32.232232 0.491818 0.498545 0.131452 0.712538
32.332332 0.406029 0.564744 0.140492 0.709601
32.432432 0.311951 0.619302 0.146641 0.708768
32.532533 0.211437 0.660948 0.149736 0.709915
32.632633 0.106582 0.688844 0.149719 0.712939
32.732733 -0.000422 0.702480 0.146606 0.717615
32.832833 -0.107372 0.701865 0.140522 0.723803
32.932933 -0.212154 0.687406 0.131668 0.731350
33.033033 -0.312837 0.659809 0.120301 0.740059
33.133133 -0.407710 0.620065 0.106722 0.749732
33.233233 -0.495220 0.569211 0.091233 0.759979
33.333333 -0.574069 0.508470 0.074164 0.770453
33.433433 -0.643236 0.439211 0.055855 0.780883
33.533534 -0.701961 0.362875 0.036651 0.791057
33.633634 -0.749770 0.280942 0.016887 0.800855
33.733734 -0.786254 0.194818 -0.003122 0.810036
33.833834 -0.811079 0.105854 -0.023074 0.818283
33.933934 -0.824196 0.015406 -0.042684 0.825444
34.034034 -0.825843 -0.075214 -0.061691 0.831553
34.134134 -0.816404 -0.164778 -0.079860 0.836687
34.234234 -0.796303 -0.252145 -0.096977 0.840880
34.334334 -0.766007 -0.336232 -0.112842 0.844128
34.434434 -0.725990 -0.415998 -0.127263 0.846353
34.534535 -0.676705 -0.490391 -0.140046 0.847364
34.634635 -0.618739 -0.558433 -0.151020 0.847049
34.734735 -0.552859 -0.619262 -0.160049 0.845431
34.834835 -0.479871 -0.672051 -0.167003 0.842508
34.934935 -0.400637 -0.715998 -0.171763 0.838252
35.035035 -0.316099 -0.750352 -0.174226 0.832647
35.135135 -0.227271 -0.774372 -0.174293 0.825640
35.235235 -0.135245 -0.787274 -0.171861 0.817085
35.335335 -0.041257 -0.788389 -0.166859 0.806909
35.435435 0.053311 -0.777280 -0.159274 0.795220
35.535536 0.146960 -0.753690 -0.149135 0.782232
35.635636 0.238101 -0.717563 -0.136518 0.768262
35.735736 0.325011 -0.668915 -0.121524 0.753556
35.835836 0.405774 -0.607791 -0.104268 0.738197
35.935936 0.478359 -0.534554 -0.084938 0.722350
36.036036 0.540687 -0.449975 -0.063813 0.706323
36.136136 0.590725 -0.355268 -0.041258 0.690560
36.236236 0.626398 -0.252030 -0.017722 0.675431
36.336336 0.645705 -0.142302 0.006257 0.661229
36.436436 0.646973 -0.028696 0.030041 0.648306
36.536537 0.629039 0.085673 0.052914 0.637048
36.636637 0.591466 0.197277 0.074117 0.627888
36.736737 0.534675 0.302385 0.092894 0.621243
36.836837 0.459941 0.397248 0.108533 0.617358
36.936937 0.369333 0.478299 0.120405 0.616177
37.037037 0.265875 0.542615 0.128068 0.617675
37.137137 0.153213 0.588001 0.131267 0.621652
37.237237 0.035334 0.613217 0.129966 0.627833
37.337337 -0.083677 0.618082 0.124353 0.635996
37.437437 -0.199973 0.603161 0.114762 0.645727
37.537538 -0.310075 0.569677 0.101641 0.656513
37.637638 -0.411051 0.519480 0.085540 0.667936
37.737738 -0.500593 0.454883 0.067070 0.679713
37.837838 -0.576933 0.378333 0.046840 0.691506
37.937938 -0.638827 0.292349 0.025446 0.703005
38.038038 -0.685478 0.199431 0.003453 0.713908
38.138138 -0.716417 0.101984 -0.018610 0.723879
38.238238 -0.731584 0.002331 -0.040256 0.732694
38.338338 -0.731252 -0.097330 -0.061040 0.740222
38.438438 -0.715814 -0.194931 -0.080552 0.746241
38.538539 -0.685851 -0.288528 -0.098420 0.750551
38.638639 -0.642227 -0.376326 -0.114317 0.753090
38.738739 -0.585881 -0.456605 -0.127936 0.753732
38.838839 -0.517964 -0.527803 -0.139015 0.752454
38.938939 -0.439961 -0.588653 -0.147372 0.749531
39.039039 -0.353391 -0.637940 -0.152839 0.745126
39.139139 -0.259848 -0.674522 -0.155265 0.739330
39.239239 -0.161094 -0.697393 -0.154539 0.732250
39.339339 -0.059036 -0.705674 -0.150584 0.723972
39.439439 0.044230 -0.698681 -0.143374 0.714610
39.539540 0.146440 -0.676060 -0.132960 0.704401
39.639640 0.245165 -0.637717 -0.119458 0.693584
39.739740 0.337775 -0.583696 -0.103025 0.682207
39.839840 0.421496 -0.514480 -0.083915 0.670366
39.939940 0.493627 -0.431237 -0.062523 0.658439
40.040040 0.551608 -0.335743 -0.039361 0.646949
40.140140 0.592882 -0.230190 -0.015030 0.636178
40.240240 0.615158 -0.117357 0.009762 0.626329
40.340340 0.616695 -0.000662 0.034206 0.617643
40.440440 0.596454 0.115968 0.057423 0.610331
40.540541 0.554267 0.228238 0.078508 0.604540
40.640641 0.490997 0.331739 0.096588 0.600382
40.740741 0.408601 0.422222 0.110886 0.597931
40.840841 0.309938 0.495778 0.120745 0.597023
40.940941 0.198726 0.549125 0.125687 0.597350
41.041041 0.079472 0.580093 0.125510 0.598812
41.141141 -0.042929 0.587716 0.120284 0.601433
41.241241 -0.163594 0.572138 0.110313 0.605206
41.341341 -0.277880 0.534434 0.096078 0.609974
41.441441 -0.381607 0.476506 0.078210 0.615466
41.541542 -0.471214 0.401015 0.057462 0.621415
41.641642 -0.543881 0.311156 0.034659 0.627556
41.741742 -0.597555 0.210480 0.010656 0.633630
41.841842 -0.630794 0.102656 -0.013702 0.639239
41.941942 -0.642957 -0.008558 -0.037593 0.644112
42.042042 -0.634236 -0.119452 -0.060254 0.648194
42.142142 -0.605223 -0.226467 -0.080976 0.651260
42.242242 -0.557006 -0.326243 -0.099117 0.653080
42.342342 -0.491204 -0.415650 -0.114115 0.653505
42.442442 -0.409885 -0.491852 -0.125492 0.652436
42.542543 -0.315561 -0.552346 -0.132866 0.649860
42.642643 -0.211134 -0.595029 -0.135960 0.645850
42.742743 -0.099889 -0.618290 -0.134620 0.640611
42.842843 0.014606 -0.620981 -0.128805 0.634367
42.942943 0.128528 -0.602532 -0.118610 0.627401
43.043043 0.237831 -0.562862 -0.104242 0.619874
43.143143 0.338332 -0.502576 -0.086062 0.611930
43.243243 0.425841 -0.423158 -0.064611 0.603803
43.343343 0.496228 -0.326867 -0.040592 0.595594
43.443443 0.545904 -0.217033 -0.014900 0.587653
43.543544 0.572240 -0.098006 0.011411 0.580684
43.643644 0.573432 0.025234 0.037202 0.575192
43.743744 0.548714 0.147251 0.061294 0.571425
43.843844 0.498662 0.262385 0.082539 0.569493
43.943944 0.425263 0.365155 0.099902 0.569357
44.044044 0.331883 0.450684 0.112555 0.570903
44.144144 0.223129 0.515280 0.119981 0.574191
44.244244 0.104298 0.556486 0.121965 0.579163
44.344344 -0.019117 0.573055 0.118550 0.585501
44.444444 -0.141682 0.565082 0.110060 0.592878
44.544545 -0.258352 0.533730 0.097019 0.600854
44.644645 -0.364734 0.481178 0.080125 0.609084
44.744745 -0.457382 0.410528 0.060218 0.617542
44.844845 -0.533607 0.325186 0.038160 0.626050
44.944945 -0.591424 0.228658 0.014791 0.634260
45.045045 -0.629671 0.124601 -0.009059 0.641945
45.145145 -0.647886 0.016613 -0.032613 0.648919
45.245245 -0.646139 -0.091843 -0.055154 0.654960
45.345345 -0.624853 -0.197472 -0.076017 0.659709
45.445445 -0.584955 -0.297169 -0.094605 0.662897
45.545546 -0.527823 -0.388051 -0.110393 0.664355
45.645646 -0.455310 -0.467566 -0.122952 0.664110
45.745746 -0.369580 -0.533419 -0.131924 0.662215
45.845846 -0.273057 -0.583592 -0.137021 0.658722
45.945946 -0.168503 -0.616448 -0.138056 0.653805
46.046046 -0.058894 -0.630507 -0.134887 0.647459
46.146146 0.052499 -0.624642 -0.127459 0.639672
46.246246 0.162090 -0.598314 -0.115860 0.630616
46.346346 0.266023 -0.551459 -0.100292 0.620430
46.446446 0.360222 -0.484647 -0.081100 0.609278
46.546547 0.440554 -0.399343 -0.058821 0.597514
46.646647 0.502889 -0.297879 -0.034171 0.585488
46.746747 0.543227 -0.183527 -0.008055 0.573448
46.846847 0.558188 -0.060729 0.018410 0.561783
46.946947 0.545518 0.064957 0.043939 0.551126
47.047047 0.504309 0.187118 0.067143 0.542078
47.147147 0.435242 0.298807 0.086609 0.534997
47.247247 0.341051 0.393114 0.101049 0.530156
47.347347 0.226597 0.463917 0.109454 0.527774
47.447447 0.098476 0.506564 0.111220 0.527896
47.547548 -0.035572 0.518397 0.106225 0.530363
47.647648 -0.167442 0.499046 0.094842 0.534864
47.747748 -0.289365 0.450192 0.077855 0.540801
47.847848 -0.394524 0.375306 0.056367 0.547432
47.947948 -0.477502 0.279356 0.031718 0.554125
48.048048 -0.534532 0.168248 0.005350 0.560410
48.148148 -0.563555 0.048347 -0.021293 0.566025
48.248248 -0.564142 -0.073973 -0.046858 0.570897
48.348348 -0.537410 -0.192693 -0.070150 0.575205
48.448448 -0.485477 -0.302334 -0.090143 0.578981
48.548549 -0.411405 -0.398154 -0.106019 0.582254
48.648649 -0.319045 -0.476209 -0.117168 0.585058
48.748749 -0.212696 -0.533293 -0.123160 0.587204
48.848849 -0.097170 -0.567247 -0.123814 0.588678
48.948949 0.022459 -0.576947 -0.119176 0.589555
49.049049 0.141082 -0.562199 -0.109492 0.589881
49.149149 0.253686 -0.523717 -0.095188 0.589658
49.249249 0.355480 -0.463065 -0.076859 0.588814
49.349349 0.442004 -0.382637 -0.055253 0.587224
49.449449 0.509320 -0.285674 -0.031265 0.584802
49.549550 0.554143 -0.176183 -0.005915 0.581506
49.649650 0.573912 -0.058814 0.019685 0.577253
49.749750 0.567187 0.061195 0.044360 0.572201
49.849850 0.533804 0.178248 0.066934 0.566744
49.949950 0.474639 0.286591 0.086254 0.561121
50.050050 0.391631 0.380410 0.101214 0.555275
50.150150 0.288127 0.454176 0.110847 0.549163
50.250250 0.169016 0.503147 0.114435 0.542972
50.350350 0.040477 0.523729 0.111573 0.537010
50.450450 -0.090315 0.513888 0.102235 0.531686
50.550551 -0.215632 0.473443 0.086814 0.527430
50.650651 -0.327722 0.404179 0.066114 0.524532
50.750751 -0.419414 0.309889 0.041326 0.523112
50.850851 -0.484883 0.196298 0.013970 0.523297
50.950951 -0.520151 0.070543 -0.014243 0.525106
51.051051 -0.523332 -0.059519 -0.041568 0.528343
51.151151 -0.494805 -0.185941 -0.066368 0.532738
51.251251 -0.436837 -0.301251 -0.087208 0.537758
51.351351 -0.353357 -0.398926 -0.102947 0.542772
51.451451 -0.249968 -0.474124 -0.112886 0.547741
51.551552 -0.133085 -0.523671 -0.116718 0.552780
51.651652 -0.009245 -0.545722 -0.114424 0.557665
51.751752 0.115031 -0.539855 -0.106279 0.562113
51.851852 0.233544 -0.507093 -0.092840 0.565955
51.951952 0.340693 -0.449742 -0.074902 0.569166
52.052052 0.431719 -0.371160 -0.053430 0.571835
52.152152 0.502825 -0.275504 -0.029504 0.574113
52.252252 0.551176 -0.167431 -0.004253 0.576061
52.352352 0.574861 -0.051923 0.021176 0.577590
52.452452 0.573041 0.065841 0.045656 0.578615
52.552553 0.546170 0.180683 0.068131 0.579301
52.652653 0.495659 0.287644 0.087644 0.579740
52.752753 0.423733 0.382109 0.103356 0.579861
52.852853 0.333546 0.460031 0.114599 0.579668
52.952953 0.228982 0.518012 0.120878 0.579120
53.053053 0.114541 0.553509 0.121914 0.578234
53.153153 -0.004793 0.565082 0.117684 0.577226
53.253253 -0.123847 0.552107 0.108345 0.576107
53.353353 -0.237429 0.515007 0.094276 0.574885
53.453453 -0.340524 0.455323 0.076076 0.573640
53.553554 -0.428400 0.375411 0.054502 0.572215
53.653654 -0.496819 0.278549 0.030474 0.570392
53.753754 -0.542375 0.168948 0.005060 0.568102
53.853854 -0.562905 0.051609 -0.020576 0.565641
53.953954 -0.557454 -0.068048 -0.045249 0.563412
54.054054 -0.526002 -0.184456 -0.067795 0.561514
54.154154 -0.469599 -0.292032 -0.087109 0.559816
54.254254 -0.390711 -0.385554 -0.102236 0.558353
54.354354 -0.293124 -0.460540 -0.112454 0.557373
54.454454 -0.181464 -0.513280 -0.117244 0.556895
54.554555 -0.061084 -0.541195 -0.116366 0.556925
54.654655 0.062178 -0.543022 -0.109883 0.557506
54.754755 0.182412 -0.518830 -0.098138 0.558650
54.854855 0.293949 -0.470053 -0.081745 0.560391
54.954955 0.391661 -0.399259 -0.061526 0.562665
55.055055 0.471253 -0.310055 -0.038474 0.565414
55.155155 0.529333 -0.206757 -0.013678 0.568445
55.255255 0.563744 -0.094249 0.011722 0.571688
55.355355 0.573538 0.022331 0.036602 0.575139
55.455455 0.558580 0.137893 0.059890 0.578457
55.555556 0.519758 0.247517 0.080610 0.581301
55.655656 0.458947 0.346609 0.097907 0.583400
55.755756 0.378711 0.430950 0.111043 0.584355
55.855856 0.282447 0.496972 0.119463 0.583977
55.955956 0.174252 0.541872 0.122810 0.582298
56.056056 0.058667 0.563576 0.120903 0.579376
56.156156 -0.059392 0.560693 0.113727 0.575185
56.256256 -0.174681 0.532529 0.101428 0.569551
56.356356 -0.281721 0.479509 0.084400 0.562511
56.456456 -0.374948 0.403187 0.063277 0.554211
56.556557 -0.448875 0.306281 0.038933 0.544805
56.656657 -0.498613 0.192999 0.012517 0.534809
56.756757 -0.520225 0.068958 -0.014578 0.524978
56.856857 -0.510822 -0.059054 -0.040774 0.515838
56.956957 -0.469308 -0.183228 -0.064381 0.507905
57.057057 -0.396992 -0.295244 -0.083736 0.501780
57.157157 -0.297758 -0.387116 -0.097386 0.497998
57.257257 -0.177973 -0.452132 -0.104286 0.496964
57.357357 -0.045868 -0.485696 -0.103935 0.498805
57.457457 0.089353 -0.485820 -0.096430 0.503293
57.557558 0.218580 -0.453385 -0.082463 0.510035
57.657658 0.333738 -0.391773 -0.063189 0.518518
57.757758 0.428518 -0.306210 -0.040051 0.528201
57.857858 0.498665 -0.203030 -0.014608 0.538611
57.957958 0.541829 -0.088856 0.011628 0.549189
58.058058 0.557361 0.029851 0.037271 0.559402
58.158158 0.546162 0.147130 0.061127 0.568926
58.258258 0.510292 0.257752 0.082219 0.577576
58.358358 0.452501 0.357280 0.099776 0.585116
58.458458 0.376115 0.442096 0.113226 0.591381
58.558559 0.284811 0.509319 0.122172 0.596195
58.658659 0.182492 0.556760 0.126376 0.599379
58.758759 0.073243 0.582896 0.125748 0.600787
58.858859 -0.038736 0.586870 0.120341 0.600333
58.958959 -0.149165 0.568407 0.110338 0.597922
59.059059 -0.253689 0.527741 0.096028 0.593372
59.159159 -0.348001 0.465993 0.077887 0.586788
59.259259 -0.427866 0.385055 0.056545 0.578389
59.359359 -0.489185 0.287552 0.032778 0.568386
59.459459 -0.528301 0.177114 0.007548 0.557251
59.559560 -0.541909 0.058262 -0.018018 0.545329
59.659660 -0.527392 -0.063481 -0.042621 0.532906
59.759760 -0.483364 -0.181516 -0.064807 0.520374
59.859860 -0.410006 -0.288356 -0.083023 0.508081
59.959960 -0.309684 -0.376015 -0.095733 0.496443
60.060060 -0.187523 -0.436901 -0.101638 0.486187
60.160160 -0.051419 -0.464910 -0.099905 0.478295
60.260260 0.088593 -0.456371 -0.090325 0.473584
60.360360 0.221344 -0.410960 -0.073454 0.472522
60.460460 0.335942 -0.331995 -0.050589 0.475013
60.560561 0.423456 -0.226272 -0.023648 0.480701
60.660661 0.478154 -0.102992 0.005131 0.489148
60.760761 0.497657 0.027898 0.033538 0.499565
60.860861 0.482757 0.156904 0.059636 0.511106
60.960961 0.436662 0.275801 0.081886 0.522921
61.061061 0.364043 0.377962 0.099166 0.534057
61.161161 0.270672 0.458611 0.110800 0.543934
61.261261 0.162787 0.514661 0.116492 0.552219
61.361361 0.046533 0.544145 0.116172 0.558350
61.461461 -0.072028 0.546244 0.110007 0.561847
61.561562 -0.186963 0.521253 0.098390 0.562441
61.661662 -0.292596 0.470497 0.081913 0.560080
61.761762 -0.383646 0.396416 0.061379 0.555065
61.861862 -0.455130 0.302255 0.037744 0.547655
61.961962 -0.502539 0.192223 0.012136 0.538185
62.062062 -0.522194 0.071698 -0.014116 0.527282
62.162162 -0.511190 -0.052888 -0.039508 0.515435
62.262262 -0.467845 -0.173962 -0.062366 0.503023
62.362362 -0.392560 -0.282972 -0.080927 0.490638
62.462462 -0.288380 -0.370919 -0.093483 0.479044
62.562563 -0.161463 -0.429324 -0.098606 0.469161
62.662663 -0.021105 -0.451500 -0.095418 0.461955
62.762763 0.120973 -0.433887 -0.083829 0.458170
62.862863 0.252093 -0.377262 -0.064707 0.458328
62.962963 0.360558 -0.286808 -0.039786 0.462433
63.063063 0.437516 -0.171267 -0.011383 0.469981
63.163163 0.478162 -0.041453 0.017976 0.480292
63.263263 0.481784 0.091643 0.045960 0.492571
63.363363 0.450965 0.218258 0.070672 0.505965
63.463463 0.390335 0.330494 0.090722 0.519440
63.563564 0.305820 0.422565 0.105234 0.532129
63.663664 0.203985 0.490747 0.113795 0.543500
63.763764 0.091372 0.533031 0.116349 0.553180
63.863864 -0.025796 0.548637 0.113081 0.560763
63.963964 -0.141719 0.537992 0.104404 0.566056
64.064064 -0.251052 0.502491 0.090905 0.569023
64.164164 -0.348905 0.444119 0.073271 0.569513
64.264264 -0.430805 0.365546 0.052309 0.567410
64.364364 -0.492664 0.270071 0.028936 0.562578
64.464464 -0.530871 0.161736 0.004195 0.554978
64.564565 -0.542472 0.045403 -0.020733 0.544763
64.664665 -0.525119 -0.073213 -0.044526 0.532064
64.764765 -0.477566 -0.187473 -0.065727 0.517238
64.864865 -0.400421 -0.289943 -0.082820 0.501262
64.964965 -0.296150 -0.372505 -0.094246 0.485126
65.065065 -0.169720 -0.426820 -0.098543 0.469777
65.165165 -0.029421 -0.445610 -0.094651 0.456501
65.265265 0.113277 -0.423545 -0.082099 0.446051
65.365365 0.244531 -0.359462 -0.061413 0.439067
65.465465 0.350097 -0.257939 -0.034343 0.436211
65.565566 0.418262 -0.128937 -0.003620 0.437700
65.665666 0.442428 0.013634 0.027485 0.443491
65.765766 0.421820 0.154880 0.055820 0.452809
65.865866 0.361022 0.281475 0.078858 0.464525
65.965966 0.268280 0.383284 0.094944 0.477384
66.066066 0.153690 0.454071 0.103338 0.490388
66.166166 0.027592 0.491055 0.104035 0.502713
66.266266 -0.100464 0.494128 0.097545 0.513586
66.366366 -0.222047 0.465275 0.084752 0.522464
66.466466 -0.330043 0.407941 0.066770 0.528964
66.566567 -0.418649 0.326670 0.044872 0.532911
66.666667 -0.483294 0.226747 0.020414 0.534232
66.766767 -0.520607 0.114059 -0.005185 0.532980
66.866867 -0.528341 -0.005034 -0.030474 0.529243
66.966967 -0.505480 -0.123749 -0.053981 0.523199
67.067067 -0.452403 -0.234955 -0.074237 0.515154
67.167167 -0.370921 -0.331253 -0.089800 0.505346
67.267267 -0.264741 -0.405299 -0.099342 0.494190
67.367367 -0.139789 -0.450286 -0.101774 0.482345
67.467467 -0.004276 -0.460625 -0.096385 0.470620
67.567568 0.131376 -0.432776 -0.083018 0.459834
67.667668 0.255189 -0.366554 -0.062300 0.450960
67.767768 0.355057 -0.266211 -0.035793 0.445214
67.867868 0.420602 -0.140282 -0.005858 0.443418
67.967968 0.445146 -0.000736 0.024637 0.445828
68.068068 0.427019 0.138881 0.052770 0.452126
68.168168 0.369614 0.265781 0.076061 0.461562
68.268268 0.280347 0.369880 0.092818 0.473308
68.368368 0.168817 0.444773 0.102240 0.486595
68.468468 0.044944 0.487314 0.104221 0.500357
68.568569 -0.082009 0.497217 0.099218 0.513609
68.668669 -0.203985 0.476626 0.088127 0.525879
68.768769 -0.314441 0.429052 0.072045 0.536796
68.868869 -0.408423 0.358958 0.052181 0.546244
68.968969 -0.482205 0.271135 0.029740 0.554004
69.069069 -0.532995 0.170414 0.005888 0.559607
69.169169 -0.559160 0.061850 -0.018230 0.562866
69.269269 -0.560198 -0.049460 -0.041522 0.563908
69.369369 -0.536294 -0.158506 -0.062952 0.562760
69.469469 -0.488347 -0.260381 -0.081546 0.559402
69.569570 -0.418099 -0.350272 -0.096397 0.553886
69.669670 -0.328146 -0.423542 -0.106681 0.546304
69.769770 -0.222099 -0.475865 -0.111697 0.536891
69.869870 -0.104531 -0.503192 -0.110854 0.525754
69.969970 0.018760 -0.502354 -0.103812 0.513311
70.070070 0.140778 -0.471491 -0.090575 0.500326
70.170170 0.253511 -0.410149 -0.071493 0.487444
70.270270 0.348192 -0.319968 -0.047397 0.475252
70.370370 0.416148 -0.205476 -0.019714 0.464530
70.470470 0.449805 -0.074270 0.009547 0.455995
70.570571 0.443832 0.063287 0.037927 0.449923
70.670671 0.397032 0.194904 0.062794 0.446728
70.770771 0.312976 0.308123 0.081745 0.446740
70.870871 0.199539 0.392375 0.093014 0.449917
70.970971 0.067824 0.440719 0.095769 0.456076
71.071071 -0.069885 0.450199 0.090079 0.464410
71.171171 -0.201801 0.421958 0.076838 0.474001
71.271271 -0.317984 0.360676 0.057576 0.484269
71.371371 -0.410911 0.272961 0.034092 0.494488
71.471471 -0.475591 0.166442 0.008256 0.503943
71.571572 -0.509566 0.049151 -0.018119 0.512251
71.671672 -0.512281 -0.071148 -0.043380 0.519015
71.771772 -0.484661 -0.187211 -0.066068 0.523745
71.871872 -0.429208 -0.292501 -0.084957 0.526302
71.971972 -0.349507 -0.381195 -0.099032 0.526566
72.072072 -0.250025 -0.448222 -0.107482 0.524373
72.172172 -0.136183 -0.489312 -0.109719 0.519625
72.272272 -0.014298 -0.501104 -0.105392 0.512266
72.372372 0.108347 -0.481325 -0.094434 0.502325
72.472472 0.223531 -0.429134 -0.077125 0.489970
72.572573 0.322314 -0.345851 -0.054240 0.475858
72.672673 0.395294 -0.235227 -0.027085 0.460785
72.772773 0.433230 -0.104070 0.002404 0.445561
72.872873 0.428557 0.037013 0.031592 0.431311
72.972973 0.377522 0.173795 0.057301 0.419537
73.073073 0.282323 0.289951 0.076245 0.411814
73.173173 0.152423 0.370241 0.085770 0.409472
73.273273 0.003569 0.404398 0.084610 0.413170
73.373373 -0.145814 0.389770 0.073237 0.422547
73.473473 -0.279060 0.331441 0.053641 0.436584
73.573574 -0.384327 0.239562 0.028601 0.453779
73.673674 -0.455212 0.126037 0.000957 0.472340
73.773774 -0.490043 0.002365 -0.026797 0.490781
73.873874 -0.490374 -0.121579 -0.052687 0.507961
73.973974 -0.459700 -0.237916 -0.075261 0.523060
74.074074 -0.402631 -0.340641 -0.093525 0.535626
74.174174 -0.324136 -0.425250 -0.106814 0.545262
74.274274 -0.229417 -0.488576 -0.114758 0.551822
74.374374 -0.123744 -0.528508 -0.117208 0.555312
74.474474 -0.012298 -0.543556 -0.114142 0.555547
74.574575 0.099666 -0.532987 -0.105701 0.552432
74.674675 0.206804 -0.497000 -0.092223 0.546152
74.774775 0.303653 -0.436544 -0.074210 0.536920
74.874875 0.384593 -0.353423 -0.052352 0.524938
74.974975 0.443717 -0.250478 -0.027572 0.510278
75.075075 0.474991 -0.132034 -0.001107 0.493002
75.175175 0.472763 -0.004531 0.025383 0.473465
75.275275 0.432675 0.123050 0.049780 0.452579
75.375375 0.352959 0.238986 0.069540 0.431891
75.475475 0.236181 0.329334 0.081895 0.413460
75.575576 0.091393 0.379908 0.084389 0.399755
75.675676 -0.065184 0.379968 0.075681 0.392877
75.775776 -0.212512 0.326936 0.056407 0.393993
75.875876 -0.330646 0.228797 0.029343 0.403158
75.975976 -0.406742 0.101240 -0.001520 0.419155
76.076076 -0.436894 -0.038067 -0.032277 0.439735
76.176176 -0.424353 -0.173952 -0.059942 0.462523
76.276276 -0.376381 -0.295566 -0.082655 0.485648
76.376376 -0.301523 -0.396290 -0.099510 0.507803
76.476476 -0.208007 -0.472670 -0.110245 0.528051
76.576577 -0.103135 -0.523425 -0.114999 0.545743
76.676677 0.006779 -0.548799 -0.114174 0.560591
76.776777 0.116388 -0.549677 -0.108253 0.572197
76.876877 0.221115 -0.527523 -0.097797 0.580290
76.976977 0.316973 -0.484292 -0.083435 0.584783
77.077077 0.400463 -0.422229 -0.065831 0.585647
77.177177 0.468526 -0.343976 -0.045706 0.583031
77.277277 0.518257 -0.252355 -0.023813 0.576923
77.377377 0.546968 -0.150589 -0.000972 0.567320
77.477477 0.552241 -0.042481 0.021887 0.554305
77.577578 0.531778 0.067470 0.043698 0.537819
77.677678 0.483786 0.173760 0.063212 0.517916
77.777778 0.407580 0.269701 0.078993 0.495076
77.877878 0.303902 0.347111 0.089378 0.469927
77.977978 0.176086 0.396402 0.092548 0.443516
78.078078 0.031804 0.407465 0.086822 0.417825
78.178178 -0.115567 0.371585 0.071126 0.395589
78.278278 -0.246757 0.285576 0.045867 0.380193
78.378378 -0.340418 0.156683 0.013747 0.374998
78.478478 -0.380302 0.003181 -0.020515 0.380868
78.578579 -0.362379 -0.151089 -0.051718 0.396007
78.678679 -0.295307 -0.285338 -0.076005 0.417613
78.778779 -0.193995 -0.387106 -0.091605 0.442580
78.878879 -0.073799 -0.451977 -0.098452 0.468425
78.978979 0.052533 -0.480824 -0.097438 0.493402
79.079079 0.175419 -0.476886 -0.089772 0.515995
79.179179 0.287969 -0.444549 -0.076754 0.535202
79.279279 0.385370 -0.388736 -0.059680 0.550624
79.379379 0.464151 -0.314126 -0.039719 0.561862
79.479479 0.521666 -0.225151 -0.017944 0.568463
79.579580 0.556086 -0.126238 0.004619 0.570253
79.679680 0.566219 -0.021868 0.026968 0.567283
79.779780 0.551286 0.083399 0.048109 0.559630
79.879880 0.510669 0.184660 0.066984 0.547146
79.979980 0.444250 0.276449 0.082444 0.529697
80.080080 0.352990 0.352561 0.093249 0.507540
80.180180 0.239058 0.405648 0.097985 0.480937
80.280280 0.107003 0.427264 0.095143 0.450618
80.380380 -0.034628 0.408513 0.083341 0.418363
80.480480 -0.171393 0.341430 0.061722 0.386988
80.580581 -0.281515 0.223444 0.030962 0.360744
80.680681 -0.338742 0.064775 -0.005344 0.344921
80.780781 -0.323694 -0.107107 -0.040383 0.343337
80.880881 -0.238009 -0.255802 -0.066649 0.355704
80.980981 -0.104464 -0.354118 -0.079733 0.377716
81.081081 0.047378 -0.393325 -0.079461 0.404058
81.181181 0.193353 -0.378554 -0.068248 0.430519
81.281281 0.317799 -0.320726 -0.049247 0.454188
81.381381 0.411628 -0.231678 -0.025435 0.473031
81.481481 0.470377 -0.122707 0.000583 0.486119
81.581582 0.492642 -0.004157 0.026568 0.493376
81.681682 0.478744 0.114698 0.050603 0.494886
81.781782 0.430149 0.225162 0.070954 0.490674
81.881882 0.349372 0.318623 0.085964 0.480595
81.981982 0.240766 0.386450 0.094073 0.464932
82.082082 0.111023 0.419749 0.093798 0.444200
82.182182 -0.029682 0.410013 0.083930 0.419566
82.282282 -0.166174 0.350637 0.063935 0.393253
82.382382 -0.277487 0.240013 0.034645 0.368518
82.482482 -0.338869 0.087416 -0.000625 0.349963
82.582583 -0.330230 -0.082495 -0.035610 0.342236
82.682683 -0.249131 -0.234165 -0.062752 0.347616
82.782783 -0.115205 -0.336832 -0.076723 0.364163
82.882883 0.040771 -0.377455 -0.076516 0.387285
82.982983 0.191185 -0.359877 -0.064471 0.412577
83.083083 0.317912 -0.296557 -0.044196 0.436999
83.183183 0.411434 -0.201791 -0.019207 0.458657
83.283283 0.467637 -0.088520 0.007566 0.476001
83.383383 0.485401 0.032104 0.033733 0.487630
83.483483 0.465837 0.150290 0.057313 0.492825
83.583584 0.411741 0.257303 0.076637 0.491537
83.683684 0.326966 0.345024 0.090226 0.483827
83.783784 0.216730 0.405641 0.096740 0.469973
83.883884 0.088266 0.431615 0.095007 0.450676
83.983984 -0.048348 0.415849 0.084108 0.427016
84.084084 -0.178922 0.352845 0.063686 0.400710
84.184184 -0.284073 0.241427 0.034573 0.374407
84.284284 -0.340296 0.089713 -0.000225 0.351924
84.384384 -0.327226 -0.079345 -0.034785 0.338500
84.484484 -0.240157 -0.229927 -0.061368 0.338095
84.584585 -0.098317 -0.328569 -0.074058 0.350868
84.684685 0.064284 -0.360655 -0.071700 0.373290
84.784785 0.216926 -0.331711 -0.057158 0.400445
84.884885 0.340573 -0.257247 -0.034729 0.428220
84.984985 0.426706 -0.153890 -0.008358 0.453685
85.085085 0.473379 -0.036021 0.018844 0.475121
85.185185 0.481986 0.084892 0.044562 0.491429
85.285285 0.455724 0.199738 0.067071 0.502074
85.385385 0.398849 0.301191 0.085080 0.506987
85.485485 0.316189 0.383129 0.097580 0.506246
85.585586 0.213050 0.440114 0.103731 0.499851
85.685686 0.095590 0.467201 0.102843 0.487843
85.785786 -0.028666 0.460115 0.094444 0.470582
85.885886 -0.150296 0.415477 0.078353 0.448720
85.985986 -0.257338 0.331680 0.054901 0.423377
86.086086 -0.334759 0.210658 0.025328 0.396336
86.186186 -0.365580 0.061172 -0.007591 0.370740
86.286286 -0.335219 -0.097680 -0.039057 0.351338
86.386386 -0.239647 -0.236751 -0.062764 0.342668
86.486486 -0.093793 -0.325866 -0.073242 0.346915
86.586587 0.071545 -0.348965 -0.068856 0.362817
86.686687 0.224912 -0.309922 -0.052165 0.386469
86.786787 0.345712 -0.224836 -0.027678 0.413321
86.886887 0.425290 -0.112319 0.000240 0.439872
86.986987 0.463112 0.011596 0.028211 0.464115
87.087087 0.462583 0.134758 0.053890 0.484817
87.187187 0.428723 0.248346 0.075713 0.501210
87.287287 0.367175 0.345962 0.092661 0.512927
87.387387 0.283579 0.422814 0.104047 0.519629
87.487487 0.183660 0.475289 0.109436 0.521159
87.587588 0.073395 0.500860 0.108633 0.517734
87.687688 -0.040996 0.497577 0.101577 0.509491
87.787788 -0.152780 0.464164 0.088377 0.496589
87.887888 -0.254448 0.400552 0.069438 0.479591
87.987988 -0.337590 0.308193 0.045529 0.459373
88.088088 -0.392864 0.190806 0.017948 0.437117
88.188188 -0.410457 0.055562 -0.011261 0.414354
88.288288 -0.381698 -0.085444 -0.039092 0.393093
88.388388 -0.302558 -0.214615 -0.061647 0.376034
88.488488 -0.177865 -0.310809 -0.074781 0.365828
88.588589 -0.024054 -0.355575 -0.075559 0.364309
88.688689 0.133814 -0.341006 -0.063727 0.371823
88.788789 0.270973 -0.272773 -0.041846 0.386759
88.888889 0.370747 -0.166285 -0.014062 0.406573
88.988989 0.426412 -0.039589 0.015484 0.428526
89.089089 0.438904 0.091441 0.043529 0.450436
89.189189 0.413531 0.214813 0.067868 0.470913
89.289289 0.357026 0.322157 0.087127 0.488717
89.389389 0.276532 0.407978 0.100558 0.503019
89.489489 0.179184 0.469011 0.107876 0.513532
89.589590 0.071669 0.503454 0.109078 0.520097
89.689690 -0.039699 0.510776 0.104404 0.522847
89.789790 -0.148935 0.491284 0.094252 0.521943
89.889890 -0.250259 0.445918 0.079140 0.517432
89.989990 -0.337785 0.376208 0.059715 0.509113
90.090090 -0.405551 0.284673 0.036835 0.496857
90.190190 -0.447801 0.175419 0.011677 0.481076
90.290290 -0.458947 0.054209 -0.014244 0.462357
90.390390 -0.433946 -0.070985 -0.038983 0.441438
90.490490 -0.369415 -0.189341 -0.060094 0.419439
90.590591 -0.265546 -0.287014 -0.074697 0.398084
90.690691 -0.128562 -0.348056 -0.079810 0.379527
90.790791 0.026822 -0.357510 -0.073130 0.365897
90.890891 0.177349 -0.307846 -0.054381 0.359415
90.990991 0.296853 -0.204650 -0.026185 0.361509
91.091091 0.365457 -0.066187 0.006537 0.371460
91.191191 0.375940 0.083161 0.038295 0.386928
91.291291 0.333448 0.221236 0.064749 0.405370
91.391391 0.250132 0.332643 0.083363 0.424461
91.491491 0.140029 0.408851 0.093138 0.442088
91.591592 0.016617 0.446783 0.094183 0.456905
91.691692 -0.108317 0.447277 0.087329 0.468418
91.791792 -0.224921 0.413222 0.073727 0.476211
91.891892 -0.325117 0.348975 0.054736 0.480084
91.991992 -0.402294 0.260077 0.031883 0.480101
92.092092 -0.450859 0.152781 0.006782 0.476090
92.192192 -0.466454 0.034427 -0.018791 0.468100
92.292292 -0.446071 -0.086416 -0.042880 0.456384
92.392392 -0.388278 -0.199776 -0.063323 0.441226
92.492492 -0.294459 -0.294291 -0.077826 0.423521
92.592593 -0.169902 -0.357533 -0.084090 0.404682
92.692693 -0.025082 -0.376946 -0.080077 0.386173
92.792793 0.122719 -0.342924 -0.064745 0.369931
92.892893 0.250168 -0.253677 -0.039019 0.358412
92.992993 0.332716 -0.119511 -0.006417 0.353587
93.093093 0.353210 0.036816 0.027355 0.356175
93.193193 0.309065 0.186571 0.056155 0.365354
93.293293 0.211914 0.304697 0.075402 0.378726
93.393393 0.081733 0.376024 0.083040 0.393662
93.493493 -0.059992 0.395723 0.079259 0.408016
93.593594 -0.194480 0.366297 0.065627 0.419884
93.693694 -0.306802 0.294875 0.044464 0.427850
93.793794 -0.386098 0.191615 0.018494 0.431428
93.893894 -0.425059 0.068377 -0.009399 0.430626
93.993994 -0.419186 -0.061946 -0.036275 0.425288
94.094094 -0.367147 -0.185241 -0.059112 0.415458
94.194194 -0.271842 -0.286395 -0.074919 0.401911
94.294294 -0.141345 -0.349847 -0.080896 0.385896
94.394394 0.009587 -0.361236 -0.074867 0.369037
94.494494 0.158189 -0.311102 -0.056127 0.353495
94.594595 0.275590 -0.201024 -0.026612 0.342153
94.694695 0.334016 -0.048560 0.008466 0.337633
94.794795 0.318335 0.114579 0.041644 0.340881
94.894895 0.233960 0.253318 0.065905 0.351071
94.994995 0.102999 0.342381 0.077202 0.365778
95.095095 -0.046482 0.371754 0.075008 0.382083
95.195195 -0.189277 0.344138 0.061292 0.397509
95.295295 -0.306628 0.269652 0.039209 0.410207
95.395395 -0.386065 0.161631 0.012237 0.418713
95.495495 -0.420392 0.034661 -0.016177 0.422129
95.595596 -0.406601 -0.096211 -0.042726 0.420007
95.695696 -0.345185 -0.215630 -0.064232 0.412037
95.795796 -0.240472 -0.307597 -0.077597 0.398075
95.895896 -0.102160 -0.355747 -0.079945 0.378660
95.995996 0.052243 -0.345030 -0.069109 0.355740
96.096096 0.195124 -0.265827 -0.044620 0.332759
96.196196 0.289943 -0.123308 -0.009591 0.315220
96.296296 0.303360 0.052763 0.027908 0.309177
96.396396 0.227244 0.213231 0.057163 0.316820
96.496496 0.088162 0.316132 0.070897 0.335766
96.596597 -0.072327 0.347050 0.068412 0.361047
96.696697 -0.220426 0.313709 0.053205 0.387081
96.796797 -0.335892 0.232809 0.029889 0.409777
96.896897 -0.408854 0.122015 0.002699 0.426681
96.996997 -0.435773 -0.002709 -0.024834 0.436489
97.097097 -0.416726 -0.127172 -0.049752 0.438530
97.197197 -0.354492 -0.238392 -0.069502 0.432811
97.297297 -0.254438 -0.323937 -0.081786 0.419956
97.397397 -0.124957 -0.371436 -0.084489 0.400896
97.497497 0.020779 -0.368707 -0.075804 0.376991
97.597598 0.162213 -0.305944 -0.054826 0.350600
97.697698 0.269488 -0.181591 -0.022896 0.325766
97.797798 0.307715 -0.012541 0.014519 0.308312
97.897898 0.254072 0.159090 0.047356 0.303487
97.997998 0.120455 0.280774 0.065315 0.312425
98.098098 -0.049191 0.321289 0.064324 0.331336
98.198198 -0.207997 0.282566 0.047397 0.354052
98.298298 -0.325328 0.185905 0.020687 0.375269
98.398398 -0.387048 0.056826 -0.009693 0.391317
98.498498 -0.389645 -0.081194 -0.038647 0.399886
98.598599 -0.335938 -0.207503 -0.062021 0.399698
98.698699 -0.233443 -0.303450 -0.076340 0.390391
98.798799 -0.094743 -0.351552 -0.078656 0.372494
98.898899 0.060249 -0.335782 -0.066733 0.347610
98.998999 0.200434 -0.245681 -0.040119 0.319598
99.099099 0.282078 -0.087266 -0.002506 0.295279
99.199199 0.262564 0.100130 0.035523 0.283245
99.299299 0.138117 0.246978 0.059244 0.289109
99.399399 -0.040047 0.301169 0.060633 0.309811
99.499499 -0.207810 0.261029 0.042912 0.336396
99.599600 -0.325238 0.155288 0.014301 0.360692
99.699700 -0.376888 0.017231 -0.017392 0.377682
99.799800 -0.361521 -0.124260 -0.046070 0.385046
99.899900 -0.285530 -0.244931 -0.067026 0.382113
100.000000 -0.160876 -0.323443 -0.076472 0.369249
