0.000000 0.645369 0.636562 0.490001 1.030443
0.100100 0.604823 0.724519 0.441409 1.041912
0.200200 0.559241 0.806412 0.389147 1.055692
0.300300 0.509184 0.881811 0.333776 1.071572
0.400400 0.455235 0.950433 0.275859 1.089339
0.500501 0.397986 1.012119 0.215948 1.108788
0.600601 0.338014 1.066835 0.154568 1.129726
0.700701 0.275876 1.114647 0.092204 1.151975
0.800801 0.212061 1.155608 0.029292 1.175269
0.900901 0.147027 1.189828 -0.033775 1.199353
1.001001 0.081209 1.217558 -0.096642 1.224084
1.101101 0.014997 1.239112 -0.159002 1.249362
1.201201 -0.051268 1.254747 -0.220587 1.275020
1.301301 -0.117281 1.264689 -0.281153 1.300861
1.401401 -0.182767 1.269154 -0.340485 1.326682
1.501502 -0.247485 1.268411 -0.398403 1.352346
1.601602 -0.311223 1.262748 -0.454758 1.377750
1.701702 -0.373782 1.252381 -0.509401 1.402733
1.801802 -0.434984 1.237537 -0.562204 1.427159
1.901902 -0.494681 1.218471 -0.613071 1.450944
2.002002 -0.552737 1.195415 -0.661911 1.473994
2.102102 -0.609053 1.168642 -0.708674 1.496291
2.202202 -0.663547 1.138417 -0.753323 1.517822
2.302302 -0.716159 1.105002 -0.795840 1.538595
2.402402 -0.766867 1.068686 -0.836248 1.558681
2.502503 -0.815644 1.029713 -0.874553 1.578108
2.602603 -0.862486 0.988331 -0.910790 1.596940
2.702703 -0.907402 0.944772 -0.944996 1.615236
2.802803 -0.950372 0.899219 -0.977181 1.632999
2.902903 -0.991367 0.851827 -1.007338 1.650197
3.003003 -1.030364 0.802746 -1.035470 1.666808
3.103103 -1.067333 0.752112 -1.061566 1.682794
3.203203 -1.102257 0.700065 -1.085633 1.698135
3.303303 -1.135176 0.646769 -1.107729 1.712892
3.403403 -1.166137 0.592383 -1.127918 1.727134
3.503504 -1.195169 0.537041 -1.146244 1.740896
3.603604 -1.222296 0.480867 -1.162746 1.754200
3.703704 -1.247535 0.423975 -1.177456 1.767060
3.803804 -1.270916 0.366473 -1.190414 1.779499
3.903904 -1.292471 0.308469 -1.201666 1.791545
4.004004 -1.312230 0.250058 -1.211252 1.803222
4.104104 -1.330221 0.191332 -1.219209 1.814543
4.204204 -1.346449 0.132376 -1.225553 1.825494
4.304304 -1.360895 0.073266 -1.230277 1.836024
4.404404 -1.373579 0.014083 -1.233412 1.846137
4.504505 -1.384524 -0.045096 -1.234989 1.855839
4.604605 -1.393716 -0.104196 -1.235005 1.865084
4.704705 -1.401149 -0.163143 -1.233465 1.873838
4.804805 -1.406823 -0.221864 -1.230380 1.882076
4.904905 -1.410770 -0.280292 -1.225787 1.889812
5.005005 -1.413029 -0.338363 -1.219731 1.897072
5.105105 -1.413639 -0.396018 -1.212254 1.903882
5.205205 -1.412638 -0.453200 -1.203398 1.910262
5.305305 -1.410052 -0.509853 -1.193195 1.916223
5.405405 -1.405893 -0.565916 -1.181664 1.921751
5.505506 -1.400176 -0.621330 -1.168826 1.926836
5.605606 -1.392935 -0.676046 -1.154720 1.931498
5.705706 -1.384203 -0.730017 -1.139380 1.935751
5.805806 -1.373987 -0.783183 -1.122822 1.939573
5.905906 -1.362263 -0.835467 -1.105035 1.942902
6.006006 -1.349023 -0.886800 -1.086021 1.945692
6.106106 -1.334266 -0.937112 -1.065789 1.947910
6.206206 -1.317995 -0.986338 -1.044351 1.949523
6.306306 -1.300248 -1.034437 -1.021746 1.950557
6.406406 -1.281089 -1.081390 -0.998035 1.951068
6.506507 -1.260599 -1.127195 -0.973290 1.951146
6.606607 -1.238838 -1.171841 -0.947568 1.950850
6.706707 -1.215826 -1.215279 -0.920892 1.950174
6.806807 -1.191586 -1.257463 -0.893289 1.949117
6.906907 -1.166146 -1.298357 -0.864790 1.947689
7.007007 -1.139521 -1.337905 -0.835416 1.945872
7.107107 -1.111716 -1.376041 -0.805181 1.943635
7.207207 -1.082762 -1.412727 -0.774117 1.940986
7.307307 -1.052686 -1.447922 -0.742255 1.937929
7.407407 -1.021522 -1.481592 -0.709630 1.934476
7.507508 -0.989317 -1.513722 -0.676285 1.930664
7.607608 -0.956088 -1.544254 -0.642245 1.926474
7.707708 -0.921858 -1.573138 -0.607537 1.921897
7.807808 -0.886671 -1.600359 -0.572203 1.916964
7.907908 -0.850553 -1.625863 -0.536273 1.911664
8.008008 -0.813515 -1.649572 -0.499768 1.905955
8.108108 -0.775585 -1.671435 -0.462719 1.899825
8.208208 -0.736791 -1.691400 -0.425161 1.893266
8.308308 -0.697158 -1.709396 -0.387125 1.886248
8.408408 -0.656729 -1.725398 -0.348652 1.878789
8.508509 -0.615553 -1.739392 -0.309789 1.870925
8.608609 -0.573664 -1.751323 -0.270574 1.862641
8.708709 -0.531088 -1.761103 -0.231042 1.853893
8.808809 -0.487851 -1.768634 -0.191230 1.844623
8.908909 -0.443993 -1.773855 -0.151184 1.834816
9.009009 -0.399564 -1.776725 -0.110953 1.824476
9.109109 -0.354615 -1.777210 -0.070587 1.813618
9.209209 -0.309199 -1.775267 -0.030141 1.802244
9.309309 -0.263371 -1.770871 0.010333 1.790378
9.409409 -0.217200 -1.764056 0.050778 1.778103
9.509510 -0.170747 -1.754808 0.091138 1.765449
9.609610 -0.124067 -1.743061 0.131353 1.752400
9.709710 -0.077221 -1.728745 0.171360 1.738932
9.809810 -0.030273 -1.711739 0.211083 1.724970
9.909910 0.016708 -1.691921 0.250445 1.710438
10.010010 0.063644 -1.669247 0.289368 1.695338
10.110110 0.110453 -1.643706 0.327779 1.679705
10.210210 0.157045 -1.615213 0.365585 1.663499
10.310310 0.203316 -1.583618 0.402672 1.646611
10.410410 0.249164 -1.548856 0.438937 1.629020
10.510511 0.294483 -1.510931 0.474290 1.610772
10.610611 0.339157 -1.469794 0.508616 1.591858
10.710711 0.383056 -1.425384 0.541792 1.572256
10.810811 0.426048 -1.377674 0.573696 1.551976
10.910911 0.467998 -1.326661 0.604205 1.531050
11.011011 0.508768 -1.272367 0.633201 1.509539
11.111111 0.548225 -1.214841 0.660569 1.487528
11.211211 0.586219 -1.154128 0.686183 1.465098
11.311311 0.622565 -1.090221 0.709874 1.442252
11.411411 0.657069 -1.023132 0.731471 1.419010
11.511512 0.689548 -0.952936 0.750820 1.395455
11.611612 0.719814 -0.879721 0.767765 1.371680
11.711712 0.747645 -0.803571 0.782118 1.347742
11.811812 0.772795 -0.724578 0.793673 1.323685
11.911912 0.795064 -0.642920 0.802273 1.299660
12.012012 0.814275 -0.558823 0.807792 1.275874
12.112112 0.830221 -0.472521 0.810078 1.252505
12.212212 0.842696 -0.384276 0.808981 1.229738
12.312312 0.851440 -0.294366 0.804307 1.207689
12.412412 0.856234 -0.203121 0.795906 1.186533
12.512513 0.856955 -0.110942 0.783725 1.166578
12.612613 0.853472 -0.018250 0.767702 1.148091
12.712713 0.845533 0.074501 0.747676 1.131149
12.812813 0.832876 0.166803 0.723483 1.115766
12.912913 0.815354 0.258097 0.695069 1.102060
13.013013 0.792827 0.347772 0.662393 1.090085
13.113113 0.765171 0.435160 0.625436 1.079824
13.213213 0.732346 0.519573 0.584260 1.071283
13.313313 0.694441 0.600346 0.539036 1.064530
13.413413 0.651639 0.676848 0.490015 1.059656
13.513514 0.604211 0.748510 0.437522 1.056770
13.613614 0.552461 0.814774 0.381905 1.055898
13.713714 0.496704 0.875083 0.323524 1.056954
13.813814 0.437312 0.928936 0.262782 1.059820
13.913914 0.374697 0.975889 0.200111 1.064331
14.014014 0.309344 1.015652 0.135987 1.070390
14.114114 0.241778 1.048075 0.070900 1.077936
14.214214 0.172522 1.073079 0.005330 1.086872
14.314314 0.102087 1.090618 -0.060258 1.097042
14.414414 0.030978 1.100745 -0.125419 1.108300
14.514515 -0.040315 1.103698 -0.189746 1.120615
14.614615 -0.111339 1.099799 -0.252878 1.133976
14.714715 -0.181671 1.089274 -0.314468 1.148221
14.814815 -0.250918 1.072366 -0.374197 1.163165
14.914915 -0.318718 1.049366 -0.431780 1.178636
15.015015 -0.384754 1.020622 -0.486983 1.194512
15.115115 -0.448760 0.986553 -0.539625 1.210730
15.215215 -0.510513 0.947579 -0.589564 1.227239
15.315315 -0.569832 0.904130 -0.636699 1.244003
15.415415 -0.626538 0.856577 -0.680919 1.260922
15.515516 -0.680520 0.805333 -0.722184 1.277975
15.615616 -0.731731 0.750843 -0.760513 1.295212
15.715716 -0.780127 0.693496 -0.795920 1.312641
15.815816 -0.825655 0.633630 -0.828406 1.330207
15.915916 -0.868303 0.571582 -0.858006 1.347899
16.016016 -0.908101 0.507685 -0.884793 1.365741
16.116116 -0.945027 0.442210 -0.908787 1.383662
16.216216 -0.979045 0.375401 -0.929987 1.401546
16.316316 -1.010181 0.307510 -0.948452 1.419363
16.416416 -1.038519 0.238793 -0.964295 1.437152
16.516517 -1.064151 0.169476 -0.977628 1.454955
16.616617 -1.087114 0.099759 -0.988512 1.472727
16.716717 -1.107378 0.029819 -0.996946 1.490327
16.816817 -1.124945 -0.040171 -1.002955 1.507658
16.916917 -1.139896 -0.110045 -1.006634 1.524725
17.017017 -1.152345 -0.179655 -1.008107 1.541575
17.117117 -1.162381 -0.248867 -1.007473 1.558225
17.217217 -1.170069 -0.317553 -1.004806 1.574654
17.317317 -1.175479 -0.385599 -1.000187 1.590853
17.417417 -1.178685 -0.452898 -0.993694 1.606811
17.517518 -1.179791 -0.519370 -0.985435 1.622570
17.617618 -1.178910 -0.584944 -0.975519 1.638177
17.717718 -1.176096 -0.649536 -0.964008 1.653605
17.817818 -1.171379 -0.713053 -0.950939 1.668789
17.917918 -1.164801 -0.775415 -0.936363 1.683688
18.018018 -1.156419 -0.836551 -0.920339 1.698277
18.118118 -1.146318 -0.896422 -0.902951 1.712582
18.218218 -1.134593 -0.954999 -0.884287 1.726640
18.318318 -1.121291 -1.012224 -0.864398 1.740424
18.418418 -1.106460 -1.068044 -0.843333 1.753905
18.518519 -1.090125 -1.122385 -0.821125 1.767022
18.618619 -1.072323 -1.175193 -0.797816 1.779737
18.718719 -1.053137 -1.226457 -0.773480 1.792084
18.818819 -1.032626 -1.276152 -0.748176 1.804063
18.918919 -1.010827 -1.324228 -0.721942 1.815641
19.019019 -0.987794 -1.370659 -0.694830 1.826809
19.119119 -0.963603 -1.415455 -0.666908 1.837610
19.219219 -0.938316 -1.458613 -0.638231 1.848060
19.319319 -0.911960 -1.500078 -0.608832 1.858113
19.419419 -0.884564 -1.539800 -0.578742 1.867721
19.519520 -0.856184 -1.577778 -0.548013 1.876900
19.619620 -0.826884 -1.614029 -0.516700 1.885685
19.719720 -0.796712 -1.648543 -0.484846 1.894075
19.819820 -0.765718 -1.681319 -0.452498 1.902081
19.919920 -0.733959 -1.712379 -0.419702 1.909735
20.020020 -0.701486 -1.741737 -0.386504 1.917059
20.120120 -0.668357 -1.769422 -0.352949 1.924091
20.220220 -0.634620 -1.795456 -0.319080 1.930859
20.320320 -0.600324 -1.819866 -0.284936 1.937393
20.420420 -0.565520 -1.842685 -0.250557 1.943728
20.520521 -0.530238 -1.863898 -0.215974 1.949850
20.620621 -0.494499 -1.883449 -0.181212 1.955696
20.720721 -0.458323 -1.901276 -0.146298 1.961202
20.820821 -0.421740 -1.917349 -0.111263 1.966334
20.920921 -0.384781 -1.931644 -0.076139 1.971066
21.021021 -0.347474 -1.944123 -0.040956 1.975356
21.121121 -0.309847 -1.954717 -0.005747 1.979131
21.221221 -0.271933 -1.963414 0.029454 1.982375
21.321321 -0.233776 -1.970255 0.064614 1.985127
21.421421 -0.195414 -1.975232 0.099700 1.987377
21.521522 -0.156880 -1.978334 0.134678 1.989109
21.621622 -0.118214 -1.979575 0.169517 1.990333
21.721722 -0.079452 -1.978984 0.204185 1.991075
21.821822 -0.040632 -1.976573 0.238653 1.991343
21.921922 -0.001790 -1.972340 0.272887 1.991130
22.022022 0.037040 -1.966321 0.306862 1.990466
22.122122 0.075822 -1.958526 0.340546 1.989358
22.222222 0.114520 -1.948953 0.373907 1.987798
22.322322 0.153098 -1.937599 0.406913 1.985776
22.422422 0.191525 -1.924506 0.439542 1.983331
22.522523 0.229768 -1.909726 0.471771 1.980509
22.622623 0.267791 -1.893239 0.503565 1.977282
22.722723 0.305555 -1.875028 0.534887 1.973625
22.822823 0.343018 -1.855071 0.565697 1.969508
22.922923 0.380146 -1.833380 0.595964 1.964935
23.023023 0.416911 -1.810017 0.625674 1.959960
23.123123 0.453288 -1.785036 0.654810 1.954636
23.223223 0.489246 -1.758468 0.683350 1.948984
23.323323 0.524751 -1.730330 0.711266 1.943015
23.423423 0.559767 -1.700632 0.738525 1.936726
23.523524 0.594243 -1.669351 0.765081 1.930079
23.623624 0.628116 -1.636421 0.790865 1.922985
23.723724 0.661300 -1.601744 0.815790 1.915311
23.823824 0.693737 -1.565300 0.839798 1.907012
23.923924 0.725377 -1.527101 0.862848 1.898082
24.024024 0.756173 -1.487162 0.884900 1.888517
24.124124 0.786080 -1.445515 0.905917 1.878329
24.224224 0.815046 -1.402173 0.925853 1.867510
24.324324 0.843005 -1.357132 0.944651 1.856025
24.424424 0.869875 -1.310373 0.962233 1.843815
24.524525 0.895602 -1.261924 0.978555 1.830881
24.624625 0.920133 -1.211823 0.993576 1.817238
24.724725 0.943392 -1.160076 1.007226 1.802851
24.824825 0.965299 -1.106697 1.019438 1.787690
24.924925 0.985772 -1.051703 1.030138 1.771725
25.025025 1.004709 -0.995100 1.039239 1.754902
25.125125 1.022003 -0.936898 1.046644 1.737162
25.225225 1.037573 -0.877141 1.052286 1.718499
25.325325 1.051341 -0.815890 1.056105 1.698927
25.425425 1.063197 -0.753180 1.058007 1.678406
25.525526 1.073051 -0.689079 1.057920 1.656944
25.625626 1.080813 -0.623661 1.055775 1.634555
25.725726 1.086362 -0.556991 1.051471 1.611215
25.825826 1.089576 -0.489150 1.044911 1.586910
25.925926 1.090311 -0.420221 1.035977 1.561606
26.026026 1.088414 -0.350304 1.024546 1.535269
26.126126 1.083728 -0.279516 1.010493 1.507877
26.226226 1.076097 -0.207993 0.993698 1.479420
26.326326 1.065401 -0.135903 0.974076 1.449956
26.426426 1.051536 -0.063435 0.951560 1.419584
26.526527 1.034432 0.009203 0.926117 1.388462
26.626627 1.013977 0.081785 0.897677 1.356710
26.726727 0.989989 0.154053 0.866114 1.324373
26.826827 0.962269 0.225712 0.831289 1.291491
26.926927 0.930640 0.296425 0.793091 1.258154
27.027027 0.894925 0.365805 0.751416 1.224471
27.127127 0.854932 0.433403 0.706154 1.190546
27.227227 0.810537 0.498738 0.657260 1.156591
27.327327 0.761681 0.561292 0.604753 1.122913
27.427427 0.708284 0.620460 0.548647 1.089793
27.527528 0.650278 0.675549 0.488976 1.057509
27.627628 0.587645 0.725781 0.425833 1.026362
27.727728 0.520415 0.770282 0.359366 0.996649
27.827828 0.448758 0.808171 0.289850 0.968781
27.927928 0.372968 0.838547 0.217676 0.943212
28.028028 0.293395 0.860318 0.143306 0.920198
28.128128 0.210560 0.872417 0.067359 0.899991
28.228228 0.125219 0.873975 -0.009369 0.882950
28.328328 0.038287 0.864157 -0.085940 0.869263
28.428428 -0.049141 0.842350 -0.161287 0.859059
28.528529 -0.135818 0.808263 -0.234251 0.852414
28.628629 -0.220427 0.762046 -0.303673 0.849423
28.728729 -0.301676 0.704313 -0.368481 0.850202
28.828829 -0.378321 0.635904 -0.427675 0.854638
28.928929 -0.449258 0.557945 -0.480422 0.862520
29.029029 -0.513619 0.471853 -0.526142 0.873656
29.129129 -0.570754 0.379149 -0.564464 0.887769
29.229229 -0.620186 0.281354 -0.595171 0.904444
29.329329 -0.661679 0.179975 -0.618261 0.923286
29.429429 -0.695264 0.076462 -0.633965 0.944007
29.529530 -0.721178 -0.027879 -0.642677 0.966389
29.629630 -0.739779 -0.131922 -0.644873 0.990221
29.729730 -0.751470 -0.234716 -0.641049 1.015255
29.829830 -0.756693 -0.335470 -0.631709 1.041240
29.929930 -0.755877 -0.433527 -0.617331 1.067892
30.030030 -0.749399 -0.528313 -0.598332 1.094859
30.130130 -0.737690 -0.619390 -0.575159 1.121890
30.230230 -0.721178 -0.706409 -0.548245 1.148775
30.330330 -0.700244 -0.789071 -0.517973 1.175274
30.430430 -0.675288 -0.867174 -0.484730 1.201236
30.530531 -0.646688 -0.940567 -0.448875 1.226524
30.630631 -0.614779 -1.009116 -0.410728 1.250986
30.730731 -0.579865 -1.072697 -0.370578 1.274461
30.830831 -0.542243 -1.131231 -0.328702 1.296825
30.930931 -0.502224 -1.184727 -0.285379 1.318047
31.031031 -0.460089 -1.233187 -0.240860 1.338076
31.131131 -0.416088 -1.276594 -0.195370 1.356831
31.231231 -0.370463 -1.314964 -0.149126 1.374268
31.331331 -0.323445 -1.348328 -0.102330 1.390351
31.431431 -0.275256 -1.376740 -0.055173 1.405070
31.531532 -0.226116 -1.400308 -0.007837 1.418468
31.631632 -0.176229 -1.419152 0.039510 1.430597
31.731732 -0.125787 -1.433393 0.086714 1.441512
31.831832 -0.074966 -1.443114 0.133629 1.451225
31.931932 -0.023932 -1.448430 0.180123 1.459783
32.032032 0.027155 -1.449505 0.226073 1.467280
32.132132 0.078148 -1.446453 0.271366 1.473762
32.232232 0.128905 -1.439356 0.315883 1.479238
32.332332 0.179288 -1.428266 0.359509 1.483689
32.432432 0.229159 -1.413242 0.402129 1.487102
32.532533 0.278374 -1.394292 0.443615 1.489408
32.632633 0.326801 -1.371478 0.483856 1.490593
32.732733 0.374332 -1.344978 0.522781 1.490769
32.832833 0.420856 -1.314926 0.560308 1.489999
32.932933 0.466256 -1.281425 0.596348 1.488313
33.033033 0.510413 -1.244561 0.630806 1.485722
33.133133 0.553209 -1.204427 0.663588 1.482240
33.233233 0.594538 -1.161145 0.694617 1.477913
33.333333 0.634298 -1.114842 0.723819 1.472793
33.433433 0.672383 -1.065634 0.751115 1.466918
33.533534 0.708642 -1.013572 0.776377 1.460228
33.633634 0.742922 -0.958716 0.799476 1.452664
33.733734 0.775102 -0.901183 0.820319 1.444243
33.833834 0.805060 -0.841100 0.838815 1.434985
33.933934 0.832680 -0.778606 0.854881 1.424923
34.034034 0.857814 -0.713820 0.868398 1.414036
34.134134 0.880285 -0.646848 0.879223 1.402265
34.234234 0.899945 -0.577838 0.887244 1.389604
34.334334 0.916623 -0.506944 0.892330 1.376024
34.434434 0.930176 -0.434350 0.894378 1.361543
34.534535 0.940478 -0.360264 0.893303 1.346210
34.634635 0.947372 -0.284902 0.888996 1.330036
34.734735 0.950741 -0.208505 0.881384 1.313096
34.834835 0.950478 -0.131339 0.870409 1.295481
34.934935 0.946470 -0.053682 0.856009 1.277278
35.035035 0.938624 0.024166 0.838140 1.258602
35.135135 0.926821 0.101883 0.816742 1.239534
35.235235 0.910905 0.179121 0.791724 1.220105
35.335335 0.890751 0.255496 0.763026 1.200385
35.435435 0.866270 0.330601 0.730626 1.180481
35.535536 0.837363 0.403986 0.694497 1.160477
35.635636 0.803892 0.475136 0.654587 1.140387
35.735736 0.765760 0.543498 0.610887 1.120251
35.835836 0.722940 0.608497 0.563451 1.100176
35.935936 0.675487 0.669561 0.512410 1.080351
36.036036 0.623525 0.726117 0.457953 1.061013
36.136136 0.567177 0.777522 0.400282 1.042332
36.236236 0.506596 0.823075 0.339630 1.024422
36.336336 0.442012 0.862068 0.276302 1.007412
36.436436 0.373761 0.893853 0.210690 0.991494
36.536537 0.302279 0.917838 0.143266 0.976896
36.636637 0.228059 0.933417 0.074557 0.963762
36.736737 0.151674 0.940020 0.005157 0.952192
36.836837 0.073805 0.937264 -0.064271 0.942359
36.936937 -0.004787 0.925007 -0.133026 0.934536
37.037037 -0.083306 0.903250 -0.200392 0.928955
37.137137 -0.160934 0.872114 -0.265655 0.925773
37.237237 -0.236841 0.831796 -0.328096 0.925000
37.337337 -0.310169 0.782525 -0.386980 0.926447
37.437437 -0.380131 0.724821 -0.441672 0.930021
37.537538 -0.446017 0.659400 -0.491636 0.935652
37.637638 -0.507210 0.587080 -0.536432 0.943230
37.737738 -0.563171 0.508743 -0.575701 0.952582
37.837838 -0.613412 0.425274 -0.609127 0.963415
37.937938 -0.657659 0.337673 -0.636604 0.975603
38.038038 -0.695876 0.246997 -0.658247 0.989211
38.138138 -0.728089 0.154213 -0.674215 1.004222
38.238238 -0.754253 0.060175 -0.684584 1.020380
38.338338 -0.774375 -0.034322 -0.689473 1.037405
38.438438 -0.788641 -0.128539 -0.689150 1.055180
38.538539 -0.797331 -0.221827 -0.683959 1.073659
38.638639 -0.800745 -0.313625 -0.674244 1.092775
38.738739 -0.799210 -0.403464 -0.660365 1.112475
38.838839 -0.793111 -0.490977 -0.642717 1.132770
38.938939 -0.782785 -0.575850 -0.621647 1.153603
39.039039 -0.768529 -0.657807 -0.597460 1.174864
39.139139 -0.750621 -0.736613 -0.570439 1.196425
39.239239 -0.729294 -0.812035 -0.540822 1.218096
39.339339 -0.704825 -0.883932 -0.508878 1.239787
39.439439 -0.677514 -0.952236 -0.474888 1.261467
39.539540 -0.647637 -1.016903 -0.439102 1.283096
39.639640 -0.615431 -1.077879 -0.401742 1.304598
39.739740 -0.581109 -1.135115 -0.363006 1.325876
39.839840 -0.544880 -1.188587 -0.323084 1.346854
39.939940 -0.506919 -1.238238 -0.282141 1.367408
40.040040 -0.467398 -1.284034 -0.240336 1.387431
40.140140 -0.426497 -1.325992 -0.197828 1.406873
40.240240 -0.384396 -1.364163 -0.154771 1.425712
40.340340 -0.341243 -1.398538 -0.111298 1.443864
40.440440 -0.297180 -1.429120 -0.067539 1.461253
40.540541 -0.252365 -1.456006 -0.023619 1.477903
40.640641 -0.206941 -1.479285 0.020344 1.493828
40.740741 -0.161045 -1.499077 0.064246 1.509071
40.840841 -0.114801 -1.515479 0.107988 1.523653
40.940941 -0.068317 -1.528514 0.151476 1.537520
41.041041 -0.021700 -1.538179 0.194615 1.550594
41.141141 0.024949 -1.544529 0.237320 1.562854
41.241241 0.071529 -1.547634 0.279513 1.574298
41.341341 0.117945 -1.547533 0.321112 1.584892
41.441441 0.164109 -1.544331 0.362054 1.594670
41.541542 0.209936 -1.538105 0.402272 1.603640
41.641642 0.255341 -1.528905 0.441699 1.611784
41.741742 0.300251 -1.516842 0.480284 1.619146
41.841842 0.344597 -1.502011 0.517977 1.625756
41.941942 0.388303 -1.484460 0.554717 1.631598
42.042042 0.431297 -1.464254 0.590451 1.636670
42.142142 0.473523 -1.441498 0.625141 1.641018
42.242242 0.514929 -1.416298 0.658755 1.644691
42.342342 0.555453 -1.388721 0.691248 1.647695
42.442442 0.595051 -1.358874 0.722595 1.650081
42.542543 0.633682 -1.326862 0.752774 1.651903
42.642643 0.671271 -1.292708 0.781721 1.653114
42.742743 0.707777 -1.256503 0.809410 1.653751
42.842843 0.743196 -1.218406 0.835863 1.653941
42.942943 0.777500 -1.178514 0.861066 1.653734
43.043043 0.810617 -1.136855 0.884958 1.653085
43.143143 0.842467 -1.093452 0.907472 1.651936
43.243243 0.872995 -1.048363 0.928566 1.650279
43.343343 0.902135 -1.001636 0.948188 1.648085
43.443443 0.929820 -0.953323 0.966285 1.645326
43.543544 0.955977 -0.903470 0.982797 1.641962
43.643644 0.980529 -0.852127 0.997663 1.637953
43.743744 1.003442 -0.799386 1.010866 1.633329
43.843844 1.024715 -0.745362 1.022419 1.628173
43.943944 1.044356 -0.690176 1.032347 1.622579
44.044044 1.062333 -0.633914 1.040634 1.616576
44.144144 1.078555 -0.576629 1.047205 1.610100
44.244244 1.092945 -0.518389 1.052001 1.603110
44.344344 1.105501 -0.459301 1.055034 1.595678
44.444444 1.116175 -0.399454 1.056275 1.587805
44.544545 1.124875 -0.338924 1.055650 1.579433
44.644645 1.131527 -0.277799 1.053107 1.570528
44.744745 1.136062 -0.216177 1.048597 1.561066
44.844845 1.138406 -0.154161 1.042068 1.551012
44.944945 1.138519 -0.091864 1.033500 1.540385
45.045045 1.136360 -0.029406 1.022871 1.529197
45.145145 1.131844 0.033090 1.010126 1.517406
45.245245 1.124955 0.095496 0.995264 1.505056
45.345345 1.115657 0.157674 0.978274 1.492170
45.445445 1.103877 0.219479 0.959112 1.478719
45.545546 1.089631 0.280773 0.937810 1.464792
45.645646 1.072953 0.341417 0.914418 1.450501
45.745746 1.053809 0.401253 0.888927 1.435866
45.845846 1.032210 0.460131 0.861369 1.420963
45.945946 1.008163 0.517894 0.831771 1.405863
46.046046 0.981594 0.574337 0.800096 1.390519
46.146146 0.952469 0.629258 0.766342 1.374934
46.246246 0.920752 0.682440 0.730504 1.359097
46.346346 0.886412 0.733652 0.692591 1.343002
46.446446 0.849476 0.782688 0.652652 1.326712
46.546547 0.809954 0.829311 0.610731 1.310257
46.646647 0.767843 0.873254 0.566862 1.293634
46.746747 0.723160 0.914237 0.521098 1.276845
46.846847 0.675933 0.951971 0.473507 1.259899
46.946947 0.626223 0.986171 0.424181 1.242826
47.047047 0.574123 1.016567 0.373241 1.225698
47.147147 0.519724 1.042850 0.320813 1.208540
47.247247 0.463158 1.064738 0.267054 1.191428
47.347347 0.404604 1.082006 0.212156 1.174500
47.447447 0.344246 1.094385 0.156320 1.157851
47.547548 0.282292 1.101624 0.099769 1.141586
47.647648 0.218991 1.103518 0.042754 1.125849
47.747748 0.154619 1.099913 -0.014455 1.110822
47.847848 0.089472 1.090630 -0.071570 1.096632
47.947948 0.023860 1.075404 -0.128273 1.083290
48.048048 -0.041865 1.053921 -0.184208 1.070717
48.148148 -0.107305 1.025867 -0.238972 1.058785
48.248248 -0.172022 0.991128 -0.292159 1.047513
48.348348 -0.235557 0.949716 -0.343356 1.036986
48.448448 -0.297398 0.901589 -0.392101 1.027157
48.548549 -0.357024 0.846824 -0.437935 1.018020
48.648649 -0.413925 0.785662 -0.480437 1.009663
48.748749 -0.467569 0.718377 -0.519166 1.002108
48.848849 -0.517452 0.645360 -0.553725 0.995418
48.948949 -0.563120 0.567129 -0.583780 0.989716
49.049049 -0.604098 0.484218 -0.608980 0.985018
49.149149 -0.640009 0.397278 -0.629076 0.981416
49.249249 -0.670532 0.307028 -0.643880 0.979010
49.349349 -0.695333 0.214192 -0.653195 0.977768
49.449449 -0.714142 0.119541 -0.656885 0.977643
49.549550 -0.726772 0.023884 -0.654896 0.978599
49.649650 -0.733156 -0.071951 -0.647281 0.980646
49.749750 -0.733275 -0.167142 -0.634140 0.983749
49.849850 -0.727255 -0.260911 -0.615693 0.987954
49.949950 -0.715342 -0.352541 -0.592261 0.993365
50.050050 -0.697787 -0.441364 -0.564161 0.999993
50.150150 -0.674875 -0.526772 -0.531734 1.007812
50.250250 -0.646873 -0.608178 -0.495300 1.016685
50.350350 -0.614082 -0.685051 -0.455203 1.026451
50.450450 -0.576861 -0.756952 -0.411827 1.036989
50.550551 -0.535642 -0.823577 -0.365600 1.048263
50.650651 -0.490851 -0.884674 -0.316941 1.060205
50.750751 -0.442873 -0.939988 -0.266229 1.072656
50.850851 -0.392129 -0.989392 -0.213861 1.085540
50.950951 -0.339025 -1.032789 -0.160212 1.098753
51.051051 -0.283947 -1.070116 -0.105638 1.112175
51.151151 -0.227277 -1.101379 -0.050481 1.125718
51.251251 -0.169385 -1.126633 0.004935 1.139305
51.351351 -0.110627 -1.146015 0.060311 1.152920
51.451451 -0.051339 -1.159736 0.115374 1.166591
51.551552 0.008175 -1.167990 0.169879 1.180308
51.651652 0.067635 -1.171009 0.223607 1.194084
51.751752 0.126787 -1.169000 0.276359 1.207895
51.851852 0.185390 -1.162088 0.327935 1.221622
51.951952 0.243208 -1.150379 0.378142 1.235117
52.052052 0.300029 -1.134037 0.426809 1.248288
52.152152 0.355678 -1.113332 0.473818 1.261157
52.252252 0.409983 -1.088482 0.519046 1.273691
52.352352 0.462790 -1.059707 0.562385 1.285858
52.452452 0.513966 -1.027241 0.603747 1.297650
52.552553 0.563364 -0.991265 0.643027 1.308995
52.652653 0.610867 -0.951993 0.680149 1.319868
52.752753 0.656367 -0.909637 0.715047 1.330244
52.852853 0.699734 -0.864358 0.747625 1.340032
52.952953 0.740796 -0.816266 0.777744 1.349057
53.053053 0.779414 -0.765512 0.805303 1.357206
53.153153 0.815505 -0.712304 0.830255 1.364459
53.253253 0.849005 -0.656861 0.852573 1.370824
53.353353 0.879884 -0.599416 0.872262 1.376349
53.453453 0.908108 -0.540187 0.889323 1.381071
53.553554 0.933617 -0.479369 0.903728 1.384977
53.653654 0.956378 -0.417163 0.915477 1.388085
53.753754 0.976357 -0.353768 0.924566 1.390412
53.853854 0.993487 -0.289365 0.930960 1.391918
53.953954 1.007677 -0.224129 0.934603 1.392526
54.054054 1.018820 -0.158240 0.935424 1.392140
54.154154 1.026832 -0.091887 0.933372 1.390687
54.254254 1.031631 -0.025270 0.928404 1.388105
54.354354 1.033190 0.041405 0.920522 1.384398
54.454454 1.031500 0.107926 0.909749 1.379596
54.554555 1.026552 0.174085 0.896106 1.373725
54.654655 1.018356 0.239670 0.879630 1.366836
54.754755 1.006903 0.304465 0.860344 1.358950
54.854855 0.992141 0.368236 0.838235 1.350029
54.954955 0.974047 0.430747 0.813314 1.340071
55.055055 0.952619 0.491758 0.785612 1.329096
55.155155 0.927811 0.551000 0.755126 1.317061
55.255255 0.899608 0.608200 0.721881 1.303961
55.355355 0.868037 0.663097 0.685937 1.289843
55.455455 0.833136 0.715422 0.647364 1.274764
55.555556 0.795015 0.764957 0.606294 1.258888
55.655656 0.753757 0.811442 0.562836 1.242325
55.755756 0.709357 0.854512 0.517036 1.225032
55.855856 0.661889 0.893854 0.469004 1.207078
55.955956 0.611510 0.929230 0.418915 1.188656
56.056056 0.558355 0.960347 0.366929 1.169899
56.156156 0.502549 0.986864 0.313207 1.150893
56.256256 0.444201 1.008335 0.257909 1.131624
56.356356 0.383462 1.024324 0.201229 1.112104
56.456456 0.320582 1.034533 0.143434 1.092523
56.556557 0.255840 1.038656 0.084817 1.073059
56.656657 0.189520 1.036272 0.025691 1.053773
56.756757 0.121969 1.027031 -0.033584 1.034793
56.856857 0.053599 1.010697 -0.092606 1.016345
56.956957 -0.015136 0.987001 -0.150931 0.998589
57.057057 -0.083726 0.955640 -0.208059 0.981604
57.157157 -0.151602 0.916420 -0.263454 0.965514
57.257257 -0.218129 0.869229 -0.316530 0.950437
57.357357 -0.282595 0.813944 -0.366631 0.936367
57.457457 -0.344252 0.750658 -0.413101 0.923391
57.557558 -0.402332 0.679648 -0.455289 0.911637
57.657658 -0.456066 0.601354 -0.492567 0.901247
57.757758 -0.504722 0.516417 -0.524367 0.892407
57.857858 -0.547628 0.425639 -0.550201 0.885317
57.957958 -0.584162 0.329952 -0.569637 0.880114
58.058058 -0.613780 0.230393 -0.582335 0.876881
58.158158 -0.636032 0.128105 -0.588049 0.875643
58.258258 -0.650520 0.024288 -0.586590 0.876272
58.358358 -0.657016 -0.079798 -0.577928 0.878657
58.458458 -0.655508 -0.182886 -0.562229 0.882746
58.558559 -0.646123 -0.283748 -0.539778 0.888452
58.658659 -0.629150 -0.381255 -0.510991 0.895710
58.758759 -0.604966 -0.474364 -0.476352 0.904388
58.858859 -0.574048 -0.562169 -0.436413 0.914342
58.958959 -0.537022 -0.643967 -0.391834 0.925538
59.059059 -0.494477 -0.719115 -0.343233 0.937786
59.159159 -0.447025 -0.787098 -0.291230 0.950878
59.259259 -0.395320 -0.847556 -0.236461 0.964646
59.359359 -0.340010 -0.900247 -0.179541 0.978921
59.459459 -0.281768 -0.945133 -0.121078 0.993645
59.559560 -0.221208 -0.982182 -0.061628 1.008669
59.659660 -0.158908 -1.011435 -0.001703 1.023843
59.759760 -0.095430 -1.033093 0.058220 1.039124
59.859860 -0.031294 -1.047464 0.117720 1.054522
59.959960 0.033034 -1.054892 0.176426 1.070053
60.060060 0.097143 -1.055779 0.234024 1.085759
60.160160 0.160674 -1.050570 0.290257 1.101709
60.260260 0.223302 -1.039567 0.344874 1.117811
60.360360 0.284734 -1.023077 0.397654 1.133970
60.460460 0.344716 -1.001446 0.448420 1.150132
60.560561 0.403024 -0.975003 0.497014 1.166226
60.660661 0.459470 -0.944102 0.543319 1.182217
60.760761 0.513900 -0.909102 0.587246 1.198089
60.860861 0.566164 -0.870308 0.628704 1.213774
60.960961 0.616119 -0.828000 0.667602 1.229178
61.061061 0.663671 -0.782494 0.703900 1.244280
61.161161 0.708726 -0.734076 0.737555 1.259026
61.261261 0.751243 -0.683055 0.768572 1.273433
61.361361 0.791257 -0.629785 0.797032 1.287624
61.461461 0.828757 -0.574540 0.822963 1.301616
61.561562 0.863753 -0.517583 0.846412 1.315437
61.661662 0.896248 -0.459152 0.867413 1.329092
61.761762 0.926222 -0.399453 0.885977 1.342537
61.861862 0.953665 -0.338686 0.902123 1.355733
61.961962 0.978522 -0.277024 0.915827 1.368571
62.062062 1.000737 -0.214637 0.927060 1.380936
62.162162 1.020329 -0.151708 0.935867 1.392815
62.262262 1.037369 -0.088421 0.942336 1.404261
62.362362 1.051901 -0.024941 0.946530 1.415287
62.462462 1.063967 0.038577 0.948508 1.425897
62.562563 1.073614 0.101986 0.948332 1.436099
62.662663 1.080889 0.165150 0.946063 1.445901
62.762763 1.085848 0.227939 0.941771 1.455320
62.862863 1.088573 0.290240 0.935544 1.464402
62.962963 1.089136 0.351943 0.927462 1.473183
63.063063 1.087595 0.412947 0.917590 1.481675
63.163163 1.084024 0.473159 0.906009 1.489912
63.263263 1.078468 0.532483 0.892772 1.497890
63.363363 1.070981 0.590833 0.877938 1.505609
63.463463 1.061601 0.648118 0.861556 1.513054
63.563564 1.050388 0.704263 0.843690 1.520235
63.663664 1.037394 0.759191 0.824396 1.527150
63.763764 1.022628 0.812800 0.803697 1.533734
63.863864 1.006113 0.864996 0.781627 1.539942
63.963964 0.987918 0.915726 0.758254 1.545796
64.064064 0.968130 0.964957 0.733662 1.551347
64.164164 0.946802 1.012628 0.707907 1.556593
64.264264 0.923992 1.058691 0.681047 1.561542
64.364364 0.899789 1.103132 0.653163 1.566251
64.464464 0.874264 1.145927 0.624323 1.570753
64.564565 0.847470 1.187033 0.594581 1.575049
64.664665 0.819449 1.226393 0.563981 1.579117
64.764765 0.790228 1.263929 0.532561 1.582908
64.864865 0.759839 1.299564 0.500356 1.586373
64.964965 0.728300 1.333204 0.467399 1.589439
65.065065 0.695665 1.364806 0.433743 1.592098
65.165165 0.661985 1.394322 0.399440 1.594337
65.265265 0.627294 1.421674 0.364532 1.596101
65.365365 0.591643 1.446813 0.329071 1.597372
65.465465 0.555068 1.469652 0.293102 1.598088
65.565566 0.517617 1.490129 0.256676 1.598216
65.665666 0.479340 1.508183 0.219847 1.597722
65.765766 0.440304 1.523803 0.182677 1.596626
65.865866 0.400582 1.536994 0.145229 1.594963
65.965966 0.360217 1.547657 0.107556 1.592660
66.066066 0.319255 1.555689 0.069715 1.589639
66.166166 0.277755 1.561032 0.031766 1.585868
66.266266 0.235787 1.563653 -0.006225 1.581342
66.366366 0.193415 1.563499 -0.044191 1.576036
66.466466 0.150710 1.560530 -0.082064 1.569937
66.566567 0.107747 1.554733 -0.119775 1.563058
66.666667 0.064599 1.546047 -0.157249 1.555365
66.766767 0.021343 1.534441 -0.194414 1.546855
66.866867 -0.021937 1.519904 -0.231193 1.537543
66.966967 -0.065159 1.502377 -0.267504 1.527397
67.067067 -0.108237 1.481859 -0.303268 1.516441
67.167167 -0.151081 1.458372 -0.338411 1.504724
67.267267 -0.193596 1.431853 -0.372836 1.492209
67.367367 -0.235681 1.402278 -0.406450 1.478895
67.467467 -0.277251 1.369736 -0.439191 1.464901
67.567568 -0.318214 1.334275 -0.470980 1.450301
67.667668 -0.358462 1.295888 -0.501721 1.435111
67.767768 -0.397873 1.254543 -0.531300 1.419317
67.867868 -0.436321 1.210216 -0.559600 1.402909
67.967968 -0.473681 1.162928 -0.586514 1.385920
68.068068 -0.509783 1.112602 -0.611876 1.368267
68.168168 -0.544445 1.059177 -0.635516 1.349873
68.268268 -0.577495 1.002662 -0.657282 1.330734
68.368368 -0.608757 0.943082 -0.677017 1.310855
68.468468 -0.638037 0.880469 -0.694553 1.290241
68.568569 -0.665088 0.814820 -0.709669 1.268820
68.668669 -0.689629 0.746132 -0.722112 1.246494
68.768769 -0.711416 0.674498 -0.731675 1.223278
68.868869 -0.730237 0.600085 -0.738193 1.199282
68.968969 -0.745837 0.523057 -0.741458 1.174573
69.069069 -0.757928 0.443601 -0.741240 1.149206
69.169169 -0.766189 0.361936 -0.737281 1.123221
69.269269 -0.770276 0.278333 -0.729310 1.096671
69.369369 -0.769874 0.193138 -0.717093 1.069687
69.469469 -0.764575 0.106751 -0.700320 1.042314
69.569570 -0.753892 0.019648 -0.678620 1.014526
69.669670 -0.737337 -0.067570 -0.651640 0.986340
69.769770 -0.714373 -0.154159 -0.619002 0.957735
69.869870 -0.684544 -0.239227 -0.580420 0.928826
69.969970 -0.647397 -0.321687 -0.535640 0.899731
70.070070 -0.602395 -0.400190 -0.484370 0.870428
70.170170 -0.549120 -0.473135 -0.426455 0.840983
70.270270 -0.487382 -0.538720 -0.361978 0.811658
70.370370 -0.417208 -0.594895 -0.291247 0.782807
70.470470 -0.338878 -0.639334 -0.214837 0.754812
70.570571 -0.253115 -0.669621 -0.133734 0.728248
70.670671 -0.161171 -0.683366 -0.049390 0.703850
70.770771 -0.064867 -0.678324 0.036248 0.682382
70.870871 0.033333 -0.652724 0.120724 0.664631
70.970971 0.130372 -0.605665 0.201172 0.651381
71.071071 0.222802 -0.537466 0.274547 0.643341
71.171171 0.307106 -0.449790 0.337927 0.640952
71.271271 0.380042 -0.345528 0.388806 0.644198
71.371371 0.439076 -0.228641 0.425464 0.652751
71.471471 0.482691 -0.103718 0.447180 0.666122
71.571572 0.510425 0.024639 0.454181 0.683682
71.671672 0.522615 0.152263 0.447349 0.704579
71.771772 0.520148 0.275633 0.427967 0.727793
71.871872 0.504478 0.392034 0.397719 0.752576
71.971972 0.477445 0.499631 0.358510 0.778534
72.072072 0.440904 0.597294 0.312157 0.805356
72.172172 0.396550 0.684382 0.260273 0.832690
72.272272 0.345885 0.760573 0.204246 0.860131
72.372372 0.290327 0.826017 0.145330 0.887533
72.472472 0.231133 0.881094 0.084595 0.914826
72.572573 0.169339 0.926242 0.022912 0.941873
72.672673 0.105828 0.961939 -0.038995 0.968528
72.772773 0.041341 0.988674 -0.100531 0.994631
72.872873 -0.023486 1.006957 -0.161195 1.020048
72.972973 -0.088115 1.017259 -0.220570 1.044620
73.073073 -0.152084 1.020094 -0.278314 1.068260
73.173173 -0.214996 1.015945 -0.334140 1.090879
73.273273 -0.276526 1.005331 -0.387826 1.112459
73.373373 -0.336397 0.988745 -0.439193 1.132991
73.473473 -0.394349 0.966571 -0.488063 1.152378
73.573574 -0.450171 0.939219 -0.534302 1.170583
73.673674 -0.503713 0.907149 -0.577841 1.187664
73.773774 -0.554854 0.870789 -0.618631 1.203678
73.873874 -0.603489 0.830529 -0.656630 1.218664
73.973974 -0.649488 0.786675 -0.691766 1.232571
74.074074 -0.692711 0.739488 -0.723950 1.245310
74.174174 -0.733045 0.689246 -0.753118 1.256822
74.274274 -0.770369 0.636202 -0.779199 1.267033
74.374374 -0.804605 0.580633 -0.802159 1.275924
74.474474 -0.835687 0.522814 -0.821978 1.283493
74.574575 -0.863582 0.463023 -0.838665 1.289777
74.674675 -0.888271 0.401538 -0.852242 1.294826
74.774775 -0.909689 0.338598 -0.862685 1.298617
74.874875 -0.927735 0.274426 -0.869933 1.301070
74.974975 -0.942335 0.209258 -0.873953 1.302144
75.075075 -0.953534 0.143355 -0.874821 1.301955
75.175175 -0.961412 0.076973 -0.872645 1.300672
75.275275 -0.965988 0.010350 -0.867476 1.298366
75.375375 -0.967211 -0.056287 -0.859298 1.295013
75.475475 -0.965021 -0.122703 -0.848092 1.290574
75.575576 -0.959382 -0.188659 -0.833858 1.285039
75.675676 -0.950296 -0.253914 -0.816630 1.278444
75.775776 -0.937778 -0.318230 -0.796457 1.270843
75.875876 -0.921858 -0.381369 -0.773397 1.262303
75.975976 -0.902601 -0.443106 -0.747541 1.252936
76.076076 -0.879990 -0.503169 -0.718909 1.242736
76.176176 -0.853903 -0.561219 -0.687443 1.231542
76.276276 -0.824301 -0.616934 -0.653150 1.219296
76.376376 -0.791165 -0.669976 -0.616061 1.205961
76.476476 -0.754458 -0.719963 -0.576195 1.191451
76.576577 -0.714197 -0.766531 -0.533620 1.175754
76.676677 -0.670490 -0.809370 -0.488473 1.158983
76.776777 -0.623459 -0.848164 -0.440909 1.141264
76.876877 -0.573189 -0.882514 -0.391060 1.122633
76.976977 -0.519795 -0.912015 -0.339085 1.103149
77.077077 -0.463392 -0.936190 -0.285155 1.082819
77.177177 -0.404098 -0.954468 -0.229451 1.061580
77.277277 -0.342119 -0.966349 -0.172232 1.039490
77.377377 -0.277734 -0.971361 -0.113811 1.016677
77.477477 -0.211283 -0.969066 -0.054556 0.993331
77.577578 -0.143172 -0.959034 0.005112 0.969675
77.677678 -0.073858 -0.940766 0.064711 0.945877
77.777778 -0.003882 -0.913673 0.123676 0.922014
77.877878 0.066105 -0.877249 0.181353 0.898234
77.977978 0.135339 -0.831230 0.237018 0.874893
78.078078 0.202957 -0.775484 0.289881 0.852407
78.178178 0.267975 -0.709950 0.339051 0.831141
78.278278 0.329268 -0.634662 0.383525 0.811360
78.378378 0.385610 -0.549922 0.422244 0.793347
78.478478 0.435737 -0.456393 0.454167 0.777450
78.578579 0.478328 -0.355044 0.478247 0.763920
78.678679 0.512143 -0.247235 0.493558 0.753004
78.778779 0.536233 -0.134775 0.499505 0.745127
78.878879 0.549877 -0.019732 0.495727 0.740608
78.978979 0.552602 0.095666 0.482110 0.739562
79.079079 0.544248 0.209112 0.458831 0.741930
79.179179 0.524944 0.318319 0.426327 0.747427
79.279279 0.495252 0.421207 0.385388 0.755786
79.379379 0.456058 0.515991 0.337058 0.766710
79.479479 0.408474 0.601268 0.282530 0.779870
79.579580 0.353796 0.676086 0.223097 0.795007
79.679680 0.293376 0.739920 0.160045 0.811890
79.779780 0.228525 0.792551 0.094580 0.830244
79.879880 0.160469 0.834044 0.027791 0.849795
79.979980 0.090364 0.864859 -0.039349 0.870457
80.080080 0.019220 0.885672 -0.106028 0.892203
80.180180 -0.052116 0.897139 -0.171579 0.914884
80.280280 -0.122932 0.899843 -0.235443 0.938223
80.380380 -0.192637 0.894499 -0.297193 0.962061
80.480480 -0.260754 0.881842 -0.356500 0.986271
80.580581 -0.326855 0.862422 -0.413058 1.010556
80.680681 -0.390571 0.836755 -0.466610 1.034616
80.780781 -0.451668 0.805506 -0.517035 1.058380
80.880881 -0.510003 0.769364 -0.564305 1.081880
80.980981 -0.565426 0.728860 -0.608356 1.105007
81.081081 -0.617782 0.684432 -0.649111 1.127585
81.181181 -0.666960 0.636511 -0.686532 1.149482
81.281281 -0.712853 0.585482 -0.720575 1.170545
81.381381 -0.755380 0.531714 -0.751219 1.190650
81.481481 -0.794534 0.475594 -0.778511 1.209774
81.581582 -0.830335 0.417489 -0.802521 1.227922
81.681682 -0.862762 0.357711 -0.823274 1.245028
81.781782 -0.891766 0.296537 -0.840763 1.260977
81.881882 -0.917358 0.234248 -0.855038 1.275738
81.981982 -0.939564 0.171117 -0.866160 1.289300
82.082082 -0.958389 0.107390 -0.874168 1.301619
82.182182 -0.973817 0.043305 -0.879081 1.312623
82.282282 -0.985842 -0.020912 -0.880925 1.322253
82.382382 -0.994543 -0.085039 -0.879801 1.330563
82.482482 -1.000007 -0.148868 -0.875817 1.337622
82.582583 -1.002274 -0.212202 -0.869035 1.343430
82.682683 -1.001402 -0.274851 -0.859534 1.348017
82.782783 -0.997480 -0.336642 -0.847418 1.351448
82.882883 -0.990569 -0.397404 -0.832766 1.353756
82.982983 -0.980711 -0.456964 -0.815639 1.354945
83.083083 -0.967968 -0.515157 -0.796116 1.355046
83.183183 -0.952415 -0.571835 -0.774285 1.354107
83.283283 -0.934136 -0.626854 -0.750240 1.352189
83.383383 -0.913130 -0.680019 -0.724009 1.349230
83.483483 -0.889377 -0.731115 -0.695602 1.345133
83.583584 -0.862909 -0.779955 -0.665076 1.339876
83.683684 -0.833756 -0.826344 -0.632483 1.333427
83.783784 -0.801963 -0.870090 -0.597892 1.325774
83.883884 -0.767580 -0.910999 -0.561373 1.316905
83.983984 -0.730685 -0.948901 -0.523021 1.306853
84.084084 -0.691366 -0.983624 -0.482938 1.295659
84.184184 -0.649695 -1.014971 -0.441216 1.283333
84.284284 -0.605794 -1.042803 -0.397984 1.269967
84.384384 -0.559755 -1.066916 -0.353353 1.255585
84.484484 -0.511616 -1.086987 -0.307402 1.240076
84.584585 -0.461467 -1.102744 -0.260248 1.223407
84.684685 -0.409456 -1.114008 -0.212052 1.205667
84.784785 -0.355756 -1.120625 -0.162987 1.186982
84.884885 -0.300531 -1.122373 -0.113233 1.167417
84.984985 -0.243944 -1.118964 -0.062976 1.146976
85.085085 -0.186206 -1.110183 -0.012434 1.125760
85.185185 -0.127557 -1.095856 0.038152 1.103914
85.285285 -0.068264 -1.075823 0.088523 1.081615
85.385385 -0.008613 -1.049798 0.138379 1.058914
85.485485 0.051068 -1.017457 0.187384 1.035827
85.585586 0.110399 -0.978615 0.235171 1.012512
85.685686 0.168945 -0.933032 0.281315 0.989054
85.785786 0.226201 -0.880470 0.325331 0.965523
85.885886 0.281615 -0.820847 0.366713 0.942112
85.985986 0.334589 -0.754197 0.404930 0.919093
86.086086 0.384414 -0.680532 0.439348 0.896619
86.186186 0.430262 -0.599901 0.469231 0.874748
86.286286 0.471208 -0.512503 0.493777 0.853529
86.386386 0.506207 -0.418704 0.512100 0.832949
86.486486 0.534200 -0.319168 0.523344 0.813097
86.586587 0.554241 -0.214932 0.526805 0.794294
86.686687 0.565341 -0.107289 0.521776 0.776770
86.786787 0.566531 0.002181 0.507608 0.760676
86.886887 0.557163 0.111563 0.483987 0.746405
86.986987 0.536822 0.218695 0.450841 0.734345
87.087087 0.505289 0.321215 0.408303 0.724712
87.187187 0.462623 0.416599 0.356777 0.717540
87.287287 0.409357 0.502390 0.297082 0.712900
87.387387 0.346548 0.576420 0.230469 0.710965
87.487487 0.275620 0.636902 0.158463 0.711844
87.587588 0.198311 0.682594 0.082795 0.715623
87.687688 0.116548 0.712923 0.005271 0.722406
87.787788 0.032283 0.727884 -0.072357 0.732184
87.887888 -0.052639 0.727739 -0.148472 0.744593
87.987988 -0.136499 0.713060 -0.221612 0.759077
88.088088 -0.217745 0.684785 -0.290517 0.775077
88.188188 -0.295058 0.644162 -0.354176 0.792114
88.288288 -0.367395 0.592690 -0.411865 0.809872
88.388388 -0.433918 0.531863 -0.463039 0.827990
88.488488 -0.493994 0.463148 -0.507336 0.846125
88.588589 -0.547199 0.388010 -0.544579 0.864028
88.688689 -0.593265 0.307825 -0.574719 0.881488
88.788789 -0.632079 0.223893 -0.597836 0.898365
88.888889 -0.663660 0.137415 -0.614114 0.914584
88.988989 -0.688069 0.049472 -0.623758 0.930033
89.089089 -0.705443 -0.038961 -0.627028 0.944633
89.189189 -0.716008 -0.126999 -0.624247 0.958374
89.289289 -0.719982 -0.213849 -0.615723 0.971196
89.389389 -0.717646 -0.298805 -0.601805 0.983092
89.489489 -0.709325 -0.381249 -0.582871 0.994098
89.589590 -0.695265 -0.460585 -0.559225 1.004124
89.689690 -0.675690 -0.536243 -0.531146 1.013031
89.789790 -0.650832 -0.607681 -0.498918 1.020675
89.889890 -0.620892 -0.674345 -0.462798 1.026854
89.989990 -0.586136 -0.735752 -0.423093 1.031452
90.090090 -0.546941 -0.791557 -0.380187 1.034529
90.190190 -0.503706 -0.841485 -0.334477 1.036191
90.290290 -0.456843 -0.885319 -0.286363 1.036581
90.390390 -0.406771 -0.922895 -0.236242 1.035861
90.490490 -0.353869 -0.954007 -0.184484 1.034112
90.590591 -0.298486 -0.978371 -0.131441 1.031301
90.690691 -0.240949 -0.995604 -0.077459 1.027270
90.790791 -0.181647 -1.005467 -0.022921 1.022000
90.890891 -0.121015 -1.007864 0.031771 1.015600
90.990991 -0.059494 -1.002684 0.086206 1.008140
91.091091 0.002468 -0.989719 0.139952 0.999568
91.191191 0.064388 -0.968769 0.192550 0.989815
91.291291 0.125760 -0.939853 0.243547 0.979007
91.391391 0.186053 -0.903047 0.292479 0.967292
91.491491 0.244701 -0.858373 0.338841 0.954723
91.591592 0.301109 -0.805933 0.382115 0.941385
91.691692 0.354660 -0.745916 0.421773 0.927398
91.791792 0.404739 -0.678655 0.457309 0.912972
91.891892 0.450750 -0.604623 0.488256 0.898409
91.991992 0.492043 -0.524316 0.514100 0.883919
92.092092 0.527946 -0.438310 0.534319 0.869678
92.192192 0.557828 -0.347346 0.548449 0.855931
92.292292 0.581019 -0.252262 0.556007 0.842830
92.392392 0.596805 -0.154006 0.556486 0.830404
92.492492 0.604650 -0.053735 0.549565 0.818847
92.592593 0.604203 0.047236 0.535111 0.808477
92.692693 0.595121 0.147492 0.513017 0.799443
92.792793 0.577240 0.245533 0.483341 0.791903
92.892893 0.550530 0.339777 0.446279 0.785937
92.992993 0.515071 0.428581 0.402130 0.781466
93.093093 0.471181 0.510329 0.351405 0.778417
93.193193 0.419422 0.583512 0.294816 0.776735
93.293293 0.360560 0.646768 0.233241 0.776347
93.393393 0.295595 0.699038 0.167724 0.777279
93.493493 0.225739 0.739700 0.099437 0.779745
93.593594 0.152237 0.768353 0.029553 0.783847
93.693694 0.076290 0.784533 -0.040788 0.789288
93.793794 -0.000876 0.788011 -0.110453 0.795715
93.893894 -0.078012 0.779022 -0.178357 0.802977
93.993994 -0.153927 0.758012 -0.243492 0.810903
94.094094 -0.227485 0.725498 -0.304914 0.819188
94.194194 -0.297659 0.682240 -0.361807 0.827621
94.294294 -0.363573 0.629260 -0.413528 0.836158
94.394394 -0.424483 0.567649 -0.459561 0.844753
94.494494 -0.479766 0.498544 -0.499507 0.853363
94.594595 -0.528877 0.423053 -0.533030 0.861861
94.694695 -0.571328 0.342264 -0.559845 0.870050
94.794795 -0.606778 0.257304 -0.579802 0.877813
94.894895 -0.635005 0.169305 -0.592862 0.885089
94.994995 -0.655847 0.079361 -0.599030 0.891779
95.095095 -0.669269 -0.011461 -0.598424 0.897866
95.195195 -0.675389 -0.102137 -0.591291 0.903442
95.295295 -0.674312 -0.191700 -0.577861 0.908498
95.395395 -0.666080 -0.279203 -0.558302 0.912863
95.495495 -0.650765 -0.363710 -0.532811 0.916334
95.595596 -0.628449 -0.444274 -0.501593 0.918653
95.695696 -0.599281 -0.519964 -0.464909 0.919587
95.795796 -0.563548 -0.589928 -0.423136 0.919046
95.895896 -0.521648 -0.653406 -0.376737 0.917054
95.995996 -0.474005 -0.709652 -0.326196 0.913614
96.096096 -0.421043 -0.757893 -0.272000 0.908660
96.196196 -0.363248 -0.797388 -0.214690 0.902147
96.296296 -0.301184 -0.827452 -0.154863 0.894075
96.396396 -0.235495 -0.847490 -0.093182 0.884523
96.496496 -0.166872 -0.856867 -0.030354 0.873492
96.596597 -0.096068 -0.854902 0.032850 0.860909
96.696697 -0.023960 -0.841102 0.095575 0.846854
96.796797 0.048464 -0.815081 0.156885 0.831455
96.896897 0.120113 -0.776529 0.215754 0.814846
96.996997 0.189766 -0.725305 0.271071 0.797219
97.097097 0.256074 -0.661450 0.321632 0.778805
97.197197 0.317549 -0.585230 0.366138 0.759861
97.297297 0.372551 -0.497184 0.403196 0.740644
97.397397 0.419406 -0.398348 0.431448 0.721617
97.497497 0.456447 -0.290270 0.449615 0.703387
97.597598 0.482038 -0.174982 0.456513 0.686573
97.697698 0.494706 -0.055074 0.451183 0.671813
97.797798 0.493196 0.066341 0.432931 0.659600
97.897898 0.476699 0.185678 0.401533 0.650344
97.997998 0.445112 0.299082 0.357432 0.644463
98.098098 0.399073 0.402728 0.301732 0.642255
98.198198 0.339809 0.492969 0.236042 0.643587
98.298298 0.269235 0.566770 0.162499 0.648167
98.398398 0.189862 0.622018 0.083650 0.655707
98.498498 0.104479 0.657567 0.002155 0.665819
98.598599 0.015921 0.673071 -0.079398 0.677925
98.698699 -0.073101 0.668844 -0.158621 0.691272
98.798799 -0.160081 0.645946 -0.233414 0.705233
98.898899 -0.242858 0.606078 -0.302078 0.719418
98.998999 -0.319642 0.551261 -0.363287 0.733510
99.099099 -0.388949 0.483563 -0.416001 0.747108
99.199199 -0.449673 0.405199 -0.459536 0.759978
99.299299 -0.500939 0.318334 -0.493408 0.771834
99.399399 -0.542111 0.225066 -0.517340 0.782419
99.499499 -0.572845 0.127481 -0.531314 0.791642
99.599600 -0.592946 0.027549 -0.535427 0.799391
99.699700 -0.602374 -0.072860 -0.529906 0.805582
99.799800 -0.601266 -0.171975 -0.515118 0.810211
99.899900 -0.589803 -0.268101 -0.491463 0.813192
100.000000 -0.568200 -0.359591 -0.459363 0.814353
