0.000000 -0.616569 -0.263028 0.675888 0.951927
0.100100 -0.535056 -0.348960 0.704986 0.951348
0.200200 -0.447688 -0.431035 0.726333 0.955916
0.300300 -0.355491 -0.508416 0.739802 0.965488
0.400400 -0.259578 -0.580436 0.745492 0.979819
0.500501 -0.161080 -0.646614 0.743697 0.998570
0.600601 -0.061079 -0.706673 0.734878 1.021354
0.700701 0.039439 -0.760517 0.719611 1.047751
0.800801 0.139612 -0.808125 0.698456 1.077218
0.900901 0.238706 -0.849591 0.672006 1.109224
1.001001 0.336132 -0.885179 0.640918 1.143373
1.101101 0.431440 -0.915236 0.605838 1.179337
1.201201 0.524269 -0.940077 0.567317 1.216738
1.301301 0.614335 -0.959997 0.525840 1.255193
1.401401 0.701412 -0.975278 0.481836 1.294338
1.501502 0.785365 -0.986242 0.435712 1.333910
1.601602 0.866116 -0.993213 0.387838 1.373699
1.701702 0.943588 -0.996447 0.338520 1.413457
1.801802 1.017736 -0.996194 0.288032 1.452980
1.901902 1.088567 -0.992716 0.236626 1.492131
2.002002 1.156092 -0.986244 0.184523 1.530776
2.102102 1.220381 -0.977031 0.131922 1.568860
2.202202 1.281513 -0.965311 0.078999 1.606344
2.302302 1.339589 -0.951306 0.025905 1.643214
2.402402 1.394753 -0.935251 -0.027228 1.679516
2.502503 1.447122 -0.917339 -0.080289 1.715261
2.602603 1.496835 -0.897761 -0.133186 1.750493
2.702703 1.544029 -0.876688 -0.185842 1.785257
2.802803 1.588794 -0.854254 -0.238190 1.819546
2.902903 1.631193 -0.830563 -0.290166 1.853327
3.003003 1.671293 -0.805718 -0.341718 1.886577
3.103103 1.709145 -0.779806 -0.392795 1.919261
3.203203 1.744811 -0.752911 -0.443354 1.951359
3.303303 1.778411 -0.725140 -0.493373 1.982925
3.403403 1.810065 -0.696591 -0.542837 2.014012
3.503504 1.839866 -0.667344 -0.591731 2.044652
3.603604 1.867895 -0.637469 -0.640041 2.074861
3.703704 1.894222 -0.607027 -0.687752 2.104652
3.803804 1.918922 -0.576079 -0.734859 2.134044
3.903904 1.942071 -0.544680 -0.781358 2.163062
4.004004 1.963738 -0.512880 -0.827246 2.191723
4.104104 1.983984 -0.480723 -0.872521 2.220041
4.204204 2.002848 -0.448245 -0.917174 2.248006
4.304304 2.020341 -0.415475 -0.961186 2.275582
4.404404 2.036511 -0.382447 -1.004554 2.302774
4.504505 2.051405 -0.349194 -1.047279 2.329590
4.604605 2.065034 -0.315739 -1.089344 2.355998
4.704705 2.077415 -0.282108 -1.130737 2.381975
4.804805 2.088572 -0.248325 -1.171450 2.407507
4.904905 2.098549 -0.214415 -1.211487 2.432608
5.005005 2.107399 -0.180404 -1.250860 2.457300
5.105105 2.115168 -0.146314 -1.289578 2.481604
5.205205 2.121903 -0.112167 -1.327652 2.505537
5.305305 2.127640 -0.077981 -1.365087 2.529109
5.405405 2.132398 -0.043774 -1.401881 2.552314
5.505506 2.136202 -0.009560 -1.438033 2.575148
5.605606 2.139089 0.024643 -1.473554 2.597628
5.705706 2.141091 0.058822 -1.508453 2.619764
5.805806 2.142224 0.092963 -1.542725 2.641547
5.905906 2.142477 0.127052 -1.576350 2.662936
6.006006 2.141849 0.161075 -1.609312 2.683906
6.106106 2.140347 0.195017 -1.641604 2.704437
6.206206 2.137976 0.228866 -1.673215 2.724512
6.306306 2.134770 0.262612 -1.704159 2.744151
6.406406 2.130779 0.296247 -1.734462 2.763393
6.506507 2.126066 0.329767 -1.764164 2.782297
6.606607 2.120677 0.363168 -1.793291 2.800902
6.706707 2.114628 0.396441 -1.821844 2.819208
6.806807 2.107933 0.429579 -1.849828 2.837213
6.906907 2.100613 0.462575 -1.877249 2.854928
7.007007 2.092678 0.495420 -1.904105 2.872343
7.107107 2.084127 0.528105 -1.930386 2.889442
7.207207 2.074980 0.560624 -1.956101 2.906230
7.307307 2.065252 0.592971 -1.981254 2.922713
7.407407 2.054963 0.625142 -2.005853 2.938898
7.507508 2.044140 0.657136 -2.029917 2.954809
7.607608 2.032789 0.688944 -2.053441 2.970437
7.707708 2.020919 0.720561 -2.076425 2.985777
7.807808 2.008554 0.751986 -2.098886 3.000849
7.907908 1.995700 0.783213 -2.120822 3.015647
8.008008 1.982355 0.814231 -2.142219 3.030150
8.108108 1.968526 0.845034 -2.163078 3.044352
8.208208 1.954220 0.875617 -2.183397 3.058251
8.308308 1.939438 0.905970 -2.203168 3.071832
8.408408 1.924197 0.936093 -2.222402 3.085106
8.508509 1.908519 0.965987 -2.241115 3.098091
8.608609 1.892407 0.995645 -2.259303 3.110782
8.708709 1.875860 1.025056 -2.276954 3.123157
8.808809 1.858868 1.054208 -2.294049 3.135188
8.908909 1.841436 1.083093 -2.310584 3.146867
9.009009 1.823575 1.111709 -2.326565 3.158200
9.109109 1.805298 1.140054 -2.341997 3.169192
9.209209 1.786615 1.168125 -2.356885 3.179846
9.309309 1.767540 1.195921 -2.371239 3.190172
9.409409 1.748102 1.223454 -2.385088 3.200210
9.509510 1.728316 1.250726 -2.398444 3.209973
9.609610 1.708184 1.277729 -2.411303 3.219451
9.709710 1.687708 1.304455 -2.423657 3.228633
9.809810 1.666876 1.330888 -2.435482 3.237486
9.909910 1.645679 1.357010 -2.446754 3.245973
10.010010 1.624123 1.382817 -2.457475 3.254096
10.110110 1.602224 1.408311 -2.467655 3.261868
10.210210 1.579977 1.433481 -2.477282 3.269269
10.310310 1.557370 1.458302 -2.486322 3.276255
10.410410 1.534403 1.482767 -2.494769 3.282813
10.510511 1.511091 1.506878 -2.502635 3.288960
10.610611 1.487439 1.530628 -2.509917 3.294690
10.710711 1.463449 1.554008 -2.516606 3.299989
10.810811 1.439126 1.577014 -2.522703 3.304858
10.910911 1.414482 1.599645 -2.528213 3.309303
11.011011 1.389529 1.621904 -2.533150 3.313339
11.111111 1.364283 1.643800 -2.537532 3.316989
11.211211 1.338759 1.665336 -2.541372 3.320270
11.311311 1.312959 1.686505 -2.544665 3.323174
11.411411 1.286888 1.707301 -2.547408 3.325695
11.511512 1.260556 1.727727 -2.549611 3.327846
11.611612 1.233975 1.747786 -2.551286 3.329641
11.711712 1.207151 1.767475 -2.552433 3.331080
11.811812 1.180088 1.786788 -2.553049 3.332158
11.911912 1.152801 1.805733 -2.553151 3.332897
12.012012 1.125306 1.824326 -2.552769 3.333333
12.112112 1.097618 1.842578 -2.551919 3.333489
12.212212 1.069748 1.860496 -2.550620 3.333387
12.312312 1.041703 1.878079 -2.548872 3.333028
12.412412 1.013490 1.895330 -2.546685 3.332423
12.512513 0.985129 1.912271 -2.544094 3.331617
12.612613 0.956633 1.928918 -2.541123 3.330642
12.712713 0.928001 1.945260 -2.537760 3.329481
12.812813 0.899231 1.961274 -2.533982 3.328104
12.912913 0.870324 1.976958 -2.529787 3.326507
13.013013 0.841282 1.992296 -2.525161 3.324671
13.113113 0.812101 2.007269 -2.520083 3.322568
13.213213 0.782782 2.021860 -2.514536 3.320174
13.313313 0.753328 2.036063 -2.508516 3.317485
13.413413 0.723745 2.049876 -2.502028 3.314505
13.513514 0.694042 2.063305 -2.495081 3.311247
13.613614 0.664224 2.076346 -2.487675 3.307708
13.713714 0.634292 2.088982 -2.479795 3.303869
13.813814 0.604247 2.101196 -2.471423 3.299708
13.913914 0.574089 2.112967 -2.462541 3.295196
14.014014 0.543823 2.124285 -2.453141 3.290323
14.114114 0.513455 2.135147 -2.443223 3.285092
14.214214 0.482991 2.145546 -2.432787 3.279497
14.314314 0.452434 2.155470 -2.421822 3.273525
14.414414 0.421790 2.164907 -2.410319 3.267165
14.514515 0.391066 2.173864 -2.398292 3.260433
14.614615 0.360273 2.182352 -2.385757 3.253351
14.714715 0.329415 2.190358 -2.372705 3.245907
14.814815 0.298495 2.197865 -2.359122 3.238081
14.914915 0.267520 2.204856 -2.344996 3.229855
15.015015 0.236495 2.211323 -2.330321 3.221222
15.115115 0.205429 2.217266 -2.315103 3.212191
15.215215 0.174328 2.222687 -2.299350 3.202771
15.315315 0.143200 2.227591 -2.283071 3.192974
15.415415 0.112052 2.231966 -2.266261 3.182793
15.515516 0.080892 2.235820 -2.248930 3.172243
15.615616 0.049728 2.239172 -2.231103 3.161358
15.715716 0.018566 2.242031 -2.212795 3.150161
15.815816 -0.012586 2.244395 -2.194007 3.138652
15.915916 -0.043721 2.246268 -2.174749 3.126846
16.016016 -0.074834 2.247664 -2.155038 3.114768
16.116116 -0.105917 2.248571 -2.134868 3.102410
16.216216 -0.136962 2.248968 -2.114223 3.089750
16.316316 -0.167962 2.248853 -2.093104 3.076790
16.416416 -0.198911 2.248239 -2.071531 3.063558
16.516517 -0.229805 2.247141 -2.049522 3.050081
16.616617 -0.260634 2.245550 -2.027072 3.036354
16.716717 -0.291388 2.243431 -2.004154 3.022338
16.816817 -0.322057 2.240756 -1.980749 3.008002
16.916917 -0.352633 2.237527 -1.956864 2.993358
17.017017 -0.383110 2.233758 -1.932515 2.978433
17.117117 -0.413482 2.229454 -1.907712 2.963241
17.217217 -0.443739 2.224607 -1.882454 2.947781
17.317317 -0.473874 2.219213 -1.856742 2.932056
17.417417 -0.503878 2.213265 -1.830576 2.916067
17.517518 -0.533745 2.206776 -1.803971 2.899838
17.617618 -0.563471 2.199760 -1.776945 2.883397
17.717718 -0.593045 2.192204 -1.749491 2.866736
17.817818 -0.622451 2.184080 -1.721593 2.849831
17.917918 -0.651677 2.175369 -1.693242 2.832663
18.018018 -0.680710 2.166056 -1.664432 2.815226
18.118118 -0.709541 2.156146 -1.635172 2.797535
18.218218 -0.738164 2.145648 -1.605475 2.779612
18.318318 -0.766566 2.134544 -1.575334 2.761445
18.418418 -0.794730 2.122816 -1.544742 2.743022
18.518519 -0.822634 2.110430 -1.513681 2.724311
18.618619 -0.850258 2.097361 -1.482139 2.705291
18.718719 -0.877594 2.083616 -1.450128 2.685982
18.818819 -0.904627 2.069185 -1.417650 2.666385
18.918919 -0.931335 2.054043 -1.384693 2.646479
19.019019 -0.957701 2.038175 -1.351257 2.626261
19.119119 -0.983716 2.021592 -1.317356 2.605755
19.219219 -1.009367 2.004290 -1.282997 2.584972
19.319319 -1.034624 1.986234 -1.248164 2.563881
19.419419 -1.059455 1.967388 -1.212845 2.542450
19.519520 -1.083845 1.947747 -1.177045 2.520689
19.619620 -1.107780 1.927317 -1.140778 2.498620
19.719720 -1.131238 1.906082 -1.104045 2.476240
19.819820 -1.154200 1.884036 -1.066852 2.453557
19.919920 -1.176652 1.861181 -1.029210 2.430592
20.020020 -1.198575 1.837514 -0.991130 2.407359
20.120120 -1.219959 1.813042 -0.952626 2.383887
20.220220 -1.240786 1.787767 -0.913710 2.360197
20.320320 -1.261043 1.761691 -0.874396 2.336311
20.420420 -1.280714 1.734819 -0.834697 2.312259
20.520521 -1.299764 1.707128 -0.794614 2.288031
20.620621 -1.318135 1.678565 -0.754136 2.263577
20.720721 -1.335760 1.649074 -0.713253 2.238846
20.820821 -1.352587 1.618618 -0.671964 2.213809
20.920921 -1.368562 1.587162 -0.630270 2.188443
21.021021 -1.383620 1.554662 -0.588174 2.162713
21.121121 -1.397674 1.521054 -0.545671 2.136552
21.221221 -1.410665 1.486308 -0.502771 2.109944
21.321321 -1.422563 1.450430 -0.459500 2.082925
21.421421 -1.433307 1.413394 -0.415875 2.055482
21.521522 -1.442828 1.375170 -0.371913 2.027601
21.621622 -1.451070 1.335746 -0.327639 1.999292
21.721722 -1.457985 1.295118 -0.283083 1.970581
21.821822 -1.463511 1.253274 -0.238276 1.941478
21.921922 -1.467569 1.210190 -0.193246 1.911979
22.022022 -1.470106 1.165871 -0.148034 1.882122
22.122122 -1.471047 1.120303 -0.102678 1.851918
22.222222 -1.470297 1.073464 -0.057222 1.821366
22.322322 -1.467758 1.025337 -0.011713 1.790466
22.422422 -1.463368 0.975934 0.033794 1.759271
22.522523 -1.457070 0.925277 0.079240 1.727851
22.622623 -1.448731 0.873340 0.124558 1.696190
22.722723 -1.438212 0.820107 0.169670 1.664277
22.822823 -1.425358 0.765560 0.214490 1.632095
22.922923 -1.410048 0.709712 0.258924 1.599678
23.023023 -1.392212 0.652610 0.302876 1.567127
23.123123 -1.371772 0.594305 0.346244 1.534549
23.223223 -1.348614 0.534840 0.388908 1.502019
23.323323 -1.322604 0.474263 0.430732 1.469604
23.423423 -1.293588 0.412627 0.471558 1.437359
23.523524 -1.261363 0.349988 0.511195 1.405294
23.623624 -1.225650 0.286401 0.549398 1.373346
23.723724 -1.186105 0.221941 0.585861 1.341393
23.823824 -1.142505 0.156743 0.620301 1.309450
23.923924 -1.094686 0.090989 0.652428 1.277607
24.024024 -1.042500 0.024895 0.681930 1.245976
24.124124 -0.985836 -0.041281 0.708479 1.214710
24.224224 -0.924577 -0.107238 0.731699 1.183945
24.324324 -0.858605 -0.172619 0.751160 1.153794
24.424424 -0.787809 -0.236999 0.766370 1.124338
24.524525 -0.712226 -0.299906 0.776892 1.095797
24.624625 -0.631978 -0.360811 0.782288 1.068436
24.724725 -0.547221 -0.419098 0.782059 1.042453
24.824825 -0.458223 -0.474086 0.775719 1.018070
24.924925 -0.365384 -0.525038 0.762817 0.995520
25.025025 -0.269230 -0.571150 0.742919 0.975000
25.125125 -0.170448 -0.611583 0.715666 0.956694
25.225225 -0.069913 -0.645575 0.680905 0.940896
25.325325 0.031354 -0.672443 0.638658 0.927926
25.425425 0.132218 -0.691513 0.589029 0.917947
25.525526 0.231470 -0.702314 0.532379 0.911181
25.625626 0.327868 -0.704556 0.469263 0.907802
25.725726 0.420177 -0.698072 0.400355 0.907820
25.825826 0.507241 -0.682920 0.326494 0.911192
25.925926 0.588006 -0.659325 0.248616 0.917753
26.026026 0.661586 -0.627701 0.167727 0.927274
26.126126 0.727291 -0.588630 0.084865 0.939489
26.226226 0.784654 -0.542826 0.001048 0.954120
26.326326 0.833497 -0.491143 -0.082765 0.970973
26.426426 0.873874 -0.434487 -0.165723 0.989898
26.526527 0.906067 -0.373773 -0.247118 1.010807
26.626627 0.930418 -0.309839 -0.326358 1.033532
26.726727 0.947239 -0.243413 -0.402942 1.057769
26.826827 0.956898 -0.175163 -0.476464 1.083214
26.926927 0.959846 -0.105698 -0.546631 1.109631
27.027027 0.956567 -0.035564 -0.613235 1.136812
27.127127 0.947518 0.034767 -0.676124 1.164535
27.227227 0.933230 0.104891 -0.735258 1.192697
27.327327 0.914258 0.174471 -0.790686 1.221267
27.427427 0.891081 0.243229 -0.842458 1.250169
27.527528 0.864120 0.310934 -0.890632 1.279300
27.627628 0.833760 0.377396 -0.935283 1.308564
27.727728 0.800342 0.442449 -0.976480 1.337842
27.827828 0.764210 0.505979 -1.014343 1.367085
27.927928 0.725685 0.567898 -1.049005 1.396259
28.028028 0.684993 0.628092 -1.080504 1.425203
28.128128 0.642340 0.686457 -1.108881 1.453768
28.228228 0.597952 0.742936 -1.134231 1.481884
28.328328 0.552008 0.797445 -1.156594 1.509417
28.428428 0.504677 0.849909 -1.176009 1.536243
28.528529 0.456121 0.900266 -1.192527 1.562257
28.628629 0.406506 0.948486 -1.206230 1.587408
28.728729 0.356001 0.994575 -1.217238 1.611702
28.828829 0.304747 1.038509 -1.225626 1.635094
28.928929 0.252878 1.080271 -1.231464 1.657539
29.029029 0.200525 1.119872 -1.234854 1.679043
29.129129 0.147806 1.157321 -1.235884 1.699603
29.229229 0.094831 1.192605 -1.234616 1.719179
29.329329 0.041703 1.225720 -1.231116 1.737750
29.429429 -0.011478 1.256702 -1.225486 1.755348
29.529530 -0.064623 1.285603 -1.217839 1.772028
29.629630 -0.117647 1.312479 -1.208287 1.787848
29.729730 -0.170475 1.337369 -1.196918 1.802839
29.829830 -0.223036 1.360302 -1.183809 1.817022
29.929930 -0.275260 1.381286 -1.169017 1.830388
30.030030 -0.327072 1.400295 -1.152565 1.842880
30.130130 -0.378406 1.417325 -1.134497 1.854477
30.230230 -0.429194 1.432379 -1.114857 1.865160
30.330330 -0.479365 1.445432 -1.093672 1.874882
30.430430 -0.528858 1.456489 -1.070988 1.883631
30.530531 -0.577609 1.465549 -1.046847 1.891389
30.630631 -0.625549 1.472595 -1.021280 1.898120
30.730731 -0.672606 1.477602 -0.994309 1.903774
30.830831 -0.718709 1.480549 -0.965963 1.908312
30.930931 -0.763804 1.481454 -0.936297 1.911742
31.031031 -0.807832 1.480321 -0.905353 1.914056
31.131131 -0.850723 1.477136 -0.873166 1.915223
31.231231 -0.892413 1.471895 -0.839775 1.915228
31.331331 -0.932841 1.464599 -0.805223 1.914060
31.431431 -0.971949 1.455258 -0.769557 1.911721
31.531532 -1.009696 1.443904 -0.732839 1.908245
31.631632 -1.046046 1.430575 -0.695130 1.903670
31.731732 -1.080961 1.415308 -0.656490 1.898039
31.831832 -1.114389 1.398118 -0.616971 1.891362
31.931932 -1.146293 1.379036 -0.576628 1.883673
32.032032 -1.176652 1.358117 -0.535529 1.875042
32.132132 -1.205427 1.335391 -0.493730 1.865500
32.232232 -1.232562 1.310868 -0.451279 1.855057
32.332332 -1.257984 1.284544 -0.408220 1.843698
32.432432 -1.281622 1.256417 -0.364602 1.831412
32.532533 -1.303368 1.226455 -0.320464 1.818146
32.632633 -1.323143 1.194657 -0.275860 1.803888
32.732733 -1.340935 1.161086 -0.230860 1.788721
32.832833 -1.356702 1.125780 -0.185530 1.772693
32.932933 -1.370382 1.088760 -0.139931 1.755826
33.033033 -1.381899 1.050039 -0.094129 1.738128
33.133133 -1.391175 1.009633 -0.048191 1.719608
33.233233 -1.398150 0.967575 -0.002191 1.700303
33.333333 -1.402766 0.923900 0.043796 1.680256
33.433433 -1.404949 0.878641 0.089691 1.659499
33.533534 -1.404556 0.831788 0.135403 1.637982
33.633634 -1.401436 0.783337 0.180836 1.615655
33.733734 -1.395487 0.733322 0.225888 1.592536
33.833834 -1.386604 0.681783 0.270447 1.568643
33.933934 -1.374688 0.628769 0.314398 1.544008
34.034034 -1.359590 0.574318 0.357604 1.518620
34.134134 -1.341126 0.518462 0.399907 1.492430
34.234234 -1.319145 0.461265 0.441144 1.465440
34.334334 -1.293471 0.402795 0.481128 1.437635
34.434434 -1.263961 0.343149 0.519667 1.409043
34.534535 -1.230493 0.282447 0.556559 1.379728
34.634635 -1.192909 0.220821 0.591571 1.349722
34.734735 -1.151098 0.158431 0.624467 1.319123
34.834835 -1.104968 0.095468 0.655000 1.288058
34.934935 -1.054421 0.032145 0.682892 1.256654
35.035035 -0.999390 -0.031291 0.707859 1.225082
35.135135 -0.939792 -0.094560 0.729566 1.193490
35.235235 -0.875517 -0.157331 0.747616 1.161986
35.335335 -0.806516 -0.219224 0.761602 1.130736
35.435435 -0.732811 -0.279807 0.771116 1.099965
35.535536 -0.654457 -0.338579 0.775701 1.069888
35.635636 -0.571531 -0.394943 0.774827 1.040665
35.735736 -0.484225 -0.448234 0.767968 1.012503
35.835836 -0.392887 -0.497735 0.754659 0.985703
35.935936 -0.298032 -0.542716 0.734530 0.960676
36.036036 -0.200337 -0.582437 0.707315 0.937903
36.136136 -0.100605 -0.616101 0.672776 0.917785
36.236236 0.000205 -0.642888 0.630758 0.900645
36.336336 0.100973 -0.662046 0.581283 0.886787
36.436436 0.200453 -0.672992 0.524620 0.876542
36.536537 0.297339 -0.675340 0.461277 0.870213
36.636637 0.390300 -0.668845 0.391917 0.867921
36.736737 0.478046 -0.653465 0.317370 0.869637
36.836837 0.559472 -0.629477 0.238658 0.875333
36.936937 0.633749 -0.597468 0.156919 0.885002
37.037037 0.700294 -0.558190 0.073284 0.898531
37.137137 0.758753 -0.512481 -0.011181 0.915680
37.237237 0.808922 -0.461191 -0.095507 0.936041
37.337337 0.850674 -0.405119 -0.178824 0.959034
37.437437 0.884168 -0.345126 -0.260392 0.984209
37.537538 0.909738 -0.282053 -0.339614 1.011195
37.637638 0.927804 -0.216667 -0.416022 1.039634
37.737738 0.938811 -0.149647 -0.489250 1.069170
37.837838 0.943158 -0.081580 -0.558992 1.099398
37.937938 0.941389 -0.012998 -0.625096 1.130101
38.038038 0.934169 0.055645 -0.687567 1.161257
38.138138 0.922083 0.123983 -0.746441 1.192805
38.238238 0.905537 0.191702 -0.801686 1.224519
38.338338 0.884895 0.258535 -0.853286 1.256175
38.438438 0.860584 0.324277 -0.901330 1.287694
38.538539 0.833029 0.388777 -0.945957 1.319060
38.638639 0.802606 0.451917 -0.987306 1.350251
38.738739 0.769657 0.513611 -1.025525 1.381257
38.838839 0.734517 0.573820 -1.060801 1.412120
38.938939 0.697459 0.632503 -1.093280 1.442834
39.039039 0.658707 0.689622 -1.123076 1.473354
39.139139 0.618455 0.745139 -1.150285 1.503621
39.239239 0.576861 0.799004 -1.174963 1.533530
39.339339 0.534090 0.851205 -1.197210 1.563047
39.439439 0.490311 0.901758 -1.217156 1.592181
39.539540 0.445667 0.950679 -1.234916 1.620934
39.639640 0.400283 0.997971 -1.250576 1.649277
39.739740 0.354266 1.043630 -1.264203 1.677164
39.839840 0.307717 1.087658 -1.275870 1.704563
39.939940 0.260721 1.130035 -1.285614 1.731404
40.040040 0.213362 1.170749 -1.293480 1.757631
40.140140 0.165720 1.209809 -1.299532 1.783223
40.240240 0.117874 1.247241 -1.303847 1.808182
40.340340 0.069893 1.283036 -1.306463 1.832461
40.440440 0.021839 1.317188 -1.307419 1.856018
40.540541 -0.026223 1.349739 -1.306797 1.878883
40.640641 -0.074238 1.380728 -1.304674 1.901078
40.740741 -0.122156 1.410206 -1.301136 1.922643
40.840841 -0.169929 1.438212 -1.296251 1.943604
40.940941 -0.217511 1.464746 -1.290049 1.963929
41.041041 -0.264856 1.489792 -1.282549 1.983572
41.141141 -0.311923 1.513363 -1.273790 2.002524
41.241241 -0.358675 1.535484 -1.263820 2.020791
41.341341 -0.405074 1.556157 -1.252670 2.038355
41.441441 -0.451091 1.575426 -1.240399 2.055247
41.541542 -0.496698 1.593315 -1.227053 2.071478
41.641642 -0.541864 1.609835 -1.212662 2.087040
41.741742 -0.586568 1.625031 -1.197284 2.101970
41.841842 -0.630793 1.638938 -1.180967 2.116294
41.941942 -0.674510 1.651566 -1.163739 2.130005
42.042042 -0.717697 1.662932 -1.145631 2.143106
42.142142 -0.760344 1.673080 -1.126693 2.155633
42.242242 -0.802441 1.682050 -1.106973 2.167624
42.342342 -0.843972 1.689865 -1.086502 2.179086
42.442442 -0.884932 1.696566 -1.065324 2.190059
42.542543 -0.925320 1.702197 -1.043485 2.200580
42.642643 -0.965106 1.706749 -1.020994 2.210622
42.742743 -1.004287 1.710255 -0.997887 2.220212
42.842843 -1.042887 1.712795 -0.974226 2.229438
42.942943 -1.080907 1.714408 -0.950048 2.238336
43.043043 -1.118323 1.715085 -0.925361 2.246877
43.143143 -1.155102 1.714808 -0.900169 2.255024
43.243243 -1.191230 1.713586 -0.874491 2.262773
43.343343 -1.226685 1.711418 -0.848339 2.270107
43.443443 -1.261446 1.708301 -0.821728 2.277010
43.543544 -1.295487 1.704228 -0.794666 2.283457
43.643644 -1.328781 1.699193 -0.767166 2.289423
43.743744 -1.361328 1.693221 -0.739253 2.294931
43.843844 -1.393148 1.686363 -0.710962 2.300032
43.943944 -1.424266 1.678672 -0.682331 2.304788
44.044044 -1.454682 1.670173 -0.653381 2.309218
44.144144 -1.484362 1.660845 -0.624118 2.313279
44.244244 -1.513280 1.650682 -0.594550 2.316949
44.344344 -1.541453 1.639722 -0.564706 2.320271
44.444444 -1.568872 1.627977 -0.534601 2.323245
44.544545 -1.595503 1.615430 -0.504244 2.325834
44.644645 -1.621321 1.602077 -0.473646 2.328019
44.744745 -1.646307 1.587915 -0.442820 2.329783
44.844845 -1.670435 1.572942 -0.411777 2.331107
44.944945 -1.693701 1.557172 -0.380537 2.331999
45.045045 -1.716099 1.540619 -0.349117 2.332463
45.145145 -1.737600 1.523275 -0.317528 2.332476
45.245245 -1.758210 1.505165 -0.285791 2.332059
45.345345 -1.777926 1.486303 -0.253922 2.331222
45.445445 -1.796723 1.466688 -0.221936 2.329945
45.545546 -1.814625 1.446355 -0.189853 2.328272
45.645646 -1.831665 1.425349 -0.157693 2.326259
45.745746 -1.847836 1.403680 -0.125472 2.323910
45.845846 -1.863155 1.381378 -0.093205 2.321258
45.945946 -1.877635 1.358467 -0.060911 2.318330
46.046046 -1.891240 1.334936 -0.028600 2.315094
46.146146 -1.903954 1.310789 0.003710 2.311541
46.246246 -1.915753 1.286026 0.036006 2.307654
46.346346 -1.926615 1.260647 0.068272 2.303418
46.446446 -1.936547 1.234672 0.100492 2.298854
46.546547 -1.945538 1.208110 0.132651 2.293958
46.646647 -1.953565 1.180962 0.164731 2.288717
46.746747 -1.960605 1.153230 0.196716 2.283113
46.846847 -1.966635 1.124916 0.228587 2.277135
46.946947 -1.971642 1.096030 0.260327 2.270776
47.047047 -1.975623 1.066587 0.291919 2.264048
47.147147 -1.978561 1.036592 0.323344 2.256940
47.247247 -1.980449 1.006060 0.354586 2.249460
47.347347 -1.981309 0.975018 0.385632 2.241642
47.447447 -1.981139 0.943482 0.416465 2.233498
47.547548 -1.979940 0.911468 0.447070 2.225041
47.647648 -1.977726 0.878999 0.477433 2.216299
47.747748 -1.974522 0.846102 0.507545 2.207312
47.847848 -1.970332 0.812795 0.537392 2.198098
47.947948 -1.965119 0.779078 0.566948 2.188626
48.048048 -1.958812 0.744941 0.596175 2.178832
48.148148 -1.951326 0.710367 0.625032 2.168631
48.248248 -1.942626 0.675364 0.653487 2.157998
48.348348 -1.932700 0.639947 0.681518 2.146935
48.448448 -1.921491 0.604119 0.709084 2.135389
48.548549 -1.908957 0.567886 0.736148 2.123329
48.648649 -1.895088 0.531268 0.762685 2.110756
48.748749 -1.879851 0.494280 0.788660 2.097651
48.848849 -1.863231 0.456941 0.814041 2.084007
48.948949 -1.845231 0.419276 0.838807 2.069847
49.049049 -1.825822 0.381304 0.862920 2.055152
49.149149 -1.805003 0.343051 0.886354 2.039937
49.249249 -1.782779 0.304543 0.909085 2.024224
49.349349 -1.759114 0.265803 0.931068 2.007990
49.449449 -1.733971 0.226853 0.952255 1.991207
49.549550 -1.707319 0.187720 0.972601 1.973861
49.649650 -1.679148 0.148433 0.992067 1.955957
49.749750 -1.649434 0.109023 1.010608 1.937485
49.849850 -1.618187 0.069527 1.028196 1.918476
49.949950 -1.585439 0.029980 1.044817 1.898988
50.050050 -1.551194 -0.009581 1.060437 1.879048
50.150150 -1.515450 -0.049117 1.075017 1.858672
50.250250 -1.478164 -0.088588 1.088488 1.837831
50.350350 -1.439290 -0.127948 1.100774 1.816489
50.450450 -1.398797 -0.167148 1.111806 1.794626
50.550551 -1.356684 -0.206139 1.121536 1.772266
50.650651 -1.312944 -0.244865 1.129903 1.749418
50.750751 -1.267532 -0.283262 1.136814 1.726042
50.850851 -1.220438 -0.321265 1.142198 1.702144
50.950951 -1.171638 -0.358800 1.145968 1.677712
51.051051 -1.121105 -0.395785 1.148024 1.652720
51.151151 -1.068825 -0.432133 1.148272 1.627161
51.251251 -1.014790 -0.467750 1.146612 1.601034
51.351351 -0.959016 -0.502544 1.142967 1.574369
51.451451 -0.901543 -0.536424 1.137273 1.547230
51.551552 -0.842397 -0.569285 1.129446 1.519660
51.651652 -0.781620 -0.601017 1.119406 1.491718
51.751752 -0.719246 -0.631492 1.107050 1.463440
51.851852 -0.655279 -0.660537 1.092212 1.434791
51.951952 -0.589728 -0.687949 1.074697 1.405712
52.052052 -0.522633 -0.713524 1.054334 1.376184
52.152152 -0.454094 -0.737085 1.031016 1.346287
52.252252 -0.384210 -0.758410 1.004592 1.316057
52.352352 -0.313101 -0.777261 0.974910 1.285541
52.452452 -0.240924 -0.793388 0.941832 1.254813
52.552553 -0.167855 -0.806477 0.905168 1.223892
52.652653 -0.094116 -0.816220 0.864766 1.192851
52.752753 -0.019983 -0.822280 0.820483 1.161781
52.852853 0.054220 -0.824241 0.772130 1.130707
52.952953 0.128087 -0.821574 0.719464 1.099554
53.053053 0.201124 -0.813775 0.662323 1.068341
53.153153 0.272751 -0.800403 0.600668 1.037227
53.253253 0.342305 -0.781034 0.534533 1.006436
53.353353 0.409038 -0.755305 0.464068 0.976298
53.453453 0.472102 -0.722865 0.389503 0.947167
53.553554 0.530509 -0.683353 0.311153 0.919362
53.653654 0.583208 -0.636538 0.229505 0.893301
53.753754 0.629070 -0.582311 0.145215 0.869427
53.853854 0.666865 -0.520662 0.059107 0.848111
53.953954 0.695314 -0.451761 -0.027785 0.829651
54.054054 0.713182 -0.376027 -0.114214 0.814291
54.154154 0.719433 -0.294206 -0.198744 0.802272
54.254254 0.713311 -0.207360 -0.279822 0.793796
54.354354 0.694529 -0.116862 -0.355906 0.789111
54.454454 0.663255 -0.024289 -0.425563 0.788417
54.554555 0.620070 0.068699 -0.487555 0.791781
54.654655 0.565974 0.160458 -0.540950 0.799188
54.754755 0.502233 0.249464 -0.585107 0.810444
54.854855 0.430246 0.334354 -0.619637 0.825139
54.954955 0.351566 0.414028 -0.644515 0.842862
55.055055 0.267781 0.487669 -0.660012 0.863217
55.155155 0.180363 0.554661 -0.666523 0.885682
55.255255 0.090680 0.614657 -0.664635 0.909816
55.355355 -0.000037 0.667558 -0.655083 0.935290
55.455455 -0.090743 0.713438 -0.638647 0.961820
55.555556 -0.180586 0.752596 -0.616201 0.989301
55.655656 -0.268879 0.785359 -0.588528 1.017571
55.755756 -0.355041 0.811945 -0.556238 1.046284
55.855856 -0.438648 0.832715 -0.519972 1.075266
55.955956 -0.519434 0.848158 -0.480388 1.104516
56.056056 -0.597200 0.858693 -0.438036 1.133965
56.156156 -0.671791 0.864688 -0.393379 1.163501
56.256256 -0.743052 0.866421 -0.346796 1.192929
56.356356 -0.810883 0.864175 -0.298632 1.222092
56.456456 -0.875314 0.858325 -0.249234 1.251005
56.556557 -0.936397 0.849210 -0.198901 1.279671
56.656657 -0.994130 0.837075 -0.147876 1.307997
56.756757 -1.048559 0.822177 -0.096375 1.335941
56.856857 -1.099796 0.804791 -0.044598 1.363535
56.956957 -1.147916 0.785142 0.007290 1.390760
57.057057 -1.192956 0.763401 0.059142 1.417541
57.157157 -1.234973 0.739743 0.110828 1.443836
57.257257 -1.274030 0.714327 0.162234 1.469604
57.357357 -1.310127 0.687267 0.213247 1.494738
57.457457 -1.343309 0.658693 0.263771 1.519187
57.557558 -1.373647 0.628739 0.313722 1.542933
57.657658 -1.401217 0.597532 0.363027 1.565964
57.757758 -1.426116 0.565201 0.411626 1.588300
57.857858 -1.448452 0.531868 0.459472 1.609972
57.957958 -1.468311 0.497640 0.506517 1.630994
58.058058 -1.485766 0.462611 0.552720 1.651366
58.158158 -1.500879 0.426866 0.598038 1.671078
58.258258 -1.513663 0.390474 0.642414 1.690071
58.358358 -1.524148 0.353502 0.685800 1.708307
58.458458 -1.532397 0.316025 0.728167 1.725787
58.558559 -1.538467 0.278113 0.769485 1.742508
58.658659 -1.542428 0.239834 0.809735 1.758486
58.758759 -1.544332 0.201248 0.848890 1.773718
58.858859 -1.544229 0.162415 0.886929 1.788201
58.958959 -1.542209 0.123394 0.923854 1.801982
59.059059 -1.538308 0.084236 0.959638 1.815046
59.159159 -1.532556 0.044992 0.994254 1.827373
59.259259 -1.524993 0.005708 1.027680 1.838957
59.359359 -1.515655 -0.033568 1.059896 1.849788
59.459459 -1.504614 -0.072792 1.090908 1.859904
59.559560 -1.491906 -0.111920 1.120696 1.869296
59.659660 -1.477561 -0.150912 1.149241 1.877955
59.759760 -1.461644 -0.189727 1.176547 1.885911
59.859860 -1.444232 -0.228334 1.202636 1.893218
59.959960 -1.425401 -0.266702 1.227529 1.899928
60.060060 -1.405232 -0.304804 1.251255 1.906102
60.160160 -1.383814 -0.342619 1.273853 1.911814
60.260260 -1.361175 -0.380116 1.295311 1.917060
60.360360 -1.337340 -0.417263 1.315615 1.921830
60.460460 -1.312345 -0.454031 1.334762 1.926131
60.560561 -1.286218 -0.490391 1.352740 1.929960
60.660661 -1.258997 -0.526316 1.369552 1.933328
60.760761 -1.230725 -0.561785 1.385203 1.936252
60.860861 -1.201424 -0.596765 1.399678 1.938723
60.960961 -1.171107 -0.631222 1.412950 1.940712
61.061061 -1.139809 -0.665132 1.425021 1.942227
61.161161 -1.107552 -0.698462 1.435873 1.943258
61.261261 -1.074381 -0.731197 1.445522 1.943831
61.361361 -1.040373 -0.763340 1.454023 1.944028
61.461461 -1.005567 -0.794878 1.461390 1.943877
61.561562 -0.970009 -0.825799 1.467641 1.943407
61.661662 -0.933732 -0.856085 1.472782 1.942633
61.761762 -0.896757 -0.885707 1.476799 1.941542
61.861862 -0.859107 -0.914637 1.479679 1.940122
61.961962 -0.820783 -0.942823 1.481372 1.938314
62.062062 -0.781787 -0.970211 1.481827 1.936055
62.162162 -0.742150 -0.996774 1.481037 1.933343
62.262262 -0.701917 -1.022507 1.479031 1.930218
62.362362 -0.661124 -1.047394 1.475814 1.926693
62.462462 -0.619805 -1.071414 1.471389 1.922777
62.562563 -0.577994 -1.094546 1.465760 1.918478
62.662663 -0.535724 -1.116772 1.458930 1.913807
62.762763 -0.493031 -1.138075 1.450909 1.908777
62.862863 -0.449956 -1.158452 1.441721 1.903426
62.962963 -0.406538 -1.177897 1.431383 1.897781
63.063063 -0.362810 -1.196391 1.419905 1.891854
63.163163 -0.318811 -1.213929 1.407303 1.885673
63.263263 -0.274572 -1.230485 1.393575 1.879238
63.363363 -0.230127 -1.246038 1.378724 1.872552
63.463463 -0.185509 -1.260558 1.362742 1.865606
63.563564 -0.140753 -1.274027 1.345634 1.858410
63.663664 -0.095896 -1.286420 1.327403 1.850965
63.763764 -0.050972 -1.297680 1.308014 1.843223
63.863864 -0.006018 -1.307757 1.287443 1.835150
63.963964 0.038925 -1.316638 1.265707 1.826763
64.064064 0.083817 -1.324327 1.242836 1.818106
64.164164 0.128614 -1.330799 1.218833 1.809177
64.264264 0.173277 -1.336031 1.193707 1.799984
64.364364 0.217763 -1.340036 1.167494 1.790575
64.464464 0.262034 -1.342807 1.140218 1.780980
64.564565 0.306043 -1.344322 1.111886 1.771201
64.664665 0.349741 -1.344542 1.082493 1.761222
64.764765 0.393071 -1.343409 1.052022 1.751001
64.864865 0.435973 -1.340867 1.020459 1.740498
64.964965 0.478375 -1.336839 0.987776 1.729648
65.065065 0.520219 -1.331295 0.953983 1.718446
65.165165 0.561439 -1.324196 0.919088 1.706878
65.265265 0.601957 -1.315481 0.883081 1.694896
65.365365 0.641700 -1.305106 0.845971 1.682482
65.465465 0.680575 -1.293000 0.807750 1.669578
65.565566 0.718496 -1.279111 0.768427 1.656152
65.665666 0.755368 -1.263386 0.728012 1.642171
65.765766 0.791118 -1.245812 0.686543 1.627654
65.865866 0.825677 -1.226388 0.644065 1.612634
65.965966 0.858915 -1.205029 0.600584 1.597038
66.066066 0.890696 -1.181652 0.556108 1.580790
66.166166 0.920899 -1.156203 0.510670 1.563856
66.266266 0.949411 -1.128654 0.464317 1.546231
66.366366 0.976099 -1.098960 0.417093 1.527890
66.466466 1.000831 -1.067085 0.369055 1.508819
66.566567 1.023488 -1.033018 0.320272 1.489036
66.666667 1.043906 -0.996712 0.270809 1.468507
66.766767 1.061935 -0.958146 0.220745 1.447231
66.866867 1.077433 -0.917314 0.170175 1.425232
66.966967 1.090206 -0.874182 0.119193 1.402480
67.067067 1.100101 -0.828762 0.067915 1.379015
67.167167 1.106976 -0.781086 0.016470 1.354903
67.267267 1.110600 -0.731134 -0.035005 1.330118
67.367367 1.110764 -0.678924 -0.086353 1.304680
67.467467 1.107366 -0.624554 -0.137407 1.278752
67.567568 1.100257 -0.568110 -0.187981 1.252458
67.667668 1.089214 -0.509654 -0.237864 1.225852
67.767768 1.073975 -0.449254 -0.286812 1.198963
67.867868 1.054275 -0.387009 -0.334549 1.171834
67.967968 1.029893 -0.323064 -0.380780 1.144571
68.068068 1.000465 -0.257561 -0.425123 1.117138
68.168168 0.965641 -0.190690 -0.467151 1.089520
68.268268 0.925161 -0.122726 -0.506420 1.061813
68.368368 0.878793 -0.054005 -0.542442 1.034136
68.468468 0.826333 0.015063 -0.574676 1.006630
68.568569 0.767532 0.083985 -0.602471 0.979352
68.668669 0.702181 0.152155 -0.625091 0.952338
68.768769 0.630282 0.218874 -0.641849 0.925814
68.868869 0.552048 0.283353 -0.652117 0.900168
68.968969 0.467787 0.344692 -0.655219 0.875756
69.069069 0.377970 0.401881 -0.650485 0.852936
69.169169 0.283276 0.453813 -0.637287 0.832061
69.269269 0.184634 0.499326 -0.615115 0.813500
69.369369 0.083258 0.537315 -0.583706 0.797717
69.469469 -0.019407 0.566646 -0.542928 0.785007
69.569570 -0.121695 0.586233 -0.492843 0.775482
69.669670 -0.221742 0.595222 -0.433877 0.769226
69.769770 -0.317569 0.592988 -0.366755 0.766155
69.869870 -0.407263 0.579352 -0.292600 0.766242
69.969970 -0.489024 0.554478 -0.212791 0.769331
70.070070 -0.561149 0.518714 -0.128824 0.774950
70.170170 -0.622246 0.472780 -0.042350 0.782626
70.270270 -0.671362 0.417760 0.044923 0.792003
70.370370 -0.707907 0.354934 0.131339 0.802720
70.470470 -0.731562 0.285661 0.215348 0.814346
70.570571 -0.742384 0.211389 0.295567 0.826547
70.670671 -0.740726 0.133576 0.370806 0.839056
70.770771 -0.727103 0.053619 0.440041 0.851581
70.870871 -0.702184 -0.027156 0.502425 0.863847
70.970971 -0.666780 -0.107511 0.557292 0.875630
71.071071 -0.621819 -0.186309 0.604157 0.886778
71.171171 -0.568277 -0.262515 0.642664 0.897145
71.271271 -0.507107 -0.335174 0.672520 0.906522
71.371371 -0.439302 -0.403422 0.693553 0.914741
71.471471 -0.365916 -0.466513 0.705744 0.921739
71.571572 -0.288016 -0.523815 0.709195 0.927519
71.671672 -0.206637 -0.574735 0.704026 0.932025
71.771772 -0.122784 -0.618692 0.690347 0.935113
71.871872 -0.037488 -0.655263 0.668442 0.936798
71.971972 0.048223 -0.684227 0.638791 0.937308
72.072072 0.133367 -0.705448 0.601926 0.936888
72.172172 0.217000 -0.718800 0.558362 0.935698
72.272272 0.298193 -0.724147 0.508596 0.933798
72.372372 0.376099 -0.721555 0.453266 0.931420
72.472472 0.449922 -0.711178 0.393062 0.928817
72.572573 0.518898 -0.693171 0.328655 0.926151
72.672673 0.582282 -0.667729 0.260742 0.923526
72.772773 0.639366 -0.635091 0.190034 0.921001
72.872873 0.689494 -0.595573 0.117288 0.918621
72.972973 0.732040 -0.549530 0.043276 0.916372
73.073073 0.766493 -0.497436 -0.031191 0.914290
73.173173 0.792411 -0.439825 -0.105288 0.912385
73.273273 0.809507 -0.377338 -0.178194 0.910735
73.373373 0.817594 -0.310672 -0.249095 0.909410
73.473473 0.816481 -0.240533 -0.317171 0.908347
73.573574 0.806148 -0.167698 -0.381647 0.907552
73.673674 0.786797 -0.093005 -0.441835 0.907149
73.773774 0.758736 -0.017303 -0.497112 0.907249
73.873874 0.722352 0.058568 -0.546916 0.907932
73.973974 0.678031 0.133772 -0.590686 0.909137
74.074074 0.626205 0.207469 -0.627894 0.910729
74.174174 0.567441 0.278842 -0.658119 0.912613
74.274274 0.502370 0.347084 -0.680999 0.914660
74.374374 0.431744 0.411460 -0.696320 0.916823
74.474474 0.356386 0.471287 -0.703972 0.919075
74.574575 0.277178 0.525984 -0.703980 0.921452
74.674675 0.195033 0.575050 -0.696472 0.924010
74.774775 0.110840 0.617995 -0.681570 0.926682
74.874875 0.025492 0.654341 -0.659410 0.929319
74.974975 -0.060104 0.683722 -0.630246 0.931825
75.075075 -0.145059 0.706027 -0.594572 0.934362
75.175175 -0.228548 0.721286 -0.552977 0.937162
75.275275 -0.309784 0.729505 -0.506000 0.940308
75.375375 -0.387994 0.730652 -0.454133 0.943731
75.475475 -0.462442 0.724753 -0.397902 0.947336
75.575576 -0.532456 0.711941 -0.337889 0.951072
75.675676 -0.597465 0.692464 -0.274727 0.954958
75.775776 -0.656980 0.666644 -0.209064 0.959033
75.875876 -0.710604 0.634869 -0.141547 0.963355
75.975976 -0.758067 0.597607 -0.072822 0.968041
76.076076 -0.799042 0.555255 -0.003497 0.973031
76.176176 -0.833104 0.508122 0.065837 0.978052
76.276276 -0.860005 0.456638 0.134587 0.982975
76.376376 -0.879577 0.401284 0.202171 0.987703
76.476476 -0.891658 0.342530 0.268014 0.992075
76.576577 -0.896229 0.280910 0.331583 0.996035
76.676677 -0.893456 0.217002 0.392419 0.999673
76.776777 -0.883564 0.151384 0.450112 1.003097
76.876877 -0.866721 0.084593 0.504245 1.006293
76.976977 -0.843155 0.017163 0.554449 1.009266
77.077077 -0.813081 -0.050377 0.600353 1.011960
77.177177 -0.776686 -0.117505 0.641569 1.014229
77.277277 -0.734297 -0.183706 0.677813 1.016056
77.377377 -0.686316 -0.248485 0.708874 1.017486
77.477477 -0.633202 -0.311383 0.734611 1.018606
77.577578 -0.575438 -0.371970 0.754929 1.019513
77.677678 -0.513480 -0.429816 0.769715 1.020228
77.777778 -0.447754 -0.484472 0.778818 1.020664
77.877878 -0.378732 -0.535526 0.782153 1.020779
77.977978 -0.306968 -0.582661 0.779784 1.020679
78.078078 -0.233025 -0.625607 0.771829 1.020492
78.178178 -0.157446 -0.664089 0.758383 1.020269
78.278278 -0.080763 -0.697801 0.739509 1.019962
78.378378 -0.003520 -0.726467 0.715303 1.019522
78.478478 0.073724 -0.749871 0.685933 1.018943
78.578579 0.150404 -0.767786 0.651558 1.018157
78.678679 0.225951 -0.780029 0.612384 1.017111
78.778779 0.299825 -0.786567 0.568745 1.015900
78.878879 0.371497 -0.787383 0.520984 1.014596
78.978979 0.440431 -0.782445 0.469431 1.013196
79.079079 0.506088 -0.771726 0.414425 1.011649
79.179179 0.567896 -0.755174 0.356303 1.009825
79.279279 0.625331 -0.732837 0.295467 1.007666
79.379379 0.677894 -0.704820 0.232358 1.005138
79.479479 0.725121 -0.671281 0.167445 1.002225
79.579580 0.766620 -0.632463 0.101232 0.998981
79.679680 0.802062 -0.588668 0.034240 0.995493
79.779780 0.831131 -0.540220 -0.033001 0.991819
79.879880 0.853555 -0.487471 -0.099959 0.988016
79.979980 0.869223 -0.430883 -0.166108 0.984277
80.080080 0.878126 -0.370959 -0.230947 0.980843
80.180180 0.880209 -0.308174 -0.293973 0.977834
80.280280 0.875363 -0.242983 -0.354664 0.975237
80.380380 0.863619 -0.175896 -0.412543 0.973124
80.480480 0.845080 -0.107444 -0.467156 0.971565
80.580581 0.819744 -0.038151 -0.517990 0.970437
80.680681 0.787651 0.031435 -0.564533 0.969577
80.780781 0.749086 0.100743 -0.606419 0.969032
80.880881 0.704472 0.169217 -0.643386 0.968948
80.980981 0.654149 0.236294 -0.675115 0.969291
81.081081 0.598450 0.301403 -0.701270 0.969931
81.181181 0.537791 0.363985 -0.721584 0.970766
81.281281 0.472614 0.423475 -0.735803 0.971648
81.381381 0.403424 0.479334 -0.743740 0.972452
81.481481 0.330823 0.531101 -0.745350 0.973170
81.581582 0.255448 0.578364 -0.740660 0.973825
81.681682 0.177924 0.620695 -0.729674 0.974342
81.781782 0.098889 0.657651 -0.712388 0.974567
81.881882 0.019019 0.688897 -0.688935 0.974460
81.981982 -0.060991 0.714155 -0.659511 0.974008
82.082082 -0.140442 0.733155 -0.624323 0.973149
82.182182 -0.218619 0.745636 -0.583600 0.971780
82.282282 -0.294802 0.751391 -0.537629 0.969815
82.382382 -0.368314 0.750390 -0.486839 0.967343
82.482482 -0.438505 0.742671 -0.431704 0.964477
82.582583 -0.504711 0.728243 -0.372686 0.961232
82.682683 -0.566312 0.707201 -0.310299 0.957668
82.782783 -0.622750 0.679742 -0.245111 0.953911
82.882883 -0.673476 0.646076 -0.177703 0.950033
82.982983 -0.717955 0.606443 -0.108671 0.946066
83.083083 -0.755727 0.561168 -0.038648 0.942086
83.183183 -0.786415 0.510655 0.031717 0.938202
83.283283 -0.809719 0.455367 0.101763 0.934537
83.383383 -0.825243 0.395730 0.170807 0.931023
83.483483 -0.832606 0.332200 0.238141 0.927524
83.583584 -0.831611 0.265356 0.303063 0.924034
83.683684 -0.822126 0.195825 0.364871 0.920527
83.783784 -0.804138 0.124290 0.422884 0.917015
83.883884 -0.777722 0.051474 0.476443 0.913510
83.983984 -0.743107 -0.021865 0.524960 0.910093
84.084084 -0.700628 -0.094949 0.567899 0.906865
84.184184 -0.650668 -0.166995 0.604750 0.903869
84.284284 -0.593795 -0.237245 0.635155 0.901277
84.384384 -0.530588 -0.304933 0.658754 0.899147
84.484484 -0.461578 -0.369250 0.675112 0.897316
84.584585 -0.387460 -0.429448 0.683967 0.895746
84.684685 -0.309088 -0.484893 0.685276 0.894572
84.784785 -0.227376 -0.535050 0.679133 0.893980
84.884885 -0.143228 -0.579406 0.665646 0.894041
84.984985 -0.057553 -0.617471 0.644950 0.894731
85.085085 0.028716 -0.648923 0.617363 0.896137
85.185185 0.114663 -0.673576 0.583321 0.898396
85.285285 0.199422 -0.691360 0.543344 0.901649
85.385385 0.282145 -0.702173 0.497905 0.905849
85.485485 0.362028 -0.705964 0.447500 0.910882
85.585586 0.438372 -0.702893 0.392758 0.916781
85.685686 0.510519 -0.693126 0.334289 0.923473
85.785786 0.577869 -0.676873 0.272705 0.930837
85.885886 0.639971 -0.654495 0.208667 0.938865
85.985986 0.696502 -0.626441 0.142831 0.947599
86.086086 0.747132 -0.593100 0.075808 0.956933
86.186186 0.791529 -0.554831 0.008171 0.966655
86.286286 0.829407 -0.512013 -0.059514 0.976532
86.386386 0.860494 -0.465022 -0.126692 0.986279
86.486486 0.884632 -0.414292 -0.192830 0.995688
86.586587 0.901860 -0.360342 -0.257448 1.004727
86.686687 0.912191 -0.303654 -0.320078 1.013286
86.786787 0.915617 -0.244684 -0.380269 1.021190
86.886887 0.912313 -0.183931 -0.437651 1.028438
86.986987 0.902489 -0.121881 -0.491887 1.035033
87.087087 0.886291 -0.058987 -0.542632 1.040885
87.187187 0.863827 0.004303 -0.589522 1.045826
87.287287 0.835280 0.067546 -0.632242 1.049754
87.387387 0.800940 0.130301 -0.670559 1.052679
87.487487 0.761123 0.192145 -0.704271 1.054621
87.587588 0.716188 0.252676 -0.733227 1.055648
87.687688 0.666548 0.311527 -0.757346 1.055892
87.787788 0.612617 0.368348 -0.776566 1.055479
87.887888 0.554718 0.422754 -0.790727 1.054364
87.987988 0.493147 0.474329 -0.799621 1.052414
88.088088 0.428235 0.522652 -0.803061 1.049503
88.188188 0.360362 0.567322 -0.800910 1.045548
88.288288 0.289975 0.607984 -0.793121 1.040563
88.388388 0.217526 0.644261 -0.779633 1.034513
88.488488 0.143495 0.675769 -0.760393 1.027352
88.588589 0.068405 0.702159 -0.735412 1.019086
88.688689 -0.007191 0.723086 -0.704727 1.009725
88.788789 -0.082705 0.738240 -0.668433 0.999320
88.888889 -0.157517 0.747352 -0.626686 0.987969
88.988989 -0.230968 0.750131 -0.579645 0.975721
89.089089 -0.302365 0.746320 -0.527529 0.962656
89.189189 -0.370989 0.735729 -0.470638 0.948909
89.289289 -0.436066 0.718157 -0.409300 0.934574
89.389389 -0.496806 0.693486 -0.343934 0.919799
89.489489 -0.552408 0.661685 -0.275051 0.904784
89.589590 -0.601964 0.622682 -0.203199 0.889598
89.689690 -0.644501 0.576455 -0.129012 0.874257
89.789790 -0.679002 0.523077 -0.053254 0.858772
89.889890 -0.704377 0.462706 0.023185 0.843078
89.989990 -0.719628 0.395717 0.099257 0.827229
90.090090 -0.724001 0.322776 0.173801 0.811522
90.190190 -0.716907 0.244754 0.245562 0.796342
90.290290 -0.697967 0.162716 0.313237 0.782146
90.390390 -0.667051 0.077916 0.375507 0.769437
90.490490 -0.624197 -0.008245 0.431025 0.758600
90.590591 -0.569628 -0.094213 0.478415 0.749822
90.690691 -0.503789 -0.178275 0.516299 0.743068
90.790791 -0.427671 -0.258666 0.543616 0.738464
90.890891 -0.342747 -0.333694 0.559704 0.736271
90.990991 -0.250747 -0.401789 0.564192 0.736628
91.091091 -0.153552 -0.461494 0.556928 0.739408
91.191191 -0.053187 -0.511596 0.538092 0.744380
91.291291 0.048238 -0.551377 0.508409 0.751547
91.391391 0.148713 -0.580478 0.468888 0.760872
91.491491 0.246407 -0.598772 0.420647 0.772132
91.591592 0.339722 -0.606450 0.364956 0.785102
91.691692 0.427341 -0.603978 0.303162 0.799573
91.791792 0.508286 -0.592082 0.236643 0.815424
91.891892 0.581924 -0.571682 0.166729 0.832619
91.991992 0.647809 -0.543679 0.094606 0.850996
92.092092 0.705690 -0.508967 0.021323 0.870345
92.192192 0.755548 -0.468478 -0.052192 0.890532
92.292292 0.797434 -0.423059 -0.125145 0.911340
92.392392 0.831414 -0.373459 -0.196843 0.932452
92.492492 0.857767 -0.320442 -0.266727 0.953725
92.592593 0.876924 -0.264748 -0.334363 0.975134
92.692693 0.889236 -0.207001 -0.399374 0.996539
92.792793 0.895089 -0.147763 -0.461474 1.017830
92.892893 0.894851 -0.087534 -0.520418 1.038872
92.992993 0.888809 -0.026753 -0.575972 1.059454
93.093093 0.877279 0.034178 -0.627954 1.079404
93.193193 0.860595 0.094893 -0.676232 1.098598
93.293293 0.839089 0.155059 -0.720704 1.116928
93.393393 0.813140 0.214388 -0.761345 1.134374
93.493493 0.783202 0.272649 -0.798234 1.151052
93.593594 0.749668 0.329639 -0.831439 1.167028
93.693694 0.712767 0.385126 -0.860889 1.182154
93.793794 0.672711 0.438885 -0.886505 1.196266
93.893894 0.629780 0.490746 -0.908310 1.209331
93.993994 0.584238 0.540546 -0.926324 1.221311
94.094094 0.536304 0.588103 -0.940516 1.232095
94.194194 0.486213 0.633265 -0.950895 1.241624
94.294294 0.434233 0.675934 -0.957548 1.249938
94.394394 0.380618 0.716019 -0.960557 1.257069
94.494494 0.325608 0.753438 -0.960007 1.263053
94.594595 0.269424 0.788086 -0.955940 1.267869
94.694695 0.212271 0.819833 -0.948369 1.271451
94.794795 0.154360 0.848575 -0.937337 1.273777
94.894895 0.095909 0.874232 -0.922911 1.274851
94.994995 0.037128 0.896706 -0.905139 1.274652
95.095095 -0.021768 0.915932 -0.884100 1.273200
95.195195 -0.080568 0.931893 -0.859922 1.270583
95.295295 -0.139061 0.944527 -0.832688 1.266822
95.395395 -0.197024 0.953694 -0.802411 1.261830
95.495495 -0.254218 0.959235 -0.769095 1.255495
95.595596 -0.310379 0.960952 -0.732728 1.247659
95.695696 -0.365223 0.958653 -0.693311 1.238178
95.795796 -0.418469 0.952209 -0.650910 1.226989
95.895896 -0.469840 0.941543 -0.605636 1.214104
95.995996 -0.519039 0.926564 -0.557600 1.199516
96.096096 -0.565723 0.907132 -0.506899 1.183164
96.196196 -0.609527 0.883115 -0.453651 1.164995
96.296296 -0.650065 0.854400 -0.398003 1.144985
96.396396 -0.686946 0.820907 -0.340145 1.123157
96.496496 -0.719701 0.782513 -0.280274 1.099477
96.596597 -0.747770 0.739055 -0.218608 1.073849
96.696697 -0.770603 0.690448 -0.155437 1.046283
96.796797 -0.787599 0.636641 -0.091117 1.016822
96.896897 -0.798081 0.577596 -0.026072 0.985510
96.996997 -0.801307 0.513331 0.039180 0.952437
97.097097 -0.796456 0.443923 0.104007 0.917730
97.197197 -0.782606 0.369534 0.167625 0.881547
97.297297 -0.758712 0.290441 0.229053 0.844076
97.397397 -0.723769 0.207159 0.287105 0.805720
97.497497 -0.676813 0.120488 0.340344 0.767090
97.597598 -0.616906 0.031569 0.387014 0.728937
97.697698 -0.543296 -0.057978 0.425015 0.692220
97.797798 -0.455539 -0.145919 0.451855 0.658013
97.897898 -0.353903 -0.229294 0.464810 0.627592
97.997998 -0.239855 -0.304470 0.461308 0.602526
98.098098 -0.116332 -0.367401 0.439371 0.584434
98.198198 0.012226 -0.414000 0.397995 0.574409
98.298298 0.140146 -0.441075 0.337891 0.573026
98.398398 0.261371 -0.447148 0.261712 0.580302
98.498498 0.370613 -0.432673 0.173489 0.595532
98.598599 0.464013 -0.399661 0.077808 0.617326
98.698699 0.539355 -0.351044 -0.020951 0.643875
98.798799 0.596025 -0.290228 -0.119031 0.673533
98.898899 0.634683 -0.220598 -0.213556 0.705048
98.998999 0.656677 -0.145149 -0.302499 0.737427
99.099099 0.663550 -0.066340 -0.384496 0.769764
99.199199 0.657042 0.013822 -0.458752 0.801467
99.299299 0.638780 0.093738 -0.524805 0.832013
99.399399 0.610273 0.172155 -0.582443 0.860994
99.499499 0.572992 0.248091 -0.631703 0.888211
99.599600 0.528230 0.320781 -0.672708 0.913490
99.699700 0.477148 0.389620 -0.705652 0.936707
99.799800 0.420813 0.454154 -0.730812 0.957823
99.899900 0.360147 0.513987 -0.748424 0.976743
100.000000 0.295954 0.568757 -0.758677 0.993310
