0.000000 -0.239630 -0.251849 -0.892504 0.957817
0.100100 -0.143995 -0.246426 -0.924223 0.967289
0.200200 -0.047264 -0.239041 -0.948554 0.979351
0.300300 0.049777 -0.229829 -0.965609 0.993831
0.400400 0.146402 -0.218943 -0.975599 1.010526
0.500501 0.241968 -0.206554 -0.978859 1.029261
0.600601 0.335914 -0.192834 -0.975781 1.049844
0.700701 0.427748 -0.177939 -0.966717 1.071995
0.800801 0.517059 -0.162024 -0.952073 1.095465
0.900901 0.603547 -0.145248 -0.932329 1.120091
1.001001 0.686971 -0.127756 -0.907937 1.145688
1.101101 0.767160 -0.109681 -0.879347 1.172099
1.201201 0.844031 -0.091149 -0.847022 1.199226
1.301301 0.917526 -0.072268 -0.811375 1.226950
1.401401 0.987579 -0.053131 -0.772744 1.255097
1.501502 1.054168 -0.033821 -0.731460 1.283530
1.601602 1.117295 -0.014414 -0.687828 1.312122
1.701702 1.176986 0.005025 -0.642132 1.340767
1.801802 1.233383 0.024438 -0.594686 1.369482
1.901902 1.286667 0.043779 -0.545787 1.398325
2.002002 1.336978 0.063006 -0.495672 1.427295
2.102102 1.384376 0.082086 -0.444522 1.456309
2.202202 1.428887 0.100983 -0.392490 1.485249
2.302302 1.470558 0.119669 -0.339720 1.514025
2.402402 1.509487 0.138122 -0.286359 1.542605
2.502503 1.545789 0.156325 -0.232540 1.570979
2.602603 1.579582 0.174263 -0.178384 1.599146
2.702703 1.610939 0.191924 -0.123993 1.627063
2.802803 1.639935 0.209293 -0.069460 1.654695
2.902903 1.666719 0.226371 -0.014871 1.682087
3.003003 1.691433 0.243158 0.039697 1.709283
3.103103 1.714169 0.259651 0.094182 1.736279
3.203203 1.734968 0.275842 0.148521 1.763026
3.303303 1.753912 0.291728 0.202664 1.789521
3.403403 1.771111 0.307315 0.256569 1.815793
3.503504 1.786639 0.322603 0.310194 1.841839
3.603604 1.800538 0.337588 0.363499 1.867628
3.703704 1.812835 0.352263 0.416443 1.893115
3.803804 1.823554 0.366622 0.468988 1.918257
3.903904 1.832701 0.380657 0.521091 1.942995
4.004004 1.840294 0.394359 0.572715 1.967283
4.104104 1.846361 0.407726 0.623828 1.991093
4.204204 1.850993 0.420767 0.674420 2.014463
4.304304 1.854294 0.433496 0.724489 2.037452
4.404404 1.856345 0.445924 0.774034 2.060095
4.504505 1.857234 0.458063 0.823057 2.082442
4.604605 1.857035 0.469926 0.871561 2.104526
4.704705 1.855808 0.481519 0.919546 2.126370
4.804805 1.853587 0.492845 0.967001 2.147969
4.904905 1.850383 0.503900 1.013905 2.169294
5.005005 1.846232 0.514688 1.060252 2.190345
5.105105 1.841177 0.525215 1.106043 2.211134
5.205205 1.835246 0.535483 1.151269 2.231656
5.305305 1.828468 0.545494 1.195926 2.251910
5.405405 1.820882 0.555255 1.240015 2.271906
5.505506 1.812507 0.564766 1.283529 2.291635
5.605606 1.803364 0.574028 1.326460 2.311087
5.705706 1.793500 0.583050 1.368821 2.330292
5.805806 1.782965 0.591845 1.410630 2.349281
5.905906 1.771774 0.600412 1.451880 2.368044
6.006006 1.759928 0.608748 1.492554 2.386553
6.106106 1.747429 0.616847 1.532633 2.404781
6.206206 1.734281 0.624708 1.572101 2.422704
6.306306 1.720524 0.632339 1.610977 2.440349
6.406406 1.706181 0.639744 1.649261 2.457720
6.506507 1.691255 0.646920 1.686940 2.474796
6.606607 1.675758 0.653868 1.724008 2.491568
6.706707 1.659713 0.660591 1.760467 2.508042
6.806807 1.643144 0.667095 1.796328 2.524228
6.906907 1.626066 0.673381 1.831588 2.540127
7.007007 1.608492 0.679451 1.866245 2.555732
7.107107 1.590448 0.685312 1.900311 2.571062
7.207207 1.571964 0.690972 1.933807 2.586141
7.307307 1.553061 0.696436 1.966740 2.600978
7.407407 1.533755 0.701708 1.999116 2.615581
7.507508 1.514066 0.706793 2.030946 2.629960
7.607608 1.494016 0.711698 2.062243 2.644134
7.707708 1.473619 0.716425 2.093012 2.658104
7.807808 1.452894 0.720981 2.123266 2.671886
7.907908 1.431858 0.725371 2.153015 2.685489
8.008008 1.410519 0.729594 2.182257 2.698911
8.108108 1.388889 0.733654 2.210997 2.712152
8.208208 1.366990 0.737558 2.239255 2.725237
8.308308 1.344845 0.741318 2.267059 2.738196
8.408408 1.322455 0.744928 2.294393 2.751008
8.508509 1.299818 0.748386 2.321242 2.763652
8.608609 1.276948 0.751696 2.347621 2.776143
8.708709 1.253858 0.754862 2.373537 2.788486
8.808809 1.230550 0.757882 2.398979 2.800668
8.908909 1.207032 0.760759 2.423955 2.812692
9.009009 1.183313 0.763494 2.448465 2.824559
9.109109 1.159398 0.766087 2.472507 2.836262
9.209209 1.135287 0.768534 2.496067 2.847783
9.309309 1.110979 0.770832 2.519127 2.859101
9.409409 1.086488 0.772988 2.541709 2.870235
9.509510 1.061826 0.775005 2.563820 2.881195
9.609610 1.037001 0.776885 2.585469 2.891984
9.709710 1.012023 0.778634 2.606665 2.902613
9.809810 0.986902 0.780255 2.627420 2.913093
9.909910 0.961645 0.781749 2.647737 2.923423
10.010010 0.936249 0.783112 2.667593 2.933578
10.110110 0.910720 0.784344 2.686992 2.943557
10.210210 0.885071 0.785453 2.705956 2.953385
10.310310 0.859309 0.786441 2.724491 2.963065
10.410410 0.833443 0.787313 2.742611 2.972609
10.510511 0.807481 0.788072 2.760322 2.982023
10.610611 0.781426 0.788718 2.777628 2.991308
10.710711 0.755283 0.789252 2.794522 3.000454
10.810811 0.729053 0.789671 2.810999 3.009454
10.910911 0.702741 0.789976 2.827055 3.018302
11.011011 0.676347 0.790162 2.842675 3.026979
11.111111 0.649877 0.790233 2.857868 3.035493
11.211211 0.623335 0.790189 2.872630 3.043838
11.311311 0.596724 0.790027 2.886953 3.052003
11.411411 0.570048 0.789750 2.900839 3.059988
11.511512 0.543313 0.789358 2.914291 3.067795
11.611612 0.516526 0.788857 2.927330 3.075444
11.711712 0.489691 0.788249 2.939957 3.082934
11.811812 0.462810 0.787529 2.952153 3.090243
11.911912 0.435884 0.786692 2.963899 3.097350
12.012012 0.408918 0.785741 2.975201 3.104259
12.112112 0.381916 0.784677 2.986060 3.110970
12.212212 0.354882 0.783500 2.996478 3.117482
12.312312 0.327822 0.782213 3.006464 3.123804
12.412412 0.300739 0.780817 3.016015 3.129930
12.512513 0.273636 0.779307 3.025114 3.135843
12.612613 0.246514 0.777678 3.033739 3.141517
12.712713 0.219378 0.775929 3.041881 3.146940
12.812813 0.192230 0.774057 3.049528 3.152100
12.912913 0.165075 0.772060 3.056670 3.156986
13.013013 0.137918 0.769944 3.063328 3.161616
13.113113 0.110763 0.767713 3.069513 3.166001
13.213213 0.083616 0.765362 3.075206 3.170121
13.313313 0.056478 0.762889 3.080397 3.173962
13.413413 0.029356 0.760297 3.085090 3.177529
13.513514 0.002253 0.757587 3.089295 3.180831
13.613614 -0.024827 0.754758 3.093000 3.183853
13.713714 -0.051878 0.751808 3.096194 3.186585
13.813814 -0.078897 0.748735 3.098869 3.189015
13.913914 -0.105880 0.745542 3.101036 3.191155
14.014014 -0.132822 0.742241 3.102738 3.193047
14.114114 -0.159722 0.738837 3.103993 3.194709
14.214214 -0.186576 0.735332 3.104813 3.196152
14.314314 -0.213381 0.731730 3.105212 3.197390
14.414414 -0.240132 0.728032 3.105184 3.198416
14.514515 -0.266827 0.724234 3.104722 3.199220
14.614615 -0.293460 0.720338 3.103820 3.199797
14.714715 -0.320027 0.716341 3.102472 3.200140
14.814815 -0.346524 0.712242 3.100668 3.200235
14.914915 -0.372945 0.708040 3.098400 3.200077
15.015015 -0.399288 0.703738 3.095683 3.199676
15.115115 -0.425548 0.699335 3.092503 3.199021
15.215215 -0.451722 0.694832 3.088869 3.198117
15.315315 -0.477805 0.690228 3.084775 3.196959
15.415415 -0.503790 0.685522 3.080203 3.195527
15.515516 -0.529676 0.680715 3.075166 3.193834
15.615616 -0.555456 0.675805 3.069653 3.191867
15.715716 -0.581126 0.670794 3.063662 3.189624
15.815816 -0.606682 0.665683 3.057199 3.187108
15.915916 -0.632120 0.660470 3.050253 3.184311
16.016016 -0.657434 0.655157 3.042831 3.181237
16.116116 -0.682625 0.649748 3.034946 3.177900
16.216216 -0.707686 0.644240 3.026588 3.174287
16.316316 -0.732612 0.638636 3.017757 3.170399
16.416416 -0.757405 0.632938 3.008473 3.166257
16.516517 -0.782059 0.627149 2.998736 3.161858
16.616617 -0.806571 0.621268 2.988545 3.157204
16.716717 -0.830938 0.615297 2.977904 3.152295
16.816817 -0.855152 0.609234 2.966802 3.147120
16.916917 -0.879206 0.603077 2.955228 3.141668
17.017017 -0.903092 0.596826 2.943173 3.135928
17.117117 -0.926802 0.590477 2.930623 3.129885
17.217217 -0.950333 0.584033 2.917581 3.123540
17.317317 -0.973678 0.577494 2.904047 3.116896
17.417417 -0.996830 0.570857 2.890008 3.109934
17.517518 -1.019782 0.564124 2.875461 3.102655
17.617618 -1.042534 0.557296 2.860416 3.095067
17.717718 -1.065082 0.550377 2.844884 3.087180
17.817818 -1.087417 0.543363 2.828846 3.078975
17.917918 -1.109519 0.536249 2.812269 3.070416
18.018018 -1.131374 0.529032 2.795127 3.061473
18.118118 -1.152972 0.521709 2.777414 3.052140
18.218218 -1.174320 0.514288 2.759159 3.042445
18.318318 -1.195422 0.506774 2.740387 3.032420
18.418418 -1.216274 0.499168 2.721098 3.022063
18.518519 -1.236860 0.491467 2.701271 3.011350
18.618619 -1.257163 0.483668 2.680884 3.000256
18.718719 -1.277170 0.475768 2.659920 2.988761
18.818819 -1.296868 0.467766 2.638366 2.976852
18.918919 -1.316246 0.459662 2.616215 2.964519
19.019019 -1.335293 0.451455 2.593458 2.951753
19.119119 -1.353998 0.443145 2.570090 2.938546
19.219219 -1.372362 0.434736 2.546123 2.924913
19.319319 -1.390373 0.426227 2.521552 2.910847
19.419419 -1.408016 0.417618 2.496364 2.896334
19.519520 -1.425281 0.408908 2.470552 2.881364
19.619620 -1.442156 0.400098 2.444114 2.865935
19.719720 -1.458643 0.391192 2.417063 2.850064
19.819820 -1.474738 0.382192 2.389410 2.833762
19.919920 -1.490438 0.373101 2.361162 2.817037
20.020020 -1.505723 0.363917 2.332302 2.799870
20.120120 -1.520589 0.354643 2.302837 2.782269
20.220220 -1.535033 0.345281 2.272778 2.764248
20.320320 -1.549035 0.335831 2.242107 2.745785
20.420420 -1.562572 0.326290 2.210806 2.726859
20.520521 -1.575631 0.316659 2.178871 2.707464
20.620621 -1.588210 0.306943 2.146314 2.687618
20.720721 -1.600299 0.297142 2.113137 2.667320
20.820821 -1.611879 0.287256 2.079328 2.646559
20.920921 -1.622934 0.277287 2.044883 2.625329
21.021021 -1.633447 0.267235 2.009795 2.603621
21.121121 -1.643394 0.257100 1.974050 2.581417
21.221221 -1.652776 0.246886 1.937665 2.558743
21.321321 -1.661604 0.236600 1.900671 2.535638
21.421421 -1.669858 0.226241 1.863059 2.512090
21.521522 -1.677500 0.215808 1.824801 2.488067
21.621622 -1.684504 0.205303 1.785888 2.463554
21.721722 -1.690844 0.194726 1.746308 2.438537
21.821822 -1.696491 0.184078 1.706051 2.413002
21.921922 -1.701423 0.173362 1.665110 2.386941
22.022022 -1.705597 0.162577 1.623466 2.360325
22.122122 -1.708978 0.151726 1.581103 2.333134
22.222222 -1.711550 0.140813 1.538028 2.305377
22.322322 -1.713304 0.129840 1.494254 2.277074
22.422422 -1.714215 0.118813 1.449780 2.248224
22.522523 -1.714206 0.107730 1.404565 2.218764
22.622623 -1.713187 0.096593 1.358558 2.188612
22.722723 -1.711090 0.085404 1.311731 2.157722
22.822823 -1.707853 0.074167 1.264066 2.126059
22.922923 -1.703431 0.062886 1.215559 2.093613
23.023023 -1.697765 0.051569 1.166199 2.060360
23.123123 -1.690745 0.040219 1.115945 2.026220
23.223223 -1.682241 0.028842 1.064746 1.991093
23.323323 -1.672142 0.017447 1.012574 1.954909
23.423423 -1.660331 0.006042 0.959399 1.917598
23.523524 -1.646702 -0.005360 0.905209 1.879111
23.623624 -1.631208 -0.016749 0.850028 1.839475
23.723724 -1.613765 -0.028108 0.793868 1.798682
23.823824 -1.594281 -0.039423 0.736739 1.756722
23.923924 -1.572677 -0.050677 0.678665 1.713613
24.024024 -1.548873 -0.061852 0.619677 1.669381
24.124124 -1.522707 -0.072923 0.559781 1.623979
24.224224 -1.493930 -0.083860 0.498963 1.577284
24.324324 -1.462304 -0.094628 0.437230 1.529201
24.424424 -1.427616 -0.105188 0.374620 1.479693
24.524525 -1.389683 -0.115500 0.311196 1.428777
24.624625 -1.348239 -0.125511 0.247027 1.376417
24.724725 -1.302934 -0.135152 0.182191 1.322534
24.824825 -1.253418 -0.144345 0.116808 1.267098
24.924925 -1.199320 -0.153000 0.051043 1.210117
25.025025 -1.140113 -0.160992 -0.014891 1.151520
25.125125 -1.075151 -0.168158 -0.080699 1.091210
25.225225 -1.003676 -0.174292 -0.145960 1.029101
25.325325 -0.924863 -0.179135 -0.210091 0.965194
25.425425 -0.837873 -0.182377 -0.272291 0.899686
25.525526 -0.741723 -0.183603 -0.331425 0.832890
25.625626 -0.635257 -0.182247 -0.385829 0.765264
25.725726 -0.517160 -0.177511 -0.432996 0.697460
25.825826 -0.386375 -0.168356 -0.469280 0.630756
25.925926 -0.242811 -0.153523 -0.489595 0.567653
26.026026 -0.088232 -0.131477 -0.486685 0.511794
26.126126 0.071541 -0.100895 -0.451876 0.468497
26.226226 0.224623 -0.061811 -0.378617 0.444552
26.326326 0.355248 -0.016677 -0.268035 0.445334
26.426426 0.451257 0.030136 -0.131112 0.470884
26.526527 0.509932 0.074567 0.017108 0.515639
26.626627 0.536262 0.114367 0.164649 0.572509
26.726727 0.537653 0.148917 0.304811 0.635733
26.826827 0.520802 0.178457 0.434807 0.701526
26.926927 0.491006 0.203589 0.554106 0.767834
27.027027 0.452038 0.224926 0.663091 0.833439
27.127127 0.406471 0.242981 0.762398 0.897501
27.227227 0.356189 0.258210 0.852834 0.959619
27.327327 0.302569 0.271005 0.935219 1.019620
27.427427 0.246618 0.281690 1.010308 1.077447
27.527528 0.189086 0.290538 1.078792 1.133118
27.627628 0.130535 0.297771 1.141264 1.186672
27.727728 0.071390 0.303576 1.198241 1.238159
27.827828 0.011981 0.308121 1.250229 1.287694
27.927928 -0.047436 0.311532 1.297595 1.335311
28.028028 -0.106657 0.313891 1.340558 1.380941
28.128128 -0.165514 0.315285 1.379381 1.424602
28.228228 -0.223879 0.315809 1.414380 1.466400
28.328328 -0.281653 0.315554 1.445866 1.506463
28.428428 -0.338756 0.314589 1.474077 1.544871
28.528529 -0.395108 0.312963 1.499169 1.581633
28.628629 -0.450642 0.310720 1.521284 1.616766
28.728729 -0.505327 0.307920 1.540647 1.650383
28.828829 -0.559154 0.304621 1.557494 1.682627
28.928929 -0.612106 0.300868 1.571995 1.713582
29.029029 -0.664163 0.296696 1.584284 1.743301
29.129129 -0.715306 0.292136 1.594473 1.771821
29.229229 -0.765522 0.287215 1.602668 1.799184
29.329329 -0.814807 0.281961 1.608985 1.825444
29.429429 -0.863164 0.276403 1.613534 1.850660
29.529530 -0.910591 0.270562 1.616408 1.874875
29.629630 -0.957091 0.264460 1.617694 1.898130
29.729730 -1.002667 0.258117 1.617477 1.920468
29.829830 -1.047313 0.251548 1.615814 1.941905
29.929930 -1.091012 0.244765 1.612743 1.962437
30.030030 -1.133772 0.237783 1.608334 1.982099
30.130130 -1.175620 0.230622 1.602679 2.000962
30.230230 -1.216577 0.223297 1.595858 2.019080
30.330330 -1.256650 0.215821 1.587921 2.036478
30.430430 -1.295854 0.208207 1.578931 2.053195
30.530531 -1.334176 0.200462 1.568910 2.069224
30.630631 -1.371587 0.192591 1.557860 2.084531
30.730731 -1.408104 0.184603 1.545835 2.099152
30.830831 -1.443754 0.176512 1.532897 2.113139
30.930931 -1.478568 0.168328 1.519112 2.126546
31.031031 -1.512590 0.160064 1.504550 2.139443
31.131131 -1.545880 0.151730 1.489297 2.151923
31.231231 -1.578462 0.143337 1.473399 2.164022
31.331331 -1.610329 0.134887 1.456869 2.175734
31.431431 -1.641473 0.126385 1.439720 2.187053
31.531532 -1.671872 0.117835 1.421953 2.197951
31.631632 -1.701518 0.109240 1.403579 2.208423
31.731732 -1.730426 0.100605 1.384630 2.218489
31.831832 -1.758619 0.091937 1.365141 2.228184
31.931932 -1.786116 0.083241 1.345145 2.237534
32.032032 -1.812932 0.074520 1.324668 2.246558
32.132132 -1.839059 0.065780 1.303718 2.255249
32.232232 -1.864489 0.057021 1.282306 2.263599
32.332332 -1.889229 0.048249 1.260449 2.271617
32.432432 -1.913265 0.039467 1.238154 2.279291
32.532533 -1.936577 0.030677 1.215419 2.286594
32.632633 -1.959154 0.021883 1.192254 2.293520
32.732733 -1.980974 0.013087 1.168656 2.300041
32.832833 -2.002034 0.004293 1.144639 2.306156
32.932933 -2.022333 -0.004495 1.120216 2.311868
33.033033 -2.041866 -0.013275 1.095396 2.317172
33.133133 -2.060630 -0.022042 1.070193 2.322067
33.233233 -2.078585 -0.030795 1.044596 2.326509
33.333333 -2.095695 -0.039528 1.018603 2.330462
33.433433 -2.111937 -0.048238 0.992216 2.333902
33.533534 -2.127296 -0.056921 0.965440 2.336815
33.633634 -2.141773 -0.065573 0.938291 2.339205
33.733734 -2.155337 -0.074192 0.910769 2.341043
33.833834 -2.167938 -0.082771 0.882867 2.342277
33.933934 -2.179557 -0.091305 0.854591 2.342889
34.034034 -2.190213 -0.099793 0.825963 2.342905
34.134134 -2.199933 -0.108232 0.797009 2.342359
34.234234 -2.208734 -0.116620 0.767747 2.341269
34.334334 -2.216618 -0.124952 0.738192 2.339644
34.434434 -2.223569 -0.133226 0.708353 2.337471
34.534535 -2.229543 -0.141435 0.678228 2.334707
34.634635 -2.234508 -0.149574 0.647821 2.331324
34.734735 -2.238468 -0.157639 0.617148 2.327329
34.834835 -2.241413 -0.165627 0.586221 2.322718
34.934935 -2.243328 -0.173532 0.555050 2.317480
35.035035 -2.244196 -0.181350 0.523645 2.311603
35.135135 -2.243990 -0.189075 0.492014 2.305064
35.235235 -2.242655 -0.196699 0.460161 2.297812
35.335335 -2.240151 -0.204214 0.428094 2.289813
35.435435 -2.236478 -0.211617 0.395827 2.281073
35.535536 -2.231654 -0.218904 0.363383 2.271618
35.635636 -2.225719 -0.226077 0.330781 2.261493
35.735736 -2.218682 -0.233131 0.298042 2.250717
35.835836 -2.210511 -0.240060 0.265175 2.239264
35.935936 -2.201183 -0.246857 0.232194 2.227119
36.036036 -2.190697 -0.253518 0.199117 2.214289
36.136136 -2.179074 -0.260042 0.165961 2.200802
36.236236 -2.166305 -0.266422 0.132743 2.186660
36.336336 -2.152362 -0.272652 0.099478 2.171842
36.436436 -2.137220 -0.278724 0.066184 2.156334
36.536537 -2.120859 -0.284631 0.032877 2.140126
36.636637 -2.103273 -0.290366 -0.000423 2.123221
36.736737 -2.084456 -0.295926 -0.033697 2.105627
36.836837 -2.064385 -0.301301 -0.066925 2.087330
36.936937 -2.042995 -0.306477 -0.100084 2.068278
37.037037 -2.020250 -0.311444 -0.133150 2.048447
37.137137 -1.996097 -0.316187 -0.166097 2.027798
37.237237 -1.970487 -0.320693 -0.198896 2.006296
37.337337 -1.943395 -0.324950 -0.231518 1.983930
37.437437 -1.914764 -0.328944 -0.263929 1.960659
37.537538 -1.884519 -0.332654 -0.296091 1.936424
37.637638 -1.852600 -0.336061 -0.327961 1.911183
37.737738 -1.818973 -0.339152 -0.359502 1.884921
37.837838 -1.783581 -0.341907 -0.390664 1.857601
37.937938 -1.746363 -0.344304 -0.421398 1.829182
38.038038 -1.707246 -0.346320 -0.451643 1.799613
38.138138 -1.666133 -0.347923 -0.481331 1.768821
38.238238 -1.622941 -0.349085 -0.510387 1.736748
38.338338 -1.577602 -0.349777 -0.538736 1.703352
38.438438 -1.530002 -0.349960 -0.566281 1.668549
38.538539 -1.480023 -0.349591 -0.592913 1.632246
38.638639 -1.427571 -0.348629 -0.618519 1.594386
38.738739 -1.372515 -0.347023 -0.642963 1.554871
38.838839 -1.314747 -0.344722 -0.666099 1.513631
38.938939 -1.254237 -0.341694 -0.687810 1.470697
39.039039 -1.190908 -0.337887 -0.707935 1.426044
39.139139 -1.124639 -0.333236 -0.726271 1.379612
39.239239 -1.055295 -0.327664 -0.742578 1.331328
39.339339 -0.982717 -0.321075 -0.756561 1.281096
39.439439 -0.906731 -0.313361 -0.767871 1.228813
39.539540 -0.827189 -0.304405 -0.776114 1.174418
39.639640 -0.743923 -0.294062 -0.780801 1.117830
39.739740 -0.656681 -0.282131 -0.781242 1.058852
39.839840 -0.565225 -0.268367 -0.776584 0.997288
39.939940 -0.469426 -0.252518 -0.765859 0.933095
40.040040 -0.369251 -0.234281 -0.747860 0.866331
40.140140 -0.264723 -0.213232 -0.720841 0.796969
40.240240 -0.156129 -0.188826 -0.682412 0.725064
40.340340 -0.044359 -0.160395 -0.629356 0.650986
40.440440 0.068494 -0.127157 -0.557298 0.575709
40.540541 0.177859 -0.088326 -0.460459 0.501455
40.640641 0.274296 -0.043605 -0.332310 0.433092
40.740741 0.340268 0.005449 -0.169340 0.380115
40.840841 0.351572 0.053187 0.019045 0.356082
40.940941 0.295179 0.090586 0.203363 0.369721
41.041041 0.186758 0.112403 0.353401 0.415217
41.141141 0.054021 0.120304 0.460363 0.478879
41.241241 -0.083864 0.118454 0.530445 0.549942
41.341341 -0.217728 0.110315 0.572606 0.622457
41.441441 -0.343948 0.098175 0.594144 0.693503
41.541542 -0.461400 0.083494 0.600375 0.761782
41.641642 -0.570014 0.067201 0.595058 0.826756
41.741742 -0.670139 0.049907 0.580876 0.888254
41.841842 -0.762193 0.032016 0.559718 0.946175
41.941942 -0.846667 0.013813 0.533016 1.000571
42.042042 -0.924115 -0.004497 0.501921 1.051634
42.142142 -0.994961 -0.022768 0.467273 1.099458
42.242242 -1.059562 -0.040887 0.429725 1.144119
42.342342 -1.118259 -0.058770 0.389817 1.185713
42.442442 -1.171357 -0.076351 0.347989 1.224338
42.542543 -1.219146 -0.093578 0.304618 1.260106
42.642643 -1.261902 -0.110410 0.260021 1.293135
42.742743 -1.299911 -0.126820 0.214478 1.323576
42.842843 -1.333419 -0.142782 0.168225 1.351552
42.942943 -1.362661 -0.158280 0.121464 1.377190
43.043043 -1.387793 -0.173293 0.074369 1.400547
43.143143 -1.408940 -0.187800 0.027092 1.421659
43.243243 -1.426232 -0.201786 -0.020228 1.440578
43.343343 -1.439734 -0.215228 -0.067463 1.457295
43.443443 -1.449570 -0.228114 -0.114495 1.471869
43.543544 -1.455950 -0.240450 -0.161225 1.484453
43.643644 -1.459018 -0.252230 -0.207556 1.495137
43.743744 -1.458849 -0.263444 -0.253396 1.503946
43.843844 -1.455493 -0.274074 -0.298650 1.510883
43.943944 -1.448978 -0.284101 -0.343225 1.515933
44.044044 -1.439330 -0.293506 -0.387026 1.519080
44.144144 -1.426635 -0.302283 -0.429977 1.520376
44.244244 -1.410967 -0.310421 -0.471999 1.519859
44.344344 -1.392342 -0.317901 -0.512999 1.517513
44.444444 -1.370784 -0.324704 -0.552885 1.513329
44.544545 -1.346287 -0.330801 -0.591552 1.507267
44.644645 -1.318865 -0.336172 -0.628899 1.499310
44.744745 -1.288605 -0.340811 -0.664860 1.489528
44.844845 -1.255550 -0.344701 -0.699341 1.477939
44.944945 -1.219683 -0.347811 -0.732220 1.464496
45.045045 -1.181012 -0.350112 -0.763378 1.449177
45.145145 -1.139540 -0.351573 -0.792686 1.431959
45.245245 -1.095250 -0.352155 -0.819994 1.412790
45.345345 -1.048075 -0.351798 -0.845099 1.391552
45.445445 -0.997960 -0.350444 -0.867789 1.368135
45.545546 -0.944866 -0.348032 -0.887842 1.342446
45.645646 -0.888795 -0.344513 -0.905051 1.314444
45.745746 -0.829750 -0.339827 -0.919178 1.284078
45.845846 -0.767723 -0.333907 -0.929947 1.251276
45.945946 -0.702733 -0.326683 -0.937067 1.215997
46.046046 -0.634751 -0.318052 -0.940130 1.178096
46.146146 -0.563752 -0.307891 -0.938648 1.137397
46.246246 -0.489761 -0.296075 -0.932101 1.093772
46.346346 -0.412819 -0.282449 -0.919835 1.047040
46.446446 -0.333009 -0.266831 -0.901052 0.996990
46.546547 -0.250514 -0.249022 -0.874843 0.943462
46.646647 -0.165627 -0.228777 -0.840045 0.886254
46.746747 -0.078820 -0.205781 -0.795107 0.825078
46.846847 0.009085 -0.179679 -0.738111 0.759721
46.946947 0.096686 -0.150087 -0.666710 0.690201
47.047047 0.181556 -0.116584 -0.577815 0.616786
47.147147 0.259309 -0.078771 -0.467333 0.540228
47.247247 0.321816 -0.036622 -0.330577 0.462804
47.347347 0.354061 0.008559 -0.164418 0.390468
47.447447 0.331541 0.051812 0.024710 0.336474
47.547548 0.232067 0.082420 0.205578 0.320797
47.647648 0.070468 0.091150 0.332173 0.351587
47.747748 -0.108268 0.080720 0.390249 0.412955
47.847848 -0.274387 0.059311 0.396434 0.485763
47.947948 -0.418758 0.032858 0.369802 0.559635
48.048048 -0.541055 0.004556 0.323195 0.630251
48.148148 -0.643436 -0.023961 0.264502 0.696093
48.248248 -0.728457 -0.051850 0.198591 0.756819
48.348348 -0.798542 -0.078685 0.128577 0.812645
48.448448 -0.855639 -0.104240 0.056473 0.863813
48.548549 -0.901344 -0.128404 -0.016374 0.910591
48.648649 -0.936975 -0.151128 -0.089016 0.953250
48.748749 -0.963508 -0.172378 -0.160767 0.991921
48.848849 -0.981826 -0.192151 -0.231120 1.026801
48.948949 -0.992710 -0.210462 -0.299691 1.058103
49.049049 -0.996803 -0.227326 -0.366180 1.085994
49.149149 -0.994638 -0.242753 -0.430335 1.110595
49.249249 -0.986637 -0.256747 -0.491928 1.131974
49.349349 -0.973144 -0.269302 -0.550744 1.150153
49.449449 -0.954463 -0.280413 -0.606585 1.165150
49.549550 -0.930867 -0.290069 -0.659262 1.176979
49.649650 -0.902579 -0.298252 -0.708571 1.185612
49.749750 -0.869852 -0.304958 -0.754354 1.191089
49.849850 -0.832977 -0.310198 -0.796492 1.193512
49.949950 -0.792167 -0.313961 -0.834818 1.192904
50.050050 -0.747546 -0.316201 -0.869075 1.189159
50.150150 -0.699230 -0.316864 -0.898980 1.182155
50.250250 -0.647381 -0.315910 -0.924280 1.171834
50.350350 -0.592175 -0.313303 -0.944724 1.158160
50.450450 -0.533809 -0.309006 -0.960055 1.141115
50.550551 -0.472489 -0.302979 -0.969991 1.120680
50.650651 -0.408414 -0.295163 -0.974181 1.096792
50.750751 -0.341794 -0.285481 -0.972188 1.069333
50.850851 -0.272882 -0.273852 -0.963543 1.038207
50.950951 -0.201977 -0.260181 -0.947693 1.003300
51.051051 -0.129440 -0.244348 -0.923940 0.964431
51.151151 -0.055736 -0.226214 -0.891459 0.921401
51.251251 0.018517 -0.205597 -0.849156 0.873888
51.351351 0.092453 -0.182282 -0.795667 0.821499
51.451451 0.164849 -0.156106 -0.729640 0.764146
51.551552 0.233933 -0.126920 -0.649468 0.701884
51.651652 0.296956 -0.094562 -0.552945 0.634723
51.751752 0.349483 -0.058994 -0.437420 0.562988
51.851852 0.384179 -0.020589 -0.300280 0.488042
51.951952 0.388655 0.019166 -0.140621 0.413756
52.052052 0.343406 0.056011 0.035163 0.349716
52.152152 0.228077 0.080728 0.200922 0.314493
52.252252 0.050951 0.083193 0.310698 0.325654
52.352352 -0.141207 0.064689 0.343396 0.376888
52.452452 -0.312302 0.035026 0.318712 0.447590
52.552553 -0.453693 0.001621 0.262037 0.523931
52.652653 -0.568143 -0.032022 0.189225 0.599682
52.752753 -0.660286 -0.064465 0.108752 0.672280
52.852853 -0.734301 -0.095161 0.025195 0.740870
52.952953 -0.793450 -0.123940 -0.058906 0.805229
53.053053 -0.840263 -0.150794 -0.142100 0.865432
53.153153 -0.876803 -0.175802 -0.223549 0.921772
53.253253 -0.904585 -0.199049 -0.302743 0.974447
53.353353 -0.924798 -0.220624 -0.379380 1.023649
53.453453 -0.938435 -0.240624 -0.453290 1.069594
53.553554 -0.946213 -0.259113 -0.524337 1.112380
53.653654 -0.948701 -0.276144 -0.592417 1.152062
53.753754 -0.946413 -0.291777 -0.657479 1.188743
53.853854 -0.939889 -0.306095 -0.719562 1.222643
53.953954 -0.929618 -0.319184 -0.778738 1.253994
54.054054 -0.915947 -0.331094 -0.835024 1.282905
54.154154 -0.899124 -0.341855 -0.888394 1.309402
54.254254 -0.879406 -0.351505 -0.938862 1.333557
54.354354 -0.857068 -0.360096 -0.986487 1.355504
54.454454 -0.832313 -0.367661 -1.031282 1.375304
54.554555 -0.805324 -0.374227 -1.073262 1.393012
54.654655 -0.776279 -0.379824 -1.112450 1.408694
54.754755 -0.745336 -0.384481 -1.148865 1.422407
54.854855 -0.712648 -0.388223 -1.182535 1.434215
54.954955 -0.678345 -0.391071 -1.213468 1.444158
55.055055 -0.642551 -0.393045 -1.241671 1.452276
55.155155 -0.605368 -0.394153 -1.267123 1.458571
55.255255 -0.566906 -0.394411 -1.289829 1.463079
55.355355 -0.527277 -0.393839 -1.309806 1.465852
55.455455 -0.486554 -0.392429 -1.326984 1.466841
55.555556 -0.444808 -0.390173 -1.341282 1.465990
55.655656 -0.402114 -0.387062 -1.352626 1.463253
55.755756 -0.358537 -0.383074 -1.360889 1.458531
55.855856 -0.314156 -0.378198 -1.365987 1.451774
55.955956 -0.269068 -0.372438 -1.367872 1.442977
56.056056 -0.223368 -0.365792 -1.366487 1.432125
56.156156 -0.177148 -0.358246 -1.361726 1.419162
56.256256 -0.130499 -0.349773 -1.353422 1.403967
56.356356 -0.083526 -0.340352 -1.341435 1.386458
56.456456 -0.036347 -0.329966 -1.325626 1.366559
56.556557 0.010908 -0.318589 -1.305821 1.344167
56.656657 0.058098 -0.306215 -1.281908 1.319254
56.756757 0.105064 -0.292845 -1.253806 1.291831
56.856857 0.151629 -0.278458 -1.221329 1.261814
56.956957 0.197588 -0.263027 -1.184255 1.229099
57.057057 0.242708 -0.246533 -1.142368 1.193603
57.157157 0.286714 -0.228951 -1.095418 1.155234
57.257257 0.329282 -0.210258 -1.043127 1.113890
57.357357 0.370010 -0.190424 -0.985145 1.069429
57.457457 0.408382 -0.169410 -0.921019 1.021642
57.557558 0.443751 -0.147178 -0.850238 0.970300
57.657658 0.475276 -0.123701 -0.772210 0.915149
57.757758 0.501857 -0.098965 -0.686268 0.855931
57.857858 0.522020 -0.072996 -0.591676 0.792410
57.957958 0.533658 -0.045871 -0.487572 0.724308
58.058058 0.533698 -0.017796 -0.373063 0.651403
58.158158 0.517606 0.010752 -0.247544 0.573855
58.258258 0.478358 0.038710 -0.111393 0.492680
58.358358 0.404760 0.063675 0.031887 0.410976
58.458458 0.280946 0.080259 0.169245 0.337662
58.558559 0.096694 0.078458 0.265631 0.293369
58.658659 -0.117226 0.050978 0.273961 0.302317
58.758759 -0.298661 0.007300 0.197925 0.358366
58.858859 -0.425590 -0.038622 0.082044 0.435143
58.958959 -0.507883 -0.080835 -0.043832 0.516140
59.059059 -0.558289 -0.118108 -0.167509 0.594723
59.159159 -0.586171 -0.150678 -0.284681 0.668838
59.259259 -0.597787 -0.179093 -0.394060 0.738042
59.359359 -0.597257 -0.203881 -0.495478 0.802361
59.459459 -0.587517 -0.225527 -0.589267 0.862134
59.559560 -0.570579 -0.244406 -0.675820 0.917620
59.659660 -0.547867 -0.260805 -0.755505 0.969002
59.759760 -0.520470 -0.274963 -0.828686 1.016471
59.859860 -0.489201 -0.287063 -0.895651 1.060148
59.959960 -0.454708 -0.297255 -0.956651 1.100137
60.060060 -0.417551 -0.305690 -1.011981 1.136618
60.160160 -0.378224 -0.312518 -1.061975 1.169834
60.260260 -0.337129 -0.317863 -1.106916 1.199982
60.360360 -0.294595 -0.321825 -1.147026 1.227202
60.460460 -0.250887 -0.324474 -1.182441 1.251557
60.560561 -0.206242 -0.325876 -1.213293 1.273111
60.660661 -0.160880 -0.326100 -1.239745 1.291972
60.760761 -0.114990 -0.325197 -1.261895 1.308188
60.860861 -0.068747 -0.323211 -1.279830 1.321800
60.960961 -0.022311 -0.320181 -1.293611 1.332832
61.061061 0.024165 -0.316125 -1.303232 1.341243
61.161161 0.070536 -0.311077 -1.308743 1.347054
61.261261 0.116659 -0.305073 -1.310219 1.350316
61.361361 0.162388 -0.298126 -1.307621 1.350970
61.461461 0.207573 -0.290240 -1.300891 1.348942
61.561562 0.252062 -0.281429 -1.289994 1.344181
61.661662 0.295703 -0.271711 -1.274917 1.336668
61.761762 0.338356 -0.261117 -1.255713 1.326455
61.861862 0.379864 -0.249670 -1.232382 1.313544
61.961962 0.420063 -0.237387 -1.204906 1.297923
62.062062 0.458789 -0.224296 -1.173304 1.279624
62.162162 0.495841 -0.210408 -1.137507 1.258591
62.262262 0.530964 -0.195722 -1.097372 1.234688
62.362362 0.563884 -0.180243 -1.052760 1.207790
62.462462 0.594294 -0.163980 -1.003536 1.177777
62.562563 0.621852 -0.146947 -0.949565 1.144538
62.662663 0.646168 -0.129165 -0.890712 1.107964
62.762763 0.666767 -0.110656 -0.826803 1.067908
62.862863 0.683094 -0.091454 -0.757662 1.024224
62.962963 0.694436 -0.071602 -0.683060 0.976698
63.063063 0.699874 -0.051158 -0.602721 0.925048
63.163163 0.698268 -0.030218 -0.516391 0.868994
63.263263 0.688139 -0.008930 -0.423844 0.808244
63.363363 0.667487 0.012470 -0.324917 0.742472
63.463463 0.633392 0.033584 -0.219587 0.671217
63.563564 0.581698 0.053717 -0.108355 0.594137
63.663664 0.506365 0.071581 0.006934 0.511446
63.763764 0.398334 0.084646 0.121055 0.424841
63.863864 0.245038 0.087615 0.219469 0.340421
63.963964 0.040313 0.070653 0.265533 0.277713
64.064064 -0.174730 0.026687 0.207242 0.272382
64.164164 -0.321362 -0.029298 0.061402 0.328484
64.264264 -0.389362 -0.079350 -0.104500 0.410876
64.364364 -0.406924 -0.119630 -0.258934 0.496936
64.464464 -0.394960 -0.151442 -0.395445 0.579055
64.564565 -0.365224 -0.176539 -0.514572 0.655240
64.664665 -0.324304 -0.196278 -0.618134 0.725113
64.764765 -0.276145 -0.211661 -0.708001 0.788873
64.864865 -0.223339 -0.223493 -0.785997 0.847125
64.964965 -0.167575 -0.232356 -0.853548 0.900342
65.065065 -0.109985 -0.238666 -0.911714 0.948831
65.165165 -0.051398 -0.242768 -0.961432 0.992940
65.265265 0.007579 -0.244890 -1.003294 1.032776
65.365365 0.066475 -0.245215 -1.037775 1.068422
65.465465 0.124899 -0.243916 -1.065370 1.100049
65.565566 0.182536 -0.241140 -1.086494 1.127802
65.665666 0.239128 -0.237028 -1.101577 1.151884
65.765766 0.294444 -0.231686 -1.110927 1.172405
65.865866 0.348277 -0.225205 -1.114794 1.189445
65.965966 0.400428 -0.217662 -1.113385 1.203056
66.066066 0.450730 -0.209135 -1.106920 1.213328
66.166166 0.499019 -0.199695 -1.095596 1.220339
66.266266 0.545125 -0.189399 -1.079550 1.224117
66.366366 0.588877 -0.178302 -1.058912 1.224689
66.466466 0.630101 -0.166455 -1.033791 1.222071
66.566567 0.668623 -0.153909 -1.004297 1.216288
66.666667 0.704257 -0.140712 -0.970523 1.207349
66.766767 0.736805 -0.126912 -0.932550 1.195256
66.866867 0.766037 -0.112554 -0.890431 1.179978
66.966967 0.791693 -0.097682 -0.844207 1.161467
67.067067 0.813485 -0.082346 -0.793912 1.139664
67.167167 0.831039 -0.066593 -0.739531 1.114436
67.267267 0.843935 -0.050479 -0.681054 1.085638
67.367367 0.851711 -0.034070 -0.618492 1.053140
67.467467 0.853816 -0.017446 -0.551863 1.016788
67.567568 0.849557 -0.000706 -0.481171 0.976357
67.667668 0.838124 0.016028 -0.406469 0.931625
67.767768 0.818612 0.032594 -0.327905 0.882446
67.867868 0.789813 0.048773 -0.245687 0.828581
67.967968 0.750099 0.064260 -0.160151 0.769692
68.068068 0.697267 0.078598 -0.071915 0.705359
68.168168 0.628325 0.091086 0.017841 0.635144
68.268268 0.539239 0.100597 0.106799 0.558842
68.368368 0.424515 0.105220 0.190246 0.476946
68.468468 0.276770 0.101389 0.257795 0.391586
68.568569 0.090569 0.082597 0.285965 0.311129
68.668669 -0.115567 0.040612 0.230737 0.261237
68.768769 -0.266251 -0.018995 0.072405 0.276573
68.868869 -0.315106 -0.072968 -0.120272 0.345082
68.968969 -0.296687 -0.112473 -0.291800 0.431069
69.069069 -0.245576 -0.140111 -0.433325 0.517406
69.169169 -0.179223 -0.159331 -0.549087 0.599170
69.269269 -0.105959 -0.172584 -0.644400 0.675473
69.369369 -0.029927 -0.181452 -0.723380 0.746391
69.469469 0.046687 -0.186970 -0.789027 0.812220
69.569570 0.122647 -0.189864 -0.843598 0.873354
69.669670 0.197232 -0.190648 -0.888787 0.930155
69.769770 0.270016 -0.189712 -0.925941 0.982988
69.869870 0.340715 -0.187332 -0.956036 1.032078
69.969970 0.409176 -0.183739 -0.979923 1.077698
70.070070 0.475341 -0.179132 -0.998377 1.120176
70.170170 0.539161 -0.173656 -1.011969 1.159712
70.270270 0.600586 -0.167424 -1.021127 1.196426
70.370370 0.659604 -0.160534 -1.026245 1.230458
70.470470 0.716198 -0.153067 -1.027646 1.261913
70.570571 0.770309 -0.145081 -1.025533 1.290791
70.670671 0.821925 -0.136636 -1.020141 1.317163
70.770771 0.871058 -0.127790 -1.011713 1.341132
70.870871 0.917715 -0.118590 -1.000451 1.362779
70.970971 0.961927 -0.109084 -0.986563 1.382212
71.071071 1.003668 -0.099308 -0.970180 1.399450
71.171171 1.042909 -0.089293 -0.951417 1.414506
71.271271 1.079679 -0.079076 -0.930436 1.427470
71.371371 1.113970 -0.068685 -0.907353 1.438379
71.471471 1.145753 -0.058148 -0.882263 1.447245
71.571572 1.175040 -0.047493 -0.855283 1.454127
71.671672 1.201812 -0.036744 -0.826505 1.459045
71.771772 1.226006 -0.025924 -0.795986 1.461970
71.871872 1.247603 -0.015057 -0.763813 1.462925
71.971972 1.266567 -0.004166 -0.730058 1.461914
72.072072 1.282823 0.006727 -0.694773 1.458900
72.172172 1.296286 0.017598 -0.658007 1.453836
72.272272 1.306850 0.028422 -0.619798 1.446656
72.372372 1.314392 0.039172 -0.580187 1.437281
72.472472 1.318777 0.049822 -0.539211 1.425624
72.572573 1.319927 0.060342 -0.496943 1.411666
72.672673 1.317735 0.070702 -0.453445 1.395362
72.772773 1.312025 0.080866 -0.408767 1.376604
72.872873 1.302625 0.090795 -0.362969 1.355294
72.972973 1.289385 0.100449 -0.316130 1.331369
73.073073 1.272156 0.109785 -0.268343 1.304777
73.173173 1.250791 0.118757 -0.219714 1.275482
73.273273 1.225127 0.127314 -0.170361 1.243450
73.373373 1.194946 0.135393 -0.120411 1.208605
73.473473 1.160012 0.142925 -0.070015 1.170879
73.573574 1.120015 0.149825 -0.019348 1.130157
73.673674 1.074510 0.155980 0.031378 1.086225
73.773774 1.022989 0.161251 0.081890 1.038852
73.873874 0.964847 0.165469 0.131829 0.987769
73.973974 0.899365 0.168416 0.180719 0.932674
74.074074 0.825711 0.169820 0.227911 0.873259
74.174174 0.742785 0.169300 0.272476 0.809096
74.274274 0.649272 0.166346 0.313070 0.739755
74.374374 0.543525 0.160224 0.347634 0.664786
74.474474 0.423313 0.149783 0.372714 0.583562
74.574575 0.286070 0.133195 0.382314 0.495722
74.674675 0.129968 0.107484 0.365310 0.402363
74.774775 -0.040892 0.067760 0.299446 0.309728
74.874875 -0.192363 0.009715 0.147931 0.242861
74.974975 -0.232301 -0.051491 -0.079273 0.250797
75.075075 -0.148918 -0.087846 -0.274526 0.324434
75.175175 -0.021515 -0.101463 -0.401805 0.414976
75.275275 0.110479 -0.102332 -0.479661 0.502745
75.375375 0.235626 -0.096167 -0.524967 0.583402
75.475475 0.351064 -0.085895 -0.548051 0.656494
75.575576 0.456478 -0.073125 -0.555305 0.722553
75.675676 0.552255 -0.058799 -0.550784 0.782180
75.775776 0.638971 -0.043506 -0.537215 0.835929
75.875876 0.717294 -0.027643 -0.516599 0.884393
75.975976 0.787867 -0.011487 -0.490421 0.928105
76.076076 0.851191 0.004769 -0.459755 0.967432
76.176176 0.907680 0.020980 -0.425426 1.002651
76.276276 0.957726 0.037035 -0.388104 1.034038
76.376376 1.001698 0.052849 -0.348350 1.061857
76.476476 1.039902 0.068351 -0.306619 1.086316
76.576577 1.072592 0.083483 -0.263292 1.107586
76.676677 1.100036 0.098200 -0.218705 1.125857
76.776777 1.122368 0.112453 -0.173132 1.141197
76.876877 1.139701 0.126198 -0.126816 1.153658
76.976977 1.152163 0.139397 -0.079988 1.163318
77.077077 1.159859 0.152012 -0.032858 1.170240
77.177177 1.162926 0.164013 0.014374 1.174523
77.277277 1.161399 0.175359 0.061519 1.176173
77.377377 1.155281 0.186005 0.108391 1.175168
77.477477 1.144567 0.195903 0.154801 1.171484
77.577578 1.129153 0.204988 0.200544 1.165000
77.677678 1.108915 0.213190 0.245398 1.155579
77.777778 1.083787 0.220445 0.289138 1.143150
77.877878 1.053641 0.226670 0.331505 1.127579
77.977978 1.018314 0.231771 0.372207 1.108702
78.078078 0.977709 0.235663 0.410944 1.086429
78.178178 0.931707 0.238245 0.447375 1.060652
78.278278 0.880193 0.239408 0.481119 1.031277
78.378378 0.823105 0.239043 0.511774 0.998276
78.478478 0.760177 0.236971 0.538746 0.961390
78.578579 0.691036 0.232948 0.561260 0.920222
78.678679 0.615392 0.226716 0.578426 0.874463
78.778779 0.532934 0.217955 0.589109 0.823755
78.878879 0.443380 0.206267 0.591845 0.767732
78.978979 0.346501 0.191134 0.584653 0.705984
79.079079 0.242105 0.171790 0.564511 0.637808
79.179179 0.130476 0.147186 0.526986 0.562496
79.279279 0.013283 0.115903 0.465344 0.479745
79.379379 -0.103994 0.075947 0.368372 0.390232
79.479479 -0.203407 0.025412 0.218182 0.299372
79.579580 -0.230641 -0.031054 0.003163 0.232744
79.679680 -0.113968 -0.065958 -0.204910 0.243572
79.779780 0.076823 -0.064014 -0.304394 0.320398
79.879880 0.253532 -0.043792 -0.321387 0.411687
79.979980 0.399933 -0.017582 -0.296885 0.498394
80.080080 0.519081 0.010013 -0.251391 0.576839
80.180180 0.615507 0.037231 -0.194643 0.646623
80.280280 0.692918 0.063323 -0.131782 0.708175
80.380380 0.754274 0.087957 -0.065830 0.762233
80.480480 0.801745 0.110973 0.001339 0.809390
80.580581 0.836956 0.132291 0.068480 0.850109
80.680681 0.861175 0.151866 0.134704 0.884778
80.780781 0.875303 0.169656 0.199324 0.913602
80.880881 0.879979 0.185608 0.261764 0.936661
80.980981 0.875688 0.199660 0.321506 0.953971
81.081081 0.862885 0.211764 0.378091 0.965592
81.181181 0.842013 0.221879 0.431106 0.971632
81.281281 0.813418 0.229950 0.480130 0.972138
81.381381 0.777301 0.235884 0.524672 0.967015
81.481481 0.733905 0.239599 0.564260 0.956250
81.581582 0.683546 0.241030 0.598448 0.939931
81.681682 0.626456 0.240074 0.626691 0.918055
81.781782 0.562759 0.236572 0.648261 0.890453
81.881882 0.492462 0.230275 0.662150 0.856731
81.981982 0.415635 0.220902 0.667166 0.816493
82.082082 0.332377 0.208078 0.661725 0.769188
82.182182 0.242928 0.191333 0.643773 0.714189
82.282282 0.147850 0.170069 0.610555 0.650815
82.382382 0.048284 0.143447 0.558006 0.578169
82.482482 -0.053128 0.110337 0.480029 0.495404
82.582583 -0.149820 0.069246 0.366837 0.402256
82.682683 -0.223058 0.018970 0.202969 0.302177
82.782783 -0.214839 -0.034824 -0.021112 0.218664
82.882883 -0.043746 -0.057957 -0.211807 0.223908
82.982983 0.177780 -0.037379 -0.252574 0.311122
83.083083 0.352310 -0.003093 -0.210963 0.410654
83.183183 0.481690 0.032199 -0.139832 0.502608
83.283283 0.577564 0.065409 -0.058328 0.584175
83.383383 0.647874 0.095779 0.025981 0.655430
83.483483 0.697973 0.123184 0.109573 0.717180
83.583584 0.731721 0.147711 0.190634 0.770438
83.683684 0.751803 0.169482 0.268140 0.815984
83.783784 0.760187 0.188613 0.341465 0.854434
83.883884 0.758421 0.205221 0.410212 0.886337
83.983984 0.747679 0.219394 0.474079 0.912090
84.084084 0.728868 0.231192 0.532799 0.931973
84.184184 0.702691 0.240644 0.586096 0.946146
84.284284 0.669696 0.247752 0.633668 0.954677
84.384384 0.630456 0.252539 0.675289 0.957740
84.484484 0.585448 0.255004 0.710682 0.955430
84.584585 0.535066 0.255114 0.739497 0.947753
84.684685 0.479680 0.252823 0.761332 0.934687
84.784785 0.419638 0.248061 0.775708 0.916163
84.884885 0.355298 0.240736 0.782048 0.892070
84.984985 0.287014 0.230711 0.779595 0.862191
85.085085 0.215206 0.217817 0.767421 0.826253
85.185185 0.140387 0.201821 0.744287 0.783839
85.285285 0.063281 0.182439 0.708630 0.734469
85.385385 -0.015025 0.159338 0.658474 0.677644
85.485485 -0.092797 0.132083 0.591076 0.612722
85.585586 -0.166987 0.100107 0.502396 0.538802
85.685686 -0.231645 0.062783 0.386538 0.454986
85.785786 -0.273806 0.019928 0.235447 0.361666
85.885886 -0.261349 -0.025582 0.042777 0.266059
85.985986 -0.126091 -0.055364 -0.154870 0.207241
86.086086 0.112841 -0.037707 -0.217355 0.247786
86.186186 0.304940 0.004961 -0.151441 0.340511
86.286286 0.430603 0.048020 -0.046530 0.435763
86.386386 0.511417 0.086419 0.064622 0.522677
86.486486 0.562080 0.119836 0.172422 0.600020
86.586587 0.591367 0.148740 0.273848 0.668454
86.686687 0.604740 0.173660 0.367982 0.728889
86.786787 0.605745 0.195035 0.454614 0.782074
86.886887 0.596871 0.213229 0.533833 0.828673
86.986987 0.580024 0.228572 0.605910 0.869367
87.087087 0.556619 0.241324 0.671108 0.904681
87.187187 0.527726 0.251689 0.729656 0.935008
87.287287 0.494208 0.259837 0.781767 0.960685
87.387387 0.456728 0.265889 0.827557 0.981910
87.487487 0.415844 0.269946 0.867122 0.998848
87.587588 0.372082 0.272118 0.900622 1.011738
87.687688 0.325874 0.272482 0.928120 1.020709
87.787788 0.277589 0.271087 0.949613 1.025821
87.887888 0.227595 0.267997 0.965154 1.027202
87.987988 0.176239 0.263269 0.974782 1.024974
88.088088 0.123844 0.256946 0.978485 1.019211
88.188188 0.070720 0.249046 0.976166 1.009914
88.288288 0.017181 0.239571 0.967654 0.997017
88.388388 -0.036437 0.228524 0.952771 0.980471
88.488488 -0.089763 0.215889 0.931251 0.960153
88.588589 -0.142380 0.201642 0.902754 0.935893
88.688689 -0.193798 0.185762 0.866919 0.907532
88.788789 -0.243424 0.168213 0.823265 0.874824
88.888889 -0.290526 0.148961 0.771247 0.837506
88.988989 -0.334155 0.127967 0.710164 0.795216
89.089089 -0.373068 0.105203 0.639206 0.747550
89.189189 -0.405592 0.080676 0.557462 0.694102
89.289289 -0.429209 0.054427 0.463674 0.634174
89.389389 -0.440136 0.026629 0.356425 0.566981
89.489489 -0.432441 -0.002200 0.234485 0.491928
89.589590 -0.395889 -0.030700 0.097642 0.408906
89.689690 -0.312110 -0.055094 -0.049040 0.320707
89.789790 -0.151175 -0.064362 -0.177455 0.241840
89.889890 0.082748 -0.037355 -0.198975 0.218709
89.989990 0.263417 0.017599 -0.076508 0.274866
90.090090 0.342113 0.068432 0.086561 0.359468
90.190190 0.358757 0.107702 0.237394 0.443466
90.290290 0.341929 0.137229 0.367322 0.520262
90.390390 0.306065 0.159251 0.477352 0.588983
90.490490 0.258816 0.175420 0.569912 0.650045
90.590591 0.204611 0.186911 0.647308 0.704137
90.690691 0.146174 0.194552 0.711377 0.751847
90.790791 0.085275 0.198912 0.763447 0.793530
90.890891 0.023175 0.200447 0.804673 0.829587
90.990991 -0.039190 0.199540 0.836083 0.860457
91.091091 -0.101103 0.196464 0.858390 0.886371
91.191191 -0.161980 0.191428 0.872120 0.907455
91.291291 -0.221332 0.184626 0.877785 0.923894
91.391391 -0.278728 0.176222 0.875814 0.935838
91.491491 -0.333741 0.166336 0.866459 0.943293
91.591592 -0.385976 0.155086 0.849971 0.946298
91.691692 -0.435089 0.142600 0.826684 0.945010
91.791792 -0.480693 0.128981 0.796802 0.939466
91.891892 -0.522378 0.114326 0.760485 0.929670
91.991992 -0.559707 0.098733 0.717890 0.915634
92.092092 -0.592093 0.082283 0.669016 0.897177
92.192192 -0.618871 0.065069 0.613866 0.874109
92.292292 -0.639254 0.047197 0.552434 0.846201
92.392392 -0.652219 0.028794 0.484656 0.813087
92.492492 -0.656597 0.010027 0.410562 0.774456
92.592593 -0.650911 -0.008875 0.330252 0.729952
92.692693 -0.633005 -0.027586 0.243840 0.678907
92.792793 -0.599929 -0.045605 0.151711 0.620492
92.892893 -0.547602 -0.062114 0.054903 0.553841
92.992993 -0.469837 -0.075651 -0.044105 0.477928
93.093093 -0.356990 -0.083345 -0.139024 0.392067
93.193193 -0.194695 -0.078853 -0.212069 0.298491
93.293293 0.024223 -0.047834 -0.208775 0.215550
93.393393 0.204040 0.017305 -0.044278 0.209505
93.493493 0.216875 0.072700 0.174479 0.287685
93.593594 0.142116 0.102263 0.337171 0.379920
93.693694 0.041975 0.115296 0.446718 0.463263
93.793794 -0.062610 0.118325 0.517955 0.534975
93.893894 -0.164108 0.114909 0.561159 0.595848
93.993994 -0.259394 0.107040 0.582703 0.646750
94.094094 -0.346961 0.095958 0.586793 0.688415
94.194194 -0.426056 0.082524 0.576523 0.721604
94.294294 -0.496210 0.067362 0.554165 0.746901
94.394394 -0.556996 0.050935 0.521371 0.764635
94.494494 -0.607965 0.033619 0.479425 0.774984
94.594595 -0.648694 0.015745 0.429439 0.778119
94.694695 -0.678677 -0.002379 0.372384 0.774130
94.794795 -0.697199 -0.020451 0.309087 0.762915
94.894895 -0.703413 -0.038149 0.240386 0.744332
94.994995 -0.696192 -0.055104 0.167154 0.718095
95.095095 -0.674043 -0.070859 0.090411 0.683761
95.195195 -0.635012 -0.084817 0.011498 0.640755
95.295295 -0.576425 -0.096128 -0.067632 0.588286
95.395395 -0.494411 -0.103476 -0.143778 0.525187
95.495495 -0.383551 -0.104672 -0.211073 0.450133
95.595596 -0.236487 -0.095671 -0.257147 0.362221
95.695696 -0.047179 -0.068133 -0.251386 0.264694
95.795796 0.147257 -0.008860 -0.119049 0.189567
95.895896 0.169784 0.055689 0.131595 0.221912
95.995996 0.043483 0.080196 0.302678 0.316127
96.096096 -0.103570 0.080171 0.385364 0.407013
96.196196 -0.238406 0.068919 0.415376 0.483864
96.296296 -0.355171 0.052156 0.412727 0.547001
96.396396 -0.453293 0.032574 0.388084 0.597616
96.496496 -0.533465 0.011669 0.347937 0.637009
96.596597 -0.596600 -0.009619 0.296638 0.666347
96.696697 -0.643161 -0.030639 0.237102 0.686158
96.796797 -0.673294 -0.050872 0.171528 0.696660
96.896897 -0.686899 -0.069847 0.101779 0.697903
96.996997 -0.683657 -0.087099 0.029575 0.689818
97.097097 -0.662946 -0.102110 -0.043325 0.672162
97.197197 -0.623941 -0.114287 -0.114959 0.644654
97.297297 -0.565542 -0.122886 -0.182917 0.606958
97.397397 -0.486064 -0.126865 -0.243894 0.558424
97.497497 -0.383072 -0.124630 -0.292761 0.497982
97.597598 -0.253580 -0.113600 -0.320665 0.424304
97.697698 -0.095739 -0.089270 -0.310275 0.336758
97.797798 0.079711 -0.043831 -0.223685 0.241475
97.897898 0.182831 0.024025 -0.004922 0.184469
97.997998 0.072279 0.063484 0.218289 0.238547
98.098098 -0.108351 0.060565 0.308072 0.332139
98.198198 -0.266775 0.041000 0.317452 0.416684
98.298298 -0.392391 0.015849 0.285568 0.485562
98.398398 -0.487091 -0.010695 0.230598 0.539024
98.498498 -0.553572 -0.036668 0.162067 0.577973
98.598599 -0.593870 -0.060925 0.085802 0.603121
98.698699 -0.609344 -0.082637 0.005940 0.614950
98.798799 -0.600737 -0.101076 -0.074128 0.613674
98.898899 -0.568142 -0.115463 -0.151171 0.599141
98.998999 -0.511184 -0.124873 -0.221624 0.570982
99.099099 -0.428883 -0.128041 -0.280886 0.528424
99.199199 -0.319539 -0.123033 -0.322015 0.470038
99.299299 -0.181548 -0.106721 -0.333157 0.394136
99.399399 -0.017046 -0.073578 -0.290562 0.300218
99.499499 0.142180 -0.015081 -0.141568 0.201207
99.599600 0.128530 0.048064 0.123716 0.184758
99.699700 -0.067120 0.054943 0.261926 0.275915
99.799800 -0.247762 0.032928 0.273816 0.370736
99.899900 -0.382723 0.003682 0.230488 0.446783
100.000000 -0.476456 -0.026215 0.161296 0.503700
