0.000000 -0.334300 -0.556689 0.698365 0.953611
0.100100 -0.225360 -0.570425 0.734311 0.956757
0.200200 -0.114620 -0.579443 0.764175 0.965844
0.300300 -0.003023 -0.583820 0.787907 0.980638
0.400400 0.108539 -0.583741 0.805617 1.000776
0.500501 0.219273 -0.579512 0.817590 1.025850
0.600601 0.328515 -0.571494 0.824208 1.055389
0.700701 0.435718 -0.560034 0.825852 1.088815
0.800801 0.540473 -0.545503 0.822959 1.125587
0.900901 0.642518 -0.528303 0.816028 1.165262
1.001001 0.741687 -0.508792 0.805518 1.207405
1.101101 0.837904 -0.487306 0.791868 1.251641
1.201201 0.931189 -0.464158 0.775507 1.297677
1.301301 1.021590 -0.439615 0.756801 1.345235
1.401401 1.109147 -0.413888 0.736041 1.394011
1.501502 1.193938 -0.387164 0.713494 1.443765
1.601602 1.276052 -0.359607 0.689394 1.494285
1.701702 1.355593 -0.331358 0.663949 1.545399
1.801802 1.432752 -0.302557 0.637379 1.597051
1.901902 1.507741 -0.273328 0.609884 1.649227
2.002002 1.580725 -0.243766 0.581618 1.701880
2.102102 1.651799 -0.213937 0.552688 1.754900
2.202202 1.721022 -0.183896 0.523175 1.808162
2.302302 1.788464 -0.153692 0.493158 1.861566
2.402402 1.854229 -0.123370 0.462713 1.915069
2.502503 1.918426 -0.092968 0.431911 1.968641
2.602603 1.981163 -0.062521 0.400814 2.022268
2.702703 2.042509 -0.032054 0.369469 2.075904
2.802803 2.102531 -0.001590 0.337916 2.129513
2.902903 2.161347 0.028851 0.306200 2.183120
3.003003 2.219064 0.059255 0.274360 2.236745
3.103103 2.275753 0.089609 0.242422 2.290382
3.203203 2.331445 0.119902 0.210409 2.343989
3.303303 2.386199 0.150125 0.178340 2.397559
3.403403 2.440093 0.180272 0.146236 2.451110
3.503504 2.493177 0.210339 0.114112 2.504635
3.603604 2.545476 0.240318 0.081980 2.558109
3.703704 2.597008 0.270204 0.049851 2.611503
3.803804 2.647786 0.299992 0.017734 2.664785
3.903904 2.697810 0.329675 -0.014360 2.717917
4.004004 2.747089 0.359246 -0.046424 2.770868
4.104104 2.795638 0.388703 -0.078449 2.823621
4.204204 2.843513 0.418047 -0.110429 2.876200
4.304304 2.890780 0.447282 -0.142360 2.928641
4.404404 2.937487 0.476412 -0.174239 2.980966
4.504505 2.983689 0.505442 -0.206062 3.033205
4.604605 3.029430 0.534375 -0.237828 3.085379
4.704705 3.074744 0.563215 -0.269537 3.137500
4.804805 3.119648 0.591961 -0.301185 3.189566
4.904905 3.164144 0.620612 -0.332770 3.241559
5.005005 3.208250 0.649169 -0.364290 3.293478
5.105105 3.251989 0.677635 -0.395744 3.345331
5.205205 3.295375 0.706009 -0.427132 3.397114
5.305305 3.338420 0.734293 -0.458453 3.448827
5.405405 3.381144 0.762489 -0.489706 3.500476
5.505506 3.423554 0.790598 -0.520892 3.552056
5.605606 3.465659 0.818620 -0.552008 3.603560
5.705706 3.507485 0.846559 -0.583057 3.655006
5.805806 3.549059 0.874421 -0.614043 3.706411
5.905906 3.590386 0.902205 -0.644963 3.757769
6.006006 3.631462 0.929910 -0.675816 3.809065
6.106106 3.672280 0.957533 -0.706600 3.860284
6.206206 3.712838 0.985072 -0.737312 3.911414
6.306306 3.753157 1.012532 -0.767955 3.962469
6.406406 3.793248 1.039915 -0.798530 4.013453
6.506507 3.833107 1.067219 -0.829035 4.064353
6.606607 3.872738 1.094443 -0.859470 4.115166
6.706707 3.912149 1.121590 -0.889835 4.165895
6.806807 3.951352 1.148662 -0.920133 4.216545
6.906907 3.990354 1.175660 -0.950363 4.267117
7.007007 4.029157 1.202585 -0.980525 4.317609
7.107107 4.067775 1.229439 -1.010622 4.368029
7.207207 4.106226 1.256228 -1.040657 4.418389
7.307307 4.144516 1.282953 -1.070632 4.468695
7.407407 4.182656 1.309617 -1.100548 4.518951
7.507508 4.220654 1.336222 -1.130407 4.569160
7.607608 4.258521 1.362771 -1.160211 4.619333
7.707708 4.296263 1.389265 -1.189962 4.669470
7.807808 4.333891 1.415708 -1.219661 4.719578
7.907908 4.371411 1.442102 -1.249312 4.769662
8.008008 4.408825 1.468446 -1.278912 4.819719
8.108108 4.446138 1.494743 -1.308465 4.869752
8.208208 4.483362 1.520996 -1.337972 4.919770
8.308308 4.520513 1.547210 -1.367439 4.969787
8.408408 4.557585 1.573383 -1.396863 5.019795
8.508509 4.594570 1.599513 -1.426242 5.069782
8.608609 4.631479 1.625603 -1.455579 5.119755
8.708709 4.668315 1.651653 -1.484874 5.169717
8.808809 4.705074 1.677663 -1.514127 5.219661
8.908909 4.741762 1.703633 -1.543339 5.269589
9.009009 4.778379 1.729565 -1.572510 5.319501
9.109109 4.814925 1.755458 -1.601639 5.369394
9.209209 4.851396 1.781310 -1.630726 5.419259
9.309309 4.887784 1.807119 -1.659767 5.469089
9.409409 4.924098 1.832887 -1.688765 5.518890
9.509510 4.960345 1.858618 -1.717723 5.568668
9.609610 4.996528 1.884311 -1.746641 5.618422
9.709710 5.032650 1.909969 -1.775521 5.668159
9.809810 5.068719 1.935593 -1.804364 5.717881
9.909910 5.104735 1.961185 -1.833171 5.767589
10.010010 5.140689 1.986740 -1.861939 5.817271
10.110110 5.176585 2.012260 -1.890669 5.866928
10.210210 5.212430 2.037748 -1.919364 5.916570
10.310310 5.248228 2.063205 -1.948024 5.966197
10.410410 5.283983 2.088633 -1.976652 6.015814
10.510511 5.319700 2.114034 -2.005249 6.065424
10.610611 5.355378 2.139406 -2.033814 6.115025
10.710711 5.391016 2.164751 -2.062348 6.164616
10.810811 5.426613 2.190067 -2.090850 6.214191
10.910911 5.462166 2.215353 -2.119318 6.263749
11.011011 5.497671 2.240607 -2.147752 6.313283
11.111111 5.533131 2.265831 -2.176152 6.362795
11.211211 5.568545 2.291025 -2.204518 6.412284
11.311311 5.603910 2.316187 -2.232848 6.461745
11.411411 5.639228 2.341317 -2.261144 6.511177
11.511512 5.674499 2.366416 -2.289405 6.560582
11.611612 5.709731 2.391487 -2.317634 6.609967
11.711712 5.744924 2.416530 -2.345832 6.659331
11.811812 5.780071 2.441542 -2.373996 6.708667
11.911912 5.815168 2.466522 -2.402123 6.757966
12.012012 5.850216 2.491469 -2.430215 6.807231
12.112112 5.885215 2.516384 -2.458271 6.856460
12.212212 5.920167 2.541268 -2.486292 6.905655
12.312312 5.955074 2.566121 -2.514279 6.954817
12.412412 5.989935 2.590943 -2.542232 7.003946
12.512513 6.024747 2.615732 -2.570148 7.053034
12.612613 6.059501 2.640486 -2.598025 7.102074
12.712713 6.094196 2.665202 -2.625861 7.151061
12.812813 6.128828 2.689880 -2.653656 7.199992
12.912913 6.163396 2.714519 -2.681407 7.248862
13.013013 6.197905 2.739120 -2.709119 7.297680
13.113113 6.232358 2.763687 -2.736791 7.346447
13.213213 6.266752 2.788216 -2.764422 7.395158
13.313313 6.301082 2.812706 -2.792011 7.443808
13.413413 6.335352 2.837158 -2.819559 7.492400
13.513514 6.369563 2.861574 -2.847066 7.540937
13.613614 6.403713 2.885951 -2.874532 7.589413
13.713714 6.437800 2.910289 -2.901954 7.637826
13.813814 6.471821 2.934587 -2.929333 7.686173
13.913914 6.505780 2.958847 -2.956670 7.734458
14.014014 6.539689 2.983073 -2.983969 7.782694
14.114114 6.573553 3.007268 -3.011234 7.830887
14.214214 6.607375 3.031433 -3.038466 7.879040
14.314314 6.641160 3.055571 -3.065667 7.927158
14.414414 6.674905 3.079681 -3.092836 7.975238
14.514515 6.708610 3.103762 -3.119972 8.023279
14.614615 6.742273 3.127813 -3.147075 8.071279
14.714715 6.775893 3.151834 -3.174144 8.119235
14.814815 6.809468 3.175824 -3.201178 8.167144
14.914915 6.842996 3.199782 -3.228177 8.215006
15.015015 6.876481 3.223710 -3.255141 8.262823
15.115115 6.909920 3.247607 -3.282071 8.310592
15.215215 6.943316 3.271473 -3.308967 8.358315
15.315315 6.976667 3.295308 -3.335828 8.405991
15.415415 7.009970 3.319111 -3.362652 8.453615
15.515516 7.043228 3.342882 -3.389442 8.501191
15.615616 7.076439 3.366621 -3.416196 8.548715
15.715716 7.109603 3.390329 -3.442914 8.596187
15.815816 7.142721 3.414004 -3.469597 8.643610
15.915916 7.175792 3.437648 -3.496244 8.690980
16.016016 7.208818 3.461260 -3.522855 8.738300
16.116116 7.241801 3.484842 -3.549433 8.785573
16.216216 7.274741 3.508394 -3.575977 8.832797
16.316316 7.307637 3.531915 -3.602487 8.879971
16.416416 7.340494 3.555408 -3.628964 8.927103
16.516517 7.373314 3.578873 -3.655410 8.974192
16.616617 7.406095 3.602310 -3.681825 9.021237
16.716717 7.438840 3.625720 -3.708209 9.068241
16.816817 7.471546 3.649102 -3.734560 9.115201
16.916917 7.504211 3.672455 -3.760880 9.162114
17.017017 7.536835 3.695778 -3.787165 9.208978
17.117117 7.569414 3.719070 -3.813416 9.255790
17.217217 7.601950 3.742332 -3.839632 9.302551
17.317317 7.634443 3.765563 -3.865815 9.349263
17.417417 7.666892 3.788764 -3.891963 9.395921
17.517518 7.699295 3.811933 -3.918076 9.442526
17.617618 7.731657 3.835072 -3.944155 9.489081
17.717718 7.763979 3.858183 -3.970201 9.535588
17.817818 7.796258 3.881263 -3.996214 9.582044
17.917918 7.828489 3.904310 -4.022190 9.628442
18.018018 7.860667 3.927322 -4.048127 9.674775
18.118118 7.892792 3.950299 -4.074024 9.721044
18.218218 7.924869 3.973243 -4.099885 9.767255
18.318318 7.956905 3.996157 -4.125713 9.813415
18.418418 7.988900 4.019042 -4.151507 9.859525
18.518519 8.020851 4.041897 -4.177267 9.905581
18.618619 8.052755 4.064718 -4.202990 9.951579
18.718719 8.084608 4.087506 -4.228676 9.997514
18.818819 8.116410 4.110259 -4.254323 10.043386
18.918919 8.148160 4.132977 -4.279931 10.089193
19.019019 8.179858 4.155660 -4.305500 10.134935
19.119119 8.211503 4.178307 -4.331030 10.180611
19.219219 8.243098 4.200921 -4.356522 10.226225
19.319319 8.274644 4.223501 -4.381976 10.271777
19.419419 8.306139 4.246047 -4.407392 10.317266
19.519520 8.337583 4.268558 -4.432770 10.362689
19.619620 8.368976 4.291035 -4.458109 10.408049
19.719720 8.400323 4.313480 -4.483412 10.453350
19.819820 8.431625 4.335893 -4.508681 10.498594
19.919920 8.462885 4.358277 -4.533915 10.543784
20.020020 8.494101 4.380630 -4.559115 10.588919
20.120120 8.525276 4.402952 -4.584281 10.634000
20.220220 8.556411 4.425247 -4.609415 10.679030
20.320320 8.587506 4.447512 -4.634517 10.724009
20.420420 8.618558 4.469747 -4.659584 10.768933
20.520521 8.649568 4.491952 -4.684618 10.813802
20.620621 8.680540 4.514129 -4.709619 10.858621
20.720721 8.711474 4.536279 -4.734590 10.903391
20.820821 8.742369 4.558400 -4.759529 10.948112
20.920921 8.773228 4.580494 -4.784436 10.992783
21.021021 8.804048 4.602560 -4.809312 11.037405
21.121121 8.834831 4.624599 -4.834157 11.081977
21.221221 8.865579 4.646611 -4.858972 11.126504
21.321321 8.896298 4.668600 -4.883761 11.170992
21.421421 8.926988 4.690567 -4.908523 11.215442
21.521522 8.957647 4.712509 -4.933257 11.259850
21.621622 8.988275 4.734426 -4.957964 11.304215
21.721722 9.018870 4.756319 -4.982642 11.348538
21.821822 9.049434 4.778188 -5.007292 11.392818
21.921922 9.079965 4.800032 -5.031914 11.437056
22.022022 9.110464 4.821850 -5.056508 11.481249
22.122122 9.140929 4.843643 -5.081072 11.525396
22.222222 9.171363 4.865412 -5.105609 11.569502
22.322322 9.201768 4.887159 -5.130119 11.613569
22.422422 9.232147 4.908883 -5.154604 11.657599
22.522523 9.262494 4.930583 -5.179062 11.701587
22.622623 9.292805 4.952257 -5.203489 11.745526
22.722723 9.323078 4.973902 -5.227884 11.789413
22.822823 9.353310 4.995518 -5.252247 11.833246
22.922923 9.383504 5.017106 -5.276578 11.877027
23.023023 9.413659 5.038666 -5.300877 11.920756
23.123123 9.443771 5.060196 -5.325142 11.964427
23.223223 9.473835 5.081693 -5.349369 12.008035
23.323323 9.503848 5.103155 -5.373559 12.051575
23.423423 9.533808 5.124581 -5.397708 12.095044
23.523524 9.563715 5.145971 -5.421817 12.138441
23.623624 9.593573 5.167327 -5.445888 12.181773
23.723724 9.623383 5.188651 -5.469923 12.225042
23.823824 9.653149 5.209943 -5.493922 12.268251
23.923924 9.682875 5.231206 -5.517889 12.311405
24.024024 9.712563 5.252442 -5.541825 12.354508
24.124124 9.742216 5.273651 -5.565731 12.397561
24.224224 9.771828 5.294832 -5.589604 12.440560
24.324324 9.801397 5.315982 -5.613443 12.483501
24.424424 9.830926 5.337103 -5.637249 12.526386
24.524525 9.860418 5.358197 -5.661024 12.569221
24.624625 9.889874 5.379264 -5.684769 12.612006
24.724725 9.919293 5.400304 -5.708484 12.654740
24.824825 9.948678 5.421318 -5.732168 12.697426
24.924925 9.978029 5.442308 -5.755825 12.740067
25.025025 10.007348 5.463272 -5.779453 12.782661
25.125125 10.036631 5.484210 -5.803052 12.825207
25.225225 10.065878 5.505121 -5.826619 12.867702
25.325325 10.095088 5.526005 -5.850156 12.910145
25.425425 10.124263 5.546863 -5.873664 12.952541
25.525526 10.153406 5.567697 -5.897144 12.994891
25.625626 10.182517 5.588507 -5.920596 13.037198
25.725726 10.211595 5.609291 -5.944020 13.079457
25.825826 10.240639 5.630050 -5.967414 13.121668
25.925926 10.269649 5.650783 -5.990780 13.163833
26.026026 10.298625 5.671491 -6.014116 13.205949
26.126126 10.327561 5.692171 -6.037421 13.248011
26.226226 10.356459 5.712822 -6.060693 13.290018
26.326326 10.385319 5.733446 -6.083935 13.331973
26.426426 10.414144 5.754044 -6.107147 13.373880
26.526527 10.442935 5.774616 -6.130330 13.415738
26.626627 10.471690 5.795162 -6.153483 13.457546
26.726727 10.500408 5.815681 -6.176606 13.499302
26.826827 10.529086 5.836171 -6.199696 13.541004
26.926927 10.557728 5.856634 -6.222756 13.582653
27.027027 10.586332 5.877071 -6.245785 13.624251
27.127127 10.614898 5.897479 -6.268782 13.665794
27.227227 10.643423 5.917858 -6.291746 13.707281
27.327327 10.671908 5.938208 -6.314678 13.748712
27.427427 10.700353 5.958529 -6.337578 13.790087
27.527528 10.728758 5.978823 -6.360445 13.831408
27.627628 10.757125 5.999088 -6.383281 13.872673
27.727728 10.785453 6.019324 -6.406085 13.913884
27.827828 10.813743 6.039534 -6.428858 13.955043
27.927928 10.841995 6.059716 -6.451600 13.996148
28.028028 10.870205 6.079868 -6.474308 14.037194
28.128128 10.898370 6.099989 -6.496981 14.078178
28.228228 10.926493 6.120079 -6.519620 14.119103
28.328328 10.954575 6.140141 -6.542227 14.159971
28.428428 10.982618 6.160174 -6.564801 14.200784
28.528529 11.010620 6.180178 -6.587343 14.241540
28.628629 11.038580 6.200152 -6.609851 14.282236
28.728729 11.066500 6.220098 -6.632326 14.322876
28.828829 11.094384 6.240017 -6.654773 14.363467
28.928929 11.122236 6.259912 -6.677191 14.404010
29.029029 11.150056 6.279782 -6.699581 14.444508
29.129129 11.177843 6.299629 -6.721944 14.484959
29.229229 11.205599 6.319451 -6.744280 14.525365
29.329329 11.233326 6.339251 -6.766589 14.565728
29.429429 11.261024 6.359028 -6.788874 14.606050
29.529530 11.288694 6.378784 -6.811133 14.646332
29.629630 11.316338 6.398519 -6.833369 14.686575
29.729730 11.343957 6.418234 -6.855581 14.726781
29.829830 11.371551 6.437929 -6.877769 14.766950
29.929930 11.399118 6.457602 -6.899934 14.807080
30.030030 11.426660 6.477255 -6.922075 14.847172
30.130130 11.454180 6.496890 -6.944195 14.887231
30.230230 11.481679 6.516507 -6.966294 14.927259
30.330330 11.509158 6.536106 -6.988373 14.967257
30.430430 11.536620 6.555690 -7.010434 15.007226
30.530531 11.564062 6.575257 -7.032474 15.047167
30.630631 11.591482 6.594806 -7.054494 15.087074
30.730731 11.618882 6.614337 -7.076493 15.126951
30.830831 11.646265 6.633852 -7.098474 15.166800
30.930931 11.673632 6.653353 -7.120437 15.206624
31.031031 11.700987 6.672841 -7.142385 15.246429
31.131131 11.728335 6.692320 -7.164322 15.286219
31.231231 11.755678 6.711789 -7.186247 15.325998
31.331331 11.783014 6.731249 -7.208160 15.365764
31.431431 11.810344 6.750700 -7.230061 15.405517
31.531532 11.837664 6.770139 -7.251950 15.445254
31.631632 11.864975 6.789568 -7.273824 15.484973
31.731732 11.892278 6.808986 -7.295686 15.524677
31.831832 11.919573 6.828394 -7.317536 15.564367
31.931932 11.946863 6.847793 -7.339375 15.604045
32.032032 11.974147 6.867184 -7.361203 15.643712
32.132132 12.001426 6.886566 -7.383020 15.683367
32.232232 12.028699 6.905939 -7.404825 15.723009
32.332332 12.055965 6.925302 -7.426619 15.762639
32.432432 12.083224 6.944656 -7.448401 15.802254
32.532533 12.110474 6.963999 -7.470170 15.841853
32.632633 12.137715 6.983331 -7.491926 15.881435
32.732733 12.164944 7.002651 -7.513667 15.920998
32.832833 12.192162 7.021959 -7.535394 15.960541
32.932933 12.219368 7.041254 -7.557106 16.000064
33.033033 12.246562 7.060537 -7.578803 16.039567
33.133133 12.273743 7.079808 -7.600485 16.079049
33.233233 12.300909 7.099064 -7.622150 16.118506
33.333333 12.328058 7.118305 -7.643797 16.157937
33.433433 12.355188 7.137529 -7.665425 16.197337
33.533534 12.382298 7.156737 -7.687034 16.236708
33.633634 12.409389 7.175928 -7.708623 16.276048
33.733734 12.436458 7.195101 -7.730192 16.315356
33.833834 12.463503 7.214255 -7.751738 16.354626
33.933934 12.490522 7.233388 -7.773261 16.393859
34.034034 12.517517 7.252503 -7.794762 16.433056
34.134134 12.544490 7.271599 -7.816242 16.472219
34.234234 12.571441 7.290678 -7.837702 16.511350
34.334334 12.598373 7.309739 -7.859142 16.550450
34.434434 12.625283 7.328783 -7.880561 16.589517
34.534535 12.652169 7.347808 -7.901959 16.628548
34.634635 12.679031 7.366813 -7.923334 16.667542
34.734735 12.705867 7.385799 -7.944686 16.706500
34.834835 12.732680 7.404765 -7.966016 16.745420
34.934935 12.759467 7.423712 -7.987324 16.784303
35.035035 12.786228 7.442638 -8.008608 16.823148
35.135135 12.812963 7.461544 -8.029869 16.861953
35.235235 12.839668 7.480427 -8.051105 16.900715
35.335335 12.866343 7.499288 -8.072314 16.939432
35.435435 12.892988 7.518126 -8.093498 16.978106
35.535536 12.919605 7.536942 -8.114657 17.016737
35.635636 12.946196 7.555738 -8.135793 17.055330
35.735736 12.972762 7.574516 -8.156907 17.093887
35.835836 12.999304 7.593273 -8.177998 17.132406
35.935936 13.025819 7.612010 -8.199066 17.170886
36.036036 13.052310 7.630727 -8.220111 17.209329
36.136136 13.078777 7.649426 -8.241136 17.247738
36.236236 13.105222 7.668107 -8.262139 17.286111
36.336336 13.131643 7.686769 -8.283121 17.324450
36.436436 13.158042 7.705413 -8.304082 17.362754
36.536537 13.184416 7.724038 -8.325021 17.401022
36.636637 13.210769 7.742645 -8.345939 17.439256
36.736737 13.237099 7.761234 -8.366837 17.477457
36.836837 13.263408 7.779805 -8.387714 17.515624
36.936937 13.289693 7.798358 -8.408570 17.553757
37.037037 13.315954 7.816892 -8.429404 17.591853
37.137137 13.342190 7.835406 -8.450216 17.629911
37.237237 13.368401 7.853900 -8.471005 17.667932
37.337337 13.394586 7.872375 -8.491771 17.705914
37.437437 13.420745 7.890829 -8.512514 17.743857
37.537538 13.446876 7.909262 -8.533234 17.781760
37.637638 13.472979 7.927674 -8.553928 17.819620
37.737738 13.499054 7.946065 -8.574599 17.857439
37.837838 13.525100 7.964434 -8.595245 17.895217
37.937938 13.551118 7.982781 -8.615866 17.932952
38.038038 13.577107 8.001107 -8.636463 17.970644
38.138138 13.603065 8.019409 -8.657033 18.008291
38.238238 13.628992 8.037689 -8.677578 18.045892
38.338338 13.654888 8.055946 -8.698096 18.083448
38.438438 13.680752 8.074179 -8.718587 18.120957
38.538539 13.706582 8.092387 -8.739051 18.158418
38.638639 13.732379 8.110571 -8.759487 18.195829
38.738739 13.758141 8.128730 -8.779895 18.233191
38.838839 13.783869 8.146864 -8.800274 18.270503
38.938939 13.809566 8.164975 -8.820628 18.307768
39.039039 13.835232 8.183064 -8.840956 18.344991
39.139139 13.860870 8.201131 -8.861259 18.382170
39.239239 13.886479 8.219176 -8.881538 18.419307
39.339339 13.912059 8.237200 -8.901792 18.456401
39.439439 13.937611 8.255202 -8.922022 18.493454
39.539540 13.963136 8.273184 -8.942228 18.530467
39.639640 13.988635 8.291146 -8.962412 18.567441
39.739740 14.014107 8.309087 -8.982572 18.604373
39.839840 14.039549 8.327007 -9.002707 18.641264
39.939940 14.064965 8.344906 -9.022819 18.678114
40.040040 14.090355 8.362785 -9.042909 18.714927
40.140140 14.115721 8.380645 -9.062977 18.751702
40.240240 14.141060 8.398486 -9.083021 18.788439
40.340340 14.166373 8.416306 -9.103043 18.825135
40.440440 14.191659 8.434105 -9.123042 18.861792
40.540541 14.216916 8.451884 -9.143016 18.898407
40.640641 14.242146 8.469641 -9.162966 18.934980
40.740741 14.267345 8.487376 -9.182892 18.971510
40.840841 14.292514 8.505089 -9.202791 19.007995
40.940941 14.317649 8.522777 -9.222663 19.044430
41.041041 14.342751 8.540440 -9.242507 19.080817
41.141141 14.367820 8.558080 -9.262324 19.117155
41.241241 14.392856 8.575696 -9.282115 19.153447
41.341341 14.417861 8.593289 -9.301879 19.189692
41.441441 14.442834 8.610858 -9.321617 19.225891
41.541542 14.467774 8.628404 -9.341328 19.262041
41.641642 14.492681 8.645926 -9.361012 19.298144
41.741742 14.517555 8.663424 -9.380668 19.334199
41.841842 14.542394 8.680897 -9.400297 19.370203
41.941942 14.567199 8.698344 -9.419897 19.406157
42.042042 14.591968 8.715767 -9.439469 19.442060
42.142142 14.616703 8.733164 -9.459012 19.477912
42.242242 14.641401 8.750536 -9.478526 19.513712
42.342342 14.666062 8.767881 -9.498011 19.549458
42.442442 14.690685 8.785199 -9.517465 19.585150
42.542543 14.715271 8.802491 -9.536890 19.620788
42.642643 14.739820 8.819756 -9.556284 19.656372
42.742743 14.764332 8.836995 -9.575650 19.691903
42.842843 14.788809 8.854210 -9.594987 19.727384
42.942943 14.813252 8.871399 -9.614296 19.762815
43.043043 14.837661 8.888564 -9.633578 19.798196
43.143143 14.862035 8.905704 -9.652831 19.833528
43.243243 14.886375 8.922820 -9.672057 19.868809
43.343343 14.910679 8.939909 -9.691254 19.904038
43.443443 14.934948 8.956974 -9.710422 19.939216
43.543544 14.959185 8.974015 -9.729564 19.974348
43.643644 14.983390 8.991034 -9.748680 20.009434
43.743744 15.007566 9.008030 -9.767771 20.044475
43.843844 15.031710 9.025004 -9.786836 20.079471
43.943944 15.055822 9.041954 -9.805876 20.114420
44.044044 15.079902 9.058881 -9.824888 20.149323
44.144144 15.103952 9.075785 -9.843875 20.184180
44.244244 15.127970 9.092668 -9.862837 20.218992
44.344344 15.151959 9.109528 -9.881774 20.253760
44.444444 15.175917 9.126365 -9.900685 20.288483
44.544545 15.199843 9.143180 -9.919571 20.323161
44.644645 15.223738 9.159972 -9.938431 20.357792
44.744745 15.247604 9.176742 -9.957266 20.392380
44.844845 15.271442 9.193491 -9.976077 20.426927
44.944945 15.295250 9.210219 -9.994865 20.461430
45.045045 15.319030 9.226926 -10.013628 20.495892
45.145145 15.342782 9.243612 -10.032367 20.530312
45.245245 15.366504 9.260276 -10.051082 20.564689
45.345345 15.390197 9.276918 -10.069773 20.599022
45.445445 15.413858 9.293538 -10.088437 20.633309
45.545546 15.437487 9.310134 -10.107075 20.667549
45.645646 15.461085 9.326708 -10.125688 20.701743
45.745746 15.484651 9.343259 -10.144274 20.735892
45.845846 15.508187 9.359787 -10.162836 20.769996
45.945946 15.531694 9.376294 -10.181373 20.804057
46.046046 15.555170 9.392779 -10.199885 20.838073
46.146146 15.578615 9.409241 -10.218372 20.872043
46.246246 15.602029 9.425681 -10.236833 20.905968
46.346346 15.625411 9.442098 -10.255268 20.939848
46.446446 15.648762 9.458492 -10.273677 20.973680
46.546547 15.672081 9.474863 -10.292060 21.007466
46.646647 15.695368 9.491211 -10.310418 21.041206
46.746747 15.718622 9.507535 -10.328748 21.074899
46.846847 15.741843 9.523835 -10.347052 21.108542
46.946947 15.765032 9.540112 -10.365330 21.142139
47.047047 15.788188 9.556366 -10.383581 21.175688
47.147147 15.811311 9.572596 -10.401805 21.209189
47.247247 15.834400 9.588802 -10.420002 21.242641
47.347347 15.857456 9.604984 -10.438172 21.276044
47.447447 15.880477 9.621141 -10.456314 21.309397
47.547548 15.903463 9.637273 -10.474428 21.342699
47.647648 15.926413 9.653380 -10.492514 21.375950
47.747748 15.949326 9.669461 -10.510570 21.409147
47.847848 15.972200 9.685514 -10.528596 21.442288
47.947948 15.995035 9.701540 -10.546590 21.475371
48.048048 16.017828 9.717537 -10.564553 21.508397
48.148148 16.040581 9.733506 -10.582484 21.541364
48.248248 16.063296 9.749449 -10.600385 21.574276
48.348348 16.085974 9.765365 -10.618257 21.607135
48.448448 16.108617 9.781257 -10.636101 21.639944
48.548549 16.131227 9.797124 -10.653918 21.672704
48.648649 16.153804 9.812968 -10.671708 21.705416
48.748749 16.176348 9.828789 -10.689472 21.738081
48.848849 16.198860 9.844587 -10.707210 21.770698
48.948949 16.221340 9.860362 -10.724923 21.803270
49.049049 16.243790 9.876115 -10.742610 21.835797
49.149149 16.266210 9.891846 -10.760273 21.868280
49.249249 16.288599 9.907554 -10.777911 21.900718
49.349349 16.310956 9.923240 -10.795522 21.933109
49.449449 16.333281 9.938903 -10.813109 21.965454
49.549550 16.355574 9.954543 -10.830668 21.997752
49.649650 16.377833 9.970158 -10.848201 22.030000
49.749750 16.400058 9.985750 -10.865707 22.062200
49.849850 16.422251 10.001319 -10.883186 22.094354
49.949950 16.444412 10.016865 -10.900640 22.126460
50.050050 16.466540 10.032387 -10.918067 22.158518
50.150150 16.488633 10.047884 -10.935466 22.190525
50.250250 16.510690 10.063356 -10.952838 22.222481
50.350350 16.532713 10.078803 -10.970181 22.254387
50.450450 16.554700 10.094226 -10.987496 22.286242
50.550551 16.576654 10.109625 -11.004785 22.318048
50.650651 16.598574 10.125000 -11.022046 22.349805
50.750751 16.620461 10.140351 -11.039281 22.381514
50.850851 16.642315 10.155678 -11.056490 22.413175
50.950951 16.664135 10.170982 -11.073671 22.444787
51.051051 16.685923 10.186263 -11.090827 22.476352
51.151151 16.707677 10.201520 -11.107956 22.507869
51.251251 16.729398 10.216752 -11.125057 22.539336
51.351351 16.751082 10.231960 -11.142130 22.570751
51.451451 16.772732 10.247143 -11.159176 22.602117
51.551552 16.794350 10.262303 -11.176196 22.633436
51.651652 16.815935 10.277440 -11.193190 22.664707
51.751752 16.837489 10.292554 -11.210158 22.695933
51.851852 16.859011 10.307646 -11.227101 22.727112
51.951952 16.880502 10.322715 -11.244018 22.758245
52.052052 16.901963 10.337763 -11.260912 22.789336
52.152152 16.923396 10.352791 -11.277782 22.820386
52.252252 16.944803 10.367799 -11.294631 22.851395
52.352352 16.966182 10.382787 -11.311456 22.882366
52.452452 16.987535 10.397756 -11.328260 22.913296
52.552553 17.008862 10.412705 -11.345042 22.944189
52.652653 17.030164 10.427636 -11.361803 22.975044
52.752753 17.051442 10.442549 -11.378543 23.005863
52.852853 17.072694 10.457443 -11.395262 23.036645
52.952953 17.093922 10.472319 -11.411961 23.067390
53.053053 17.115125 10.487177 -11.428638 23.098098
53.153153 17.136304 10.502016 -11.445296 23.128771
53.253253 17.157460 10.516839 -11.461933 23.159409
53.353353 17.178592 10.531643 -11.478550 23.190012
53.453453 17.199701 10.546430 -11.495148 23.220580
53.553554 17.220786 10.561200 -11.511725 23.251112
53.653654 17.241845 10.575950 -11.528281 23.281606
53.753754 17.262878 10.590681 -11.544815 23.312062
53.853854 17.283886 10.605394 -11.561328 23.342481
53.953954 17.304871 10.620089 -11.577822 23.372865
54.054054 17.325833 10.634768 -11.594295 23.403215
54.154154 17.346771 10.649428 -11.610749 23.433529
54.254254 17.367685 10.664071 -11.627183 23.463808
54.354354 17.388577 10.678696 -11.643597 23.494053
54.454454 17.409446 10.693305 -11.659992 23.524263
54.554555 17.430291 10.707896 -11.676367 23.554440
54.654655 17.451115 10.722471 -11.692723 23.584583
54.754755 17.471916 10.737029 -11.709060 23.614693
54.854855 17.492696 10.751571 -11.725379 23.644771
54.954955 17.513455 10.766097 -11.741679 23.674817
55.055055 17.534193 10.780606 -11.757962 23.704832
55.155155 17.554910 10.795100 -11.774225 23.734815
55.255255 17.575606 10.809578 -11.790471 23.764766
55.355355 17.596282 10.824041 -11.806700 23.794687
55.455455 17.616936 10.838487 -11.822910 23.824577
55.555556 17.637569 10.852918 -11.839102 23.854433
55.655656 17.658179 10.867331 -11.855274 23.884256
55.755756 17.678765 10.881726 -11.871425 23.914042
55.855856 17.699326 10.896102 -11.887556 23.943792
55.955956 17.719861 10.910461 -11.903666 23.973504
56.056056 17.740373 10.924801 -11.919756 24.003180
56.156156 17.760858 10.939123 -11.935824 24.032819
56.256256 17.781318 10.953425 -11.951871 24.062419
56.356356 17.801750 10.967708 -11.967896 24.091979
56.456456 17.822154 10.981971 -11.983898 24.121498
56.556557 17.842531 10.996213 -11.999877 24.150976
56.656657 17.862879 11.010436 -12.015833 24.180414
56.756757 17.883202 11.024640 -12.031768 24.209813
56.856857 17.903499 11.038824 -12.047682 24.239174
56.956957 17.923769 11.052990 -12.063574 24.268496
57.057057 17.944014 11.067137 -12.079445 24.297781
57.157157 17.964235 11.081266 -12.095296 24.327030
57.257257 17.984431 11.095377 -12.111126 24.356242
57.357357 18.004603 11.109471 -12.126937 24.385419
57.457457 18.024751 11.123547 -12.142727 24.414560
57.557558 18.044875 11.137605 -12.158497 24.443666
57.657658 18.064975 11.151645 -12.174247 24.472736
57.757758 18.085051 11.165668 -12.189977 24.501770
57.857858 18.105104 11.179673 -12.205688 24.530770
57.957958 18.125133 11.193661 -12.221379 24.559735
58.058058 18.145139 11.207632 -12.237050 24.588665
58.158158 18.165122 11.221586 -12.252702 24.617562
58.258258 18.185082 11.235523 -12.268336 24.646425
58.358358 18.205022 11.249445 -12.283951 24.675256
58.458458 18.224940 11.263350 -12.299548 24.704056
58.558559 18.244837 11.277240 -12.315127 24.732824
58.658659 18.264713 11.291114 -12.330688 24.761560
58.758759 18.284568 11.304972 -12.346231 24.790265
58.858859 18.304401 11.318813 -12.361756 24.818937
58.958959 18.324212 11.332639 -12.377262 24.847576
59.059059 18.343999 11.346447 -12.392749 24.876181
59.159159 18.363764 11.360238 -12.408216 24.904752
59.259259 18.383507 11.374013 -12.423664 24.933289
59.359359 18.403226 11.387771 -12.439094 24.961793
59.459459 18.422924 11.401512 -12.454505 24.990264
59.559560 18.442600 11.415238 -12.469897 25.018703
59.659660 18.462253 11.428947 -12.485271 25.047108
59.759760 18.481883 11.442638 -12.500625 25.075478
59.859860 18.501489 11.456312 -12.515959 25.103813
59.959960 18.521069 11.469967 -12.531273 25.132110
60.060060 18.540624 11.483604 -12.546565 25.160369
60.160160 18.560154 11.497223 -12.561837 25.188593
60.260260 18.579660 11.510824 -12.577089 25.216780
60.360360 18.599142 11.524408 -12.592321 25.244933
60.460460 18.618600 11.537974 -12.607534 25.273050
60.560561 18.638034 11.551523 -12.622726 25.301131
60.660661 18.657443 11.565054 -12.637899 25.329176
60.760761 18.676829 11.578567 -12.653051 25.357185
60.860861 18.696189 11.592062 -12.668183 25.385159
60.960961 18.715526 11.605540 -12.683295 25.413096
61.061061 18.734836 11.618998 -12.698386 25.440995
61.161161 18.754120 11.632439 -12.713456 25.468856
61.261261 18.773379 11.645860 -12.728505 25.496679
61.361361 18.792611 11.659263 -12.743533 25.524465
61.461461 18.811817 11.672646 -12.758538 25.552210
61.561562 18.830994 11.686009 -12.773522 25.579914
61.661662 18.850143 11.699352 -12.788482 25.607577
61.761762 18.869265 11.712676 -12.803421 25.635201
61.861862 18.888361 11.725981 -12.818338 25.662786
61.961962 18.907431 11.739268 -12.833235 25.690334
62.062062 18.926476 11.752536 -12.848111 25.717845
62.162162 18.945497 11.765787 -12.862968 25.745321
62.262262 18.964493 11.779020 -12.877804 25.772760
62.362362 18.983464 11.792234 -12.892619 25.800161
62.462462 19.002409 11.805430 -12.907413 25.827525
62.562563 19.021328 11.818608 -12.922187 25.854851
62.662663 19.040223 11.831768 -12.936941 25.882142
62.762763 19.059094 11.844910 -12.951674 25.909396
62.862863 19.077940 11.858035 -12.966388 25.936616
62.962963 19.096764 11.871143 -12.981083 25.963800
63.063063 19.115563 11.884233 -12.995758 25.990950
63.163163 19.134339 11.897307 -13.010414 26.018066
63.263263 19.153093 11.910364 -13.025051 26.045147
63.363363 19.171824 11.923404 -13.039670 26.072196
63.463463 19.190532 11.936428 -13.054269 26.099210
63.563564 19.209217 11.949435 -13.068850 26.126191
63.663664 19.227879 11.962425 -13.083411 26.153137
63.763764 19.246518 11.975399 -13.097954 26.180050
63.863864 19.265135 11.988356 -13.112479 26.206930
63.963964 19.283730 12.001297 -13.126984 26.233777
64.064064 19.302303 12.014222 -13.141472 26.260592
64.164164 19.320854 12.027130 -13.155942 26.287375
64.264264 19.339383 12.040023 -13.170393 26.314124
64.364364 19.357889 12.052899 -13.184826 26.340841
64.464464 19.376372 12.065758 -13.199239 26.367522
64.564565 19.394831 12.078600 -13.213633 26.394168
64.664665 19.413265 12.091424 -13.228007 26.420779
64.764765 19.431675 12.104231 -13.242360 26.447354
64.864865 19.450062 12.117020 -13.256695 26.473894
64.964965 19.468425 12.129793 -13.271011 26.500400
65.065065 19.486766 12.142550 -13.285308 26.526873
65.165165 19.505084 12.155289 -13.299587 26.553312
65.265265 19.523378 12.168012 -13.313845 26.579716
65.365365 19.541647 12.180716 -13.328084 26.606082
65.465465 19.559890 12.193402 -13.342301 26.632411
65.565566 19.578106 12.206069 -13.356498 26.658702
65.665666 19.596297 12.218718 -13.370674 26.684955
65.765766 19.614463 12.231348 -13.384829 26.711172
65.865866 19.632603 12.243961 -13.398964 26.737350
65.965966 19.650717 12.256554 -13.413077 26.763491
66.066066 19.668805 12.269130 -13.427171 26.789594
66.166166 19.686869 12.281687 -13.441243 26.815661
66.266266 19.704906 12.294226 -13.455296 26.841690
66.366366 19.722919 12.306748 -13.469328 26.867683
66.466466 19.740907 12.319251 -13.483340 26.893639
66.566567 19.758871 12.331737 -13.497332 26.919560
66.666667 19.776810 12.344206 -13.511305 26.945445
66.766767 19.794726 12.356658 -13.525259 26.971296
66.866867 19.812619 12.369093 -13.539194 26.997113
66.966967 19.830490 12.381511 -13.553110 27.022896
67.067067 19.848337 12.393913 -13.567008 27.048646
67.167167 19.866162 12.406299 -13.580887 27.074363
67.267267 19.883964 12.418668 -13.594747 27.100046
67.367367 19.901743 12.431021 -13.608589 27.125695
67.467467 19.919500 12.443357 -13.622412 27.151311
67.567568 19.937234 12.455677 -13.636217 27.176895
67.667668 19.954946 12.467981 -13.650004 27.202446
67.767768 19.972637 12.480270 -13.663774 27.227965
67.867868 19.990309 12.492544 -13.677526 27.253455
67.967968 20.007960 12.504804 -13.691263 27.278916
68.068068 20.025592 12.517049 -13.704982 27.304347
68.168168 20.043204 12.529279 -13.718686 27.329749
68.268268 20.060796 12.541495 -13.732373 27.355122
68.368368 20.078370 12.553697 -13.746044 27.380467
68.468468 20.095925 12.565885 -13.759699 27.405784
68.568569 20.113461 12.578059 -13.773338 27.431072
68.668669 20.130978 12.590219 -13.786962 27.456333
68.768769 20.148478 12.602366 -13.800571 27.481568
68.868869 20.165962 12.614501 -13.814166 27.506778
68.968969 20.183430 12.626624 -13.827747 27.531964
69.069069 20.200881 12.638734 -13.841313 27.557125
69.169169 20.218316 12.650832 -13.854866 27.582261
69.269269 20.235735 12.662918 -13.868405 27.607374
69.369369 20.253138 12.674992 -13.881930 27.632463
69.469469 20.270527 12.687054 -13.895442 27.657529
69.569570 20.287899 12.699104 -13.908940 27.682571
69.669670 20.305257 12.711143 -13.922425 27.707589
69.769770 20.322598 12.723169 -13.935896 27.732584
69.869870 20.339924 12.735183 -13.949354 27.757555
69.969970 20.357233 12.747185 -13.962797 27.782501
70.070070 20.374527 12.759176 -13.976227 27.807424
70.170170 20.391806 12.771155 -13.989644 27.832324
70.270270 20.409069 12.783122 -14.003047 27.857201
70.370370 20.426317 12.795077 -14.016436 27.882053
70.470470 20.443548 12.807019 -14.029812 27.906881
70.570571 20.460762 12.818949 -14.043173 27.931683
70.670671 20.477958 12.830865 -14.056519 27.956459
70.770771 20.495136 12.842769 -14.069850 27.981208
70.870871 20.512297 12.854659 -14.083166 28.005931
70.970971 20.529441 12.866536 -14.096467 28.030628
71.071071 20.546567 12.878401 -14.109754 28.055299
71.171171 20.563675 12.890252 -14.123025 28.079942
71.271271 20.580766 12.902090 -14.136282 28.104560
71.371371 20.597839 12.913915 -14.149524 28.129151
71.471471 20.614894 12.925726 -14.162751 28.153717
71.571572 20.631932 12.937525 -14.175963 28.178256
71.671672 20.648953 12.949311 -14.189161 28.202770
71.771772 20.665956 12.961084 -14.202344 28.227257
71.871872 20.682942 12.972844 -14.215512 28.251718
71.971972 20.699910 12.984591 -14.228665 28.276152
72.072072 20.716860 12.996325 -14.241803 28.300561
72.172172 20.733792 13.008045 -14.254926 28.324941
72.272272 20.750705 13.019751 -14.268033 28.349293
72.372372 20.767597 13.031443 -14.281123 28.373616
72.472472 20.784469 13.043119 -14.294197 28.397908
72.572573 20.801320 13.054781 -14.307254 28.422170
72.672673 20.818151 13.066427 -14.320293 28.446401
72.772773 20.834961 13.078059 -14.333316 28.470602
72.872873 20.851749 13.089675 -14.346321 28.494770
72.972973 20.868515 13.101275 -14.359309 28.518907
73.073073 20.885260 13.112860 -14.372279 28.543013
73.173173 20.901986 13.124431 -14.385233 28.567090
73.273273 20.918692 13.135987 -14.398171 28.591138
73.373373 20.935379 13.147530 -14.411094 28.615158
73.473473 20.952049 13.159060 -14.424002 28.639152
73.573574 20.968702 13.170577 -14.436895 28.663121
73.673674 20.985337 13.182082 -14.449774 28.687063
73.773774 21.001955 13.193573 -14.462638 28.710980
73.873874 21.018556 13.205052 -14.475488 28.734872
73.973974 21.035140 13.216518 -14.488324 28.758738
74.074074 21.051707 13.227972 -14.501146 28.782579
74.174174 21.068258 13.239414 -14.513953 28.806395
74.274274 21.084793 13.250844 -14.526747 28.830188
74.374374 21.101313 13.262262 -14.539529 28.853958
74.474474 21.117817 13.273669 -14.552297 28.877705
74.574575 21.134306 13.285064 -14.565051 28.901428
74.674675 21.150780 13.296448 -14.577793 28.925128
74.774775 21.167238 13.307820 -14.590521 28.948806
74.874875 21.183682 13.319181 -14.603237 28.972461
74.974975 21.200110 13.330530 -14.615940 28.996092
75.075075 21.216520 13.341866 -14.628627 29.019698
75.175175 21.232912 13.353189 -14.641300 29.043275
75.275275 21.249284 13.364497 -14.653956 29.066825
75.375375 21.265638 13.375793 -14.666598 29.090347
75.475475 21.281974 13.387074 -14.679224 29.113841
75.575576 21.298291 13.398343 -14.691835 29.137310
75.675676 21.314591 13.409599 -14.704432 29.160752
75.775776 21.330874 13.420841 -14.717014 29.184168
75.875876 21.347139 13.432072 -14.729582 29.207559
75.975976 21.363389 13.443290 -14.742136 29.230926
76.076076 21.379624 13.454498 -14.754678 29.254270
76.176176 21.395843 13.465693 -14.767206 29.277591
76.276276 21.412047 13.476877 -14.779721 29.300890
76.376376 21.428236 13.488051 -14.792224 29.324166
76.476476 21.444412 13.499213 -14.804715 29.347422
76.576577 21.460574 13.510366 -14.817194 29.370657
76.676677 21.476723 13.521508 -14.829662 29.393872
76.776777 21.492859 13.532641 -14.842119 29.417067
76.876877 21.508982 13.543763 -14.854564 29.440243
76.976977 21.525093 13.554876 -14.866997 29.463399
77.077077 21.541190 13.565978 -14.879419 29.486535
77.177177 21.557275 13.577071 -14.891831 29.509653
77.277277 21.573348 13.588155 -14.904231 29.532752
77.377377 21.589409 13.599229 -14.916621 29.555832
77.477477 21.605457 13.610294 -14.929000 29.578893
77.577578 21.621491 13.621348 -14.941366 29.601933
77.677678 21.637511 13.632391 -14.953720 29.624951
77.777778 21.653515 13.643422 -14.966062 29.647946
77.877878 21.669504 13.654443 -14.978390 29.670918
77.977978 21.685477 13.665451 -14.990705 29.693866
78.078078 21.701433 13.676447 -15.003006 29.716789
78.178178 21.717373 13.687431 -15.015293 29.739689
78.278278 21.733298 13.698403 -15.027567 29.762565
78.378378 21.749208 13.709365 -15.039829 29.785419
78.478478 21.765103 13.720316 -15.052079 29.808252
78.578579 21.780983 13.731255 -15.064315 29.831060
78.678679 21.796847 13.742182 -15.076538 29.853846
78.778779 21.812695 13.753098 -15.088748 29.876608
78.878879 21.828528 13.764003 -15.100945 29.899347
78.978979 21.844347 13.774897 -15.113129 29.922065
79.079079 21.860151 13.785780 -15.125302 29.944760
79.179179 21.875940 13.796651 -15.137461 29.967433
79.279279 21.891714 13.807511 -15.149608 29.990084
79.379379 21.907473 13.818361 -15.161742 30.012712
79.479479 21.923216 13.829198 -15.173863 30.035316
79.579580 21.938943 13.840024 -15.185970 30.057897
79.679680 21.954654 13.850838 -15.198065 30.080454
79.779780 21.970350 13.861641 -15.210146 30.102989
79.879880 21.986030 13.872431 -15.222214 30.125498
79.979980 22.001692 13.883210 -15.234267 30.147983
80.080080 22.017336 13.893975 -15.246306 30.170441
80.180180 22.032962 13.904727 -15.258330 30.192872
80.280280 22.048569 13.915465 -15.270339 30.215274
80.380380 22.064156 13.926189 -15.282331 30.237649
80.480480 22.079724 13.936899 -15.294309 30.259994
80.580581 22.095273 13.947596 -15.306270 30.282311
80.680681 22.110801 13.958277 -15.318215 30.304599
80.780781 22.126308 13.968945 -15.330143 30.326856
80.880881 22.141793 13.979596 -15.342054 30.349081
80.980981 22.157255 13.990231 -15.353946 30.371272
81.081081 22.172692 14.000849 -15.365819 30.393427
81.181181 22.188105 14.011450 -15.377673 30.415548
81.281281 22.203494 14.022034 -15.389508 30.437633
81.381381 22.218857 14.032600 -15.401324 30.459683
81.481481 22.234196 14.043150 -15.413120 30.481697
81.581582 22.249512 14.053683 -15.424898 30.503677
81.681682 22.264806 14.064201 -15.436659 30.525625
81.781782 22.280078 14.074703 -15.448402 30.547541
81.881882 22.295327 14.085189 -15.460128 30.569424
81.981982 22.310554 14.095659 -15.471835 30.591275
82.082082 22.325758 14.106114 -15.483525 30.613092
82.182182 22.340938 14.116552 -15.495196 30.634876
82.282282 22.356096 14.126974 -15.506849 30.656627
82.382382 22.371231 14.137380 -15.518485 30.678345
82.482482 22.386344 14.147771 -15.530103 30.700031
82.582583 22.401436 14.158147 -15.541704 30.721687
82.682683 22.416507 14.168507 -15.553289 30.743311
82.782783 22.431556 14.178853 -15.564856 30.764904
82.882883 22.446583 14.189183 -15.576405 30.786464
82.982983 22.461587 14.199497 -15.587938 30.807993
83.083083 22.476570 14.209796 -15.599453 30.829490
83.183183 22.491533 14.220081 -15.610952 30.850958
83.283283 22.506476 14.230351 -15.622435 30.872395
83.383383 22.521396 14.240606 -15.633900 30.893801
83.483483 22.536294 14.250845 -15.645348 30.915175
83.583584 22.551169 14.261068 -15.656778 30.936516
83.683684 22.566023 14.271276 -15.668190 30.957825
83.783784 22.580855 14.281469 -15.679586 30.979102
83.883884 22.595665 14.291646 -15.690964 31.000348
83.983984 22.610454 14.301809 -15.702326 31.021564
84.084084 22.625223 14.311957 -15.713672 31.042750
84.184184 22.639970 14.322090 -15.725000 31.063905
84.284284 22.654696 14.332208 -15.736312 31.085028
84.384384 22.669402 14.342312 -15.747607 31.106122
84.484484 22.684086 14.352401 -15.758886 31.127186
84.584585 22.698751 14.362476 -15.770149 31.148220
84.684685 22.713396 14.372536 -15.781397 31.169226
84.784785 22.728022 14.382583 -15.792629 31.190204
84.884885 22.742628 14.392617 -15.803846 31.211154
84.984985 22.757217 14.402637 -15.815047 31.232076
85.085085 22.771786 14.412645 -15.826234 31.252972
85.185185 22.786338 14.422639 -15.837407 31.273841
85.285285 22.800871 14.432620 -15.848564 31.294684
85.385385 22.815387 14.442589 -15.859708 31.315501
85.485485 22.829886 14.452545 -15.870838 31.336293
85.585586 22.844369 14.462490 -15.881954 31.357061
85.685686 22.858834 14.472422 -15.893057 31.377804
85.785786 22.873283 14.482343 -15.904146 31.398522
85.885886 22.887715 14.492251 -15.915221 31.419215
85.985986 22.902130 14.502147 -15.926283 31.439884
86.086086 22.916528 14.512031 -15.937330 31.460528
86.186186 22.930910 14.521903 -15.948365 31.481148
86.286286 22.945277 14.531764 -15.959387 31.501745
86.386386 22.959629 14.541614 -15.970397 31.522320
86.486486 22.973966 14.551454 -15.981394 31.542873
86.586587 22.988288 14.561282 -15.992380 31.563405
86.686687 23.002595 14.571100 -16.003353 31.583914
86.786787 23.016887 14.580907 -16.014313 31.604401
86.886887 23.031165 14.590702 -16.025261 31.624866
86.986987 23.045428 14.600488 -16.036198 31.645310
87.087087 23.059677 14.610263 -16.047123 31.665733
87.187187 23.073914 14.620029 -16.058037 31.686137
87.287287 23.088137 14.629785 -16.068940 31.706522
87.387387 23.102348 14.639532 -16.079833 31.726888
87.487487 23.116547 14.649269 -16.090714 31.747235
87.587588 23.130733 14.658997 -16.101586 31.767563
87.687688 23.144908 14.668717 -16.112448 31.787874
87.787788 23.159071 14.678428 -16.123299 31.808168
87.887888 23.173223 14.688130 -16.134141 31.828445
87.987988 23.187365 14.697825 -16.144974 31.848707
88.088088 23.201497 14.707512 -16.155799 31.868954
88.188188 23.215621 14.717192 -16.166616 31.889187
88.288288 23.229735 14.726865 -16.177424 31.909406
88.388388 23.243841 14.736531 -16.188224 31.929611
88.488488 23.257937 14.746190 -16.199016 31.949803
88.588589 23.272025 14.755841 -16.209800 31.969980
88.688689 23.286103 14.765486 -16.220576 31.990144
88.788789 23.300173 14.775124 -16.231344 32.010293
88.888889 23.314234 14.784755 -16.242104 32.030429
88.988989 23.328286 14.794378 -16.252856 32.050552
89.089089 23.342329 14.803995 -16.263600 32.070660
89.189189 23.356363 14.813605 -16.274336 32.090756
89.289289 23.370390 14.823209 -16.285064 32.110838
89.389389 23.384407 14.832805 -16.295785 32.130907
89.489489 23.398416 14.842395 -16.306497 32.150963
89.589590 23.412417 14.851978 -16.317203 32.171006
89.689690 23.426411 14.861556 -16.327901 32.191038
89.789790 23.440398 14.871128 -16.338594 32.211060
89.889890 23.454379 14.880694 -16.349280 32.231071
89.989990 23.468353 14.890255 -16.359959 32.251071
90.090090 23.482320 14.899810 -16.370632 32.271059
90.190190 23.496278 14.909358 -16.381296 32.291034
90.290290 23.510229 14.918900 -16.391954 32.310998
90.390390 23.524172 14.928437 -16.402605 32.330951
90.490490 23.538108 14.937966 -16.413249 32.350890
90.590591 23.552036 14.947490 -16.423886 32.370818
90.690691 23.565956 14.957007 -16.434515 32.390733
90.790791 23.579866 14.966518 -16.445136 32.410635
90.890891 23.593768 14.976021 -16.455749 32.430522
90.990991 23.607660 14.985517 -16.466354 32.450395
91.091091 23.621543 14.995006 -16.476950 32.470254
91.191191 23.635416 15.004487 -16.487538 32.490097
91.291291 23.649279 15.013960 -16.498117 32.509926
91.391391 23.663132 15.023426 -16.508687 32.529738
91.491491 23.676974 15.032883 -16.519248 32.549535
91.591592 23.690806 15.042333 -16.529800 32.569316
91.691692 23.704627 15.051775 -16.540343 32.589081
91.791792 23.718439 15.061209 -16.550877 32.608832
91.891892 23.732242 15.070636 -16.561404 32.628568
91.991992 23.746035 15.080057 -16.571923 32.648292
92.092092 23.759820 15.089471 -16.582433 32.668001
92.192192 23.773596 15.098877 -16.592936 32.687696
92.292292 23.787362 15.108276 -16.603430 32.707377
92.392392 23.801119 15.117668 -16.613916 32.727043
92.492492 23.814866 15.127053 -16.624393 32.746695
92.592593 23.828604 15.136430 -16.634863 32.766332
92.692693 23.842332 15.145800 -16.645324 32.785955
92.792793 23.856050 15.155163 -16.655776 32.805563
92.892893 23.869758 15.164517 -16.666220 32.825155
92.992993 23.883455 15.173864 -16.676654 32.844731
93.093093 23.897142 15.183203 -16.687079 32.864291
93.193193 23.910817 15.192533 -16.697495 32.883834
93.293293 23.924480 15.201854 -16.707900 32.903359
93.393393 23.938130 15.211166 -16.718295 32.922865
93.493493 23.951767 15.220468 -16.728679 32.942351
93.593594 23.965390 15.229760 -16.739051 32.961816
93.693694 23.978998 15.239041 -16.749412 32.981260
93.793794 23.992592 15.248313 -16.759760 33.000683
93.893894 24.006172 15.257574 -16.770098 33.020085
93.993994 24.019738 15.266825 -16.780424 33.039467
94.094094 24.033289 15.276065 -16.790738 33.058826
94.194194 24.046825 15.285295 -16.801040 33.078165
94.294294 24.060347 15.294514 -16.811331 33.097482
94.394394 24.073855 15.303723 -16.821609 33.116778
94.494494 24.087348 15.312922 -16.831876 33.136052
94.594595 24.100826 15.322109 -16.842131 33.155304
94.694695 24.114289 15.331287 -16.852374 33.174535
94.794795 24.127737 15.340453 -16.862605 33.193744
94.894895 24.141171 15.349610 -16.872824 33.212932
94.994995 24.154591 15.358755 -16.883032 33.232099
95.095095 24.167995 15.367891 -16.893227 33.251243
95.195195 24.181385 15.377015 -16.903411 33.270367
95.295295 24.194760 15.386130 -16.913583 33.289468
95.395395 24.208121 15.395233 -16.923742 33.308548
95.495495 24.221465 15.404325 -16.933890 33.327605
95.595596 24.234794 15.413406 -16.944024 33.346638
95.695696 24.248105 15.422475 -16.954145 33.365647
95.795796 24.261398 15.431532 -16.964252 33.384629
95.895896 24.274672 15.440575 -16.974343 33.403584
95.995996 24.287927 15.449604 -16.984420 33.422510
96.096096 24.301162 15.458619 -16.994481 33.441408
96.196196 24.314378 15.467622 -17.004527 33.460278
96.296296 24.327576 15.476612 -17.014559 33.479123
96.396396 24.340756 15.485589 -17.024578 33.497942
96.496496 24.353919 15.494555 -17.034582 33.516736
96.596597 24.367067 15.503509 -17.044575 33.535508
96.696697 24.380199 15.512452 -17.054555 33.554256
96.796797 24.393314 15.521384 -17.064521 33.572981
96.896897 24.406413 15.530303 -17.074475 33.591680
96.996997 24.419494 15.539211 -17.084414 33.610355
97.097097 24.432557 15.548106 -17.094340 33.629004
97.197197 24.445603 15.556989 -17.104252 33.647628
97.297297 24.458633 15.565860 -17.114151 33.666227
97.397397 24.471646 15.574720 -17.124037 33.684804
97.497497 24.484644 15.583569 -17.133911 33.703358
97.597598 24.497625 15.592406 -17.143772 33.721887
97.697698 24.510590 15.601232 -17.153620 33.740393
97.797798 24.523538 15.610046 -17.163454 33.758875
97.897898 24.536469 15.618848 -17.173275 33.777331
97.997998 24.549381 15.627636 -17.183081 33.795760
98.098098 24.562274 15.636412 -17.192873 33.814162
98.198198 24.575148 15.645174 -17.202649 33.832537
98.298298 24.588003 15.653923 -17.212411 33.850883
98.398398 24.600836 15.662657 -17.222156 33.869199
98.498498 24.613649 15.671377 -17.231885 33.887485
98.598599 24.626439 15.680082 -17.241597 33.905739
98.698699 24.639206 15.688770 -17.251292 33.923959
98.798799 24.651949 15.697443 -17.260968 33.942147
98.898899 24.664669 15.706099 -17.270626 33.960300
98.998999 24.677365 15.714740 -17.280267 33.978420
99.099099 24.690038 15.723364 -17.289889 33.996506
99.199199 24.702687 15.731972 -17.299494 34.014559
99.299299 24.715312 15.740564 -17.309080 34.032577
99.399399 24.727914 15.749140 -17.318648 34.050561
99.499499 24.740491 15.757699 -17.328198 34.068511
99.599600 24.753043 15.766241 -17.337729 34.086425
99.699700 24.765569 15.774766 -17.347240 34.104302
99.799800 24.778070 15.783273 -17.356732 34.122142
99.899900 24.790544 15.791762 -17.366204 34.139945
100.000000 24.802993 15.800235 -17.375657 34.157712
