0.000000 -0.522761 -0.691313 -0.311350 0.920940
0.100100 -0.503076 -0.669569 -0.385455 0.921945
0.200200 -0.478708 -0.641589 -0.455920 0.921227
0.300300 -0.449878 -0.607626 -0.522080 0.918786
0.400400 -0.416818 -0.567948 -0.583271 0.914608
0.500501 -0.379801 -0.522873 -0.638859 0.908728
0.600601 -0.339113 -0.472742 -0.688201 0.901167
0.700701 -0.295030 -0.417874 -0.730566 0.891845
0.800801 -0.247876 -0.358651 -0.765228 0.880708
0.900901 -0.198048 -0.295553 -0.791519 0.867800
1.001001 -0.145984 -0.229111 -0.808719 0.853130
1.101101 -0.092188 -0.159940 -0.816118 0.836736
1.201201 -0.037249 -0.088769 -0.813062 0.818741
1.301301 0.018160 -0.016434 -0.798862 0.799237
1.401401 0.073254 0.056090 -0.772733 0.778221
1.501502 0.127106 0.127638 -0.733982 0.755763
1.601602 0.178613 0.196817 -0.682003 0.731961
1.701702 0.226486 0.261981 -0.616366 0.706992
1.801802 0.269300 0.321284 -0.537136 0.681367
1.901902 0.305484 0.372669 -0.444838 0.655807
2.002002 0.333256 0.413783 -0.340446 0.631014
2.102102 0.350615 0.441962 -0.225579 0.607575
2.202202 0.355509 0.454418 -0.102852 0.586055
2.302302 0.346147 0.448646 0.023842 0.567159
2.402402 0.321429 0.422963 0.149328 0.551827
2.502503 0.281227 0.376897 0.267470 0.540999
2.602603 0.226672 0.311588 0.371829 0.535466
2.702703 0.160140 0.229809 0.456395 0.535493
2.802803 0.085109 0.135828 0.516663 0.540956
2.902903 0.005731 0.034911 0.550548 0.551684
3.003003 -0.073933 -0.067685 0.558215 0.567143
3.103103 -0.150387 -0.167348 0.541535 0.586415
3.203203 -0.220902 -0.260404 0.503422 0.608311
3.303303 -0.283648 -0.344305 0.447549 0.631904
3.403403 -0.337600 -0.417533 0.377783 0.656527
3.503504 -0.382280 -0.479294 0.297636 0.681504
3.603604 -0.417574 -0.529286 0.210194 0.706182
3.703704 -0.443626 -0.567563 0.118115 0.729989
3.803804 -0.460754 -0.594420 0.023685 0.752456
3.903904 -0.469341 -0.610259 -0.071155 0.773149
4.004004 -0.469850 -0.615593 -0.164738 0.791740
4.104104 -0.462803 -0.611024 -0.255636 0.808014
4.204204 -0.448845 -0.597329 -0.342683 0.822007
4.304304 -0.428645 -0.575326 -0.424923 0.833844
4.404404 -0.402812 -0.545759 -0.501533 0.843591
4.504505 -0.371957 -0.509386 -0.571840 0.851368
4.604605 -0.336650 -0.466913 -0.635242 0.857248
4.704705 -0.297437 -0.419019 -0.691207 0.861285
4.804805 -0.254823 -0.366330 -0.739184 0.863438
4.904905 -0.209294 -0.309445 -0.778606 0.863590
5.005005 -0.161376 -0.249023 -0.809026 0.861729
5.105105 -0.111618 -0.185753 -0.830057 0.857880
5.205205 -0.060577 -0.120335 -0.841304 0.852023
5.305305 -0.008837 -0.053508 -0.842405 0.844149
5.405405 0.042980 0.013941 -0.833069 0.834294
5.505506 0.094206 0.081163 -0.812978 0.822433
5.605606 0.144118 0.147238 -0.781859 0.808549
5.705706 0.191949 0.211176 -0.739645 0.792789
5.805806 0.236868 0.271903 -0.686374 0.775337
5.905906 0.277920 0.328184 -0.622042 0.756227
6.006006 0.314016 0.378606 -0.546746 0.735445
6.106106 0.343937 0.421576 -0.460822 0.713005
6.206206 0.366341 0.455327 -0.364943 0.688993
6.306306 0.379899 0.478079 -0.260360 0.663830
6.406406 0.383149 0.487850 -0.148844 0.637931
6.506507 0.374529 0.482502 -0.032850 0.611686
6.606607 0.352638 0.460050 0.084151 0.585731
6.706707 0.316467 0.418959 0.197577 0.560994
6.806807 0.265691 0.358522 0.301673 0.538643
6.906907 0.201012 0.279313 0.389734 0.519918
7.007007 0.124605 0.183791 0.454736 0.506054
7.107107 0.040346 0.076668 0.490711 0.498300
7.207207 -0.046527 -0.035460 0.494093 0.497544
7.307307 -0.130279 -0.145200 0.464573 0.503868
7.407407 -0.205712 -0.245669 0.405330 0.516685
7.507508 -0.269029 -0.331675 0.322109 0.534919
7.607608 -0.318174 -0.400213 0.221821 0.557324
7.707708 -0.352564 -0.450195 0.111175 0.582526
7.807808 -0.372769 -0.482069 -0.004009 0.609396
7.907908 -0.379998 -0.497162 -0.119086 0.636985
8.008008 -0.375701 -0.497177 -0.230574 0.664455
8.108108 -0.361445 -0.484013 -0.335955 0.691214
8.208208 -0.338811 -0.459630 -0.433550 0.716951
8.308308 -0.309278 -0.425888 -0.522300 0.741506
8.408408 -0.274054 -0.384306 -0.601399 0.764511
8.508509 -0.234215 -0.336251 -0.670327 0.785658
8.608609 -0.190790 -0.283044 -0.728934 0.804897
8.708709 -0.144679 -0.225849 -0.777189 0.822170
8.808809 -0.096661 -0.165669 -0.815066 0.837330
8.908909 -0.047450 -0.103436 -0.842701 0.850351
9.009009 0.002303 -0.040000 -0.860266 0.861199
9.109109 0.052004 0.023865 -0.867928 0.869812
9.209209 0.101092 0.087425 -0.865827 0.876082
9.309309 0.149031 0.149980 -0.854107 0.879888
9.409409 0.195327 0.210874 -0.833122 0.881313
9.509510 0.239495 0.269464 -0.803188 0.880386
9.609610 0.281057 0.325116 -0.764616 0.877115
9.709710 0.319542 0.377206 -0.717767 0.871540
9.809810 0.354479 0.425103 -0.663028 0.863698
9.909910 0.385364 0.468136 -0.600788 0.853582
10.010010 0.411614 0.505535 -0.531398 0.841056
10.110110 0.432674 0.536557 -0.455375 0.826115
10.210210 0.448024 0.560494 -0.373409 0.808896
10.310310 0.457057 0.576524 -0.286248 0.789442
10.410410 0.459160 0.583811 -0.194816 0.767865
10.510511 0.453677 0.581448 -0.100242 0.744280
10.610611 0.439907 0.568460 -0.003916 0.718805
10.710711 0.417117 0.543811 0.092395 0.691559
10.810811 0.384619 0.506501 0.186453 0.662752
10.910911 0.341851 0.455659 0.275398 0.632717
11.011011 0.288434 0.390615 0.355599 0.601852
11.111111 0.224545 0.311379 0.422678 0.570994
11.211211 0.151052 0.218808 0.471338 0.541159
11.311311 0.069934 0.115164 0.495675 0.513660
11.411411 -0.015243 0.004773 0.489974 0.490234
11.511512 -0.099191 -0.105736 0.450088 0.472861
11.611612 -0.175321 -0.207879 0.375382 0.463533
11.711712 -0.236922 -0.292783 0.269809 0.463304
11.811812 -0.278809 -0.353325 0.141813 0.471894
11.911912 -0.298620 -0.385892 0.002510 0.487947
12.012012 -0.297090 -0.390890 -0.137128 0.509766
12.112112 -0.276982 -0.371452 -0.268325 0.535438
12.212212 -0.241965 -0.332027 -0.385232 0.563199
12.312312 -0.195856 -0.277387 -0.484599 0.591726
12.412412 -0.142029 -0.211821 -0.564970 0.619864
12.512513 -0.083333 -0.138998 -0.626043 0.646680
12.612613 -0.022112 -0.061964 -0.668178 0.671410
12.712713 0.039705 0.016742 -0.692258 0.693598
12.812813 0.100536 0.095022 -0.699353 0.712903
12.912913 0.159078 0.171134 -0.690623 0.729077
13.013013 0.214280 0.243649 -0.667461 0.742149
13.113113 0.265245 0.311344 -0.631182 0.752118
13.213213 0.311138 0.373079 -0.582906 0.758798
13.313313 0.351209 0.427831 -0.523788 0.762064
13.413413 0.384815 0.474705 -0.455090 0.761928
13.513514 0.411363 0.512868 -0.378106 0.758431
13.613614 0.430206 0.541423 -0.294108 0.751476
13.713714 0.440715 0.559486 -0.204475 0.740989
13.813814 0.442257 0.566160 -0.110754 0.726908
13.913914 0.434298 0.560669 -0.014720 0.709353
14.014014 0.416464 0.542426 0.081572 0.688711
14.114114 0.388325 0.510756 0.175751 0.665249
14.214214 0.349533 0.465070 0.264999 0.639287
14.314314 0.299952 0.405021 0.345926 0.611292
14.414414 0.239698 0.330550 0.414342 0.581720
14.514515 0.169478 0.242322 0.465250 0.551272
14.614615 0.090962 0.142207 0.492894 0.521000
14.714715 0.007213 0.033861 0.491171 0.492390
14.814815 -0.076827 -0.076605 0.454542 0.467311
14.914915 -0.154243 -0.180400 0.380039 0.448068
15.015015 -0.216916 -0.266924 0.269772 0.437125
15.115115 -0.257325 -0.326040 0.132073 0.435846
15.215215 -0.271249 -0.351599 -0.019257 0.444487
15.315315 -0.258784 -0.342957 -0.168824 0.461617
15.415415 -0.223676 -0.304321 -0.303880 0.484753
15.515516 -0.171737 -0.242800 -0.416358 0.511663
15.615616 -0.108775 -0.165710 -0.502408 0.540098
15.715716 -0.039868 -0.079582 -0.561405 0.568417
15.815816 0.030918 0.010261 -0.594620 0.595512
15.915916 0.100497 0.099730 -0.604105 0.620474
16.016016 0.166572 0.185727 -0.592429 0.642817
16.116116 0.227458 0.265938 -0.562289 0.662291
16.216216 0.281849 0.338554 -0.516125 0.678560
16.316316 0.328789 0.402219 -0.456342 0.691470
16.416416 0.367613 0.455953 -0.385331 0.701079
16.516517 0.397751 0.498911 -0.305260 0.707320
16.616617 0.418750 0.530405 -0.218223 0.710143
16.716717 0.430272 0.549891 -0.126296 0.709552
16.816817 0.431985 0.556840 -0.031550 0.705462
16.916917 0.423630 0.550805 0.063872 0.697803
17.017017 0.405019 0.531434 0.157677 0.686531
17.117117 0.376035 0.498447 0.247361 0.671595
17.217217 0.336757 0.451812 0.330182 0.653115
17.317317 0.287445 0.391707 0.403039 0.631268
17.417417 0.228567 0.318558 0.462311 0.606180
17.517518 0.161082 0.233402 0.503937 0.578253
17.617618 0.086650 0.138158 0.523410 0.548228
17.717718 0.007899 0.035983 0.515891 0.517205
17.817818 -0.071135 -0.068156 0.476373 0.486453
17.917918 -0.144546 -0.166824 0.400885 0.457638
18.018018 -0.204422 -0.249822 0.288816 0.433144
18.118118 -0.241924 -0.305447 0.145740 0.416011
18.218218 -0.250008 -0.323914 -0.014719 0.409440
18.318318 -0.226568 -0.301534 -0.173260 0.415060
18.418418 -0.175649 -0.242593 -0.310992 0.431764
18.518519 -0.105573 -0.157219 -0.415302 0.456442
18.618619 -0.025585 -0.057127 -0.481494 0.485545
18.718719 0.056529 0.047556 -0.510777 0.516092
18.818819 0.135142 0.149346 -0.507410 0.545924
18.918919 0.206548 0.243185 -0.476677 0.573605
19.019019 0.268416 0.325802 -0.423826 0.598182
19.119119 0.319366 0.395167 -0.353684 0.619068
19.219219 0.358703 0.450163 -0.270664 0.636061
19.319319 0.386030 0.490088 -0.178602 0.648925
19.419419 0.401164 0.514531 -0.080922 0.657437
19.519520 0.404117 0.523349 0.019174 0.661492
19.619620 0.395050 0.516598 0.118656 0.661073
19.719720 0.374305 0.494573 0.214574 0.656315
19.819820 0.342326 0.457702 0.303982 0.647367
19.919920 0.299683 0.406567 0.383828 0.634375
20.020020 0.247067 0.341896 0.450767 0.617354
20.120120 0.185561 0.264915 0.501329 0.596610
20.220220 0.116712 0.177436 0.531759 0.572602
20.320320 0.042640 0.081989 0.537851 0.545732
20.420420 -0.033556 -0.017635 0.515289 0.516681
20.520521 -0.107462 -0.115917 0.460300 0.486684
20.620621 -0.173079 -0.205208 0.370845 0.457813
20.720721 -0.222830 -0.275649 0.248152 0.432683
20.820821 -0.248496 -0.316266 0.099228 0.414271
20.920921 -0.243730 -0.318133 -0.061444 0.405448
21.021021 -0.207210 -0.278543 -0.213946 0.407793
21.121121 -0.144036 -0.203130 -0.339072 0.420688
21.221221 -0.063943 -0.103890 -0.425030 0.442190
21.321321 0.022686 0.005891 -0.469095 0.469681
21.421421 0.107631 0.115424 -0.474573 0.500127
21.521522 0.185357 0.217244 -0.447609 0.530948
21.621622 0.252639 0.306839 -0.395151 0.560465
21.721722 0.307822 0.381744 -0.323655 0.587567
21.821822 0.350246 0.440829 -0.238680 0.611531
21.921922 0.379864 0.483798 -0.144959 0.631958
22.022022 0.396885 0.510722 -0.046435 0.648468
22.122122 0.401743 0.521994 0.053498 0.660861
22.222222 0.395076 0.518291 0.151872 0.669160
22.322322 0.377621 0.500433 0.246064 0.673483
22.422422 0.350111 0.469247 0.333653 0.673866
22.522523 0.313181 0.425433 0.412188 0.670056
22.622623 0.267531 0.369767 0.479156 0.661733
22.722723 0.214092 0.303331 0.532059 0.648793
22.822823 0.154018 0.227486 0.568299 0.631217
22.922923 0.088783 0.144003 0.585230 0.609191
23.023023 0.020270 0.055175 0.579953 0.582924
23.123123 -0.049017 -0.035928 0.549164 0.552516
23.223223 -0.115566 -0.124935 0.489501 0.518243
23.323323 -0.174459 -0.205617 0.398372 0.481056
23.423423 -0.218872 -0.269188 0.275076 0.442758
23.523524 -0.240062 -0.304153 0.123482 0.406677
23.623624 -0.228948 -0.298143 -0.043792 0.378449
23.723724 -0.180178 -0.243051 -0.202955 0.364319
23.823824 -0.098462 -0.143500 -0.324693 0.368392
23.923924 0.000884 -0.018313 -0.389448 0.389880
24.024024 0.100640 0.110282 -0.396591 0.423762
24.124124 0.189172 0.226667 -0.357709 0.463810
24.224224 0.261155 0.323260 -0.286797 0.504927
24.324324 0.315285 0.397772 -0.195927 0.544072
24.424424 0.352269 0.450663 -0.094206 0.579711
24.524525 0.373654 0.483601 0.011790 0.611249
24.624625 0.381050 0.498438 0.117388 0.638294
24.724725 0.375954 0.496934 0.219152 0.660539
24.824825 0.359831 0.480854 0.314487 0.677939
24.924925 0.334069 0.451893 0.401377 0.690589
25.025025 0.299850 0.411491 0.478062 0.698411
25.125125 0.258263 0.360973 0.542942 0.701276
25.225225 0.210377 0.301648 0.594491 0.699049
25.325325 0.157308 0.234885 0.631286 0.691693
25.425425 0.100288 0.162214 0.652052 0.679370
25.525526 0.040645 0.085286 0.655456 0.662230
25.625626 -0.020108 0.005980 0.640007 0.640350
25.725726 -0.080138 -0.073421 0.603958 0.613659
25.825826 -0.137122 -0.149996 0.545631 0.582250
25.925926 -0.188077 -0.219952 0.463813 0.546694
26.026026 -0.228924 -0.278059 0.357606 0.507548
26.126126 -0.254166 -0.317184 0.227590 0.465836
26.226226 -0.256919 -0.328209 0.078142 0.424069
26.326326 -0.229797 -0.301024 -0.079501 0.386966
26.426426 -0.168033 -0.228402 -0.224004 0.361359
26.526527 -0.075474 -0.113866 -0.326317 0.353757
26.626627 0.032019 0.023196 -0.364189 0.366329
26.726727 0.134255 0.156729 -0.336662 0.394879
26.826827 0.217569 0.268257 -0.259995 0.432315
26.926927 0.277265 0.350709 -0.154223 0.472925
27.027027 0.313907 0.404021 -0.035188 0.512844
27.127127 0.329963 0.430851 0.086406 0.549522
27.227227 0.328457 0.434757 0.203548 0.581661
27.327327 0.312278 0.419243 0.311677 0.608625
27.427427 0.283983 0.387467 0.407753 0.630110
27.527528 0.245822 0.342230 0.489667 0.646006
27.627628 0.199771 0.286006 0.555836 0.656248
27.727728 0.147626 0.221055 0.604983 0.660805
27.827828 0.091112 0.149557 0.636116 0.659782
27.927928 0.031906 0.073623 0.648146 0.653094
28.028028 -0.028256 -0.004566 0.639749 0.640389
28.128128 -0.087409 -0.082527 0.609797 0.621533
28.228228 -0.143278 -0.157364 0.557444 0.596687
28.328328 -0.193138 -0.225580 0.482098 0.566222
28.428428 -0.233520 -0.282706 0.383493 0.530586
28.528529 -0.259839 -0.322785 0.262258 0.490393
28.628629 -0.266192 -0.338033 0.121447 0.447072
28.728729 -0.245771 -0.319241 -0.030820 0.404064
28.828829 -0.192424 -0.257625 -0.177826 0.367450
28.928929 -0.105447 -0.150906 -0.292213 0.345370
29.029029 0.003426 -0.012781 -0.344478 0.344732
29.129129 0.111888 0.128468 -0.323618 0.365720
29.229229 0.200983 0.247597 -0.244363 0.401761
29.329329 0.263345 0.333858 -0.131329 0.445038
29.429429 0.299873 0.387401 -0.004718 0.489924
29.529530 0.314484 0.412651 0.122627 0.533121
29.629630 0.311431 0.414734 0.243311 0.572882
29.729730 0.294461 0.398290 0.353257 0.608385
29.829830 0.266598 0.367114 0.450201 0.639162
29.929930 0.230252 0.324260 0.532851 0.664898
30.030030 0.187470 0.272342 0.600615 0.685604
30.130130 0.140001 0.213614 0.653338 0.701485
30.230230 0.089320 0.149982 0.690999 0.712708
30.330330 0.036710 0.083101 0.713566 0.719326
30.430430 -0.016651 0.014501 0.721112 0.721450
30.530531 -0.069629 -0.054361 0.713562 0.719009
30.630631 -0.121084 -0.122015 0.690733 0.711802
30.730731 -0.169848 -0.186948 0.652757 0.699921
30.830831 -0.214686 -0.247552 0.599862 0.683525
30.930931 -0.254253 -0.302069 0.532382 0.662813
31.031031 -0.287054 -0.348543 0.450879 0.638102
31.131131 -0.311441 -0.384792 0.356294 0.609922
31.231231 -0.325362 -0.408101 0.249914 0.578675
31.331331 -0.326320 -0.415142 0.133774 0.544723
31.431431 -0.311491 -0.402086 0.011423 0.508754
31.531532 -0.277861 -0.364742 -0.111268 0.471831
31.631632 -0.223002 -0.299507 -0.224962 0.435938
31.731732 -0.146571 -0.205263 -0.316152 0.404436
31.831832 -0.052572 -0.086354 -0.368225 0.381851
31.931932 0.048707 0.044638 -0.366795 0.372698
32.032032 0.142346 0.168601 -0.308388 0.379199
32.132132 0.215113 0.267872 -0.204163 0.399639
32.232232 0.260852 0.333518 -0.073611 0.429763
32.332332 0.280269 0.365539 0.064908 0.465169
32.432432 0.277422 0.368540 0.198638 0.502237
32.532533 0.257106 0.348346 0.320127 0.538452
32.632633 0.223752 0.310498 0.425567 0.572347
32.732733 0.180985 0.259594 0.513220 0.602942
32.832833 0.131759 0.199429 0.582654 0.629776
32.932933 0.078453 0.133090 0.634070 0.652620
33.033033 0.022979 0.063073 0.667958 0.671323
33.133133 -0.033063 -0.008521 0.684961 0.685811
33.233233 -0.088293 -0.079885 0.685571 0.695834
33.333333 -0.141459 -0.149373 0.670334 0.701193
33.433433 -0.191383 -0.215430 0.639871 0.701764
33.533534 -0.236919 -0.276542 0.594849 0.697460
33.633634 -0.276927 -0.331197 0.536050 0.688280
33.733734 -0.310133 -0.377711 0.464200 0.674040
33.833834 -0.335079 -0.414159 0.380098 0.654432
33.933934 -0.350190 -0.438445 0.284956 0.629338
34.034034 -0.353764 -0.448281 0.180558 0.598920
34.134134 -0.343848 -0.441014 0.069443 0.563513
34.234234 -0.318153 -0.413497 -0.044631 0.523634
34.334334 -0.274150 -0.362169 -0.155791 0.480204
34.434434 -0.209506 -0.283543 -0.254640 0.434892
34.534535 -0.123443 -0.175874 -0.326321 0.390711
34.634635 -0.020229 -0.043641 -0.350135 0.353424
34.734735 0.085976 0.095866 -0.305725 0.331738
34.834835 0.171689 0.212433 -0.190265 0.332875
34.934935 0.217900 0.280166 -0.030170 0.356207
35.035035 0.222624 0.294627 0.137063 0.393895
35.135135 0.195502 0.267002 0.285885 0.437312
35.235235 0.147717 0.211202 0.405409 0.480399
35.335335 0.088107 0.138535 0.493260 0.519866
35.435435 0.022953 0.057190 0.550870 0.554306
35.535536 -0.043422 -0.027106 0.580971 0.583221
35.635636 -0.108007 -0.110312 0.586616 0.606591
35.735736 -0.168610 -0.189453 0.570586 0.624412
35.835836 -0.223492 -0.262164 0.535220 0.636505
35.935936 -0.271216 -0.326476 0.482757 0.642806
36.036036 -0.310553 -0.380691 0.415421 0.643384
36.136136 -0.340411 -0.423281 0.335463 0.638421
36.236236 -0.359649 -0.452663 0.245125 0.627963
36.336336 -0.367041 -0.467129 0.146801 0.611947
36.436436 -0.361309 -0.464889 0.043342 0.590377
36.536537 -0.341135 -0.444059 -0.061711 0.563355
36.636637 -0.305232 -0.402745 -0.163727 0.531203
36.736737 -0.252518 -0.339234 -0.256442 0.494578
36.836837 -0.182495 -0.252447 -0.331082 0.454587
36.936937 -0.096267 -0.143193 -0.375331 0.413092
37.037037 0.001108 -0.017230 -0.373567 0.373965
37.137137 0.097429 0.110446 -0.310225 0.343410
37.237237 0.172363 0.213735 -0.181614 0.329204
37.337337 0.205920 0.265697 -0.009801 0.336294
37.437437 0.192954 0.257677 0.165161 0.361810
37.537538 0.144197 0.201933 0.310931 0.397804
37.637638 0.074952 0.117581 0.414200 0.437041
37.737738 -0.002446 0.020546 0.474575 0.475026
37.837838 -0.079860 -0.078419 0.496702 0.509157
37.937938 -0.152186 -0.172426 0.486427 0.538054
38.038038 -0.216187 -0.257012 0.449336 0.560977
38.138138 -0.269686 -0.329115 0.390357 0.577430
38.238238 -0.311157 -0.386540 0.313963 0.587200
38.338338 -0.339452 -0.427595 0.224306 0.590236
38.438438 -0.353513 -0.450716 0.125307 0.586360
38.538539 -0.352351 -0.454426 0.020996 0.575408
38.638639 -0.335112 -0.437394 -0.084160 0.557402
38.738739 -0.300938 -0.398251 -0.184886 0.532307
38.838839 -0.249260 -0.335930 -0.274611 0.500391
38.938939 -0.180341 -0.250354 -0.344927 0.462790
39.039039 -0.095820 -0.143072 -0.384492 0.421290
39.139139 -0.000600 -0.019692 -0.378659 0.379171
39.239239 0.093817 0.105692 -0.311936 0.342456
39.339339 0.166921 0.206867 -0.178296 0.320073
39.439439 0.195786 0.253160 0.001452 0.320038
39.539540 0.173283 0.233076 0.181707 0.342592
39.639640 0.112966 0.162228 0.324276 0.379782
39.739740 0.033957 0.064670 0.415858 0.422224
39.839840 -0.049479 -0.041016 0.459273 0.463748
39.939940 -0.128912 -0.143519 0.462839 0.501433
40.040040 -0.199811 -0.236550 0.435171 0.534092
40.140140 -0.259723 -0.316585 0.383380 0.560948
40.240240 -0.307290 -0.381575 0.313287 0.581529
40.340340 -0.341753 -0.430294 0.229817 0.595621
40.440440 -0.362642 -0.461922 0.137235 0.603088
40.540541 -0.369614 -0.475820 0.039427 0.603799
40.640641 -0.362397 -0.471450 -0.059834 0.597643
40.740741 -0.340781 -0.448343 -0.156630 0.584531
40.840841 -0.304521 -0.405963 -0.246561 0.564209
40.940941 -0.253491 -0.343883 -0.324333 0.536382
41.041041 -0.188093 -0.262297 -0.383409 0.501180
41.141141 -0.109701 -0.162557 -0.415363 0.459332
41.241241 -0.021660 -0.048438 -0.409129 0.412555
41.341341 0.068403 0.070892 -0.350905 0.364471
41.441441 0.144687 0.175614 -0.228585 0.322530
41.541542 0.181781 0.232587 -0.047970 0.299068
41.641642 0.159617 0.213687 0.147214 0.304650
41.741742 0.087446 0.127945 0.298379 0.336224
41.841842 -0.006618 0.010445 0.380321 0.380522
41.941942 -0.100542 -0.109995 0.399813 0.426682
42.042042 -0.183278 -0.218301 0.372677 0.469185
42.142142 -0.250257 -0.307871 0.312867 0.505271
42.242242 -0.299875 -0.376096 0.231085 0.533642
42.342342 -0.331793 -0.422127 0.135562 0.553764
42.442442 -0.346169 -0.445843 0.032838 0.565409
42.542543 -0.343367 -0.447433 -0.071496 0.568515
42.642643 -0.323843 -0.427231 -0.172296 0.563105
42.742743 -0.288187 -0.385740 -0.264414 0.549328
42.842843 -0.237135 -0.323635 -0.342235 0.527349
42.942943 -0.171845 -0.242082 -0.399209 0.497496
43.043043 -0.094303 -0.143238 -0.427066 0.460212
43.143143 -0.008414 -0.031626 -0.415342 0.416629
43.243243 0.077864 0.083085 -0.351668 0.369643
43.343343 0.149011 0.181365 -0.225336 0.325383
43.443443 0.180204 0.230831 -0.042326 0.295885
43.543544 0.150638 0.202381 0.153220 0.295172
43.643644 0.069770 0.105100 0.298467 0.324032
43.743744 -0.030780 -0.021437 0.367349 0.369259
43.843844 -0.126977 -0.145608 0.370935 0.418232
43.943944 -0.208172 -0.252674 0.328772 0.463973
44.044044 -0.271010 -0.337490 0.256964 0.503365
44.144144 -0.315237 -0.399145 0.167209 0.535397
44.244244 -0.341621 -0.438214 0.067874 0.559771
44.344344 -0.351121 -0.455626 -0.034866 0.576278
44.444444 -0.344757 -0.452454 -0.136030 0.584873
44.544545 -0.323464 -0.429686 -0.231265 0.585442
44.644645 -0.288211 -0.388371 -0.316453 0.577962
44.744745 -0.240184 -0.329839 -0.387515 0.562717
44.844845 -0.180686 -0.255542 -0.439857 0.539836
44.944945 -0.111389 -0.167368 -0.467972 0.509331
45.045045 -0.034967 -0.068444 -0.465252 0.471558
45.145145 0.044047 0.035770 -0.423733 0.427515
45.245245 0.117520 0.135201 -0.334567 0.379507
45.345345 0.170897 0.211339 -0.191657 0.332570
45.445445 0.181942 0.234959 -0.004666 0.297204
45.545546 0.132280 0.180048 0.181221 0.287674
45.645646 0.034100 0.059152 0.301702 0.309331
45.745746 -0.075974 -0.081571 0.333055 0.351214
45.845846 -0.171694 -0.207204 0.295050 0.399333
45.945946 -0.243961 -0.304620 0.215013 0.445579
46.046046 -0.291936 -0.371737 0.112904 0.485965
46.146146 -0.317435 -0.410250 0.001789 0.518723
46.246246 -0.322939 -0.422929 -0.109591 0.543294
46.346346 -0.310774 -0.412472 -0.215032 0.559421
46.446446 -0.283032 -0.381339 -0.309702 0.566958
46.546547 -0.241720 -0.331922 -0.389483 0.565949
46.646647 -0.188773 -0.266523 -0.450403 0.556357
46.746747 -0.126218 -0.187546 -0.488166 0.537969
46.846847 -0.056568 -0.098003 -0.498002 0.510696
46.946947 0.016682 -0.002142 -0.474537 0.474835
47.047047 0.088231 0.093496 -0.411513 0.431126
47.147147 0.149299 0.177887 -0.302412 0.381296
47.247247 0.185008 0.231922 -0.144777 0.330116
47.347347 0.173321 0.226360 0.046297 0.288830
47.447447 0.098421 0.138052 0.216702 0.275145
47.547548 -0.018064 -0.008537 0.296520 0.297192
47.647648 -0.130687 -0.155204 0.274883 0.341655
47.747748 -0.214425 -0.267780 0.188175 0.391272
47.847848 -0.265130 -0.339182 0.070943 0.436315
47.947948 -0.285983 -0.372427 -0.054932 0.472764
48.048048 -0.281471 -0.372655 -0.176256 0.499163
48.148148 -0.255845 -0.344937 -0.284509 0.515154
48.248248 -0.212924 -0.293904 -0.373582 0.520845
48.348348 -0.156307 -0.223964 -0.438582 0.516668
48.448448 -0.089521 -0.139442 -0.474809 0.502893
48.548549 -0.016524 -0.045212 -0.477442 0.479863
48.648649 0.057599 0.052409 -0.441330 0.448148
48.748749 0.125593 0.144312 -0.361089 0.408637
48.848849 0.176393 0.216353 -0.233507 0.363936
48.948949 0.193480 0.246921 -0.063756 0.320108
49.049049 0.157706 0.209873 0.120323 0.288783
49.149149 0.065438 0.097508 0.258602 0.284016
49.249249 -0.052405 -0.052797 0.299165 0.308274
49.349349 -0.156099 -0.189388 0.248147 0.349015
49.449449 -0.227481 -0.286924 0.142806 0.393022
49.549550 -0.265049 -0.341871 0.015028 0.432842
49.649650 -0.272873 -0.358481 -0.115007 0.464968
49.749750 -0.256066 -0.342748 -0.234975 0.488118
49.849850 -0.219497 -0.300571 -0.336965 0.502064
49.949950 -0.167446 -0.237195 -0.415212 0.506656
50.050050 -0.103848 -0.157456 -0.464691 0.501512
50.150150 -0.032852 -0.066478 -0.480634 0.486321
50.250250 0.040595 0.029576 -0.458384 0.461128
50.350350 0.109981 0.122517 -0.393372 0.426436
50.450450 0.165922 0.200387 -0.282164 0.383799
50.550551 0.194311 0.244872 -0.126261 0.337136
50.650651 0.175876 0.230200 0.057037 0.295258
50.750751 0.096837 0.136006 0.216723 0.273576
50.850851 -0.023127 -0.015746 0.283239 0.284617
50.950951 -0.136203 -0.164037 0.240773 0.321607
51.051051 -0.213563 -0.269546 0.130528 0.367834
51.151151 -0.251999 -0.326021 -0.005377 0.412094
51.251251 -0.257322 -0.339698 -0.141418 0.449008
51.351351 -0.236315 -0.318637 -0.263428 0.476202
51.451451 -0.195246 -0.270541 -0.363349 0.493291
51.551552 -0.139520 -0.202139 -0.436087 0.500498
51.651652 -0.073833 -0.119303 -0.477617 0.497798
51.751752 -0.002846 -0.027875 -0.484345 0.485155
51.851852 0.068232 0.065572 -0.452968 0.462747
51.951952 0.132904 0.152784 -0.380676 0.431185
52.052052 0.182399 0.222483 -0.266231 0.391978
52.152152 0.204408 0.258573 -0.113286 0.348534
52.252252 0.183166 0.239837 0.061315 0.307946
52.352352 0.107317 0.149433 0.214336 0.282465
52.452452 -0.008781 0.002849 0.284251 0.284401
52.552553 -0.122869 -0.146442 0.247951 0.313084
52.652653 -0.203434 -0.256013 0.139340 0.355449
52.752753 -0.244533 -0.316020 0.001621 0.399584
52.852853 -0.251988 -0.332600 -0.137347 0.439301
52.952953 -0.233428 -0.314869 -0.262675 0.471836
53.053053 -0.195548 -0.271094 -0.366592 0.496105
53.153153 -0.143932 -0.208285 -0.444954 0.511941
53.253253 -0.083180 -0.132259 -0.495120 0.519187
53.353353 -0.017394 -0.048225 -0.515230 0.517774
53.453453 0.049396 0.038681 -0.503867 0.507758
53.553554 0.112855 0.122924 -0.459607 0.488964
53.653654 0.167794 0.197849 -0.381385 0.461252
53.753754 0.207553 0.254839 -0.269421 0.424981
53.853854 0.223386 0.282403 -0.127362 0.381934
53.953954 0.203997 0.265362 0.033251 0.336359
54.054054 0.138102 0.187692 0.183597 0.296662
54.154154 0.027895 0.049574 0.270519 0.276435
54.254254 -0.093046 -0.107864 0.248498 0.286432
54.354354 -0.181688 -0.228129 0.134799 0.321285
54.454454 -0.223398 -0.289623 -0.016864 0.366159
54.554555 -0.225311 -0.299609 -0.167252 0.410492
54.654655 -0.198802 -0.271847 -0.297491 0.449359
54.754755 -0.153337 -0.218196 -0.399977 0.480732
54.854855 -0.096075 -0.147779 -0.472099 0.503931
54.954955 -0.032449 -0.067586 -0.513251 0.518698
55.055055 0.033132 0.016666 -0.523694 0.525006
55.155155 0.096772 0.099921 -0.503915 0.522762
55.255255 0.154723 0.177287 -0.454771 0.512041
55.355355 0.203012 0.243567 -0.377547 0.493032
55.455455 0.236935 0.292590 -0.274001 0.465643
55.555556 0.250699 0.316695 -0.147649 0.430053
55.655656 0.237073 0.306160 -0.005959 0.387263
55.755756 0.187552 0.249197 0.135186 0.339926
55.855856 0.096515 0.136922 0.243414 0.295488
55.955956 -0.024974 -0.018937 0.267155 0.268987
56.056056 -0.134470 -0.165112 0.174436 0.275268
56.156156 -0.189782 -0.244947 0.007595 0.309958
56.256256 -0.188636 -0.252089 -0.165036 0.355485
56.356356 -0.149241 -0.208233 -0.306532 0.399494
56.456456 -0.088418 -0.134559 -0.405605 0.436393
56.556557 -0.017816 -0.046072 -0.461221 0.463858
56.656657 0.054510 0.046688 -0.475928 0.481309
56.756757 0.122610 0.135849 -0.453305 0.488849
56.856857 0.181536 0.214841 -0.396853 0.486420
56.956957 0.226642 0.277468 -0.310381 0.474017
57.057057 0.253104 0.317255 -0.198675 0.451867
57.157157 0.255521 0.326880 -0.068540 0.420523
57.257257 0.227821 0.297941 0.068930 0.381343
57.357357 0.164208 0.221965 0.194118 0.337512
57.457457 0.063937 0.096272 0.272693 0.296172
57.557558 -0.055594 -0.058952 0.258483 0.270886
57.657658 -0.150214 -0.187483 0.134008 0.275086
57.757758 -0.183851 -0.240053 -0.047923 0.306143
57.857858 -0.161190 -0.219290 -0.218690 0.349135
57.957958 -0.104392 -0.152225 -0.345890 0.392059
58.058058 -0.031836 -0.062298 -0.423266 0.429009
58.158158 0.044543 0.034888 -0.454220 0.457730
58.258258 0.117096 0.129157 -0.444574 0.477534
58.358358 0.180564 0.213417 -0.400185 0.488158
58.458458 0.230915 0.282176 -0.326717 0.489581
58.558559 0.264624 0.330591 -0.229810 0.481798
58.658659 0.278250 0.353909 -0.115652 0.464812
58.758759 0.268233 0.347138 0.008020 0.438769
58.858859 0.230981 0.305095 0.130359 0.404263
58.958959 0.163616 0.223226 0.234668 0.362862
59.059059 0.066927 0.101222 0.294415 0.318442
59.159159 -0.046054 -0.045888 0.273115 0.280747
59.259259 -0.138925 -0.172246 0.146877 0.265597
59.359359 -0.169214 -0.221017 -0.045621 0.282070
59.459459 -0.134571 -0.185170 -0.224467 0.320597
59.559560 -0.063000 -0.098728 -0.346105 0.365383
59.659660 0.020851 0.006668 -0.406043 0.406633
59.759760 0.102460 0.111810 -0.413108 0.440065
59.859860 0.173748 0.205736 -0.377601 0.463787
59.959960 0.229814 0.281649 -0.308768 0.476947
60.060060 0.267331 0.334832 -0.214967 0.479363
60.160160 0.283711 0.361538 -0.104250 0.471243
60.260260 0.276555 0.358241 0.014923 0.452815
60.360360 0.243522 0.321405 0.132337 0.424402
60.460460 0.182660 0.247804 0.233898 0.386627
60.560561 0.094301 0.136818 0.298599 0.341721
60.660661 -0.013606 -0.002815 0.295715 0.296042
60.760761 -0.114172 -0.137948 0.192949 0.263238
60.860861 -0.159822 -0.206490 0.002159 0.261124
60.960961 -0.128844 -0.176159 -0.192275 0.290865
61.061061 -0.049814 -0.080431 -0.321024 0.334674
61.161161 0.042706 0.036533 -0.373780 0.377981
61.261261 0.128928 0.148448 -0.364576 0.414216
61.361361 0.199243 0.242105 -0.309281 0.440417
61.461461 0.248773 0.310523 -0.221377 0.455324
61.561562 0.274680 0.349456 -0.112392 0.458476
61.661662 0.275020 0.355859 0.006973 0.449800
61.761762 0.248443 0.327422 0.125423 0.429721
61.861862 0.194071 0.262326 0.229306 0.398823
61.961962 0.112724 0.160709 0.300142 0.358635
62.062062 0.010599 0.029287 0.312001 0.313551
62.162162 -0.092311 -0.107652 0.233737 0.273392
62.262262 -0.153448 -0.195437 0.058459 0.255263
62.362362 -0.135868 -0.182949 -0.146451 0.270884
62.462462 -0.057221 -0.088507 -0.291042 0.309538
62.562563 0.040776 0.035253 -0.349439 0.353572
62.662663 0.131666 0.153369 -0.336941 0.392922
62.762763 0.203748 0.249657 -0.274682 0.423429
62.862863 0.252396 0.317259 -0.180292 0.443692
62.962963 0.275828 0.353172 -0.067724 0.453209
63.063063 0.273400 0.355974 0.051195 0.451758
63.163163 0.245152 0.325151 0.165137 0.439423
63.263263 0.191832 0.261057 0.261847 0.416550
63.363363 0.115600 0.165742 0.326482 0.383959
63.463463 0.022010 0.045420 0.339675 0.343404
63.563564 -0.075003 -0.083057 0.278192 0.299858
63.663664 -0.145296 -0.181443 0.127670 0.265202
63.763764 -0.148033 -0.195245 -0.077811 0.257078
63.863864 -0.076767 -0.111522 -0.245980 0.280779
63.963964 0.027046 0.018969 -0.320134 0.321834
64.064064 0.125553 0.146827 -0.309701 0.365015
64.164164 0.202133 0.249176 -0.242519 0.402197
64.264264 0.251765 0.318348 -0.142156 0.430045
64.364364 0.273769 0.352601 -0.025869 0.447154
64.464464 0.268974 0.352344 0.093047 0.452936
64.564565 0.238850 0.318904 0.203148 0.447233
64.664665 0.185272 0.254135 0.293029 0.429857
64.764765 0.111207 0.161233 0.349889 0.400981
64.864865 0.022367 0.046819 0.358414 0.362150
64.964965 -0.069555 -0.074930 0.299882 0.316831
65.065065 -0.140045 -0.173092 0.158940 0.273561
65.165165 -0.149513 -0.195512 -0.044850 0.250181
65.265265 -0.078239 -0.112256 -0.222577 0.261273
65.365365 0.033629 0.028760 -0.294478 0.297784
65.465465 0.136614 0.163312 -0.265943 0.340676
65.565566 0.209362 0.261885 -0.175161 0.378283
65.665666 0.247592 0.317339 -0.054375 0.406156
65.765766 0.252735 0.330406 0.074115 0.422535
65.865866 0.227884 0.304268 0.193950 0.426763
65.965966 0.176793 0.243090 0.291335 0.418598
66.066066 0.104262 0.152408 0.352940 0.398328
66.166166 0.017345 0.040614 0.364167 0.366835
66.266266 -0.071868 -0.077474 0.308821 0.326401
66.366366 -0.140791 -0.173280 0.174491 0.283364
66.466466 -0.153071 -0.199056 -0.023733 0.252225
66.566567 -0.084027 -0.118892 -0.205627 0.251949
66.666667 0.031685 0.026981 -0.279787 0.282865
66.766767 0.138136 0.166352 -0.244474 0.326377
66.866867 0.210425 0.264787 -0.144597 0.367830
66.966967 0.245427 0.316374 -0.017669 0.400798
67.067067 0.246819 0.324666 0.112284 0.423007
67.167167 0.219488 0.295187 0.229408 0.433518
67.267267 0.168482 0.233869 0.321817 0.432027
67.367367 0.099232 0.147214 0.379104 0.418616
67.467467 0.018339 0.043232 0.390845 0.393656
67.567568 -0.064680 -0.066330 0.345911 0.358103
67.667668 -0.134228 -0.161789 0.234660 0.315053
67.767768 -0.164533 -0.209704 0.059723 0.273155
67.867868 -0.124932 -0.168253 -0.135256 0.249422
67.967968 -0.018742 -0.037021 -0.256097 0.259436
68.068068 0.099295 0.115688 -0.253589 0.295890
68.168168 0.186175 0.232487 -0.163672 0.339852
68.268268 0.232221 0.298420 -0.035347 0.379777
68.368368 0.241668 0.317374 0.099609 0.411159
68.468468 0.221174 0.297030 0.222696 0.432132
68.568569 0.177129 0.245071 0.322310 0.441948
68.668669 0.115658 0.169004 0.390248 0.440718
68.768769 0.042863 0.076372 0.419647 0.428688
68.868869 -0.034313 -0.024157 0.404331 0.406503
68.968969 -0.106801 -0.121150 0.338471 0.375029
69.069069 -0.161367 -0.197683 0.218419 0.335894
69.169169 -0.178518 -0.228232 0.050701 0.294159
69.269269 -0.135859 -0.182113 -0.129959 0.261748
69.369369 -0.031683 -0.053312 -0.247324 0.254980
69.469469 0.089224 0.103228 -0.242411 0.278173
69.569570 0.177515 0.222440 -0.140686 0.317464
69.669670 0.219205 0.283420 0.001191 0.358301
69.769770 0.220354 0.292056 0.144317 0.393294
69.869870 0.190648 0.259832 0.267979 0.419133
69.969970 0.139032 0.197773 0.361309 0.434728
70.070070 0.073304 0.115649 0.418174 0.440020
70.170170 0.000480 0.022318 0.434338 0.434911
70.270270 -0.072260 -0.073102 0.406478 0.419273
70.370370 -0.136534 -0.159883 0.332494 0.393391
70.470470 -0.181396 -0.223858 0.212730 0.358149
70.570571 -0.191643 -0.245013 0.054422 0.315785
70.670671 -0.148919 -0.198278 -0.115598 0.273594
70.770771 -0.045781 -0.070803 -0.232663 0.247469
70.870871 0.080957 0.093567 -0.221867 0.254035
70.970971 0.168877 0.213497 -0.096208 0.288715
71.071071 0.197295 0.258440 0.068093 0.332195
71.171171 0.178575 0.241762 0.218653 0.371682
71.271271 0.129490 0.184048 0.333487 0.402312
71.371371 0.063162 0.101874 0.404861 0.422233
71.471471 -0.010423 0.008034 0.430519 0.430721
71.571572 -0.082907 -0.086659 0.410616 0.427772
71.671672 -0.146311 -0.171827 0.346393 0.413424
71.771772 -0.191813 -0.235933 0.240577 0.387730
71.871872 -0.208781 -0.264887 0.100047 0.351801
71.971972 -0.184018 -0.240801 -0.058564 0.308671
72.072072 -0.105470 -0.146140 -0.196199 0.266411
72.172172 0.017884 0.011068 -0.241203 0.242119
72.272272 0.129523 0.160182 -0.145107 0.251974
72.372372 0.174230 0.226819 0.031968 0.287793
72.472472 0.154328 0.209585 0.201948 0.329433
72.572573 0.095319 0.139397 0.323905 0.365283
72.672673 0.018498 0.043286 0.387823 0.390670
72.772773 -0.061323 -0.059563 0.394491 0.403647
72.872873 -0.132974 -0.154494 0.348267 0.403535
72.972973 -0.186710 -0.228592 0.255483 0.390367
73.073073 -0.212615 -0.268580 0.125335 0.364759
73.173173 -0.199779 -0.259568 -0.026409 0.328610
73.273273 -0.137742 -0.186505 -0.169131 0.286988
73.373373 -0.026982 -0.047165 -0.245938 0.251869
73.473473 0.094941 0.113103 -0.192654 0.242738
73.573574 0.163005 0.209357 -0.027119 0.266714
73.673674 0.158248 0.212358 0.156045 0.307390
73.773774 0.105127 0.150667 0.295708 0.348131
73.873874 0.029575 0.056996 0.375615 0.381064
73.973974 -0.051030 -0.046114 0.397379 0.403288
74.074074 -0.125212 -0.143494 0.367610 0.414012
74.174174 -0.184480 -0.223785 0.293986 0.412965
74.274274 -0.221600 -0.277199 0.185289 0.400347
74.374374 -0.229545 -0.294093 0.052705 0.376775
74.474474 -0.200996 -0.264184 -0.087300 0.343240
74.574575 -0.130208 -0.178656 -0.206987 0.302846
74.674675 -0.020986 -0.040132 -0.260317 0.264227
74.774775 0.094522 0.112463 -0.194628 0.243850
74.874875 0.156139 0.200842 -0.019905 0.255173
74.974975 0.139418 0.188683 0.169361 0.289347
75.075075 0.071433 0.107408 0.301619 0.328045
75.175175 -0.015479 -0.002027 0.359948 0.360287
75.275275 -0.100110 -0.111879 0.350929 0.381693
75.375375 -0.169309 -0.204528 0.286897 0.390905
75.475475 -0.213999 -0.267575 0.181289 0.387631
75.575576 -0.226960 -0.290931 0.049123 0.372243
75.675676 -0.201881 -0.265488 -0.090517 0.345591
75.775776 -0.134660 -0.184545 -0.209650 0.310070
75.875876 -0.029716 -0.051689 -0.265753 0.272359
75.975976 0.084731 0.099078 -0.209205 0.246500
76.076076 0.150943 0.193173 -0.038954 0.248228
76.176176 0.135760 0.183276 0.155794 0.276211
76.276276 0.064274 0.097663 0.291814 0.314364
76.376376 -0.026462 -0.016781 0.348826 0.350230
76.476476 -0.112801 -0.128978 0.337033 0.378088
76.576577 -0.181995 -0.221637 0.272713 0.395749
76.676677 -0.226982 -0.284831 0.171788 0.402692
76.776777 -0.243202 -0.311926 0.049147 0.398573
76.876877 -0.227552 -0.298131 -0.079682 0.383421
76.976977 -0.178409 -0.240423 -0.196139 0.357915
77.077077 -0.097132 -0.139338 -0.275808 0.323913
77.177177 0.006834 -0.005467 -0.286269 0.286403
77.277277 0.105817 0.127049 -0.194905 0.255591
77.377377 0.150972 0.194636 -0.010434 0.246545
77.477477 0.114259 0.156727 0.180704 0.265089
77.577578 0.024514 0.046382 0.294132 0.298774
77.677678 -0.075022 -0.081288 0.314101 0.333009
77.777778 -0.158167 -0.191427 0.260855 0.360148
77.877878 -0.212698 -0.266986 0.159407 0.376739
77.977978 -0.233239 -0.299893 0.032196 0.381278
78.078078 -0.217830 -0.286572 -0.099880 0.373563
78.178178 -0.166788 -0.226349 -0.215108 0.354011
78.278278 -0.083998 -0.122970 -0.288016 0.324238
78.378378 0.018608 0.009666 -0.288015 0.288778
78.478478 0.112122 0.135623 -0.186428 0.256360
78.578579 0.147619 0.191062 0.004798 0.241493
78.678679 0.096673 0.134601 0.192862 0.254281
78.778779 -0.005778 0.006801 0.285651 0.285790
78.878879 -0.108581 -0.126670 0.274028 0.320822
78.978979 -0.184437 -0.228901 0.190493 0.350286
79.079079 -0.224023 -0.286173 0.068384 0.369808
79.179179 -0.225959 -0.295370 -0.065640 0.377636
79.279279 -0.192414 -0.258188 -0.189359 0.373552
79.379379 -0.127697 -0.179156 -0.281946 0.357627
79.479479 -0.039516 -0.067123 -0.321102 0.330414
79.579580 0.056982 0.059521 -0.282998 0.294750
79.679680 0.132100 0.163225 -0.150868 0.258561
79.779780 0.140877 0.184620 0.050273 0.237609
79.879880 0.063271 0.092698 0.218375 0.245528
79.979980 -0.052880 -0.055142 0.264528 0.275340
80.080080 -0.149829 -0.183701 0.199753 0.309994
80.180180 -0.203499 -0.259352 0.074176 0.337902
80.280280 -0.210722 -0.275864 -0.069464 0.354020
80.380380 -0.176095 -0.237608 -0.199670 0.356841
80.480480 -0.107412 -0.153384 -0.290957 0.346006
80.580581 -0.016246 -0.036967 -0.319605 0.322146
80.680681 0.077972 0.087652 -0.263017 0.287994
80.780781 0.140658 0.176323 -0.110128 0.251004
80.880881 0.123646 0.164689 0.097193 0.227721
80.980981 0.018411 0.035372 0.231659 0.235066
81.081081 -0.102775 -0.122235 0.212571 0.265877
81.181181 -0.177532 -0.225084 0.088200 0.299933
81.281281 -0.192617 -0.252428 -0.068812 0.324894
81.381381 -0.155864 -0.211894 -0.208427 0.335611
81.481481 -0.081185 -0.119811 -0.297557 0.330887
81.581582 0.013461 0.001831 -0.311671 0.311967
81.681682 0.102893 0.121357 -0.233182 0.282291
81.781782 0.149265 0.189741 -0.064257 0.249821
81.881882 0.110697 0.149820 0.134613 0.229827
81.981982 -0.004781 0.005669 0.237183 0.237299
82.082082 -0.120360 -0.146291 0.186058 0.265528
82.182182 -0.180578 -0.231327 0.042069 0.296463
82.282282 -0.178234 -0.236355 -0.119249 0.319142
82.382382 -0.125899 -0.175154 -0.248370 0.328964
82.482482 -0.041575 -0.069459 -0.314602 0.324850
82.582583 0.053216 0.053899 -0.298083 0.307556
82.682683 0.130405 0.159077 -0.190044 0.280049
82.782783 0.152746 0.197074 -0.007551 0.249453
82.882883 0.088602 0.123180 0.173098 0.230188
82.982983 -0.036501 -0.035639 0.231107 0.236671
83.083083 -0.141052 -0.175429 0.138207 0.264144
83.183183 -0.179782 -0.233668 -0.025378 0.295916
83.283283 -0.156236 -0.211103 -0.182997 0.320097
83.383383 -0.089152 -0.129782 -0.291002 0.330868
83.483483 0.000405 -0.015760 -0.325969 0.326350
83.583584 0.089367 0.101744 -0.275794 0.307247
83.683684 0.149181 0.185828 -0.140403 0.276587
83.783784 0.144239 0.188977 0.050508 0.243039
83.883884 0.052939 0.078619 0.203911 0.224862
83.983984 -0.076892 -0.089116 0.205786 0.237070
84.084084 -0.160497 -0.203903 0.071389 0.269132
84.184184 -0.171414 -0.226617 -0.100797 0.301493
84.284284 -0.125186 -0.173919 -0.242091 0.323307
84.384384 -0.045114 -0.074280 -0.319524 0.331133
84.484484 0.046067 0.043663 -0.317999 0.324272
84.584585 0.124598 0.149421 -0.233079 0.303606
84.684685 0.162209 0.205924 -0.075260 0.272728
84.784785 0.128398 0.171508 0.110712 0.241160
84.884885 0.018090 0.034539 0.223287 0.226666
84.984985 -0.105180 -0.127192 0.175582 0.240977
85.085085 -0.166909 -0.214944 0.016309 0.272627
85.185185 -0.156206 -0.209660 -0.154850 0.303868
85.285285 -0.095403 -0.137270 -0.279135 0.325363
85.385385 -0.009711 -0.029166 -0.332549 0.333967
85.485485 0.078297 0.085833 -0.307854 0.329047
85.585586 0.146641 0.179179 -0.207775 0.311093
85.685686 0.171438 0.219190 -0.048491 0.282465
85.785786 0.129346 0.173482 0.125722 0.250265
85.885886 0.018565 0.035280 0.225811 0.229303
85.985986 -0.103410 -0.125203 0.169579 0.234790
86.086086 -0.160256 -0.207170 -0.000239 0.261919
86.186186 -0.139790 -0.189468 -0.175458 0.293641
86.286286 -0.070227 -0.105413 -0.292917 0.319130
86.386386 0.018773 0.007635 -0.332929 0.333545
86.486486 0.103622 0.119194 -0.295367 0.334943
86.586587 0.164466 0.203107 -0.190030 0.323130
86.686687 0.182712 0.234343 -0.036923 0.299439
86.786787 0.141740 0.189490 0.125430 0.267823
86.886887 0.038824 0.061533 0.227108 0.238478
86.986987 -0.084730 -0.100152 0.187680 0.228983
87.087087 -0.151279 -0.194572 0.019662 0.247246
87.187187 -0.134192 -0.181723 -0.165290 0.279914
87.287287 -0.063368 -0.096370 -0.289370 0.311509
87.387387 0.026528 0.017688 -0.332350 0.333876
87.487487 0.110853 0.128350 -0.299186 0.343911
87.587588 0.172253 0.212483 -0.203853 0.341140
87.687688 0.196906 0.251255 -0.065654 0.325902
87.787788 0.173323 0.228412 0.087334 0.299733
87.887888 0.095988 0.134591 0.210377 0.267557
87.987988 -0.020717 -0.014838 0.239046 0.240400
88.088088 -0.122660 -0.152124 0.128801 0.234045
88.188188 -0.148494 -0.195127 -0.063526 0.253300
88.288288 -0.098499 -0.138759 -0.228831 0.285166
88.388388 -0.011387 -0.030423 -0.314336 0.316010
88.488488 0.079793 0.087293 -0.317340 0.338662
88.588589 0.154438 0.187022 -0.252530 0.350143
88.688689 0.199565 0.251016 -0.139229 0.349600
88.788789 0.206169 0.266539 0.000594 0.336971
88.888889 0.168319 0.224543 0.139341 0.313316
88.988989 0.085625 0.122604 0.238589 0.281582
89.089089 -0.026794 -0.022294 0.247045 0.249492
89.189189 -0.121886 -0.151218 0.126930 0.232023
89.289289 -0.138681 -0.182915 -0.072989 0.240868
89.389389 -0.074197 -0.107663 -0.235218 0.269117
89.489489 0.024205 0.016291 -0.300201 0.301616
89.589590 0.116861 0.137346 -0.274583 0.328506
89.689690 0.183239 0.227621 -0.185084 0.345896
89.789790 0.214055 0.273749 -0.059145 0.352500
89.889890 0.205618 0.269675 0.077634 0.347894
89.989990 0.157693 0.213783 0.198931 0.331879
90.090090 0.074820 0.110437 0.274617 0.305302
90.190190 -0.028315 -0.023125 0.269773 0.272239
90.290290 -0.117162 -0.143664 0.155890 0.242215
90.390390 -0.137727 -0.180141 -0.042152 0.230643
90.490490 -0.069234 -0.100158 -0.213418 0.245708
90.590591 0.039885 0.038019 -0.271019 0.276564
90.690691 0.135868 0.164536 -0.222137 0.308021
90.790791 0.194035 0.245396 -0.108640 0.331167
90.890891 0.208024 0.270433 0.030538 0.342550
90.990991 0.179312 0.239966 0.163618 0.341332
91.091091 0.113402 0.159693 0.262247 0.327316
91.191191 0.021078 0.042114 0.297601 0.301304
91.291291 -0.076087 -0.086309 0.241146 0.267189
91.391391 -0.136970 -0.172994 0.081339 0.235167
91.491491 -0.110599 -0.149129 -0.123319 0.222888
91.591592 -0.003886 -0.016988 -0.239509 0.240142
91.691692 0.109318 0.130590 -0.214636 0.273994
91.791792 0.180269 0.228049 -0.099680 0.307309
91.891892 0.199765 0.260534 0.046117 0.331528
91.991992 0.173877 0.233876 0.182361 0.343783
92.092092 0.112605 0.159634 0.281700 0.342808
92.192192 0.028421 0.052875 0.322996 0.328526
92.292292 -0.061684 -0.065331 0.288375 0.302048
92.392392 -0.131407 -0.161535 0.166779 0.266789
92.492492 -0.141412 -0.183986 -0.023745 0.233264
92.592593 -0.062051 -0.089815 -0.192237 0.221070
92.692693 0.063492 0.071085 -0.219990 0.239750
92.792793 0.155087 0.194782 -0.113983 0.273833
92.892893 0.184310 0.240395 0.042892 0.305940
92.992993 0.159041 0.215041 0.189211 0.327624
93.093093 0.095380 0.137826 0.290847 0.335687
93.193193 0.010483 0.029919 0.327638 0.329168
93.293293 -0.076366 -0.084423 0.286112 0.307927
93.393393 -0.139452 -0.172215 0.161149 0.273996
93.493493 -0.142366 -0.185376 -0.026885 0.235277
93.593594 -0.054334 -0.079627 -0.187987 0.211262
93.693694 0.078396 0.092013 -0.186713 0.222428
93.793794 0.156857 0.200752 -0.040305 0.257934
93.893894 0.157293 0.209982 0.133174 0.294226
93.993994 0.103121 0.146482 0.263847 0.318914
94.094094 0.020689 0.042940 0.324203 0.327688
94.194194 -0.066853 -0.071206 0.304525 0.319805
94.294294 -0.135992 -0.165587 0.204312 0.296068
94.394394 -0.158167 -0.202581 0.037577 0.259746
94.494494 -0.101502 -0.138234 -0.140625 0.221781
94.594595 0.028123 0.026164 -0.203973 0.207558
94.694695 0.133972 0.168983 -0.084057 0.231451
94.794795 0.150741 0.199987 0.102655 0.270658
94.894895 0.099853 0.141536 0.249410 0.303659
94.994995 0.016688 0.037537 0.319570 0.322200
95.095095 -0.071184 -0.076706 0.306499 0.323871
95.195195 -0.140523 -0.170911 0.214965 0.308492
95.295295 -0.167248 -0.213159 0.060805 0.277679
95.395395 -0.124866 -0.167075 -0.113388 0.237408
95.495495 -0.005781 -0.017745 -0.205616 0.206461
95.595596 0.114356 0.142420 -0.108182 0.212283
95.695696 0.138589 0.183703 0.091124 0.247503
95.795796 0.080067 0.115754 0.245265 0.282780
95.895896 -0.012385 -0.000875 0.302967 0.303221
95.995996 -0.101372 -0.117951 0.262036 0.304715
96.096096 -0.157424 -0.196633 0.137411 0.286930
96.196196 -0.152458 -0.198933 -0.037126 0.253369
96.296296 -0.065375 -0.093690 -0.183795 0.216408
96.396396 0.069753 0.081584 -0.171840 0.202609
96.496496 0.138874 0.179963 0.008893 0.227490
96.596597 0.107316 0.148458 0.194851 0.267439
96.696697 0.023583 0.045222 0.295005 0.299381
96.796797 -0.069261 -0.074657 0.297751 0.314684
96.896897 -0.142469 -0.173416 0.215175 0.310920
96.996997 -0.172814 -0.219930 0.069318 0.288165
97.097097 -0.137818 -0.183101 -0.099039 0.249657
97.197197 -0.026998 -0.045022 -0.202613 0.209304
97.297297 0.100324 0.123643 -0.120963 0.199961
97.397397 0.129891 0.172277 0.087500 0.232824
97.497497 0.067832 0.100056 0.247642 0.275570
97.597598 -0.025986 -0.018361 0.304849 0.306505
97.697698 -0.112798 -0.132449 0.267472 0.319073
97.797798 -0.168701 -0.210252 0.156586 0.311746
97.897898 -0.174151 -0.225095 0.000524 0.284599
97.997998 -0.111218 -0.151326 -0.151282 0.241154
98.098098 0.017319 0.012525 -0.197419 0.198573
98.198198 0.118672 0.151446 -0.039207 0.196357
98.298298 0.093893 0.130067 0.174029 0.236684
98.398398 -0.000252 0.013585 0.278437 0.278768
98.498498 -0.097046 -0.112259 0.264004 0.302850
98.598599 -0.161745 -0.201076 0.160286 0.303784
98.698699 -0.171961 -0.222099 0.003807 0.280914
98.798799 -0.109297 -0.148763 -0.149686 0.237659
98.898899 0.022432 0.019525 -0.189611 0.191929
98.998999 0.116905 0.150526 -0.011905 0.190962
99.099099 0.074200 0.105786 0.197579 0.236080
99.199199 -0.027898 -0.022228 0.276943 0.279231
99.299299 -0.120631 -0.144176 0.235418 0.301264
99.399399 -0.171994 -0.216744 0.111858 0.298450
99.499499 -0.161618 -0.211424 -0.050140 0.270803
99.599600 -0.074654 -0.105584 -0.181776 0.223078
99.699700 0.063652 0.074678 -0.152198 0.181087
99.799800 0.109367 0.145142 0.075397 0.196754
99.899900 0.026269 0.046016 0.241385 0.247132
100.000000 -0.080453 -0.091073 0.258741 0.285857
