0.000000 -0.721079 0.394690 0.604577 1.020416
0.100100 -0.740474 0.293198 0.636542 1.019535
0.200200 -0.753266 0.189124 0.662826 1.021037
0.300300 -0.759366 0.083402 0.683218 1.024880
0.400400 -0.758803 -0.023024 0.697609 1.031005
0.500501 -0.751712 -0.129221 0.705996 1.039327
0.600601 -0.738336 -0.234311 0.708476 1.049753
0.700701 -0.719003 -0.337482 0.705236 1.062175
0.800801 -0.694030 -0.437976 0.696460 1.076363
0.900901 -0.663787 -0.535113 0.682391 1.092069
1.001001 -0.628745 -0.628353 0.663384 1.109156
1.101101 -0.589411 -0.717271 0.639845 1.127513
1.201201 -0.546243 -0.801488 0.612138 1.146942
1.301301 -0.499671 -0.880669 0.580611 1.167200
1.401401 -0.450107 -0.954533 0.545601 1.188028
1.501502 -0.397978 -1.022909 0.507475 1.209240
1.601602 -0.343697 -1.085699 0.466598 1.230684
1.701702 -0.287632 -1.142785 0.423289 1.252144
1.801802 -0.230136 -1.194101 0.377862 1.273428
1.901902 -0.171548 -1.239659 0.330630 1.294411
2.002002 -0.112186 -1.279477 0.281885 1.314955
2.102102 -0.052349 -1.313670 0.231917 1.335011
2.202202 0.007689 -1.342371 0.180996 1.354540
2.302302 0.067679 -1.365749 0.129374 1.373531
2.402402 0.127400 -1.384046 0.077286 1.392044
2.502503 0.186654 -1.397464 0.024942 1.410095
2.602603 0.245271 -1.406244 -0.027469 1.427737
2.702703 0.303103 -1.410626 -0.079778 1.445026
2.802803 0.360009 -1.410782 -0.131831 1.461948
2.902903 0.415853 -1.406849 -0.183485 1.478453
3.003003 0.470512 -1.398970 -0.234608 1.494503
3.103103 0.523867 -1.387270 -0.285072 1.510040
3.203203 0.575815 -1.371894 -0.334763 1.525032
3.303303 0.626295 -1.353067 -0.383596 1.539540
3.403403 0.675263 -1.331014 -0.431495 1.553631
3.503504 0.722670 -1.305924 -0.478392 1.567338
3.603604 0.768470 -1.277967 -0.524220 1.580681
3.703704 0.812619 -1.247298 -0.568916 1.593665
3.803804 0.855085 -1.214081 -0.612430 1.606310
3.903904 0.895848 -1.178477 -0.654720 1.618644
4.004004 0.934888 -1.140637 -0.695746 1.630684
4.104104 0.972188 -1.100704 -0.735474 1.642443
4.204204 1.007715 -1.058791 -0.773855 1.653898
4.304304 1.041412 -1.014985 -0.810828 1.664985
4.404404 1.073267 -0.969409 -0.846362 1.675704
4.504505 1.103269 -0.922186 -0.880432 1.686058
4.604605 1.131374 -0.873403 -0.912984 1.695989
4.704705 1.157547 -0.823154 -0.943974 1.705457
4.804805 1.181762 -0.771537 -0.973363 1.714428
4.904905 1.204024 -0.718668 -1.001141 1.722917
5.005005 1.224352 -0.664669 -1.027308 1.730949
5.105105 1.242765 -0.609653 -1.051863 1.738550
5.205205 1.259280 -0.553728 -1.074811 1.745743
5.305305 1.273909 -0.496997 -1.096144 1.752536
5.405405 1.286643 -0.439549 -1.115844 1.758910
5.505506 1.297483 -0.381476 -1.133898 1.764854
5.605606 1.306449 -0.322874 -1.150311 1.770388
5.705706 1.313561 -0.263836 -1.165089 1.775524
5.805806 1.318812 -0.204447 -1.178214 1.780239
5.905906 1.322160 -0.144784 -1.189634 1.784460
6.006006 1.323578 -0.084932 -1.199316 1.788136
6.106106 1.323050 -0.024977 -1.207231 1.791226
6.206206 1.320564 0.034993 -1.213356 1.793697
6.306306 1.316152 0.094890 -1.217709 1.795572
6.406406 1.309877 0.154632 -1.220335 1.796916
6.506507 1.301826 0.214142 -1.221304 1.797829
6.606607 1.292061 0.273349 -1.220661 1.798375
6.706707 1.280594 0.332173 -1.218407 1.798548
6.806807 1.267441 0.390537 -1.214546 1.798346
6.906907 1.252628 0.448367 -1.209092 1.797780
7.007007 1.236161 0.505581 -1.202036 1.796830
7.107107 1.218035 0.562094 -1.193365 1.795461
7.207207 1.198278 0.617830 -1.183093 1.793682
7.307307 1.176916 0.672715 -1.171232 1.791497
7.407407 1.153980 0.726675 -1.157802 1.788919
7.507508 1.129522 0.779653 -1.142841 1.785991
7.607608 1.103554 0.831562 -1.126348 1.782691
7.707708 1.076095 0.882322 -1.108331 1.779008
7.807808 1.047196 0.931874 -1.088826 1.774979
7.907908 1.016878 0.980136 -1.067842 1.770591
8.008008 0.985144 1.027005 -1.045368 1.765798
8.108108 0.952022 1.072398 -1.021416 1.760589
8.208208 0.917539 1.116227 -0.996000 1.754952
8.308308 0.881716 1.158394 -0.969125 1.748858
8.408408 0.844601 1.198831 -0.940825 1.742326
8.508509 0.806253 1.237486 -0.911147 1.735397
8.608609 0.766706 1.274264 -0.880109 1.728056
8.708709 0.725983 1.309048 -0.847715 1.720255
8.808809 0.684103 1.341707 -0.813965 1.711933
8.908909 0.641109 1.372140 -0.778884 1.703071
9.009009 0.597058 1.400265 -0.742512 1.693678
9.109109 0.552010 1.426006 -0.704895 1.683771
9.209209 0.506026 1.449275 -0.666074 1.673354
9.309309 0.459174 1.470005 -0.626103 1.662456
9.409409 0.411544 1.488186 -0.585064 1.651171
9.509510 0.363212 1.503757 -0.543016 1.639534
9.609610 0.314243 1.516610 -0.500004 1.627531
9.709710 0.264705 1.526627 -0.456075 1.615136
9.809810 0.214665 1.533640 -0.411265 1.602271
9.909910 0.164198 1.537471 -0.365619 1.588853
10.010010 0.113400 1.538026 -0.319211 1.574890
10.110110 0.062373 1.535246 -0.272127 1.560424
10.210210 0.011225 1.528988 -0.224445 1.545414
10.310310 -0.039932 1.519034 -0.176237 1.529745
10.410410 -0.090970 1.505261 -0.127602 1.513397
10.510511 -0.141756 1.487620 -0.078657 1.496427
10.610611 -0.192143 1.465999 -0.029519 1.478832
10.710711 -0.241973 1.440276 0.019685 1.460593
10.810811 -0.291080 1.410361 0.068813 1.441728
10.910911 -0.339290 1.376194 0.117716 1.422281
11.011011 -0.386423 1.337744 0.166234 1.402325
11.111111 -0.432301 1.295016 0.214201 1.381967
11.211211 -0.476728 1.248008 0.261442 1.361303
11.311311 -0.519471 1.196652 0.307750 1.340349
11.411411 -0.560284 1.140904 0.352907 1.319138
11.511512 -0.598934 1.080799 0.396695 1.297773
11.611612 -0.635175 1.016393 0.438881 1.276369
11.711712 -0.668728 0.947733 0.479203 1.255002
11.811812 -0.699293 0.874878 0.517378 1.233735
11.911912 -0.726613 0.798002 0.553147 1.212742
12.012012 -0.750463 0.717352 0.586269 1.192267
12.112112 -0.770593 0.633184 0.616481 1.172512
12.212212 -0.786759 0.545792 0.643516 1.153686
12.312312 -0.798668 0.455485 0.667064 1.135919
12.412412 -0.806084 0.362646 0.686854 1.119398
12.512513 -0.808891 0.267766 0.702713 1.104449
12.612613 -0.806972 0.171353 0.714462 1.091339
12.712713 -0.800106 0.073927 0.721826 1.080124
12.812813 -0.788076 -0.023943 0.724526 1.070782
12.912913 -0.770805 -0.121621 0.722404 1.063391
13.013013 -0.748242 -0.218429 0.715317 1.057949
13.113113 -0.720363 -0.313649 0.703143 1.054376
13.213213 -0.687245 -0.406553 0.685849 1.052606
13.313313 -0.649089 -0.496443 0.663524 1.052633
13.413413 -0.606192 -0.582672 0.636347 1.054473
13.513514 -0.558927 -0.664665 0.604579 1.058156
13.613614 -0.507679 -0.741880 0.568498 1.063632
13.713714 -0.452831 -0.813790 0.528379 1.070745
13.813814 -0.394800 -0.879927 0.484539 1.079313
13.913914 -0.334020 -0.939881 0.437317 1.089124
14.014014 -0.270968 -0.993380 0.387112 1.100038
14.114114 -0.206137 -1.040274 0.334353 1.111959
14.214214 -0.139998 -1.080471 0.279460 1.124774
14.314314 -0.073004 -1.113900 0.222835 1.138314
14.414414 -0.005584 -1.140565 0.164875 1.152434
14.514515 0.061849 -1.160634 0.105977 1.167103
14.614615 0.128927 -1.174346 0.046515 1.182317
14.714715 0.195300 -1.181833 -0.013175 1.197934
14.814815 0.260651 -1.183238 -0.072781 1.213791
14.914915 0.324681 -1.178742 -0.132005 1.229746
15.015015 0.387133 -1.168579 -0.190579 1.245700
15.115115 0.447788 -1.153052 -0.248260 1.261617
15.215215 0.506462 -1.132472 -0.304835 1.277467
15.315315 0.563001 -1.107164 -0.360119 1.293239
15.415415 0.617249 -1.077391 -0.413932 1.308857
15.515516 0.669104 -1.043479 -0.466136 1.324323
15.615616 0.718520 -1.005796 -0.516635 1.339705
15.715716 0.765449 -0.964664 -0.565341 1.355028
15.815816 0.809829 -0.920351 -0.612161 1.370259
15.915916 0.851635 -0.873143 -0.657030 1.385406
16.016016 0.890877 -0.823332 -0.699918 1.400508
16.116116 0.927516 -0.771146 -0.740757 1.415512
16.216216 0.961498 -0.716776 -0.779470 1.430321
16.316316 0.992824 -0.660452 -0.816026 1.444920
16.416416 1.021551 -0.602423 -0.850443 1.459361
16.516517 1.047744 -0.542924 -0.882746 1.473694
16.616617 1.071413 -0.482141 -0.912920 1.487887
16.716717 1.092507 -0.420225 -0.940896 1.501814
16.816817 1.111003 -0.357333 -0.966632 1.515385
16.916917 1.126958 -0.293645 -0.990152 1.528615
17.017017 1.140457 -0.229340 -1.011513 1.541557
17.117117 1.151569 -0.164578 -1.030753 1.554236
17.217217 1.160335 -0.099503 -1.047890 1.566637
17.317317 1.166805 -0.034253 -1.062951 1.578756
17.417417 1.171031 0.031041 -1.075964 1.590590
17.517518 1.173102 0.096255 -1.086994 1.602183
17.617618 1.173113 0.161279 -1.096113 1.613589
17.717718 1.171105 0.226002 -1.103341 1.624785
17.817818 1.167089 0.290314 -1.108675 1.635707
17.917918 1.161095 0.354112 -1.112126 1.646318
18.018018 1.153166 0.417296 -1.113721 1.656594
18.118118 1.143380 0.479786 -1.113519 1.666564
18.218218 1.131822 0.541510 -1.111588 1.676271
18.318318 1.118532 0.602380 -1.107953 1.685686
18.418418 1.103549 0.662315 -1.102637 1.694783
18.518519 1.086888 0.721218 -1.095641 1.703499
18.618619 1.068581 0.779004 -1.086983 1.711796
18.718719 1.048709 0.835624 -1.076729 1.719710
18.818819 1.027328 0.891015 -1.064922 1.727243
18.918919 1.004471 0.945100 -1.051582 1.734359
19.019019 0.980191 0.997819 -1.036747 1.741051
19.119119 0.954566 1.049142 -1.020486 1.747366
19.219219 0.927660 1.099028 -1.002853 1.753320
19.319319 0.899500 1.147398 -0.983859 1.758864
19.419419 0.870113 1.194173 -0.963518 1.763948
19.519520 0.839560 1.239316 -0.941882 1.768589
19.619620 0.807911 1.282810 -0.919013 1.772824
19.719720 0.775219 1.324613 -0.894952 1.776655
19.819820 0.741539 1.364693 -0.869746 1.780091
19.919920 0.706937 1.403040 -0.843452 1.783169
20.020020 0.671473 1.439636 -0.816125 1.785913
20.120120 0.635211 1.474481 -0.787822 1.788365
20.220220 0.598210 1.507570 -0.758598 1.790556
20.320320 0.560530 1.538901 -0.728505 1.792521
20.420420 0.522231 1.568482 -0.697601 1.794298
20.520521 0.483353 1.596272 -0.665916 1.795872
20.620621 0.443924 1.622188 -0.633465 1.797175
20.720721 0.403976 1.646140 -0.600264 1.798135
20.820821 0.363549 1.668072 -0.566341 1.798715
20.920921 0.322687 1.687932 -0.531729 1.798883
21.021021 0.281433 1.705655 -0.496460 1.798593
21.121121 0.239826 1.721141 -0.460555 1.797764
21.221221 0.197918 1.734350 -0.424055 1.796376
21.321321 0.155768 1.745305 -0.387018 1.794474
21.421421 0.113431 1.753972 -0.349488 1.792046
21.521522 0.070958 1.760315 -0.311510 1.789073
21.621622 0.028407 1.764326 -0.273133 1.785568
21.721722 -0.014166 1.766016 -0.234411 1.781562
21.821822 -0.056704 1.765377 -0.195394 1.777062
21.921922 -0.099152 1.762384 -0.156131 1.772062
22.022022 -0.141453 1.757058 -0.116675 1.766600
22.122122 -0.183549 1.749392 -0.077079 1.760682
22.222222 -0.225382 1.739361 -0.037392 1.754301
22.322322 -0.266890 1.726944 0.002331 1.747447
22.422422 -0.308019 1.712174 0.042038 1.740167
22.522523 -0.348717 1.695094 0.081673 1.732518
22.622623 -0.388915 1.675665 0.121179 1.724469
22.722723 -0.428543 1.653851 0.160499 1.715993
22.822823 -0.467525 1.629609 0.199567 1.707054
22.922923 -0.505795 1.602943 0.238324 1.697661
23.023023 -0.543303 1.573914 0.276714 1.687885
23.123123 -0.579999 1.542581 0.314683 1.677791
23.223223 -0.615821 1.508972 0.352172 1.667410
23.323323 -0.650704 1.473102 0.389118 1.656761
23.423423 -0.684572 1.434978 0.425451 1.645846
23.523524 -0.717331 1.394570 0.461089 1.634622
23.623624 -0.748853 1.351797 0.495927 1.622984
23.723724 -0.778980 1.306542 0.529835 1.610772
23.823824 -0.807596 1.258786 0.562711 1.597935
23.923924 -0.834601 1.208555 0.594460 1.584470
24.024024 -0.859899 1.155882 0.624988 1.570382
24.124124 -0.883397 1.100821 0.654204 1.555693
24.224224 -0.904986 1.043411 0.682002 1.540400
24.324324 -0.924534 0.983679 0.708257 1.524472
24.424424 -0.941882 0.921635 0.732823 1.507840
24.524525 -0.956916 0.857355 0.755585 1.490522
24.624625 -0.969527 0.790932 0.776429 1.472548
24.724725 -0.979560 0.722435 0.795206 1.453892
24.824825 -0.986860 0.651948 0.811759 1.434532
24.924925 -0.991262 0.579575 0.825925 1.414447
25.025025 -0.992576 0.505424 0.837514 1.393589
25.125125 -0.990598 0.429624 0.846322 1.371904
25.225225 -0.985171 0.352355 0.852179 1.349416
25.325325 -0.976152 0.273830 0.854925 1.326180
25.425425 -0.963341 0.194268 0.854346 1.302180
25.525526 -0.946582 0.113938 0.850262 1.277476
25.625626 -0.925726 0.033144 0.842493 1.252143
25.725726 -0.900582 -0.047773 0.830819 1.226210
25.825826 -0.870976 -0.128422 0.815024 1.199732
25.925926 -0.836718 -0.208352 0.794870 1.172743
26.026026 -0.797630 -0.287045 0.770123 1.145294
26.126126 -0.753564 -0.363910 0.740565 1.117464
26.226226 -0.704414 -0.438280 0.706005 1.089372
26.326326 -0.650175 -0.509444 0.666339 1.061257
26.426426 -0.590925 -0.576637 0.621531 1.033442
26.526527 -0.526851 -0.639076 0.571643 1.006363
26.626627 -0.458185 -0.695885 0.516764 0.980426
26.726727 -0.385189 -0.746050 0.456991 0.955930
26.826827 -0.308252 -0.788497 0.392531 0.933181
26.926927 -0.227929 -0.822188 0.323747 0.912555
27.027027 -0.144944 -0.846133 0.251161 0.894445
27.127127 -0.060165 -0.859405 0.175438 0.879191
27.227227 0.025375 -0.861373 0.097436 0.867237
27.327327 0.110545 -0.851736 0.018146 0.859071
27.427427 0.194168 -0.830404 -0.061366 0.855008
27.527528 0.275075 -0.797559 -0.140004 0.855200
27.627628 0.352157 -0.753700 -0.216686 0.859669
27.727728 0.424423 -0.699580 -0.290398 0.868261
27.827828 0.491102 -0.636283 -0.360283 0.880818
27.927928 0.551645 -0.565062 -0.425663 0.897104
28.028028 0.605578 -0.487100 -0.485937 0.916584
28.128128 0.652617 -0.403613 -0.540677 0.938692
28.228228 0.692724 -0.315858 -0.589672 0.962988
28.328328 0.725916 -0.224971 -0.632776 0.988924
28.428428 0.752307 -0.131996 -0.669951 1.015984
28.528529 0.772110 -0.037886 -0.701255 1.043718
28.628629 0.785644 0.056515 -0.726863 1.071802
28.728729 0.793321 0.150475 -0.747050 1.100039
28.828829 0.795497 0.243369 -0.762053 1.128171
28.928929 0.792526 0.334668 -0.772123 1.155973
29.029029 0.784806 0.423939 -0.777564 1.183322
29.129129 0.772711 0.510823 -0.778665 1.210100
29.229229 0.756558 0.594999 -0.775675 1.236154
29.329329 0.736665 0.676207 -0.768845 1.261370
29.429429 0.713375 0.754270 -0.758467 1.285729
29.529530 0.687031 0.829077 -0.744839 1.309261
29.629630 0.657953 0.900552 -0.728240 1.332002
29.729730 0.626416 0.968631 -0.708917 1.353959
29.829830 0.592668 1.033257 -0.687087 1.375123
29.929930 0.556926 1.094364 -0.662938 1.395452
30.030030 0.519360 1.151848 -0.636614 1.414837
30.130130 0.480154 1.205651 -0.608273 1.433226
30.230230 0.439486 1.255729 -0.578072 1.450576
30.330330 0.397508 1.302012 -0.546140 1.466805
30.430430 0.354381 1.344474 -0.512623 1.481884
30.530531 0.310259 1.383090 -0.477656 1.495779
30.630631 0.265282 1.417815 -0.441361 1.508434
30.730731 0.219583 1.448586 -0.403852 1.519774
30.830831 0.173295 1.475358 -0.365244 1.529744
30.930931 0.126555 1.498149 -0.325664 1.538351
31.031031 0.079496 1.516954 -0.285234 1.545583
31.131131 0.032242 1.531740 -0.244063 1.551398
31.231231 -0.015079 1.542497 -0.202266 1.555775
31.331331 -0.062345 1.549218 -0.159954 1.558701
31.431431 -0.109433 1.551913 -0.117241 1.560178
31.531532 -0.156225 1.550634 -0.074242 1.560252
31.631632 -0.202606 1.545443 -0.031071 1.558977
31.731732 -0.248467 1.536399 0.012162 1.556407
31.831832 -0.293690 1.523524 0.055350 1.552560
31.931932 -0.338170 1.506872 0.098386 1.547483
32.032032 -0.381807 1.486539 0.141167 1.541267
32.132132 -0.424495 1.462576 0.183587 1.533958
32.232232 -0.466117 1.435003 0.225538 1.525571
32.332332 -0.506548 1.403818 0.266905 1.516091
32.432432 -0.545658 1.369022 0.307569 1.505511
32.532533 -0.583291 1.330571 0.347393 1.493764
32.632633 -0.619307 1.288473 0.386249 1.480842
32.732733 -0.653609 1.242849 0.424029 1.466860
32.832833 -0.686079 1.193781 0.460616 1.451890
32.932933 -0.716581 1.141325 0.495876 1.435969
33.033033 -0.744964 1.085531 0.529665 1.419117
33.133133 -0.771072 1.026455 0.561832 1.401362
33.233233 -0.794760 0.964190 0.592230 1.382766
33.333333 -0.815881 0.898844 0.620711 1.363402
33.433433 -0.834274 0.830523 0.647113 1.343330
33.533534 -0.849701 0.759284 0.671210 1.322508
33.633634 -0.861917 0.685204 0.692765 1.300895
33.733734 -0.870714 0.608437 0.711568 1.278541
33.833834 -0.875882 0.529165 0.727402 1.255507
33.933934 -0.877212 0.447603 0.740043 1.231874
34.034034 -0.874441 0.363980 0.749221 1.207668
34.134134 -0.867265 0.278555 0.754620 1.182874
34.234234 -0.855418 0.191661 0.755951 1.157556
34.334334 -0.838613 0.103689 0.752895 1.131757
34.434434 -0.816603 0.015106 0.745161 1.105592
34.534535 -0.789183 -0.073543 0.732487 1.079239
34.634635 -0.756128 -0.161631 0.714577 1.052841
34.734735 -0.717299 -0.248447 0.691206 1.026650
34.834835 -0.672619 -0.333197 0.662189 1.000965
34.934935 -0.622058 -0.414991 0.627379 0.976104
35.035035 -0.565695 -0.492869 0.586709 0.952449
35.135135 -0.503674 -0.565763 0.540164 0.930350
35.235235 -0.436222 -0.632496 0.487786 0.910097
35.335335 -0.363748 -0.691879 0.429782 0.892032
35.435435 -0.286848 -0.742767 0.366539 0.876548
35.535536 -0.206275 -0.784043 0.298588 0.863960
35.635636 -0.122925 -0.814621 0.226597 0.854438
35.735736 -0.037860 -0.833631 0.151416 0.848116
35.835836 0.047727 -0.840542 0.074063 0.845147
35.935936 0.132598 -0.835227 -0.004347 0.845698
36.036036 0.215547 -0.817943 -0.082675 0.849898
36.136136 0.295444 -0.789152 -0.159822 0.857666
36.236236 0.371264 -0.749527 -0.234756 0.868757
36.336336 0.442151 -0.699978 -0.306565 0.882863
36.436436 0.507466 -0.641635 -0.374508 0.899708
36.536537 0.566790 -0.575738 -0.438026 0.919017
36.636637 0.619833 -0.503484 -0.496687 0.940418
36.736737 0.666435 -0.426019 -0.550184 0.963499
36.836837 0.706630 -0.344474 -0.598388 0.987956
36.936937 0.740630 -0.259926 -0.641345 1.013616
37.037037 0.768715 -0.173319 -0.679178 1.040310
37.137137 0.791189 -0.085465 -0.712050 1.067848
37.237237 0.808321 0.002944 -0.740111 1.095973
37.337337 0.820312 0.091313 -0.763463 1.124334
37.437437 0.827452 0.179122 -0.782296 1.152713
37.537538 0.830063 0.265929 -0.796845 1.180968
37.637638 0.828458 0.351364 -0.807344 1.208968
37.737738 0.822919 0.435106 -0.814005 1.236575
37.837838 0.813670 0.516862 -0.816993 1.263599
37.937938 0.801002 0.596424 -0.816545 1.289989
38.038038 0.785278 0.673686 -0.812978 1.315844
38.138138 0.766801 0.748561 -0.806558 1.341217
38.238238 0.745766 0.820909 -0.797443 1.366006
38.338338 0.722343 0.890599 -0.785770 1.390101
38.438438 0.696748 0.957582 -0.771731 1.413503
38.538539 0.669203 1.021854 -0.755527 1.436259
38.638639 0.639905 1.083416 -0.737339 1.458402
38.738739 0.609037 1.142285 -0.717338 1.479972
38.838839 0.576786 1.198524 -0.695702 1.501047
38.938939 0.543303 1.252162 -0.672575 1.521659
39.039039 0.508713 1.303208 -0.648073 1.541797
39.139139 0.473129 1.351656 -0.622295 1.561434
39.239239 0.436638 1.397464 -0.595319 1.580495
39.339339 0.399343 1.440645 -0.567239 1.598966
39.439439 0.361350 1.481248 -0.538159 1.616875
39.539540 0.322754 1.519315 -0.508172 1.634236
39.639640 0.283640 1.554860 -0.477357 1.651033
39.739740 0.244081 1.587882 -0.445782 1.667233
39.839840 0.204150 1.618387 -0.413514 1.682810
39.939940 0.163915 1.646346 -0.380611 1.697701
40.040040 0.123438 1.671737 -0.347127 1.711853
40.140140 0.082788 1.694573 -0.313127 1.725248
40.240240 0.042030 1.714885 -0.278674 1.737889
40.340340 0.001224 1.732656 -0.243822 1.749728
40.440440 -0.039569 1.747871 -0.208623 1.760722
40.540541 -0.080291 1.760587 -0.173139 1.770901
40.640641 -0.120887 1.770852 -0.137427 1.780286
40.740741 -0.161307 1.778739 -0.101544 1.788922
40.840841 -0.201500 1.784297 -0.065541 1.796834
40.940941 -0.241416 1.787517 -0.029465 1.803986
41.041041 -0.280997 1.788369 0.006636 1.810322
41.141141 -0.320194 1.786865 0.042716 1.815830
41.241241 -0.358959 1.783034 0.078727 1.820511
41.341341 -0.397240 1.776874 0.114621 1.824341
41.441441 -0.435000 1.768441 0.150356 1.827352
41.541542 -0.472193 1.757766 0.185887 1.829552
41.641642 -0.508772 1.744859 0.221169 1.830928
41.741742 -0.544702 1.729779 0.256161 1.831517
41.841842 -0.579949 1.712574 0.290826 1.831347
41.941942 -0.614464 1.693254 0.325117 1.830404
42.042042 -0.648204 1.671840 0.358992 1.828686
42.142142 -0.681140 1.648390 0.392417 1.826235
42.242242 -0.713243 1.622965 0.425356 1.823090
42.342342 -0.744474 1.595590 0.457770 1.819259
42.442442 -0.774808 1.566326 0.489628 1.814784
42.542543 -0.804223 1.535237 0.520900 1.809714
42.642643 -0.832657 1.502309 0.551533 1.804006
42.742743 -0.860082 1.467591 0.581493 1.797693
42.842843 -0.886509 1.431200 0.610774 1.790887
42.942943 -0.911918 1.393192 0.639350 1.783633
43.043043 -0.936245 1.353562 0.667163 1.775892
43.143143 -0.959419 1.312291 0.694150 1.767608
43.243243 -0.981390 1.269403 0.720264 1.758776
43.343343 -1.002097 1.224906 0.745446 1.749366
43.443443 -1.021477 1.178811 0.769637 1.739354
43.543544 -1.039457 1.131127 0.792770 1.728700
43.643644 -1.055963 1.081863 0.814775 1.717366
43.743744 -1.070958 1.031075 0.835611 1.705378
43.843844 -1.084435 0.978849 0.855260 1.692813
43.943944 -1.096396 0.925278 0.873710 1.679760
44.044044 -1.106803 0.870418 0.890918 1.666246
44.144144 -1.115557 0.814281 0.906791 1.652208
44.244244 -1.122572 0.756898 0.921249 1.637608
44.344344 -1.127834 0.698354 0.934265 1.622516
44.444444 -1.131280 0.638710 0.945773 1.606932
44.544545 -1.132805 0.578003 0.955672 1.590800
44.644645 -1.132318 0.516291 0.963871 1.574086
44.744745 -1.129731 0.453645 0.970278 1.556767
44.844845 -1.124947 0.390138 0.974796 1.538811
44.944945 -1.117904 0.325870 0.977354 1.520237
45.045045 -1.108534 0.260947 0.977873 1.501059
45.145145 -1.096726 0.195472 0.976239 1.481236
45.245245 -1.082433 0.129576 0.972389 1.460819
45.345345 -1.065589 0.063399 0.966245 1.439836
45.445445 -1.046086 -0.002913 0.957687 1.418263
45.545546 -1.023910 -0.069196 0.946678 1.396201
45.645646 -0.999061 -0.135274 0.933194 1.373780
45.745746 -0.971470 -0.200955 0.917146 1.351035
45.845846 -0.941116 -0.266041 0.898486 1.328064
45.945946 -0.907973 -0.330311 0.877159 1.304964
46.046046 -0.871933 -0.393500 0.853030 1.281705
46.146146 -0.832929 -0.455322 0.825997 1.258317
46.246246 -0.790900 -0.515460 0.795959 1.234817
46.346346 -0.745795 -0.573562 0.762823 1.211232
46.446446 -0.697635 -0.629282 0.726556 1.187676
46.546547 -0.646432 -0.682218 0.687114 1.164226
46.646647 -0.592200 -0.731920 0.644448 1.140930
46.746747 -0.534991 -0.777898 0.598537 1.117849
46.846847 -0.474897 -0.819633 0.549391 1.095060
46.946947 -0.412065 -0.856588 0.497069 1.072669
47.047047 -0.346711 -0.888238 0.441696 1.050843
47.147147 -0.279086 -0.913994 0.383421 1.029702
47.247247 -0.209522 -0.933309 0.322467 1.009431
47.347347 -0.138433 -0.945715 0.259152 0.990303
47.447447 -0.066288 -0.950717 0.193832 0.972537
47.547548 0.006376 -0.947884 0.126940 0.956367
47.647648 0.078961 -0.936899 0.058978 0.942069
47.747748 0.150820 -0.917593 -0.009484 0.929954
47.847848 0.221265 -0.889852 -0.077835 0.920246
47.947948 0.289556 -0.853563 -0.145412 0.912994
48.048048 0.354902 -0.808678 -0.211497 0.908101
48.148148 0.416480 -0.755280 -0.275327 0.905378
48.248248 0.473572 -0.693792 -0.336185 0.904786
48.348348 0.525560 -0.624871 -0.393414 0.906340
48.448448 0.571831 -0.549193 -0.446357 0.909856
48.548549 0.611902 -0.467592 -0.494457 0.915180
48.648649 0.645477 -0.381055 -0.537303 0.922246
48.748749 0.672327 -0.290576 -0.574547 0.930893
48.848849 0.692377 -0.197181 -0.605978 0.940997
48.948949 0.705711 -0.101896 -0.631527 0.952490
49.049049 0.712431 -0.005680 -0.651154 0.965190
49.149149 0.712788 0.090567 -0.664962 0.979002
49.249249 0.707108 0.186024 -0.673136 0.993840
49.349349 0.695685 0.279947 -0.675838 1.009508
49.449449 0.678849 0.371667 -0.673280 1.025807
49.549550 0.656975 0.460605 -0.665721 1.042573
49.649650 0.630485 0.546282 -0.653481 1.059704
49.749750 0.599786 0.628284 -0.636874 1.077076
49.849850 0.565326 0.706320 -0.616270 1.094655
49.949950 0.527570 0.780210 -0.592070 1.112476
50.050050 0.486925 0.849794 -0.564622 1.130506
50.150150 0.443767 0.914953 -0.534255 1.148694
50.250250 0.398418 0.975551 -0.501244 1.166911
50.350350 0.351179 1.031475 -0.465849 1.185024
50.450450 0.302350 1.082671 -0.428337 1.202940
50.550551 0.252228 1.129180 -0.388985 1.220645
50.650651 0.201087 1.171041 -0.348049 1.238108
50.750751 0.149163 1.208245 -0.305745 1.255223
50.850851 0.096689 1.240861 -0.262294 1.271961
50.950951 0.043880 1.268946 -0.217902 1.288267
51.051051 -0.009069 1.292551 -0.172755 1.304076
51.151151 -0.061970 1.311758 -0.127035 1.319351
51.251251 -0.114652 1.326660 -0.080913 1.334061
51.351351 -0.166958 1.337399 -0.034552 1.348223
51.451451 -0.218752 1.344154 0.011899 1.361890
51.551552 -0.269905 1.347074 0.058300 1.375084
51.651652 -0.320307 1.346321 0.104529 1.387841
51.751752 -0.369851 1.342031 0.150467 1.400171
51.851852 -0.418418 1.334261 0.196000 1.412000
51.951952 -0.465888 1.323044 0.241011 1.423230
52.052052 -0.512154 1.308455 0.285393 1.433808
52.152152 -0.557145 1.290654 0.329058 1.443772
52.252252 -0.600781 1.269754 0.371917 1.453112
52.352352 -0.642986 1.245867 0.413885 1.461820
52.452452 -0.683698 1.219121 0.454887 1.469905
52.552553 -0.722830 1.189593 0.494833 1.477320
52.652653 -0.760319 1.157391 0.533650 1.484056
52.752753 -0.796103 1.122626 0.571267 1.490106
52.852853 -0.830093 1.085359 0.607591 1.495401
52.952953 -0.862155 1.045601 0.642500 1.499800
53.053053 -0.892184 1.003405 0.675891 1.503211
53.153153 -0.920121 0.958882 0.707692 1.505625
53.253253 -0.945919 0.912154 0.737845 1.507052
53.353353 -0.969557 0.863368 0.766310 1.507539
53.453453 -0.991007 0.812657 0.793042 1.507124
53.553554 -1.010215 0.760132 0.817977 1.505796
53.653654 -1.027147 0.705917 0.841066 1.503577
53.753754 -1.041767 0.650136 0.862258 1.500481
53.853854 -1.054003 0.592890 0.881475 1.496476
53.953954 -1.063762 0.534273 0.898616 1.491492
54.054054 -1.070932 0.474379 0.913567 1.485441
54.154154 -1.075418 0.413318 0.926225 1.478258
54.254254 -1.077126 0.351211 0.936487 1.469883
54.354354 -1.076005 0.288204 0.944288 1.460318
54.454454 -1.072024 0.224453 0.949575 1.449589
54.554555 -1.065145 0.160117 0.952292 1.437718
54.654655 -1.055347 0.095364 0.952396 1.424749
54.754755 -1.042588 0.030366 0.949824 1.410702
54.854855 -1.026784 -0.034698 0.944475 1.395537
54.954955 -1.007873 -0.099634 0.936266 1.379249
55.055055 -0.985810 -0.164234 0.925125 1.361856
55.155155 -0.960508 -0.228270 0.910941 1.343315
55.255255 -0.931902 -0.291496 0.893620 1.323619
55.355355 -0.899967 -0.353656 0.873102 1.302813
55.455455 -0.864685 -0.414473 0.849335 1.280952
55.555556 -0.826113 -0.473688 0.822332 1.258203
55.655656 -0.784275 -0.531001 0.792074 1.234679
55.755756 -0.739103 -0.586023 0.758444 1.210344
55.855856 -0.690608 -0.638379 0.721400 1.185278
55.955956 -0.638893 -0.687725 0.680987 1.159695
56.056056 -0.584037 -0.733651 0.637221 1.133752
56.156156 -0.526114 -0.775681 0.590103 1.107564
56.256256 -0.465180 -0.813221 0.539601 1.081152
56.356356 -0.401349 -0.845640 0.485729 1.054571
56.456456 -0.334861 -0.872399 0.428634 1.028076
56.556557 -0.266007 -0.892916 0.368499 1.001923
56.656657 -0.195108 -0.906462 0.305517 0.976259
56.756757 -0.122589 -0.912349 0.239979 0.951314
56.856857 -0.048991 -0.909983 0.172298 0.927446
56.956957 0.025054 -0.898731 0.102963 0.904957
57.057057 0.098799 -0.877922 0.032563 0.884063
57.157157 0.171379 -0.847037 -0.038181 0.865043
57.257257 0.241810 -0.805706 -0.108423 0.848168
57.357357 0.308978 -0.753628 -0.177183 0.833556
57.457457 0.371730 -0.690865 -0.243399 0.821414
57.557558 0.428917 -0.617830 -0.305961 0.811970
57.657658 0.479451 -0.535267 -0.363771 0.805428
57.757758 0.522401 -0.444281 -0.415819 0.801994
57.857858 0.557036 -0.346259 -0.461244 0.801829
57.957958 0.582830 -0.242773 -0.499344 0.804969
58.058058 0.599495 -0.135510 -0.529619 0.811329
58.158158 0.606982 -0.026197 -0.551783 0.820718
58.258258 0.605395 0.083484 -0.565694 0.832756
58.358358 0.595088 0.191944 -0.571454 0.847072
58.458458 0.576650 0.297764 -0.569405 0.863371
58.558559 0.550782 0.399729 -0.560016 0.881341
58.658659 0.518279 0.496863 -0.543878 0.900716
58.758759 0.479940 0.588377 -0.521612 0.921200
58.858859 0.436555 0.673687 -0.493861 0.942514
58.958959 0.388950 0.752458 -0.461330 0.964521
59.059059 0.337836 0.824406 -0.424634 0.986961
59.159159 0.283871 0.889358 -0.384349 1.009587
59.259259 0.227675 0.947267 -0.341035 1.032209
59.359359 0.169806 0.998158 -0.295207 1.054657
59.459459 0.110788 1.042206 -0.247369 1.076874
59.559560 0.051073 1.079546 -0.197954 1.098733
59.659660 -0.008937 1.110342 -0.147353 1.120112
59.759760 -0.068882 1.134861 -0.095931 1.140989
59.859860 -0.128451 1.153432 -0.044020 1.161397
59.959960 -0.187380 1.166387 0.008091 1.181370
60.060060 -0.245450 1.174080 0.060153 1.200969
60.160160 -0.302482 1.176883 0.111951 1.220280
60.260260 -0.358299 1.175029 0.163290 1.239248
60.360360 -0.412747 1.168735 0.213997 1.257814
60.460460 -0.465698 1.158248 0.263921 1.275957
60.560561 -0.517034 1.143789 0.312925 1.293639
60.660661 -0.566668 1.125602 0.360892 1.310852
60.760761 -0.614527 1.103926 0.407725 1.327605
60.860861 -0.660534 1.078957 0.453324 1.343858
60.960961 -0.704608 1.050860 0.497591 1.359550
61.061061 -0.746704 1.019844 0.540458 1.374680
61.161161 -0.786771 0.986085 0.581852 1.389217
61.261261 -0.824796 0.949792 0.621733 1.403191
61.361361 -0.860828 0.911230 0.660108 1.416725
61.461461 -0.894871 0.870587 0.696954 1.429847
61.561562 -0.926940 0.828046 0.732259 1.442595
61.661662 -0.957039 0.783770 0.766005 1.454985
61.761762 -0.985151 0.737889 0.798157 1.466988
61.861862 -1.011263 0.690532 0.828686 1.478583
61.961962 -1.035320 0.641796 0.857528 1.489679
62.062062 -1.057266 0.591771 0.884617 1.500184
62.162162 -1.077103 0.540588 0.909940 1.510092
62.262262 -1.094883 0.488392 0.933522 1.519460
62.362362 -1.110628 0.435309 0.955366 1.528304
62.462462 -1.124360 0.381456 0.975475 1.536635
62.562563 -1.136101 0.326949 0.993855 1.544464
62.662663 -1.145877 0.271895 1.010512 1.551804
62.762763 -1.153718 0.216402 1.025461 1.558674
62.862863 -1.159678 0.160575 1.038735 1.565123
62.962963 -1.163803 0.104514 1.050362 1.571185
63.063063 -1.166123 0.048309 1.060358 1.576876
63.163163 -1.166686 -0.007948 1.068754 1.582230
63.263263 -1.165512 -0.064175 1.075555 1.587248
63.363363 -1.162627 -0.120287 1.080776 1.591932
63.463463 -1.158048 -0.176205 1.084417 1.596272
63.563564 -1.151805 -0.231850 1.086499 1.600278
63.663664 -1.143927 -0.287145 1.087035 1.603953
63.763764 -1.134395 -0.342005 1.085997 1.607236
63.863864 -1.123210 -0.396347 1.083373 1.610090
63.963964 -1.110414 -0.450099 1.079193 1.612534
64.064064 -1.096070 -0.503204 1.073505 1.614620
64.164164 -1.080206 -0.555590 1.066326 1.616347
64.264264 -1.062857 -0.607191 1.057678 1.617723
64.364364 -1.044089 -0.657960 1.047615 1.618805
64.464464 -1.023953 -0.707846 1.036176 1.619625
64.564565 -1.002482 -0.756785 1.023383 1.620187
64.664665 -0.979693 -0.804707 1.009241 1.620469
64.764765 -0.955592 -0.851527 0.993745 1.620427
64.864865 -0.930184 -0.897158 0.976885 1.620013
64.964965 -0.903464 -0.941499 0.958645 1.619156
65.065065 -0.875465 -0.984481 0.939043 1.617852
65.165165 -0.846217 -1.026032 0.918098 1.616084
65.265265 -0.815731 -1.066054 0.895807 1.613802
65.365365 -0.784038 -1.104471 0.872185 1.610986
65.465465 -0.751149 -1.141173 0.847230 1.607576
65.565566 -0.717093 -1.176071 0.820953 1.603537
65.665666 -0.681899 -1.209071 0.793370 1.598835
65.765766 -0.645623 -1.240118 0.764522 1.593491
65.865866 -0.608325 -1.269168 0.734460 1.587539
65.965966 -0.570027 -1.296091 0.703184 1.580902
66.066066 -0.530751 -1.320750 0.670697 1.573504
66.166166 -0.490541 -1.343041 0.637023 1.565308
66.266266 -0.449453 -1.362882 0.602202 1.556311
66.366366 -0.407540 -1.380167 0.566268 1.546483
66.466466 -0.364860 -1.394802 0.529262 1.535811
66.566567 -0.321485 -1.406714 0.491238 1.524307
66.666667 -0.277476 -1.415782 0.452235 1.511936
66.766767 -0.232907 -1.421911 0.412309 1.498691
66.866867 -0.187860 -1.425020 0.371521 1.484588
66.966967 -0.142414 -1.424980 0.329928 1.469593
67.067067 -0.096661 -1.421715 0.287602 1.453731
67.167167 -0.050701 -1.415171 0.244627 1.437054
67.267267 -0.004636 -1.405200 0.201075 1.419521
67.367367 0.041426 -1.391692 0.157032 1.401136
67.467467 0.087367 -1.374658 0.112605 1.382026
67.567568 0.133065 -1.354061 0.067902 1.362277
67.667668 0.178386 -1.329801 0.023030 1.341910
67.767768 0.223180 -1.301740 -0.021892 1.320915
67.867868 0.267282 -1.269749 -0.066731 1.299290
67.967968 0.310522 -1.233743 -0.111344 1.277084
68.068068 0.352677 -1.193512 -0.155556 1.254213
68.168168 0.393506 -1.148857 -0.199174 1.230606
68.268268 0.432760 -1.099665 -0.241986 1.206276
68.368368 0.470169 -1.045836 -0.283759 1.181249
68.468468 0.505430 -0.987283 -0.324228 1.155557
68.568569 0.538173 -0.923860 -0.363075 1.129146
68.668669 0.567965 -0.855422 -0.399925 1.101940
68.768769 0.594397 -0.781962 -0.434402 1.074001
68.868869 0.617070 -0.703601 -0.466127 1.045516
68.968969 0.635519 -0.620464 -0.494655 1.016634
69.069069 0.649223 -0.532737 -0.519484 0.987504
69.169169 0.657603 -0.440684 -0.540047 0.958278
69.269269 0.660044 -0.344694 -0.555727 0.929141
69.369369 0.655959 -0.245338 -0.565906 0.900401
69.469469 0.644665 -0.143337 -0.569859 0.872283
69.569570 0.625410 -0.039617 -0.566766 0.844944
69.669670 0.597509 0.064594 -0.555831 0.818620
69.769770 0.560324 0.167739 -0.536252 0.793515
69.869870 0.513485 0.267931 -0.507423 0.770020
69.969970 0.456846 0.362931 -0.468900 0.748528
70.070070 0.390468 0.450100 -0.420367 0.729222
70.170170 0.314901 0.526575 -0.361928 0.712345
70.270270 0.231310 0.589515 -0.294249 0.698294
70.370370 0.141421 0.636248 -0.218537 0.687437
70.470470 0.047464 0.664445 -0.136506 0.679980
70.570571 -0.047892 0.672537 -0.050379 0.676120
70.670671 -0.141739 0.659891 0.037272 0.675970
70.770771 -0.231168 0.626786 0.123746 0.679421
70.870871 -0.313484 0.574446 0.206406 0.686195
70.970971 -0.386421 0.504935 0.282887 0.695921
71.071071 -0.448278 0.420951 0.351257 0.708191
71.171171 -0.497929 0.325509 0.410062 0.722523
71.271271 -0.534725 0.221668 0.458280 0.738301
71.371371 -0.558516 0.112437 0.495352 0.754954
71.471471 -0.569618 0.000652 0.521169 0.772063
71.571572 -0.568681 -0.111146 0.535972 0.789314
71.671672 -0.556498 -0.220736 0.540174 0.806351
71.771772 -0.533909 -0.326186 0.534273 0.822742
71.871872 -0.501955 -0.425907 0.519000 0.838282
71.971972 -0.461850 -0.518703 0.495298 0.853041
72.072072 -0.414790 -0.603673 0.464136 0.867118
72.172172 -0.361877 -0.680103 0.426421 0.880528
72.272272 -0.304122 -0.747399 0.382995 0.893185
72.372372 -0.242548 -0.805287 0.334757 0.905196
72.472472 -0.178127 -0.853668 0.282582 0.916696
72.572573 -0.111724 -0.892493 0.227255 0.927724
72.672673 -0.044145 -0.921777 0.169515 0.938274
72.772773 0.023874 -0.941586 0.110046 0.948296
72.872873 0.091638 -0.952059 0.049501 0.957739
72.972973 0.158503 -0.953352 -0.011506 0.966507
73.073073 0.223868 -0.945730 -0.072390 0.974557
73.173173 0.287176 -0.929487 -0.132598 0.981834
73.273273 0.347926 -0.905023 -0.191618 0.988351
73.373373 0.405663 -0.872770 -0.248971 0.994121
73.473473 0.459927 -0.833090 -0.304186 0.999050
73.573574 0.510317 -0.786430 -0.356835 1.003108
73.673674 0.556520 -0.733350 -0.406550 1.006380
73.773774 0.598260 -0.674421 -0.453001 1.008944
73.873874 0.635287 -0.610209 -0.495879 1.010862
73.973974 0.667315 -0.541226 -0.534851 1.012077
74.074074 0.694047 -0.467978 -0.569574 1.012481
74.174174 0.715238 -0.391022 -0.599745 1.012007
74.274274 0.730648 -0.310934 -0.625065 1.010561
74.374374 0.740116 -0.228343 -0.645299 1.008128
74.474474 0.743521 -0.143910 -0.660242 1.004716
74.574575 0.740817 -0.058318 -0.669756 1.000392
74.674675 0.731999 0.027727 -0.673740 0.995247
74.774775 0.717020 0.113510 -0.672049 0.989269
74.874875 0.695815 0.198275 -0.664517 0.982372
74.974975 0.668394 0.281241 -0.651045 0.974529
75.075075 0.634973 0.361654 -0.631726 0.965952
75.175175 0.595860 0.438796 -0.606739 0.956934
75.275275 0.551319 0.511903 -0.576219 0.947642
75.375375 0.501578 0.580142 -0.540260 0.938097
75.475475 0.446926 0.642656 -0.499004 0.928308
75.575576 0.387746 0.698609 -0.452686 0.918328
75.675676 0.324529 0.747235 -0.401647 0.908295
75.775776 0.257847 0.787819 -0.346311 0.898373
75.875876 0.188351 0.819720 -0.287183 0.888758
75.975976 0.116769 0.842442 -0.224861 0.879720
76.076076 0.043863 0.855401 -0.159960 0.871333
76.176176 -0.029550 0.857881 -0.093126 0.863427
76.276276 -0.102563 0.849450 -0.025130 0.855989
76.376376 -0.174199 0.829849 0.043170 0.849033
76.476476 -0.243428 0.798908 0.110855 0.842496
76.576577 -0.309214 0.756756 0.176961 0.836426
76.676677 -0.370596 0.703882 0.240538 0.831053
76.776777 -0.426670 0.640980 0.300663 0.826620
76.876877 -0.476542 0.568808 0.356411 0.823203
76.976977 -0.519425 0.488331 0.406925 0.820888
77.077077 -0.554591 0.400641 0.451389 0.819657
77.177177 -0.581372 0.306929 0.489024 0.819356
77.277277 -0.599358 0.208601 0.519256 0.819983
77.377377 -0.608356 0.107172 0.541697 0.821595
77.477477 -0.608386 0.004186 0.556151 0.824291
77.577578 -0.599650 -0.098836 0.562587 0.828163
77.677678 -0.582428 -0.200434 0.561058 0.833176
77.777778 -0.557051 -0.299197 0.551670 0.839145
77.877878 -0.524017 -0.393823 0.534696 0.845926
77.977978 -0.484051 -0.483217 0.510644 0.853558
78.078078 -0.437956 -0.566468 0.480123 0.862096
78.178178 -0.386527 -0.642788 0.443751 0.871489
78.278278 -0.330528 -0.711471 0.402127 0.881559
78.378378 -0.270743 -0.771963 0.355891 0.892125
78.478478 -0.207974 -0.823896 0.305725 0.903065
78.578579 -0.142988 -0.866970 0.252290 0.914184
78.678679 -0.076529 -0.901021 0.196243 0.925315
78.778779 -0.009327 -0.926156 0.138267 0.936467
78.878879 0.057947 -0.942545 0.078999 0.947624
78.978979 0.124679 -0.950360 0.019028 0.958693
79.079079 0.190293 -0.949790 -0.041096 0.969537
79.179179 0.254241 -0.940998 -0.100848 0.979942
79.279279 0.316029 -0.924268 -0.159733 0.989778
79.379379 0.375204 -0.899949 -0.217291 0.998950
79.479479 0.431360 -0.868434 -0.273094 1.007387
79.579580 0.484157 -0.830193 -0.326765 1.015088
79.679680 0.533311 -0.785739 -0.377974 1.022091
79.779780 0.578562 -0.735568 -0.426411 1.028407
79.879880 0.619684 -0.680175 -0.471801 1.034042
79.979980 0.656562 -0.620148 -0.513956 1.039138
80.080080 0.689144 -0.556088 -0.552745 1.043878
80.180180 0.717346 -0.488521 -0.588018 1.048333
80.280280 0.741034 -0.417905 -0.619586 1.052456
80.380380 0.760157 -0.344737 -0.647335 1.056279
80.480480 0.774692 -0.269514 -0.671173 1.059839
80.580581 0.784519 -0.192678 -0.690928 1.063004
80.680681 0.789516 -0.114681 -0.706426 1.065610
80.780781 0.789723 -0.036010 -0.717636 1.067689
80.880881 0.785266 0.042852 -0.724603 1.069359
80.980981 0.776176 0.121435 -0.727293 1.070585
81.081081 0.762449 0.199267 -0.725634 1.071252
81.181181 0.744120 0.275870 -0.719591 1.071275
81.281281 0.721218 0.350750 -0.709121 1.070529
81.381381 0.693806 0.423410 -0.694214 1.068913
81.481481 0.662039 0.493384 -0.674946 1.066431
81.581582 0.626104 0.560224 -0.651424 1.063114
81.681682 0.586157 0.623439 -0.623723 1.058908
81.781782 0.542334 0.682496 -0.591893 1.053691
81.881882 0.494855 0.736916 -0.556068 1.047443
81.981982 0.443975 0.786229 -0.516415 1.040170
82.082082 0.389955 0.829933 -0.473102 1.031833
82.182182 0.333072 0.867489 -0.426310 1.022358
82.282282 0.273649 0.898363 -0.376255 1.011685
82.382382 0.212091 0.922156 -0.323256 0.999924
82.482482 0.148843 0.938502 -0.267668 0.987211
82.582583 0.084368 0.946959 -0.209851 0.973595
82.682683 0.019179 0.947147 -0.150222 0.959178
82.782783 -0.046161 0.938772 -0.089256 0.944134
82.882883 -0.111040 0.921527 -0.027470 0.928600
82.982983 -0.174789 0.895121 0.034566 0.912681
83.083083 -0.236688 0.859368 0.096218 0.896545
83.183183 -0.295969 0.814212 0.156793 0.880411
83.283283 -0.351829 0.759719 0.215543 0.864531
83.383383 -0.403336 0.695910 0.271615 0.848968
83.483483 -0.449485 0.622920 0.324071 0.833719
83.583584 -0.489297 0.541206 0.371949 0.818940
83.683684 -0.521785 0.451444 0.414252 0.804777
83.783784 -0.546016 0.354589 0.449993 0.791430
83.883884 -0.561137 0.251866 0.478219 0.779105
83.983984 -0.566482 0.144795 0.498108 0.768101
84.084084 -0.561578 0.035149 0.508980 0.758726
84.184184 -0.546139 -0.075116 0.510297 0.751208
84.284284 -0.520272 -0.183915 0.501865 0.745906
84.384384 -0.484285 -0.289091 0.483666 0.742994
84.484484 -0.438617 -0.388444 0.455792 0.742307
84.584585 -0.384113 -0.479938 0.418731 0.743788
84.684685 -0.322004 -0.561900 0.373376 0.747548
84.784785 -0.253718 -0.633054 0.320854 0.753709
84.884885 -0.180726 -0.692419 0.262374 0.762198
84.984985 -0.104494 -0.739321 0.199183 0.772780
85.085085 -0.026486 -0.773605 0.132600 0.785334
85.185185 0.051937 -0.795528 0.063906 0.799779
85.285285 0.129585 -0.805658 -0.005731 0.816033
85.385385 0.205417 -0.804587 -0.075276 0.833800
85.485485 0.278559 -0.793008 -0.143830 0.852727
85.585586 0.348339 -0.771886 -0.210645 0.872651
85.685686 0.414213 -0.742137 -0.275094 0.893317
85.785786 0.475757 -0.704653 -0.336663 0.914452
85.885886 0.532725 -0.660411 -0.394993 0.935926
85.985986 0.585008 -0.610380 -0.449845 0.957684
86.086086 0.632501 -0.555374 -0.501011 0.979546
86.186186 0.675100 -0.496092 -0.548297 1.001248
86.286286 0.712734 -0.433184 -0.591548 1.022530
86.386386 0.745330 -0.367237 -0.630615 1.043099
86.486486 0.772891 -0.298829 -0.665418 1.062752
86.586587 0.795548 -0.228543 -0.695997 1.081453
86.686687 0.813393 -0.156897 -0.722363 1.099106
86.786787 0.826482 -0.084353 -0.744502 1.115558
86.886887 0.834985 -0.011360 -0.762508 1.130818
86.986987 0.839079 0.061673 -0.776484 1.144895
87.087087 0.838874 0.134368 -0.786480 1.157720
87.187187 0.834436 0.206362 -0.792502 1.169157
87.287287 0.825865 0.277314 -0.794598 1.179127
87.387387 0.813329 0.346912 -0.792875 1.187645
87.487487 0.796997 0.414869 -0.787449 1.194737
87.587588 0.777061 0.480927 -0.778458 1.200463
87.687688 0.753740 0.544868 -0.766074 1.204937
87.787788 0.727244 0.606489 -0.750459 1.208264
87.887888 0.697695 0.665536 -0.731689 1.210406
87.987988 0.665169 0.721715 -0.709794 1.211251
88.088088 0.629755 0.774729 -0.684812 1.210688
88.188188 0.591566 0.824299 -0.656809 1.208643
88.288288 0.550761 0.870189 -0.625896 1.205119
88.388388 0.507481 0.912131 -0.592165 1.200075
88.488488 0.461871 0.949847 -0.555710 1.193460
88.588589 0.414100 0.983075 -0.516649 1.185260
88.688689 0.364348 1.011549 -0.475110 1.175462
88.788789 0.312815 1.035020 -0.431238 1.164082
88.888889 0.259718 1.053257 -0.385204 1.151168
88.988989 0.205283 1.065983 -0.337173 1.136726
89.089089 0.149754 1.072925 -0.287330 1.120782
89.189189 0.093403 1.073838 -0.235891 1.103402
89.289289 0.036522 1.068426 -0.183081 1.084613
89.389389 -0.020564 1.056418 -0.129159 1.064483
89.489489 -0.077496 1.037572 -0.074421 1.043120
89.589590 -0.133867 1.011522 -0.019187 1.020522
89.689690 -0.189205 0.977850 0.036170 0.996643
89.789790 -0.242958 0.936128 0.091204 0.971433
89.889890 -0.294466 0.885870 0.145379 0.944781
89.989990 -0.342982 0.826703 0.198064 0.916681
90.090090 -0.387710 0.758482 0.248551 0.887351
90.190190 -0.427766 0.681196 0.296032 0.857115
90.290290 -0.462180 0.594993 0.339600 0.826411
90.390390 -0.489892 0.500232 0.378233 0.795793
90.490490 -0.509682 0.397453 0.410740 0.765802
90.590591 -0.520140 0.287478 0.435714 0.736910
90.690691 -0.519684 0.171559 0.451534 0.709498
90.790791 -0.506942 0.051663 0.456669 0.684256
90.890891 -0.480923 -0.069502 0.449830 0.662167
90.990991 -0.441040 -0.188577 0.430013 0.644196
91.091091 -0.387236 -0.301597 0.396607 0.631039
91.191191 -0.320302 -0.404306 0.349743 0.623198
91.291291 -0.242169 -0.492822 0.290642 0.621283
91.391391 -0.155569 -0.564055 0.221372 0.625592
91.491491 -0.063641 -0.615951 0.144518 0.635870
91.591592 0.030367 -0.647820 0.062954 0.651580
91.691692 0.123482 -0.660243 -0.020516 0.672004
91.791792 0.213292 -0.654852 -0.103456 0.696439
91.891892 0.298070 -0.633934 -0.183967 0.724266
91.991992 0.376674 -0.599850 -0.260672 0.754754
92.092092 0.448458 -0.554881 -0.332661 0.787191
92.192192 0.513208 -0.501194 -0.399434 0.821051
92.292292 0.570924 -0.440637 -0.460733 0.855798
92.392392 0.621707 -0.374734 -0.516436 0.890871
92.492492 0.665877 -0.304848 -0.566646 0.925966
92.592593 0.703892 -0.232152 -0.611616 0.960954
92.692693 0.736135 -0.157565 -0.651570 0.995623
92.792793 0.763008 -0.081840 -0.686769 1.029821
92.892893 0.784875 -0.005595 -0.717459 1.063395
92.992993 0.802015 0.070667 -0.743827 1.096130
93.093093 0.814713 0.146520 -0.766072 1.127870
93.193193 0.823251 0.221607 -0.784403 1.158508
93.293293 0.827898 0.295627 -0.799024 1.187960
93.393393 0.828948 0.368346 -0.810171 1.216228
93.493493 0.826753 0.439604 -0.818144 1.243436
93.593594 0.821608 0.509274 -0.823194 1.269664
93.693694 0.813655 0.577180 -0.825429 1.294799
93.793794 0.803017 0.643159 -0.824935 1.318714
93.893894 0.789870 0.707107 -0.821862 1.341400
93.993994 0.774379 0.768932 -0.816346 1.362843
94.094094 0.756653 0.828514 -0.808471 1.382963
94.194194 0.736823 0.885767 -0.798344 1.401730
94.294294 0.715050 0.940659 -0.786109 1.419191
94.394394 0.691483 0.993164 -0.771897 1.435391
94.494494 0.666259 1.043263 -0.755832 1.450373
94.594595 0.639488 1.090908 -0.738008 1.464132
94.694695 0.611255 1.136028 -0.718492 1.476626
94.794795 0.581656 1.178578 -0.697366 1.487847
94.894895 0.550793 1.218530 -0.674719 1.497810
94.994995 0.518753 1.255844 -0.650626 1.506506
95.095095 0.485633 1.290504 -0.625172 1.513961
95.195195 0.451542 1.322543 -0.598463 1.520253
95.295295 0.416567 1.351948 -0.570576 1.525402
95.395395 0.380770 1.378634 -0.541556 1.529346
95.495495 0.344207 1.402494 -0.511440 1.532004
95.595596 0.306932 1.423388 -0.480256 1.533260
95.695696 0.269003 1.441180 -0.448039 1.533004
95.795796 0.230494 1.455793 -0.414847 1.531196
95.895896 0.191492 1.467197 -0.380753 1.527844
95.995996 0.152079 1.475344 -0.345826 1.522945
96.096096 0.112335 1.480143 -0.310129 1.516451
96.196196 0.072344 1.481508 -0.273725 1.508319
96.296296 0.032197 1.479364 -0.236685 1.498524
96.396396 -0.008014 1.473661 -0.199089 1.487070
96.496496 -0.048191 1.464303 -0.161012 1.473917
96.596597 -0.088228 1.451141 -0.122530 1.458975
96.696697 -0.128014 1.434086 -0.083733 1.442221
96.796797 -0.167430 1.413054 -0.044717 1.423641
96.896897 -0.206347 1.387941 -0.005586 1.403207
96.996997 -0.244628 1.358649 0.033548 1.380904
97.097097 -0.282121 1.325068 0.072562 1.356710
97.197197 -0.318657 1.287070 0.111319 1.330595
97.297297 -0.354043 1.244494 0.149664 1.302501
97.397397 -0.388079 1.197233 0.187431 1.272440
97.497497 -0.420554 1.145211 0.224436 1.240462
97.597598 -0.451221 1.088321 0.260468 1.206601
97.697698 -0.479799 1.026441 0.295288 1.170890
97.797798 -0.505934 0.959384 0.328597 1.133297
97.897898 -0.529204 0.886943 0.360039 1.093779
97.997998 -0.549136 0.808956 0.389203 1.052349
98.098098 -0.565172 0.725277 0.415599 1.009043
98.198198 -0.576562 0.635692 0.438571 0.963781
98.298298 -0.582412 0.540053 0.457320 0.916516
98.398398 -0.581687 0.438380 0.470899 0.867342
98.498498 -0.573150 0.330889 0.478144 0.816462
98.598599 -0.555238 0.218074 0.477554 0.764136
98.698699 -0.525998 0.100922 0.467207 0.710733
98.798799 -0.483230 -0.018681 0.444823 0.657060
98.898899 -0.424705 -0.137483 0.407907 0.604702
98.998999 -0.348434 -0.250254 0.353908 0.556134
99.099099 -0.253418 -0.349134 0.280809 0.514751
99.199199 -0.141340 -0.423915 0.188721 0.485074
99.299299 -0.017991 -0.463958 0.081452 0.471397
99.399399 0.106886 -0.462718 -0.032996 0.476047
99.499499 0.222666 -0.421553 -0.144714 0.498226
99.599600 0.321856 -0.348446 -0.245723 0.534215
99.699700 0.401473 -0.253761 -0.331845 0.579393
99.799800 0.461957 -0.146714 -0.402188 0.629829
99.899900 0.505263 -0.034055 -0.457599 0.682530
100.000000 0.533704 0.079708 -0.499560 0.735360
