0.000000 -0.870155 -0.321251 0.190192 0.946860
0.100100 -0.821123 -0.391782 0.229700 0.938349
0.200200 -0.764891 -0.458819 0.267161 0.931101
0.300300 -0.701792 -0.521674 0.302188 0.925189
0.400400 -0.632260 -0.579680 0.334406 0.920657
0.500501 -0.556867 -0.632241 0.363484 0.917579
0.600601 -0.476279 -0.678819 0.389124 0.915998
0.700701 -0.391186 -0.718878 0.411027 0.915836
0.800801 -0.302374 -0.751989 0.428958 0.917018
0.900901 -0.210720 -0.777889 0.442776 0.919546
1.001001 -0.117118 -0.796387 0.452381 0.923362
1.101101 -0.022470 -0.807414 0.457743 0.928413
1.201201 0.072331 -0.811056 0.458919 0.934692
1.301301 0.166435 -0.807458 0.455998 0.942137
1.401401 0.259022 -0.796767 0.449073 0.950577
1.501502 0.349335 -0.779240 0.438296 0.959871
1.601602 0.436668 -0.755193 0.423851 0.969869
1.701702 0.520396 -0.725004 0.405960 0.980432
1.801802 0.600052 -0.689218 0.384935 0.991594
1.901902 0.675297 -0.648433 0.361118 1.003443
2.002002 0.745828 -0.603184 0.334817 1.015969
2.102102 0.811327 -0.553924 0.306289 1.029027
2.202202 0.871487 -0.501073 0.275777 1.042409
2.302302 0.926078 -0.445071 0.243531 1.055943
2.402402 0.974998 -0.386389 0.209820 1.069552
2.502503 1.018214 -0.325491 0.174907 1.083188
2.602603 1.055751 -0.262821 0.139042 1.096822
2.702703 1.087599 -0.198778 0.102453 1.110351
2.802803 1.113788 -0.133741 0.065354 1.123691
2.902903 1.134505 -0.068086 0.027955 1.136890
3.003003 1.149950 -0.002154 -0.009551 1.149991
3.103103 1.160269 0.063748 -0.046992 1.162969
3.203203 1.165538 0.129332 -0.084205 1.175711
3.303303 1.165922 0.194335 -0.121044 1.188189
3.403403 1.161653 0.258523 -0.157377 1.200433
3.503504 1.152908 0.321674 -0.193080 1.212416
3.603604 1.139824 0.383574 -0.228034 1.224062
3.703704 1.122520 0.444011 -0.262120 1.235275
3.803804 1.101119 0.502785 -0.295225 1.245959
3.903904 1.075724 0.559691 -0.327233 1.255993
4.004004 1.046457 0.614538 -0.358039 1.265275
4.104104 1.013472 0.667155 -0.387546 1.273740
4.204204 0.977014 0.717440 -0.415699 1.281438
4.304304 0.937356 0.765326 -0.442463 1.288461
4.404404 0.894730 0.810737 -0.467797 1.294863
4.504505 0.849382 0.853629 -0.491677 1.300722
4.604605 0.801529 0.893947 -0.514076 1.306088
4.704705 0.751377 0.931640 -0.534965 1.310995
4.804805 0.699091 0.966622 -0.554298 1.315421
4.904905 0.644817 0.998783 -0.572015 1.319301
5.005005 0.588728 1.028058 -0.588079 1.322627
5.105105 0.531009 1.054403 -0.602467 1.325407
5.205205 0.471831 1.077758 -0.615147 1.327627
5.305305 0.411366 1.098069 -0.626090 1.329273
5.405405 0.349794 1.115307 -0.635281 1.330356
5.505506 0.287285 1.129413 -0.642689 1.330848
5.605606 0.224009 1.140335 -0.648286 1.330721
5.705706 0.160154 1.148090 -0.652082 1.330026
5.805806 0.095903 1.152706 -0.654096 1.328822
5.905906 0.031431 1.154140 -0.654305 1.327080
6.006006 -0.033086 1.152321 -0.652669 1.324732
6.106106 -0.097464 1.147178 -0.649152 1.321709
6.206206 -0.161512 1.138653 -0.643721 1.317951
6.306306 -0.225044 1.126787 -0.636402 1.313508
6.406406 -0.287865 1.111586 -0.627200 1.308384
6.506507 -0.349765 1.093001 -0.616089 1.302518
6.606607 -0.410534 1.071022 -0.603065 1.295883
6.706707 -0.469963 1.045667 -0.588140 1.288485
6.806807 -0.527844 1.016972 -0.571338 1.280343
6.906907 -0.583953 0.984954 -0.552669 1.271448
7.007007 -0.638051 0.949632 -0.532146 1.261780
7.107107 -0.689923 0.911071 -0.509809 1.251379
7.207207 -0.739360 0.869365 -0.485713 1.240308
7.307307 -0.786122 0.824580 -0.459897 1.228587
7.407407 -0.829966 0.776797 -0.432409 1.216238
7.507508 -0.870644 0.726108 -0.403305 1.203291
7.607608 -0.907919 0.672637 -0.372655 1.189802
7.707708 -0.941514 0.616494 -0.340526 1.175785
7.807808 -0.971178 0.557827 -0.307004 1.161296
7.907908 -0.996641 0.496798 -0.272182 1.146379
8.008008 -1.017592 0.433568 -0.236156 1.131037
8.108108 -1.033733 0.368337 -0.199040 1.115299
8.208208 -1.044828 0.301352 -0.160979 1.099269
8.308308 -1.050665 0.232898 -0.122134 1.083076
8.408408 -1.050880 0.163245 -0.082662 1.066691
8.508509 -1.045103 0.092708 -0.042745 1.050077
8.608609 -1.033103 0.021664 -0.002599 1.033334
8.708709 -1.014642 -0.049468 0.037536 1.016540
8.808809 -0.989424 -0.120222 0.077393 0.999701
8.908909 -0.957262 -0.190084 0.116681 0.982902
9.009009 -0.917999 -0.258485 0.155073 0.966221
9.109109 -0.871505 -0.324796 0.192214 0.949716
9.209209 -0.817678 -0.388316 0.227704 0.933400
9.309309 -0.756489 -0.448279 0.261110 0.917283
9.409409 -0.688168 -0.503954 0.292019 0.901565
9.509510 -0.613020 -0.554558 0.319990 0.886410
9.609610 -0.531465 -0.599287 0.344573 0.871969
9.709710 -0.444089 -0.637362 0.365330 0.858435
9.809810 -0.351627 -0.668031 0.381843 0.845998
9.909910 -0.254959 -0.690569 0.393709 0.834803
10.010010 -0.155082 -0.704218 0.400508 0.824852
10.110110 -0.053194 -0.708450 0.401952 0.816269
10.210210 0.049359 -0.702999 0.397902 0.809302
10.310310 0.151155 -0.687692 0.388274 0.804068
10.410410 0.250740 -0.662594 0.373120 0.800700
10.510511 0.346655 -0.627972 0.352602 0.799279
10.610611 0.437494 -0.584268 0.326986 0.799806
10.710711 0.521924 -0.532101 0.296634 0.802202
10.810811 0.598767 -0.472270 0.262010 0.806357
10.910911 0.667028 -0.405735 0.223668 0.812142
11.011011 0.725860 -0.333521 0.182195 0.819332
11.111111 0.774762 -0.256789 0.138256 0.827835
11.211211 0.813380 -0.176698 0.092510 0.837477
11.311311 0.841537 -0.094377 0.045597 0.848040
11.411411 0.859294 -0.010931 -0.001855 0.859366
11.511512 0.866891 0.072605 -0.049263 0.871320
11.611612 0.864784 0.155289 -0.096097 0.883856
11.711712 0.853428 0.236270 -0.141880 0.896823
11.811812 0.833263 0.314768 -0.186173 0.909982
11.911912 0.804792 0.390083 -0.228585 0.923096
12.012012 0.768675 0.461649 -0.268800 0.936074
12.112112 0.725581 0.528975 -0.306548 0.948817
12.212212 0.676180 0.591651 -0.341601 0.961230
12.312312 0.621180 0.649372 -0.373795 0.973279
12.412412 0.561223 0.701847 -0.402969 0.984858
12.512513 0.496917 0.748810 -0.428979 0.995824
12.612613 0.428840 0.790009 -0.451687 1.006002
12.712713 0.357599 0.825285 -0.471009 1.015294
12.812813 0.283786 0.854507 -0.486877 1.023604
12.912913 0.207978 0.877578 -0.499240 1.030844
13.013013 0.130769 0.894548 -0.508134 1.037072
13.113113 0.052722 0.905458 -0.513585 1.042307
13.213213 -0.025632 0.910257 -0.515570 1.046440
13.313313 -0.103768 0.908940 -0.514092 1.049395
13.413413 -0.181168 0.901590 -0.509202 1.051177
13.513514 -0.257331 0.888320 -0.500969 1.051809
13.613614 -0.331743 0.869181 -0.489427 1.051223
13.713714 -0.403895 0.844251 -0.474624 1.049361
13.813814 -0.473270 0.813627 -0.456620 1.046171
13.913914 -0.539393 0.777502 -0.435530 1.041701
14.014014 -0.601866 0.736194 -0.411538 1.036141
14.114114 -0.660245 0.689953 -0.384787 1.029572
14.214214 -0.714082 0.639030 -0.355427 1.022057
14.314314 -0.762939 0.583714 -0.323624 1.013672
14.414414 -0.806309 0.524261 -0.289527 1.004395
14.514515 -0.843681 0.460963 -0.253309 0.994208
14.614615 -0.874547 0.394166 -0.215168 0.983105
14.714715 -0.898399 0.324259 -0.175331 0.971085
14.814815 -0.914702 0.251681 -0.134051 0.958119
14.914915 -0.922959 0.176939 -0.091620 0.944222
15.015015 -0.922771 0.100627 -0.048379 0.929501
15.115115 -0.913646 0.023395 -0.004699 0.913958
15.215215 -0.895235 -0.054027 0.039001 0.897711
15.315315 -0.867151 -0.130806 0.082246 0.880809
15.415415 -0.829023 -0.206016 0.124507 0.863263
15.515516 -0.780739 -0.278642 0.165210 0.845274
15.615616 -0.722167 -0.347529 0.203697 0.826919
15.715716 -0.653395 -0.411440 0.239269 0.808367
15.815816 -0.574747 -0.469050 0.271177 0.789860
15.915916 -0.486715 -0.518909 0.298606 0.771572
16.016016 -0.390168 -0.559583 0.320750 0.753820
16.116116 -0.286343 -0.589682 0.336834 0.737003
16.216216 -0.176780 -0.607762 0.346053 0.721373
16.316316 -0.063453 -0.612619 0.347744 0.707287
16.416416 0.051243 -0.603444 0.341470 0.695250
16.516517 0.164615 -0.579696 0.326951 0.685596
16.616617 0.273754 -0.541327 0.304187 0.678606
16.716717 0.375700 -0.488896 0.273521 0.674524
16.816817 0.467572 -0.423472 0.235587 0.673389
16.916917 0.546816 -0.346687 0.191333 0.675136
17.017017 0.611368 -0.260651 0.141975 0.679608
17.117117 0.659745 -0.167768 0.088888 0.686521
17.217217 0.691247 -0.070630 0.033549 0.695655
17.317317 0.705809 0.028203 -0.022593 0.706733
17.417417 0.703804 0.126338 -0.078184 0.719315
17.517518 0.686168 0.221639 -0.132022 0.733062
17.617618 0.654252 0.312294 -0.183094 0.747728
17.717718 0.609611 0.396843 -0.230587 0.763073
17.817818 0.553772 0.474053 -0.273816 0.778694
17.917918 0.488234 0.542913 -0.312223 0.794109
18.018018 0.414573 0.602677 -0.345399 0.808944
18.118118 0.334389 0.652895 -0.373104 0.822979
18.218218 0.249304 0.693465 -0.395297 0.836246
18.318318 0.160815 0.724444 -0.412023 0.848789
18.418418 0.070251 0.745873 -0.423318 0.860499
18.518519 -0.021160 0.757796 -0.429218 0.871166
18.618619 -0.112262 0.760332 -0.429801 0.880589
18.718719 -0.201963 0.753695 -0.425201 0.888617
18.818819 -0.289235 0.738181 -0.415592 0.895145
18.918919 -0.373121 0.714153 -0.401190 0.900104
19.019019 -0.452713 0.682010 -0.382230 0.903430
19.119119 -0.527160 0.642201 -0.358974 0.905087
19.219219 -0.595715 0.595285 -0.331747 0.905150
19.319319 -0.657610 0.541785 -0.300851 0.903600
19.419419 -0.712084 0.482234 -0.266595 0.900381
19.519520 -0.758426 0.417234 -0.229328 0.895480
19.619620 -0.795977 0.347453 -0.189433 0.888925
19.719720 -0.824184 0.273645 -0.147345 0.880836
19.819820 -0.842522 0.196613 -0.103522 0.871331
19.919920 -0.850485 0.117212 -0.058453 0.860512
20.020020 -0.847498 0.036357 -0.012664 0.848372
20.120120 -0.833181 -0.044934 0.033267 0.835055
20.220220 -0.807256 -0.125541 0.078701 0.820742
20.320320 -0.769392 -0.204231 0.122937 0.805474
20.420420 -0.719396 -0.279635 0.165197 0.789314
20.520521 -0.657320 -0.350275 0.204645 0.772426
20.620621 -0.583556 -0.414612 0.240412 0.755141
20.720721 -0.498705 -0.470979 0.271558 0.737747
20.820821 -0.403655 -0.517605 0.297089 0.720496
20.920921 -0.299740 -0.552728 0.316019 0.703719
21.021021 -0.188766 -0.574644 0.327399 0.687778
21.121121 -0.073037 -0.581781 0.330359 0.673009
21.221221 0.044595 -0.573104 0.324340 0.660025
21.321321 0.160870 -0.548143 0.309106 0.649528
21.421421 0.272246 -0.506812 0.284642 0.641870
21.521522 0.375029 -0.449666 0.251297 0.637179
21.621622 0.465749 -0.378157 0.209926 0.635605
21.721722 0.541373 -0.294474 0.161797 0.637165
21.821822 0.599597 -0.201376 0.108496 0.641748
21.921922 0.639013 -0.102004 0.051816 0.649174
22.022022 0.658997 0.000434 -0.006419 0.659029
22.122122 0.659833 0.102833 -0.064452 0.670901
22.222222 0.642654 0.202403 -0.120714 0.684503
22.322322 0.609161 0.296813 -0.173899 0.699583
22.422422 0.561292 0.384190 -0.222965 0.715796
22.522523 0.500939 0.462978 -0.267046 0.732531
22.622623 0.430030 0.531967 -0.305475 0.749152
22.722723 0.350617 0.590383 -0.337833 0.765255
22.822823 0.264699 0.637777 -0.363885 0.780536
22.922923 0.174190 0.674022 -0.383576 0.794844
23.023023 0.080848 0.699132 -0.396931 0.808008
23.123123 -0.013735 0.713111 -0.403966 0.819698
23.223223 -0.108057 0.716028 -0.404735 0.829568
23.323323 -0.200703 0.708138 -0.399397 0.837412
23.423423 -0.290330 0.689779 -0.388154 0.843060
23.523524 -0.375693 0.661405 -0.371276 0.846432
23.623624 -0.455707 0.623703 -0.349162 0.847696
23.723724 -0.529320 0.577326 -0.322192 0.846931
23.823824 -0.595546 0.522959 -0.290764 0.844218
23.923924 -0.653501 0.461395 -0.255335 0.839729
24.024024 -0.702384 0.393483 -0.216394 0.833666
24.124124 -0.741291 0.320047 -0.174416 0.826053
24.224224 -0.769209 0.241926 -0.129886 0.816751
24.324324 -0.785235 0.160124 -0.083382 0.805721
24.424424 -0.788652 0.075806 -0.035569 0.793085
24.524525 -0.778956 -0.009717 0.012802 0.779122
24.624625 -0.755639 -0.095006 0.060915 0.764020
24.724725 -0.718244 -0.178459 0.107854 0.747900
24.824825 -0.666622 -0.258309 0.152619 0.731028
24.924925 -0.600964 -0.332642 0.194126 0.713788
25.025025 -0.521648 -0.399319 0.231166 0.696427
25.125125 -0.429460 -0.456033 0.262440 0.679174
25.225225 -0.325757 -0.500375 0.286596 0.662291
25.325325 -0.212615 -0.530041 0.302347 0.646190
25.425425 -0.092920 -0.543105 0.308629 0.631545
25.525526 0.029768 -0.538062 0.304622 0.619025
25.625626 0.151298 -0.513990 0.289842 0.609167
25.725726 0.267054 -0.470682 0.264217 0.602222
25.825826 0.372323 -0.409052 0.228308 0.598391
25.925926 0.462838 -0.331305 0.183403 0.598013
26.026026 0.534847 -0.240400 0.131216 0.600892
26.126126 0.585518 -0.139951 0.073821 0.606521
26.226226 0.613461 -0.034102 0.013578 0.614558
26.326326 0.618720 0.072995 -0.047159 0.624794
26.426426 0.602438 0.177532 -0.106244 0.636975
26.526527 0.566376 0.276219 -0.161828 0.650590
26.626627 0.512838 0.366361 -0.212408 0.665087
26.726727 0.444432 0.445851 -0.256811 0.679894
26.826827 0.363918 0.513161 -0.294199 0.694495
26.926927 0.274186 0.567436 -0.324114 0.708668
27.027027 0.177960 0.608190 -0.346307 0.722145
27.127127 0.077732 0.635139 -0.360639 0.734510
27.227227 -0.024137 0.648368 -0.367181 0.745510
27.327327 -0.125467 0.648224 -0.366150 0.754985
27.427427 -0.224269 0.635236 -0.357865 0.762817
27.527528 -0.318734 0.610095 -0.342734 0.768944
27.627628 -0.407205 0.573581 -0.321214 0.773298
27.727728 -0.488165 0.526570 -0.293816 0.775828
27.827828 -0.560289 0.470093 -0.261137 0.776598
27.927928 -0.622261 0.405171 -0.223767 0.775529
28.028028 -0.672698 0.332805 -0.182287 0.772341
28.128128 -0.710418 0.254205 -0.137394 0.766936
28.228228 -0.734501 0.170781 -0.089896 0.759434
28.328328 -0.744210 0.084071 -0.040669 0.750047
28.428428 -0.738840 -0.004281 0.009347 0.738911
28.528529 -0.717680 -0.092475 0.059124 0.726024
28.628629 -0.680236 -0.178500 0.107521 0.711438
28.728729 -0.626561 -0.260198 0.153314 0.695548
28.828829 -0.557144 -0.335276 0.195208 0.678915
28.928929 -0.472779 -0.401260 0.231808 0.662015
29.029029 -0.374764 -0.455534 0.261645 0.645304
29.129129 -0.265072 -0.495453 0.283238 0.629254
29.229229 -0.146501 -0.518548 0.295215 0.614415
29.329329 -0.022721 -0.522804 0.296467 0.601442
29.429429 0.101828 -0.506907 0.286292 0.591005
29.529530 0.222152 -0.470488 0.264528 0.583683
29.629630 0.333071 -0.414351 0.231678 0.579912
29.729730 0.429739 -0.340587 0.188973 0.579988
29.829830 0.508050 -0.252346 0.138237 0.583869
29.929930 0.565030 -0.153549 0.081718 0.591197
30.030030 0.599297 -0.048593 0.021922 0.601663
30.130130 0.611020 0.058188 -0.038696 0.615003
30.230230 0.601476 0.162939 -0.097966 0.630809
30.330330 0.572654 0.262461 -0.154091 0.648508
30.430430 0.527117 0.354320 -0.205718 0.667618
30.530531 0.467496 0.436687 -0.251834 0.687509
30.630631 0.396357 0.508273 -0.291733 0.707494
30.730731 0.316362 0.568480 -0.325101 0.727286
30.830831 0.229978 0.617161 -0.351878 0.746724
30.930931 0.139390 0.654495 -0.372184 0.765711
31.031031 0.046509 0.680932 -0.386295 0.784254
31.131131 -0.047044 0.697161 -0.394616 0.802476
31.231231 -0.139911 0.703805 -0.397511 0.820324
31.331331 -0.230943 0.701404 -0.395298 0.837593
31.431431 -0.319153 0.690559 -0.388326 0.854124
31.531532 -0.403676 0.671832 -0.376922 0.869703
31.631632 -0.483793 0.645848 -0.361448 0.884206
31.731732 -0.558952 0.613306 -0.342303 0.897632
31.831832 -0.628720 0.574905 -0.319889 0.910019
31.931932 -0.692753 0.531311 -0.294586 0.921401
32.032032 -0.750763 0.483147 -0.266750 0.931789
32.132132 -0.802459 0.430966 -0.236697 0.941115
32.232232 -0.847603 0.375310 -0.204736 0.949319
32.332332 -0.886045 0.316728 -0.171179 0.956397
32.432432 -0.917607 0.255729 -0.136318 0.962280
32.532533 -0.942110 0.192804 -0.100430 0.966867
32.632633 -0.959448 0.128451 -0.063802 0.970109
32.732733 -0.969484 0.063161 -0.026710 0.971906
32.832833 -0.972179 -0.002569 0.010562 0.972240
32.932933 -0.967525 -0.068240 0.047732 0.971102
33.033033 -0.955515 -0.133353 0.084516 0.968470
33.133133 -0.936166 -0.197399 0.120628 0.964326
33.233233 -0.909389 -0.259835 0.155758 0.958522
33.333333 -0.875137 -0.320091 0.189582 0.950928
33.433433 -0.833433 -0.377574 0.221765 0.941463
33.533534 -0.784357 -0.431668 0.251958 0.930073
33.633634 -0.728078 -0.481746 0.279808 0.916771
33.733734 -0.664717 -0.527076 0.304902 0.901456
33.833834 -0.594398 -0.566821 0.326765 0.883952
33.933934 -0.517418 -0.600139 0.344924 0.864212
34.034034 -0.434271 -0.626220 0.358924 0.842360
34.134134 -0.345587 -0.644207 0.368286 0.818577
34.234234 -0.252123 -0.653145 0.372475 0.793033
34.334334 -0.154835 -0.651965 0.370895 0.765895
34.434434 -0.054945 -0.639460 0.362874 0.737296
34.534535 0.045934 -0.614255 0.347646 0.707302
34.634635 0.145659 -0.575041 0.324491 0.676154
34.734735 0.241441 -0.520770 0.292841 0.644400
34.834835 0.329717 -0.450654 0.252281 0.612739
34.934935 0.406035 -0.364478 0.202733 0.582073
35.035035 0.465100 -0.263068 0.144715 0.553592
35.135135 0.501024 -0.148814 0.079635 0.528689
35.235235 0.507979 -0.026194 0.010085 0.508754
35.335335 0.481757 0.097940 -0.060012 0.495261
35.435435 0.421524 0.215014 -0.125789 0.489628
35.535536 0.330692 0.316410 -0.182396 0.492687
35.635636 0.216512 0.395511 -0.226150 0.504431
35.735736 0.088132 0.448835 -0.255164 0.523764
35.835836 -0.045497 0.475959 -0.269283 0.548744
35.935936 -0.176929 0.478950 -0.269747 0.577460
36.036036 -0.300817 0.461267 -0.258566 0.608370
36.136136 -0.413837 0.426803 -0.237978 0.640355
36.236236 -0.514121 0.379163 -0.210043 0.672460
36.336336 -0.600781 0.321458 -0.176531 0.703872
36.436436 -0.673633 0.256367 -0.138964 0.734041
36.536537 -0.732931 0.186126 -0.098606 0.762597
36.636637 -0.779217 0.112598 -0.056506 0.789335
36.736737 -0.813178 0.037309 -0.013525 0.814146
36.836837 -0.835493 -0.038487 0.029635 0.836904
36.936937 -0.846729 -0.113741 0.072384 0.857396
37.037037 -0.847543 -0.187565 0.114225 0.875533
37.137137 -0.838540 -0.259180 0.154723 0.891214
37.237237 -0.820311 -0.327910 0.193498 0.904366
37.337337 -0.793500 -0.393169 0.230227 0.915002
37.437437 -0.758648 -0.454402 0.264599 0.923061
37.537538 -0.716242 -0.511063 0.296310 0.928433
37.637638 -0.666805 -0.562659 0.325085 0.931071
37.737738 -0.610906 -0.608749 0.350679 0.930998
37.837838 -0.549080 -0.648871 0.372835 0.928186
37.937938 -0.481867 -0.682557 0.391295 0.922600
38.038038 -0.409820 -0.709315 0.405782 0.914187
38.138138 -0.333507 -0.728589 0.415989 0.902838
38.238238 -0.253578 -0.739840 0.421616 0.888496
38.338338 -0.170772 -0.742528 0.422364 0.871150
38.438438 -0.085908 -0.735999 0.417869 0.850699
38.538539 0.000050 -0.719545 0.407740 0.827042
38.638639 0.085940 -0.692497 0.391609 0.800185
38.738739 0.170338 -0.654078 0.369047 0.770084
38.838839 0.251499 -0.603560 0.339660 0.736821
38.938939 0.327322 -0.540471 0.303200 0.700841
39.039039 0.395118 -0.464358 0.259434 0.662611
39.139139 0.451444 -0.374979 0.208259 0.622722
39.239239 0.491937 -0.272682 0.149911 0.582092
39.339339 0.511208 -0.158876 0.085241 0.542071
39.439439 0.503066 -0.036852 0.016171 0.504673
39.539540 0.461610 0.087281 -0.053783 0.472857
39.639640 0.383137 0.204023 -0.119201 0.450143
39.739740 0.268909 0.301346 -0.173281 0.439486
39.839840 0.127562 0.368064 -0.209764 0.442430
39.939940 -0.026514 0.398468 -0.225549 0.458642
40.040040 -0.178541 0.393894 -0.221533 0.485907
40.140140 -0.317672 0.360216 -0.201146 0.520702
40.240240 -0.437976 0.304854 -0.168648 0.559644
40.340340 -0.537346 0.234745 -0.127988 0.600189
40.440440 -0.615924 0.155454 -0.082321 0.640551
40.540541 -0.674927 0.071175 -0.034010 0.679521
40.640641 -0.716004 -0.015017 0.015216 0.716323
40.740741 -0.740901 -0.100872 0.064100 0.750479
40.840841 -0.751159 -0.184721 0.111711 0.781563
40.940941 -0.748138 -0.265284 0.157335 0.809223
41.041041 -0.733220 -0.341607 0.200445 0.833358
41.141141 -0.707737 -0.412978 0.240649 0.854023
41.241241 -0.672883 -0.478848 0.277649 0.871296
41.341341 -0.629684 -0.538736 0.311180 0.885196
41.441441 -0.579034 -0.592201 0.341003 0.895693
41.541542 -0.521774 -0.638850 0.366901 0.902770
41.641642 -0.458696 -0.678313 0.388672 0.906409
41.741742 -0.390566 -0.710228 0.406119 0.906587
41.841842 -0.318097 -0.734154 0.418999 0.903177
41.941942 -0.242038 -0.749682 0.427086 0.896107
42.042042 -0.163211 -0.756477 0.430197 0.885418
42.142142 -0.082455 -0.754067 0.428075 0.871013
42.242242 -0.000691 -0.741925 0.420429 0.852768
42.342342 0.081021 -0.719505 0.406959 0.830583
42.442442 0.161444 -0.686230 0.387350 0.804373
42.542543 0.239097 -0.641514 0.361284 0.774102
42.642643 0.312184 -0.584782 0.328451 0.739803
42.742743 0.378485 -0.515544 0.288596 0.701659
42.842843 0.435169 -0.433408 0.241521 0.659960
42.942943 0.478598 -0.338280 0.187208 0.615253
43.043043 0.503912 -0.230604 0.125955 0.568305
43.143143 0.504849 -0.112080 0.058783 0.520471
43.243243 0.473877 0.013113 -0.011869 0.474207
43.343343 0.403088 0.136621 -0.081194 0.433287
43.443443 0.288275 0.244477 -0.141237 0.403509
43.543544 0.135286 0.319182 -0.182136 0.391603
43.643644 -0.037247 0.347475 -0.196553 0.400948
43.743744 -0.205218 0.328611 -0.184290 0.429025
43.843844 -0.350946 0.272930 -0.151372 0.469646
43.943944 -0.467178 0.193686 -0.105379 0.516599
44.044044 -0.553729 0.101805 -0.052503 0.565453
44.144144 -0.613694 0.004842 0.003005 0.613720
44.244244 -0.650886 -0.092394 0.058453 0.660005
44.344344 -0.668761 -0.186938 0.112195 0.703402
44.444444 -0.670356 -0.276951 0.163217 0.743451
44.544545 -0.658164 -0.361266 0.210881 0.779848
44.644645 -0.634312 -0.439170 0.254803 0.812494
44.744745 -0.600738 -0.510325 0.294810 0.841564
44.844845 -0.558995 -0.574504 0.330787 0.867151
44.944945 -0.510315 -0.631513 0.362636 0.889233
45.045045 -0.455803 -0.681254 0.390312 0.907858
45.145145 -0.396431 -0.723669 0.413791 0.923080
45.245245 -0.333050 -0.758686 0.433040 0.934907
45.345345 -0.266398 -0.786153 0.447980 0.943234
45.445445 -0.197186 -0.805937 0.458543 0.947986
45.545546 -0.126109 -0.817925 0.464670 0.949117
45.645646 -0.053864 -0.822072 0.466344 0.946668
45.745746 0.018852 -0.818317 0.463535 0.940672
45.845846 0.091340 -0.806559 0.456193 0.931124
45.945946 0.162867 -0.786729 0.444286 0.918073
46.046046 0.232627 -0.758624 0.427706 0.901420
46.146146 0.299721 -0.722002 0.406325 0.881033
46.246246 0.363144 -0.676684 0.380051 0.856863
46.346346 0.421710 -0.622446 0.348768 0.828805
46.446446 0.473999 -0.559062 0.312360 0.796740
46.546547 0.518337 -0.486415 0.270779 0.760654
46.646647 0.552624 -0.404458 0.224015 0.720529
46.746747 0.574124 -0.313279 0.172147 0.676311
46.846847 0.579402 -0.213407 0.115503 0.628164
46.946947 0.564206 -0.106190 0.054889 0.576730
47.047047 0.523135 0.005615 -0.008082 0.523228
47.147147 0.449616 0.116635 -0.070304 0.469788
47.247247 0.337419 0.216910 -0.126075 0.420472
47.347347 0.185092 0.290156 -0.166155 0.382174
47.447447 0.004098 0.316361 -0.179309 0.363666
47.547548 -0.177279 0.283866 -0.159196 0.370609
47.647648 -0.328045 0.201024 -0.110840 0.400387
47.747748 -0.432834 0.088927 -0.046337 0.444298
47.847848 -0.492195 -0.033209 0.023428 0.493870
47.947948 -0.513515 -0.153191 0.091618 0.543653
48.048048 -0.505015 -0.264528 0.154629 0.590699
48.148148 -0.473783 -0.364107 0.210764 0.633614
48.248248 -0.425479 -0.450658 0.259357 0.671856
48.348348 -0.364586 -0.523931 0.300308 0.705416
48.448448 -0.294528 -0.584038 0.333712 0.734310
48.548549 -0.217998 -0.631301 0.359778 0.758619
48.648649 -0.137195 -0.666122 0.378753 0.778457
48.748749 -0.053922 -0.688800 0.390824 0.793786
48.848849 0.030239 -0.699715 0.396221 0.804678
48.948949 0.113872 -0.699273 0.395187 0.811247
49.049049 0.195672 -0.687828 0.387935 0.813565
49.149149 0.274380 -0.665684 0.374649 0.811654
49.249249 0.348725 -0.633087 0.355482 0.805466
49.349349 0.417367 -0.590248 0.330563 0.794896
49.449449 0.478867 -0.537407 0.300044 0.779838
49.549550 0.531635 -0.474862 0.264108 0.760186
49.649650 0.573828 -0.402969 0.222973 0.735785
49.749750 0.603422 -0.322321 0.176995 0.706637
49.849850 0.618151 -0.233835 0.126716 0.672939
49.949950 0.615192 -0.138785 0.072882 0.634850
50.050050 0.590925 -0.039094 0.016618 0.592450
50.150150 0.541096 0.062070 -0.040241 0.546129
50.250250 0.461203 0.159461 -0.094681 0.497092
50.350350 0.347338 0.244569 -0.141842 0.447858
50.450450 0.198852 0.304314 -0.174306 0.403152
50.550551 0.023970 0.321555 -0.182439 0.370481
50.650651 -0.154079 0.282059 -0.158389 0.358308
50.750751 -0.302144 0.187843 -0.103614 0.370556
50.850851 -0.397543 0.059891 -0.030214 0.403162
50.950951 -0.438447 -0.077196 0.047851 0.447756
51.051051 -0.435036 -0.207144 0.121456 0.496907
51.151151 -0.399412 -0.322192 0.186316 0.545941
51.251251 -0.341431 -0.419483 0.240904 0.592095
51.351351 -0.268394 -0.498466 0.284977 0.633810
51.451451 -0.185832 -0.559927 0.319031 0.670695
51.551552 -0.097835 -0.605092 0.343801 0.702785
51.651652 -0.007376 -0.635051 0.359930 0.729996
51.751752 0.083232 -0.650808 0.368010 0.752270
51.851852 0.172129 -0.653343 0.368614 0.769651
51.951952 0.257764 -0.643612 0.362298 0.782265
52.052052 0.338820 -0.622532 0.349593 0.790291
52.152152 0.414130 -0.590973 0.331005 0.793925
52.252252 0.482583 -0.549702 0.306976 0.793280
52.352352 0.543034 -0.499388 0.277899 0.788354
52.452452 0.594311 -0.440702 0.244163 0.779128
52.552553 0.635296 -0.374447 0.206235 0.765731
52.652653 0.664747 -0.301460 0.164600 0.748238
52.752753 0.681206 -0.222653 0.119789 0.726612
52.852853 0.683095 -0.139158 0.072457 0.700881
52.952953 0.668608 -0.052416 0.023440 0.671069
53.053053 0.635783 0.035663 -0.026164 0.637320
53.153153 0.582660 0.122477 -0.074861 0.600081
53.253253 0.507103 0.204390 -0.120571 0.559880
53.353353 0.407354 0.276295 -0.160382 0.517685
53.453453 0.282991 0.331064 -0.190253 0.475272
53.553554 0.136471 0.359058 -0.204744 0.435278
53.653654 -0.023678 0.349009 -0.197549 0.401738
53.753754 -0.179791 0.292082 -0.163829 0.380101
53.853854 -0.307201 0.189440 -0.104471 0.375731
53.953954 -0.385195 0.056168 -0.028220 0.390290
54.054054 -0.407828 -0.085729 0.052399 0.420022
54.154154 -0.382860 -0.218231 0.127250 0.458693
54.254254 -0.323472 -0.331676 0.190979 0.501115
54.354354 -0.242002 -0.422942 0.241933 0.544038
54.454454 -0.147716 -0.492182 0.280285 0.585340
54.554555 -0.047173 -0.540984 0.306998 0.623808
54.654655 0.055026 -0.571423 0.323289 0.658838
54.754755 0.155683 -0.585567 0.330362 0.690119
54.854855 0.252529 -0.585363 0.329339 0.717555
54.954955 0.343906 -0.572511 0.321200 0.741087
55.055055 0.428578 -0.548535 0.306821 0.760729
55.155155 0.505538 -0.514734 0.286946 0.776439
55.255255 0.574014 -0.472333 0.262278 0.788277
55.355355 0.633380 -0.422481 0.233472 0.796348
55.455455 0.682922 -0.366125 0.201073 0.800537
55.555556 0.721944 -0.304173 0.165602 0.800717
55.655656 0.749769 -0.237552 0.127589 0.796783
55.755756 0.765595 -0.167180 0.087564 0.788512
55.855856 0.768679 -0.094074 0.046108 0.775786
55.955956 0.758332 -0.019378 0.003878 0.758590
56.056056 0.733795 0.055622 -0.038392 0.736901
56.156156 0.694149 0.129404 -0.079830 0.710606
56.256256 0.638283 0.200074 -0.119354 0.679471
56.356356 0.565179 0.265233 -0.155592 0.643416
56.456456 0.473949 0.321730 -0.186752 0.602507
56.556557 0.364025 0.365296 -0.210410 0.556981
56.656657 0.235979 0.390270 -0.223363 0.507827
56.756757 0.092691 0.389125 -0.221371 0.457181
56.856857 -0.058296 0.352166 -0.199014 0.408688
56.956957 -0.200590 0.270046 -0.151147 0.368791
57.057057 -0.306844 0.141637 -0.077387 0.346703
57.157157 -0.349266 -0.015656 0.012143 0.349828
57.257257 -0.321361 -0.170468 0.099608 0.377166
57.357357 -0.240896 -0.298704 0.171521 0.420327
57.457457 -0.131438 -0.392458 0.223623 0.470432
57.557558 -0.010486 -0.453722 0.257206 0.521659
57.657658 0.111415 -0.487560 0.275239 0.570863
57.757758 0.228403 -0.499119 0.280693 0.616503
57.857858 0.337310 -0.492816 0.276102 0.657934
57.957958 0.436427 -0.472145 0.263460 0.694839
58.058058 0.524840 -0.439880 0.244348 0.727088
58.158158 0.602143 -0.398307 0.220066 0.754755
58.258258 0.668217 -0.349325 0.191691 0.778002
58.358358 0.723016 -0.294473 0.160095 0.796930
58.458458 0.766564 -0.235068 0.126024 0.811640
58.558559 0.798876 -0.172249 0.090125 0.822190
58.658659 0.819936 -0.107038 0.052975 0.828588
58.758759 0.829703 -0.040390 0.015116 0.830823
58.858859 0.828126 0.026773 -0.022929 0.828876
58.958959 0.815095 0.093524 -0.060632 0.822680
59.059059 0.790379 0.158888 -0.097440 0.812058
59.159159 0.753875 0.221837 -0.132769 0.796974
59.259259 0.705493 0.281235 -0.165974 0.777407
59.359359 0.645091 0.335779 -0.196317 0.753280
59.459459 0.572663 0.383990 -0.222958 0.724639
59.559560 0.488169 0.424007 -0.244842 0.691403
59.659660 0.391676 0.453464 -0.260630 0.653428
59.759760 0.283653 0.469354 -0.268623 0.610664
59.859860 0.165276 0.467717 -0.266587 0.563155
59.959960 0.039217 0.443403 -0.251628 0.511333
60.060060 -0.088906 0.390144 -0.220248 0.456755
60.160160 -0.208045 0.301250 -0.168759 0.403130
60.260260 -0.298225 0.172815 -0.095135 0.357567
60.360360 -0.330791 0.012912 -0.004218 0.331070
60.460460 -0.284795 -0.149202 0.087215 0.333130
60.560561 -0.171703 -0.277213 0.158695 0.362647
60.660661 -0.025747 -0.355252 0.201550 0.409255
60.760761 0.124690 -0.387924 0.218655 0.462431
60.860861 0.264758 -0.386159 0.216343 0.515771
60.960961 0.388369 -0.359810 0.200254 0.566035
61.061061 0.493530 -0.316148 0.174527 0.611540
61.161161 0.580170 -0.260518 0.142192 0.651678
61.261261 0.648994 -0.196850 0.105469 0.686343
61.361361 0.700699 -0.127986 0.065962 0.715339
61.461461 0.735984 -0.056131 0.024914 0.738541
61.561562 0.755564 0.016901 -0.016655 0.755937
61.661662 0.760149 0.089575 -0.057879 0.767593
61.761762 0.750522 0.160546 -0.098006 0.773733
61.861862 0.727296 0.228570 -0.136335 0.774462
61.961962 0.691000 0.292446 -0.172191 0.769841
62.062062 0.642222 0.350992 -0.204910 0.760021
62.162162 0.581397 0.402890 -0.233750 0.744971
62.262262 0.508879 0.446609 -0.257844 0.724500
62.362362 0.425166 0.480405 -0.276211 0.698461
62.462462 0.330978 0.502226 -0.287694 0.666742
62.562563 0.227416 0.509613 -0.290910 0.629327
62.662663 0.116243 0.499548 -0.284165 0.586354
62.762763 0.000366 0.468230 -0.265332 0.538183
62.862863 -0.115166 0.411072 -0.231861 0.485802
62.962963 -0.221367 0.322930 -0.180920 0.431299
63.063063 -0.302468 0.200031 -0.110517 0.379095
63.163163 -0.333924 0.046236 -0.023073 0.337898
63.263263 -0.290308 -0.116256 0.068597 0.320156
63.363363 -0.171247 -0.248301 0.142307 0.333512
63.463463 -0.010950 -0.323305 0.183308 0.371817
63.563564 0.152950 -0.343318 0.193114 0.422556
63.663664 0.300126 -0.323251 0.180363 0.476547
63.763764 0.423772 -0.277060 0.153031 0.528927
63.863864 0.523058 -0.214643 0.116731 0.577311
63.963964 0.599423 -0.142668 0.075230 0.620743
64.064064 0.654943 -0.065672 0.031079 0.658960
64.164164 0.691538 0.013247 -0.013984 0.691806
64.264264 0.710927 0.091838 -0.058700 0.719234
64.364364 0.714552 0.168379 -0.102108 0.741190
64.464464 0.703671 0.241481 -0.143430 0.757653
64.564565 0.679436 0.309972 -0.182014 0.768665
64.664665 0.642794 0.372763 -0.217253 0.774168
64.764765 0.594634 0.428833 -0.248575 0.774130
64.864865 0.535984 0.477291 -0.275485 0.768750
64.964965 0.467749 0.517147 -0.297430 0.758086
65.065065 0.390756 0.547236 -0.313759 0.742026
65.165165 0.305981 0.566317 -0.323778 0.720536
65.265265 0.214449 0.572704 -0.326540 0.693258
65.365365 0.117522 0.564409 -0.320931 0.659823
65.465465 0.017207 0.539179 -0.305695 0.620048
65.565566 -0.083556 0.494288 -0.279313 0.573862
65.665666 -0.180192 0.426622 -0.240064 0.521638
65.765766 -0.265198 0.332602 -0.185990 0.464270
65.865866 -0.325884 0.209372 -0.115591 0.404226
65.965966 -0.341232 0.058814 -0.030131 0.347572
66.066066 -0.283646 -0.101856 0.060375 0.307368
66.166166 -0.142009 -0.230028 0.131679 0.300697
66.266266 0.045944 -0.285507 0.161356 0.331151
66.366366 0.225570 -0.271191 0.151561 0.383923
66.466466 0.371111 -0.213071 0.117264 0.443704
66.566567 0.479429 -0.132605 0.070652 0.502422
66.666667 0.554723 -0.042596 0.018941 0.556678
66.766767 0.602244 0.049738 -0.033826 0.605240
66.866867 0.626571 0.140246 -0.085341 0.647722
66.966967 0.631427 0.226438 -0.134229 0.684099
67.067067 0.619815 0.306738 -0.179623 0.714509
67.167167 0.594068 0.380033 -0.220916 0.739017
67.267267 0.556125 0.445507 -0.257662 0.757721
67.367367 0.507668 0.502527 -0.289519 0.770767
67.467467 0.450153 0.550538 -0.316187 0.778270
67.567568 0.384857 0.588971 -0.337354 0.780262
67.667668 0.312991 0.617277 -0.352721 0.776792
67.767768 0.235799 0.634979 -0.362029 0.768027
67.867868 0.154504 0.641482 -0.364953 0.754030
67.967968 0.070394 0.636039 -0.361080 0.734765
68.068068 -0.015065 0.617741 -0.349911 0.710119
68.168168 -0.100099 0.585524 -0.330858 0.679945
68.268268 -0.182453 0.538243 -0.303294 0.644191
68.368368 -0.259154 0.474699 -0.266568 0.602958
68.468468 -0.325971 0.393470 -0.219912 0.556271
68.568569 -0.376774 0.293353 -0.162703 0.504466
68.668669 -0.402673 0.174417 -0.095064 0.449003
68.768769 -0.390653 0.039920 -0.018962 0.393144
68.868869 -0.324273 -0.098784 0.059015 0.344084
68.968969 -0.191921 -0.215246 0.123770 0.313821
69.069069 -0.008962 -0.272969 0.154766 0.313918
69.169169 0.177658 -0.257213 0.144090 0.344214
69.269269 0.329616 -0.187602 0.103220 0.393059
69.369369 0.436843 -0.091054 0.047505 0.448753
69.469469 0.504073 0.014523 -0.012951 0.504448
69.569570 0.539122 0.119499 -0.072766 0.556981
69.669670 0.548913 0.219052 -0.129271 0.604980
69.769770 0.538946 0.310809 -0.181173 0.647989
69.869870 0.513289 0.393556 -0.227822 0.685751
69.969970 0.475171 0.466769 -0.268952 0.718329
70.070070 0.427233 0.530330 -0.304521 0.745997
70.170170 0.371494 0.584180 -0.334514 0.768878
70.270270 0.309571 0.628258 -0.358911 0.786994
70.370370 0.242870 0.662578 -0.377734 0.800424
70.470470 0.172622 0.687115 -0.390981 0.809192
70.570571 0.099912 0.701684 -0.398555 0.813136
70.670671 0.025807 0.706186 -0.400412 0.812216
70.770771 -0.048623 0.700544 -0.396518 0.806444
70.870871 -0.122293 0.684614 -0.386801 0.795781
70.970971 -0.194051 0.658270 -0.371201 0.780234
71.071071 -0.262580 0.621191 -0.349547 0.759611
71.171171 -0.326349 0.573014 -0.321650 0.733695
71.271271 -0.383575 0.513499 -0.287389 0.702427
71.371371 -0.431974 0.442323 -0.246603 0.665631
71.471471 -0.468558 0.359216 -0.199166 0.623097
71.571572 -0.489436 0.264263 -0.145164 0.574852
71.671672 -0.489147 0.158158 -0.085041 0.521067
71.771772 -0.459890 0.043104 -0.020118 0.462344
71.871872 -0.391267 -0.074930 0.046125 0.401038
71.971972 -0.271135 -0.181615 0.105454 0.342956
72.072072 -0.095188 -0.247669 0.141237 0.300581
72.172172 0.107587 -0.236002 0.132726 0.291356
72.272272 0.274826 -0.143795 0.078909 0.320052
72.372372 0.371352 -0.011459 0.003015 0.371541
72.472472 0.404387 0.124646 -0.074420 0.429656
72.572573 0.392594 0.247890 -0.144148 0.486167
72.672673 0.351044 0.352856 -0.203239 0.537630
72.772773 0.289927 0.438460 -0.251175 0.582575
72.872873 0.216193 0.505181 -0.288293 0.620532
72.972973 0.134758 0.554042 -0.315218 0.651525
73.073073 0.049236 0.586164 -0.332620 0.675758
73.173173 -0.037598 0.602634 -0.341139 0.693511
73.273273 -0.123497 0.604438 -0.341357 0.705068
73.373373 -0.206537 0.592392 -0.333753 0.710617
73.473473 -0.284972 0.567251 -0.318772 0.710351
73.573574 -0.357098 0.529659 -0.296794 0.704375
73.673674 -0.421092 0.480106 -0.268115 0.692608
73.773774 -0.474980 0.419126 -0.233055 0.674971
73.873874 -0.516503 0.347341 -0.191988 0.651368
73.973974 -0.543008 0.265567 -0.145401 0.621712
74.074074 -0.551326 0.175034 -0.094021 0.586036
74.174174 -0.537413 0.077623 -0.038952 0.544385
74.274274 -0.496325 -0.023465 0.017946 0.497203
74.374374 -0.422138 -0.122574 0.073412 0.445661
74.474474 -0.308423 -0.209413 0.121556 0.392115
74.574575 -0.152426 -0.265831 0.152065 0.342087
74.674675 0.033442 -0.265384 0.150070 0.306705
74.774775 0.207641 -0.188840 0.105064 0.299690
74.874875 0.318722 -0.053833 0.027520 0.324406
74.974975 0.351583 0.096483 -0.057967 0.369161
75.075075 0.323939 0.231821 -0.134399 0.420405
75.175175 0.258117 0.340909 -0.195599 0.470215
75.275275 0.170607 0.422143 -0.240812 0.515075
75.375375 0.072300 0.477314 -0.271154 0.553697
75.475475 -0.029694 0.509012 -0.288161 0.585672
75.575576 -0.130533 0.519854 -0.293360 0.611021
75.675676 -0.226717 0.512099 -0.288064 0.629783
75.775776 -0.315533 0.487715 -0.273415 0.642015
75.875876 -0.394773 0.448567 -0.250489 0.647922
75.975976 -0.462498 0.396387 -0.220286 0.647729
76.076076 -0.516759 0.332735 -0.183709 0.641484
76.176176 -0.555524 0.259177 -0.141663 0.629164
76.276276 -0.576653 0.177474 -0.095167 0.610805
76.376376 -0.577823 0.089724 -0.045431 0.586509
76.476476 -0.556360 -0.001409 0.006010 0.556395
76.576577 -0.509262 -0.092304 0.057076 0.520697
76.676677 -0.433495 -0.177742 0.104780 0.480093
76.776777 -0.326260 -0.249798 0.144608 0.435610
76.876877 -0.187169 -0.296554 0.169800 0.389626
76.976977 -0.023081 -0.301260 0.170930 0.347142
77.077077 0.143691 -0.246236 0.138187 0.316820
77.177177 0.272132 -0.128473 0.070252 0.309025
77.277277 0.325484 0.025064 -0.017251 0.326904
77.377377 0.301946 0.174227 -0.101556 0.363097
77.477477 0.225321 0.294381 -0.168926 0.407388
77.577578 0.120259 0.378847 -0.215806 0.452282
77.677678 0.003925 0.429493 -0.243415 0.493691
77.777778 -0.112961 0.450825 -0.254408 0.529837
77.877878 -0.223761 0.447332 -0.251391 0.559797
77.977978 -0.324191 0.422952 -0.236635 0.583082
78.078078 -0.411367 0.381240 -0.212182 0.599656
78.178178 -0.483151 0.325270 -0.179793 0.609558
78.278278 -0.537859 0.257830 -0.141065 0.612917
78.378378 -0.574157 0.181603 -0.097530 0.610040
78.478478 -0.590415 0.099111 -0.050632 0.600813
78.578579 -0.584786 0.013022 -0.001902 0.584934
78.678679 -0.555587 -0.073487 0.046846 0.562381
78.778779 -0.501093 -0.156506 0.093380 0.533205
78.878879 -0.419802 -0.230940 0.134798 0.497732
78.978979 -0.310917 -0.289820 0.167143 0.456730
79.079079 -0.175414 -0.323069 0.184715 0.411416
79.179179 -0.019662 -0.316875 0.179746 0.364836
79.279279 0.137687 -0.255534 0.143513 0.323808
79.379379 0.258697 -0.131780 0.072252 0.299183
79.479479 0.298196 0.032132 -0.021001 0.300656
79.579580 0.245444 0.187339 -0.108458 0.327264
79.679680 0.131870 0.298734 -0.170517 0.368385
79.779780 -0.005612 0.359880 -0.203879 0.413657
79.879880 -0.143258 0.377816 -0.212753 0.456652
79.979980 -0.268558 0.361888 -0.202554 0.494079
80.080080 -0.375259 0.320521 -0.178113 0.524669
80.180180 -0.460059 0.260320 -0.143205 0.547657
80.280280 -0.521129 0.186643 -0.100883 0.562662
80.380380 -0.557502 0.104119 -0.053779 0.569686
80.480480 -0.568397 0.016876 -0.004239 0.568664
80.580581 -0.553081 -0.071084 0.045461 0.559480
80.680681 -0.510872 -0.155484 0.092892 0.542028
80.780781 -0.441030 -0.231303 0.135202 0.516031
80.880881 -0.343112 -0.292104 0.168739 0.481169
80.980981 -0.217908 -0.329082 0.188520 0.437400
81.081081 -0.069797 -0.329942 0.187620 0.385921
81.181181 0.087655 -0.278068 0.156750 0.331023
81.281281 0.219627 -0.157266 0.087060 0.283810
81.381381 0.263071 0.021364 -0.014571 0.264339
81.481481 0.183111 0.190201 -0.109495 0.285824
81.581582 0.030268 0.289914 -0.164568 0.334737
81.681682 -0.133221 0.320390 -0.180306 0.391035
81.781782 -0.278137 0.302236 -0.168661 0.444020
81.881882 -0.395057 0.252697 -0.139494 0.489269
81.981982 -0.482072 0.183662 -0.099559 0.525393
82.082082 -0.539565 0.103248 -0.053453 0.551949
82.182182 -0.568619 0.017326 -0.004492 0.568901
82.282282 -0.570509 -0.069424 0.044684 0.576452
82.382382 -0.546281 -0.152967 0.091798 0.574672
82.482482 -0.496965 -0.229420 0.134659 0.563685
82.582583 -0.423577 -0.294644 0.170932 0.543553
82.682683 -0.327335 -0.343764 0.197865 0.514269
82.782783 -0.210133 -0.370443 0.211885 0.475688
82.882883 -0.075962 -0.366159 0.208201 0.428008
82.982983 0.065934 -0.319659 0.180522 0.372985
83.083083 0.194312 -0.218069 0.121752 0.316441
83.183183 0.265001 -0.057761 0.030249 0.272905
83.283283 0.222598 0.123166 -0.071879 0.264361
83.383383 0.075801 0.248371 -0.141453 0.295707
83.483483 -0.101770 0.289058 -0.162846 0.347031
83.583584 -0.259955 0.266376 -0.148511 0.400735
83.683684 -0.382589 0.205567 -0.112904 0.448753
83.783784 -0.467583 0.123928 -0.065846 0.488188
83.883884 -0.517072 0.032623 -0.013643 0.518280
83.983984 -0.533976 -0.060846 0.039481 0.538880
84.084084 -0.521080 -0.150955 0.090422 0.549989
84.184184 -0.480841 -0.233122 0.136606 0.551557
84.284284 -0.415502 -0.303050 0.175620 0.543436
84.384384 -0.327647 -0.356437 0.205049 0.525780
84.484484 -0.220309 -0.388345 0.222125 0.498685
84.584585 -0.097714 -0.392759 0.223478 0.462331
84.684685 0.033012 -0.362159 0.204913 0.417419
84.784785 0.158701 -0.287663 0.161522 0.366094
84.884885 0.253806 -0.162067 0.089460 0.314144
84.984985 0.274691 0.006665 -0.006350 0.274845
85.085085 0.182899 0.169398 -0.097705 0.267757
85.185185 0.009107 0.258637 -0.146646 0.297458
85.285285 -0.172022 0.262635 -0.147215 0.346758
85.385385 -0.319268 0.210249 -0.116150 0.399534
85.485485 -0.423782 0.128369 -0.068773 0.448106
85.585586 -0.488013 0.033759 -0.014559 0.489396
85.685686 -0.516758 -0.063547 0.040850 0.522251
85.785786 -0.514825 -0.157202 0.093903 0.546420
85.885886 -0.486397 -0.242811 0.142148 0.561912
85.985986 -0.435059 -0.316986 0.183700 0.568773
86.086086 -0.363986 -0.376732 0.216890 0.566969
86.186186 -0.276334 -0.419233 0.240153 0.556588
86.286286 -0.175590 -0.441686 0.251932 0.537948
86.386386 -0.065733 -0.440751 0.250373 0.511145
86.486486 0.047941 -0.412376 0.233230 0.476181
86.586587 0.157447 -0.352007 0.197995 0.433475
86.686687 0.249800 -0.255246 0.142299 0.384447
86.786787 0.303154 -0.120793 0.065610 0.332863
86.886887 0.284450 0.039436 -0.025011 0.288257
86.986987 0.166487 0.182383 -0.104910 0.268305
87.087087 -0.022088 0.247514 -0.140050 0.285246
87.187187 -0.206611 0.223451 -0.124686 0.328885
87.287287 -0.344387 0.144523 -0.078670 0.381678
87.387387 -0.430520 0.042426 -0.020009 0.433068
87.487487 -0.472525 -0.064669 0.041072 0.478695
87.587588 -0.479331 -0.167274 0.099278 0.517296
87.687688 -0.458281 -0.260314 0.151803 0.548479
87.787788 -0.415118 -0.340885 0.197056 0.572151
87.887888 -0.354615 -0.407256 0.234099 0.588568
87.987988 -0.280744 -0.458279 0.262320 0.598037
88.088088 -0.196933 -0.493027 0.281226 0.600788
88.188188 -0.106306 -0.510587 0.290327 0.596900
88.288288 -0.011966 -0.509973 0.289095 0.586337
88.388388 0.082736 -0.490211 0.277010 0.569111
88.488488 0.173884 -0.450197 0.253482 0.545129
88.588589 0.256595 -0.388819 0.217926 0.514308
88.688689 0.324396 -0.305323 0.169977 0.476809
88.788789 0.368228 -0.199836 0.109791 0.433105
88.888889 0.375315 -0.075199 0.039097 0.384765
88.988989 0.328387 0.058939 -0.036475 0.335622
89.089089 0.210786 0.178064 -0.102877 0.294485
89.189189 0.028695 0.238798 -0.135587 0.276101
89.289289 -0.163825 0.208682 -0.116718 0.289845
89.389389 -0.304255 0.107670 -0.058163 0.327944
89.489489 -0.375207 -0.020467 0.015113 0.376068
89.589590 -0.388898 -0.146790 0.086823 0.424650
89.689690 -0.362094 -0.258562 0.149909 0.469509
89.789790 -0.308076 -0.351320 0.201966 0.509046
89.889890 -0.236225 -0.424023 0.242491 0.542586
89.989990 -0.153165 -0.476759 0.271597 0.569670
90.090090 -0.063823 -0.510076 0.289640 0.590036
90.190190 0.027841 -0.524919 0.297192 0.603853
90.290290 0.118556 -0.522183 0.294792 0.611256
90.390390 0.205412 -0.502617 0.282891 0.612246
90.490490 0.285615 -0.466905 0.261903 0.606770
90.590591 0.356303 -0.415767 0.232263 0.594777
90.690691 0.414287 -0.349944 0.194420 0.576102
90.790791 0.455691 -0.270283 0.148891 0.550342
90.890891 0.475916 -0.178244 0.096547 0.517290
90.990991 0.469279 -0.076408 0.038902 0.477047
91.091091 0.428231 0.030607 -0.021355 0.429854
91.191191 0.343387 0.133713 -0.078987 0.376872
91.291291 0.206228 0.214756 -0.123626 0.322387
91.391391 0.020666 0.240498 -0.136475 0.277294
91.491491 -0.168259 0.173511 -0.096747 0.260341
91.591592 -0.280695 0.027058 -0.012704 0.282283
91.691692 -0.291467 -0.133237 0.078231 0.329887
91.791792 -0.233456 -0.265154 0.152440 0.384768
91.891892 -0.140614 -0.359697 0.205145 0.437309
91.991992 -0.033666 -0.419981 0.238304 0.484052
92.092092 0.075942 -0.451032 0.254872 0.523600
92.192192 0.181586 -0.457568 0.257587 0.555602
92.292292 0.279137 -0.443529 0.248717 0.580082
92.392392 0.365717 -0.412023 0.230053 0.597023
92.492492 0.439216 -0.365778 0.203159 0.606612
92.592593 0.497867 -0.307204 0.169418 0.609056
92.692693 0.539781 -0.238360 0.130014 0.604220
92.792793 0.562941 -0.161304 0.086132 0.591895
92.892893 0.565200 -0.078346 0.039102 0.571942
92.992993 0.543958 0.007744 -0.009484 0.544096
93.093093 0.496067 0.093278 -0.057504 0.508026
93.193193 0.417872 0.172814 -0.101842 0.463523
93.293293 0.305351 0.237553 -0.137473 0.410572
93.393393 0.156417 0.272503 -0.155883 0.350747
93.493493 -0.020986 0.252128 -0.142675 0.290457
93.593594 -0.184722 0.144154 -0.079957 0.247580
93.693694 -0.244998 -0.038455 0.024086 0.249165
93.793794 -0.174003 -0.205421 0.118035 0.293951
93.893894 -0.039540 -0.306162 0.173861 0.354297
93.993994 0.105204 -0.347553 0.195961 0.412628
94.094094 0.238094 -0.346164 0.193929 0.462738
94.194194 0.351057 -0.314992 0.175206 0.503148
94.294294 0.441176 -0.263064 0.144937 0.533709
94.394394 0.507288 -0.196726 0.106726 0.554466
94.494494 0.548769 -0.120819 0.063324 0.565468
94.594595 0.565236 -0.039418 0.017042 0.566865
94.694695 0.556217 0.043705 -0.029976 0.558736
94.794795 0.520897 0.124670 -0.075525 0.540907
94.894895 0.458368 0.198977 -0.117047 0.513218
94.994995 0.367654 0.260784 -0.151221 0.475443
95.095095 0.248334 0.301761 -0.173323 0.427517
95.195195 0.102566 0.309160 -0.176151 0.370309
95.295295 -0.058617 0.263071 -0.148524 0.307736
95.395395 -0.196759 0.138938 -0.076888 0.252843
95.495495 -0.227411 -0.051728 0.031442 0.235330
95.595596 -0.115035 -0.212112 0.121274 0.270059
95.695696 0.055096 -0.282214 0.159404 0.328770
95.795796 0.215035 -0.280411 0.156885 0.386630
95.895896 0.342588 -0.234021 0.129403 0.434600
95.995996 0.433059 -0.161606 0.087520 0.470443
96.096096 0.486542 -0.075137 0.038020 0.493776
96.196196 0.504423 0.016931 -0.014319 0.504910
96.296296 0.488274 0.107856 -0.065691 0.504340
96.396396 0.439132 0.191398 -0.112572 0.492080
96.496496 0.358268 0.260944 -0.151223 0.468312
96.596597 0.247743 0.308477 -0.177123 0.433483
96.696697 0.111450 0.322833 -0.183982 0.387933
96.796797 -0.040227 0.288076 -0.162866 0.333363
96.896897 -0.178681 0.184344 -0.102788 0.276541
96.996997 -0.237317 0.008386 -0.002529 0.237478
97.097097 -0.148120 -0.168428 0.096829 0.244302
97.197197 0.032456 -0.251734 0.142345 0.291007
97.297297 0.207700 -0.244504 0.136606 0.348687
97.397397 0.341762 -0.184878 0.101563 0.401617
97.497497 0.430156 -0.099457 0.052330 0.444594
97.597598 0.476091 -0.003797 -0.002308 0.476111
97.697698 0.483835 0.092336 -0.056856 0.495838
97.797798 0.457275 0.181977 -0.107403 0.503738
97.897898 0.399640 0.259197 -0.150621 0.499582
97.997998 0.313903 0.318043 -0.183164 0.482944
98.098098 0.203661 0.351693 -0.201199 0.453483
98.198198 0.074309 0.351315 -0.199774 0.410918
98.298298 -0.063660 0.304744 -0.172091 0.355721
98.398398 -0.185765 0.196114 -0.109391 0.291437
98.498498 -0.232593 0.018778 -0.008462 0.233503
98.598599 -0.120686 -0.160600 0.092137 0.221013
98.698699 0.090977 -0.218381 0.122897 0.266591
98.798799 0.268490 -0.167386 0.092337 0.329593
98.898899 0.377233 -0.069214 0.035687 0.385187
98.998999 0.423866 0.041664 -0.027580 0.426801
99.099099 0.419257 0.147993 -0.087790 0.453195
99.199199 0.372265 0.239538 -0.139225 0.464051
99.299299 0.290273 0.308547 -0.177562 0.459334
99.399399 0.180293 0.347517 -0.198614 0.439000
99.499499 0.050634 0.347461 -0.197368 0.402799
99.599600 -0.085268 0.296372 -0.167145 0.350777
99.699700 -0.199031 0.179399 -0.099795 0.285931
99.799800 -0.224746 -0.005497 0.005220 0.224874
99.899900 -0.078643 -0.173084 0.098817 0.214261
100.000000 0.144718 -0.195474 0.109413 0.266692
