0.000000 -0.333311 1.039688 0.455758 1.183116
0.100100 -0.364150 1.076218 0.374002 1.196131
0.200200 -0.393524 1.108452 0.290810 1.211650
0.300300 -0.421383 1.136449 0.206564 1.229532
0.400400 -0.447696 1.160307 0.121620 1.249614
0.500501 -0.472462 1.180182 0.036311 1.271758
0.600601 -0.495694 1.196249 -0.049061 1.295813
0.700701 -0.517393 1.208644 -0.134230 1.321564
0.800801 -0.537580 1.217529 -0.218956 1.348819
0.900901 -0.556305 1.223129 -0.303038 1.377444
1.001001 -0.573618 1.225646 -0.386304 1.407294
1.101101 -0.589576 1.225289 -0.468611 1.438238
1.201201 -0.604253 1.222292 -0.549856 1.470191
1.301301 -0.617716 1.216860 -0.629950 1.503050
1.401401 -0.630009 1.209145 -0.708807 1.536668
1.501502 -0.641184 1.199306 -0.786363 1.570929
1.601602 -0.651291 1.187491 -0.862565 1.605719
1.701702 -0.660383 1.173845 -0.937380 1.640945
1.801802 -0.668543 1.158564 -1.010831 1.676603
1.901902 -0.675864 1.141846 -1.082968 1.712724
2.002002 -0.682411 1.123845 -1.153826 1.749293
2.102102 -0.688226 1.104656 -1.223401 1.786233
2.202202 -0.693331 1.084349 -1.291673 1.823442
2.302302 -0.697755 1.062998 -1.358633 1.860836
2.402402 -0.701541 1.040694 -1.424307 1.898382
2.502503 -0.704731 1.017527 -1.488730 1.936059
2.602603 -0.707369 0.993583 -1.551943 1.973856
2.702703 -0.709482 0.968924 -1.613963 2.011729
2.802803 -0.711098 0.943606 -1.674810 2.049644
2.902903 -0.712264 0.917711 -1.734552 2.087626
3.003003 -0.713020 0.891309 -1.793254 2.125697
3.103103 -0.713395 0.864451 -1.850954 2.163848
3.203203 -0.713403 0.837171 -1.907658 2.202035
3.303303 -0.713068 0.809508 -1.963399 2.240246
3.403403 -0.712419 0.781510 -2.018232 2.278499
3.503504 -0.711476 0.753211 -2.072188 2.316784
3.603604 -0.710251 0.724636 -2.125279 2.355072
3.703704 -0.708753 0.695803 -2.177507 2.393326
3.803804 -0.706988 0.666731 -2.228871 2.431507
3.903904 -0.704961 0.637434 -2.279361 2.469570
4.004004 -0.702677 0.607926 -2.328972 2.507476
4.104104 -0.700143 0.578225 -2.377711 2.545202
4.204204 -0.697381 0.548358 -2.425628 2.582772
4.304304 -0.694415 0.518352 -2.472786 2.620224
4.404404 -0.691261 0.488230 -2.519231 2.657581
4.504505 -0.687940 0.458013 -2.565018 2.694875
4.604605 -0.684467 0.427717 -2.610189 2.732128
4.704705 -0.680855 0.397358 -2.654781 2.769353
4.804805 -0.677110 0.366946 -2.698807 2.806544
4.904905 -0.673236 0.336488 -2.742267 2.843677
5.005005 -0.669240 0.305993 -2.785178 2.880751
5.105105 -0.665129 0.275470 -2.827563 2.917772
5.205205 -0.660910 0.244926 -2.869437 2.954735
5.305305 -0.656588 0.214370 -2.910812 2.991637
5.405405 -0.652171 0.183807 -2.951711 3.028483
5.505506 -0.647661 0.153244 -2.992141 3.065266
5.605606 -0.643063 0.122686 -3.032109 3.101978
5.705706 -0.638386 0.092139 -3.071646 3.138636
5.805806 -0.633637 0.061607 -3.110787 3.175262
5.905906 -0.628819 0.031095 -3.149536 3.211847
6.006006 -0.623933 0.000607 -3.187886 3.248370
6.106106 -0.618979 -0.029854 -3.225830 3.284814
6.206206 -0.613956 -0.060285 -3.263363 3.321162
6.306306 -0.608873 -0.090682 -3.300513 3.357429
6.406406 -0.603731 -0.121042 -3.337292 3.393620
6.506507 -0.598533 -0.151362 -3.373695 3.429719
6.606607 -0.593279 -0.181640 -3.409726 3.465719
6.706707 -0.587972 -0.211873 -3.445398 3.501624
6.806807 -0.582618 -0.242060 -3.480726 3.537441
6.906907 -0.577217 -0.272197 -3.515717 3.573169
7.007007 -0.571772 -0.302284 -3.550375 3.608804
7.107107 -0.566287 -0.332319 -3.584720 3.644356
7.207207 -0.560765 -0.362302 -3.618773 3.679842
7.307307 -0.555211 -0.392232 -3.652548 3.715267
7.407407 -0.549625 -0.422110 -3.686054 3.750635
7.507508 -0.544012 -0.451934 -3.719306 3.785952
7.607608 -0.538373 -0.481705 -3.752320 3.821229
7.707708 -0.532712 -0.511422 -3.785103 3.856467
7.807808 -0.527029 -0.541086 -3.817670 3.891675
7.907908 -0.521328 -0.570698 -3.850032 3.926859
8.008008 -0.515609 -0.600256 -3.882192 3.962016
8.108108 -0.509873 -0.629761 -3.914156 3.997148
8.208208 -0.504124 -0.659214 -3.945944 4.032267
8.308308 -0.498364 -0.688618 -3.977577 4.067392
8.408408 -0.492593 -0.717971 -4.009047 4.102510
8.508509 -0.486811 -0.747271 -4.040347 4.137608
8.608609 -0.481019 -0.776519 -4.071489 4.172695
8.708709 -0.475218 -0.805715 -4.102480 4.207773
8.808809 -0.469409 -0.834859 -4.133318 4.242835
8.908909 -0.463591 -0.863951 -4.164006 4.277882
9.009009 -0.457767 -0.892991 -4.194550 4.312915
9.109109 -0.451935 -0.921977 -4.224950 4.347929
9.209209 -0.446097 -0.950909 -4.255197 4.382914
9.309309 -0.440250 -0.979783 -4.285286 4.417858
9.409409 -0.434398 -1.008603 -4.315228 4.452772
9.509510 -0.428540 -1.037368 -4.345034 4.487661
9.609610 -0.422678 -1.066081 -4.374707 4.522527
9.709710 -0.416812 -1.094743 -4.404257 4.557376
9.809810 -0.410945 -1.123354 -4.433692 4.592213
9.909910 -0.405075 -1.151916 -4.463014 4.627039
10.010010 -0.399203 -1.180425 -4.492213 4.661839
10.110110 -0.393329 -1.208882 -4.521292 4.696614
10.210210 -0.387454 -1.237289 -4.550264 4.731375
10.310310 -0.381579 -1.265649 -4.579136 4.766126
10.410410 -0.375704 -1.293961 -4.607914 4.800871
10.510511 -0.369830 -1.322229 -4.636605 4.835615
10.610611 -0.363958 -1.350453 -4.665211 4.870357
10.710711 -0.358088 -1.378630 -4.693729 4.905093
10.810811 -0.352219 -1.406761 -4.722158 4.939819
10.910911 -0.346351 -1.434846 -4.750497 4.974531
11.011011 -0.340484 -1.462880 -4.778738 5.009220
11.111111 -0.334619 -1.490867 -4.806887 5.043889
11.211211 -0.328755 -1.518805 -4.834944 5.078537
11.311311 -0.322893 -1.546694 -4.862906 5.113157
11.411411 -0.317033 -1.574533 -4.890773 5.147749
11.511512 -0.311175 -1.602323 -4.918549 5.182315
11.611612 -0.305319 -1.630067 -4.946245 5.216865
11.711712 -0.299467 -1.657766 -4.973862 5.251397
11.811812 -0.293617 -1.685417 -5.001391 5.285902
11.911912 -0.287770 -1.713016 -5.028826 5.320369
12.012012 -0.281924 -1.740565 -5.056169 5.354801
12.112112 -0.276082 -1.768064 -5.083421 5.389197
12.212212 -0.270243 -1.795513 -5.110584 5.423557
12.312312 -0.264406 -1.822914 -5.137665 5.457887
12.412412 -0.258573 -1.850266 -5.164661 5.492182
12.512513 -0.252743 -1.877566 -5.191566 5.526436
12.612613 -0.246916 -1.904812 -5.218370 5.560635
12.712713 -0.241092 -1.932002 -5.245071 5.594777
12.812813 -0.235270 -1.959133 -5.271664 5.628854
12.912913 -0.229450 -1.986204 -5.298146 5.662862
13.013013 -0.223634 -2.013220 -5.324527 5.696811
13.113113 -0.217821 -2.040181 -5.350813 5.730705
13.213213 -0.212011 -2.067084 -5.376997 5.764536
13.313313 -0.206205 -2.093929 -5.403074 5.798299
13.413413 -0.200401 -2.120716 -5.429049 5.831995
13.513514 -0.194602 -2.147447 -5.454925 5.865630
13.613614 -0.188806 -2.174120 -5.480700 5.899197
13.713714 -0.183014 -2.200733 -5.506370 5.932692
13.813814 -0.177225 -2.227286 -5.531933 5.966112
13.913914 -0.171441 -2.253779 -5.557393 5.999461
14.014014 -0.165661 -2.280222 -5.582770 6.032759
14.114114 -0.159886 -2.306616 -5.608072 6.066013
14.214214 -0.154116 -2.332964 -5.633306 6.099230
14.314314 -0.148351 -2.359269 -5.658476 6.132415
14.414414 -0.142592 -2.385530 -5.683583 6.165566
14.514515 -0.136838 -2.411746 -5.708623 6.198679
14.614615 -0.131090 -2.437916 -5.733596 6.231753
14.714715 -0.125347 -2.464040 -5.758500 6.264785
14.814815 -0.119609 -2.490115 -5.783332 6.297770
14.914915 -0.113877 -2.516142 -5.808090 6.330706
15.015015 -0.108150 -2.542122 -5.832779 6.363599
15.115115 -0.102429 -2.568054 -5.857397 6.396444
15.215215 -0.096714 -2.593940 -5.881948 6.429245
15.315315 -0.091004 -2.619778 -5.906430 6.461999
15.415415 -0.085300 -2.645567 -5.930837 6.494700
15.515516 -0.079601 -2.671308 -5.955175 6.527353
15.615616 -0.073909 -2.697000 -5.979441 6.559953
15.715716 -0.068222 -2.722643 -6.003636 6.592502
15.815816 -0.062542 -2.748239 -6.027762 6.625001
15.915916 -0.056867 -2.773786 -6.051817 6.657447
16.016016 -0.051198 -2.799285 -6.075804 6.689844
16.116116 -0.045535 -2.824740 -6.099728 6.722196
16.216216 -0.039879 -2.850148 -6.123588 6.754499
16.316316 -0.034229 -2.875510 -6.147384 6.786756
16.416416 -0.028584 -2.900830 -6.171125 6.818974
16.516517 -0.022947 -2.926108 -6.194810 6.851154
16.616617 -0.017315 -2.951344 -6.218442 6.883295
16.716717 -0.011690 -2.976540 -6.242022 6.915400
16.816817 -0.006071 -3.001693 -6.265547 6.947466
16.916917 -0.000459 -3.026804 -6.289015 6.979488
17.017017 0.005147 -3.051870 -6.312424 7.011465
17.117117 0.010746 -3.076890 -6.335770 7.043391
17.217217 0.016339 -3.101865 -6.359056 7.075269
17.317317 0.021925 -3.126796 -6.382283 7.107100
17.417417 0.027505 -3.151680 -6.405447 7.138879
17.517518 0.033078 -3.176518 -6.428549 7.170607
17.617618 0.038645 -3.201312 -6.451593 7.202288
17.717718 0.044205 -3.226064 -6.474584 7.233926
17.817818 0.049758 -3.250772 -6.497517 7.265516
17.917918 0.055305 -3.275431 -6.520383 7.297048
18.018018 0.060845 -3.300038 -6.543176 7.328513
18.118118 0.066377 -3.324592 -6.565895 7.359911
18.218218 0.071903 -3.349098 -6.588549 7.391252
18.318318 0.077422 -3.373561 -6.611149 7.422547
18.418418 0.082935 -3.397982 -6.633695 7.453796
18.518519 0.088440 -3.422358 -6.656183 7.484993
18.618619 0.093939 -3.446686 -6.678607 7.516133
18.718719 0.099430 -3.470964 -6.700964 7.547211
18.818819 0.104915 -3.495192 -6.723251 7.578224
18.918919 0.110392 -3.519368 -6.745469 7.609171
19.019019 0.115862 -3.543492 -6.767616 7.640052
19.119119 0.121325 -3.567565 -6.789692 7.670864
19.219219 0.126781 -3.591589 -6.811703 7.701616
19.319319 0.132229 -3.615563 -6.833649 7.732305
19.419419 0.137671 -3.639488 -6.855528 7.762930
19.519520 0.143104 -3.663362 -6.877339 7.793490
19.619620 0.148531 -3.687186 -6.899085 7.823987
19.719720 0.153951 -3.710963 -6.920770 7.854426
19.819820 0.159363 -3.734696 -6.942399 7.884812
19.919920 0.164768 -3.758387 -6.963976 7.915149
20.020020 0.170166 -3.782033 -6.985498 7.945434
20.120120 0.175557 -3.805638 -7.006970 7.975671
20.220220 0.180941 -3.829203 -7.028395 8.005865
20.320320 0.186318 -3.852727 -7.049771 8.036012
20.420420 0.191688 -3.876209 -7.071095 8.066110
20.520521 0.197051 -3.899649 -7.092369 8.096158
20.620621 0.202406 -3.923049 -7.113597 8.126164
20.720721 0.207755 -3.946412 -7.134782 8.156129
20.820821 0.213097 -3.969736 -7.155923 8.186052
20.920921 0.218431 -3.993023 -7.177022 8.215935
21.021021 0.223759 -4.016272 -7.198078 8.245776
21.121121 0.229080 -4.039482 -7.219090 8.275576
21.221221 0.234394 -4.062658 -7.240065 8.305340
21.321321 0.239701 -4.085805 -7.261013 8.335080
21.421421 0.245002 -4.108922 -7.281933 8.364796
21.521522 0.250296 -4.132007 -7.302821 8.394482
21.621622 0.255584 -4.155061 -7.323677 8.424138
21.721722 0.260864 -4.178083 -7.344501 8.453763
21.821822 0.266139 -4.201072 -7.365292 8.483358
21.921922 0.271406 -4.224030 -7.386053 8.512923
22.022022 0.276667 -4.246955 -7.406779 8.542456
22.122122 0.281920 -4.269848 -7.427471 8.571955
22.222222 0.287168 -4.292708 -7.448133 8.601424
22.322322 0.292408 -4.315541 -7.468770 8.630870
22.422422 0.297643 -4.338348 -7.489383 8.660295
22.522523 0.302871 -4.361124 -7.509968 8.689692
22.622623 0.308092 -4.383864 -7.530514 8.719050
22.722723 0.313305 -4.406567 -7.551018 8.748364
22.822823 0.318512 -4.429231 -7.571480 8.777633
22.922923 0.323711 -4.451858 -7.591900 8.806859
23.023023 0.328904 -4.474448 -7.612278 8.836042
23.123123 0.334089 -4.496996 -7.632609 8.865174
23.223223 0.339266 -4.519498 -7.652884 8.894246
23.323323 0.344435 -4.541952 -7.673099 8.923251
23.423423 0.349596 -4.564355 -7.693250 8.952186
23.523524 0.354748 -4.586706 -7.713336 8.981050
23.623624 0.359893 -4.609010 -7.733364 9.009851
23.723724 0.365030 -4.631269 -7.753340 9.038594
23.823824 0.370160 -4.653486 -7.773265 9.067282
23.923924 0.375282 -4.675664 -7.793148 9.095923
24.024024 0.380397 -4.697807 -7.812993 9.124525
24.124124 0.385505 -4.719916 -7.832803 9.153088
24.224224 0.390606 -4.741986 -7.852571 9.181605
24.324324 0.395700 -4.764017 -7.872294 9.210073
24.424424 0.400786 -4.786009 -7.891973 9.238493
24.524525 0.405865 -4.807966 -7.911617 9.266873
24.624625 0.410938 -4.829890 -7.931225 9.295216
24.724725 0.416003 -4.851779 -7.950799 9.323520
24.824825 0.421062 -4.873636 -7.970339 9.351787
24.924925 0.426114 -4.895463 -7.989851 9.380024
25.025025 0.431159 -4.917259 -8.009333 9.408228
25.125125 0.436197 -4.939022 -8.028783 9.436396
25.225225 0.441229 -4.960752 -8.048197 9.464524
25.325325 0.446253 -4.982447 -8.067576 9.492613
25.425425 0.451271 -5.004110 -8.086923 9.520666
25.525526 0.456282 -5.025745 -8.106243 9.548690
25.625626 0.461287 -5.047351 -8.125537 9.576685
25.725726 0.466285 -5.068926 -8.144802 9.604646
25.825826 0.471277 -5.090469 -8.164035 9.632572
25.925926 0.476261 -5.111983 -8.183241 9.660467
26.026026 0.481239 -5.133466 -8.202415 9.688327
26.126126 0.486210 -5.154912 -8.221551 9.716143
26.226226 0.491174 -5.176322 -8.240649 9.743914
26.326326 0.496131 -5.197698 -8.259712 9.771645
26.426426 0.501081 -5.219044 -8.278745 9.799342
26.526527 0.506024 -5.240358 -8.297747 9.827004
26.626627 0.510960 -5.261639 -8.316717 9.854629
26.726727 0.515890 -5.282887 -8.335652 9.882213
26.826827 0.520812 -5.304099 -8.354551 9.909754
26.926927 0.525727 -5.325278 -8.373414 9.937255
27.027027 0.530636 -5.346423 -8.392245 9.964717
27.127127 0.535537 -5.367533 -8.411038 9.992135
27.227227 0.540431 -5.388606 -8.429791 10.019507
27.327327 0.545318 -5.409643 -8.448507 10.046834
27.427427 0.550197 -5.430643 -8.467183 10.074115
27.527528 0.555070 -5.451608 -8.485823 10.101353
27.627628 0.559935 -5.472537 -8.504426 10.128547
27.727728 0.564793 -5.493432 -8.522993 10.155697
27.827828 0.569644 -5.514293 -8.541526 10.182808
27.927928 0.574488 -5.535120 -8.560024 10.209877
28.028028 0.579325 -5.555908 -8.578479 10.236896
28.128128 0.584153 -5.576656 -8.596890 10.263861
28.228228 0.588975 -5.597365 -8.615259 10.290776
28.328328 0.593789 -5.618037 -8.633589 10.317644
28.428428 0.598596 -5.638674 -8.651882 10.344468
28.528529 0.603395 -5.659274 -8.670136 10.371246
28.628629 0.608187 -5.679836 -8.688349 10.397973
28.728729 0.612972 -5.700362 -8.706525 10.424655
28.828829 0.617750 -5.720858 -8.724672 10.451303
28.928929 0.622522 -5.741325 -8.742793 10.477918
29.029029 0.627287 -5.761765 -8.760889 10.504504
29.129129 0.632046 -5.782178 -8.778962 10.531061
29.229229 0.636799 -5.802566 -8.797011 10.557589
29.329329 0.641546 -5.822928 -8.815041 10.584093
29.429429 0.646287 -5.843268 -8.833052 10.610574
29.529530 0.651023 -5.863585 -8.851048 10.637035
29.629630 0.655753 -5.883883 -8.869029 10.663478
29.729730 0.660477 -5.904161 -8.886998 10.689905
29.829830 0.665196 -5.924420 -8.904955 10.716317
29.929930 0.669910 -5.944658 -8.922897 10.742710
30.030030 0.674618 -5.964877 -8.940827 10.769088
30.130130 0.679321 -5.985080 -8.958749 10.795455
30.230230 0.684020 -6.005270 -8.976668 10.821817
30.330330 0.688714 -6.025447 -8.994584 10.848174
30.430430 0.693403 -6.045613 -9.012499 10.874529
30.530531 0.698088 -6.065767 -9.030413 10.900881
30.630631 0.702768 -6.085906 -9.048321 10.927225
30.730731 0.707443 -6.106032 -9.066225 10.953563
30.830831 0.712114 -6.126147 -9.084130 10.979900
30.930931 0.716781 -6.146256 -9.102040 11.006242
31.031031 0.721445 -6.166360 -9.119961 11.032595
31.131131 0.726105 -6.186467 -9.137899 11.058969
31.231231 0.730763 -6.206577 -9.155860 11.085368
31.331331 0.735419 -6.226690 -9.173840 11.111789
31.431431 0.740071 -6.246806 -9.191840 11.138232
31.531532 0.744721 -6.266922 -9.209855 11.164693
31.631632 0.749367 -6.287038 -9.227886 11.191169
31.731732 0.754011 -6.307154 -9.245933 11.217664
31.831832 0.758651 -6.327273 -9.263999 11.244181
31.931932 0.763290 -6.347396 -9.282086 11.270722
32.032032 0.767926 -6.367524 -9.300196 11.297288
32.132132 0.772559 -6.387656 -9.318327 11.323878
32.232232 0.777190 -6.407792 -9.336479 11.350492
32.332332 0.781818 -6.427932 -9.354652 11.377129
32.432432 0.786444 -6.448075 -9.372844 11.403787
32.532533 0.791067 -6.468218 -9.391052 11.430464
32.632633 0.795688 -6.488362 -9.409276 11.457157
32.732733 0.800305 -6.508505 -9.427512 11.483863
32.832833 0.804919 -6.528645 -9.445761 11.510582
32.932933 0.809529 -6.548784 -9.464021 11.537314
33.033033 0.814137 -6.568920 -9.482293 11.564057
33.133133 0.818742 -6.589054 -9.500575 11.590811
33.233233 0.823342 -6.609182 -9.518864 11.617571
33.333333 0.827940 -6.629302 -9.537156 11.644332
33.433433 0.832533 -6.649412 -9.555448 11.671092
33.533534 0.837121 -6.669511 -9.573739 11.697848
33.633634 0.841706 -6.689600 -9.592029 11.724600
33.733734 0.846286 -6.709676 -9.610316 11.751345
33.833834 0.850862 -6.729735 -9.628593 11.778078
33.933934 0.855432 -6.749778 -9.646860 11.804795
34.034034 0.859998 -6.769805 -9.665119 11.831500
34.134134 0.864559 -6.789819 -9.683374 11.858196
34.234234 0.869116 -6.809821 -9.701625 11.884887
34.334334 0.873669 -6.829811 -9.719874 11.911573
34.434434 0.878217 -6.849789 -9.738120 11.938252
34.534535 0.882761 -6.869753 -9.756359 11.964920
34.634635 0.887300 -6.889700 -9.774588 11.991574
34.734735 0.891835 -6.909631 -9.792809 12.018214
34.834835 0.896364 -6.929547 -9.811021 12.044842
34.934935 0.900889 -6.949446 -9.829223 12.071455
35.035035 0.905409 -6.969328 -9.847415 12.098053
35.135135 0.909924 -6.989192 -9.865596 12.124634
35.235235 0.914433 -7.009035 -9.883760 12.151192
35.335335 0.918937 -7.028855 -9.901906 12.177725
35.435435 0.923435 -7.048653 -9.920034 12.204234
35.535536 0.927929 -7.068431 -9.938148 12.230722
35.635636 0.932417 -7.088193 -9.956251 12.257194
35.735736 0.936900 -7.107939 -9.974347 12.283655
35.835836 0.941379 -7.127669 -9.992432 12.310100
35.935936 0.945853 -7.147382 -10.010508 12.336531
36.036036 0.950323 -7.167080 -10.028575 12.362947
36.136136 0.954788 -7.186764 -10.046636 12.389354
36.236236 0.959249 -7.206435 -10.064692 12.415751
36.336336 0.963705 -7.226092 -10.082742 12.442139
36.436436 0.968157 -7.245736 -10.100786 12.468516
36.536537 0.972605 -7.265366 -10.118824 12.494883
36.636637 0.977048 -7.284983 -10.136857 12.521241
36.736737 0.981487 -7.304589 -10.154887 12.547592
36.836837 0.985923 -7.324182 -10.172913 12.573936
36.936937 0.990353 -7.343762 -10.190934 12.600269
37.037037 0.994780 -7.363328 -10.208947 12.626590
37.137137 0.999202 -7.382878 -10.226951 12.652898
37.237237 1.003619 -7.402413 -10.244946 12.679191
37.337337 1.008031 -7.421931 -10.262931 12.705469
37.437437 1.012439 -7.441433 -10.280906 12.731732
37.537538 1.016842 -7.460916 -10.298868 12.757975
37.637638 1.021240 -7.480380 -10.316816 12.784197
37.737738 1.025633 -7.499824 -10.334750 12.810400
37.837838 1.030020 -7.519250 -10.352671 12.836583
37.937938 1.034403 -7.538656 -10.370576 12.862744
38.038038 1.038780 -7.558042 -10.388467 12.888883
38.138138 1.043152 -7.577406 -10.406339 12.914997
38.238238 1.047519 -7.596748 -10.424193 12.941084
38.338338 1.051879 -7.616067 -10.442028 12.967145
38.438438 1.056235 -7.635362 -10.459842 12.993178
38.538539 1.060584 -7.654631 -10.477634 13.019180
38.638639 1.064928 -7.673876 -10.495404 13.045150
38.738739 1.069265 -7.693094 -10.513149 13.071088
38.838839 1.073597 -7.712286 -10.530871 13.096992
38.938939 1.077923 -7.731455 -10.548573 13.122870
39.039039 1.082243 -7.750603 -10.566260 13.148724
39.139139 1.086559 -7.769732 -10.583931 13.174556
39.239239 1.090869 -7.788841 -10.601587 13.200367
39.339339 1.095175 -7.807931 -10.619230 13.226157
39.439439 1.099476 -7.827002 -10.636859 13.251927
39.539540 1.103772 -7.846055 -10.654475 13.277678
39.639640 1.108063 -7.865093 -10.672082 13.303414
39.739740 1.112349 -7.884112 -10.689675 13.329130
39.839840 1.116631 -7.903113 -10.707255 13.354826
39.939940 1.120908 -7.922096 -10.724823 13.380503
40.040040 1.125180 -7.941065 -10.742382 13.406167
40.140140 1.129448 -7.960018 -10.759933 13.431817
40.240240 1.133712 -7.978956 -10.777474 13.457451
40.340340 1.137971 -7.997877 -10.795004 13.483068
40.440440 1.142225 -8.016781 -10.812523 13.508668
40.540541 1.146475 -8.035667 -10.830028 13.534247
40.640641 1.150719 -8.054534 -10.847519 13.559806
40.740741 1.154959 -8.073381 -10.864994 13.585342
40.840841 1.159193 -8.092206 -10.882452 13.610852
40.940941 1.163421 -8.111006 -10.899887 13.636330
41.041041 1.167644 -8.129781 -10.917299 13.661777
41.141141 1.171860 -8.148531 -10.934690 13.687194
41.241241 1.176072 -8.167259 -10.952061 13.712582
41.341341 1.180278 -8.185963 -10.969413 13.737943
41.441441 1.184478 -8.204645 -10.986744 13.763275
41.541542 1.188673 -8.223302 -11.004055 13.788577
41.641642 1.192862 -8.241936 -11.021344 13.813850
41.741742 1.197045 -8.260545 -11.038612 13.839092
41.841842 1.201223 -8.279127 -11.055856 13.864301
41.941942 1.205394 -8.297683 -11.073074 13.889474
42.042042 1.209560 -8.316213 -11.090268 13.914614
42.142142 1.213719 -8.334715 -11.107437 13.939719
42.242242 1.217873 -8.353189 -11.124579 13.964786
42.342342 1.222019 -8.371634 -11.141693 13.989815
42.442442 1.226160 -8.390049 -11.158778 14.014803
42.542543 1.230294 -8.408433 -11.175834 14.039752
42.642643 1.234421 -8.426789 -11.192861 14.064661
42.742743 1.238542 -8.445116 -11.209861 14.089534
42.842843 1.242658 -8.463416 -11.226836 14.114371
42.942943 1.246767 -8.481691 -11.243788 14.139175
43.043043 1.250870 -8.499939 -11.260716 14.163946
43.143143 1.254968 -8.518162 -11.277620 14.188683
43.243243 1.259060 -8.536358 -11.294500 14.213387
43.343343 1.263145 -8.554527 -11.311353 14.238054
43.443443 1.267225 -8.572669 -11.328182 14.262687
43.543544 1.271299 -8.590788 -11.344991 14.287290
43.643644 1.275368 -8.608885 -11.361781 14.311867
43.743744 1.279432 -8.626961 -11.378554 14.336418
43.843844 1.283490 -8.645016 -11.395308 14.360943
43.943944 1.287543 -8.663048 -11.412043 14.385440
44.044044 1.291591 -8.681056 -11.428758 14.409908
44.144144 1.295634 -8.699043 -11.445454 14.434349
44.244244 1.299671 -8.717010 -11.462133 14.458765
44.344344 1.303703 -8.734955 -11.478795 14.483156
44.444444 1.307730 -8.752879 -11.495439 14.507521
44.544545 1.311752 -8.770781 -11.512064 14.531859
44.644645 1.315769 -8.788661 -11.528671 14.556169
44.744745 1.319781 -8.806522 -11.545262 14.580457
44.844845 1.323788 -8.824364 -11.561839 14.604723
44.944945 1.327790 -8.842187 -11.578401 14.628967
45.045045 1.331787 -8.859992 -11.594949 14.653189
45.145145 1.335780 -8.877778 -11.611482 14.677390
45.245245 1.339768 -8.895546 -11.628001 14.701569
45.345345 1.343751 -8.913293 -11.644503 14.725722
45.445445 1.347729 -8.931017 -11.660985 14.749848
45.545546 1.351701 -8.948719 -11.677448 14.773945
45.645646 1.355669 -8.966399 -11.693891 14.798015
45.745746 1.359630 -8.984057 -11.710316 14.822058
45.845846 1.363587 -9.001694 -11.726724 14.846074
45.945946 1.367539 -9.019311 -11.743115 14.870067
46.046046 1.371486 -9.036908 -11.759489 14.894034
46.146146 1.375428 -9.054483 -11.775844 14.917974
46.246246 1.379364 -9.072036 -11.792180 14.941887
46.346346 1.383296 -9.089567 -11.808497 14.965772
46.446446 1.387222 -9.107075 -11.824795 14.989628
46.546547 1.391142 -9.124560 -11.841072 15.013456
46.646647 1.395058 -9.142023 -11.857330 15.037256
46.746747 1.398968 -9.159463 -11.873566 15.061024
46.846847 1.402872 -9.176877 -11.889780 15.084761
46.946947 1.406771 -9.194268 -11.905973 15.108467
47.047047 1.410664 -9.211636 -11.922145 15.132143
47.147147 1.414552 -9.228980 -11.938295 15.155788
47.247247 1.418435 -9.246298 -11.954422 15.179401
47.347347 1.422311 -9.263591 -11.970526 15.202979
47.447447 1.426182 -9.280858 -11.986605 15.226524
47.547548 1.430047 -9.298099 -12.002658 15.250032
47.647648 1.433905 -9.315311 -12.018686 15.273503
47.747748 1.437758 -9.332494 -12.034684 15.296935
47.847848 1.441603 -9.349646 -12.050651 15.320323
47.947948 1.445442 -9.366764 -12.066584 15.343664
48.048048 1.449274 -9.383848 -12.082482 15.366957
48.148148 1.453099 -9.400899 -12.098346 15.390204
48.248248 1.456917 -9.417918 -12.114179 15.413407
48.348348 1.460729 -9.434908 -12.129984 15.436571
48.448448 1.464535 -9.451872 -12.145763 15.459699
48.548549 1.468335 -9.468810 -12.161519 15.482794
48.648649 1.472130 -9.485725 -12.177254 15.505859
48.748749 1.475920 -9.502616 -12.192966 15.528892
48.848849 1.479704 -9.519483 -12.208658 15.551894
48.948949 1.483483 -9.536329 -12.224331 15.574869
49.049049 1.487257 -9.553153 -12.239985 15.597817
49.149149 1.491025 -9.569956 -12.255621 15.620738
49.249249 1.494789 -9.586738 -12.271238 15.643632
49.349349 1.498548 -9.603497 -12.286836 15.666497
49.449449 1.502301 -9.620234 -12.302413 15.689333
49.549550 1.506049 -9.636946 -12.317968 15.712137
49.649650 1.509791 -9.653633 -12.333500 15.734907
49.749750 1.513528 -9.670295 -12.349008 15.757645
49.849850 1.517259 -9.686934 -12.364495 15.780352
49.949950 1.520985 -9.703550 -12.379962 15.803029
50.050050 1.524705 -9.720141 -12.395405 15.825674
50.150150 1.528420 -9.736705 -12.410823 15.848281
50.250250 1.532128 -9.753242 -12.426214 15.870852
50.350350 1.535831 -9.769751 -12.441579 15.893386
50.450450 1.539528 -9.786234 -12.456919 15.915884
50.550551 1.543218 -9.802692 -12.472235 15.938348
50.650651 1.546904 -9.819124 -12.487528 15.960779
50.750751 1.550584 -9.835531 -12.502797 15.983176
50.850851 1.554258 -9.851914 -12.518043 16.005540
50.950951 1.557927 -9.868272 -12.533267 16.027873
51.051051 1.561590 -9.884606 -12.548468 16.050172
51.151151 1.565248 -9.900915 -12.563646 16.072439
51.251251 1.568900 -9.917198 -12.578799 16.094671
51.351351 1.572545 -9.933453 -12.593925 16.116865
51.451451 1.576185 -9.949681 -12.609026 16.139022
51.551552 1.579820 -9.965886 -12.624105 16.161149
51.651652 1.583450 -9.982067 -12.639163 16.183245
51.751752 1.587074 -9.998226 -12.654200 16.205311
51.851852 1.590692 -10.014361 -12.669216 16.227346
51.951952 1.594306 -10.030474 -12.684212 16.249352
52.052052 1.597915 -10.046568 -12.699191 16.271334
52.152152 1.601520 -10.062643 -12.714156 16.293293
52.252252 1.605120 -10.078702 -12.729107 16.315233
52.352352 1.608716 -10.094744 -12.744046 16.337152
52.452452 1.612308 -10.110769 -12.758972 16.359051
52.552553 1.615895 -10.126779 -12.773887 16.380933
52.652653 1.619479 -10.142776 -12.788793 16.402800
52.752753 1.623060 -10.158758 -12.803688 16.424650
52.852853 1.626636 -10.174727 -12.818574 16.446485
52.952953 1.630209 -10.190681 -12.833451 16.468304
53.053053 1.633777 -10.206622 -12.848318 16.490107
53.153153 1.637343 -10.222550 -12.863177 16.511897
53.253253 1.640905 -10.238466 -12.878029 16.533674
53.353353 1.644463 -10.254369 -12.892873 16.555438
53.453453 1.648017 -10.270261 -12.907710 16.577189
53.553554 1.651569 -10.286139 -12.922538 16.598925
53.653654 1.655116 -10.302002 -12.937355 16.620644
53.753754 1.658659 -10.317849 -12.952160 16.642344
53.853854 1.662198 -10.333683 -12.966955 16.664028
53.953954 1.665734 -10.349504 -12.981743 16.685699
54.054054 1.669266 -10.365314 -12.996524 16.707359
54.154154 1.672795 -10.381111 -13.011297 16.729004
54.254254 1.676321 -10.396895 -13.026062 16.750635
54.354354 1.679843 -10.412668 -13.040819 16.772254
54.454454 1.683361 -10.428429 -13.055571 16.793861
54.554555 1.686877 -10.444179 -13.070315 16.815456
54.654655 1.690389 -10.459918 -13.085054 16.837040
54.754755 1.693897 -10.475646 -13.099787 16.858614
54.854855 1.697403 -10.491365 -13.114515 16.880178
54.954955 1.700906 -10.507074 -13.129239 16.901734
55.055055 1.704406 -10.522774 -13.143960 16.923282
55.155155 1.707903 -10.538465 -13.158676 16.944821
55.255255 1.711397 -10.554147 -13.173389 16.966352
55.355355 1.714888 -10.569822 -13.188100 16.987876
55.455455 1.718376 -10.585487 -13.202806 17.009393
55.555556 1.721861 -10.601141 -13.217507 17.030898
55.655656 1.725343 -10.616784 -13.232201 17.052392
55.755756 1.728821 -10.632414 -13.246886 17.073870
55.855856 1.732295 -10.648028 -13.261559 17.095330
55.955956 1.735766 -10.663629 -13.276222 17.116774
56.056056 1.739233 -10.679215 -13.290876 17.138201
56.156156 1.742696 -10.694787 -13.305518 17.159611
56.256256 1.746154 -10.710342 -13.320146 17.181001
56.356356 1.749609 -10.725880 -13.334761 17.202368
56.456456 1.753059 -10.741400 -13.349360 17.223713
56.556557 1.756505 -10.756900 -13.363943 17.245034
56.656657 1.759946 -10.772383 -13.378511 17.266332
56.756757 1.763383 -10.787850 -13.393066 17.287610
56.856857 1.766817 -10.803301 -13.407609 17.308869
56.956957 1.770246 -10.818736 -13.422139 17.330108
57.057057 1.773671 -10.834156 -13.436658 17.351329
57.157157 1.777093 -10.849561 -13.451166 17.372533
57.257257 1.780511 -10.864953 -13.465664 17.393720
57.357357 1.783925 -10.880331 -13.480153 17.414893
57.457457 1.787336 -10.895696 -13.494632 17.436050
57.557558 1.790743 -10.911048 -13.509101 17.457192
57.657658 1.794147 -10.926386 -13.523561 17.478317
57.757758 1.797547 -10.941710 -13.538012 17.499427
57.857858 1.800944 -10.957022 -13.552454 17.520523
57.957958 1.804337 -10.972322 -13.566887 17.541605
58.058058 1.807726 -10.987609 -13.581312 17.562672
58.158158 1.811113 -11.002884 -13.595728 17.583726
58.258258 1.814496 -11.018148 -13.610139 17.604768
58.358358 1.817876 -11.033402 -13.624544 17.625800
58.458458 1.821254 -11.048646 -13.638944 17.646822
58.558559 1.824628 -11.063881 -13.653338 17.667834
58.658659 1.827999 -11.079105 -13.667728 17.688837
58.758759 1.831368 -11.094320 -13.682112 17.709829
58.858859 1.834733 -11.109525 -13.696491 17.730810
58.958959 1.838095 -11.124718 -13.710862 17.751780
59.059059 1.841454 -11.139899 -13.725225 17.772735
59.159159 1.844809 -11.155068 -13.739580 17.793677
59.259259 1.848162 -11.170226 -13.753927 17.814605
59.359359 1.851511 -11.185371 -13.768267 17.835520
59.459459 1.854856 -11.200506 -13.782600 17.856424
59.559560 1.858199 -11.215630 -13.796927 17.877316
59.659660 1.861539 -11.230742 -13.811246 17.898195
59.759760 1.864875 -11.245842 -13.825556 17.919060
59.859860 1.868207 -11.260927 -13.839855 17.939907
59.959960 1.871536 -11.275997 -13.854141 17.960734
60.060060 1.874860 -11.291050 -13.868415 17.981542
60.160160 1.878181 -11.306090 -13.882677 18.002332
60.260260 1.881498 -11.321115 -13.896930 18.023106
60.360360 1.884812 -11.336127 -13.911172 18.043864
60.460460 1.888122 -11.351126 -13.925404 18.064604
60.560561 1.891429 -11.366109 -13.939625 18.085328
60.660661 1.894731 -11.381079 -13.953835 18.106034
60.760761 1.898031 -11.396035 -13.968034 18.126723
60.860861 1.901326 -11.410976 -13.982222 18.147395
60.960961 1.904618 -11.425902 -13.996399 18.168048
61.061061 1.907906 -11.440812 -14.010561 18.188681
61.161161 1.911190 -11.455706 -14.024711 18.209293
61.261261 1.914470 -11.470584 -14.038847 18.229885
61.361361 1.917745 -11.485444 -14.052969 18.250455
61.461461 1.921017 -11.500287 -14.067075 18.271001
61.561562 1.924284 -11.515110 -14.081163 18.291522
61.661662 1.927546 -11.529913 -14.095234 18.312017
61.761762 1.930805 -11.544699 -14.109290 18.332489
61.861862 1.934059 -11.559467 -14.123331 18.352938
61.961962 1.937309 -11.574219 -14.137359 18.373367
62.062062 1.940555 -11.588957 -14.151374 18.393778
62.162162 1.943798 -11.603680 -14.165379 18.414171
62.262262 1.947037 -11.618387 -14.179370 18.434544
62.362362 1.950272 -11.633078 -14.193348 18.454897
62.462462 1.953503 -11.647753 -14.207313 18.475229
62.562563 1.956731 -11.662412 -14.221265 18.495541
62.662663 1.959954 -11.677057 -14.235204 18.515834
62.762763 1.963174 -11.691686 -14.249132 18.536109
62.862863 1.966390 -11.706301 -14.263049 18.556367
62.962963 1.969603 -11.720903 -14.276956 18.576608
63.063063 1.972812 -11.735492 -14.290852 18.596833
63.163163 1.976018 -11.750067 -14.304738 18.617041
63.263263 1.979220 -11.764629 -14.318614 18.637235
63.363363 1.982419 -11.779179 -14.332483 18.657414
63.463463 1.985615 -11.793716 -14.346341 18.677578
63.563564 1.988808 -11.808240 -14.360190 18.697725
63.663664 1.991997 -11.822751 -14.374029 18.717858
63.763764 1.995183 -11.837250 -14.387859 18.737975
63.863864 1.998365 -11.851736 -14.401680 18.758078
63.963964 2.001545 -11.866211 -14.415492 18.778167
64.064064 2.004721 -11.880674 -14.429297 18.798243
64.164164 2.007894 -11.895126 -14.443094 18.818306
64.264264 2.011064 -11.909566 -14.456883 18.838355
64.364364 2.014231 -11.923993 -14.470662 18.858388
64.464464 2.017394 -11.938406 -14.484430 18.878403
64.564565 2.020554 -11.952805 -14.498187 18.898402
64.664665 2.023710 -11.967189 -14.511931 18.918382
64.764765 2.026862 -11.981558 -14.525663 18.938341
64.864865 2.030010 -11.995912 -14.539384 18.958284
64.964965 2.033156 -12.010254 -14.553095 18.978212
65.065065 2.036298 -12.024583 -14.566797 18.998123
65.165165 2.039436 -12.038899 -14.580488 19.018019
65.265265 2.042571 -12.053201 -14.594168 19.037896
65.365365 2.045702 -12.067486 -14.607834 19.057752
65.465465 2.048829 -12.081753 -14.621484 19.077585
65.565566 2.051952 -12.096004 -14.635119 19.097396
65.665666 2.055071 -12.110237 -14.648740 19.117185
65.765766 2.058186 -12.124454 -14.662347 19.136952
65.865866 2.061297 -12.138654 -14.675938 19.156697
65.965966 2.064404 -12.152836 -14.689514 19.176418
66.066066 2.067507 -12.167002 -14.703076 19.196118
66.166166 2.070606 -12.181151 -14.716623 19.215797
66.266266 2.073701 -12.195283 -14.730156 19.235453
66.366366 2.076793 -12.209399 -14.743675 19.255089
66.466466 2.079880 -12.223500 -14.757181 19.274704
66.566567 2.082964 -12.237585 -14.770673 19.294300
66.666667 2.086044 -12.251655 -14.784154 19.313876
66.766767 2.089120 -12.265710 -14.797623 19.333435
66.866867 2.092193 -12.279753 -14.811080 19.352977
66.966967 2.095263 -12.293781 -14.824528 19.372501
67.067067 2.098329 -12.307797 -14.837965 19.392010
67.167167 2.101392 -12.321799 -14.851392 19.411502
67.267267 2.104452 -12.335788 -14.864808 19.430978
67.367367 2.107508 -12.349764 -14.878213 19.450437
67.467467 2.110561 -12.363726 -14.891609 19.469880
67.567568 2.113611 -12.377676 -14.904994 19.489307
67.667668 2.116657 -12.391613 -14.918370 19.508718
67.767768 2.119701 -12.405540 -14.931739 19.528117
67.867868 2.122742 -12.419456 -14.945100 19.547505
67.967968 2.125780 -12.433363 -14.958457 19.566882
68.068068 2.128815 -12.447261 -14.971807 19.586249
68.168168 2.131848 -12.461149 -14.985151 19.605605
68.268268 2.134878 -12.475028 -14.998490 19.624951
68.368368 2.137906 -12.488899 -15.011824 19.644289
68.468468 2.140931 -12.502762 -15.025154 19.663619
68.568569 2.143954 -12.516616 -15.038479 19.682939
68.668669 2.146974 -12.530462 -15.051800 19.702251
68.768769 2.149992 -12.544302 -15.065119 19.721557
68.868869 2.153008 -12.558138 -15.078437 19.740860
68.968969 2.156023 -12.571968 -15.091756 19.760160
69.069069 2.159036 -12.585794 -15.105073 19.779456
69.169169 2.162046 -12.599614 -15.118389 19.798748
69.269269 2.165055 -12.613430 -15.131706 19.818038
69.369369 2.168062 -12.627242 -15.145024 19.837326
69.469469 2.171068 -12.641051 -15.158342 19.856612
69.569570 2.174071 -12.654856 -15.171661 19.875896
69.669670 2.177073 -12.668656 -15.184979 19.895178
69.769770 2.180074 -12.682452 -15.198299 19.914457
69.869870 2.183072 -12.696244 -15.211617 19.933733
69.969970 2.186069 -12.710030 -15.224936 19.953005
70.070070 2.189064 -12.723813 -15.238254 19.972276
70.170170 2.192057 -12.737592 -15.251574 19.991545
70.270270 2.195048 -12.751367 -15.264894 20.010812
70.370370 2.198038 -12.765138 -15.278213 20.030075
70.470470 2.201026 -12.778903 -15.291532 20.049335
70.570571 2.204012 -12.792662 -15.304848 20.068589
70.670671 2.206995 -12.806414 -15.318161 20.087835
70.770771 2.209977 -12.820158 -15.331470 20.107074
70.870871 2.212956 -12.833896 -15.344775 20.126306
70.970971 2.215933 -12.847627 -15.358078 20.145531
71.071071 2.218907 -12.861351 -15.371378 20.164750
71.171171 2.221880 -12.875067 -15.384673 20.183961
71.271271 2.224850 -12.888776 -15.397966 20.203164
71.371371 2.227818 -12.902478 -15.411255 20.222361
71.471471 2.230784 -12.916173 -15.424540 20.241550
71.571572 2.233747 -12.929862 -15.437822 20.260733
71.671672 2.236709 -12.943544 -15.451102 20.279910
71.771772 2.239668 -12.957218 -15.464378 20.299078
71.871872 2.242625 -12.970885 -15.477650 20.318240
71.971972 2.245580 -12.984545 -15.490919 20.337394
72.072072 2.248533 -12.998198 -15.504183 20.356540
72.172172 2.251483 -13.011842 -15.517442 20.375677
72.272272 2.254430 -13.025476 -15.530695 20.394803
72.372372 2.257375 -13.039100 -15.543941 20.413916
72.472472 2.260317 -13.052712 -15.557177 20.433015
72.572573 2.263256 -13.066313 -15.570405 20.452099
72.672673 2.266192 -13.079903 -15.583624 20.471170
72.772773 2.269124 -13.093480 -15.596833 20.490226
72.872873 2.272054 -13.107045 -15.610032 20.509265
72.972973 2.274981 -13.120596 -15.623220 20.528288
73.073073 2.277904 -13.134136 -15.636399 20.547295
73.173173 2.280825 -13.147665 -15.649570 20.566290
73.273273 2.283743 -13.161183 -15.662734 20.585273
73.373373 2.286658 -13.174694 -15.675892 20.604246
73.473473 2.289571 -13.188196 -15.689046 20.623211
73.573574 2.292482 -13.201691 -15.702197 20.642168
73.673674 2.295391 -13.215180 -15.715344 20.661119
73.773774 2.298298 -13.228661 -15.728487 20.680062
73.873874 2.301203 -13.242135 -15.741626 20.698997
73.973974 2.304105 -13.255603 -15.754762 20.717925
74.074074 2.307006 -13.269064 -15.767895 20.736848
74.174174 2.309904 -13.282519 -15.781026 20.755764
74.274274 2.312801 -13.295968 -15.794155 20.774676
74.374374 2.315696 -13.309413 -15.807284 20.793584
74.474474 2.318589 -13.322854 -15.820411 20.812489
74.574575 2.321480 -13.336289 -15.833537 20.831389
74.674675 2.324370 -13.349719 -15.846663 20.850286
74.774775 2.327258 -13.363146 -15.859788 20.869180
74.874875 2.330144 -13.376568 -15.872912 20.888070
74.974975 2.333029 -13.389984 -15.886035 20.906956
75.075075 2.335911 -13.403393 -15.899153 20.925833
75.175175 2.338791 -13.416793 -15.912265 20.944700
75.275275 2.341668 -13.430183 -15.925369 20.963554
75.375375 2.344542 -13.443563 -15.938467 20.982398
75.475475 2.347414 -13.456934 -15.951559 21.001230
75.575576 2.350284 -13.470297 -15.964646 21.020054
75.675676 2.353151 -13.483652 -15.977727 21.038868
75.775776 2.356017 -13.496999 -15.990804 21.057674
75.875876 2.358880 -13.510339 -16.003877 21.076472
75.975976 2.361741 -13.523674 -16.016948 21.095265
76.076076 2.364600 -13.537003 -16.030018 21.114054
76.176176 2.367458 -13.550327 -16.043086 21.132838
76.276276 2.370314 -13.563647 -16.056152 21.151618
76.376376 2.373168 -13.576963 -16.069219 21.170396
76.476476 2.376021 -13.590275 -16.082287 21.189172
76.576577 2.378873 -13.603585 -16.095355 21.207947
76.676677 2.381724 -13.616893 -16.108426 21.226723
76.776777 2.384573 -13.630199 -16.121499 21.245500
76.876877 2.387421 -13.643503 -16.134574 21.264276
76.976977 2.390268 -13.656805 -16.147651 21.283053
77.077077 2.393113 -13.670105 -16.160731 21.301830
77.177177 2.395958 -13.683404 -16.173814 21.320610
77.277277 2.398801 -13.696703 -16.186900 21.339391
77.377377 2.401644 -13.710000 -16.199989 21.358174
77.477477 2.404485 -13.723295 -16.213080 21.376958
77.577578 2.407325 -13.736587 -16.226172 21.395740
77.677678 2.410163 -13.749875 -16.239263 21.414519
77.777778 2.413000 -13.763158 -16.252353 21.433293
77.877878 2.415835 -13.776435 -16.265440 21.452062
77.977978 2.418668 -13.789705 -16.278523 21.470823
78.078078 2.421498 -13.802969 -16.291603 21.489577
78.178178 2.424327 -13.816226 -16.304680 21.508325
78.278278 2.427154 -13.829478 -16.317753 21.527067
78.378378 2.429979 -13.842725 -16.330827 21.545806
78.478478 2.432803 -13.855967 -16.343899 21.564540
78.578579 2.435625 -13.869204 -16.356968 21.583269
78.678679 2.438444 -13.882434 -16.370034 21.601991
78.778779 2.441262 -13.895659 -16.383098 21.620707
78.878879 2.444079 -13.908878 -16.396159 21.639419
78.978979 2.446893 -13.922093 -16.409220 21.658127
79.079079 2.449706 -13.935303 -16.422279 21.676830
79.179179 2.452517 -13.948507 -16.435335 21.695528
79.279279 2.455327 -13.961707 -16.448390 21.714222
79.379379 2.458135 -13.974901 -16.461444 21.732911
79.479479 2.460940 -13.988089 -16.474493 21.751593
79.579580 2.463744 -14.001270 -16.487539 21.770268
79.679680 2.466546 -14.014445 -16.500582 21.788936
79.779780 2.469346 -14.027614 -16.513622 21.807598
79.879880 2.472144 -14.040776 -16.526658 21.826253
79.979980 2.474940 -14.053929 -16.539688 21.844897
80.080080 2.477733 -14.067074 -16.552711 21.863530
80.180180 2.480524 -14.080208 -16.565726 21.882151
80.280280 2.483312 -14.093331 -16.578733 21.900758
80.380380 2.486097 -14.106442 -16.591730 21.919350
80.480480 2.488879 -14.119543 -16.604718 21.937927
80.580581 2.491659 -14.132631 -16.617696 21.956490
80.680681 2.494435 -14.145707 -16.630663 21.975036
80.780781 2.497208 -14.158770 -16.643619 21.993564
80.880881 2.499978 -14.171817 -16.656560 22.012072
80.980981 2.502744 -14.184847 -16.669486 22.030555
81.081081 2.505506 -14.197859 -16.682394 22.049014
81.181181 2.508264 -14.210853 -16.695285 22.067448
81.281281 2.511018 -14.223828 -16.708158 22.085856
81.381381 2.513768 -14.236784 -16.721013 22.104238
81.481481 2.516514 -14.249722 -16.733850 22.122594
81.581582 2.519256 -14.262643 -16.746671 22.140926
81.681682 2.521994 -14.275548 -16.759478 22.159238
81.781782 2.524730 -14.288439 -16.772271 22.177529
81.881882 2.527461 -14.301313 -16.785049 22.195799
81.981982 2.530189 -14.314171 -16.797813 22.214046
82.082082 2.532913 -14.327012 -16.810560 22.232271
82.182182 2.535633 -14.339837 -16.823292 22.250472
82.282282 2.538350 -14.352645 -16.836008 22.268651
82.382382 2.541063 -14.365437 -16.848710 22.286808
82.482482 2.543773 -14.378214 -16.861398 22.304945
82.582583 2.546479 -14.390977 -16.874072 22.323061
82.682683 2.549182 -14.403725 -16.886733 22.341159
82.782783 2.551882 -14.416458 -16.899381 22.359236
82.882883 2.554578 -14.429175 -16.912014 22.377291
82.982983 2.557270 -14.441876 -16.924632 22.395325
83.083083 2.559960 -14.454563 -16.937236 22.413339
83.183183 2.562646 -14.467236 -16.949830 22.431335
83.283283 2.565329 -14.479896 -16.962411 22.449313
83.383383 2.568008 -14.492540 -16.974977 22.467270
83.483483 2.570684 -14.505168 -16.987528 22.485205
83.583584 2.573356 -14.517780 -17.000065 22.503117
83.683684 2.576025 -14.530376 -17.012586 22.521009
83.783784 2.578690 -14.542957 -17.025094 22.538879
83.883884 2.581352 -14.555523 -17.037588 22.556729
83.983984 2.584010 -14.568074 -17.050068 22.574559
84.084084 2.586666 -14.580611 -17.062536 22.592371
84.184184 2.589318 -14.593134 -17.074991 22.610162
84.284284 2.591966 -14.605642 -17.087431 22.627934
84.384384 2.594611 -14.618135 -17.099859 22.645686
84.484484 2.597254 -14.630615 -17.112275 22.663419
84.584585 2.599893 -14.643082 -17.124679 22.681136
84.684685 2.602529 -14.655536 -17.137071 22.698835
84.784785 2.605162 -14.667977 -17.149453 22.716517
84.884885 2.607793 -14.680407 -17.161825 22.734185
84.984985 2.610420 -14.692826 -17.174187 22.751838
85.085085 2.613045 -14.705233 -17.186540 22.769476
85.185185 2.615668 -14.717630 -17.198883 22.787100
85.285285 2.618287 -14.730015 -17.211218 22.804710
85.385385 2.620904 -14.742391 -17.223545 22.822307
85.485485 2.623519 -14.754758 -17.235865 22.839894
85.585586 2.626132 -14.767116 -17.248178 22.857470
85.685686 2.628742 -14.779464 -17.260484 22.875034
85.785786 2.631350 -14.791804 -17.272783 22.892586
85.885886 2.633956 -14.804134 -17.285075 22.910127
85.985986 2.636559 -14.816456 -17.297360 22.927657
86.086086 2.639160 -14.828768 -17.309638 22.945176
86.186186 2.641759 -14.841071 -17.321909 22.962683
86.286286 2.644356 -14.853368 -17.334175 22.980182
86.386386 2.646951 -14.865658 -17.346438 22.997674
86.486486 2.649544 -14.877941 -17.358696 23.015159
86.586587 2.652135 -14.890217 -17.370951 23.032636
86.686687 2.654724 -14.902488 -17.383201 23.050105
86.786787 2.657312 -14.914751 -17.395446 23.067567
86.886887 2.659897 -14.927007 -17.407687 23.085020
86.986987 2.662481 -14.939258 -17.419925 23.102467
87.087087 2.665063 -14.951503 -17.432160 23.119909
87.187187 2.667644 -14.963744 -17.444394 23.137347
87.287287 2.670223 -14.975981 -17.456626 23.154782
87.387387 2.672801 -14.988215 -17.468858 23.172213
87.487487 2.675378 -15.000444 -17.481088 23.189640
87.587588 2.677953 -15.012670 -17.493319 23.207066
87.687688 2.680527 -15.024894 -17.505550 23.224490
87.787788 2.683101 -15.037116 -17.517782 23.241914
87.887888 2.685673 -15.049336 -17.530015 23.259337
87.987988 2.688244 -15.061555 -17.542251 23.276762
88.088088 2.690815 -15.073775 -17.554491 23.294191
88.188188 2.693385 -15.085995 -17.566735 23.311623
88.288288 2.695955 -15.098217 -17.578984 23.329059
88.388388 2.698524 -15.110439 -17.591237 23.346499
88.488488 2.701093 -15.122663 -17.603495 23.363944
88.588589 2.703662 -15.134887 -17.615757 23.381392
88.688689 2.706229 -15.147112 -17.628023 23.398844
88.788789 2.708797 -15.159338 -17.640294 23.416300
88.888889 2.711364 -15.171565 -17.652570 23.433760
88.988989 2.713930 -15.183793 -17.664850 23.451224
89.089089 2.716496 -15.196022 -17.677134 23.468692
89.189189 2.719061 -15.208253 -17.689424 23.486166
89.289289 2.721627 -15.220485 -17.701719 23.503643
89.389389 2.724191 -15.232718 -17.714018 23.521125
89.489489 2.726755 -15.244952 -17.726322 23.538612
89.589590 2.729319 -15.257189 -17.738632 23.556104
89.689690 2.731883 -15.269429 -17.750948 23.573604
89.789790 2.734447 -15.281673 -17.763273 23.591113
89.889890 2.737012 -15.293921 -17.775606 23.608630
89.989990 2.739576 -15.306172 -17.787946 23.626155
90.090090 2.742139 -15.318425 -17.800292 23.643686
90.190190 2.744703 -15.330681 -17.812644 23.661222
90.290290 2.747266 -15.342939 -17.825002 23.678765
90.390390 2.749829 -15.355200 -17.837366 23.696315
90.490490 2.752392 -15.367462 -17.849735 23.713870
90.590591 2.754955 -15.379727 -17.862111 23.731431
90.690691 2.757517 -15.391994 -17.874492 23.748997
90.790791 2.760079 -15.404261 -17.886876 23.766566
90.890891 2.762640 -15.416528 -17.899264 23.784137
90.990991 2.765201 -15.428796 -17.911655 23.801712
91.091091 2.767761 -15.441063 -17.924049 23.819288
91.191191 2.770320 -15.453330 -17.936446 23.836865
91.291291 2.772879 -15.465595 -17.948844 23.854443
91.391391 2.775436 -15.477859 -17.961244 23.872022
91.491491 2.777993 -15.490121 -17.973645 23.889600
91.591592 2.780548 -15.502381 -17.986046 23.907177
91.691692 2.783103 -15.514640 -17.998450 23.924755
91.791792 2.785657 -15.526898 -18.010856 23.942334
91.891892 2.788210 -15.539156 -18.023265 23.959916
91.991992 2.790763 -15.551415 -18.035678 23.977501
92.092092 2.793316 -15.563674 -18.048094 23.995088
92.192192 2.795867 -15.575933 -18.060513 24.012677
92.292292 2.798418 -15.588191 -18.072934 24.030269
92.392392 2.800968 -15.600449 -18.085358 24.047861
92.492492 2.803518 -15.612706 -18.097785 24.065455
92.592593 2.806067 -15.624963 -18.110214 24.083050
92.692693 2.808615 -15.637219 -18.122645 24.100647
92.792793 2.811162 -15.649474 -18.135078 24.118244
92.892893 2.813709 -15.661727 -18.147512 24.135841
92.992993 2.816254 -15.673978 -18.159946 24.153437
93.093093 2.818799 -15.686226 -18.172381 24.171031
93.193193 2.821342 -15.698471 -18.184815 24.188623
93.293293 2.823884 -15.710712 -18.197247 24.206210
93.393393 2.826424 -15.722948 -18.209676 24.223791
93.493493 2.828963 -15.735177 -18.222101 24.241366
93.593594 2.831499 -15.747400 -18.234522 24.258932
93.693694 2.834034 -15.759616 -18.246936 24.276489
93.793794 2.836567 -15.771823 -18.259345 24.294037
93.893894 2.839098 -15.784024 -18.271749 24.311576
93.993994 2.841628 -15.796218 -18.284148 24.329107
94.094094 2.844155 -15.808404 -18.296540 24.346627
94.194194 2.846680 -15.820583 -18.308927 24.364138
94.294294 2.849203 -15.832753 -18.321308 24.381640
94.394394 2.851725 -15.844916 -18.333683 24.399132
94.494494 2.854244 -15.857071 -18.346051 24.416613
94.594595 2.856761 -15.869218 -18.358413 24.434084
94.694695 2.859277 -15.881356 -18.370768 24.451545
94.794795 2.861790 -15.893487 -18.383118 24.468996
94.894895 2.864301 -15.905610 -18.395461 24.486437
94.994995 2.866810 -15.917724 -18.407797 24.503868
95.095095 2.869318 -15.929831 -18.420128 24.521289
95.195195 2.871823 -15.941930 -18.432452 24.538699
95.295295 2.874326 -15.954020 -18.444769 24.556099
95.395395 2.876827 -15.966102 -18.457079 24.573488
95.495495 2.879326 -15.978174 -18.469381 24.590864
95.595596 2.881822 -15.990236 -18.481675 24.608227
95.695696 2.884316 -16.002288 -18.493958 24.625576
95.795796 2.886807 -16.014326 -18.506229 24.642906
95.895896 2.889295 -16.026350 -18.518487 24.660216
95.995996 2.891779 -16.038358 -18.530730 24.677506
96.096096 2.894260 -16.050352 -18.542959 24.694774
96.196196 2.896739 -16.062332 -18.555174 24.712024
96.296296 2.899214 -16.074300 -18.567378 24.729256
96.396396 2.901687 -16.086255 -18.579571 24.746471
96.496496 2.904156 -16.098199 -18.591753 24.763671
96.596597 2.906624 -16.110132 -18.603926 24.780858
96.696697 2.909089 -16.122056 -18.616091 24.798031
96.796797 2.911552 -16.133970 -18.628246 24.815190
96.896897 2.914012 -16.145871 -18.640391 24.832334
96.996997 2.916470 -16.157761 -18.652525 24.849461
97.097097 2.918925 -16.169638 -18.664647 24.866571
97.197197 2.921377 -16.181503 -18.676757 24.883664
97.297297 2.923826 -16.193357 -18.688858 24.900742
97.397397 2.926273 -16.205200 -18.700950 24.917807
97.497497 2.928718 -16.217034 -18.713033 24.934859
97.597598 2.931160 -16.228857 -18.725106 24.951896
97.697698 2.933599 -16.240669 -18.737170 24.968918
97.797798 2.936037 -16.252469 -18.749222 24.985924
97.897898 2.938471 -16.264257 -18.761264 25.002914
97.997998 2.940902 -16.276031 -18.773292 25.019884
98.098098 2.943330 -16.287791 -18.785306 25.036834
98.198198 2.945755 -16.299536 -18.797306 25.053764
98.298298 2.948177 -16.311266 -18.809291 25.070671
98.398398 2.950595 -16.322979 -18.821259 25.087556
98.498498 2.953009 -16.334674 -18.833210 25.104415
98.598599 2.955419 -16.346350 -18.845141 25.121246
98.698699 2.957826 -16.358007 -18.857052 25.138049
98.798799 2.960227 -16.369642 -18.868942 25.154823
98.898899 2.962625 -16.381257 -18.880811 25.171566
98.998999 2.965019 -16.392851 -18.892658 25.188280
99.099099 2.967408 -16.404425 -18.904484 25.204964
99.199199 2.969793 -16.415977 -18.916289 25.221617
99.299299 2.972173 -16.427508 -18.928072 25.238240
99.399399 2.974549 -16.439018 -18.939833 25.254832
99.499499 2.976921 -16.450507 -18.951572 25.271393
99.599600 2.979288 -16.461972 -18.963287 25.287921
99.699700 2.981650 -16.473414 -18.974977 25.304414
99.799800 2.984007 -16.484831 -18.986642 25.320871
99.899900 2.986360 -16.496224 -18.998282 25.337294
100.000000 2.988707 -16.507594 -19.009897 25.353683
