0.000000 -0.465242 0.753619 -0.678927 1.115945
0.100100 -0.537478 0.698985 -0.684475 1.116230
0.200200 -0.606987 0.640897 -0.686604 1.118305
0.300300 -0.673444 0.579667 -0.685327 1.122147
0.400400 -0.736556 0.515629 -0.680688 1.127708
0.500501 -0.796090 0.449153 -0.672780 1.134958
0.600601 -0.851852 0.380610 -0.661721 1.143849
0.700701 -0.903637 0.310348 -0.647606 1.154240
0.800801 -0.951295 0.238721 -0.630564 1.166002
0.900901 -0.994770 0.166095 -0.610779 1.179070
1.001001 -1.034021 0.092813 -0.588429 1.193341
1.101101 -1.069056 0.019199 -0.563707 1.208724
1.201201 -1.099953 -0.054444 -0.536829 1.225172
1.301301 -1.126792 -0.127842 -0.507996 1.242603
1.401401 -1.149613 -0.200740 -0.477377 1.260871
1.501502 -1.168499 -0.272909 -0.445150 1.279855
1.601602 -1.183547 -0.344137 -0.411485 1.299436
1.701702 -1.194872 -0.414242 -0.376550 1.319509
1.801802 -1.202702 -0.483094 -0.340538 1.340088
1.901902 -1.207301 -0.550607 -0.303634 1.361226
2.002002 -1.208876 -0.616699 -0.265995 1.382914
2.102102 -1.207552 -0.681269 -0.227743 1.405054
2.202202 -1.203420 -0.744211 -0.188986 1.427510
2.302302 -1.196585 -0.805440 -0.149830 1.450172
2.402402 -1.187203 -0.864910 -0.110380 1.472991
2.502503 -1.175436 -0.922598 -0.070734 1.495942
2.602603 -1.161448 -0.978499 -0.030980 1.519006
2.702703 -1.145357 -1.032581 0.008803 1.542123
2.802803 -1.127282 -1.084829 0.048543 1.565240
2.902903 -1.107398 -1.135289 0.088179 1.588391
3.003003 -1.085865 -1.184010 0.127655 1.611607
3.103103 -1.062804 -1.231015 0.166922 1.634874
3.203203 -1.038293 -1.276288 0.205931 1.658123
3.303303 -1.012436 -1.319855 0.244643 1.681338
3.403403 -0.985356 -1.361773 0.283028 1.704540
3.503504 -0.957143 -1.402068 0.321055 1.727714
3.603604 -0.927866 -1.440748 0.358690 1.750814
3.703704 -0.897584 -1.477805 0.395902 1.773782
3.803804 -0.866351 -1.513234 0.432658 1.796562
3.903904 -0.834211 -1.547014 0.468923 1.819080
4.004004 -0.801214 -1.579135 0.504666 1.841276
4.104104 -0.767413 -1.609602 0.539862 1.863113
4.204204 -0.732890 -1.638481 0.574508 1.884624
4.304304 -0.697731 -1.665860 0.608609 1.905866
4.404404 -0.662005 -1.691804 0.642168 1.926871
4.504505 -0.625782 -1.716391 0.675195 1.947688
4.604605 -0.589121 -1.739682 0.707695 1.968347
4.704705 -0.552072 -1.761731 0.739672 1.988867
4.804805 -0.514674 -1.782561 0.771120 2.009239
4.904905 -0.476957 -1.802174 0.802025 2.029424
5.005005 -0.438958 -1.820597 0.832383 2.049419
5.105105 -0.400713 -1.837869 0.862199 2.069232
5.205205 -0.362255 -1.854013 0.891469 2.088854
5.305305 -0.323613 -1.869054 0.920192 2.108279
5.405405 -0.284817 -1.883026 0.948373 2.127515
5.505506 -0.245894 -1.895947 0.976007 2.146548
5.605606 -0.206868 -1.907831 1.003092 2.165366
5.705706 -0.167766 -1.918730 1.029643 2.183995
5.805806 -0.128614 -1.928696 1.055677 2.202468
5.905906 -0.089431 -1.937744 1.081193 2.220771
6.006006 -0.050237 -1.945867 1.106176 2.238872
6.106106 -0.011050 -1.953061 1.130615 2.256736
6.206206 0.028112 -1.959324 1.154500 2.274338
6.306306 0.067230 -1.964702 1.177847 2.291702
6.406406 0.106288 -1.969220 1.200662 2.308834
6.506507 0.145269 -1.972874 1.222935 2.325705
6.606607 0.184156 -1.975676 1.244664 2.342306
6.706707 0.222936 -1.977649 1.265855 2.358641
6.806807 0.261594 -1.978822 1.286518 2.374720
6.906907 0.300117 -1.979209 1.306654 2.390540
7.007007 0.338493 -1.978823 1.326264 2.406095
7.107107 0.376711 -1.977696 1.345361 2.421402
7.207207 0.414764 -1.975866 1.363963 2.436487
7.307307 0.452643 -1.973354 1.382080 2.451358
7.407407 0.490340 -1.970183 1.399718 2.466022
7.507508 0.527847 -1.966375 1.416888 2.480489
7.607608 0.565160 -1.961960 1.433604 2.494777
7.707708 0.602271 -1.956953 1.449872 2.508889
7.807808 0.639177 -1.951379 1.465703 2.522838
7.907908 0.675872 -1.945260 1.481109 2.536636
8.008008 0.712348 -1.938604 1.496089 2.550276
8.108108 0.748601 -1.931426 1.510649 2.563761
8.208208 0.784631 -1.923755 1.524808 2.577115
8.308308 0.820443 -1.915628 1.538589 2.590369
8.408408 0.856024 -1.907038 1.551981 2.603501
8.508509 0.891362 -1.897980 1.564975 2.616486
8.608609 0.926458 -1.888475 1.577584 2.629341
8.708709 0.961309 -1.878538 1.589815 2.642070
8.808809 0.995905 -1.868168 1.601663 2.654657
8.908909 1.030245 -1.857379 1.613134 2.667107
9.009009 1.064323 -1.846180 1.624231 2.679420
9.109109 1.098134 -1.834575 1.634954 2.691586
9.209209 1.131665 -1.822560 1.645294 2.703587
9.309309 1.164904 -1.810129 1.655241 2.715398
9.409409 1.197855 -1.797305 1.664810 2.727041
9.509510 1.230520 -1.784103 1.674012 2.738525
9.609610 1.262897 -1.770535 1.682852 2.749854
9.709710 1.294989 -1.756617 1.691340 2.761038
9.809810 1.326797 -1.742362 1.699487 2.772088
9.909910 1.358320 -1.727780 1.707294 2.783004
10.010010 1.389541 -1.712860 1.714750 2.793757
10.110110 1.420457 -1.697610 1.721856 2.804348
10.210210 1.451080 -1.682053 1.728632 2.814801
10.310310 1.481409 -1.666198 1.735083 2.825120
10.410410 1.511448 -1.650060 1.741220 2.835317
10.510511 1.541201 -1.633651 1.747049 2.845399
10.610611 1.570664 -1.616975 1.752575 2.855365
10.710711 1.599831 -1.600035 1.757794 2.865206
10.810811 1.628695 -1.582832 1.762703 2.874914
10.910911 1.657253 -1.565369 1.767303 2.884480
11.011011 1.685491 -1.547641 1.771583 2.893887
11.111111 1.713411 -1.529660 1.775552 2.903140
11.211211 1.741009 -1.511428 1.779208 2.912234
11.311311 1.768277 -1.492945 1.782548 2.921158
11.411411 1.795212 -1.474217 1.785573 2.929910
11.511512 1.821816 -1.455252 1.788289 2.938494
11.611612 1.848099 -1.436065 1.790709 2.946929
11.711712 1.874059 -1.416661 1.792837 2.955214
11.811812 1.899681 -1.397036 1.794661 2.963327
11.911912 1.924949 -1.377183 1.796171 2.971245
12.012012 1.949865 -1.357112 1.797370 2.978971
12.112112 1.974428 -1.336826 1.798263 2.986506
12.212212 1.998634 -1.316331 1.798850 2.993848
12.312312 2.022491 -1.295638 1.799140 3.001009
12.412412 2.045992 -1.274747 1.799132 3.007979
12.512513 2.069123 -1.253657 1.798816 3.014741
12.612613 2.091864 -1.232362 1.798180 3.021269
12.712713 2.114207 -1.210862 1.797219 3.027549
12.812813 2.136140 -1.189157 1.795926 3.033569
12.912913 2.157654 -1.167248 1.794299 3.039316
13.013013 2.178761 -1.145148 1.792349 3.044812
13.113113 2.199467 -1.122866 1.790088 3.050065
13.213213 2.219757 -1.100400 1.787503 3.055056
13.313313 2.239618 -1.077750 1.784590 3.059770
13.413413 2.259052 -1.054923 1.781353 3.064213
13.513514 2.278065 -1.031927 1.777801 3.068392
13.613614 2.296645 -1.008762 1.773926 3.072294
13.713714 2.314780 -0.985430 1.769724 3.075907
13.813814 2.332462 -0.961931 1.765190 3.079219
13.913914 2.349697 -0.938275 1.760335 3.082242
14.014014 2.366518 -0.914481 1.755184 3.085021
14.114114 2.382937 -0.890557 1.749751 3.087574
14.214214 2.398963 -0.866513 1.744045 3.089913
14.314314 2.414606 -0.842357 1.738076 3.092054
14.414414 2.429859 -0.818090 1.731840 3.093987
14.514515 2.444713 -0.793715 1.725335 3.095704
14.614615 2.459161 -0.769233 1.718559 3.097199
14.714715 2.473198 -0.744649 1.711510 3.098463
14.814815 2.486810 -0.719961 1.704182 3.099485
14.914915 2.499992 -0.695175 1.696574 3.100257
15.015015 2.512752 -0.670295 1.688693 3.100791
15.115115 2.525077 -0.645325 1.680535 3.101074
15.215215 2.536974 -0.620269 1.672106 3.101114
15.315315 2.548433 -0.595132 1.663403 3.100903
15.415415 2.559438 -0.569912 1.654418 3.100422
15.515516 2.569998 -0.544618 1.645159 3.099685
15.615616 2.580101 -0.519251 1.635622 3.098677
15.715716 2.589743 -0.493815 1.625806 3.097397
15.815816 2.598928 -0.468315 1.615717 3.095850
15.915916 2.607643 -0.442755 1.605350 3.094024
16.016016 2.615894 -0.417140 1.594711 3.091926
16.116116 2.623689 -0.391476 1.583808 3.089570
16.216216 2.631017 -0.365765 1.572637 3.086943
16.316316 2.637876 -0.340012 1.561199 3.084046
16.416416 2.644284 -0.314225 1.549507 3.080901
16.516517 2.650238 -0.288407 1.537563 3.077506
16.616617 2.655736 -0.262562 1.525367 3.073860
16.716717 2.660777 -0.236696 1.512923 3.069967
16.816817 2.665351 -0.210810 1.500227 3.065815
16.916917 2.669446 -0.184910 1.487274 3.061391
17.017017 2.673049 -0.158998 1.474060 3.056685
17.117117 2.676146 -0.133079 1.460581 3.051682
17.217217 2.678736 -0.107158 1.446838 3.046383
17.317317 2.680820 -0.081239 1.432835 3.040791
17.417417 2.682380 -0.055327 1.418565 3.034888
17.517518 2.683412 -0.029426 1.404029 3.028673
17.617618 2.683924 -0.003543 1.389234 3.022157
17.717718 2.683923 0.022319 1.374186 3.015349
17.817818 2.683390 0.048154 1.358879 3.008231
17.917918 2.682287 0.073957 1.343297 3.000764
18.018018 2.680588 0.099720 1.327430 2.992920
18.118118 2.678283 0.125439 1.311275 2.984691
18.218218 2.675398 0.151108 1.294849 2.976108
18.318318 2.671957 0.176724 1.278167 2.967204
18.418418 2.667958 0.202280 1.261230 2.957975
18.518519 2.663375 0.227770 1.244031 2.948400
18.618619 2.658184 0.253185 1.226561 2.938452
18.718719 2.652364 0.278518 1.208814 2.928112
18.818819 2.645899 0.303761 1.190785 2.917365
18.918919 2.638777 0.328907 1.172475 2.906204
19.019019 2.630987 0.353947 1.153880 2.894618
19.119119 2.622520 0.378873 1.135001 2.882600
19.219219 2.613386 0.403681 1.115846 2.870167
19.319319 2.603576 0.428362 1.096416 2.857311
19.419419 2.593072 0.452906 1.076707 2.844019
19.519520 2.581863 0.477305 1.056718 2.830281
19.619620 2.569944 0.501550 1.036452 2.816096
19.719720 2.557326 0.525636 1.015917 2.801482
19.819820 2.544018 0.549557 0.995121 2.786451
19.919920 2.530022 0.573308 0.974069 2.771011
20.020020 2.515317 0.596875 0.952757 2.755145
20.120120 2.499907 0.620251 0.931191 2.738862
20.220220 2.483800 0.643432 0.909379 2.722175
20.320320 2.466972 0.666404 0.887316 2.705064
20.420420 2.449399 0.689151 0.864999 2.687510
20.520521 2.431071 0.711662 0.842429 2.669504
20.620621 2.411998 0.733932 0.819614 2.651068
20.720721 2.392179 0.755952 0.796559 2.632202
20.820821 2.371595 0.777707 0.773263 2.612896
20.920921 2.350235 0.799183 0.749728 2.593143
21.021021 2.328088 0.820368 0.725955 2.572938
21.121121 2.305131 0.841244 0.701944 2.552263
21.221221 2.281380 0.861806 0.677705 2.531144
21.321321 2.256867 0.882056 0.653254 2.509624
21.421421 2.231575 0.901977 0.628591 2.487693
21.521522 2.205466 0.921544 0.603713 2.465318
21.621622 2.178521 0.940736 0.578620 2.442486
21.721722 2.150720 0.959534 0.553315 2.419186
21.821822 2.122044 0.977915 0.527799 2.395404
21.921922 2.092477 0.995862 0.502076 2.371135
22.022022 2.061987 1.013342 0.476147 2.346352
22.122122 2.030547 1.030330 0.450013 2.321037
22.222222 1.998157 1.046810 0.423684 2.295201
22.322322 1.964824 1.062770 0.397171 2.268867
22.422422 1.930540 1.078188 0.370481 2.242037
22.522523 1.895240 1.093011 0.343612 2.214651
22.622623 1.858844 1.107173 0.316560 2.186628
22.722723 1.821301 1.120626 0.289330 2.157928
22.822823 1.782574 1.133320 0.261928 2.128518
22.922923 1.742642 1.145220 0.234366 2.098393
23.023023 1.701473 1.156277 0.206655 2.067534
23.123123 1.658992 1.166412 0.178802 2.035864
23.223223 1.615105 1.175528 0.150815 2.003291
23.323323 1.569744 1.183539 0.122710 1.969751
23.423423 1.522842 1.190357 0.094502 1.935182
23.523524 1.474347 1.195896 0.066215 1.899540
23.623624 1.424268 1.200116 0.037876 1.862862
23.723724 1.372584 1.202950 0.009515 1.825148
23.823824 1.319271 1.204320 -0.018837 1.786398
23.923924 1.264326 1.204163 -0.047144 1.746640
24.024024 1.207747 1.202412 -0.075367 1.705910
24.124124 1.149482 1.198942 -0.103462 1.664174
24.224224 1.089427 1.193562 -0.131371 1.621327
24.324324 1.027500 1.186088 -0.159029 1.577292
24.424424 0.963657 1.176355 -0.186363 1.532051
24.524525 0.897889 1.164223 -0.213297 1.485636
24.624625 0.830154 1.149488 -0.239732 1.438036
24.724725 0.760388 1.131884 -0.265548 1.389196
24.824825 0.688560 1.111149 -0.290608 1.339111
24.924925 0.614663 1.087006 -0.314754 1.287813
25.025025 0.538662 1.059063 -0.337777 1.235259
25.125125 0.460531 1.026842 -0.359412 1.181385
25.225225 0.380277 0.989780 -0.379328 1.126129
25.325325 0.297982 0.947273 -0.397131 1.069501
25.425425 0.213835 0.898712 -0.412368 1.011660
25.525526 0.128136 0.843373 -0.424463 0.952820
25.625626 0.041340 0.780360 -0.432661 0.893233
25.725726 -0.045837 0.708542 -0.435933 0.833169
25.825826 -0.132267 0.626714 -0.432995 0.773143
25.925926 -0.216229 0.533802 -0.422333 0.714188
26.026026 -0.295054 0.428699 -0.401922 0.657557
26.126126 -0.364784 0.310788 -0.369359 0.605048
26.226226 -0.420049 0.180937 -0.322373 0.559556
26.326326 -0.454444 0.042436 -0.259567 0.525067
26.426426 -0.461794 -0.098299 -0.181484 0.505819
26.526527 -0.438452 -0.232332 -0.091437 0.504558
26.626627 -0.385655 -0.350762 0.004755 0.521331
26.726727 -0.309164 -0.447793 0.100745 0.553399
26.826827 -0.216631 -0.521865 0.191666 0.596664
26.926927 -0.115143 -0.574739 0.274882 0.647413
27.027027 -0.009929 -0.609448 0.349456 0.702598
27.127127 0.095581 -0.629039 0.415387 0.759850
27.227227 0.199248 -0.636348 0.473219 0.817665
27.327327 0.299819 -0.633770 0.523699 0.875109
27.427427 0.396612 -0.623234 0.567596 0.931604
27.527528 0.489301 -0.606289 0.605642 0.986815
27.627628 0.577760 -0.584151 0.638482 1.040527
27.727728 0.661992 -0.557784 0.666676 1.092617
27.827828 0.742109 -0.527994 0.690752 1.143084
27.927928 0.818203 -0.495388 0.711110 1.191865
28.028028 0.890305 -0.460408 0.728023 1.238804
28.128128 0.958517 -0.423457 0.741780 1.283865
28.228228 1.023019 -0.384906 0.752688 1.327125
28.328328 1.084013 -0.345072 0.761036 1.368698
28.428428 1.141654 -0.304207 0.767052 1.408647
28.528529 1.196035 -0.262510 0.770898 1.446961
28.628629 1.247247 -0.220151 0.772722 1.483641
28.728729 1.295470 -0.177298 0.772713 1.518803
28.828829 1.340906 -0.134096 0.771060 1.552593
28.928929 1.383700 -0.090662 0.767907 1.585095
29.029029 1.423964 -0.047093 0.763368 1.616361
29.129129 1.461791 -0.003474 0.757541 1.646424
29.229229 1.497274 0.040119 0.750516 1.675325
29.329329 1.530518 0.083624 0.742387 1.703119
29.429429 1.561625 0.126982 0.733238 1.729865
29.529530 1.590685 0.170145 0.723144 1.755610
29.629630 1.617777 0.213069 0.712173 1.780391
29.729730 1.642986 0.255716 0.700388 1.804255
29.829830 1.666363 0.298051 0.687840 1.827217
29.929930 1.687939 0.340035 0.674564 1.849270
30.030030 1.707784 0.381644 0.660612 1.870450
30.130130 1.725997 0.422860 0.646045 1.890833
30.230230 1.742663 0.463671 0.630914 1.910475
30.330330 1.757834 0.504057 0.615258 1.929403
30.430430 1.771576 0.544007 0.599117 1.947656
30.530531 1.783908 0.583497 0.582515 1.965228
30.630631 1.794822 0.622496 0.565465 1.982079
30.730731 1.804377 0.660998 0.548003 1.998249
30.830831 1.812645 0.699002 0.530164 2.013793
30.930931 1.819701 0.736513 0.511987 2.028767
31.031031 1.825632 0.773542 0.493508 2.043245
31.131131 1.830546 0.810114 0.474769 2.057326
31.231231 1.834497 0.846234 0.455796 2.071049
31.331331 1.837496 0.881889 0.436602 2.084405
31.431431 1.839556 0.917067 0.417199 2.097387
31.531532 1.840669 0.951746 0.397597 2.109968
31.631632 1.840845 0.985914 0.377808 2.122139
31.731732 1.840121 1.019575 0.357850 2.133925
31.831832 1.838543 1.052736 0.337741 2.145358
31.931932 1.836150 1.085405 0.317497 2.156468
32.032032 1.832976 1.117584 0.297133 2.167275
32.132132 1.829026 1.149265 0.276659 2.177771
32.232232 1.824309 1.180437 0.256085 2.187947
32.332332 1.818846 1.211100 0.235421 2.197814
32.432432 1.812640 1.241241 0.214677 2.207358
32.532533 1.805682 1.270840 0.193860 2.216552
32.632633 1.797978 1.299888 0.172978 2.225388
32.732733 1.789519 1.328362 0.152039 2.233840
32.832833 1.780317 1.356258 0.131053 2.241905
32.932933 1.770386 1.383570 0.110029 2.249587
33.033033 1.759736 1.410293 0.088976 2.256882
33.133133 1.748376 1.436420 0.067904 2.263788
33.233233 1.736285 1.461918 0.046820 2.270261
33.333333 1.723445 1.486757 0.025732 2.276263
33.433433 1.709851 1.510917 0.004649 2.281771
33.533534 1.695502 1.534382 -0.016419 2.286772
33.633634 1.680416 1.557150 -0.037464 2.291270
33.733734 1.664580 1.579195 -0.058474 2.295235
33.833834 1.647969 1.600474 -0.079440 2.298615
33.933934 1.630582 1.620970 -0.100352 2.301393
34.034034 1.612449 1.640695 -0.121200 2.303597
34.134134 1.593605 1.659667 -0.141978 2.305261
34.234234 1.574076 1.677895 -0.162676 2.306406
34.334334 1.553879 1.695379 -0.183288 2.307043
34.434434 1.533016 1.712105 -0.203802 2.307158
34.534535 1.511467 1.728034 -0.224207 2.306708
34.634635 1.489226 1.743138 -0.244491 2.305667
34.734735 1.466308 1.757418 -0.264644 2.304043
34.834835 1.442722 1.770864 -0.284658 2.301834
34.934935 1.418472 1.783462 -0.304521 2.299029
35.035035 1.393562 1.795196 -0.324222 2.295618
35.135135 1.367989 1.806040 -0.343749 2.291580
35.235235 1.341734 1.815948 -0.363083 2.286864
35.335335 1.314788 1.824886 -0.382210 2.281438
35.435435 1.287168 1.832851 -0.401120 2.275311
35.535536 1.258900 1.839856 -0.419806 2.268510
35.635636 1.230021 1.845931 -0.438266 2.261082
35.735736 1.200554 1.851084 -0.456494 2.253049
35.835836 1.170495 1.855285 -0.474474 2.244386
35.935936 1.139849 1.858515 -0.492192 2.235081
36.036036 1.108632 1.860770 -0.509639 2.225143
36.136136 1.076868 1.862067 -0.526810 2.214603
36.236236 1.044572 1.862398 -0.543695 2.203465
36.336336 1.011745 1.861736 -0.560277 2.191712
36.436436 0.978392 1.860062 -0.576541 2.179331
36.536537 0.944523 1.857358 -0.592473 2.166316
36.636637 0.910152 1.853616 -0.608060 2.152674
36.736737 0.875295 1.848833 -0.623293 2.138415
36.836837 0.839959 1.842987 -0.638155 2.123529
36.936937 0.804141 1.836025 -0.652617 2.107970
37.037037 0.767844 1.827913 -0.666657 2.091718
37.137137 0.731071 1.818608 -0.680248 2.074738
37.237237 0.693827 1.808067 -0.693365 2.057002
37.337337 0.656126 1.796268 -0.705986 2.038504
37.437437 0.617974 1.783165 -0.718081 2.019210
37.537538 0.579373 1.768692 -0.729611 1.999069
37.637638 0.540333 1.752800 -0.740543 1.978048
37.737738 0.500873 1.735461 -0.750849 1.956137
37.837838 0.461007 1.716627 -0.760495 1.933310
37.937938 0.420753 1.696246 -0.769443 1.909536
38.038038 0.380126 1.674260 -0.777649 1.884775
38.138138 0.339143 1.650585 -0.785056 1.858968
38.238238 0.297826 1.625155 -0.791615 1.832071
38.338338 0.256205 1.597913 -0.797277 1.804056
38.438438 0.214306 1.568768 -0.801975 1.774859
38.538539 0.172162 1.537619 -0.805634 1.744407
38.638639 0.129813 1.504392 -0.808189 1.712664
38.738739 0.087305 1.468982 -0.809557 1.679557
38.838839 0.044691 1.431301 -0.809658 1.645043
38.938939 0.002036 1.391338 -0.808453 1.609168
39.039039 -0.040592 1.349038 -0.805874 1.571937
39.139139 -0.083115 1.304308 -0.801828 1.533315
39.239239 -0.125444 1.257048 -0.796208 1.493269
39.339339 -0.167474 1.207131 -0.788889 1.451743
39.439439 -0.209082 1.154422 -0.779727 1.408680
39.539540 -0.250127 1.098805 -0.768582 1.364059
39.639640 -0.290441 1.040144 -0.755288 1.317845
39.739740 -0.329800 0.978213 -0.739597 1.269911
39.839840 -0.367933 0.912775 -0.721233 1.220127
39.939940 -0.404538 0.843661 -0.699941 1.168474
40.040040 -0.439259 0.770724 -0.675450 1.114987
40.140140 -0.471600 0.693716 -0.647360 1.059586
40.240240 -0.500914 0.612354 -0.615174 1.002163
40.340340 -0.526371 0.526376 -0.578307 0.942644
40.440440 -0.546878 0.435551 -0.536063 0.880990
40.540541 -0.560969 0.339726 -0.487593 0.817219
40.640641 -0.566669 0.238944 -0.431902 0.751497
40.740741 -0.561287 0.133642 -0.367853 0.684265
40.840841 -0.541005 0.024998 -0.294160 0.616313
40.940941 -0.500585 -0.084283 -0.209687 0.549234
41.041041 -0.433604 -0.188657 -0.114342 0.486495
41.141141 -0.333650 -0.277992 -0.010704 0.434415
41.241241 -0.198564 -0.337059 0.093480 0.402213
41.341341 -0.037450 -0.350887 0.184796 0.398339
41.441441 0.129073 -0.316352 0.250770 0.423820
41.541542 0.281415 -0.244981 0.287982 0.471321
41.641642 0.410556 -0.152471 0.300904 0.531364
41.741742 0.515838 -0.050660 0.296083 0.596926
41.841842 0.599850 0.053444 0.278935 0.663687
41.941942 0.665908 0.156051 0.253378 0.729373
42.042042 0.717150 0.255231 0.222157 0.792970
42.142142 0.756028 0.350019 0.187102 0.853873
42.242242 0.784471 0.439971 0.149467 0.911762
42.342342 0.804046 0.524931 0.110152 0.966528
42.442442 0.816013 0.604902 0.069809 1.018164
42.542543 0.821415 0.679977 0.028921 1.066737
42.642643 0.821118 0.750304 -0.012150 1.112358
42.742743 0.815879 0.816080 -0.053127 1.155192
42.842843 0.806319 0.877497 -0.093802 1.195387
42.942943 0.792970 0.934751 -0.134012 1.233094
43.043043 0.776246 0.987983 -0.173628 1.268391
43.143143 0.756488 1.037311 -0.212539 1.301330
43.243243 0.734009 1.082860 -0.250659 1.331985
43.343343 0.709050 1.124702 -0.287903 1.360366
43.443443 0.681865 1.162961 -0.324214 1.386554
43.543544 0.652730 1.197843 -0.359567 1.410735
43.643644 0.621866 1.229495 -0.393934 1.433024
43.743744 0.589441 1.257998 -0.427276 1.453466
43.843844 0.555600 1.283413 -0.459554 1.472084
43.943944 0.520468 1.305780 -0.490725 1.488878
44.044044 0.484166 1.325135 -0.520749 1.503855
44.144144 0.446827 1.341573 -0.549611 1.517084
44.244244 0.408573 1.355175 -0.577297 1.528628
44.344344 0.369501 1.365971 -0.603772 1.538489
44.444444 0.329709 1.373995 -0.629007 1.546680
44.544545 0.289282 1.379253 -0.652960 1.553184
44.644645 0.248309 1.381772 -0.675603 1.558008
44.744745 0.206889 1.381648 -0.696938 1.561242
44.844845 0.165111 1.378934 -0.716952 1.562927
44.944945 0.123051 1.373628 -0.735604 1.563045
45.045045 0.080789 1.365748 -0.752862 1.561600
45.145145 0.038405 1.355311 -0.768695 1.558600
45.245245 -0.004022 1.342312 -0.783061 1.554028
45.345345 -0.046411 1.326697 -0.795884 1.547808
45.445445 -0.088677 1.308422 -0.807096 1.539881
45.545546 -0.130730 1.287455 -0.816632 1.530202
45.645646 -0.172480 1.263808 -0.824452 1.518777
45.745746 -0.213833 1.237486 -0.830511 1.505605
45.845846 -0.254691 1.208481 -0.834752 1.490673
45.945946 -0.294954 1.176806 -0.837132 1.473994
46.046046 -0.334501 1.142412 -0.837561 1.455508
46.146146 -0.373199 1.105238 -0.835934 1.435135
46.246246 -0.410913 1.065254 -0.832163 1.412838
46.346346 -0.447486 1.022410 -0.826138 1.388549
46.446446 -0.482741 0.976641 -0.817730 1.362185
46.546547 -0.516494 0.927916 -0.806826 1.333702
46.646647 -0.548529 0.876182 -0.793283 1.303026
46.746747 -0.578578 0.821348 -0.776911 1.270022
46.846847 -0.606345 0.763343 -0.757513 1.234574
46.946947 -0.631519 0.702139 -0.734915 1.196627
47.047047 -0.653728 0.637703 -0.708903 1.156101
47.147147 -0.672487 0.569966 -0.679188 1.112833
47.247247 -0.687215 0.498875 -0.645438 1.066645
47.347347 -0.697222 0.424421 -0.607291 1.017376
47.447447 -0.701651 0.346636 -0.564324 0.964848
47.547548 -0.699417 0.265631 -0.516039 0.908868
47.647648 -0.689141 0.181650 -0.461866 0.849255
47.747748 -0.668957 0.095151 -0.401108 0.785777
47.847848 -0.636359 0.007002 -0.332973 0.718243
47.947948 -0.588044 -0.081161 -0.256707 0.646746
48.048048 -0.519638 -0.166312 -0.171809 0.572015
48.148148 -0.425507 -0.242813 -0.078648 0.496186
48.248248 -0.299366 -0.300228 0.019953 0.424447
48.348348 -0.138362 -0.320895 0.115191 0.367949
48.448448 0.045811 -0.283578 0.188668 0.343672
48.548549 0.219926 -0.185036 0.221325 0.362754
48.648649 0.354539 -0.050965 0.212894 0.416676
48.748749 0.445590 0.090831 0.177454 0.488150
48.848849 0.502259 0.226346 0.127898 0.565557
48.948949 0.534286 0.351094 0.071870 0.643346
49.049049 0.548787 0.464490 0.013390 0.719095
49.149149 0.550599 0.567216 -0.045442 0.791807
49.249249 0.542977 0.660248 -0.103509 0.861084
49.349349 0.528165 0.744532 -0.160203 0.926796
49.449449 0.507770 0.820924 -0.215190 0.988966
49.549550 0.482979 0.890173 -0.268294 1.047692
49.649650 0.454669 0.952889 -0.319415 1.103063
49.749750 0.423549 1.009660 -0.368529 1.155259
49.849850 0.390204 1.061062 -0.415670 1.204530
49.949950 0.355073 1.107530 -0.460864 1.251038
50.050050 0.318480 1.149347 -0.504106 1.294818
50.150150 0.280693 1.186752 -0.545399 1.335900
50.250250 0.241953 1.220003 -0.584768 1.374374
50.350350 0.202467 1.249356 -0.622254 1.410348
50.450450 0.162417 1.275055 -0.657906 1.443948
50.550551 0.121958 1.297330 -0.691776 1.475294
50.650651 0.081223 1.316363 -0.723904 1.504475
50.750751 0.040325 1.332299 -0.754314 1.531547
50.850851 -0.000635 1.345289 -0.783042 1.556585
50.950951 -0.041566 1.355469 -0.810119 1.579657
51.051051 -0.082386 1.362939 -0.835563 1.600799
51.151151 -0.123019 1.367794 -0.859389 1.620045
51.251251 -0.163394 1.370079 -0.881586 1.637378
51.351351 -0.203436 1.369817 -0.902130 1.652762
51.451451 -0.243092 1.367133 -0.921064 1.666285
51.551552 -0.282313 1.362169 -0.938447 1.678061
51.651652 -0.321048 1.354995 -0.954293 1.688123
51.751752 -0.359243 1.345660 -0.968602 1.696481
51.851852 -0.396848 1.334225 -0.981385 1.703162
51.951952 -0.433821 1.320763 -0.992662 1.708213
52.052052 -0.470127 1.305359 -1.002464 1.711700
52.152152 -0.505735 1.288102 -1.010827 1.713694
52.252252 -0.540610 1.269053 -1.017770 1.714237
52.352352 -0.574704 1.248245 -1.023284 1.713333
52.452452 -0.607969 1.225704 -1.027363 1.710980
52.552553 -0.640375 1.201495 -1.030026 1.707227
52.652653 -0.671884 1.175663 -1.031282 1.702102
52.752753 -0.702440 1.148223 -1.031110 1.695590
52.852853 -0.731994 1.119200 -1.029498 1.687688
52.952953 -0.760486 1.088607 -1.026425 1.678378
53.053053 -0.787860 1.056464 -1.021871 1.667651
53.153153 -0.814075 1.022817 -1.015844 1.655540
53.253253 -0.839067 0.987681 -1.008318 1.642027
53.353353 -0.862763 0.951065 -0.999262 1.627086
53.453453 -0.885095 0.912991 -0.988652 1.610708
53.553554 -0.905958 0.873445 -0.976426 1.592820
53.653654 -0.925226 0.832404 -0.962506 1.573327
53.753754 -0.942782 0.789865 -0.946830 1.552164
53.853854 -0.958556 0.745873 -0.929387 1.529352
53.953954 -0.972484 0.700484 -0.910178 1.504934
54.054054 -0.984444 0.653716 -0.889149 1.478871
54.154154 -0.994261 0.605565 -0.866208 1.451062
54.254254 -1.001776 0.556049 -0.841282 1.421443
54.354354 -1.006853 0.505218 -0.814332 1.390012
54.454454 -1.009295 0.453102 -0.785272 1.356699
54.554555 -1.008883 0.399742 -0.754013 1.321429
54.654655 -1.005378 0.345194 -0.720465 1.284140
54.754755 -0.998508 0.289528 -0.684527 1.244758
54.854855 -0.987969 0.232836 -0.646095 1.203219
54.954955 -0.973387 0.175230 -0.605042 1.159424
55.055055 -0.954330 0.116859 -0.561231 1.113275
55.155155 -0.930245 0.057914 -0.514488 1.064616
55.255255 -0.900528 -0.001339 -0.464654 1.013339
55.355355 -0.864469 -0.060535 -0.411576 0.959357
55.455455 -0.821054 -0.119161 -0.355028 0.902427
55.555556 -0.769033 -0.176475 -0.294794 0.842293
55.655656 -0.706875 -0.231387 -0.230720 0.778745
55.755756 -0.632568 -0.282218 -0.162740 0.711529
55.855856 -0.543729 -0.326423 -0.091105 0.640697
55.955956 -0.437588 -0.360002 -0.016710 0.566890
56.056056 -0.311161 -0.376437 0.058196 0.491846
56.156156 -0.162566 -0.364963 0.128321 0.419633
56.256256 0.004067 -0.309537 0.182196 0.359200
56.356356 0.167696 -0.196034 0.200729 0.326869
56.456456 0.289143 -0.034737 0.169652 0.337034
56.556557 0.345260 0.136131 0.099242 0.384168
56.656657 0.347019 0.287400 0.012140 0.450742
56.756757 0.314805 0.411683 -0.076819 0.523915
56.856857 0.263147 0.511202 -0.161420 0.597185
56.956957 0.200662 0.590111 -0.239626 0.667771
57.057057 0.132391 0.652275 -0.311080 0.734684
57.157157 0.061309 0.700782 -0.376040 0.797659
57.257257 -0.010764 0.738043 -0.434970 0.856751
57.357357 -0.082692 0.765897 -0.488352 0.912099
57.457457 -0.153736 0.785739 -0.536615 0.963833
57.557558 -0.223407 0.798679 -0.580153 1.012114
57.657658 -0.291372 0.805620 -0.619318 1.057108
57.757758 -0.357407 0.807310 -0.654432 1.098986
57.857858 -0.421369 0.804390 -0.685791 1.137939
57.957958 -0.483148 0.797370 -0.713637 1.174100
58.058058 -0.542663 0.786675 -0.738175 1.207577
58.158158 -0.599876 0.772698 -0.759613 1.238518
58.258258 -0.654779 0.755797 -0.778155 1.267079
58.358358 -0.707355 0.736258 -0.793961 1.293368
58.458458 -0.757598 0.714337 -0.807175 1.317483
58.558559 -0.805495 0.690248 -0.817915 1.339495
58.658659 -0.851025 0.664171 -0.826275 1.359447
58.758759 -0.894164 0.636269 -0.832337 1.377372
58.858859 -0.934893 0.606690 -0.836178 1.393302
58.958959 -0.973178 0.575562 -0.837855 1.407249
59.059059 -1.008955 0.542986 -0.837392 1.419172
59.159159 -1.042207 0.509086 -0.834855 1.429107
59.259259 -1.072928 0.473983 -0.830309 1.437097
59.359359 -1.101093 0.437783 -0.823804 1.443160
59.459459 -1.126712 0.400603 -0.815413 1.447363
59.559560 -1.149748 0.362536 -0.805171 1.449707
59.659660 -1.170127 0.323661 -0.793086 1.450151
59.759760 -1.187775 0.284063 -0.779168 1.448656
59.859860 -1.202584 0.243815 -0.763406 1.445145
59.959960 -1.214441 0.202999 -0.745786 1.439539
60.060060 -1.223273 0.161706 -0.726326 1.431815
60.160160 -1.229057 0.120039 -0.705073 1.422012
60.260260 -1.231747 0.078099 -0.682062 1.410145
60.360360 -1.231269 0.035987 -0.657313 1.396202
60.460460 -1.227490 -0.006193 -0.630819 1.380110
60.560561 -1.220277 -0.048326 -0.602577 1.361804
60.660661 -1.209527 -0.090290 -0.572605 1.341262
60.760761 -1.195080 -0.131949 -0.540901 1.318408
60.860861 -1.176761 -0.173150 -0.507461 1.293161
60.960961 -1.154366 -0.213721 -0.472282 1.265420
61.061061 -1.127610 -0.253452 -0.435336 1.235014
61.161161 -1.096244 -0.292116 -0.396630 1.201831
61.261261 -1.060025 -0.329454 -0.356186 1.165788
61.361361 -1.018556 -0.365124 -0.314000 1.126662
61.461461 -0.971379 -0.398710 -0.270076 1.084199
61.561562 -0.918003 -0.429711 -0.224451 1.038152
61.661662 -0.857908 -0.457524 -0.177209 0.988300
61.761762 -0.790588 -0.481436 -0.128503 0.934517
61.861862 -0.715377 -0.500483 -0.078549 0.876594
61.961962 -0.631479 -0.513382 -0.027682 0.814305
62.062062 -0.538045 -0.518433 0.023548 0.747542
62.162162 -0.434000 -0.513113 0.074228 0.676129
62.262262 -0.318173 -0.493611 0.122746 0.599960
62.362362 -0.189863 -0.454217 0.166142 0.519581
62.462462 -0.050234 -0.386201 0.198736 0.437231
62.562563 0.093302 -0.277194 0.209499 0.359766
62.662663 0.216141 -0.117046 0.179811 0.304547
62.762763 0.271742 0.075764 0.096368 0.298112
62.862863 0.240553 0.246390 -0.019026 0.344871
62.962963 0.155933 0.366382 -0.132575 0.419675
63.063063 0.051166 0.442822 -0.231197 0.502156
63.163163 -0.057774 0.488687 -0.314187 0.583838
63.263263 -0.164503 0.513507 -0.383790 0.661850
63.363363 -0.266598 0.523479 -0.442360 0.735382
63.463463 -0.363192 0.522558 -0.491748 0.804233
63.563564 -0.454085 0.513413 -0.533405 0.868508
63.663664 -0.539399 0.497972 -0.568515 0.928513
63.763764 -0.619378 0.477629 -0.598015 0.984571
63.863864 -0.694261 0.453386 -0.622613 1.036920
63.963964 -0.764322 0.426024 -0.642904 1.085822
64.064064 -0.829845 0.396165 -0.659397 1.131545
64.164164 -0.891042 0.364272 -0.672471 1.174251
64.264264 -0.948093 0.330716 -0.682434 1.214071
64.364364 -1.001137 0.295793 -0.689530 1.251088
64.464464 -1.050300 0.259753 -0.693971 1.285378
64.564565 -1.095719 0.222816 -0.695955 1.317043
64.664665 -1.137484 0.185165 -0.695635 1.346129
64.764765 -1.175690 0.146963 -0.693155 1.372702
64.864865 -1.210527 0.108367 -0.688704 1.396937
64.964965 -1.242123 0.069507 -0.682425 1.418945
65.065065 -1.270542 0.030496 -0.674417 1.438765
65.165165 -1.295878 -0.008563 -0.664786 1.456473
65.265265 -1.318108 -0.047574 -0.653578 1.472017
65.365365 -1.337203 -0.086447 -0.640830 1.485344
65.465465 -1.353191 -0.125093 -0.626609 1.496467
65.565566 -1.366096 -0.163429 -0.610974 1.505395
65.665666 -1.375982 -0.201379 -0.594003 1.512190
65.765766 -1.382867 -0.238864 -0.575752 1.516861
65.865866 -1.386755 -0.275807 -0.556268 1.519406
65.965966 -1.387639 -0.312128 -0.535593 1.519811
66.066066 -1.385538 -0.347752 -0.513780 1.518096
66.166166 -1.380470 -0.382607 -0.490882 1.514282
66.266266 -1.372422 -0.416610 -0.466938 1.508356
66.366366 -1.361384 -0.449681 -0.441992 1.500312
66.466466 -1.347339 -0.481733 -0.416084 1.490139
66.566567 -1.330280 -0.512682 -0.389261 1.477840
66.666667 -1.310191 -0.542436 -0.361566 1.463409
66.766767 -1.287051 -0.570902 -0.333045 1.446841
66.866867 -1.260820 -0.597970 -0.303739 1.428108
66.966967 -1.231447 -0.623520 -0.273692 1.407177
67.067067 -1.198876 -0.647423 -0.242951 1.384011
67.167167 -1.163001 -0.669512 -0.211557 1.358519
67.267267 -1.123712 -0.689606 -0.179560 1.330612
67.367367 -1.080914 -0.707516 -0.147019 1.300219
67.467467 -1.034496 -0.723025 -0.114005 1.267259
67.567568 -0.984309 -0.735866 -0.080595 1.231609
67.667668 -0.930211 -0.745748 -0.046885 1.193160
67.767768 -0.872105 -0.752379 -0.012995 1.151872
67.867868 -0.809842 -0.755382 0.020933 1.107648
67.967968 -0.743218 -0.754274 0.054722 1.060329
68.068068 -0.671986 -0.748437 0.088142 1.009699
68.168168 -0.595866 -0.737097 0.120886 0.955501
68.268268 -0.514600 -0.719321 0.152545 0.897500
68.368368 -0.427968 -0.693954 0.182562 0.835499
68.468468 -0.335714 -0.659336 0.210102 0.769136
68.568569 -0.237705 -0.613219 0.233925 0.698042
68.668669 -0.134252 -0.552680 0.252172 0.622149
68.768769 -0.026529 -0.473552 0.261810 0.541756
68.868869 0.082086 -0.370111 0.257763 0.458435
68.968969 0.182467 -0.234975 0.231020 0.376666
69.069069 0.251450 -0.064157 0.167289 0.308754
69.169169 0.247167 0.120817 0.057453 0.281050
69.269269 0.152996 0.262091 -0.073414 0.312233
69.369369 0.013581 0.333109 -0.186790 0.382147
69.469469 -0.130285 0.353064 -0.272757 0.464785
69.569570 -0.264185 0.343183 -0.336213 0.548277
69.669670 -0.385311 0.316052 -0.383031 0.628543
69.769770 -0.494207 0.278684 -0.417572 0.704465
69.869870 -0.592068 0.235025 -0.442749 0.775762
69.969970 -0.680212 0.187486 -0.460647 0.842636
70.070070 -0.759904 0.137620 -0.472822 0.905513
70.170170 -0.832124 0.086415 -0.480357 0.964697
70.270270 -0.897634 0.034534 -0.484030 1.020404
70.370370 -0.957108 -0.017558 -0.484461 1.072878
70.470470 -1.011096 -0.069524 -0.482130 1.122318
70.570571 -1.059966 -0.121113 -0.477373 1.168795
70.670671 -1.104105 -0.172137 -0.470499 1.212455
70.770771 -1.143889 -0.222456 -0.461784 1.253480
70.870871 -1.179630 -0.271965 -0.451452 1.292014
70.970971 -1.211641 -0.320589 -0.439706 1.328229
71.071071 -1.240117 -0.368253 -0.426692 1.362192
71.171171 -1.265234 -0.414894 -0.412537 1.393966
71.271271 -1.287217 -0.460483 -0.397374 1.423685
71.371371 -1.306232 -0.504986 -0.381309 1.451430
71.471471 -1.322408 -0.548367 -0.364430 1.477253
71.571572 -1.335905 -0.590613 -0.346826 1.501251
71.671672 -1.346844 -0.631704 -0.328573 1.523482
71.771772 -1.355293 -0.671602 -0.309726 1.543955
71.871872 -1.361361 -0.710296 -0.290350 1.562731
71.971972 -1.365136 -0.747769 -0.270498 1.579850
72.072072 -1.366669 -0.783990 -0.250217 1.595316
72.172172 -1.366003 -0.818924 -0.229547 1.609128
72.272272 -1.363164 -0.852531 -0.208526 1.621268
72.372372 -1.358170 -0.884766 -0.187191 1.631710
72.472472 -1.351034 -0.915580 -0.165574 1.640425
72.572573 -1.341819 -0.944959 -0.143718 1.647446
72.672673 -1.330566 -0.972879 -0.121658 1.652786
72.772773 -1.317282 -0.999288 -0.099427 1.656410
72.872873 -1.301981 -1.024140 -0.077059 1.658300
72.972973 -1.284703 -1.047412 -0.054589 1.658467
73.073073 -1.265497 -1.069085 -0.032053 1.656941
73.173173 -1.244425 -1.089154 -0.009485 1.653765
73.273273 -1.221549 -1.107618 0.013081 1.648991
73.373373 -1.196916 -1.124461 0.035612 1.642647
73.473473 -1.170580 -1.139676 0.058076 1.634775
73.573574 -1.142578 -1.153240 0.080440 1.625398
73.673674 -1.112913 -1.165095 0.102670 1.614485
73.773774 -1.081589 -1.175183 0.124729 1.602014
73.873874 -1.048614 -1.183446 0.146580 1.587961
73.973974 -1.013996 -1.189823 0.168182 1.572307
74.074074 -0.977759 -1.194267 0.189496 1.555054
74.174174 -0.939907 -1.196704 0.210478 1.536172
74.274274 -0.900460 -1.197074 0.231081 1.515656
74.374374 -0.859443 -1.195320 0.251260 1.493507
74.474474 -0.816838 -1.191319 0.270952 1.469653
74.574575 -0.772630 -1.184939 0.290089 1.444018
74.674675 -0.726833 -1.176080 0.308605 1.416576
74.774775 -0.679455 -1.164616 0.326422 1.387278
74.874875 -0.630487 -1.150379 0.343447 1.356039
74.974975 -0.579892 -1.133117 0.359554 1.322690
75.075075 -0.527614 -1.112511 0.374585 1.287001
75.175175 -0.473619 -1.088220 0.388358 1.248743
75.275275 -0.417909 -1.059916 0.400684 1.207732
75.375375 -0.360519 -1.027273 0.411354 1.163820
75.475475 -0.301509 -0.989917 0.420118 1.116845
75.575576 -0.240970 -0.947428 0.426686 1.066652
75.675676 -0.179023 -0.899248 0.430672 1.013003
75.775776 -0.115849 -0.844693 0.431582 0.955610
75.875876 -0.051742 -0.782990 0.428816 0.894223
75.975976 0.012843 -0.713192 0.421586 0.828578
76.076076 0.077182 -0.633990 0.408758 0.758276
76.176176 0.140060 -0.543675 0.388709 0.682857
76.276276 0.199346 -0.440095 0.359086 0.601968
76.376376 0.251090 -0.320615 0.316314 0.515649
76.476476 0.287336 -0.182476 0.254676 0.425111
76.576577 0.291078 -0.025820 0.165465 0.335815
76.676677 0.228539 0.132057 0.041286 0.267158
76.776777 0.072129 0.229135 -0.096035 0.258705
76.876877 -0.121757 0.221754 -0.191950 0.317560
76.976977 -0.288676 0.152875 -0.238146 0.404250
77.077077 -0.420142 0.062784 -0.253677 0.494787
77.177177 -0.523754 -0.032156 -0.251991 0.582110
77.277277 -0.606561 -0.126050 -0.240160 0.664441
77.377377 -0.673550 -0.216749 -0.222012 0.741579
77.477477 -0.728200 -0.303508 -0.199780 0.813821
77.577578 -0.772845 -0.386099 -0.174802 0.881430
77.677678 -0.809169 -0.464523 -0.147947 0.944682
77.777778 -0.838514 -0.538925 -0.119826 1.003945
77.877878 -0.861866 -0.609451 -0.090861 1.059481
77.977978 -0.879977 -0.676249 -0.061358 1.111502
78.078078 -0.893527 -0.739514 -0.031552 1.160287
78.178178 -0.903068 -0.799434 -0.001621 1.206080
78.278278 -0.909080 -0.856203 0.028301 1.249124
78.378378 -0.912019 -0.910048 0.058110 1.289707
78.478478 -0.912169 -0.961078 0.087723 1.327938
78.578579 -0.909725 -1.009344 0.117068 1.363848
78.678679 -0.904920 -1.054958 0.146090 1.397555
78.778779 -0.897958 -1.098025 0.174746 1.429169
78.878879 -0.889038 -1.138665 0.203001 1.458820
78.978979 -0.878344 -1.176998 0.230831 1.486639
79.079079 -0.865987 -1.213067 0.258204 1.512658
79.179179 -0.852069 -1.246915 0.285090 1.536911
79.279279 -0.836720 -1.278630 0.311476 1.559491
79.379379 -0.820026 -1.308254 0.337339 1.580433
79.479479 -0.802044 -1.335782 0.362650 1.599720
79.579580 -0.782845 -1.361245 0.387388 1.617376
79.679680 -0.762515 -1.384700 0.411542 1.633460
79.779780 -0.741128 -1.406194 0.435101 1.648019
79.879880 -0.718723 -1.425710 0.458036 1.661026
79.979980 -0.695325 -1.443213 0.480312 1.672436
80.080080 -0.670986 -1.458715 0.501911 1.682256
80.180180 -0.645732 -1.472180 0.522798 1.690444
80.280280 -0.619594 -1.483578 0.542939 1.696963
80.380380 -0.592623 -1.492928 0.562318 1.701833
80.480480 -0.564858 -1.500224 0.580913 1.705051
80.580581 -0.536337 -1.505451 0.598696 1.706598
80.680681 -0.507095 -1.508595 0.615639 1.706463
80.780781 -0.477156 -1.509600 0.631697 1.704586
80.880881 -0.446537 -1.508384 0.646815 1.700878
80.980981 -0.415254 -1.504851 0.660928 1.695240
81.081081 -0.383338 -1.498945 0.673987 1.687615
81.181181 -0.350831 -1.490642 0.685958 1.677985
81.281281 -0.317774 -1.479909 0.696798 1.666325
81.381381 -0.284201 -1.466670 0.706447 1.652561
81.481481 -0.250159 -1.450895 0.714864 1.636676
81.581582 -0.215708 -1.432619 0.722036 1.618722
81.681682 -0.180904 -1.411849 0.727940 1.598731
81.781782 -0.145797 -1.388540 0.732523 1.576671
81.881882 -0.110436 -1.362574 0.735692 1.552432
81.981982 -0.074874 -1.333856 0.737363 1.525936
82.082082 -0.039176 -1.302264 0.737433 1.497076
82.182182 -0.003412 -1.267685 0.735799 1.465755
82.282282 0.032334 -1.230026 0.732363 1.431910
82.382382 0.067970 -1.189157 0.727003 1.395438
82.482482 0.103389 -1.144956 0.719592 1.356255
82.582583 0.138466 -1.097278 0.709982 1.314255
82.682683 0.173051 -1.045932 0.697983 1.269291
82.782783 0.206949 -0.990632 0.683329 1.221114
82.882883 0.239916 -0.931036 0.665693 1.169416
82.982983 0.271655 -0.866811 0.644730 1.113928
83.083083 0.301805 -0.797641 0.620068 1.054420
83.183183 0.329895 -0.723149 0.591246 0.990630
83.283283 0.355232 -0.642747 0.557562 0.922057
83.383383 0.376764 -0.555595 0.517984 0.847906
83.483483 0.392994 -0.460769 0.471201 0.767322
83.583584 0.401694 -0.357302 0.415498 0.679457
83.683684 0.399119 -0.244086 0.348296 0.583253
83.783784 0.378437 -0.120313 0.265593 0.477734
83.883884 0.325665 0.012380 0.161115 0.363550
83.983984 0.208699 0.137849 0.027662 0.251640
84.084084 -0.013408 0.173309 -0.107764 0.204521
84.184184 -0.231218 0.054136 -0.151001 0.281414
84.284284 -0.360805 -0.101067 -0.127677 0.395848
84.384384 -0.436189 -0.244031 -0.083460 0.506732
84.484484 -0.481310 -0.370808 -0.033020 0.608480
84.584585 -0.507713 -0.483431 0.018860 0.701309
84.684685 -0.521588 -0.584220 0.070330 0.786329
84.784785 -0.526549 -0.675063 0.120620 0.864588
84.884885 -0.524913 -0.757447 0.169398 0.936992
84.984985 -0.518201 -0.832492 0.216529 1.004221
85.085085 -0.507502 -0.901102 0.261978 1.066853
85.185185 -0.493588 -0.963966 0.305745 1.125318
85.285285 -0.477054 -1.021671 0.347864 1.180001
85.385385 -0.458383 -1.074753 0.388398 1.231284
85.485485 -0.437954 -1.123658 0.427410 1.279488
85.585586 -0.416047 -1.168713 0.464947 1.324825
85.685686 -0.392884 -1.210173 0.501041 1.367449
85.785786 -0.368655 -1.248283 0.535736 1.407527
85.885886 -0.343524 -1.283258 0.569074 1.445201
85.985986 -0.317624 -1.315280 0.601091 1.480593
86.086086 -0.291068 -1.344494 0.631814 1.513794
86.186186 -0.263962 -1.371068 0.661285 1.544928
86.286286 -0.236411 -1.395214 0.689573 1.574174
86.386386 -0.208493 -1.417073 0.716720 1.601641
86.486486 -0.180273 -1.436731 0.742743 1.627379
86.586587 -0.151809 -1.454275 0.767662 1.651444
86.686687 -0.123154 -1.469789 0.791498 1.673893
86.786787 -0.094355 -1.483329 0.814261 1.694753
86.886887 -0.065456 -1.494960 0.835964 1.714067
86.986987 -0.036498 -1.504789 0.856650 1.731926
87.087087 -0.007520 -1.512903 0.876348 1.748404
87.187187 0.021446 -1.519372 0.895082 1.763554
87.287287 0.050369 -1.524264 0.912878 1.777432
87.387387 0.079221 -1.527615 0.929739 1.790055
87.487487 0.107973 -1.529461 0.945673 1.801445
87.587588 0.136604 -1.529876 0.960713 1.811671
87.687688 0.165090 -1.528906 0.974871 1.820764
87.787788 0.193408 -1.526576 0.988152 1.828739
87.887888 0.221541 -1.522946 1.000581 1.835649
87.987988 0.249474 -1.518083 1.012187 1.841558
88.088088 0.277192 -1.512038 1.022996 1.846515
88.188188 0.304677 -1.504844 1.033016 1.850542
88.288288 0.331912 -1.496515 1.042247 1.853645
88.388388 0.358879 -1.487079 1.050695 1.855844
88.488488 0.385561 -1.476547 1.058357 1.857139
88.588589 0.411935 -1.464922 1.065225 1.857523
88.688689 0.437986 -1.452224 1.071301 1.857006
88.788789 0.463692 -1.438456 1.076577 1.855582
88.888889 0.489036 -1.423634 1.081052 1.853258
88.988989 0.513996 -1.407760 1.084717 1.850025
89.089089 0.538554 -1.390845 1.087568 1.845886
89.189189 0.562698 -1.372921 1.089618 1.840872
89.289289 0.586400 -1.353976 1.090846 1.834955
89.389389 0.609633 -1.334001 1.091232 1.828114
89.489489 0.632382 -1.313020 1.090782 1.820367
89.589590 0.654630 -1.291049 1.089498 1.811727
89.689690 0.676372 -1.268128 1.087400 1.802239
89.789790 0.697599 -1.244288 1.084500 1.791936
89.889890 0.718288 -1.219532 1.080789 1.780814
89.989990 0.738388 -1.193822 1.076219 1.768806
90.090090 0.757846 -1.167115 1.070737 1.755838
90.190190 0.776635 -1.139421 1.064336 1.741911
90.290290 0.794729 -1.110745 1.057003 1.727022
90.390390 0.812082 -1.081075 1.048710 1.711138
90.490490 0.828649 -1.050396 1.039423 1.694223
90.590591 0.844384 -1.018699 1.029113 1.676248
90.690691 0.859228 -0.985965 1.017740 1.657165
90.790791 0.873092 -0.952142 1.005227 1.636870
90.890891 0.885904 -0.917206 0.991523 1.615305
90.990991 0.897611 -0.881161 0.976601 1.592451
91.091091 0.908122 -0.843975 0.960398 1.568230
91.191191 0.917325 -0.805609 0.942833 1.542538
91.291291 0.925129 -0.766046 0.923848 1.515317
91.391391 0.931434 -0.725274 0.903385 1.486504
91.491491 0.936093 -0.683254 0.881344 1.455978
91.591592 0.938968 -0.639963 0.857643 1.423646
91.691692 0.939963 -0.595422 0.832242 1.389491
91.791792 0.938927 -0.549626 0.805063 1.353440
91.891892 0.935695 -0.502576 0.776017 1.315412
91.991992 0.930086 -0.454281 0.745019 1.275337
92.092092 0.921819 -0.404721 0.711911 1.233031
92.192192 0.910580 -0.353887 0.676527 1.188310
92.292292 0.896003 -0.301791 0.638682 1.140970
92.392392 0.877605 -0.248442 0.598134 1.090724
92.492492 0.854875 -0.193902 0.554654 1.037329
92.592593 0.827198 -0.138278 0.507986 0.980524
92.692693 0.793666 -0.081720 0.457749 0.919847
92.792793 0.753108 -0.024487 0.403487 0.854736
92.892893 0.704044 0.032963 0.344704 0.784593
92.992993 0.644386 0.089836 0.280780 0.708619
93.093093 0.571114 0.144691 0.210994 0.625799
93.193193 0.479701 0.194732 0.134633 0.534939
93.293293 0.362776 0.233903 0.051410 0.434696
93.393393 0.208605 0.247382 -0.036114 0.325604
93.493493 0.005791 0.193125 -0.109371 0.222020
93.593594 -0.176298 0.002740 -0.092713 0.199209
93.693694 -0.197430 -0.208219 0.019105 0.287575
93.793794 -0.135825 -0.348070 0.132313 0.396369
93.893894 -0.052670 -0.439077 0.228241 0.497651
93.993994 0.034762 -0.499749 0.308730 0.588449
94.094094 0.120999 -0.540021 0.376732 0.669470
94.194194 0.204064 -0.565729 0.434621 0.742015
94.294294 0.283217 -0.580508 0.484130 0.807207
94.394394 0.358186 -0.586705 0.526482 0.865853
94.494494 0.428890 -0.585939 0.562580 0.918568
94.594595 0.495380 -0.579440 0.593164 0.965917
94.694695 0.557746 -0.568152 0.618829 1.008378
94.794795 0.616055 -0.552764 0.640013 1.046274
94.894895 0.670399 -0.533853 0.657098 1.079912
94.994995 0.720851 -0.511873 0.670385 1.109530
95.095095 0.767462 -0.487199 0.680120 1.135308
95.195195 0.810284 -0.460150 0.686515 1.157411
95.295295 0.849348 -0.430998 0.689744 1.175967
95.395395 0.884630 -0.399956 0.689918 1.191017
95.495495 0.916095 -0.367217 0.687133 1.202593
95.595596 0.943699 -0.332959 0.681467 1.210713
95.695696 0.967334 -0.297329 0.672953 1.215321
95.795796 0.986827 -0.260454 0.661574 1.216283
95.895896 1.002001 -0.222467 0.647315 1.213472
95.995996 1.012738 -0.183522 0.630205 1.206845
96.096096 1.018903 -0.143775 0.610266 1.196352
96.196196 1.020407 -0.103396 0.587550 1.182005
96.296296 1.017177 -0.062564 0.562124 1.163850
96.396396 1.009001 -0.021456 0.533981 1.141788
96.496496 0.995693 0.019734 0.503137 1.115769
96.596597 0.977070 0.060791 0.469624 1.085776
96.696697 0.952734 0.101462 0.433383 1.051578
96.796797 0.922143 0.141435 0.394316 1.012835
96.896897 0.884646 0.180313 0.352315 0.969142
96.996997 0.839471 0.217589 0.307280 0.920042
97.097097 0.785649 0.252578 0.259104 0.864971
97.197197 0.722033 0.284367 0.207729 0.803335
97.297297 0.647198 0.311669 0.153166 0.734482
97.397397 0.559110 0.332488 0.095526 0.657477
97.497497 0.454750 0.343446 0.035212 0.570957
97.597598 0.329680 0.338357 -0.026469 0.473154
97.697698 0.177682 0.304304 -0.085216 0.362538
97.797798 -0.004951 0.209469 -0.124431 0.243690
97.897898 -0.156231 -0.007034 -0.076655 0.174166
97.997998 -0.104325 -0.218457 0.073182 0.252909
98.098098 0.028651 -0.312345 0.196536 0.370144
98.198198 0.160309 -0.346713 0.284579 0.476334
98.298298 0.279189 -0.351147 0.348601 0.568131
98.398398 0.384553 -0.338095 0.395464 0.646978
98.498498 0.477210 -0.313725 0.429174 0.714383
98.598599 0.558077 -0.281558 0.452255 0.771530
98.698699 0.627964 -0.243843 0.466433 0.819365
98.798799 0.687538 -0.202131 0.472954 0.858634
98.898899 0.737283 -0.157546 0.472724 0.889874
98.998999 0.777607 -0.110968 0.466466 0.913552
99.099099 0.808792 -0.063110 0.454739 0.930008
99.199199 0.830914 -0.014570 0.437931 0.939369
99.299299 0.843981 0.034101 0.416367 0.941716
99.399399 0.847933 0.082375 0.390323 0.937085
99.499499 0.842541 0.129710 0.359995 0.925363
99.599600 0.827378 0.175506 0.325513 0.906264
99.699700 0.801846 0.219066 0.286974 0.879375
99.799800 0.765246 0.259559 0.244497 0.844246
99.899900 0.716708 0.295955 0.198235 0.800348
100.000000 0.655061 0.326874 0.148384 0.746973
