0.000000 0.372754 -0.865755 -0.214619 0.966716
0.100100 0.443997 -0.830557 -0.234926 0.970644
0.200200 0.511694 -0.788825 -0.253367 0.973791
0.300300 0.575358 -0.740960 -0.269819 0.976146
0.400400 0.634524 -0.687379 -0.284171 0.977683
0.500501 0.688783 -0.628550 -0.296331 0.978422
0.600601 0.737745 -0.564953 -0.306220 0.978371
0.700701 0.780977 -0.497031 -0.313736 0.977444
0.800801 0.818087 -0.425269 -0.318799 0.975579
0.900901 0.848769 -0.350221 -0.321363 0.972799
1.001001 0.872712 -0.272446 -0.321381 0.969091
1.101101 0.889645 -0.192535 -0.318823 0.964462
1.201201 0.899381 -0.111116 -0.313690 0.958975
1.301301 0.901721 -0.028835 -0.305983 0.952659
1.401401 0.896414 0.053637 -0.295687 0.945444
1.501502 0.883272 0.135589 -0.282812 0.937303
1.601602 0.862141 0.216259 -0.267385 0.928197
1.701702 0.832926 0.294848 -0.249456 0.918112
1.801802 0.795751 0.370564 -0.229149 0.907219
1.901902 0.750855 0.442629 -0.206624 0.895766
2.002002 0.698456 0.510206 -0.182041 0.883906
2.102102 0.638724 0.572356 -0.155554 0.871640
2.202202 0.571875 0.628048 -0.127342 0.858895
2.302302 0.498272 0.676234 -0.097636 0.845636
2.402402 0.418489 0.715935 -0.066728 0.831954
2.502503 0.333263 0.746203 -0.034965 0.817989
2.602603 0.243492 0.766148 -0.002740 0.803914
2.702703 0.150213 0.774830 0.029501 0.789807
2.802803 0.054654 0.771420 0.061260 0.775777
2.902903 -0.041733 0.755434 0.091998 0.762159
3.003003 -0.137341 0.726572 0.121147 0.749297
3.103103 -0.230412 0.684668 0.148096 0.737423
3.203203 -0.319013 0.629719 0.172197 0.726613
3.303303 -0.401177 0.562211 0.192839 0.717085
3.403403 -0.474986 0.483116 0.209477 0.709150
3.503504 -0.538569 0.393720 0.221616 0.702984
3.603604 -0.590166 0.295653 0.228832 0.698621
3.703704 -0.628254 0.190895 0.230817 0.696003
3.803804 -0.651654 0.081745 0.227414 0.695019
3.903904 -0.659548 -0.029283 0.218607 0.695450
4.004004 -0.651610 -0.139547 0.204558 0.697075
4.104104 -0.628039 -0.246406 0.185607 0.699713
4.204204 -0.589706 -0.347428 0.162299 0.703420
4.304304 -0.537938 -0.440481 0.135299 0.708312
4.404404 -0.474290 -0.523751 0.105316 0.714393
4.504505 -0.400583 -0.595854 0.073105 0.721701
4.604605 -0.318730 -0.655768 0.039416 0.730188
4.704705 -0.230684 -0.702851 0.004970 0.739756
4.804805 -0.138346 -0.736718 -0.029554 0.750178
4.904905 -0.043541 -0.757223 -0.063528 0.761129
5.005005 0.051980 -0.764615 -0.096389 0.772417
5.105105 0.146605 -0.759414 -0.127649 0.783898
5.205205 0.238881 -0.742269 -0.156888 0.795387
5.305305 0.327527 -0.713972 -0.183755 0.806719
5.405405 0.411439 -0.675455 -0.207976 0.817787
5.505506 0.489645 -0.627657 -0.229322 0.828429
5.605606 0.561320 -0.571557 -0.247617 0.838494
5.705706 0.625868 -0.508258 -0.262774 0.847990
5.805806 0.682841 -0.438864 -0.274755 0.856951
5.905906 0.731792 -0.364371 -0.283516 0.865256
6.006006 0.772319 -0.285735 -0.289017 0.872727
6.106106 0.804100 -0.203916 -0.291251 0.879197
6.206206 0.826905 -0.119870 -0.290239 0.884522
6.306306 0.840744 -0.034567 -0.286085 0.888758
6.406406 0.845621 0.051053 -0.278886 0.891885
6.506507 0.841496 0.136081 -0.268724 0.893782
6.606607 0.828440 0.219615 -0.255714 0.894390
6.706707 0.806625 0.300779 -0.240006 0.893708
6.806807 0.776296 0.378715 -0.221770 0.891764
6.906907 0.737708 0.452566 -0.201180 0.888540
7.007007 0.691159 0.521474 -0.178426 0.884009
7.107107 0.637080 0.584641 -0.153734 0.878242
7.207207 0.575991 0.641304 -0.127357 0.871353
7.307307 0.508424 0.690679 -0.099556 0.863390
7.407407 0.434990 0.731995 -0.070615 0.854412
7.507508 0.356393 0.764517 -0.040847 0.844494
7.607608 0.273443 0.787575 -0.010593 0.833762
7.707708 0.187030 0.800485 0.019777 0.822282
7.807808 0.098170 0.802677 0.049863 0.810194
7.907908 0.007999 0.793645 0.079231 0.797630
8.008008 -0.082229 0.772918 0.107411 0.784666
8.108108 -0.171117 0.740199 0.133903 0.771431
8.208208 -0.257166 0.695471 0.158202 0.758184
8.308308 -0.338790 0.638967 0.179797 0.745241
8.408408 -0.414215 0.570935 0.198120 0.732661
8.508509 -0.481586 0.491925 0.212604 0.720497
8.608609 -0.539152 0.403001 0.222770 0.709029
8.708709 -0.585201 0.305565 0.228186 0.698498
8.808809 -0.618064 0.201332 0.228470 0.689011
8.908909 -0.636414 0.092447 0.223398 0.680791
9.009009 -0.639243 -0.018613 0.212885 0.674017
9.109109 -0.625936 -0.129132 0.197006 0.668792
9.209209 -0.596318 -0.236208 0.176001 0.665106
9.309309 -0.550753 -0.336898 0.150296 0.662886
9.409409 -0.490416 -0.428488 0.120568 0.662304
9.509510 -0.416943 -0.508522 0.087617 0.663410
9.609610 -0.332377 -0.574951 0.052344 0.666171
9.709710 -0.239131 -0.626268 0.015713 0.670553
9.809810 -0.139797 -0.661528 -0.021306 0.676474
9.909910 -0.037025 -0.680298 -0.057778 0.683750
10.010010 0.066604 -0.682498 -0.092828 0.691995
10.110110 0.168637 -0.668689 -0.125688 0.700986
10.210210 0.266875 -0.639980 -0.155736 0.710669
10.310310 0.359388 -0.597646 -0.182454 0.720853
10.410410 0.444587 -0.543212 -0.205465 0.731404
10.510511 0.521174 -0.478323 -0.224503 0.742170
10.610611 0.588132 -0.404648 -0.239398 0.752962
10.710711 0.644673 -0.323861 -0.250059 0.763556
10.810811 0.690258 -0.237613 -0.256475 0.773754
10.910911 0.724567 -0.147533 -0.258706 0.783385
11.011011 0.747396 -0.055161 -0.256843 0.792219
11.111111 0.758844 0.038010 -0.251072 0.800204
11.211211 0.759073 0.130571 -0.241595 0.807223
11.311311 0.748328 0.221199 -0.228630 0.813140
11.411411 0.727013 0.308653 -0.212441 0.817891
11.511512 0.695636 0.391787 -0.193316 0.821449
11.611612 0.654858 0.469574 -0.171585 0.823881
11.711712 0.605314 0.541014 -0.147562 0.825152
11.811812 0.547623 0.605105 -0.121561 0.825118
11.911912 0.482482 0.660888 -0.093913 0.823639
12.012012 0.410753 0.707568 -0.064992 0.820729
12.112112 0.333366 0.744393 -0.035186 0.816389
12.212212 0.251310 0.770671 -0.004900 0.810626
12.312312 0.165688 0.785839 0.025437 0.803519
12.412412 0.077657 0.789313 0.055377 0.795055
12.512513 -0.011518 0.780536 0.084436 0.785174
12.612613 -0.100441 0.758991 0.112093 0.773770
12.712713 -0.187571 0.724375 0.137799 0.760849
12.812813 -0.271202 0.676526 0.160963 0.746423
12.912913 -0.349465 0.615482 0.180961 0.730542
13.013013 -0.420421 0.541713 0.197190 0.713506
13.113113 -0.481960 0.455951 0.209016 0.695603
13.213213 -0.531714 0.359172 0.215746 0.676957
13.313313 -0.567247 0.252907 0.216718 0.657798
13.413413 -0.586232 0.139380 0.211379 0.638574
13.513514 -0.586535 0.021530 0.199317 0.619850
13.613614 -0.566229 -0.096943 0.180265 0.602087
13.713714 -0.524071 -0.211546 0.154269 0.585834
13.813814 -0.459827 -0.317081 0.121788 0.571676
13.913914 -0.374788 -0.408145 0.083813 0.560422
14.014014 -0.272037 -0.479771 0.041892 0.553118
14.114114 -0.156007 -0.527796 -0.002055 0.550373
14.214214 -0.032285 -0.549605 -0.045881 0.552461
14.314314 0.092979 -0.544590 -0.087456 0.559350
14.414414 0.213843 -0.513921 -0.124904 0.570477
14.514515 0.325201 -0.460392 -0.156799 0.585066
14.614615 0.423158 -0.387881 -0.182231 0.602265
14.714715 0.505138 -0.300709 -0.200781 0.621211
14.814815 0.569701 -0.203172 -0.212409 0.641058
14.914915 0.616412 -0.099263 -0.217380 0.661113
15.015015 0.645666 0.007450 -0.216195 0.680941
15.115115 0.658164 0.113950 -0.209403 0.700010
15.215215 0.655058 0.217734 -0.197646 0.718034
15.315315 0.637576 0.316704 -0.181556 0.734688
15.415415 0.606966 0.409123 -0.161731 0.749631
15.515516 0.564709 0.493651 -0.138806 0.762794
15.615616 0.512139 0.569112 -0.113352 0.773966
15.715716 0.450635 0.634591 -0.085926 0.783046
15.815816 0.381586 0.689372 -0.057069 0.789999
15.915916 0.306302 0.732802 -0.027289 0.794710
16.016016 0.226134 0.764434 0.002915 0.797185
16.116116 0.142435 0.783970 0.033057 0.797490
16.216216 0.056527 0.791052 0.062657 0.795541
16.316316 -0.030239 0.785486 0.091238 0.791345
16.416416 -0.116466 0.767290 0.118335 0.785049
16.516517 -0.200717 0.736453 0.143463 0.776680
16.616617 -0.281488 0.693069 0.166126 0.766275
16.716717 -0.357200 0.637396 0.185822 0.753920
16.816817 -0.426136 0.569777 0.202007 0.739625
16.916917 -0.486464 0.490769 0.214124 0.723430
17.017017 -0.536223 0.401216 0.221601 0.705420
17.117117 -0.573311 0.302294 0.223853 0.685695
17.217217 -0.595633 0.195693 0.220351 0.664552
17.317317 -0.601068 0.083661 0.210613 0.642370
17.417417 -0.587457 -0.030893 0.194216 0.619499
17.517518 -0.553033 -0.144219 0.170951 0.596547
17.617618 -0.496706 -0.251676 0.140932 0.574386
17.717718 -0.418387 -0.347812 0.104691 0.554059
17.817818 -0.319279 -0.426415 0.063274 0.536444
17.917918 -0.202472 -0.481085 0.018380 0.522279
18.018018 -0.073442 -0.506269 -0.027577 0.512311
18.118118 0.060242 -0.498549 -0.071703 0.507269
18.218218 0.189871 -0.457814 -0.111058 0.507916
18.318318 0.307083 -0.387191 -0.143155 0.514499
18.418418 0.405025 -0.292263 -0.166268 0.526411
18.518519 0.479126 -0.180086 -0.179590 0.542444
18.618619 0.527299 -0.058116 -0.183188 0.561231
18.718719 0.549614 0.066752 -0.177798 0.581501
18.818819 0.547666 0.188708 -0.164555 0.602185
18.918919 0.523963 0.303192 -0.144773 0.622432
19.019019 0.481426 0.406785 -0.119787 0.641556
19.119119 0.423117 0.497048 -0.090876 0.659048
19.219219 0.352150 0.572430 -0.059248 0.674682
19.319319 0.271398 0.631855 -0.025979 0.688166
19.419419 0.183532 0.674651 0.007964 0.699215
19.519520 0.091101 0.700530 0.041695 0.707658
19.619620 -0.003491 0.709512 0.074408 0.713411
19.719720 -0.097961 0.701946 0.105372 0.716539
19.819820 -0.190148 0.678352 0.133914 0.717112
19.919920 -0.277974 0.639389 0.159405 0.715191
20.020020 -0.359357 0.585759 0.181217 0.710697
20.120120 -0.432319 0.518505 0.198792 0.703751
20.220220 -0.494910 0.438923 0.211611 0.694528
20.320320 -0.545079 0.348424 0.219128 0.683028
20.420420 -0.580773 0.248772 0.220836 0.669293
20.520521 -0.600052 0.142183 0.216313 0.653506
20.620621 -0.601233 0.031403 0.205275 0.636085
20.720721 -0.582758 -0.080291 0.187538 0.617433
20.820821 -0.543370 -0.188978 0.163084 0.597963
20.920921 -0.482479 -0.290043 0.132191 0.578261
21.021021 -0.400444 -0.378219 0.095523 0.559044
21.121121 -0.298917 -0.447757 0.054229 0.541090
21.221221 -0.181480 -0.493207 0.010075 0.525633
21.321321 -0.053691 -0.510072 -0.034607 0.514056
21.421421 0.077283 -0.495309 -0.077095 0.507195
21.521522 0.203123 -0.448367 -0.114536 0.505382
21.621622 0.315558 -0.371953 -0.144430 0.508711
21.721722 0.407608 -0.271550 -0.164998 0.516825
21.821822 0.474589 -0.154409 -0.175415 0.529006
21.921922 0.514427 -0.028402 -0.175796 0.544377
22.022022 0.527199 0.099139 -0.166923 0.561810
22.122122 0.514757 0.221978 -0.150063 0.580317
22.222222 0.480166 0.335305 -0.126742 0.599210
22.322322 0.427036 0.435711 -0.098524 0.617989
22.422422 0.358997 0.520910 -0.066867 0.636158
22.522523 0.279384 0.589282 -0.033057 0.652994
22.622623 0.191331 0.639810 0.001747 0.667807
22.722723 0.097863 0.672148 0.036493 0.680215
22.822823 0.001790 0.686377 0.070246 0.689964
22.922923 -0.094299 0.682977 0.102183 0.696987
23.023023 -0.187995 0.662582 0.131563 0.701189
23.123123 -0.276986 0.625797 0.157670 0.702284
23.223223 -0.358979 0.573350 0.179809 0.699948
23.323323 -0.431751 0.506287 0.197341 0.694031
23.423423 -0.493052 0.425887 0.209641 0.684419
23.523524 -0.540661 0.333757 0.216129 0.671133
23.623624 -0.572548 0.232016 0.216343 0.654559
23.723724 -0.586576 0.123152 0.209820 0.635029
23.823824 -0.580652 0.010211 0.196172 0.612980
23.923924 -0.552963 -0.102977 0.175184 0.589119
24.024024 -0.502151 -0.211707 0.146887 0.564403
24.124124 -0.427401 -0.310119 0.111610 0.539724
24.224224 -0.329071 -0.391141 0.070205 0.515953
24.324324 -0.209870 -0.446960 0.024389 0.494382
24.424424 -0.075635 -0.470183 -0.023116 0.476788
24.524525 0.064457 -0.455588 -0.068685 0.465223
24.624625 0.198812 -0.401706 -0.108271 0.461104
24.724725 0.315444 -0.312179 -0.138222 0.464829
24.824825 0.404851 -0.195632 -0.156236 0.476010
24.924925 0.461963 -0.063341 -0.161772 0.493551
25.025025 0.485970 0.073619 -0.155703 0.515587
25.125125 0.479306 0.206067 -0.139792 0.540129
25.225225 0.446245 0.327267 -0.116173 0.565451
25.325325 0.391789 0.432875 -0.086973 0.590291
25.425425 0.321023 0.520539 -0.054145 0.613961
25.525526 0.238522 0.589222 -0.019332 0.635963
25.625626 0.148236 0.638686 0.016112 0.655861
25.725726 0.053538 0.669072 0.051070 0.673151
25.825826 -0.042626 0.680943 0.084610 0.687502
25.925926 -0.137673 0.675316 0.115968 0.698895
26.026026 -0.229287 0.653073 0.144457 0.707068
26.126126 -0.315332 0.615091 0.169451 0.711677
26.226226 -0.393868 0.562561 0.190419 0.712648
26.326326 -0.463160 0.496907 0.206927 0.710108
26.426426 -0.521572 0.419666 0.218582 0.704227
26.526527 -0.567400 0.332384 0.224973 0.695007
26.626627 -0.598918 0.236805 0.225698 0.682436
26.726727 -0.614347 0.134958 0.220370 0.666483
26.826827 -0.611913 0.029286 0.208645 0.647169
26.926927 -0.590127 -0.077209 0.190332 0.624850
27.027027 -0.547569 -0.180847 0.165334 0.599894
27.127127 -0.482972 -0.277033 0.133699 0.572612
27.227227 -0.395912 -0.360109 0.095869 0.543706
27.327327 -0.287326 -0.423275 0.052861 0.514307
27.427427 -0.160332 -0.458796 0.006520 0.486048
27.527528 -0.021328 -0.458892 -0.040199 0.461143
27.627628 0.119221 -0.417582 -0.083164 0.442159
27.727728 0.247258 -0.333636 -0.117524 0.431580
27.827828 0.348089 -0.213247 -0.138980 0.431226
27.927928 0.410582 -0.069384 -0.145130 0.440970
28.028028 0.430255 0.081877 -0.136128 0.458644
28.128128 0.409756 0.225747 -0.114390 0.481608
28.228228 0.356289 0.351725 -0.083420 0.507554
28.328328 0.278514 0.453969 -0.046732 0.534641
28.428428 0.184554 0.530060 -0.007304 0.561317
28.528529 0.081290 0.579651 0.032515 0.586226
28.628629 -0.025596 0.603735 0.070918 0.608425
28.728729 -0.131521 0.604355 0.106576 0.627616
28.828829 -0.232883 0.583984 0.138534 0.643788
28.928929 -0.326822 0.545025 0.166079 0.656846
29.029029 -0.411002 0.489840 0.188670 0.666680
29.129129 -0.483478 0.420759 0.205894 0.673187
29.229229 -0.542631 0.340137 0.217450 0.676332
29.329329 -0.587137 0.250388 0.223141 0.676177
29.429429 -0.615891 0.153980 0.222853 0.672826
29.529530 -0.627952 0.053462 0.216530 0.666384
29.629630 -0.622546 -0.048474 0.204192 0.656968
29.729730 -0.599138 -0.148932 0.185957 0.644769
29.829830 -0.557365 -0.244730 0.162032 0.629923
29.929930 -0.497139 -0.332314 0.132754 0.612539
30.030030 -0.419050 -0.407828 0.098719 0.593019
30.130130 -0.324524 -0.467172 0.060830 0.572071
30.230230 -0.215925 -0.505999 0.020329 0.550520
30.330330 -0.096865 -0.519871 -0.021111 0.529239
30.430430 0.027371 -0.504971 -0.061320 0.509416
30.530531 0.149663 -0.458542 -0.097622 0.492128
30.630631 0.261257 -0.380027 -0.127017 0.478340
30.730731 0.352819 -0.272686 -0.146705 0.469426
30.830831 0.416079 -0.143634 -0.154642 0.466548
30.930931 0.445716 -0.003014 -0.150086 0.470316
31.031031 0.440664 0.137885 -0.133845 0.480740
31.131131 0.404104 0.269050 -0.108021 0.497349
31.231231 0.341719 0.383136 -0.075282 0.518876
31.331331 0.260109 0.475831 -0.038290 0.543634
31.431431 0.165819 0.545493 0.000585 0.570139
31.531532 0.064505 0.592242 0.039455 0.597050
31.631632 -0.039198 0.617419 0.076901 0.623423
31.731732 -0.141689 0.623094 0.111927 0.648729
31.831832 -0.240277 0.611580 0.143867 0.672652
31.931932 -0.333006 0.585161 0.172300 0.694978
32.032032 -0.418455 0.545981 0.196970 0.715539
32.132132 -0.495549 0.495939 0.217710 0.734113
32.232232 -0.563510 0.436795 0.234443 0.750531
32.332332 -0.621829 0.370216 0.247167 0.764737
32.432432 -0.670082 0.297689 0.255896 0.776603
32.532533 -0.707927 0.220579 0.260654 0.785975
32.632633 -0.735158 0.140206 0.261509 0.792781
32.732733 -0.751565 0.057814 0.258517 0.796884
32.832833 -0.757084 -0.025374 0.251785 0.798258
32.932933 -0.751699 -0.108147 0.241432 0.796892
33.033033 -0.735412 -0.189305 0.227582 0.792755
33.133133 -0.708268 -0.267614 0.210378 0.785824
33.233233 -0.670201 -0.341734 0.189936 0.775904
33.333333 -0.621230 -0.410228 0.166410 0.762828
33.433433 -0.561506 -0.471545 0.140012 0.746489
33.533534 -0.491320 -0.523990 0.111014 0.726832
33.633634 -0.411193 -0.565723 0.079781 0.703909
33.733734 -0.321785 -0.594530 0.046764 0.677642
33.833834 -0.224080 -0.607784 0.012563 0.647898
33.933934 -0.119729 -0.602653 -0.021972 0.614824
34.034034 -0.011295 -0.576201 -0.055679 0.578995
34.134134 0.097412 -0.525387 -0.086963 0.541372
34.234234 0.200794 -0.447365 -0.113650 0.503358
34.334334 0.290785 -0.340446 -0.132854 0.467022
34.434434 0.356517 -0.205912 -0.141055 0.435202
34.534535 0.385279 -0.050746 -0.134704 0.411291
34.634635 0.366740 0.110134 -0.111869 0.398927
34.734735 0.299097 0.256039 -0.074078 0.400628
34.834835 0.191756 0.368170 -0.026434 0.415955
34.934935 0.061341 0.436832 0.024477 0.441796
35.035035 -0.075561 0.462280 0.073107 0.474085
35.135135 -0.206717 0.450581 0.115972 0.509121
35.235235 -0.324609 0.409451 0.151342 0.543991
35.335335 -0.425269 0.346346 0.178654 0.576825
35.435435 -0.507091 0.267781 0.198039 0.606685
35.535536 -0.569839 0.179085 0.209969 0.633146
35.635636 -0.614070 0.084543 0.215073 0.656114
35.735736 -0.640585 -0.012434 0.213974 0.675491
35.835836 -0.650148 -0.109062 0.207213 0.691032
35.935936 -0.643669 -0.202975 0.195343 0.702614
36.036036 -0.622192 -0.292125 0.178924 0.710263
36.136136 -0.586859 -0.374732 0.158524 0.714113
36.236236 -0.538735 -0.449115 0.134675 0.714197
36.336336 -0.478843 -0.513623 0.107891 0.710450
36.436436 -0.408318 -0.566643 0.078720 0.702854
36.536537 -0.328430 -0.606567 0.047754 0.691426
36.636637 -0.240660 -0.631791 0.015657 0.676256
36.736737 -0.146752 -0.640684 -0.016817 0.657491
36.836837 -0.048798 -0.631486 -0.048783 0.635244
36.936937 0.050588 -0.602236 -0.079161 0.609519
37.037037 0.148006 -0.551182 -0.106627 0.580583
37.137137 0.238963 -0.476803 -0.129514 0.548833
37.237237 0.317590 -0.378343 -0.145772 0.515030
37.337337 0.376366 -0.256750 -0.152972 0.480596
37.437437 0.406015 -0.115833 -0.148390 0.447533
37.537538 0.396487 0.035645 -0.129553 0.418636
37.637638 0.340244 0.182299 -0.095516 0.397646
37.737738 0.237502 0.303472 -0.048484 0.388398
37.837838 0.099866 0.379812 0.005646 0.392762
37.937938 -0.052271 0.401958 0.059054 0.409622
38.038038 -0.198233 0.373229 0.105137 0.435488
38.138138 -0.323610 0.304812 0.140206 0.466146
38.238238 -0.421316 0.209842 0.163235 0.498183
38.338338 -0.489491 0.099895 0.174796 0.529277
38.438438 -0.528961 -0.016052 0.176091 0.557732
38.538539 -0.541853 -0.131279 0.168529 0.582444
38.638639 -0.530924 -0.240779 0.153555 0.602855
38.738739 -0.498926 -0.340729 0.132485 0.618527
38.838839 -0.448640 -0.428185 0.106561 0.629266
38.938939 -0.383024 -0.500990 0.076997 0.635317
39.039039 -0.304844 -0.557292 0.044915 0.636806
39.139139 -0.216784 -0.595435 0.011386 0.633773
39.239239 -0.121648 -0.613954 -0.022494 0.626294
39.339339 -0.022433 -0.611499 -0.055580 0.614430
39.439439 0.077500 -0.586903 -0.086622 0.598302
39.539540 0.174300 -0.539383 -0.114245 0.578244
39.639640 0.263416 -0.468572 -0.136881 0.554693
39.739740 0.339302 -0.374628 -0.152685 0.528001
39.839840 0.395296 -0.259099 -0.159576 0.498854
39.939940 0.423926 -0.126009 -0.155459 0.468784
40.040040 0.417475 0.017066 -0.138523 0.440188
40.140140 0.369259 0.157895 -0.107785 0.415813
40.240240 0.277158 0.279376 -0.064297 0.398750
40.340340 0.147743 0.362668 -0.012212 0.391798
40.440440 -0.002743 0.393950 0.041585 0.396148
40.540541 -0.153026 0.370399 0.089654 0.410670
40.640641 -0.284452 0.300241 0.126575 0.432526
40.740741 -0.385548 0.197524 0.149945 0.458417
40.840841 -0.451729 0.076592 0.159701 0.485211
40.940941 -0.483034 -0.050463 0.157106 0.510441
41.041041 -0.482290 -0.174318 0.144072 0.532679
41.141141 -0.453585 -0.288153 0.122676 0.551200
41.241241 -0.401332 -0.387080 0.094907 0.565602
41.341341 -0.329878 -0.467487 0.062596 0.575571
41.441441 -0.243448 -0.526639 0.027447 0.580834
41.541542 -0.146283 -0.562466 -0.008901 0.581245
41.641642 -0.042706 -0.573399 -0.044835 0.576733
41.741742 0.062725 -0.558307 -0.078705 0.567306
41.841842 0.165016 -0.516347 -0.108747 0.552875
41.941942 0.258537 -0.447412 -0.133058 0.533595
42.042042 0.336862 -0.352566 -0.149588 0.510054
42.142142 0.392389 -0.234274 -0.156037 0.482909
42.242242 0.416446 -0.097636 -0.150017 0.453282
42.342342 0.399986 0.047943 -0.129459 0.423139
42.442442 0.335735 0.187099 -0.093505 0.395559
42.542543 0.222707 0.298159 -0.044061 0.374751
42.642643 0.072004 0.357738 0.012729 0.365134
42.742743 -0.091788 0.351449 0.067120 0.369387
42.842843 -0.239666 0.282718 0.109717 0.386532
42.942943 -0.350994 0.169822 0.135474 0.412782
43.043043 -0.417932 0.034773 0.144028 0.443419
43.143143 -0.441967 -0.104321 0.137747 0.474544
43.243243 -0.428987 -0.234982 0.119899 0.503609
43.343343 -0.385845 -0.349316 0.093600 0.528828
43.443443 -0.319385 -0.442693 0.061629 0.549347
43.543544 -0.236021 -0.512747 0.026386 0.565077
43.643644 -0.141334 -0.558223 -0.010126 0.575926
43.743744 -0.040277 -0.578482 -0.046176 0.581718
43.843844 0.062504 -0.573362 -0.080185 0.582306
43.943944 0.162479 -0.543074 -0.110654 0.577557
44.044044 0.255030 -0.488273 -0.136097 0.567426
44.144144 0.335399 -0.410364 -0.155062 0.552209
44.244244 0.398433 -0.311494 -0.166038 0.532302
44.344344 0.438391 -0.194836 -0.167424 0.508113
44.444444 0.449061 -0.065472 -0.157657 0.480415
44.544545 0.424029 0.068699 -0.135396 0.450391
44.644645 0.358058 0.195711 -0.100118 0.420157
44.744745 0.250044 0.299025 -0.053158 0.393400
44.844845 0.106718 0.358943 0.001189 0.374473
44.944945 -0.053851 0.358995 0.055151 0.367177
45.045045 -0.204838 0.295827 0.099367 0.373290
45.145145 -0.321798 0.182803 0.127003 0.391281
45.245245 -0.392034 0.042558 0.136129 0.417173
45.345345 -0.414720 -0.103387 0.128688 0.446366
45.445445 -0.396037 -0.239430 0.108368 0.475306
45.545546 -0.344561 -0.355942 0.079044 0.501662
45.645646 -0.268942 -0.447757 0.044156 0.524181
45.745746 -0.176926 -0.512424 0.006561 0.542148
45.845846 -0.075200 -0.549104 -0.031408 0.555119
45.945946 0.030326 -0.558056 -0.067792 0.562976
46.046046 0.134344 -0.539933 -0.100875 0.565466
46.146146 0.231844 -0.495837 -0.129087 0.562378
46.246246 0.317933 -0.427525 -0.150964 0.553759
46.346346 0.387575 -0.337299 -0.165053 0.539655
46.446446 0.435450 -0.228342 -0.169894 0.520212
46.546547 0.456021 -0.105312 -0.164108 0.495961
46.646647 0.443495 0.025036 -0.146444 0.467719
46.746747 0.392309 0.152747 -0.116062 0.436702
46.846847 0.299056 0.263415 -0.073303 0.405211
46.946947 0.166076 0.338018 -0.020917 0.377193
47.047047 0.006314 0.356038 0.034628 0.357774
47.147147 -0.153985 0.304753 0.083200 0.351437
47.247247 -0.282578 0.190773 0.114647 0.359706
47.347347 -0.357030 0.039525 0.124053 0.380029
47.447447 -0.372875 -0.119010 0.113014 0.407396
47.547548 -0.338529 -0.262206 0.086692 0.436886
47.647648 -0.267007 -0.377168 0.050792 0.464896
47.747748 -0.170976 -0.457941 0.010185 0.488924
47.847848 -0.061310 -0.502613 -0.031277 0.507303
47.947948 0.052772 -0.511577 -0.070537 0.519106
48.048048 0.163358 -0.486546 -0.105114 0.523891
48.148148 0.263371 -0.430159 -0.132901 0.521597
48.248248 0.346224 -0.345907 -0.152046 0.512485
48.348348 0.405608 -0.238397 -0.160904 0.497234
48.448448 0.435078 -0.113571 -0.157923 0.476582
48.548549 0.428334 0.020396 -0.141829 0.451666
48.648649 0.379941 0.151915 -0.111992 0.424235
48.748749 0.286993 0.264939 -0.069092 0.396651
48.848849 0.153283 0.339292 -0.016487 0.372675
48.948949 -0.006100 0.354889 0.038681 0.357043
49.049049 -0.163806 0.301431 0.086157 0.353717
49.149149 -0.288852 0.187689 0.116437 0.363621
49.249249 -0.360857 0.038780 0.125262 0.383943
49.349349 -0.375953 -0.116951 0.114261 0.409968
49.449449 -0.341905 -0.258003 0.088260 0.437327
49.549550 -0.270852 -0.371613 0.052658 0.462850
49.649650 -0.174942 -0.451516 0.012181 0.484376
49.749750 -0.065030 -0.495692 -0.029312 0.500798
49.849850 0.049571 -0.504672 -0.068749 0.511740
49.949950 0.160884 -0.480158 -0.103624 0.516888
50.050050 0.261693 -0.424472 -0.131751 0.515770
50.150150 0.345149 -0.340820 -0.151160 0.508070
50.250250 0.404585 -0.233659 -0.160071 0.493870
50.350350 0.433353 -0.109046 -0.156876 0.473599
50.450450 0.424969 0.024579 -0.140266 0.448193
50.550551 0.373784 0.155243 -0.109579 0.419312
50.650651 0.276842 0.266146 -0.065557 0.389581
50.750751 0.138024 0.335493 -0.011751 0.362966
50.850851 -0.025934 0.341102 0.043923 0.344895
50.950951 -0.183527 0.272198 0.089767 0.340342
51.051051 -0.299453 0.141320 0.115213 0.350595
51.151151 -0.353115 -0.019806 0.116614 0.372399
51.251251 -0.344524 -0.178310 0.097366 0.399964
51.351351 -0.286110 -0.311800 0.063958 0.427982
51.451451 -0.193986 -0.409298 0.022938 0.453522
51.551552 -0.082860 -0.467353 -0.020396 0.475080
51.651652 0.035360 -0.486284 -0.062076 0.491504
51.751752 0.150975 -0.468461 -0.099086 0.502063
51.851852 0.255936 -0.417524 -0.129099 0.506454
51.951952 0.343351 -0.338037 -0.150269 0.504717
52.052052 0.407167 -0.235428 -0.161122 0.497164
52.152152 0.441951 -0.116194 -0.160503 0.484338
52.252252 0.442811 0.011744 -0.147587 0.466907
52.352352 0.405692 0.138368 -0.122043 0.445676
52.452452 0.328557 0.250922 -0.084506 0.421963
52.552553 0.213596 0.333949 -0.037305 0.398167
52.652653 0.069758 0.370628 0.014815 0.377427
52.752753 -0.084716 0.347232 0.064308 0.363156
52.852853 -0.223409 0.261042 0.102017 0.358416
52.952953 -0.319943 0.125689 0.120484 0.364249
53.053053 -0.359137 -0.032618 0.117315 0.379218
53.153153 -0.341386 -0.186339 0.095483 0.400479
53.253253 -0.277500 -0.315447 0.060689 0.424495
53.353353 -0.182026 -0.409264 0.018923 0.448318
53.453453 -0.068985 -0.464220 -0.024735 0.469969
53.553554 0.049920 -0.480740 -0.066396 0.487864
53.653654 0.165188 -0.461461 -0.103140 0.500871
53.753754 0.269103 -0.410377 -0.132786 0.508387
53.853854 0.355460 -0.332511 -0.153767 0.510450
53.953954 0.419146 -0.233509 -0.164949 0.507364
54.054054 0.455613 -0.119465 -0.165432 0.499222
54.154154 0.460784 0.002619 -0.154568 0.486024
54.254254 0.431596 0.124308 -0.132199 0.468193
54.354354 0.366604 0.235394 -0.098894 0.446753
54.454454 0.266605 0.323524 -0.056194 0.422970
54.554555 0.136719 0.374599 -0.007276 0.398835
54.654655 -0.011077 0.374717 0.042400 0.377271
54.754755 -0.156443 0.315002 0.085084 0.361856
54.854855 -0.273146 0.198720 0.112297 0.355962
54.954955 -0.338134 0.044913 0.118260 0.361023
55.055055 -0.341930 -0.117396 0.102782 0.375848
55.155155 -0.290547 -0.261340 0.070658 0.397126
55.255255 -0.199281 -0.370163 0.028757 0.421379
55.355355 -0.085137 -0.437334 -0.016532 0.445850
55.455455 0.037400 -0.462734 -0.060330 0.468147
55.555556 0.157009 -0.449795 -0.099187 0.486627
55.655656 0.265104 -0.403614 -0.130744 0.500278
55.755756 0.355048 -0.329768 -0.153346 0.508252
55.855856 0.421708 -0.234310 -0.165893 0.510156
55.955956 0.461054 -0.123752 -0.167702 0.505974
56.056056 0.469806 -0.005095 -0.158396 0.495815
56.156156 0.445270 0.113735 -0.137885 0.479805
56.256256 0.385536 0.223295 -0.106504 0.458085
56.356356 0.290627 0.312048 -0.065451 0.431418
56.456456 0.164026 0.365935 -0.017347 0.401390
56.556557 0.015543 0.368970 0.032862 0.370757
56.656657 -0.134566 0.307661 0.076975 0.344512
56.756757 -0.254733 0.180795 0.104260 0.329311
56.856857 -0.312245 0.010198 0.105977 0.329897
56.956957 -0.293767 -0.163407 0.081849 0.345977
57.057057 -0.212659 -0.303402 0.040144 0.372677
57.157157 -0.094727 -0.392600 -0.008692 0.403960
57.257257 0.036424 -0.429963 -0.056620 0.435202
57.357357 0.164173 -0.422001 -0.098726 0.463449
57.457457 0.277886 -0.377270 -0.132320 0.486890
57.557558 0.370970 -0.304287 -0.156066 0.504545
57.657658 0.439290 -0.210917 -0.169386 0.515901
57.757758 0.480245 -0.104395 -0.172153 0.520740
57.857858 0.492236 0.008379 -0.164542 0.519077
57.957958 0.474264 0.120555 -0.146924 0.510927
58.058058 0.425975 0.224879 -0.119930 0.496396
58.158158 0.348077 0.313354 -0.084621 0.475930
58.258258 0.242890 0.376875 -0.042718 0.450394
58.358358 0.115373 0.404962 0.003031 0.421087
58.458458 -0.024764 0.386495 0.048215 0.390278
58.558559 -0.160429 0.312348 0.086149 0.361553
58.658659 -0.265976 0.182001 0.108162 0.339951
58.758759 -0.312943 0.012751 0.106475 0.330806
58.858859 -0.285886 -0.159350 0.079619 0.336842
58.958959 -0.194229 -0.296174 0.034697 0.355876
59.059059 -0.064393 -0.376443 -0.017218 0.382299
59.159159 0.076275 -0.398263 -0.066739 0.410957
59.259259 0.207956 -0.370292 -0.108101 0.438232
59.359359 0.318634 -0.304192 -0.138469 0.461773
59.459459 0.401844 -0.211566 -0.156870 0.480465
59.559560 0.454283 -0.102637 -0.163248 0.493515
59.659660 0.474499 0.013604 -0.158043 0.500312
59.759760 0.462297 0.128879 -0.142044 0.500505
59.859860 0.418298 0.235193 -0.116285 0.493773
59.959960 0.344089 0.324342 -0.082147 0.479941
60.060060 0.242812 0.387677 -0.041577 0.459326
60.160160 0.119970 0.415948 0.002620 0.432911
60.260260 -0.015257 0.399389 0.046351 0.402359
60.360360 -0.147627 0.329334 0.083601 0.370464
60.460460 -0.253415 0.202984 0.106107 0.341585
60.560561 -0.302629 0.033152 0.105115 0.322075
60.660661 -0.272987 -0.144363 0.076831 0.318223
60.760761 -0.169626 -0.283194 0.027769 0.331275
60.860861 -0.024497 -0.354529 -0.028362 0.356505
60.960961 0.126536 -0.357005 -0.079370 0.386993
61.061061 0.258950 -0.304498 -0.118445 0.416897
61.161161 0.360093 -0.214370 -0.143130 0.442840
61.261261 0.424882 -0.102250 -0.153328 0.463129
61.361361 0.451909 0.019093 -0.149885 0.476499
61.461461 0.441816 0.138910 -0.134126 0.482169
61.561562 0.396588 0.247631 -0.107706 0.479796
61.661662 0.319374 0.336248 -0.072613 0.469399
61.761762 0.214924 0.395905 -0.031357 0.451571
61.861862 0.090105 0.417314 0.012796 0.427122
61.961962 -0.044448 0.391177 0.055313 0.397561
62.062062 -0.171949 0.310291 0.089808 0.365941
62.162162 -0.267419 0.174271 0.107850 0.336920
62.262262 -0.300376 -0.000582 0.100876 0.316863
62.362362 -0.250426 -0.174184 0.066172 0.312141
62.462462 -0.128183 -0.297807 0.012334 0.324456
62.562563 0.028235 -0.345190 -0.045118 0.349269
62.662663 0.180089 -0.320846 -0.093633 0.379660
62.762763 0.303679 -0.244210 -0.127253 0.409942
62.862863 0.388932 -0.135966 -0.144728 0.436694
62.962963 0.433517 -0.013151 -0.147033 0.457961
63.063063 0.438811 0.111036 -0.135994 0.472629
63.163163 0.408081 0.226180 -0.113782 0.480244
63.263263 0.345599 0.323717 -0.082719 0.480701
63.363363 0.256438 0.396153 -0.045281 0.474076
63.463463 0.146634 0.436381 -0.004231 0.460378
63.563564 0.024019 0.437692 0.037107 0.439918
63.663664 -0.100642 0.394296 0.074518 0.413704
63.763764 -0.212328 0.302627 0.102586 0.383653
63.863864 -0.290327 0.164744 0.114564 0.352924
63.963964 -0.310069 -0.004612 0.103717 0.326988
64.064064 -0.253073 -0.171358 0.067353 0.312963
64.164164 -0.125234 -0.289487 0.012202 0.315650
64.264264 0.037676 -0.328346 -0.046552 0.333763
64.364364 0.192994 -0.289857 -0.094771 0.360895
64.464464 0.313056 -0.196402 -0.125469 0.390282
64.564565 0.387099 -0.073172 -0.137630 0.417303
64.664665 0.414188 0.059362 -0.133053 0.439065
64.764765 0.398056 0.185955 -0.114566 0.454041
64.864865 0.344805 0.295340 -0.085381 0.461959
64.964965 0.261256 0.378758 -0.048695 0.462692
65.065065 0.154877 0.428924 -0.007770 0.456096
65.165165 0.034504 0.439833 0.033804 0.442478
65.265265 -0.089010 0.406103 0.071828 0.421903
65.365365 -0.201493 0.324363 0.101188 0.395031
65.465465 -0.283998 0.196032 0.115667 0.363954
65.565566 -0.312930 0.032355 0.108494 0.332781
65.665666 -0.266055 -0.137295 0.075232 0.308699
65.765766 -0.140014 -0.264301 0.019768 0.299750
65.865866 0.031703 -0.305045 -0.042140 0.309569
65.965966 0.195335 -0.254498 -0.091908 0.333725
66.066066 0.313357 -0.141723 -0.119926 0.364225
66.166166 0.373875 -0.001642 -0.125803 0.394477
66.266266 0.379993 0.139408 -0.113300 0.420317
66.366366 0.340442 0.264112 -0.087138 0.439601
66.466466 0.265246 0.361406 -0.051827 0.451282
66.566567 0.164550 0.424044 -0.011525 0.454998
66.666667 0.048549 0.447100 0.029835 0.450717
66.766767 -0.071943 0.427359 0.068287 0.438720
66.866867 -0.184683 0.363335 0.099562 0.419562
66.966967 -0.275065 0.256393 0.118895 0.394379
67.067067 -0.325551 0.113347 0.121095 0.365370
67.167167 -0.316779 -0.048992 0.101391 0.336198
67.267267 -0.234810 -0.198362 0.058429 0.312885
67.367367 -0.086815 -0.290055 -0.000767 0.302769
67.467467 0.088128 -0.291085 -0.059659 0.309929
67.567568 0.238360 -0.206582 -0.101420 0.331328
67.667668 0.332176 -0.071076 -0.118958 0.359922
67.767768 0.364139 0.078919 -0.114217 0.389707
67.867868 0.342712 0.218112 -0.092649 0.416663
67.967968 0.280313 0.331737 -0.059953 0.438428
68.068068 0.189258 0.411787 -0.021093 0.453687
68.168168 0.080799 0.454190 0.019730 0.461743
68.268268 -0.034647 0.457356 0.058850 0.462426
68.368368 -0.147061 0.421470 0.092921 0.455958
68.468468 -0.246146 0.347984 0.118631 0.442441
68.568569 -0.320775 0.240431 0.132608 0.422242
68.668669 -0.358899 0.106102 0.131553 0.396702
68.768769 -0.347951 -0.041952 0.112592 0.368112
68.868869 -0.278126 -0.181858 0.074688 0.340595
68.968969 -0.149655 -0.281765 0.021205 0.319747
69.069069 0.016486 -0.308347 -0.037367 0.311040
69.169169 0.177873 -0.248654 -0.085437 0.317439
69.269269 0.293362 -0.123127 -0.111288 0.337055
69.369369 0.344915 0.030581 -0.112746 0.364161
69.469469 0.336306 0.179999 -0.094430 0.392961
69.569570 0.280948 0.305122 -0.062913 0.419510
69.669670 0.193537 0.396016 -0.024158 0.441440
69.769770 0.087278 0.448818 0.016998 0.457541
69.869870 -0.026626 0.462716 0.056708 0.466938
69.969970 -0.138392 0.438986 0.091816 0.469352
70.070070 -0.239118 0.380425 0.119618 0.464983
70.170170 -0.320185 0.290859 0.137614 0.453933
70.270270 -0.372760 0.175743 0.143399 0.436347
70.370370 -0.387839 0.043358 0.134802 0.412881
70.470470 -0.356595 -0.093587 0.110167 0.384779
70.570571 -0.272189 -0.215580 0.069212 0.354051
70.670671 -0.136009 -0.294852 0.015269 0.325068
70.770771 0.032451 -0.300090 -0.041879 0.304731
70.870871 0.190032 -0.215561 -0.086107 0.299988
70.970971 0.288501 -0.063425 -0.103492 0.312996
71.071071 0.307200 0.107731 -0.092109 0.338323
71.171171 0.257344 0.256436 -0.060007 0.368220
71.271271 0.162727 0.361961 -0.017320 0.397236
71.371371 0.045481 0.418548 0.027919 0.421936
71.471471 -0.077234 0.427849 0.070115 0.440382
71.571572 -0.192501 0.394922 0.105450 0.451818
71.671672 -0.290280 0.326042 0.131197 0.455827
71.771772 -0.362185 0.228192 0.145259 0.452051
71.871872 -0.401015 0.109668 0.146074 0.440656
71.971972 -0.400200 -0.019389 0.132479 0.422003
72.072072 -0.354072 -0.145787 0.103932 0.396765
72.172172 -0.259504 -0.251395 0.061253 0.366461
72.272272 -0.120029 -0.311798 0.008150 0.334203
72.372372 0.045732 -0.298730 -0.046202 0.305721
72.472472 0.195520 -0.195226 -0.085852 0.289330
72.572573 0.275336 -0.023055 -0.094901 0.292143
72.672673 0.260135 0.158326 -0.071071 0.312711
72.772773 0.169606 0.296169 -0.026423 0.342316
72.872873 0.040488 0.369609 0.024545 0.372629
72.972973 -0.096436 0.380139 0.071643 0.398670
73.073073 -0.220504 0.337953 0.108979 0.417984
73.173173 -0.318571 0.255433 0.133415 0.429573
73.273273 -0.382140 0.145146 0.143393 0.433197
73.373373 -0.405523 0.019651 0.138297 0.428907
73.473473 -0.385247 -0.107787 0.118330 0.417175
73.573574 -0.320083 -0.222307 0.084612 0.398789
73.673674 -0.212217 -0.306474 0.039678 0.374883
73.773774 -0.070591 -0.340371 -0.011412 0.347801
73.873874 0.084130 -0.304696 -0.059721 0.321689
73.973974 0.215755 -0.191363 -0.092253 0.302788
74.074074 0.280876 -0.020629 -0.096513 0.297711
74.174174 0.256230 0.156911 -0.069905 0.308483
74.274274 0.157183 0.290542 -0.022829 0.331123
74.374374 0.020323 0.357265 0.030047 0.359102
74.474474 -0.121256 0.358694 0.077770 0.386539
74.574575 -0.245688 0.307389 0.114287 0.409771
74.674675 -0.340493 0.218410 0.136960 0.427079
74.774775 -0.399036 0.105960 0.145026 0.437595
74.874875 -0.418070 -0.017029 0.138727 0.440815
74.974975 -0.396304 -0.138259 0.118900 0.436245
75.075075 -0.334133 -0.245175 0.086973 0.423462
75.175175 -0.234382 -0.324049 0.045312 0.402487
75.275275 -0.103995 -0.359542 -0.002166 0.374286
75.375375 0.042603 -0.335237 -0.048919 0.341455
75.475475 0.178223 -0.238192 -0.084474 0.309248
75.575576 0.260240 -0.073503 -0.095036 0.286634
75.675676 0.248014 0.116000 -0.071367 0.282949
75.775776 0.142862 0.262950 -0.020865 0.299979
75.875876 -0.009264 0.328146 0.036984 0.330354
75.975976 -0.161103 0.315671 0.086719 0.364860
76.076076 -0.285780 0.247407 0.121568 0.397063
76.176176 -0.372343 0.145257 0.140112 0.423521
76.276276 -0.418060 0.026792 0.143247 0.442732
76.376376 -0.423959 -0.094400 0.132720 0.454166
76.476476 -0.392714 -0.207359 0.110561 0.457652
76.576577 -0.328015 -0.302600 0.078990 0.453211
76.676677 -0.234785 -0.371333 0.040567 0.441200
76.776777 -0.119458 -0.404589 -0.001619 0.421859
76.876877 0.008557 -0.393392 -0.043481 0.395880
76.976977 0.134697 -0.329781 -0.079302 0.364949
77.077077 0.236731 -0.210264 -0.101252 0.332422
77.177177 0.284167 -0.044677 -0.100101 0.304577
77.277277 0.248115 0.131960 -0.069754 0.289552
77.377377 0.128255 0.263247 -0.015926 0.293261
77.477477 -0.034613 0.308879 0.043513 0.313843
77.577578 -0.189829 0.270559 0.091715 0.343000
77.677678 -0.306349 0.174656 0.120971 0.372811
77.777778 -0.373337 0.049499 0.130563 0.398594
77.877878 -0.390576 -0.082703 0.122710 0.417669
77.977978 -0.362385 -0.205517 0.100560 0.428570
78.078078 -0.295334 -0.306356 0.067620 0.430870
78.178178 -0.197255 -0.374890 0.027588 0.424515
78.278278 -0.077709 -0.402174 -0.015399 0.409902
78.378378 0.050874 -0.380701 -0.056391 0.388203
78.478478 0.171397 -0.304627 -0.089038 0.360696
78.578579 0.259779 -0.173862 -0.105240 0.329831
78.678679 0.285366 -0.003388 -0.096242 0.301178
78.778779 0.222325 0.165828 -0.057592 0.283274
78.878879 0.078037 0.273077 0.001964 0.284015
78.978979 -0.095788 0.281263 0.061219 0.303367
79.079079 -0.242552 0.203602 0.102521 0.332860
79.179179 -0.334404 0.077554 0.120375 0.363773
79.279279 -0.367713 -0.063149 0.117045 0.391025
79.379379 -0.349099 -0.195497 0.097130 0.411733
79.479479 -0.288105 -0.304395 0.065393 0.424190
79.579580 -0.195176 -0.379688 0.026395 0.427731
79.679680 -0.081333 -0.414144 -0.015417 0.422336
79.779780 0.041382 -0.402351 -0.055436 0.408255
79.879880 0.158461 -0.340379 -0.088381 0.385719
79.979980 0.251055 -0.227680 -0.107863 0.355670
80.080080 0.294341 -0.072239 -0.106364 0.321198
80.180180 0.259455 0.099730 -0.076891 0.288401
80.280280 0.131706 0.232491 -0.020260 0.267972
80.380380 -0.053159 0.261371 0.044841 0.270465
80.480480 -0.216897 0.176572 0.091110 0.294148
80.580581 -0.308041 0.028685 0.106472 0.327183
80.680681 -0.321731 -0.128504 0.094848 0.359194
80.780781 -0.273336 -0.262049 0.064801 0.384163
80.880881 -0.181420 -0.354534 0.024368 0.399000
80.980981 -0.063559 -0.396596 -0.019578 0.402133
81.081081 0.063067 -0.383190 -0.060745 0.393067
81.181181 0.179807 -0.312445 -0.092671 0.372210
81.281281 0.263907 -0.186931 -0.107976 0.340953
81.381381 0.285720 -0.019814 -0.098056 0.302727
81.481481 0.213471 0.150107 -0.056239 0.266955
81.581582 0.044843 0.246713 0.010397 0.250971
81.681682 -0.148052 0.209553 0.071380 0.266321
81.781782 -0.276081 0.072778 0.100284 0.302612
81.881882 -0.315501 -0.091173 0.096608 0.342325
81.981982 -0.283213 -0.236393 0.070768 0.375632
82.082082 -0.201965 -0.341811 0.032585 0.398354
82.182182 -0.091475 -0.398468 -0.010391 0.408965
82.282282 0.031085 -0.402684 -0.052010 0.407217
82.382382 0.149296 -0.353280 -0.086633 0.393194
82.482482 0.244964 -0.251952 -0.108322 0.367724
82.582583 0.295635 -0.106007 -0.110285 0.332866
82.682683 0.273623 0.063497 -0.085392 0.293587
82.782783 0.155870 0.206419 -0.031071 0.260518
82.882883 -0.035536 0.244724 0.037201 0.250073
82.982983 -0.208383 0.148189 0.085319 0.269560
83.083083 -0.290655 -0.018735 0.095736 0.306589
83.183183 -0.283102 -0.183356 0.076206 0.345794
83.283283 -0.213485 -0.309759 0.039765 0.378296
83.383383 -0.107713 -0.384983 -0.003542 0.399783
83.483483 0.013605 -0.405772 -0.046455 0.408649
83.583584 0.133136 -0.373021 -0.083241 0.404721
83.683684 0.234330 -0.289745 -0.108650 0.388159
83.783784 0.298919 -0.162275 -0.117196 0.359751
83.883884 0.305041 -0.004681 -0.102987 0.321991
83.983984 0.228909 0.151253 -0.061309 0.281133
84.084084 0.064048 0.242670 0.003526 0.251005
84.184184 -0.132077 0.201292 0.065159 0.249416
84.284284 -0.257417 0.046544 0.091305 0.277068
84.384384 -0.276816 -0.132609 0.079331 0.317027
84.484484 -0.217342 -0.277174 0.044424 0.355017
84.584585 -0.113344 -0.367224 0.000183 0.384318
84.684685 0.008962 -0.399964 -0.044295 0.402509
84.784785 0.130297 -0.378539 -0.082856 0.408821
84.884885 0.234838 -0.308488 -0.110755 0.403212
84.984985 0.307699 -0.197313 -0.123763 0.385912
85.085085 0.333145 -0.056568 -0.117786 0.357854
85.185185 0.294127 0.093684 -0.089166 0.321306
85.285285 0.177515 0.216370 -0.037317 0.282348
85.385385 -0.004301 0.252784 0.027537 0.254316
85.485485 -0.180919 0.159972 0.077307 0.253572
85.585586 -0.265940 -0.017512 0.087557 0.280530
85.685686 -0.246661 -0.192579 0.063008 0.319216
85.785786 -0.159474 -0.317997 0.020765 0.356350
85.885886 -0.040378 -0.382606 -0.025924 0.385603
85.985986 0.085433 -0.389267 -0.068888 0.404442
86.086086 0.200251 -0.344869 -0.102888 0.411851
86.186186 0.290358 -0.257895 -0.124189 0.407726
86.286286 0.343766 -0.138632 -0.129826 0.392746
86.386386 0.348566 -0.000378 -0.117168 0.367732
86.486486 0.293108 0.136842 -0.084369 0.334300
86.586587 0.170703 0.240544 -0.032533 0.296748
86.686687 -0.005039 0.263019 0.028842 0.264644
86.786787 -0.174636 0.165915 0.075809 0.252532
86.886887 -0.254150 -0.017252 0.083622 0.268109
86.986987 -0.222435 -0.197032 0.054408 0.302091
87.087087 -0.119839 -0.318318 0.007413 0.340210
87.187187 0.010324 -0.371312 -0.041795 0.373800
87.287287 0.139667 -0.364264 -0.084531 0.399175
87.387387 0.250954 -0.309032 -0.116226 0.414713
87.487487 0.332983 -0.217542 -0.134347 0.419823
87.587588 0.377789 -0.101768 -0.137453 0.414698
87.687688 0.378772 0.025543 -0.124643 0.399570
87.787788 0.330497 0.149045 -0.095673 0.374961
87.887888 0.230476 0.248222 -0.051826 0.342665
87.987988 0.084011 0.295000 0.002219 0.306737
88.088088 -0.083903 0.256444 0.054664 0.275303
88.188188 -0.215965 0.118649 0.084818 0.260600
88.288288 -0.249235 -0.072836 0.076233 0.270618
88.388388 -0.179556 -0.237308 0.035842 0.299733
88.488488 -0.052759 -0.330957 -0.016432 0.335539
88.588589 0.087282 -0.352545 -0.065719 0.369087
88.688689 0.213994 -0.316534 -0.104581 0.396137
88.788789 0.313143 -0.238931 -0.129888 0.414750
88.888889 0.377082 -0.134203 -0.140564 0.424216
88.988989 0.401379 -0.015353 -0.136461 0.424220
89.089089 0.383525 0.104993 -0.118040 0.414787
89.189189 0.322747 0.213286 -0.086438 0.396394
89.289289 0.220399 0.293410 -0.043776 0.369569
89.389389 0.083145 0.325428 0.005651 0.335929
89.489489 -0.070355 0.286598 0.053224 0.299868
89.589590 -0.199623 0.161631 0.083763 0.270167
89.689690 -0.245770 -0.026782 0.079822 0.259792
89.789790 -0.180783 -0.203457 0.039748 0.275058
89.889890 -0.043938 -0.303998 -0.016614 0.307606
89.989990 0.107705 -0.319876 -0.069209 0.344544
90.090090 0.239257 -0.271309 -0.108402 0.377628
90.190190 0.335543 -0.181540 -0.131491 0.403529
90.290290 0.391301 -0.069398 -0.138653 0.420900
90.390390 0.405488 0.050269 -0.131068 0.429100
90.490490 0.379051 0.164898 -0.110353 0.427842
90.590591 0.314335 0.262722 -0.078509 0.417125
90.690691 0.215274 0.331419 -0.038130 0.397034
90.790791 0.088814 0.356806 0.006985 0.367760
90.890891 -0.051257 0.323015 0.050565 0.330942
90.990991 -0.177519 0.216013 0.081949 0.291360
91.091091 -0.241414 0.039362 0.085186 0.259011
91.191191 -0.191125 -0.151688 0.048567 0.248791
91.291291 -0.040099 -0.263929 -0.013768 0.267313
91.391391 0.132272 -0.263062 -0.071601 0.303025
91.491491 0.267509 -0.181366 -0.108612 0.340957
91.591592 0.347111 -0.059897 -0.122823 0.373040
91.691692 0.371715 0.071926 -0.117484 0.396419
91.791792 0.347588 0.194670 -0.096707 0.409959
91.891892 0.282576 0.294669 -0.064539 0.413334
91.991992 0.185472 0.361083 -0.025054 0.406705
92.092092 0.066330 0.383970 0.017344 0.390043
92.192192 -0.061378 0.354065 0.057171 0.363865
92.292292 -0.177552 0.263981 0.086911 0.329795
92.392392 -0.250808 0.113952 0.096041 0.291743
92.492492 -0.238741 -0.070684 0.072929 0.259446
92.592593 -0.116561 -0.218460 0.016619 0.248168
92.692693 0.067431 -0.251285 -0.048596 0.264674
92.792793 0.225343 -0.171355 -0.093410 0.298107
92.892893 0.314105 -0.034684 -0.109129 0.334326
92.992993 0.332773 0.111476 -0.100316 0.365004
93.093093 0.294148 0.239322 -0.074141 0.386387
93.193193 0.212932 0.332946 -0.037186 0.396958
93.293293 0.103234 0.382064 0.004746 0.395794
93.393393 -0.020280 0.379239 0.045959 0.382552
93.493493 -0.140151 0.319068 0.080029 0.357563
93.593594 -0.232575 0.199538 0.098749 0.321959
93.693694 -0.262724 0.030184 0.091399 0.279801
93.793794 -0.188874 -0.145718 0.048427 0.243418
93.893894 -0.009639 -0.233015 -0.020813 0.234141
93.993994 0.177878 -0.171543 -0.077479 0.258980
94.094094 0.282381 -0.021277 -0.097085 0.299362
94.194194 0.295914 0.139728 -0.085014 0.338107
94.294294 0.242526 0.271003 -0.053524 0.367595
94.394394 0.146513 0.355720 -0.012516 0.384915
94.494494 0.028173 0.386763 0.030454 0.388982
94.594595 -0.094192 0.361301 0.068944 0.379690
94.694695 -0.201269 0.279224 0.096454 0.357461
94.794795 -0.269271 0.144913 0.105442 0.323457
94.894895 -0.266874 -0.024366 0.087163 0.281803
94.994995 -0.161545 -0.178893 0.035819 0.243685
95.095095 0.032734 -0.225222 -0.034247 0.230150
95.195195 0.206285 -0.119911 -0.081695 0.252203
95.295295 0.274156 0.054813 -0.086467 0.292647
95.395395 0.245903 0.214634 -0.060477 0.331954
95.495495 0.157500 0.324440 -0.019437 0.361172
95.595596 0.039160 0.374253 0.025471 0.377157
95.695696 -0.085773 0.362709 0.066261 0.378557
95.795796 -0.196349 0.291712 0.096090 0.364530
95.895896 -0.269668 0.166915 0.107846 0.334981
95.995996 -0.276794 0.003662 0.093390 0.292147
96.096096 -0.183081 -0.155632 0.045457 0.244553
96.196196 0.013693 -0.214624 -0.026755 0.216719
96.296296 0.197449 -0.101351 -0.076810 0.234857
96.396396 0.256045 0.087597 -0.076998 0.281355
96.496496 0.210889 0.247804 -0.045287 0.328530
96.596597 0.111416 0.347970 -0.001522 0.365376
96.696697 -0.009006 0.385774 0.042845 0.388250
96.796797 -0.128394 0.365670 0.080889 0.395907
96.896897 -0.229481 0.293667 0.107425 0.387868
96.996997 -0.295370 0.177390 0.117564 0.364050
97.097097 -0.305946 0.029342 0.105836 0.325062
97.197197 -0.236301 -0.123420 0.066665 0.274800
97.297297 -0.069045 -0.216941 0.000809 0.227665
97.397397 0.137316 -0.154414 -0.062081 0.215762
97.497497 0.236548 0.036133 -0.075758 0.250998
97.597598 0.205164 0.216867 -0.046557 0.302144
97.697698 0.104450 0.330564 -0.000978 0.346675
97.797798 -0.020163 0.374037 0.045383 0.377319
97.897898 -0.141992 0.355410 0.084399 0.391920
97.997998 -0.242768 0.283847 0.110876 0.389614
98.098098 -0.306340 0.169324 0.120417 0.370155
98.198198 -0.314607 0.025407 0.108341 0.333708
98.298298 -0.244986 -0.122122 0.069718 0.282476
98.398398 -0.078435 -0.213102 0.004361 0.227120
98.498498 0.132349 -0.140740 -0.059000 0.202002
98.598599 0.213526 0.072453 -0.064273 0.234465
98.698699 0.143142 0.249410 -0.022357 0.288435
98.798799 0.011672 0.331733 0.030319 0.333321
98.898899 -0.124771 0.329306 0.075918 0.360242
98.998999 -0.236639 0.260222 0.106378 0.367464
99.099099 -0.303534 0.141931 0.116647 0.354801
99.199199 -0.305700 -0.005448 0.102163 0.322365
99.299299 -0.221133 -0.148275 0.059003 0.272703
99.399399 -0.038477 -0.215010 -0.009263 0.218622
99.499499 0.160162 -0.099807 -0.064122 0.199312
99.599600 0.194891 0.124648 -0.052624 0.237253
99.699700 0.088803 0.276192 -0.001333 0.290120
99.799800 -0.057435 0.320608 0.052393 0.329899
99.899900 -0.189985 0.278471 0.092584 0.349589
100.000000 -0.280077 0.173433 0.112016 0.347951
