0.000000 -0.970693 0.026345 0.097765 0.975959
0.100100 -0.977850 -0.079202 0.139477 0.990918
0.200200 -0.977798 -0.184110 0.180138 1.011156
0.300300 -0.971004 -0.287693 0.219537 1.036249
0.400400 -0.958023 -0.389390 0.257515 1.065714
0.500501 -0.939500 -0.488779 0.293983 1.099086
0.600601 -0.916082 -0.585563 0.328897 1.135898
0.700701 -0.888336 -0.679519 0.362233 1.175628
0.800801 -0.856811 -0.770521 0.394003 1.217812
0.900901 -0.822059 -0.858553 0.424263 1.262098
1.001001 -0.784554 -0.943638 0.453074 1.308149
1.101101 -0.744722 -1.025847 0.480512 1.355679
1.201201 -0.702956 -1.105307 0.506668 1.404480
1.301301 -0.659579 -1.182143 0.531629 1.454351
1.401401 -0.614843 -1.256445 0.555456 1.505064
1.501502 -0.568974 -1.328324 0.578217 1.556442
1.601602 -0.522166 -1.397887 0.599977 1.608328
1.701702 -0.474583 -1.465249 0.620796 1.660594
1.801802 -0.426394 -1.530592 0.640766 1.713215
1.901902 -0.377744 -1.594116 0.659980 1.766202
2.002002 -0.328744 -1.655970 0.678507 1.819527
2.102102 -0.279472 -1.716238 0.696389 1.873109
2.202202 -0.229994 -1.774973 0.713654 1.926844
2.302302 -0.180367 -1.832232 0.730330 1.980654
2.402402 -0.130645 -1.888105 0.746458 2.034505
2.502503 -0.080873 -1.942686 0.762080 2.088381
2.602603 -0.031091 -1.996065 0.777234 2.142273
2.702703 0.018671 -2.048298 0.791948 2.196146
2.802803 0.068384 -2.099442 0.806244 2.249970
2.902903 0.118028 -2.149597 0.820164 2.303772
3.003003 0.167585 -2.198852 0.833745 2.357576
3.103103 0.217043 -2.247267 0.847011 2.411378
3.203203 0.266385 -2.294865 0.859974 2.465141
3.303303 0.315603 -2.341695 0.872653 2.518862
3.403403 0.364691 -2.387822 0.885074 2.572557
3.503504 0.413644 -2.433287 0.897253 2.626223
3.603604 0.462453 -2.478110 0.909199 2.679838
3.703704 0.511112 -2.522303 0.920918 2.733374
3.803804 0.559611 -2.565876 0.932414 2.786804
3.903904 0.607942 -2.608827 0.943688 2.840092
4.004004 0.656097 -2.651162 0.954742 2.893209
4.104104 0.704070 -2.692892 0.965583 2.946139
4.204204 0.751865 -2.734065 0.976227 2.998905
4.304304 0.799491 -2.774736 0.986695 3.051542
4.404404 0.846953 -2.814945 0.997003 3.104072
4.504505 0.894259 -2.854741 1.007167 3.156522
4.604605 0.941417 -2.894158 1.017202 3.208912
4.704705 0.988430 -2.933227 1.027117 3.261255
4.804805 1.035301 -2.971960 1.036918 3.313547
4.904905 1.082025 -3.010359 1.046606 3.365772
5.005005 1.128605 -3.048438 1.056186 3.417931
5.105105 1.175043 -3.086216 1.065665 3.470029
5.205205 1.221343 -3.123704 1.075047 3.522064
5.305305 1.267504 -3.160913 1.084336 3.574035
5.405405 1.313531 -3.197859 1.093538 3.625947
5.505506 1.359424 -3.234548 1.102656 3.677796
5.605606 1.405183 -3.270985 1.111691 3.729577
5.705706 1.450816 -3.307194 1.120651 3.781304
5.805806 1.496331 -3.343197 1.129545 3.832995
5.905906 1.541729 -3.378999 1.138373 3.884643
6.006006 1.587004 -3.414594 1.147135 3.936236
6.106106 1.632154 -3.449977 1.155829 3.987757
6.206206 1.677175 -3.485145 1.164454 4.039196
6.306306 1.722075 -3.520117 1.173016 4.090566
6.406406 1.766856 -3.554901 1.181519 4.141870
6.506507 1.811515 -3.589493 1.189961 4.193096
6.606607 1.856053 -3.623897 1.198343 4.244241
6.706707 1.900471 -3.658118 1.206668 4.295308
6.806807 1.944775 -3.692169 1.214940 4.346302
6.906907 1.988965 -3.726053 1.223159 4.397223
7.007007 2.033041 -3.759772 1.231328 4.448068
7.107107 2.077010 -3.793339 1.239449 4.498847
7.207207 2.120877 -3.826767 1.247528 4.549571
7.307307 2.164647 -3.860065 1.255567 4.600244
7.407407 2.208322 -3.893238 1.263568 4.650870
7.507508 2.251906 -3.926295 1.271534 4.701454
7.607608 2.295404 -3.959246 1.279469 4.752005
7.707708 2.338819 -3.992094 1.287373 4.802522
7.807808 2.382154 -4.024849 1.295250 4.853014
7.907908 2.425414 -4.057517 1.303102 4.903484
8.008008 2.468597 -4.090099 1.310929 4.953930
8.108108 2.511707 -4.122599 1.318732 5.004353
8.208208 2.554750 -4.155027 1.326515 5.054764
8.308308 2.597733 -4.187397 1.334282 5.105176
8.408408 2.640653 -4.219703 1.342031 5.155579
8.508509 2.683506 -4.251940 1.349761 5.205963
8.608609 2.726296 -4.284115 1.357473 5.256335
8.708709 2.769025 -4.316231 1.365170 5.306698
8.808809 2.811693 -4.348286 1.372850 5.357044
8.908909 2.854299 -4.380282 1.380514 5.407376
9.009009 2.896845 -4.412222 1.388163 5.457693
9.109109 2.939332 -4.444105 1.395796 5.507993
9.209209 2.981754 -4.475925 1.403412 5.558267
9.309309 3.024109 -4.507678 1.411010 5.608507
9.409409 3.066401 -4.539372 1.418591 5.658720
9.509510 3.108634 -4.571010 1.426158 5.708911
9.609610 3.150809 -4.602596 1.433711 5.759081
9.709710 3.192929 -4.634133 1.441251 5.809233
9.809810 3.234996 -4.665627 1.448780 5.859372
9.909910 3.277013 -4.697078 1.456299 5.909498
10.010010 3.318972 -4.728480 1.463804 5.959599
10.110110 3.360877 -4.759833 1.471297 6.009677
10.210210 3.402731 -4.791146 1.478779 6.059739
10.310310 3.444536 -4.822420 1.486253 6.109788
10.410410 3.486296 -4.853661 1.493718 6.159828
10.510511 3.528012 -4.884871 1.501176 6.209860
10.610611 3.569686 -4.916050 1.508627 6.259885
10.710711 3.611314 -4.947197 1.516070 6.309899
10.810811 3.652898 -4.978310 1.523506 6.359898
10.910911 3.694434 -5.009389 1.530933 6.409881
11.011011 3.735921 -5.040428 1.538350 6.459841
11.111111 3.777360 -5.071430 1.545759 6.509779
11.211211 3.818751 -5.102395 1.553158 6.559694
11.311311 3.860091 -5.133320 1.560548 6.609583
11.411411 3.901381 -5.164205 1.567927 6.659443
11.511512 3.942622 -5.195053 1.575298 6.709278
11.611612 3.983819 -5.225868 1.582661 6.759092
11.711712 4.024971 -5.256651 1.590016 6.808885
11.811812 4.066074 -5.287397 1.597362 6.858651
11.911912 4.107126 -5.318101 1.604698 6.908381
12.012012 4.148126 -5.348764 1.612024 6.958078
12.112112 4.189075 -5.379387 1.619340 7.007739
12.212212 4.229973 -5.409970 1.626646 7.057367
12.312312 4.270823 -5.440516 1.633944 7.106963
12.412412 4.311624 -5.471025 1.641232 7.156526
12.512513 4.352373 -5.501491 1.648509 7.206049
12.612613 4.393064 -5.531910 1.655775 7.255524
12.712713 4.433696 -5.562278 1.663027 7.304948
12.812813 4.474267 -5.592594 1.670266 7.354316
12.912913 4.514776 -5.622855 1.677491 7.403626
13.013013 4.555225 -5.653067 1.684703 7.452883
13.113113 4.595618 -5.683231 1.691903 7.502090
13.213213 4.635951 -5.713345 1.699090 7.551243
13.313313 4.676222 -5.743406 1.706263 7.600336
13.413413 4.716432 -5.773415 1.713423 7.649371
13.513514 4.756584 -5.803374 1.720571 7.698351
13.613614 4.796674 -5.833282 1.727705 7.747273
13.713714 4.836702 -5.863136 1.734825 7.796132
13.813814 4.876666 -5.892934 1.741931 7.844926
13.913914 4.916567 -5.922680 1.749023 7.893659
14.014014 4.956416 -5.952383 1.756105 7.942343
14.114114 4.996214 -5.982047 1.763178 7.990985
14.214214 5.035965 -6.011677 1.770242 8.039587
14.314314 5.075671 -6.041275 1.777299 8.088154
14.414414 5.115332 -6.070841 1.784348 8.136684
14.514515 5.154947 -6.100371 1.791389 8.185174
14.614615 5.194513 -6.129867 1.798422 8.233623
14.714715 5.234032 -6.159326 1.805446 8.282030
14.814815 5.273499 -6.188746 1.812460 8.330389
14.914915 5.312916 -6.218127 1.819465 8.378701
15.015015 5.352284 -6.247472 1.826461 8.426969
15.115115 5.391601 -6.276777 1.833448 8.475189
15.215215 5.430869 -6.306046 1.840426 8.523363
15.315315 5.470087 -6.335277 1.847395 8.571491
15.415415 5.509253 -6.364466 1.854353 8.619566
15.515516 5.548368 -6.393617 1.861303 8.667594
15.615616 5.587432 -6.422728 1.868242 8.715570
15.715716 5.626443 -6.451799 1.875172 8.763495
15.815816 5.665404 -6.480831 1.882092 8.811370
15.915916 5.704312 -6.509823 1.889003 8.859193
16.016016 5.743170 -6.538775 1.895904 8.906965
16.116116 5.781979 -6.567692 1.902797 8.954691
16.216216 5.820739 -6.596571 1.909680 9.002368
16.316316 5.859449 -6.625413 1.916555 9.049996
16.416416 5.898114 -6.654223 1.923422 9.097581
16.516517 5.936733 -6.682999 1.930281 9.145122
16.616617 5.975307 -6.711743 1.937133 9.192621
16.716717 6.013837 -6.740456 1.943977 9.240077
16.816817 6.052321 -6.769135 1.950814 9.287490
16.916917 6.090758 -6.797780 1.957643 9.334855
17.017017 6.129147 -6.826389 1.964463 9.382172
17.117117 6.167485 -6.854960 1.971273 9.429437
17.217217 6.205774 -6.883494 1.978075 9.476651
17.317317 6.244014 -6.911992 1.984869 9.523815
17.417417 6.282203 -6.940450 1.991653 9.570925
17.517518 6.320342 -6.968871 1.998427 9.617983
17.617618 6.358432 -6.997255 2.005194 9.664990
17.717718 6.396476 -7.025605 2.011952 9.711950
17.817818 6.434470 -7.053919 2.018701 9.758859
17.917918 6.472411 -7.082190 2.025440 9.805709
18.018018 6.510294 -7.110416 2.032168 9.852495
18.118118 6.548120 -7.138597 2.038884 9.899217
18.218218 6.585893 -7.166736 2.045591 9.945880
18.318318 6.623618 -7.194840 2.052289 9.992494
18.418418 6.661295 -7.222908 2.058978 10.039057
18.518519 6.698922 -7.250939 2.065659 10.085565
18.618619 6.736496 -7.278928 2.072330 10.132015
18.718719 6.774015 -7.306875 2.078989 10.178403
18.818819 6.811477 -7.334777 2.085638 10.224728
18.918919 6.848883 -7.362634 2.092276 10.270988
19.019019 6.886232 -7.390446 2.098903 10.317183
19.119119 6.923523 -7.418212 2.105519 10.363313
19.219219 6.960759 -7.445936 2.112124 10.409380
19.319319 6.997941 -7.473617 2.118718 10.455386
19.419419 7.035067 -7.501254 2.125302 10.501327
19.519520 7.072136 -7.528846 2.131874 10.547205
19.619620 7.109150 -7.556395 2.138437 10.593018
19.719720 7.146111 -7.583904 2.144989 10.638772
19.819820 7.183022 -7.611374 2.151532 10.684470
19.919920 7.219883 -7.638807 2.158066 10.730114
20.020020 7.256694 -7.666203 2.164591 10.775701
20.120120 7.293457 -7.693563 2.171108 10.821235
20.220220 7.330173 -7.720888 2.177616 10.866718
20.320320 7.366841 -7.748179 2.184117 10.912149
20.420420 7.403460 -7.775433 2.190608 10.957525
20.520521 7.440030 -7.802650 2.197091 11.002846
20.620621 7.476554 -7.829834 2.203566 11.048116
20.720721 7.513033 -7.856985 2.210033 11.093337
20.820821 7.549466 -7.884103 2.216493 11.138508
20.920921 7.585854 -7.911189 2.222945 11.183630
21.021021 7.622197 -7.938242 2.229390 11.228702
21.121121 7.658494 -7.965262 2.235826 11.273724
21.221221 7.694748 -7.992252 2.242256 11.318699
21.321321 7.730964 -8.019217 2.248681 11.363636
21.421421 7.767143 -8.046157 2.255100 11.408533
21.521522 7.803282 -8.073070 2.261512 11.453388
21.621622 7.839380 -8.099956 2.267919 11.498201
21.721722 7.875438 -8.126813 2.274319 11.542969
21.821822 7.911455 -8.153643 2.280714 11.587695
21.921922 7.947432 -8.180445 2.287101 11.632377
22.022022 7.983367 -8.207219 2.293483 11.677014
22.122122 8.019261 -8.233963 2.299858 11.721606
22.222222 8.055114 -8.260680 2.306226 11.766154
22.322322 8.090931 -8.287373 2.312589 11.810664
22.422422 8.126711 -8.314042 2.318948 11.855135
22.522523 8.162451 -8.340684 2.325300 11.899564
22.622623 8.198147 -8.367294 2.331644 11.943944
22.722723 8.233797 -8.393871 2.337981 11.988271
22.822823 8.269400 -8.420412 2.344310 12.032543
22.922923 8.304956 -8.446921 2.350631 12.076764
23.023023 8.340466 -8.473395 2.356943 12.120932
23.123123 8.375927 -8.499832 2.363247 12.165042
23.223223 8.411333 -8.526228 2.369541 12.209087
23.323323 8.446683 -8.552579 2.375824 12.253065
23.423423 8.481975 -8.578885 2.382095 12.296973
23.523524 8.517207 -8.605143 2.388355 12.340808
23.623624 8.552384 -8.631359 2.394605 12.384578
23.723724 8.587509 -8.657534 2.400845 12.428285
23.823824 8.622582 -8.683671 2.407075 12.471931
23.923924 8.657607 -8.709771 2.413297 12.515521
24.024024 8.692588 -8.735840 2.419511 12.559061
24.124124 8.727524 -8.761878 2.425718 12.602551
24.224224 8.762413 -8.787879 2.431917 12.645985
24.324324 8.797253 -8.813845 2.438107 12.689361
24.424424 8.832044 -8.839774 2.444289 12.732681
24.524525 8.866791 -8.865672 2.450462 12.775949
24.624625 8.901494 -8.891538 2.456629 12.819168
24.724725 8.936153 -8.917372 2.462788 12.862336
24.824825 8.970769 -8.943175 2.468941 12.905454
24.924925 9.005344 -8.968950 2.475086 12.948527
25.025025 9.039878 -8.994696 2.481225 12.991552
25.125125 9.074368 -9.020412 2.487357 13.034529
25.225225 9.108815 -9.046095 2.493482 13.077454
25.325325 9.143216 -9.071746 2.499598 13.120326
25.425425 9.177575 -9.097367 2.505708 13.163151
25.525526 9.211894 -9.122959 2.511812 13.205929
25.625626 9.246172 -9.148525 2.517909 13.248663
25.725726 9.280410 -9.174061 2.524000 13.291349
25.825826 9.314604 -9.199566 2.530083 13.333986
25.925926 9.348758 -9.225043 2.536160 13.376577
26.026026 9.382869 -9.250490 2.542230 13.419118
26.126126 9.416933 -9.275902 2.548292 13.461604
26.226226 9.450951 -9.301280 2.554346 13.504035
26.326326 9.484924 -9.326625 2.560392 13.546413
26.426426 9.518854 -9.351940 2.566431 13.588743
26.526527 9.552742 -9.377225 2.572463 13.631023
26.626627 9.586586 -9.402479 2.578488 13.673253
26.726727 9.620386 -9.427700 2.584505 13.715430
26.826827 9.654139 -9.452887 2.590514 13.757552
26.926927 9.687847 -9.478041 2.596515 13.799621
27.027027 9.721511 -9.503163 2.602509 13.841638
27.127127 9.755128 -9.528251 2.608495 13.883599
27.227227 9.788698 -9.553303 2.614473 13.925505
27.327327 9.822220 -9.578321 2.620442 13.967353
27.427427 9.855696 -9.603303 2.626402 14.009146
27.527528 9.889124 -9.628252 2.632355 14.050883
27.627628 9.922507 -9.653166 2.638300 14.092565
27.727728 9.955843 -9.678046 2.644236 14.134191
27.827828 9.989134 -9.702893 2.650165 14.175765
27.927928 10.022380 -9.727707 2.656086 14.217285
28.028028 10.055576 -9.752484 2.661998 14.258744
28.128128 10.088721 -9.777222 2.667901 14.300142
28.228228 10.121817 -9.801923 2.673795 14.341480
28.328328 10.154865 -9.826589 2.679680 14.382761
28.428428 10.187866 -9.851220 2.685557 14.423986
28.528529 10.220820 -9.875815 2.691426 14.465153
28.628629 10.253723 -9.900373 2.697286 14.506260
28.728729 10.286581 -9.924897 2.703138 14.547311
28.828829 10.319395 -9.949389 2.708982 14.588312
28.928929 10.352169 -9.973853 2.714820 14.629265
29.029029 10.384902 -9.998288 2.720651 14.670170
29.129129 10.417595 -10.022696 2.726476 14.711030
29.229229 10.450249 -10.047076 2.732294 14.751843
29.329329 10.482865 -10.071429 2.738107 14.792612
29.429429 10.515444 -10.095758 2.743914 14.833339
29.529530 10.547988 -10.120063 2.749716 14.874026
29.629630 10.580496 -10.144344 2.755512 14.914673
29.729730 10.612971 -10.168603 2.761304 14.955281
29.829830 10.645412 -10.192840 2.767090 14.995852
29.929930 10.677818 -10.217054 2.772872 15.036383
30.030030 10.710190 -10.241245 2.778649 15.076875
30.130130 10.742531 -10.265416 2.784421 15.117333
30.230230 10.774843 -10.289570 2.790190 15.157759
30.330330 10.807126 -10.313706 2.795955 15.198153
30.430430 10.839382 -10.337825 2.801717 15.238519
30.530531 10.871609 -10.361928 2.807476 15.278853
30.630631 10.903806 -10.386012 2.813230 15.319155
30.730731 10.935974 -10.410077 2.818981 15.359424
30.830831 10.968115 -10.434127 2.824729 15.399664
30.930931 11.000232 -10.458163 2.830474 15.439879
31.031031 11.032327 -10.482189 2.836217 15.480072
31.131131 11.064404 -10.506207 2.841960 15.520250
31.231231 11.096466 -10.530221 2.847702 15.560415
31.331331 11.128512 -10.554229 2.853444 15.600566
31.431431 11.160541 -10.578230 2.859185 15.640702
31.531532 11.192551 -10.602223 2.864926 15.680821
31.631632 11.224542 -10.626208 2.870665 15.720921
31.731732 11.256515 -10.650184 2.876403 15.761004
31.831832 11.288471 -10.674154 2.882140 15.801072
31.931932 11.320411 -10.698119 2.887877 15.841126
32.032032 11.352336 -10.722079 2.893614 15.881168
32.132132 11.384246 -10.746033 2.899350 15.921197
32.232232 11.416139 -10.769981 2.905086 15.961211
32.332332 11.448016 -10.793924 2.910821 16.001211
32.432432 11.479876 -10.817860 2.916556 16.041195
32.532533 11.511718 -10.841788 2.922290 16.081163
32.632633 11.543541 -10.865706 2.928022 16.121111
32.732733 11.575343 -10.889615 2.933752 16.161039
32.832833 11.607125 -10.913513 2.939481 16.200946
32.932933 11.638885 -10.937401 2.945208 16.240832
33.033033 11.670624 -10.961277 2.950933 16.280696
33.133133 11.702341 -10.985142 2.956657 16.320538
33.233233 11.734035 -11.008994 2.962377 16.360355
33.333333 11.765702 -11.032830 2.968095 16.400143
33.433433 11.797342 -11.056650 2.973809 16.439900
33.533534 11.828954 -11.080451 2.979519 16.479626
33.633634 11.860537 -11.104236 2.985226 16.519321
33.733734 11.892091 -11.128001 2.990929 16.558982
33.833834 11.923612 -11.151745 2.996626 16.598605
33.933934 11.955100 -11.175466 3.002319 16.638190
34.034034 11.986555 -11.199165 3.008008 16.677737
34.134134 12.017980 -11.222846 3.013692 16.717250
34.234234 12.049376 -11.246507 3.019372 16.756730
34.334334 12.080743 -11.270150 3.025048 16.796177
34.434434 12.112081 -11.293775 3.030720 16.835590
34.534535 12.143386 -11.317378 3.036387 16.874967
34.634635 12.174659 -11.340959 3.042050 16.914306
34.734735 12.205900 -11.364519 3.047707 16.953607
34.834835 12.237107 -11.388056 3.053360 16.992870
34.934935 12.268282 -11.411572 3.059008 17.032095
35.035035 12.299423 -11.435065 3.064651 17.071280
35.135135 12.330530 -11.458534 3.070289 17.110425
35.235235 12.361601 -11.481978 3.075921 17.149527
35.335335 12.392633 -11.505394 3.081546 17.188582
35.435435 12.423627 -11.528784 3.087166 17.227593
35.535536 12.454586 -11.552149 3.092779 17.266562
35.635636 12.485511 -11.575492 3.098388 17.305491
35.735736 12.516404 -11.598813 3.103992 17.344382
35.835836 12.547264 -11.622111 3.109591 17.383235
35.935936 12.578091 -11.645387 3.115184 17.422049
36.036036 12.608885 -11.668640 3.120773 17.460824
36.136136 12.639648 -11.691873 3.126358 17.499563
36.236236 12.670380 -11.715086 3.131938 17.538267
36.336336 12.701081 -11.738279 3.137513 17.576935
36.436436 12.731751 -11.761451 3.143084 17.615567
36.536537 12.762391 -11.784602 3.148650 17.654162
36.636637 12.792999 -11.807733 3.154212 17.692722
36.736737 12.823578 -11.830844 3.159770 17.731248
36.836837 12.854127 -11.853936 3.165323 17.769740
36.936937 12.884645 -11.877008 3.170872 17.808196
37.037037 12.915132 -11.900058 3.176416 17.846614
37.137137 12.945586 -11.923086 3.181955 17.884994
37.237237 12.976007 -11.946091 3.187490 17.923335
37.337337 13.006394 -11.969074 3.193019 17.961637
37.437437 13.036748 -11.992034 3.198542 17.999899
37.537538 13.067067 -12.014969 3.204061 18.038119
37.637638 13.097351 -12.037879 3.209573 18.076297
37.737738 13.127599 -12.060765 3.215080 18.114432
37.837838 13.157811 -12.083626 3.220581 18.152525
37.937938 13.187988 -12.106461 3.226077 18.190574
38.038038 13.218128 -12.129270 3.231566 18.228580
38.138138 13.248230 -12.152053 3.237049 18.266540
38.238238 13.278294 -12.174808 3.242526 18.304454
38.338338 13.308320 -12.197536 3.247996 18.342321
38.438438 13.338307 -12.220235 3.253460 18.380141
38.538539 13.368253 -12.242905 3.258917 18.417911
38.638639 13.398159 -12.265545 3.264367 18.455632
38.738739 13.428023 -12.288155 3.269809 18.493302
38.838839 13.457846 -12.310735 3.275245 18.530922
38.938939 13.487631 -12.333287 3.280674 18.568495
39.039039 13.517379 -12.355813 3.286097 18.606023
39.139139 13.547091 -12.378313 3.291514 18.643508
39.239239 13.576767 -12.400788 3.296926 18.680949
39.339339 13.606408 -12.423238 3.302331 18.718348
39.439439 13.636013 -12.445662 3.307731 18.755704
39.539540 13.665583 -12.468063 3.313125 18.793019
39.639640 13.695120 -12.490441 3.318514 18.830294
39.739740 13.724623 -12.512794 3.323898 18.867527
39.839840 13.754090 -12.535122 3.329275 18.904718
39.939940 13.783523 -12.557426 3.334648 18.941867
40.040040 13.812923 -12.579708 3.340015 18.978977
40.140140 13.842291 -12.601967 3.345377 19.016050
40.240240 13.871626 -12.624204 3.350734 19.053082
40.340340 13.900927 -12.646417 3.356085 19.090074
40.440440 13.930194 -12.668606 3.361431 19.127026
40.540541 13.959426 -12.690770 3.366772 19.163934
40.640641 13.988623 -12.712909 3.372106 19.200800
40.740741 14.017783 -12.735023 3.377435 19.237622
40.840841 14.046905 -12.757109 3.382757 19.274398
40.940941 14.075988 -12.779165 3.388072 19.311124
41.041041 14.105029 -12.801192 3.393380 19.347801
41.141141 14.134031 -12.823189 3.398681 19.384428
41.241241 14.162995 -12.845159 3.403976 19.421009
41.341341 14.191920 -12.867100 3.409264 19.457542
41.441441 14.220806 -12.889014 3.414545 19.494027
41.541542 14.249652 -12.910898 3.419820 19.530465
41.641642 14.278460 -12.932754 3.425088 19.566853
41.741742 14.307227 -12.954580 3.430349 19.603193
41.841842 14.335953 -12.976376 3.435603 19.639482
41.941942 14.364638 -12.998141 3.440849 19.675719
42.042042 14.393281 -13.019875 3.446088 19.711906
42.142142 14.421883 -13.041579 3.451320 19.748040
42.242242 14.450442 -13.063251 3.456544 19.784122
42.342342 14.478957 -13.084890 3.461761 19.820149
42.442442 14.507429 -13.106496 3.466969 19.856122
42.542543 14.535856 -13.128069 3.472170 19.892040
42.642643 14.564240 -13.149609 3.477363 19.927904
42.742743 14.592581 -13.171117 3.482548 19.963715
42.842843 14.620881 -13.192595 3.487726 19.999474
42.942943 14.649140 -13.214042 3.492896 20.035183
43.043043 14.677358 -13.235460 3.498060 20.070841
43.143143 14.705536 -13.256847 3.503216 20.106449
43.243243 14.733672 -13.278203 3.508365 20.142006
43.343343 14.761766 -13.299529 3.513507 20.177511
43.443443 14.789819 -13.320823 3.518641 20.212964
43.543544 14.817833 -13.342089 3.523768 20.248369
43.643644 14.845810 -13.363327 3.528890 20.283729
43.743744 14.873749 -13.384539 3.534004 20.319042
43.843844 14.901651 -13.405723 3.539113 20.354310
43.943944 14.929515 -13.426880 3.544214 20.389531
44.044044 14.957340 -13.448008 3.549310 20.424704
44.144144 14.985127 -13.469108 3.554398 20.459830
44.244244 15.012878 -13.490182 3.559481 20.494912
44.344344 15.040592 -13.511229 3.564557 20.529948
44.444444 15.068268 -13.532249 3.569626 20.564939
44.544545 15.095907 -13.553242 3.574690 20.599883
44.644645 15.123509 -13.574207 3.579747 20.634781
44.744745 15.151074 -13.595146 3.584797 20.669635
44.844845 15.178604 -13.616060 3.589842 20.704446
44.944945 15.206100 -13.636948 3.594881 20.739214
45.045045 15.233560 -13.657812 3.599914 20.773939
45.145145 15.260985 -13.678650 3.604941 20.808621
45.245245 15.288375 -13.699462 3.609963 20.843260
45.345345 15.315728 -13.720248 3.614978 20.877854
45.445445 15.343043 -13.741007 3.619986 20.912402
45.545546 15.370320 -13.761737 3.624988 20.946902
45.645646 15.397560 -13.782439 3.629983 20.981355
45.745746 15.424762 -13.803114 3.634972 21.015762
45.845846 15.451927 -13.823763 3.639954 21.050124
45.945946 15.479056 -13.844385 3.644931 21.084442
46.046046 15.506149 -13.864980 3.649901 21.118714
46.146146 15.533204 -13.885548 3.654864 21.152940
46.246246 15.560221 -13.906088 3.659822 21.187120
46.346346 15.587202 -13.926601 3.664772 21.221254
46.446446 15.614143 -13.947086 3.669716 21.255340
46.546547 15.641047 -13.967542 3.674653 21.289380
46.646647 15.667914 -13.987971 3.679584 21.323372
46.746747 15.694741 -14.008371 3.684508 21.357316
46.846847 15.721528 -14.028742 3.689425 21.391211
46.946947 15.748277 -14.049084 3.694335 21.425058
47.047047 15.774988 -14.069397 3.699238 21.458857
47.147147 15.801659 -14.089682 3.704135 21.492608
47.247247 15.828291 -14.109937 3.709024 21.526309
47.347347 15.854882 -14.130162 3.713906 21.559959
47.447447 15.881433 -14.150356 3.718781 21.593560
47.547548 15.907943 -14.170520 3.723649 21.627109
47.647648 15.934411 -14.190652 3.728509 21.660606
47.747748 15.960836 -14.210752 3.733361 21.694049
47.847848 15.987217 -14.230818 3.738205 21.727435
47.947948 16.013551 -14.250848 3.743041 21.760764
48.048048 16.039839 -14.270843 3.747868 21.794034
48.148148 16.066081 -14.290803 3.752686 21.827246
48.248248 16.092278 -14.310729 3.757496 21.860401
48.348348 16.118433 -14.330622 3.762298 21.893504
48.448448 16.144547 -14.350485 3.767093 21.926555
48.548549 16.170621 -14.370318 3.771881 21.959557
48.648649 16.196657 -14.390123 3.776662 21.992511
48.748749 16.222654 -14.409899 3.781437 22.025416
48.848849 16.248613 -14.429646 3.786204 22.058274
48.948949 16.274535 -14.449366 3.790965 22.091085
49.049049 16.300419 -14.469058 3.795719 22.123852
49.149149 16.326268 -14.488724 3.800468 22.156573
49.249249 16.352079 -14.508363 3.805209 22.189248
49.349349 16.377854 -14.527975 3.809945 22.221877
49.449449 16.403590 -14.547557 3.814673 22.254459
49.549550 16.429288 -14.567112 3.819395 22.286992
49.649650 16.454946 -14.586636 3.824109 22.319476
49.749750 16.480564 -14.606131 3.828817 22.351911
49.849850 16.506145 -14.625598 3.833518 22.384298
49.949950 16.531688 -14.645037 3.838212 22.416638
50.050050 16.557191 -14.664446 3.842899 22.448929
50.150150 16.582654 -14.683824 3.847579 22.481169
50.250250 16.608075 -14.703172 3.852251 22.513357
50.350350 16.633456 -14.722488 3.856915 22.545494
50.450450 16.658796 -14.741774 3.861573 22.577580
50.550551 16.684096 -14.761030 3.866223 22.609616
50.650651 16.709357 -14.780257 3.870867 22.641604
50.750751 16.734579 -14.799454 3.875503 22.673542
50.850851 16.759762 -14.818622 3.880132 22.705431
50.950951 16.784906 -14.837762 3.884754 22.737272
51.051051 16.810011 -14.856872 3.889370 22.769065
51.151151 16.835078 -14.875953 3.893978 22.800809
51.251251 16.860104 -14.895004 3.898579 22.832503
51.351351 16.885089 -14.914023 3.903173 22.864144
51.451451 16.910034 -14.933012 3.907759 22.895735
51.551552 16.934941 -14.951973 3.912339 22.927279
51.651652 16.959810 -14.970906 3.916912 22.958775
51.751752 16.984641 -14.989810 3.921478 22.990225
51.851852 17.009435 -15.008686 3.926037 23.021627
51.951952 17.034192 -15.027535 3.930590 23.052983
52.052052 17.058914 -15.046358 3.935137 23.084296
52.152152 17.083602 -15.065157 3.939678 23.115567
52.252252 17.108257 -15.083932 3.944213 23.146798
52.352352 17.132879 -15.102682 3.948743 23.177988
52.452452 17.157469 -15.121410 3.953268 23.209138
52.552553 17.182028 -15.140114 3.957787 23.240250
52.652653 17.206556 -15.158797 3.962300 23.271324
52.752753 17.231053 -15.177457 3.966809 23.302360
52.852853 17.255520 -15.196096 3.971313 23.333358
52.952953 17.279956 -15.214712 3.975811 23.364319
53.053053 17.304361 -15.233307 3.980305 23.395243
53.153153 17.328737 -15.251881 3.984794 23.426131
53.253253 17.353084 -15.270434 3.989277 23.456982
53.353353 17.377402 -15.288966 3.993756 23.487798
53.453453 17.401690 -15.307478 3.998230 23.518578
53.553554 17.425948 -15.325968 4.002700 23.549322
53.653654 17.450176 -15.344435 4.007164 23.580027
53.753754 17.474371 -15.362880 4.011622 23.610693
53.853854 17.498536 -15.381302 4.016076 23.641321
53.953954 17.522672 -15.399704 4.020524 23.671914
54.054054 17.546780 -15.418085 4.024968 23.702472
54.154154 17.570857 -15.436446 4.029407 23.732994
54.254254 17.594906 -15.454785 4.033841 23.763480
54.354354 17.618926 -15.473104 4.038271 23.793931
54.454454 17.642917 -15.491403 4.042696 23.824346
54.554555 17.666880 -15.509682 4.047116 23.854728
54.654655 17.690815 -15.527941 4.051532 23.885075
54.754755 17.714722 -15.546180 4.055943 23.915388
54.854855 17.738603 -15.564401 4.060349 23.945668
54.954955 17.762456 -15.582602 4.064752 23.975916
55.055055 17.786283 -15.600785 4.069150 24.006131
55.155155 17.810083 -15.618949 4.073544 24.036314
55.255255 17.833856 -15.637095 4.077934 24.066464
55.355355 17.857604 -15.655223 4.082319 24.096584
55.455455 17.881326 -15.673332 4.086700 24.126671
55.555556 17.905020 -15.691422 4.091077 24.156725
55.655656 17.928685 -15.709491 4.095449 24.186744
55.755756 17.952321 -15.727539 4.099817 24.216726
55.855856 17.975926 -15.745565 4.104179 24.246670
55.955956 17.999501 -15.763569 4.108535 24.276577
56.056056 18.023045 -15.781551 4.112887 24.306446
56.156156 18.046559 -15.799511 4.117234 24.336278
56.256256 18.070041 -15.817447 4.121575 24.366070
56.356356 18.093490 -15.835359 4.125910 24.395822
56.456456 18.116907 -15.853247 4.130239 24.425532
56.556557 18.140290 -15.871110 4.134563 24.455201
56.656657 18.163639 -15.888949 4.138881 24.484829
56.756757 18.186958 -15.906765 4.143193 24.514417
56.856857 18.210245 -15.924558 4.147500 24.543967
56.956957 18.233500 -15.942328 4.151802 24.573478
57.057057 18.256725 -15.960075 4.156098 24.602950
57.157157 18.279919 -15.977801 4.160389 24.632385
57.257257 18.303084 -15.995505 4.164676 24.661784
57.357357 18.326220 -16.013188 4.168957 24.691146
57.457457 18.349326 -16.030849 4.173233 24.720473
57.557558 18.372403 -16.048490 4.177504 24.749763
57.657658 18.395451 -16.066109 4.181771 24.779016
57.757758 18.418469 -16.083706 4.186032 24.808234
57.857858 18.441458 -16.101284 4.190288 24.837416
57.957958 18.464419 -16.118840 4.194540 24.866563
58.058058 18.487351 -16.136376 4.198787 24.895674
58.158158 18.510255 -16.153891 4.203029 24.924750
58.258258 18.533131 -16.171387 4.207267 24.953794
58.358358 18.555981 -16.188864 4.211500 24.982804
58.458458 18.578804 -16.206323 4.215729 25.011782
58.558559 18.601601 -16.223762 4.219953 25.040727
58.658659 18.624371 -16.241183 4.224174 25.069641
58.758759 18.647115 -16.258585 4.228389 25.098521
58.858859 18.669832 -16.275967 4.232601 25.127369
58.958959 18.692522 -16.293330 4.236808 25.156183
59.059059 18.715183 -16.310673 4.241010 25.184962
59.159159 18.737817 -16.327995 4.245207 25.213706
59.259259 18.760422 -16.345298 4.249400 25.242417
59.359359 18.783000 -16.362580 4.253588 25.271092
59.459459 18.805550 -16.379843 4.257771 25.299735
59.559560 18.828074 -16.397087 4.261951 25.328345
59.659660 18.850570 -16.414311 4.266125 25.356920
59.759760 18.873037 -16.431514 4.270295 25.385460
59.859860 18.895475 -16.448695 4.274459 25.413964
59.959960 18.917882 -16.465854 4.278618 25.442429
60.060060 18.940259 -16.482991 4.282772 25.470857
60.160160 18.962606 -16.500106 4.286921 25.499247
60.260260 18.984924 -16.517199 4.291065 25.527601
60.360360 19.007213 -16.534272 4.295203 25.555920
60.460460 19.029472 -16.551323 4.299337 25.584203
60.560561 19.051703 -16.568353 4.303466 25.612448
60.660661 19.073904 -16.585361 4.307590 25.640658
60.760761 19.096075 -16.602348 4.311708 25.668831
60.860861 19.118217 -16.619313 4.315822 25.696967
60.960961 19.140330 -16.636257 4.319930 25.725067
61.061061 19.162411 -16.653178 4.324033 25.753128
61.161161 19.184462 -16.670075 4.328131 25.781150
61.261261 19.206482 -16.686951 4.332223 25.809135
61.361361 19.228471 -16.703803 4.336310 25.837081
61.461461 19.250428 -16.720631 4.340391 25.864985
61.561562 19.272351 -16.737435 4.344466 25.892849
61.661662 19.294242 -16.754213 4.348535 25.920671
61.761762 19.316100 -16.770968 4.352599 25.948453
61.861862 19.337928 -16.787700 4.356657 25.976196
61.961962 19.359725 -16.804409 4.360710 26.003901
62.062062 19.381492 -16.821096 4.364757 26.031570
62.162162 19.403230 -16.837762 4.368800 26.059201
62.262262 19.424937 -16.854406 4.372837 26.086795
62.362362 19.446615 -16.871027 4.376869 26.114352
62.462462 19.468262 -16.887626 4.380895 26.141870
62.562563 19.489879 -16.904203 4.384917 26.169351
62.662663 19.511466 -16.920757 4.388933 26.196795
62.762763 19.533024 -16.937290 4.392944 26.224202
62.862863 19.554553 -16.953802 4.396950 26.251574
62.962963 19.576054 -16.970294 4.400951 26.278910
63.063063 19.597526 -16.986764 4.404947 26.306211
63.163163 19.618970 -17.003214 4.408939 26.333477
63.263263 19.640387 -17.019643 4.412925 26.360709
63.363363 19.661776 -17.036053 4.416907 26.387907
63.463463 19.683138 -17.052443 4.420884 26.415070
63.563564 19.704471 -17.068812 4.424857 26.442199
63.663664 19.725777 -17.085161 4.428824 26.469293
63.763764 19.747055 -17.101490 4.432787 26.496354
63.863864 19.768306 -17.117799 4.436746 26.523380
63.963964 19.789531 -17.134088 4.440699 26.550373
64.064064 19.810728 -17.150358 4.444649 26.577333
64.164164 19.831899 -17.166609 4.448593 26.604261
64.264264 19.853044 -17.182841 4.452533 26.631155
64.364364 19.874160 -17.199052 4.456469 26.658015
64.464464 19.895248 -17.215242 4.460399 26.684839
64.564565 19.916308 -17.231412 4.464325 26.711628
64.664665 19.937339 -17.247560 4.468245 26.738381
64.764765 19.958340 -17.263686 4.472160 26.765097
64.864865 19.979313 -17.279792 4.476070 26.791778
64.964965 20.000259 -17.295877 4.479976 26.818425
65.065065 20.021177 -17.311942 4.483877 26.845038
65.165165 20.042068 -17.327988 4.487773 26.871616
65.265265 20.062930 -17.344012 4.491664 26.898159
65.365365 20.083762 -17.360013 4.495550 26.924664
65.465465 20.104563 -17.375992 4.499430 26.951131
65.565566 20.125334 -17.391948 4.503305 26.977559
65.665666 20.146075 -17.407881 4.507174 27.003949
65.765766 20.166785 -17.423792 4.511038 27.030302
65.865866 20.187465 -17.439680 4.514897 27.056617
65.965966 20.208115 -17.455546 4.518750 27.082893
66.066066 20.228734 -17.471389 4.522598 27.109131
66.166166 20.249323 -17.487209 4.526441 27.135332
66.266266 20.269883 -17.503007 4.530278 27.161495
66.366366 20.290413 -17.518784 4.534110 27.187622
66.466466 20.310913 -17.534538 4.537937 27.213711
66.566567 20.331384 -17.550271 4.541758 27.239765
66.666667 20.351827 -17.565983 4.545575 27.265782
66.766767 20.372242 -17.581674 4.549387 27.291765
66.866867 20.392629 -17.597344 4.553194 27.317713
66.966967 20.412989 -17.612995 4.556996 27.343627
67.067067 20.433322 -17.628625 4.560793 27.369507
67.167167 20.453627 -17.644236 4.564586 27.395353
67.267267 20.473905 -17.659826 4.568374 27.421165
67.367367 20.494156 -17.675396 4.572157 27.446943
67.467467 20.514380 -17.690946 4.575935 27.472687
67.567568 20.534577 -17.706477 4.579709 27.498398
67.667668 20.554747 -17.721988 4.583478 27.524076
67.767768 20.574892 -17.737480 4.587243 27.549722
67.867868 20.595012 -17.752955 4.591004 27.575338
67.967968 20.615108 -17.768413 4.594760 27.600924
68.068068 20.635180 -17.783853 4.598513 27.626480
68.168168 20.655228 -17.799275 4.602261 27.652006
68.268268 20.675252 -17.814680 4.606006 27.677502
68.368368 20.695253 -17.830068 4.609746 27.702971
68.468468 20.715230 -17.845440 4.613483 27.728410
68.568569 20.735184 -17.860795 4.617216 27.753820
68.668669 20.755115 -17.876134 4.620944 27.779202
68.768769 20.775024 -17.891457 4.624670 27.804558
68.868869 20.794913 -17.906766 4.628392 27.829888
68.968969 20.814781 -17.922060 4.632111 27.855194
69.069069 20.834629 -17.937340 4.635826 27.880474
69.169169 20.854456 -17.952605 4.639538 27.905728
69.269269 20.874262 -17.967856 4.643247 27.930958
69.369369 20.894049 -17.983094 4.646953 27.956164
69.469469 20.913816 -17.998318 4.650656 27.981346
69.569570 20.933564 -18.013528 4.654355 28.006504
69.669670 20.953291 -18.028724 4.658051 28.031638
69.769770 20.972999 -18.043906 4.661745 28.056747
69.869870 20.992686 -18.059074 4.665434 28.081832
69.969970 21.012352 -18.074227 4.669121 28.106891
70.070070 21.031999 -18.089367 4.672805 28.131927
70.170170 21.051627 -18.104494 4.676485 28.156939
70.270270 21.071235 -18.119606 4.680162 28.181927
70.370370 21.090823 -18.134705 4.683836 28.206890
70.470470 21.110390 -18.149789 4.687507 28.231828
70.570571 21.129936 -18.164858 4.691174 28.256740
70.670671 21.149459 -18.179910 4.694838 28.281624
70.770771 21.168961 -18.194948 4.698498 28.306482
70.870871 21.188441 -18.209969 4.702154 28.331313
70.970971 21.207900 -18.224976 4.705807 28.356117
71.071071 21.227337 -18.239967 4.709456 28.380895
71.171171 21.246751 -18.254942 4.713101 28.405645
71.271271 21.266144 -18.269901 4.716743 28.430368
71.371371 21.285515 -18.284845 4.720381 28.455065
71.471471 21.304864 -18.299773 4.724016 28.479734
71.571572 21.324192 -18.314686 4.727647 28.504378
71.671672 21.343499 -18.329583 4.731274 28.528995
71.771772 21.362784 -18.344465 4.734898 28.553585
71.871872 21.382047 -18.359332 4.738518 28.578148
71.971972 21.401288 -18.374183 4.742135 28.602685
72.072072 21.420507 -18.389018 4.745748 28.627194
72.172172 21.439704 -18.403836 4.749357 28.651675
72.272272 21.458877 -18.418638 4.752962 28.676128
72.372372 21.478027 -18.433422 4.756563 28.700550
72.472472 21.497151 -18.448188 4.760159 28.724941
72.572573 21.516251 -18.462935 4.763751 28.749302
72.672673 21.535326 -18.477665 4.767339 28.773632
72.772773 21.554376 -18.492375 4.770923 28.797930
72.872873 21.573399 -18.507067 4.774502 28.822196
72.972973 21.592398 -18.521740 4.778077 28.846430
73.073073 21.611371 -18.536394 4.781647 28.870632
73.173173 21.630320 -18.551030 4.785213 28.894805
73.273273 21.649246 -18.565650 4.788775 28.918948
73.373373 21.668149 -18.580252 4.792333 28.943064
73.473473 21.687031 -18.594840 4.795887 28.967152
73.573574 21.705891 -18.609412 4.799438 28.991215
73.673674 21.724730 -18.623969 4.802985 29.015251
73.773774 21.743548 -18.638510 4.806529 29.039261
73.873874 21.762345 -18.653036 4.810069 29.063245
73.973974 21.781120 -18.667548 4.813606 29.087202
74.074074 21.799875 -18.682044 4.817139 29.111135
74.174174 21.818610 -18.696526 4.820669 29.135042
74.274274 21.837325 -18.710994 4.824196 29.158925
74.374374 21.856021 -18.725448 4.827720 29.182785
74.474474 21.874697 -18.739889 4.831240 29.206621
74.574575 21.893354 -18.754316 4.834757 29.230432
74.674675 21.911991 -18.768729 4.838271 29.254220
74.774775 21.930610 -18.783129 4.841782 29.277986
74.874875 21.949210 -18.797515 4.845290 29.301728
74.974975 21.967790 -18.811888 4.848795 29.325445
75.075075 21.986349 -18.826245 4.852296 29.349137
75.175175 22.004885 -18.840586 4.855793 29.372800
75.275275 22.023398 -18.854910 4.859287 29.396434
75.375375 22.041889 -18.869217 4.862776 29.420041
75.475475 22.060357 -18.883508 4.866262 29.443619
75.575576 22.078804 -18.897783 4.869743 29.467171
75.675676 22.097229 -18.912042 4.873222 29.490696
75.775776 22.115633 -18.926287 4.876696 29.514195
75.875876 22.134016 -18.940516 4.880167 29.537668
75.975976 22.152379 -18.954731 4.883635 29.561117
76.076076 22.170723 -18.968933 4.887100 29.584542
76.176176 22.189048 -18.983121 4.890561 29.607943
76.276276 22.207354 -18.997295 4.894020 29.631322
76.376376 22.225642 -19.011457 4.897475 29.654678
76.476476 22.243912 -19.025606 4.900928 29.678012
76.576577 22.262165 -19.039743 4.904378 29.701325
76.676677 22.280401 -19.053869 4.907825 29.724618
76.776777 22.298621 -19.067983 4.911270 29.747891
76.876877 22.316823 -19.082085 4.914711 29.771143
76.976977 22.335009 -19.096176 4.918151 29.794375
77.077077 22.353179 -19.110255 4.921588 29.817587
77.177177 22.371332 -19.124324 4.925022 29.840779
77.277277 22.389470 -19.138382 4.928454 29.863953
77.377377 22.407591 -19.152428 4.931883 29.887107
77.477477 22.425697 -19.166464 4.935310 29.910241
77.577578 22.443784 -19.180487 4.938734 29.933353
77.677678 22.461854 -19.194497 4.942155 29.956443
77.777778 22.479905 -19.208494 4.945573 29.979510
77.877878 22.497936 -19.222477 4.948988 30.002554
77.977978 22.515947 -19.236445 4.952399 30.025572
78.078078 22.533939 -19.250399 4.955807 30.048566
78.178178 22.551910 -19.264339 4.959212 30.071535
78.278278 22.569862 -19.278265 4.962613 30.094480
78.378378 22.587797 -19.292178 4.966012 30.117403
78.478478 22.605713 -19.306078 4.969407 30.140304
78.578579 22.623609 -19.319965 4.972799 30.163180
78.678679 22.641486 -19.333837 4.976188 30.186033
78.778779 22.659344 -19.347695 4.979574 30.208862
78.878879 22.677183 -19.361540 4.982957 30.231667
78.978979 22.695004 -19.375372 4.986336 30.254451
79.079079 22.712807 -19.389191 4.989713 30.277212
79.179179 22.730590 -19.402997 4.993087 30.299949
79.279279 22.748356 -19.416789 4.996457 30.322664
79.379379 22.766102 -19.430568 4.999824 30.345356
79.479479 22.783830 -19.444333 5.003188 30.368024
79.579580 22.801538 -19.458084 5.006549 30.390668
79.679680 22.819226 -19.471821 5.009907 30.413287
79.779780 22.836895 -19.485544 5.013261 30.435883
79.879880 22.854545 -19.499253 5.016612 30.458455
79.979980 22.872173 -19.512946 5.019959 30.481000
80.080080 22.889781 -19.526624 5.023303 30.503519
80.180180 22.907366 -19.540285 5.026643 30.526010
80.280280 22.924928 -19.553930 5.029978 30.548472
80.380380 22.942467 -19.567557 5.033310 30.570906
80.480480 22.959984 -19.581167 5.036637 30.593311
80.580581 22.977477 -19.594760 5.039961 30.615687
80.680681 22.994946 -19.608336 5.043280 30.638033
80.780781 23.012391 -19.621893 5.046595 30.660348
80.880881 23.029811 -19.635430 5.049905 30.682631
80.980981 23.047203 -19.648947 5.053210 30.704879
81.081081 23.064567 -19.662442 5.056510 30.727091
81.181181 23.081903 -19.675916 5.059805 30.749269
81.281281 23.099211 -19.689369 5.063094 30.771411
81.381381 23.116491 -19.702799 5.066379 30.793516
81.481481 23.133743 -19.716209 5.069658 30.815586
81.581582 23.150967 -19.729597 5.072932 30.837622
81.681682 23.168167 -19.742967 5.076201 30.859626
81.781782 23.185340 -19.756317 5.079466 30.881597
81.881882 23.202488 -19.769647 5.082726 30.903536
81.981982 23.219609 -19.782958 5.085981 30.925441
82.082082 23.236704 -19.796248 5.089232 30.947312
82.182182 23.253772 -19.809518 5.092477 30.969150
82.282282 23.270814 -19.822767 5.095718 30.990954
82.382382 23.287830 -19.835998 5.098954 31.012726
82.482482 23.304821 -19.849208 5.102185 31.034465
82.582583 23.321786 -19.862401 5.105412 31.056173
82.682683 23.338727 -19.875574 5.108634 31.077850
82.782783 23.355643 -19.888728 5.111851 31.099495
82.882883 23.372533 -19.901863 5.115064 31.121108
82.982983 23.389398 -19.914978 5.118272 31.142688
83.083083 23.406237 -19.928075 5.121476 31.164236
83.183183 23.423053 -19.941153 5.124675 31.185755
83.283283 23.439845 -19.954214 5.127870 31.207243
83.383383 23.456611 -19.967255 5.131061 31.228700
83.483483 23.473352 -19.980277 5.134246 31.250123
83.583584 23.490067 -19.993278 5.137427 31.271514
83.683684 23.506756 -20.006261 5.140604 31.292872
83.783784 23.523420 -20.019224 5.143775 31.314199
83.883884 23.540059 -20.032169 5.146942 31.335494
83.983984 23.556674 -20.045095 5.150105 31.356759
84.084084 23.573265 -20.058003 5.153263 31.377993
84.184184 23.589831 -20.070892 5.156417 31.399195
84.284284 23.606372 -20.083763 5.159566 31.420367
84.384384 23.622889 -20.096615 5.162711 31.441508
84.484484 23.639383 -20.109449 5.165851 31.462619
84.584585 23.655853 -20.122265 5.168988 31.483700
84.684685 23.672300 -20.135065 5.172120 31.504753
84.784785 23.688724 -20.147847 5.175248 31.525776
84.884885 23.705126 -20.160612 5.178372 31.546772
84.984985 23.721507 -20.173362 5.181492 31.567741
85.085085 23.737865 -20.186095 5.184608 31.588682
85.185185 23.754202 -20.198811 5.187720 31.609596
85.285285 23.770518 -20.211512 5.190829 31.630483
85.385385 23.786812 -20.224198 5.193934 31.651344
85.485485 23.803087 -20.236868 5.197035 31.672180
85.585586 23.819342 -20.249524 5.200133 31.692991
85.685686 23.835577 -20.262165 5.203228 31.713777
85.785786 23.851792 -20.274792 5.206319 31.734538
85.885886 23.867986 -20.287403 5.209406 31.755274
85.985986 23.884161 -20.300000 5.212490 31.775985
86.086086 23.900316 -20.312582 5.215570 31.796670
86.186186 23.916451 -20.325149 5.218647 31.817331
86.286286 23.932568 -20.337703 5.221721 31.837970
86.386386 23.948666 -20.350243 5.224791 31.858585
86.486486 23.964747 -20.362771 5.227859 31.879179
86.586587 23.980810 -20.375285 5.230923 31.899750
86.686687 23.996854 -20.387787 5.233985 31.920299
86.786787 24.012881 -20.400275 5.237043 31.940825
86.886887 24.028890 -20.412750 5.240098 31.961328
86.986987 24.044881 -20.425212 5.243150 31.981811
87.087087 24.060855 -20.437662 5.246200 32.002272
87.187187 24.076814 -20.450101 5.249247 32.022713
87.287287 24.092756 -20.462528 5.252291 32.043135
87.387387 24.108683 -20.474944 5.255332 32.063538
87.487487 24.124594 -20.487349 5.258371 32.083921
87.587588 24.140490 -20.499743 5.261407 32.104285
87.687688 24.156371 -20.512127 5.264441 32.124632
87.787788 24.172238 -20.524501 5.267473 32.144960
87.887888 24.188090 -20.536864 5.270502 32.165272
87.987988 24.203930 -20.549219 5.273530 32.185568
88.088088 24.219758 -20.561566 5.276555 32.205848
88.188188 24.235573 -20.573904 5.279579 32.226115
88.288288 24.251376 -20.586234 5.282601 32.246366
88.388388 24.267167 -20.598556 5.285621 32.266604
88.488488 24.282947 -20.610870 5.288639 32.286827
88.588589 24.298714 -20.623176 5.291655 32.307035
88.688689 24.314470 -20.635474 5.294670 32.327230
88.788789 24.330214 -20.647764 5.297683 32.347410
88.888889 24.345946 -20.660046 5.300694 32.367576
88.988989 24.361666 -20.672320 5.303704 32.387727
89.089089 24.377375 -20.684586 5.306711 32.407865
89.189189 24.393072 -20.696845 5.309717 32.427989
89.289289 24.408758 -20.709096 5.312721 32.448099
89.389389 24.424432 -20.721339 5.315724 32.468195
89.489489 24.440095 -20.733575 5.318725 32.488278
89.589590 24.455748 -20.745803 5.321724 32.508348
89.689690 24.471390 -20.758025 5.324722 32.528406
89.789790 24.487023 -20.770241 5.327718 32.548453
89.889890 24.502647 -20.782452 5.330714 32.568489
89.989990 24.518261 -20.794656 5.333708 32.588514
90.090090 24.533864 -20.806853 5.336700 32.608526
90.190190 24.549457 -20.819043 5.339691 32.628525
90.290290 24.565039 -20.831226 5.342681 32.648512
90.390390 24.580611 -20.843403 5.345669 32.668487
90.490490 24.596173 -20.855572 5.348655 32.688449
90.590591 24.611724 -20.867735 5.351640 32.708399
90.690691 24.627264 -20.879890 5.354624 32.728335
90.790791 24.642792 -20.892037 5.357605 32.748257
90.890891 24.658309 -20.904176 5.360585 32.768165
90.990991 24.673813 -20.916307 5.363563 32.788058
91.091091 24.689305 -20.928429 5.366539 32.807936
91.191191 24.704785 -20.940543 5.369513 32.827799
91.291291 24.720251 -20.952647 5.372484 32.847646
91.391391 24.735705 -20.964743 5.375454 32.867477
91.491491 24.751145 -20.976829 5.378422 32.887292
91.591592 24.766571 -20.988905 5.381387 32.907090
91.691692 24.781985 -21.000973 5.384351 32.926872
91.791792 24.797387 -21.013032 5.387312 32.946639
91.891892 24.812776 -21.025083 5.390272 32.966392
91.991992 24.828154 -21.037126 5.393230 32.986131
92.092092 24.843521 -21.049161 5.396186 33.005856
92.192192 24.858875 -21.061188 5.399140 33.025566
92.292292 24.874217 -21.073206 5.402092 33.045262
92.392392 24.889547 -21.085216 5.405043 33.064942
92.492492 24.904865 -21.097217 5.407991 33.084607
92.592593 24.920171 -21.109210 5.410937 33.104258
92.692693 24.935464 -21.121195 5.413882 33.123894
92.792793 24.950745 -21.133170 5.416825 33.143514
92.892893 24.966012 -21.145136 5.419765 33.163118
92.992993 24.981267 -21.157093 5.422703 33.182706
93.093093 24.996507 -21.169041 5.425639 33.202278
93.193193 25.011734 -21.180978 5.428573 33.221831
93.293293 25.026946 -21.192905 5.431504 33.241367
93.393393 25.042142 -21.204820 5.434433 33.260883
93.493493 25.057322 -21.216723 5.437359 33.280379
93.593594 25.072486 -21.228614 5.440281 33.299854
93.693694 25.087632 -21.240493 5.443201 33.319307
93.793794 25.102761 -21.252358 5.446118 33.338739
93.893894 25.117873 -21.264211 5.449032 33.358150
93.993994 25.132969 -21.276052 5.451943 33.377540
94.094094 25.148046 -21.287880 5.454851 33.396908
94.194194 25.163107 -21.299695 5.457755 33.416254
94.294294 25.178151 -21.311497 5.460657 33.435579
94.394394 25.193177 -21.323286 5.463556 33.454882
94.494494 25.208185 -21.335063 5.466451 33.474163
94.594595 25.223176 -21.346826 5.469344 33.493422
94.694695 25.238150 -21.358576 5.472233 33.512659
94.794795 25.253106 -21.370314 5.475119 33.531875
94.894895 25.268045 -21.382038 5.478003 33.551068
94.994995 25.282967 -21.393750 5.480883 33.570240
95.095095 25.297871 -21.405448 5.483760 33.589390
95.195195 25.312758 -21.417134 5.486634 33.608519
95.295295 25.327628 -21.428807 5.489505 33.627625
95.395395 25.342479 -21.440467 5.492373 33.646709
95.495495 25.357313 -21.452112 5.495237 33.665770
95.595596 25.372127 -21.463744 5.498098 33.684807
95.695696 25.386922 -21.475361 5.500956 33.703820
95.795796 25.401696 -21.486961 5.503809 33.722805
95.895896 25.416448 -21.498545 5.506659 33.741763
95.995996 25.431178 -21.510112 5.509504 33.760692
96.096096 25.445885 -21.521661 5.512345 33.779593
96.196196 25.460570 -21.533194 5.515182 33.798466
96.296296 25.475235 -21.544711 5.518016 33.817314
96.396396 25.489880 -21.556213 5.520845 33.836135
96.496496 25.504505 -21.567700 5.523671 33.854931
96.596597 25.519111 -21.579173 5.526494 33.873705
96.696697 25.533699 -21.590632 5.529313 33.892455
96.796797 25.548268 -21.602076 5.532129 33.911181
96.896897 25.562818 -21.613506 5.534941 33.929881
96.996997 25.577347 -21.624920 5.537750 33.948557
97.097097 25.591856 -21.636319 5.540555 33.967206
97.197197 25.606344 -21.647702 5.543356 33.985831
97.297297 25.620814 -21.659072 5.546154 34.004431
97.397397 25.635265 -21.670427 5.548948 34.023008
97.497497 25.649698 -21.681768 5.551739 34.041561
97.597598 25.664112 -21.693095 5.554526 34.060090
97.697698 25.678506 -21.704407 5.557310 34.078595
97.797798 25.692882 -21.715704 5.560091 34.097076
97.897898 25.707237 -21.726987 5.562868 34.115531
97.997998 25.721571 -21.738253 5.565640 34.133959
98.098098 25.735883 -21.749502 5.568409 34.152360
98.198198 25.750174 -21.760735 5.571174 34.170733
98.298298 25.764442 -21.771950 5.573934 34.189077
98.398398 25.778687 -21.783147 5.576690 34.207392
98.498498 25.792907 -21.794326 5.579442 34.225676
98.598599 25.807103 -21.805485 5.582189 34.243927
98.698699 25.821273 -21.816624 5.584930 34.262146
98.798799 25.835417 -21.827742 5.587667 34.280331
98.898899 25.849534 -21.838840 5.590399 34.298482
98.998999 25.863625 -21.849917 5.593125 34.316599
99.099099 25.877690 -21.860973 5.595847 34.334683
99.199199 25.891728 -21.872009 5.598563 34.352733
99.299299 25.905740 -21.883024 5.601275 34.370749
99.399399 25.919725 -21.894018 5.603981 34.388730
99.499499 25.933683 -21.904991 5.606682 34.406677
99.599600 25.947614 -21.915942 5.609377 34.424588
99.699700 25.961516 -21.926871 5.612067 34.442463
99.799800 25.975389 -21.937776 5.614752 34.460300
99.899900 25.989233 -21.948660 5.617431 34.478101
100.000000 26.003049 -21.959520 5.620104 34.495865
