0.000000 0.656148 0.647633 0.308378 0.972139
0.100100 0.585583 0.698533 0.344860 0.974568
0.200200 0.510500 0.743965 0.378636 0.978499
0.300300 0.431542 0.783659 0.409486 0.983884
0.400400 0.349369 0.817413 0.437225 0.990651
0.500501 0.264674 0.845138 0.461735 0.998754
0.600601 0.178136 0.866810 0.482932 1.008125
0.700701 0.090402 0.882399 0.500735 1.018595
0.800801 0.002100 0.891957 0.515110 1.030015
0.900901 -0.086167 0.895659 0.526099 1.042310
1.001001 -0.173838 0.893697 0.533755 1.055371
1.101101 -0.260404 0.886311 0.538167 1.069103
1.201201 -0.345419 0.873813 0.539471 1.083463
1.301301 -0.428481 0.856507 0.537800 1.098376
1.401401 -0.509208 0.834645 0.533263 1.113685
1.501502 -0.587277 0.808513 0.525993 1.129272
1.601602 -0.662395 0.778401 0.516127 1.145017
1.701702 -0.734320 0.744605 0.503814 1.160815
1.801802 -0.802929 0.707509 0.489260 1.176707
1.901902 -0.868172 0.667502 0.472688 1.192776
2.002002 -0.929986 0.624915 0.454281 1.209034
2.102102 -0.988260 0.580001 0.434175 1.225385
2.202202 -1.042865 0.532984 0.412486 1.241686
2.302302 -1.093706 0.484090 0.389336 1.257823
2.402402 -1.140767 0.433567 0.364865 1.273756
2.502503 -1.184063 0.381656 0.339215 1.289470
2.602603 -1.223634 0.328586 0.312521 1.304960
2.702703 -1.259478 0.274556 0.284900 1.320164
2.802803 -1.291608 0.219755 0.256461 1.335034
2.902903 -1.320145 0.164382 0.227330 1.349624
3.003003 -1.345214 0.108615 0.197624 1.363984
3.103103 -1.366886 0.052611 0.167441 1.378108
3.203203 -1.385171 -0.003486 0.136865 1.391921
3.303303 -1.400144 -0.059538 0.105983 1.405411
3.403403 -1.411929 -0.115418 0.074880 1.418616
3.503504 -1.420602 -0.171007 0.043634 1.431523
3.603604 -1.426204 -0.226190 0.012314 1.444081
3.703704 -1.428756 -0.280852 -0.019011 1.456222
3.803804 -1.428283 -0.334883 -0.050274 1.467878
3.903904 -1.424785 -0.388168 -0.081410 1.478958
4.004004 -1.418281 -0.440597 -0.112352 1.489385
4.104104 -1.408812 -0.492067 -0.143038 1.499113
4.204204 -1.396510 -0.542512 -0.173415 1.508189
4.304304 -1.381534 -0.591880 -0.203439 1.516689
4.404404 -1.364008 -0.640118 -0.233065 1.524660
4.504505 -1.344074 -0.687188 -0.262258 1.532169
4.604605 -1.321850 -0.733048 -0.290981 1.539258
4.704705 -1.297440 -0.777656 -0.319201 1.545959
4.804805 -1.270911 -0.820952 -0.346874 1.552256
4.904905 -1.242297 -0.862859 -0.373955 1.558098
5.005005 -1.211672 -0.903327 -0.400405 1.563481
5.105105 -1.179120 -0.942315 -0.426194 1.568414
5.205205 -1.144710 -0.979772 -0.451285 1.572886
5.305305 -1.108510 -1.015651 -0.475643 1.576889
5.405405 -1.070603 -1.049918 -0.499241 1.580431
5.505506 -1.031050 -1.082520 -0.522042 1.583491
5.605606 -0.989912 -1.113406 -0.544011 1.586048
5.705706 -0.947289 -1.142569 -0.565133 1.588143
5.805806 -0.903283 -1.170009 -0.585398 1.589822
5.905906 -0.857956 -1.195676 -0.604772 1.591062
6.006006 -0.811351 -1.219501 -0.623209 1.591811
6.106106 -0.763517 -1.241411 -0.640663 1.592014
6.206206 -0.714507 -1.261339 -0.657091 1.591623
6.306306 -0.664416 -1.279287 -0.672482 1.590678
6.406406 -0.613325 -1.295226 -0.686813 1.589179
6.506507 -0.561292 -1.309090 -0.700040 1.587080
6.606607 -0.508390 -1.320833 -0.712128 1.584357
6.706707 -0.454702 -1.330428 -0.723054 1.581013
6.806807 -0.400315 -1.337860 -0.732801 1.577060
6.906907 -0.345309 -1.343092 -0.741339 1.572488
7.007007 -0.289767 -1.346085 -0.748637 1.567280
7.107107 -0.233781 -1.346833 -0.754682 1.561460
7.207207 -0.177446 -1.345347 -0.759472 1.555071
7.307307 -0.120854 -1.341611 -0.762987 1.548120
7.407407 -0.064096 -1.335606 -0.765209 1.540616
7.507508 -0.007269 -1.327322 -0.766121 1.532573
7.607608 0.049532 -1.316763 -0.765715 1.524020
7.707708 0.106206 -1.303905 -0.763969 1.514957
7.807808 0.162654 -1.288750 -0.760872 1.505410
7.907908 0.218770 -1.271292 -0.756412 1.495394
8.008008 0.274443 -1.251500 -0.750560 1.484894
8.108108 0.329560 -1.229358 -0.743293 1.473912
8.208208 0.384011 -1.204891 -0.734617 1.462495
8.308308 0.437692 -1.178140 -0.724544 1.450708
8.408408 0.490461 -1.149053 -0.713030 1.438502
8.508509 0.542165 -1.117578 -0.700030 1.425821
8.608609 0.592675 -1.083737 -0.685542 1.412699
8.708709 0.641850 -1.047538 -0.669559 1.399149
8.808809 0.689514 -1.008957 -0.652048 1.385132
8.908909 0.735511 -0.968008 -0.633002 1.370659
9.009009 0.779666 -0.924705 -0.612411 1.355731
9.109109 0.821788 -0.879056 -0.590261 1.340329
9.209209 0.861653 -0.831055 -0.566526 1.324406
9.309309 0.899019 -0.780703 -0.541182 1.307903
9.409409 0.933708 -0.728081 -0.514257 1.290880
9.509510 0.965509 -0.673262 -0.485775 1.273368
9.609610 0.994197 -0.616323 -0.455755 1.255387
9.709710 1.019550 -0.557368 -0.424236 1.236979
9.809810 1.041335 -0.496510 -0.391260 1.218190
9.909910 1.059286 -0.433873 -0.356872 1.199037
10.010010 1.073050 -0.369569 -0.321101 1.179459
10.110110 1.082335 -0.303768 -0.284016 1.159478
10.210210 1.086917 -0.236692 -0.245723 1.139207
10.310310 1.086505 -0.168575 -0.206328 1.118696
10.410410 1.080831 -0.099686 -0.165959 1.098032
10.510511 1.069615 -0.030333 -0.124766 1.077294
10.610611 1.052556 0.039140 -0.082918 1.056542
10.710711 1.029330 0.108335 -0.040613 1.035812
10.810811 0.999635 0.176801 0.001920 1.015152
10.910911 0.963203 0.244024 0.044411 0.994626
11.011011 0.919751 0.309416 0.086547 0.974254
11.111111 0.869161 0.372353 0.127981 0.954184
11.211211 0.811331 0.432129 0.168314 0.934518
11.311311 0.746225 0.487968 0.207102 0.915345
11.411411 0.673963 0.539057 0.243863 0.896815
11.511512 0.594810 0.584563 0.278090 0.879117
11.611612 0.509245 0.623683 0.309270 0.862531
11.711712 0.417846 0.655557 0.336849 0.847241
11.811812 0.321331 0.679279 0.360230 0.833330
11.911912 0.220630 0.693995 0.378829 0.820864
12.012012 0.116936 0.699081 0.392164 0.810049
12.112112 0.011620 0.694048 0.399815 0.801055
12.212212 -0.093806 0.678604 0.401463 0.794025
12.312312 -0.197724 0.652745 0.396942 0.789135
12.412412 -0.298469 0.616633 0.386180 0.786419
12.512513 -0.394364 0.570649 0.369227 0.785806
12.612613 -0.483774 0.515388 0.346265 0.787122
12.712713 -0.565245 0.451751 0.317668 0.790250
12.812813 -0.637507 0.380823 0.283935 0.795022
12.912913 -0.699526 0.303834 0.245673 0.801253
13.013013 -0.750690 0.222175 0.203625 0.808925
13.113113 -0.790608 0.137236 0.158555 0.817946
13.213213 -0.818978 0.050339 0.111195 0.828024
13.313313 -0.835761 -0.037228 0.062286 0.838905
13.413413 -0.841225 -0.124252 0.012557 0.850445
13.513514 -0.835827 -0.209631 -0.037311 0.862522
13.613614 -0.820038 -0.292359 -0.086689 0.874901
13.713714 -0.794445 -0.371549 -0.135007 0.887366
13.813814 -0.759719 -0.446421 -0.181745 0.899720
13.913914 -0.716686 -0.516369 -0.226472 0.911902
14.014014 -0.666327 -0.580989 -0.268855 0.924025
14.114114 -0.609509 -0.639923 -0.308600 0.936075
14.214214 -0.547069 -0.692894 -0.345464 0.948014
14.314314 -0.479832 -0.739720 -0.379258 0.959823
14.414414 -0.408542 -0.780215 -0.409801 0.971380
14.514515 -0.333922 -0.814254 -0.436949 0.982567
14.614615 -0.256680 -0.841779 -0.460596 0.993290
14.714715 -0.177495 -0.862777 -0.480666 1.003458
14.814815 -0.097017 -0.877251 -0.497097 1.012959
14.914915 -0.015870 -0.885268 -0.509865 1.021721
15.015015 0.065343 -0.886996 -0.519006 1.029756
15.115115 0.146051 -0.882534 -0.524520 1.036975
15.215215 0.225724 -0.872083 -0.526470 1.043384
15.315315 0.303837 -0.855807 -0.524899 1.048924
15.415415 0.379884 -0.833851 -0.519838 1.053494
15.515516 0.453416 -0.806484 -0.511399 1.057133
15.615616 0.523961 -0.773904 -0.499650 1.059770
15.715716 0.591092 -0.736360 -0.484690 1.061386
15.815816 0.654406 -0.694137 -0.466643 1.061993
15.915916 0.713482 -0.647486 -0.445615 1.061540
16.016016 0.767959 -0.596722 -0.421748 1.060051
16.116116 0.817510 -0.542187 -0.395209 1.057582
16.216216 0.861745 -0.484183 -0.366133 1.054083
16.316316 0.900329 -0.423054 -0.334684 1.049562
16.416416 0.933010 -0.359200 -0.301070 1.044115
16.516517 0.959477 -0.293002 -0.265478 1.037750
16.616617 0.979431 -0.224862 -0.228111 1.030477
16.716717 0.992605 -0.155211 -0.189192 1.022325
16.816817 0.998689 -0.084499 -0.148949 1.013265
16.916917 0.997391 -0.013207 -0.107630 1.003269
17.017017 0.988446 0.058139 -0.065514 0.992319
17.117117 0.971591 0.128972 -0.022901 0.980381
17.217217 0.946679 0.198690 0.019876 0.967509
17.317317 0.913597 0.266642 0.062452 0.953760
17.417417 0.872199 0.332115 0.104429 0.939115
17.517518 0.822467 0.394362 0.145377 0.923638
17.617618 0.764511 0.452607 0.184839 0.907466
17.717718 0.698526 0.506037 0.222323 0.890752
17.817818 0.624697 0.553710 0.257268 0.873515
17.917918 0.543279 0.594574 0.289040 0.855695
18.018018 0.454741 0.627548 0.316968 0.837302
18.118118 0.359815 0.651599 0.340380 0.818478
18.218218 0.259559 0.665860 0.358671 0.799616
18.318318 0.155251 0.669528 0.371248 0.781150
18.418418 0.048369 0.661743 0.377467 0.763364
18.518519 -0.059324 0.641691 0.376680 0.746441
18.618619 -0.165738 0.608765 0.368326 0.730567
18.718719 -0.268483 0.562699 0.352013 0.715980
18.818819 -0.364939 0.503657 0.327573 0.702962
18.918919 -0.452371 0.432305 0.295116 0.691824
19.019019 -0.528047 0.349835 0.255057 0.682842
19.119119 -0.589452 0.258000 0.208156 0.676274
19.219219 -0.634583 0.159111 0.155549 0.672463
19.319319 -0.661881 0.055821 0.098611 0.671510
19.419419 -0.670434 -0.048998 0.038911 0.673347
19.519520 -0.660144 -0.152388 -0.021854 0.677857
19.619620 -0.631706 -0.251551 -0.081995 0.684874
19.719720 -0.586579 -0.344030 -0.139949 0.694275
19.819820 -0.526702 -0.427824 -0.194363 0.705851
19.919920 -0.454311 -0.501411 -0.244136 0.719314
20.020020 -0.371701 -0.563666 -0.288386 0.734199
20.120120 -0.281288 -0.614047 -0.326558 0.750211
20.220220 -0.185416 -0.652421 -0.358341 0.767099
20.320320 -0.086180 -0.678835 -0.383551 0.784446
20.420420 0.014497 -0.693584 -0.402166 0.801877
20.520521 0.114906 -0.697210 -0.414328 0.819129
20.620621 0.213573 -0.690484 -0.420334 0.836100
20.720721 0.309236 -0.674188 -0.420511 0.852634
20.820821 0.400818 -0.649092 -0.415194 0.868540
20.920921 0.487423 -0.616016 -0.404768 0.883682
21.021021 0.568306 -0.575776 -0.389629 0.897943
21.121121 0.642828 -0.529152 -0.370164 0.911181
21.221221 0.710584 -0.477007 -0.346831 0.923449
21.321321 0.771323 -0.420201 -0.320101 0.934865
21.421421 0.824735 -0.359452 -0.290359 0.945358
21.521522 0.870513 -0.295422 -0.257957 0.954782
21.621622 0.908481 -0.228784 -0.223264 0.963082
21.721722 0.938510 -0.160191 -0.186646 0.970205
21.821822 0.960523 -0.090270 -0.148456 0.976111
21.921922 0.974511 -0.019637 -0.109051 0.980791
22.022022 0.980429 0.051117 -0.068767 0.984166
22.122122 0.978299 0.121411 -0.027942 0.986200
22.222222 0.968268 0.190684 0.013086 0.986952
22.322322 0.950544 0.258400 0.053985 0.986518
22.422422 0.925305 0.324030 0.094433 0.984937
22.522523 0.892583 0.386990 0.134089 0.982062
22.622623 0.852402 0.446668 0.172596 0.977697
22.722723 0.804933 0.502477 0.209598 0.971767
22.822823 0.750418 0.553832 0.244734 0.964236
22.922923 0.689203 0.600186 0.277652 0.955152
23.023023 0.621653 0.640957 0.307980 0.944526
23.123123 0.548086 0.675450 0.335284 0.932227
23.223223 0.468881 0.702906 0.359087 0.918079
23.323323 0.384567 0.722604 0.378921 0.902014
23.423423 0.295797 0.733798 0.394289 0.883979
23.523524 0.203375 0.735775 0.404697 0.864006
23.623624 0.108323 0.728001 0.409736 0.842379
23.723724 0.011803 0.709874 0.408941 0.819325
23.823824 -0.084826 0.680830 0.401849 0.795115
23.923924 -0.179964 0.640451 0.388059 0.770165
24.024024 -0.271758 0.588479 0.367236 0.744998
24.124124 -0.357986 0.524696 0.339031 0.720002
24.224224 -0.435997 0.449055 0.303151 0.695445
24.324324 -0.502824 0.362053 0.259587 0.671788
24.424424 -0.555381 0.264907 0.208731 0.649764
24.524525 -0.590702 0.159660 0.151467 0.630367
24.624625 -0.605991 0.049115 0.089134 0.614477
24.724725 -0.599022 -0.063126 0.023588 0.602801
24.824825 -0.568828 -0.172835 -0.042822 0.596046
24.924925 -0.515993 -0.275593 -0.107487 0.594772
25.025025 -0.442448 -0.367220 -0.167798 0.598972
25.125125 -0.351415 -0.444291 -0.221452 0.608217
25.225225 -0.247050 -0.504465 -0.266681 0.621802
25.325325 -0.133899 -0.546699 -0.302426 0.638960
25.425425 -0.016407 -0.571222 -0.328374 0.659085
25.525526 0.101565 -0.579066 -0.344734 0.681524
25.625626 0.216863 -0.571714 -0.352046 0.705565
25.725726 0.326993 -0.550787 -0.350997 0.730404
25.825826 0.430100 -0.518058 -0.342426 0.755398
25.925926 0.524963 -0.475427 -0.327308 0.780223
26.026026 0.610639 -0.424522 -0.306488 0.804384
26.126126 0.686437 -0.366785 -0.280730 0.827367
26.226226 0.752044 -0.303638 -0.250826 0.848929
26.326326 0.807456 -0.236406 -0.217539 0.869021
26.426426 0.852818 -0.166267 -0.181564 0.887643
26.526527 0.888238 -0.094226 -0.143494 0.904674
26.626627 0.913862 -0.021182 -0.103863 0.919989
26.726727 0.929851 0.052046 -0.063159 0.933446
26.826827 0.936400 0.124709 -0.021836 0.944920
26.926927 0.933883 0.196128 0.019679 0.954458
27.027027 0.922623 0.265670 0.060985 0.962047
27.127127 0.902834 0.332714 0.101703 0.967550
27.227227 0.874816 0.396683 0.141470 0.970914
27.327327 0.838913 0.457031 0.179935 0.972126
27.427427 0.795488 0.513235 0.216760 0.971183
27.527528 0.744936 0.564790 0.251614 0.968104
27.627628 0.687651 0.611185 0.284162 0.962891
27.727728 0.624053 0.651908 0.314066 0.955544
27.827828 0.554642 0.686493 0.341006 0.946142
27.927928 0.479884 0.714377 0.364612 0.934647
28.028028 0.400217 0.734858 0.384431 0.920856
28.128128 0.316231 0.747295 0.400038 0.904700
28.228228 0.228675 0.751154 0.411045 0.886274
28.328328 0.138415 0.745931 0.417078 0.865752
28.428428 0.046430 0.731048 0.417702 0.843245
28.528529 -0.046140 0.705804 0.412399 0.818756
28.628629 -0.137912 0.669533 0.400644 0.792344
28.728729 -0.227252 0.621831 0.382042 0.764378
28.828829 -0.312244 0.562491 0.356281 0.735411
28.928929 -0.390595 0.491390 0.323058 0.705971
29.029029 -0.459575 0.408679 0.282188 0.676652
29.129129 -0.516015 0.314978 0.233713 0.648155
29.229229 -0.556429 0.211648 0.178067 0.621382
29.329329 -0.577285 0.101025 0.116246 0.597475
29.429429 -0.575401 -0.013438 0.049927 0.577719
29.529530 -0.548511 -0.127186 -0.018486 0.563367
29.629630 -0.495975 -0.234872 -0.085968 0.555470
29.729730 -0.419340 -0.331060 -0.149224 0.554720
29.829830 -0.322239 -0.411026 -0.205159 0.561133
29.929930 -0.209869 -0.471499 -0.251363 0.574055
30.030030 -0.088234 -0.511222 -0.286508 0.592638
30.130130 0.036920 -0.530788 -0.310360 0.615973
30.230230 0.160829 -0.531962 -0.323461 0.643021
30.330330 0.279903 -0.517066 -0.326794 0.672679
30.430430 0.391709 -0.488706 -0.321619 0.704066
30.530531 0.494647 -0.449294 -0.309170 0.736293
30.630631 0.587745 -0.400956 -0.290577 0.768535
30.730731 0.670713 -0.345721 -0.266984 0.800413
30.830831 0.743650 -0.285337 -0.239411 0.831715
30.930931 0.806896 -0.221257 -0.208730 0.862325
31.031031 0.860978 -0.154690 -0.175694 0.892234
31.131131 0.906577 -0.086624 -0.140941 0.921547
31.231231 0.944247 -0.017834 -0.104975 0.950232
31.331331 0.974421 0.051066 -0.068194 0.978138
31.431431 0.997540 0.119563 -0.030938 1.005156
31.531532 1.013978 0.187226 0.006505 1.031139
31.631632 1.024145 0.253696 0.043888 1.056012
31.731732 1.028514 0.318697 0.081004 1.079801
31.831832 1.027548 0.382010 0.117680 1.102559
31.931932 1.021674 0.443464 0.153773 1.124333
32.032032 1.011272 0.502914 0.189163 1.145153
32.132132 0.996637 0.560222 0.223739 1.164987
32.232232 0.978050 0.615269 0.257405 1.183805
32.332332 0.955805 0.667974 0.290086 1.201625
32.432432 0.930136 0.718245 0.321703 1.218410
32.532533 0.901245 0.765984 0.352180 1.234101
32.632633 0.869348 0.811123 0.381457 1.248678
32.732733 0.834624 0.853577 0.409466 1.262083
32.832833 0.797280 0.893302 0.436161 1.274316
32.932933 0.757517 0.930265 0.461503 1.285383
33.033033 0.715517 0.964427 0.485451 1.295279
33.133133 0.671459 0.995755 0.507967 1.304000
33.233233 0.625466 1.024149 0.528983 1.311454
33.333333 0.577669 1.049522 0.548435 1.317565
33.433433 0.528212 1.071806 0.566267 1.322284
33.533534 0.477246 1.090947 0.582436 1.325580
33.633634 0.424935 1.106925 0.596912 1.327462
33.733734 0.371417 1.119654 0.609632 1.327865
33.833834 0.316817 1.129008 0.620510 1.326675
33.933934 0.261290 1.134921 0.629494 1.323851
34.034034 0.205009 1.137398 0.636567 1.319439
34.134134 0.148149 1.136457 0.641725 1.313504
34.234234 0.090881 1.132092 0.644945 1.306080
34.334334 0.033372 1.124269 0.646191 1.297172
34.434434 -0.024202 1.112913 0.645403 1.286742
34.534535 -0.081657 1.097887 0.642482 1.274679
34.634635 -0.138792 1.079079 0.637344 1.260905
34.734735 -0.195394 1.056439 0.629939 1.245418
34.834835 -0.251233 1.029894 0.620201 1.228189
34.934935 -0.306053 0.999349 0.608051 1.209170
35.035035 -0.359576 0.964707 0.593403 1.188311
35.135135 -0.411479 0.925843 0.576154 1.165527
35.235235 -0.461376 0.882576 0.556159 1.140667
35.335335 -0.508842 0.834754 0.533289 1.113612
35.435435 -0.553435 0.782305 0.507459 1.084346
35.535536 -0.594677 0.725200 0.478602 1.052908
35.635636 -0.632052 0.663452 0.446675 1.019400
35.735736 -0.664915 0.597044 0.411603 0.983865
35.835836 -0.692425 0.525902 0.373259 0.946228
35.935936 -0.713606 0.450026 0.331546 0.906465
36.036036 -0.727355 0.369536 0.286422 0.864661
36.136136 -0.732412 0.284704 0.237918 0.821029
36.236236 -0.727179 0.195958 0.186121 0.775777
36.336336 -0.709672 0.103999 0.131237 0.729159
36.436436 -0.677573 0.010015 0.073720 0.681645
36.536537 -0.628261 -0.084089 0.014409 0.634027
36.636637 -0.559001 -0.175345 -0.045258 0.587602
36.736737 -0.467366 -0.259347 -0.102977 0.544331
36.836837 -0.352079 -0.329880 -0.155285 0.506847
36.936937 -0.214525 -0.379054 -0.197486 0.478230
37.037037 -0.060844 -0.399057 -0.224452 0.461874
37.137137 0.097803 -0.384917 -0.232188 0.460041
37.237237 0.247984 -0.337344 -0.219761 0.472855
37.337337 0.378522 -0.262753 -0.189754 0.498322
37.437437 0.483351 -0.170041 -0.146701 0.532976
37.537538 0.561184 -0.067639 -0.095343 0.573230
37.637638 0.613836 0.037939 -0.039625 0.616283
37.737738 0.644509 0.142242 0.017560 0.660252
37.837838 0.656526 0.242474 0.074263 0.703800
37.937938 0.652949 0.336968 0.129215 0.746047
38.038038 0.636413 0.424776 0.181603 0.786407
38.138138 0.609090 0.505370 0.230905 0.824443
38.238238 0.572838 0.578534 0.276810 0.859923
38.338338 0.529244 0.644250 0.319147 0.892755
38.438438 0.479583 0.702533 0.357799 0.922807
38.538539 0.424930 0.753448 0.392694 0.949978
38.638639 0.366248 0.797153 0.423828 0.974279
38.738739 0.304347 0.833765 0.451186 0.995671
38.838839 0.239955 0.863450 0.474793 1.014176
38.938939 0.173762 0.886526 0.494762 1.030005
39.039039 0.106359 0.903230 0.511170 1.043279
39.139139 0.038264 0.913733 0.524065 1.054047
39.239239 -0.030043 0.918199 0.533494 1.062359
39.339339 -0.098117 0.916758 0.539487 1.068231
39.439439 -0.165532 0.909535 0.542073 1.071680
39.539540 -0.231884 0.896695 0.541307 1.072775
39.639640 -0.296777 0.878383 0.537234 1.071566
39.739740 -0.359789 0.854635 0.529831 1.067975
39.839840 -0.420485 0.825495 0.519081 1.061930
39.939940 -0.478465 0.791114 0.505031 1.053493
40.040040 -0.533342 0.751686 0.487754 1.042780
40.140140 -0.584648 0.707300 0.467254 1.029764
40.240240 -0.631852 0.658023 0.443518 1.014367
40.340340 -0.674390 0.603954 0.416545 0.996530
40.440440 -0.711635 0.545207 0.386338 0.976182
40.540541 -0.742877 0.481922 0.352908 0.953236
40.640641 -0.767324 0.414290 0.316285 0.927609
40.740741 -0.784087 0.342570 0.276531 0.899231
40.840841 -0.792067 0.267077 0.233715 0.867942
40.940941 -0.789954 0.188247 0.187960 0.833543
41.041041 -0.776387 0.106757 0.139519 0.796014
41.141141 -0.749898 0.023567 0.088802 0.755505
41.241241 -0.708818 -0.059992 0.036407 0.712283
41.341341 -0.651183 -0.142034 -0.016771 0.666704
41.441441 -0.574824 -0.219843 -0.069380 0.619328
41.541542 -0.477687 -0.289491 -0.119357 0.571170
41.641642 -0.358415 -0.345397 -0.163615 0.523956
41.741742 -0.217616 -0.379997 -0.197721 0.480467
41.841842 -0.059951 -0.384002 -0.215843 0.444567
41.941942 0.103171 -0.349083 -0.212024 0.421257
42.042042 0.253672 -0.272958 -0.183133 0.415203
42.142142 0.372708 -0.163012 -0.131547 0.427538
42.242242 0.449316 -0.034129 -0.064767 0.455241
42.342342 0.483196 0.098408 0.008408 0.493186
42.442442 0.480710 0.223888 0.081153 0.536464
42.542543 0.450111 0.336527 0.149297 0.581498
42.642643 0.398938 0.433968 0.210723 0.626006
42.742743 0.333316 0.515820 0.264592 0.668714
42.842843 0.257909 0.582611 0.310740 0.708881
42.942943 0.176236 0.635290 0.349364 0.746129
43.043043 0.090926 0.674837 0.380765 0.780163
43.143143 0.003988 0.702202 0.405291 0.810780
43.243243 -0.082990 0.718328 0.423329 0.837908
43.343343 -0.168729 0.723995 0.435199 0.861415
43.443443 -0.252192 0.720027 0.441274 0.881341
43.543544 -0.332567 0.707335 0.442001 0.897935
43.643644 -0.409149 0.686668 0.437739 0.911335
43.743744 -0.481291 0.658622 0.428769 0.921557
43.843844 -0.548380 0.623732 0.415337 0.928583
43.943944 -0.609821 0.582479 0.397664 0.932363
44.044044 -0.665035 0.535338 0.375964 0.932849
44.144144 -0.713541 0.482847 0.350501 0.930125
44.244244 -0.754839 0.425532 0.321529 0.924251
44.344344 -0.788343 0.363873 0.289265 0.915184
44.444444 -0.813446 0.298388 0.253949 0.902896
44.544545 -0.829456 0.229618 0.215822 0.887300
44.644645 -0.835672 0.158187 0.175177 0.868365
44.744745 -0.831509 0.084840 0.132384 0.846245
44.844845 -0.816225 0.010416 0.087854 0.821006
44.944945 -0.788893 -0.064102 0.042062 0.792610
45.045045 -0.748574 -0.137496 -0.004384 0.761109
45.145145 -0.694290 -0.208247 -0.050703 0.726619
45.245245 -0.625003 -0.274400 -0.095869 0.689286
45.345345 -0.539629 -0.333360 -0.138492 0.649237
45.445445 -0.437420 -0.381742 -0.176692 0.606863
45.545546 -0.318372 -0.415156 -0.207932 0.562984
45.645646 -0.184026 -0.428169 -0.228920 0.519229
45.745746 -0.038592 -0.414338 -0.235511 0.478154
45.845846 0.109400 -0.367295 -0.223170 0.443485
45.945946 0.245868 -0.283658 -0.188532 0.420068
46.046046 0.352941 -0.166812 -0.131761 0.412013
46.146146 0.415684 -0.029082 -0.058479 0.420784
46.246246 0.429459 0.112353 0.021853 0.444450
46.346346 0.400001 0.242875 0.100214 0.478573
46.446446 0.338062 0.354091 0.170678 0.518457
46.546547 0.254562 0.443108 0.230479 0.560596
46.646647 0.158255 0.510162 0.278875 0.602562
46.746747 0.055510 0.556792 0.316116 0.642673
46.846847 -0.049121 0.585071 0.342945 0.679950
46.946947 -0.152425 0.597225 0.360324 0.713964
47.047047 -0.252132 0.595280 0.369197 0.744469
47.147147 -0.346568 0.580929 0.370374 0.771210
47.247247 -0.434472 0.555671 0.364595 0.794019
47.347347 -0.514874 0.520863 0.352547 0.812824
47.447447 -0.586980 0.477710 0.334844 0.827570
47.547548 -0.650100 0.427290 0.312043 0.838199
47.647648 -0.703614 0.370602 0.284658 0.844659
47.747748 -0.746856 0.308552 0.253145 0.846806
47.847848 -0.779116 0.242013 0.217936 0.844445
47.947948 -0.799707 0.171898 0.179493 0.837436
48.048048 -0.807967 0.099181 0.138309 0.825697
48.148148 -0.803259 0.024923 0.094935 0.809233
48.248248 -0.784973 -0.049703 0.049987 0.788131
48.348348 -0.752570 -0.123377 0.004174 0.762628
48.448448 -0.705353 -0.194550 -0.041680 0.732877
48.548549 -0.642588 -0.261353 -0.086567 0.699084
48.648649 -0.563576 -0.321435 -0.129201 0.661537
48.748749 -0.467643 -0.371711 -0.167866 0.620514
48.848849 -0.354702 -0.408246 -0.200297 0.576712
48.948949 -0.225782 -0.426002 -0.223482 0.531413
49.049049 -0.084005 -0.418703 -0.233480 0.486706
49.149149 0.063642 -0.379335 -0.225539 0.445885
49.249249 0.204217 -0.302223 -0.195082 0.413643
49.349349 0.318546 -0.187572 -0.140306 0.395399
49.449449 0.386904 -0.046258 -0.065517 0.395129
49.549550 0.399437 0.101896 0.018821 0.412658
49.649650 0.360777 0.237479 0.101030 0.443581
49.749750 0.284566 0.348977 0.173088 0.482413
49.849850 0.185363 0.432923 0.231533 0.524775
49.949950 0.074511 0.490322 0.275809 0.567484
50.050050 -0.040129 0.523779 0.306632 0.608258
50.150150 -0.153255 0.536332 0.325227 0.645687
50.250250 -0.261322 0.531012 0.332988 0.679076
50.350350 -0.361956 0.510554 0.331258 0.708103
50.450450 -0.453565 0.477367 0.321270 0.732677
50.550551 -0.535045 0.433543 0.304120 0.752809
50.650651 -0.605563 0.380868 0.280758 0.768500
50.750751 -0.664428 0.320901 0.252015 0.779714
50.850851 -0.711106 0.255085 0.218670 0.786484
50.950951 -0.745125 0.184771 0.181457 0.788847
51.051051 -0.765987 0.111237 0.141065 0.786771
51.151151 -0.773198 0.035768 0.098187 0.780228
51.251251 -0.766135 -0.040308 0.053527 0.769060
51.351351 -0.744098 -0.115537 0.007854 0.753055
51.451451 -0.706720 -0.188330 -0.037949 0.732367
51.551552 -0.653733 -0.256889 -0.082871 0.707267
51.651652 -0.584708 -0.319054 -0.125707 0.677850
51.751752 -0.499320 -0.372168 -0.164954 0.644236
51.851852 -0.397645 -0.412977 -0.198726 0.606765
51.951952 -0.280517 -0.437475 -0.224622 0.566153
52.052052 -0.150115 -0.440805 -0.239621 0.523700
52.152152 -0.010983 -0.417345 -0.240016 0.481566
52.252252 0.128472 -0.361393 -0.221672 0.442999
52.352352 0.254369 -0.269390 -0.181141 0.412416
52.452452 0.348130 -0.144294 -0.118269 0.394972
52.552553 0.392922 0.000793 -0.038937 0.394847
52.652653 0.382791 0.145936 0.045934 0.412233
52.752753 0.325302 0.273523 0.125410 0.443130
52.852853 0.235190 0.374339 0.192691 0.482259
52.952953 0.126689 0.446601 0.245318 0.525056
53.053053 0.010447 0.492551 0.283520 0.568418
53.153153 -0.106437 0.515947 0.308755 0.610622
53.253253 -0.219505 0.520445 0.322691 0.650519
53.353353 -0.326025 0.509299 0.326931 0.687431
53.453453 -0.424351 0.485325 0.322939 0.721044
53.553554 -0.513405 0.450758 0.311897 0.751031
53.653654 -0.592469 0.407444 0.294799 0.777134
53.753754 -0.661123 0.356995 0.272536 0.799253
53.853854 -0.719269 0.300897 0.245956 0.817546
53.953954 -0.766951 0.240453 0.215815 0.832230
54.054054 -0.804110 0.176744 0.182734 0.843340
54.154154 -0.830593 0.110726 0.147248 0.850780
54.254254 -0.846352 0.043314 0.109881 0.854554
54.354354 -0.851461 -0.024608 0.071152 0.854783
54.454454 -0.845871 -0.092179 0.031553 0.851463
54.554555 -0.829533 -0.158540 -0.008425 0.844590
54.654655 -0.802428 -0.222797 -0.048266 0.834182
54.754755 -0.764530 -0.284012 -0.087432 0.820252
54.854855 -0.715852 -0.341168 -0.125335 0.802838
54.954955 -0.656396 -0.393129 -0.161316 0.781939
55.055055 -0.586235 -0.438608 -0.194625 0.757580
55.155155 -0.505485 -0.476076 -0.224368 0.729729
55.255255 -0.414504 -0.503803 -0.249509 0.698488
55.355355 -0.313974 -0.519769 -0.268813 0.664079
55.455455 -0.204927 -0.521381 -0.280677 0.626589
55.555556 -0.089208 -0.505566 -0.283142 0.586280
55.655656 0.029964 -0.468826 -0.273865 0.543781
55.755756 0.147207 -0.407303 -0.250075 0.500103
55.855856 0.253862 -0.317861 -0.209094 0.457386
55.955956 0.337003 -0.200028 -0.149353 0.419390
56.056056 0.380097 -0.059305 -0.072372 0.391444
56.156156 0.368071 0.089343 0.014714 0.379045
56.256256 0.297130 0.223484 0.099325 0.384833
56.356356 0.180200 0.323507 0.168836 0.406982
56.456456 0.039106 0.381443 0.216454 0.440318
56.556557 -0.106632 0.399794 0.241669 0.479176
56.656657 -0.244257 0.386043 0.247523 0.519575
56.756757 -0.367008 0.348298 0.238023 0.559162
56.856857 -0.471794 0.293312 0.216762 0.596328
56.956957 -0.557599 0.226431 0.186724 0.630122
57.057057 -0.624553 0.151854 0.150351 0.660099
57.157157 -0.673318 0.072840 0.109591 0.686056
57.257257 -0.704805 -0.008040 0.066020 0.707936
57.357357 -0.719958 -0.088719 0.020927 0.725706
57.457457 -0.719656 -0.167468 -0.024600 0.739294
57.557558 -0.704775 -0.242797 -0.069612 0.748668
57.657658 -0.676176 -0.313362 -0.113248 0.753814
57.757758 -0.634727 -0.377932 -0.154708 0.754749
57.857858 -0.581333 -0.435340 -0.193229 0.751536
57.957958 -0.516867 -0.484396 -0.228034 0.744171
58.058058 -0.442248 -0.523863 -0.258317 0.732627
58.158158 -0.358565 -0.552503 -0.283254 0.716981
58.258258 -0.267104 -0.569031 -0.301973 0.697373
58.358358 -0.169368 -0.571998 -0.313486 0.673900
58.458458 -0.067257 -0.559845 -0.316703 0.646723
58.558559 0.036750 -0.530870 -0.310390 0.616048
58.658659 0.139312 -0.483298 -0.293189 0.582190
58.758759 0.235827 -0.415503 -0.263698 0.545705
58.858859 0.319963 -0.326457 -0.220688 0.507596
58.958959 0.383113 -0.216546 -0.163519 0.469475
59.059059 0.414195 -0.089096 -0.093002 0.433757
59.159159 0.401437 0.047181 -0.012990 0.404409
59.259259 0.336619 0.176712 0.068344 0.386277
59.359359 0.221913 0.279642 0.139312 0.383214
59.459459 0.073474 0.340255 0.189213 0.396198
59.559560 -0.085529 0.354168 0.213193 0.422138
59.659660 -0.235326 0.327493 0.212801 0.455976
59.759760 -0.364133 0.270860 0.192996 0.493159
59.859860 -0.466912 0.194516 0.159194 0.530270
59.959960 -0.542646 0.106725 0.116066 0.565090
60.060060 -0.592487 0.013736 0.067339 0.596459
60.160160 -0.618577 -0.079860 0.015881 0.623913
60.260260 -0.623242 -0.170712 -0.036140 0.647209
60.360360 -0.608712 -0.256307 -0.087049 0.666184
60.460460 -0.576977 -0.334640 -0.135487 0.680620
60.560561 -0.529957 -0.404084 -0.180321 0.690401
60.660661 -0.469577 -0.463299 -0.220587 0.695563
60.760761 -0.397623 -0.511037 -0.255381 0.696047
60.860861 -0.315887 -0.546123 -0.283847 0.691812
60.960961 -0.226229 -0.567392 -0.305124 0.682799
61.061061 -0.130628 -0.573554 -0.318269 0.668823
61.161161 -0.031400 -0.563428 -0.322368 0.649891
61.261261 0.068695 -0.535888 -0.316492 0.626148
61.361361 0.166243 -0.489595 -0.299527 0.597542
61.461461 0.256827 -0.423336 -0.270329 0.564138
61.561562 0.334582 -0.336401 -0.227898 0.526353
61.661662 0.391731 -0.229213 -0.171701 0.485256
61.761762 0.418282 -0.104659 -0.102404 0.443170
61.861862 0.402074 0.029879 -0.023050 0.403841
61.961962 0.332033 0.159545 0.058886 0.373052
62.062062 0.206617 0.261670 0.130462 0.358025
62.162162 0.042370 0.314106 0.177224 0.363134
62.262262 -0.130163 0.309235 0.191708 0.386420
62.362362 -0.283701 0.256871 0.176850 0.421598
62.462462 -0.404389 0.173778 0.140943 0.462163
62.562563 -0.489319 0.074805 0.092278 0.503532
62.662663 -0.540942 -0.029533 0.037173 0.543021
62.762763 -0.563414 -0.132433 -0.020023 0.579115
62.862863 -0.561128 -0.229603 -0.076391 0.611079
62.962963 -0.538033 -0.318298 -0.129950 0.638499
63.063063 -0.497528 -0.396711 -0.179313 0.661110
63.163163 -0.442636 -0.463647 -0.223489 0.678854
63.263263 -0.376032 -0.518292 -0.261737 0.691761
63.363363 -0.300104 -0.560039 -0.293469 0.699879
63.463463 -0.216988 -0.588282 -0.318119 0.703107
63.563564 -0.128743 -0.602495 -0.335179 0.701370
63.663664 -0.037471 -0.602286 -0.344209 0.694717
63.763764 0.054659 -0.587297 -0.344786 0.683215
63.863864 0.145294 -0.557101 -0.336428 0.666824
63.963964 0.231799 -0.511397 -0.318696 0.645619
64.064064 0.311092 -0.450048 -0.291202 0.619774
64.164164 0.379398 -0.373042 -0.253561 0.589403
64.264264 0.431997 -0.280844 -0.205568 0.554755
64.364364 0.462884 -0.174820 -0.147410 0.516289
64.464464 0.464593 -0.058139 -0.080170 0.475030
64.564565 0.428492 0.062781 -0.006690 0.433119
64.664665 0.346137 0.176166 0.067074 0.394137
64.764765 0.214477 0.263367 0.130654 0.363913
64.864865 0.044907 0.302548 0.170292 0.350073
64.964965 -0.133426 0.280816 0.175617 0.357074
65.065065 -0.287009 0.205333 0.147405 0.382445
65.165165 -0.396653 0.097216 0.095935 0.419509
65.265265 -0.459306 -0.023095 0.032707 0.461047
65.365365 -0.480441 -0.141777 -0.033741 0.502059
65.465465 -0.467967 -0.250798 -0.097977 0.539900
65.565566 -0.429229 -0.345918 -0.156816 0.573139
65.665666 -0.370573 -0.425090 -0.208438 0.601226
65.765766 -0.297096 -0.487311 -0.251753 0.623793
65.865866 -0.213014 -0.532153 -0.286090 0.640632
65.965966 -0.121935 -0.559465 -0.311001 0.651606
66.066066 -0.027081 -0.569352 -0.326223 0.656747
66.166166 0.068544 -0.562004 -0.331565 0.656111
66.266266 0.162033 -0.537595 -0.326837 0.649681
66.366366 0.250383 -0.496395 -0.311892 0.637477
66.466466 0.330362 -0.438791 -0.286630 0.619543
66.566567 0.398338 -0.365430 -0.251062 0.596023
66.666667 0.450071 -0.277359 -0.205367 0.567158
66.766767 0.480507 -0.176384 -0.150081 0.533407
66.866867 0.483528 -0.065625 -0.086394 0.495550
66.966967 0.452049 0.049437 -0.016761 0.455053
67.067067 0.378911 0.159376 0.054088 0.414608
67.167167 0.259646 0.248986 0.117817 0.378537
67.267267 0.099355 0.297767 0.162071 0.353275
67.367367 -0.079647 0.287653 0.174175 0.345579
67.467467 -0.242019 0.217175 0.149736 0.357993
67.567568 -0.359166 0.104984 0.096664 0.386478
67.667668 -0.422429 -0.023937 0.028524 0.424067
67.767768 -0.437824 -0.150814 -0.043235 0.465085
67.867868 -0.415895 -0.265266 -0.111557 0.505747
67.967968 -0.366634 -0.362576 -0.172716 0.543795
68.068068 -0.298151 -0.441070 -0.224931 0.577954
68.168168 -0.216740 -0.500575 -0.267472 0.607530
68.268268 -0.127327 -0.541701 -0.300197 0.632274
68.368368 -0.033812 -0.565430 -0.323283 0.652201
68.468468 0.060674 -0.572660 -0.336933 0.667192
68.568569 0.153484 -0.564278 -0.341395 0.677140
68.668669 0.242310 -0.541360 -0.337061 0.682198
68.768769 0.325049 -0.504943 -0.324317 0.682500
68.868869 0.399764 -0.456140 -0.303612 0.678274
68.968969 0.464465 -0.396006 -0.275357 0.669604
69.069069 0.516945 -0.325541 -0.239908 0.656327
69.169169 0.554937 -0.246041 -0.197787 0.638444
69.269269 0.576138 -0.159188 -0.149734 0.616195
69.369369 0.577892 -0.067079 -0.096695 0.589753
69.469469 0.557225 0.027497 -0.039982 0.559334
69.569570 0.511007 0.120624 0.018455 0.525375
69.669670 0.436263 0.206762 0.075715 0.488681
69.769770 0.331112 0.278081 0.127461 0.450789
69.869870 0.196360 0.323801 0.167386 0.414032
69.969970 0.039212 0.331129 0.187376 0.382484
70.070070 -0.122852 0.289229 0.179417 0.361852
70.170170 -0.262798 0.196873 0.140090 0.356997
70.270270 -0.354703 0.068442 0.075105 0.368971
70.370370 -0.387849 -0.071939 -0.002676 0.394473
70.470470 -0.368001 -0.203146 -0.080470 0.427982
70.570571 -0.308305 -0.312927 -0.149880 0.464154
70.670671 -0.222395 -0.396630 -0.206852 0.499562
70.770771 -0.121424 -0.453923 -0.250076 0.532285
70.870871 -0.013662 -0.486371 -0.279627 0.561190
70.970971 0.094809 -0.496365 -0.296276 0.585787
71.071071 0.199458 -0.486232 -0.300915 0.605603
71.171171 0.296796 -0.458257 -0.294511 0.620342
71.271271 0.384096 -0.414803 -0.278159 0.630051
71.371371 0.459016 -0.358029 -0.252870 0.634684
71.471471 0.519445 -0.290004 -0.219628 0.634162
71.571572 0.563523 -0.212906 -0.179504 0.628577
71.671672 0.589371 -0.128994 -0.133616 0.617941
71.771772 0.594972 -0.040734 -0.083186 0.602139
71.871872 0.578469 0.048947 -0.029719 0.581296
71.971972 0.537967 0.136465 0.024904 0.555564
72.072072 0.471651 0.217261 0.078232 0.525145
72.172172 0.378271 0.285313 0.126911 0.490509
72.272272 0.258005 0.332625 0.166303 0.452618
72.372372 0.114359 0.348819 0.190062 0.413372
72.472472 -0.042444 0.321909 0.190236 0.376320
72.572573 -0.191089 0.242747 0.159404 0.347637
72.672673 -0.299396 0.114271 0.096037 0.334542
72.772773 -0.338402 -0.040351 0.010616 0.340964
72.872873 -0.303088 -0.186812 -0.077541 0.364381
72.972973 -0.212377 -0.300357 -0.152236 0.398113
73.073073 -0.091506 -0.372765 -0.206187 0.435706
73.173173 0.039535 -0.406290 -0.238694 0.472874
73.273273 0.167749 -0.407013 -0.251967 0.507234
73.373373 0.285343 -0.381420 -0.248971 0.537483
73.473473 0.387810 -0.335407 -0.232661 0.563050
73.573574 0.472535 -0.273983 -0.205668 0.583657
73.673674 0.537888 -0.201310 -0.170235 0.599023
73.773774 0.582911 -0.121034 -0.128370 0.609027
73.873874 0.607032 -0.036445 -0.081918 0.613617
73.973974 0.609930 0.049383 -0.032622 0.612794
74.074074 0.591547 0.133437 0.017783 0.606671
74.174174 0.551901 0.212625 0.067508 0.595283
74.274274 0.491327 0.283665 0.114624 0.578798
74.374374 0.410576 0.342928 0.156959 0.557501
74.474474 0.310832 0.386124 0.191915 0.531545
74.574575 0.194417 0.408276 0.216386 0.501309
74.674675 0.065680 0.403858 0.226740 0.467789
74.774775 -0.067871 0.366973 0.218820 0.432618
74.874875 -0.193809 0.292623 0.188492 0.398396
74.974975 -0.293150 0.179825 0.133284 0.368835
75.075075 -0.342138 0.037318 0.055863 0.348671
75.175175 -0.321902 -0.112030 -0.032450 0.342381
75.275275 -0.232897 -0.237467 -0.113844 0.351557
75.375375 -0.097370 -0.316400 -0.173035 0.373538
75.475475 0.055069 -0.343398 -0.203916 0.403158
75.575576 0.201065 -0.325548 -0.208242 0.435629
75.675676 0.326850 -0.274070 -0.191112 0.467407
75.775776 0.425878 -0.199771 -0.158115 0.496267
75.875876 0.496026 -0.111731 -0.114284 0.521139
75.975976 0.537507 -0.017137 -0.063792 0.541551
76.076076 0.551512 0.078370 -0.010018 0.557143
76.176176 0.539750 0.170228 0.044232 0.567683
76.276276 0.504320 0.254608 0.096534 0.573135
76.376376 0.447595 0.328205 0.144741 0.573594
76.476476 0.372136 0.387998 0.186851 0.569158
76.576577 0.280799 0.431138 0.220933 0.559946
76.676677 0.176993 0.454964 0.245106 0.546256
76.776777 0.064747 0.456703 0.257365 0.528211
76.876877 -0.050826 0.433773 0.255705 0.506090
76.976977 -0.163022 0.384120 0.238267 0.480515
77.077077 -0.263109 0.306735 0.203593 0.452507
77.177177 -0.339982 0.202930 0.151328 0.423873
77.277277 -0.380251 0.077926 0.083146 0.396959
77.377377 -0.370608 -0.056674 0.004415 0.374943
77.477477 -0.303329 -0.181845 -0.074647 0.361453
77.577578 -0.183133 -0.274825 -0.140417 0.358864
77.677678 -0.029851 -0.318210 -0.180850 0.367227
77.777778 0.128909 -0.307870 -0.190794 0.384453
77.877878 0.269077 -0.251813 -0.172461 0.406885
77.977978 0.375875 -0.163889 -0.132371 0.430887
78.078078 0.443348 -0.058462 -0.078227 0.453977
78.178178 0.471271 0.052391 -0.016982 0.474479
78.278278 0.462652 0.159319 0.045659 0.491441
78.378378 0.422253 0.255394 0.105216 0.504573
78.478478 0.355086 0.335281 0.158104 0.513319
78.578579 0.266361 0.394802 0.201388 0.517082
78.678679 0.161876 0.430885 0.232710 0.515771
78.778779 0.047798 0.441216 0.250117 0.509426
78.878879 -0.069121 0.424293 0.252062 0.498335
78.978979 -0.181339 0.379504 0.237436 0.482994
79.079079 -0.280116 0.307156 0.205542 0.463743
79.179179 -0.355410 0.209484 0.156661 0.441296
79.279279 -0.396200 0.091923 0.092832 0.417184
79.379379 -0.391313 -0.035717 0.018598 0.393380
79.479479 -0.332266 -0.157787 -0.057847 0.372349
79.579580 -0.219102 -0.253479 -0.124478 0.357424
79.679680 -0.065899 -0.302104 -0.167931 0.351867
79.779780 0.099974 -0.292382 -0.178945 0.357076
79.879880 0.247521 -0.228169 -0.156640 0.371300
79.979980 0.354134 -0.125487 -0.108005 0.390926
80.080080 0.410206 -0.004399 -0.043669 0.412547
80.180180 0.415976 0.117552 0.026208 0.433060
80.280280 0.377367 0.227203 0.093429 0.450285
80.380380 0.303047 0.315520 0.151905 0.463105
80.480480 0.202397 0.376500 0.197227 0.470760
80.580581 0.085005 0.406331 0.226232 0.472770
80.680681 -0.039270 0.402895 0.236707 0.468932
80.780781 -0.160064 0.365380 0.227144 0.459040
80.880881 -0.265981 0.294535 0.196833 0.442990
80.980981 -0.344123 0.193496 0.146293 0.421026
81.081081 -0.380219 0.069418 0.078227 0.394341
81.181181 -0.359923 -0.064178 -0.000992 0.365602
81.281281 -0.273131 -0.184830 -0.079400 0.339215
81.381381 -0.123842 -0.261591 -0.138715 0.320950
81.481481 0.058265 -0.267061 -0.160134 0.316795
81.581582 0.224418 -0.197906 -0.136839 0.329022
81.681682 0.335670 -0.078727 -0.079139 0.353745
81.781782 0.379845 0.057336 -0.004959 0.384179
81.881882 0.363837 0.185098 0.070460 0.414250
81.981982 0.301646 0.289939 0.137266 0.440337
82.082082 0.207534 0.364466 0.189759 0.460341
82.182182 0.094194 0.405570 0.224870 0.473208
82.282282 -0.027105 0.412587 0.241086 0.478628
82.382382 -0.146176 0.386156 0.237754 0.476457
82.482482 -0.253181 0.328172 0.214983 0.466920
82.582583 -0.338072 0.241852 0.173624 0.450478
82.682683 -0.390103 0.132418 0.115616 0.427881
82.782783 -0.397603 0.008398 0.044716 0.400198
82.882883 -0.349375 -0.116064 -0.032026 0.369539
82.982983 -0.239434 -0.218891 -0.102457 0.340205
83.083083 -0.076595 -0.271520 -0.149189 0.319135
83.183183 0.105794 -0.250907 -0.155567 0.313604
83.283283 0.258344 -0.159162 -0.117856 0.325521
83.383383 0.345091 -0.025615 -0.049398 0.349548
83.483483 0.359376 0.114468 0.030101 0.378365
83.583584 0.313751 0.236334 0.105083 0.406615
83.683684 0.225912 0.327047 0.166298 0.430872
83.783784 0.112554 0.381371 0.209049 0.449237
83.883884 -0.011984 0.398411 0.231380 0.460881
83.983984 -0.135486 0.379509 0.232842 0.465402
84.084084 -0.247095 0.327424 0.213941 0.462637
84.184184 -0.336520 0.246181 0.175969 0.452566
84.284284 -0.393493 0.141498 0.121201 0.435371
84.384384 -0.408066 0.021922 0.053579 0.412152
84.484484 -0.370975 -0.099862 -0.020500 0.384727
84.584585 -0.276440 -0.205359 -0.090928 0.356173
84.684685 -0.128740 -0.269887 -0.143017 0.331461
84.784785 0.048733 -0.269105 -0.160359 0.317029
84.884885 0.212294 -0.195075 -0.133988 0.317924
84.984985 0.318965 -0.067953 -0.071239 0.333813
85.085085 0.351291 0.076136 0.008766 0.359554
85.185185 0.317271 0.206853 0.087698 0.388768
85.285285 0.235640 0.307378 0.153960 0.416787
85.385385 0.125445 0.371416 0.202005 0.441012
85.485485 0.002459 0.398448 0.229953 0.460049
85.585586 -0.120879 0.390596 0.237783 0.472988
85.685686 -0.234524 0.351275 0.226460 0.479249
85.785786 -0.330034 0.284827 0.197646 0.478657
85.885886 -0.399896 0.196371 0.153546 0.471227
85.985986 -0.437145 0.092073 0.097023 0.457151
86.086086 -0.435175 -0.020221 0.031949 0.436815
86.186186 -0.388529 -0.130090 -0.036204 0.411326
86.286286 -0.294634 -0.223570 -0.099625 0.383038
86.386386 -0.156783 -0.282638 -0.147573 0.355307
86.486486 0.009764 -0.287597 -0.167135 0.332778
86.586587 0.172932 -0.226308 -0.148086 0.321014
86.686687 0.291486 -0.107293 -0.091212 0.323721
86.786787 0.337311 0.039048 -0.011260 0.339750
86.886887 0.309717 0.177844 0.071695 0.364271
86.986987 0.227242 0.286167 0.142547 0.392238
87.087087 0.112513 0.354913 0.193767 0.419724
87.187187 -0.015354 0.383697 0.223217 0.444168
87.287287 -0.142041 0.376310 0.231651 0.464163
87.387387 -0.257186 0.337958 0.221038 0.478767
87.487487 -0.353209 0.274372 0.193929 0.487489
87.587588 -0.424569 0.191612 0.153270 0.490373
87.687688 -0.466877 0.095804 0.102160 0.487431
87.787788 -0.476635 -0.006596 0.043978 0.478705
87.887888 -0.451505 -0.108378 -0.017346 0.464654
87.987988 -0.390456 -0.201340 -0.077175 0.446038
88.088088 -0.294438 -0.275944 -0.129904 0.423927
88.188188 -0.167776 -0.321248 -0.168777 0.399794
88.288288 -0.020512 -0.325779 -0.186160 0.375777
88.388388 0.129112 -0.280654 -0.175090 0.355096
88.488488 0.254569 -0.184992 -0.132401 0.341405
88.588589 0.327742 -0.051916 -0.062854 0.337729
88.688689 0.331939 0.092109 0.019934 0.345058
88.788789 0.270408 0.218362 0.099045 0.361403
88.888889 0.161981 0.307557 0.161448 0.383269
88.988989 0.029753 0.352776 0.200830 0.407025
89.089089 -0.106483 0.355974 0.216337 0.429951
89.189189 -0.232383 0.323553 0.210229 0.450427
89.289289 -0.338316 0.263058 0.185900 0.467137
89.389389 -0.418156 0.182146 0.147158 0.479257
89.489489 -0.468351 0.088278 0.097960 0.486561
89.589590 -0.487005 -0.011527 0.042168 0.488963
89.689690 -0.473698 -0.110547 -0.016374 0.486702
89.789790 -0.429121 -0.202187 -0.073788 0.480072
89.889890 -0.355037 -0.279800 -0.126056 0.469286
89.989990 -0.254557 -0.336360 -0.168807 0.454349
90.090090 -0.133011 -0.364684 -0.197357 0.435472
90.190190 0.000865 -0.358191 -0.207029 0.413718
90.290290 0.134145 -0.311743 -0.193557 0.390696
90.390390 0.248886 -0.223882 -0.154300 0.368613
90.490490 0.323220 -0.100669 -0.090567 0.350439
90.590591 0.336952 0.040743 -0.010245 0.339561
90.690691 0.281405 0.173415 0.071975 0.338293
90.790791 0.166794 0.269750 0.139123 0.346325
90.890891 0.019015 0.313387 0.179150 0.361480
90.990991 -0.132639 0.303173 0.188454 0.380817
91.091091 -0.265264 0.248190 0.169985 0.401071
91.191191 -0.364700 0.161662 0.129964 0.419561
91.291291 -0.424250 0.057189 0.075576 0.434708
91.391391 -0.442182 -0.053013 0.013706 0.445559
91.491491 -0.419682 -0.158406 -0.049440 0.451298
91.591592 -0.360271 -0.249858 -0.108232 0.451596
91.691692 -0.269563 -0.319538 -0.157584 0.446767
91.791792 -0.154816 -0.360484 -0.192744 0.437112
91.891892 -0.025447 -0.366880 -0.209411 0.423204
91.991992 0.106266 -0.334655 -0.203998 0.406081
92.092092 0.224753 -0.262327 -0.174091 0.386829
92.192192 0.311303 -0.153607 -0.119957 0.367280
92.292292 0.346346 -0.020228 -0.046412 0.350027
92.392392 0.315183 0.116347 0.035618 0.337854
92.492492 0.217407 0.227900 0.109870 0.333580
92.592593 0.072015 0.289464 0.160015 0.338498
92.692693 -0.088916 0.290056 0.176492 0.350982
92.792793 -0.233523 0.235372 0.159398 0.367887
92.892893 -0.340078 0.141552 0.115877 0.386157
92.992993 -0.398378 0.027238 0.055679 0.403171
93.093093 -0.406824 -0.090734 -0.011632 0.416982
93.193193 -0.369186 -0.198562 -0.077702 0.426336
93.293293 -0.292147 -0.285224 -0.135494 0.430188
93.393393 -0.184620 -0.342064 -0.179114 0.427989
93.493493 -0.057589 -0.362450 -0.203628 0.419703
93.593594 0.075711 -0.341526 -0.204905 0.405411
93.693694 0.198880 -0.277056 -0.180007 0.385637
93.793794 0.291932 -0.171731 -0.128486 0.362249
93.893894 0.332188 -0.036424 -0.054349 0.338570
93.993994 0.299196 0.105755 0.031101 0.318857
94.094094 0.187751 0.219060 0.107736 0.307969
94.194194 0.021996 0.268390 0.152855 0.309647
94.294294 -0.150621 0.240934 0.154299 0.323333
94.394394 -0.286170 0.152053 0.116539 0.344376
94.494494 -0.362055 0.030387 0.053856 0.367297
94.594595 -0.375333 -0.097227 -0.018541 0.388165
94.694695 -0.333681 -0.211015 -0.088457 0.404593
94.794795 -0.248888 -0.297784 -0.147088 0.415037
94.894895 -0.134410 -0.349162 -0.188250 0.418830
94.994995 -0.004432 -0.360128 -0.207616 0.415712
95.095095 0.125882 -0.328416 -0.202361 0.405775
95.195195 0.239792 -0.254885 -0.171300 0.389628
95.295295 0.318553 -0.144809 -0.115601 0.368523
95.395395 0.341961 -0.010497 -0.040350 0.344493
95.495495 0.292784 0.124921 0.042817 0.321187
95.595596 0.167655 0.226418 0.114002 0.303925
95.695696 -0.008263 0.257358 0.149515 0.297751
95.795796 -0.181263 0.203043 0.135480 0.304035
95.895896 -0.297923 0.084232 0.078535 0.319407
95.995996 -0.333450 -0.058691 -0.000476 0.338576
96.096096 -0.291813 -0.188913 -0.079885 0.356686
96.196196 -0.192361 -0.282459 -0.143902 0.370802
96.296296 -0.059246 -0.327206 -0.183100 0.379604
96.396396 0.083527 -0.319188 -0.192783 0.382129
96.496496 0.213169 -0.261051 -0.172193 0.378470
96.596597 0.308518 -0.161300 -0.124122 0.369605
96.696697 0.350495 -0.034152 -0.054872 0.356404
96.796797 0.324648 0.098970 0.024630 0.340291
96.896897 0.226692 0.209203 0.098137 0.323707
96.996997 0.070772 0.264543 0.145742 0.310214
97.097097 -0.105014 0.241877 0.150271 0.303503
97.197197 -0.247777 0.143636 0.107827 0.306025
97.297297 -0.315736 0.001382 0.032455 0.317403
97.397397 -0.297963 -0.142162 -0.052259 0.334250
97.497497 -0.210223 -0.253243 -0.125231 0.352148
97.597598 -0.079807 -0.313931 -0.173369 0.367395
97.697698 0.065102 -0.319171 -0.190925 0.377572
97.797798 0.199558 -0.272306 -0.177331 0.381340
97.897898 0.302119 -0.182096 -0.135495 0.377881
97.997998 0.354563 -0.062014 -0.071377 0.366954
98.098098 0.342551 0.068781 0.005393 0.349429
98.198198 0.258477 0.184177 0.080492 0.327430
98.298298 0.109028 0.251229 0.134214 0.304986
98.398398 -0.073130 0.237968 0.144816 0.288008
98.498498 -0.226223 0.135559 0.100999 0.282407
98.598599 -0.288698 -0.021145 0.016729 0.289954
98.698699 -0.243149 -0.171174 -0.074516 0.306553
98.798799 -0.118749 -0.267469 -0.142622 0.325549
98.898899 0.038781 -0.291902 -0.172532 0.341289
98.998999 0.187883 -0.247734 -0.161964 0.350578
99.099099 0.296469 -0.149847 -0.116297 0.351956
99.199199 0.341244 -0.019938 -0.045733 0.344872
99.299299 0.307936 0.113968 0.034970 0.330207
99.399399 0.195058 0.217295 0.105983 0.310640
99.499499 0.022957 0.252039 0.143311 0.290841
99.599600 -0.155578 0.191556 0.126268 0.277203
99.699700 -0.265431 0.048602 0.054692 0.275330
99.799800 -0.257723 -0.116455 -0.041441 0.285832
99.899900 -0.146204 -0.236411 -0.121926 0.303532
100.000000 0.016122 -0.277434 -0.161902 0.321624
