0.000000 -0.629296 -0.065543 -0.918725 1.115511
0.100100 -0.694768 -0.135464 -0.868018 1.120049
0.200200 -0.756775 -0.204674 -0.813062 1.129455
0.300300 -0.815116 -0.272861 -0.754239 1.143567
0.400400 -0.869666 -0.339750 -0.691976 1.162144
0.500501 -0.920401 -0.405122 -0.626738 1.184931
0.600601 -0.967362 -0.468808 -0.558989 1.211627
0.700701 -1.010593 -0.530661 -0.489143 1.241837
0.800801 -1.050199 -0.590588 -0.417596 1.275185
0.900901 -1.086369 -0.648560 -0.344734 1.311362
1.001001 -1.119293 -0.704572 -0.270895 1.350045
1.101101 -1.149182 -0.758651 -0.196372 1.390947
1.201201 -1.176281 -0.810867 -0.121421 1.433836
1.301301 -1.200809 -0.861289 -0.046255 1.478479
1.401401 -1.222934 -0.909966 0.028954 1.524613
1.501502 -1.242831 -0.956965 0.104061 1.572018
1.601602 -1.260665 -1.002353 0.178945 1.620497
1.701702 -1.276593 -1.046204 0.253509 1.669880
1.801802 -1.290824 -1.088644 0.327688 1.720103
1.901902 -1.303570 -1.129811 0.401442 1.771136
2.002002 -1.314991 -1.169808 0.474738 1.822917
2.102102 -1.325189 -1.208694 0.547542 1.875332
2.202202 -1.334234 -1.246508 0.619819 1.928247
2.302302 -1.342198 -1.283291 0.691545 1.981556
2.402402 -1.349174 -1.319106 0.762711 2.035200
2.502503 -1.355252 -1.354023 0.833319 2.089140
2.602603 -1.360516 -1.388105 0.903376 2.143345
2.702703 -1.365026 -1.421394 0.972881 2.197761
2.802803 -1.368835 -1.453932 1.041835 2.252342
2.902903 -1.372023 -1.485789 1.110267 2.307099
3.003003 -1.374664 -1.517029 1.178202 2.362041
3.103103 -1.376804 -1.547696 1.245657 2.417150
3.203203 -1.378471 -1.577807 1.312631 2.472379
3.303303 -1.379703 -1.607398 1.379138 2.527712
3.403403 -1.380547 -1.636514 1.445204 2.583158
3.503504 -1.381035 -1.665185 1.510844 2.638702
3.603604 -1.381186 -1.693427 1.576061 2.694316
3.703704 -1.381013 -1.721248 1.640855 2.749963
3.803804 -1.380529 -1.748657 1.705223 2.805610
3.903904 -1.379738 -1.775654 1.769158 2.861213
4.004004 -1.378648 -1.802243 1.832655 2.916741
4.104104 -1.377273 -1.828434 1.895717 2.972170
4.204204 -1.375641 -1.854260 1.958369 3.027520
4.304304 -1.373783 -1.879758 2.020644 3.082819
4.404404 -1.371724 -1.904957 2.082567 3.138085
4.504505 -1.369491 -1.929889 2.144167 3.193341
4.604605 -1.367102 -1.954576 2.205467 3.248603
4.704705 -1.364575 -1.979041 2.266485 3.303880
4.804805 -1.361918 -2.003293 2.327230 3.359167
4.904905 -1.359133 -2.027331 2.387698 3.414442
5.005005 -1.356230 -2.051167 2.447898 3.469704
5.105105 -1.353217 -2.074813 2.507843 3.524957
5.205205 -1.350103 -2.098276 2.567539 3.580195
5.305305 -1.346893 -2.121565 2.626992 3.635415
5.405405 -1.343596 -2.144689 2.686214 3.690621
5.505506 -1.340214 -2.167654 2.745207 3.745806
5.605606 -1.336753 -2.190463 2.803976 3.800963
5.705706 -1.333222 -2.213130 2.862536 3.856104
5.805806 -1.329631 -2.235672 2.920906 3.911245
5.905906 -1.325983 -2.258091 2.979087 3.966379
6.006006 -1.322277 -2.280383 3.037074 4.021490
6.106106 -1.318512 -2.302545 3.094862 4.076562
6.206206 -1.314687 -2.324577 3.152447 4.131584
6.306306 -1.310810 -2.346490 3.209844 4.186566
6.406406 -1.306886 -2.368289 3.267059 4.241511
6.506507 -1.302913 -2.389971 3.324087 4.296406
6.606607 -1.298894 -2.411540 3.380931 4.351246
6.706707 -1.294831 -2.433000 3.437595 4.406034
6.806807 -1.290728 -2.454357 3.494089 4.460774
6.906907 -1.286589 -2.475614 3.550414 4.515464
7.007007 -1.282413 -2.496773 3.606574 4.570102
7.107107 -1.278206 -2.517842 3.662577 4.624695
7.207207 -1.273972 -2.538829 3.718435 4.679254
7.307307 -1.269714 -2.559738 3.774156 4.733782
7.407407 -1.265435 -2.580575 3.829744 4.788281
7.507508 -1.261137 -2.601344 3.885206 4.842756
7.607608 -1.256824 -2.622051 3.940552 4.897214
7.707708 -1.252497 -2.642699 3.995784 4.951656
7.807808 -1.248159 -2.663294 4.050909 5.006087
7.907908 -1.243812 -2.683838 4.105935 5.060510
8.008008 -1.239457 -2.704334 4.160862 5.114924
8.108108 -1.235094 -2.724782 4.215692 5.169328
8.208208 -1.230728 -2.745190 4.270435 5.223732
8.308308 -1.226360 -2.765566 4.325105 5.278148
8.408408 -1.221991 -2.785907 4.379695 5.332567
8.508509 -1.217619 -2.806208 4.434200 5.386978
8.608609 -1.213246 -2.826475 4.488626 5.441387
8.708709 -1.208873 -2.846709 4.542978 5.495796
8.808809 -1.204498 -2.866909 4.597252 5.550199
8.908909 -1.200124 -2.887077 4.651450 5.604596
9.009009 -1.195751 -2.907213 4.705575 5.658988
9.109109 -1.191378 -2.927318 4.759625 5.713370
9.209209 -1.187004 -2.947387 4.813595 5.767735
9.309309 -1.182628 -2.967419 4.867481 5.822075
9.409409 -1.178252 -2.987417 4.921289 5.876395
9.509510 -1.173878 -3.007384 4.975024 5.930701
9.609610 -1.169505 -3.027322 5.028688 5.984991
9.709710 -1.165135 -3.047234 5.082285 6.039271
9.809810 -1.160769 -3.067122 5.135821 6.093544
9.909910 -1.156407 -3.086986 5.189295 6.147808
10.010010 -1.152048 -3.106823 5.242701 6.202054
10.110110 -1.147692 -3.126633 5.296039 6.256281
10.210210 -1.143341 -3.146421 5.349318 6.310498
10.310310 -1.138995 -3.166188 5.402539 6.364706
10.410410 -1.134655 -3.185936 5.455708 6.418908
10.510511 -1.130321 -3.205668 5.508827 6.473106
10.610611 -1.125995 -3.225384 5.561896 6.527300
10.710711 -1.121675 -3.245082 5.614913 6.581486
10.810811 -1.117361 -3.264761 5.667877 6.635661
10.910911 -1.113053 -3.284422 5.720787 6.689822
11.011011 -1.108750 -3.304060 5.773638 6.743963
11.111111 -1.104453 -3.323679 5.826432 6.798085
11.211211 -1.100161 -3.343276 5.879168 6.852187
11.311311 -1.095874 -3.362851 5.931845 6.906265
11.411411 -1.091592 -3.382404 5.984462 6.960317
11.511512 -1.087315 -3.401936 6.037020 7.014345
11.611612 -1.083045 -3.421450 6.089526 7.068355
11.711712 -1.078781 -3.440946 6.141981 7.122345
11.811812 -1.074522 -3.460421 6.194377 7.176310
11.911912 -1.070268 -3.479873 6.246711 7.230241
12.012012 -1.066019 -3.499301 6.298982 7.284139
12.112112 -1.061775 -3.518707 6.351193 7.338005
12.212212 -1.057535 -3.538090 6.403343 7.391838
12.312312 -1.053301 -3.557452 6.455436 7.445640
12.412412 -1.049073 -3.576793 6.507469 7.499410
12.512513 -1.044849 -3.596109 6.559439 7.553142
12.612613 -1.040629 -3.615399 6.611339 7.606828
12.712713 -1.036411 -3.634659 6.663168 7.660463
12.812813 -1.032197 -3.653889 6.714921 7.714045
12.912913 -1.027986 -3.673088 6.766596 7.767570
13.013013 -1.023777 -3.692258 6.818199 7.821044
13.113113 -1.019573 -3.711401 6.869734 7.874470
13.213213 -1.015372 -3.730515 6.921195 7.927841
13.313313 -1.011173 -3.749598 6.972580 7.981154
13.413413 -1.006978 -3.768651 7.023890 8.034411
13.513514 -1.002786 -3.787676 7.075127 8.087614
13.613614 -0.998598 -3.806670 7.126290 8.140759
13.713714 -0.994412 -3.825634 7.177376 8.193842
13.813814 -0.990230 -3.844565 7.228382 8.246862
13.913914 -0.986050 -3.863465 7.279312 8.299821
14.014014 -0.981874 -3.882341 7.330176 8.352732
14.114114 -0.977705 -3.901194 7.380981 8.405599
14.214214 -0.973540 -3.920028 7.431728 8.458426
14.314314 -0.969382 -3.938842 7.482421 8.511217
14.414414 -0.965230 -3.957637 7.533060 8.563969
14.514515 -0.961084 -3.976413 7.583642 8.616680
14.614615 -0.956944 -3.995167 7.634167 8.669348
14.714715 -0.952809 -4.013900 7.684632 8.721973
14.814815 -0.948679 -4.032611 7.735037 8.774550
14.914915 -0.944555 -4.051298 7.785378 8.827079
15.015015 -0.940436 -4.069964 7.835661 8.879561
15.115115 -0.936322 -4.088607 7.885881 8.931994
15.215215 -0.932213 -4.107228 7.936042 8.984381
15.315315 -0.928110 -4.125826 7.986142 9.036719
15.415415 -0.924012 -4.144401 8.036177 9.089004
15.515516 -0.919919 -4.162953 8.086151 9.141240
15.615616 -0.915831 -4.181481 8.136061 9.193423
15.715716 -0.911748 -4.199985 8.185908 9.245553
15.815816 -0.907671 -4.218466 8.235692 9.297631
15.915916 -0.903598 -4.236924 8.285412 9.349656
16.016016 -0.899530 -4.255358 8.335070 9.401628
16.116116 -0.895469 -4.273771 8.384669 9.453552
16.216216 -0.891412 -4.292161 8.434206 9.505425
16.316316 -0.887361 -4.310529 8.483683 9.557246
16.416416 -0.883316 -4.328878 8.533105 9.609022
16.516517 -0.879276 -4.347207 8.582470 9.660752
16.616617 -0.875243 -4.365516 8.631781 9.712436
16.716717 -0.871216 -4.383807 8.681037 9.764076
16.816817 -0.867194 -4.402077 8.730237 9.815668
16.916917 -0.863179 -4.420327 8.779379 9.867211
17.017017 -0.859169 -4.438555 8.828461 9.918703
17.117117 -0.855164 -4.456760 8.877481 9.970140
17.217217 -0.851164 -4.474943 8.926441 10.021524
17.317317 -0.847170 -4.493104 8.975340 10.072855
17.417417 -0.843182 -4.511242 9.024176 10.124130
17.517518 -0.839198 -4.529356 9.072950 10.175350
17.617618 -0.835220 -4.547449 9.121664 10.226517
17.717718 -0.831248 -4.565521 9.170320 10.277633
17.817818 -0.827281 -4.583571 9.218916 10.328695
17.917918 -0.823319 -4.601596 9.267445 10.379695
18.018018 -0.819362 -4.619593 9.315903 10.430630
18.118118 -0.815409 -4.637563 9.364290 10.481499
18.218218 -0.811461 -4.655509 9.412612 10.532307
18.318318 -0.807519 -4.673433 9.460873 10.583061
18.418418 -0.803582 -4.691335 9.509076 10.633762
18.518519 -0.799651 -4.709214 9.557216 10.684405
18.618619 -0.795724 -4.727069 9.605290 10.734987
18.718719 -0.791803 -4.744898 9.653295 10.785505
18.818819 -0.787886 -4.762699 9.701231 10.835956
18.918919 -0.783973 -4.780474 9.749096 10.886341
19.019019 -0.780066 -4.798222 9.796890 10.936658
19.119119 -0.776162 -4.815942 9.844613 10.986908
19.219219 -0.772264 -4.833637 9.892268 11.037092
19.319319 -0.768371 -4.851305 9.939855 11.087212
19.419419 -0.764482 -4.868947 9.987372 11.137265
19.519520 -0.760598 -4.886562 10.034819 11.187251
19.619620 -0.756719 -4.904151 10.082196 11.237171
19.719720 -0.752845 -4.921716 10.129508 11.287028
19.819820 -0.748976 -4.939257 10.176757 11.336825
19.919920 -0.745113 -4.956775 10.223944 11.386564
20.020020 -0.741255 -4.974270 10.271069 11.436244
20.120120 -0.737402 -4.991743 10.318133 11.485867
20.220220 -0.733555 -5.009195 10.365139 11.535435
20.320320 -0.729714 -5.026626 10.412086 11.584946
20.420420 -0.725877 -5.044034 10.458971 11.634399
20.520521 -0.722047 -5.061419 10.505794 11.683793
20.620621 -0.718221 -5.078784 10.552560 11.733133
20.720721 -0.714402 -5.096128 10.599269 11.782419
20.820821 -0.710588 -5.113452 10.645921 11.831651
20.920921 -0.706780 -5.130756 10.692516 11.880829
21.021021 -0.702978 -5.148039 10.739055 11.929953
21.121121 -0.699181 -5.165301 10.785536 11.979022
21.221221 -0.695390 -5.182545 10.831963 12.028041
21.321321 -0.691605 -5.199773 10.878343 12.077015
21.421421 -0.687827 -5.216984 10.924674 12.125945
21.521522 -0.684054 -5.234179 10.970955 12.174827
21.621622 -0.680288 -5.251355 11.017186 12.223662
21.721722 -0.676528 -5.268515 11.063365 12.272448
21.821822 -0.672773 -5.285656 11.109492 12.321185
21.921922 -0.669025 -5.302780 11.155569 12.369875
22.022022 -0.665282 -5.319885 11.201594 12.418514
22.122122 -0.661546 -5.336972 11.247565 12.467102
22.222222 -0.657815 -5.354041 11.293486 12.515643
22.322322 -0.654091 -5.371095 11.339359 12.564138
22.422422 -0.650372 -5.388133 11.385187 12.612591
22.522523 -0.646660 -5.405154 11.430964 12.660995
22.622623 -0.642953 -5.422155 11.476684 12.709344
22.722723 -0.639252 -5.439135 11.522347 12.757637
22.822823 -0.635556 -5.456093 11.567950 12.805871
22.922923 -0.631866 -5.473029 11.613494 12.854048
23.023023 -0.628182 -5.489945 11.658981 12.902168
23.123123 -0.624502 -5.506838 11.704404 12.950226
23.223223 -0.620828 -5.523705 11.749760 12.998215
23.323323 -0.617158 -5.540545 11.795045 13.046134
23.423423 -0.613493 -5.557357 11.840256 13.093978
23.523524 -0.609833 -5.574140 11.885394 13.141747
23.623624 -0.606177 -5.590897 11.930463 13.189447
23.723724 -0.602527 -5.607629 11.975464 13.237080
23.823824 -0.598882 -5.624337 12.020402 13.284648
23.923924 -0.595242 -5.641023 12.065278 13.332156
24.024024 -0.591608 -5.657688 12.110098 13.379608
24.124124 -0.587979 -5.674333 12.154862 13.427005
24.224224 -0.584356 -5.690957 12.199566 13.474341
24.324324 -0.580737 -5.707557 12.244207 13.521615
24.424424 -0.577125 -5.724135 12.288788 13.568829
24.524525 -0.573517 -5.740692 12.333312 13.615985
24.624625 -0.569916 -5.757230 12.377780 13.663087
24.724725 -0.566319 -5.773747 12.422192 13.710132
24.824825 -0.562729 -5.790245 12.466549 13.757123
24.924925 -0.559144 -5.806724 12.510854 13.804063
25.025025 -0.555564 -5.823185 12.555106 13.850950
25.125125 -0.551990 -5.839626 12.599303 13.897782
25.225225 -0.548422 -5.856046 12.643443 13.944558
25.325325 -0.544859 -5.872446 12.687526 13.991277
25.425425 -0.541302 -5.888827 12.731555 14.037941
25.525526 -0.537750 -5.905190 12.775533 14.084555
25.625626 -0.534204 -5.921534 12.819459 14.131117
25.725726 -0.530664 -5.937860 12.863332 14.177626
25.825826 -0.527129 -5.954166 12.907150 14.224081
25.925926 -0.523600 -5.970454 12.950916 14.270483
26.026026 -0.520076 -5.986722 12.994627 14.316831
26.126126 -0.516558 -6.002969 13.038279 14.363119
26.226226 -0.513044 -6.019193 13.081871 14.409346
26.326326 -0.509537 -6.035397 13.125406 14.455516
26.426426 -0.506034 -6.051582 13.168887 14.501631
26.526527 -0.502537 -6.067747 13.212314 14.547692
26.626627 -0.499046 -6.083892 13.255684 14.593696
26.726727 -0.495560 -6.100017 13.298998 14.639642
26.826827 -0.492079 -6.116119 13.342252 14.685528
26.926927 -0.488604 -6.132201 13.385449 14.731356
27.027027 -0.485134 -6.148262 13.428589 14.777127
27.127127 -0.481669 -6.164302 13.471669 14.822837
27.227227 -0.478209 -6.180319 13.514690 14.868486
27.327327 -0.474755 -6.196314 13.557649 14.914073
27.427427 -0.471306 -6.212287 13.600549 14.959598
27.527528 -0.467862 -6.228239 13.643390 15.005063
27.627628 -0.464423 -6.244168 13.686171 15.050468
27.727728 -0.460990 -6.260076 13.728893 15.095813
27.827828 -0.457562 -6.275963 13.771558 15.141099
27.927928 -0.454139 -6.291829 13.814164 15.186325
28.028028 -0.450721 -6.307671 13.856708 15.231488
28.128128 -0.447309 -6.323489 13.899186 15.276583
28.228228 -0.443901 -6.339284 13.941602 15.321614
28.328328 -0.440499 -6.355056 13.983957 15.366582
28.428428 -0.437101 -6.370807 14.026253 15.411490
28.528529 -0.433709 -6.386535 14.068487 15.456334
28.628629 -0.430322 -6.402239 14.110659 15.501114
28.728729 -0.426940 -6.417921 14.152770 15.545832
28.828829 -0.423564 -6.433584 14.194827 15.590495
28.928929 -0.420192 -6.449228 14.236831 15.635103
29.029029 -0.416827 -6.464853 14.278783 15.679659
29.129129 -0.413466 -6.480460 14.320683 15.724162
29.229229 -0.410111 -6.496049 14.362532 15.768613
29.329329 -0.406761 -6.511620 14.404331 15.813014
29.429429 -0.403417 -6.527175 14.446082 15.857366
29.529530 -0.400079 -6.542713 14.487787 15.901671
29.629630 -0.396746 -6.558236 14.529446 15.945929
29.729730 -0.393418 -6.573744 14.571060 15.990143
29.829830 -0.390096 -6.589236 14.612630 16.034312
29.929930 -0.386779 -6.604713 14.654153 16.078434
30.030030 -0.383468 -6.620175 14.695632 16.122511
30.130130 -0.380163 -6.635622 14.737070 16.166547
30.230230 -0.376863 -6.651057 14.778468 16.210543
30.330330 -0.373568 -6.666479 14.819827 16.254500
30.430430 -0.370280 -6.681890 14.861150 16.298421
30.530531 -0.366997 -6.697288 14.902434 16.342304
30.630631 -0.363719 -6.712672 14.943677 16.386145
30.730731 -0.360448 -6.728044 14.984882 16.429948
30.830831 -0.357181 -6.743404 15.026049 16.473714
30.930931 -0.353921 -6.758754 15.067183 16.517446
31.031031 -0.350666 -6.774094 15.108286 16.561149
31.131131 -0.347417 -6.789429 15.149364 16.604827
31.231231 -0.344174 -6.804757 15.190419 16.648483
31.331331 -0.340937 -6.820079 15.231449 16.692117
31.431431 -0.337705 -6.835395 15.272455 16.735726
31.531532 -0.334479 -6.850703 15.313433 16.779310
31.631632 -0.331260 -6.866003 15.354384 16.822866
31.731732 -0.328045 -6.881296 15.395307 16.866397
31.831832 -0.324837 -6.896583 15.436206 16.909903
31.931932 -0.321634 -6.911863 15.477081 16.953388
32.032032 -0.318437 -6.927138 15.517933 16.996850
32.132132 -0.315246 -6.942407 15.558762 17.040290
32.232232 -0.312061 -6.957670 15.599566 17.083706
32.332332 -0.308881 -6.972926 15.640347 17.127100
32.432432 -0.305707 -6.988176 15.681102 17.170469
32.532533 -0.302538 -7.003418 15.721830 17.213812
32.632633 -0.299375 -7.018653 15.762530 17.257128
32.732733 -0.296218 -7.033878 15.803201 17.300415
32.832833 -0.293066 -7.049095 15.843842 17.343672
32.932933 -0.289920 -7.064303 15.884453 17.386900
33.033033 -0.286779 -7.079502 15.925034 17.430097
33.133133 -0.283644 -7.094692 15.965584 17.473264
33.233233 -0.280514 -7.109871 16.006100 17.516398
33.333333 -0.277389 -7.125039 16.046581 17.559495
33.433433 -0.274270 -7.140194 16.087024 17.602555
33.533534 -0.271156 -7.155337 16.127428 17.645575
33.633634 -0.268047 -7.170467 16.167795 17.688556
33.733734 -0.264944 -7.185584 16.208121 17.731497
33.833834 -0.261845 -7.200685 16.248403 17.774392
33.933934 -0.258752 -7.215771 16.288641 17.817242
34.034034 -0.255664 -7.230842 16.328836 17.860048
34.134134 -0.252582 -7.245900 16.368990 17.902812
34.234234 -0.249504 -7.260944 16.409104 17.945536
34.334334 -0.246432 -7.275975 16.449179 17.988219
34.434434 -0.243364 -7.290993 16.489214 18.030862
34.534535 -0.240302 -7.305996 16.529206 18.073460
34.634635 -0.237245 -7.320983 16.569154 18.116014
34.734735 -0.234194 -7.335956 16.609059 18.158523
34.834835 -0.231147 -7.350914 16.648921 18.200987
34.934935 -0.228105 -7.365856 16.688738 18.243405
35.035035 -0.225068 -7.380783 16.728510 18.285778
35.135135 -0.222037 -7.395694 16.768237 18.328103
35.235235 -0.219010 -7.410588 16.807916 18.370379
35.335335 -0.215988 -7.425463 16.847545 18.412602
35.435435 -0.212972 -7.440321 16.887124 18.454774
35.535536 -0.209960 -7.455163 16.926656 18.496897
35.635636 -0.206953 -7.469988 16.966143 18.538974
35.735736 -0.203951 -7.484799 17.005587 18.581006
35.835836 -0.200955 -7.499594 17.044987 18.622993
35.935936 -0.197963 -7.514374 17.084342 18.664934
36.036036 -0.194976 -7.529139 17.123653 18.706829
36.136136 -0.191994 -7.543889 17.162923 18.748681
36.236236 -0.189018 -7.558625 17.202152 18.790491
36.336336 -0.186046 -7.573347 17.241338 18.832258
36.436436 -0.183079 -7.588054 17.280483 18.873981
36.536537 -0.180117 -7.602747 17.319586 18.915661
36.636637 -0.177160 -7.617425 17.358647 18.957299
36.736737 -0.174208 -7.632090 17.397668 18.998895
36.836837 -0.171261 -7.646741 17.436649 19.040450
36.936937 -0.168319 -7.661378 17.475588 19.081961
37.037037 -0.165382 -7.676000 17.514484 19.123428
37.137137 -0.162450 -7.690607 17.553337 19.164849
37.237237 -0.159522 -7.705198 17.592145 19.206225
37.337337 -0.156600 -7.719773 17.630909 19.247555
37.437437 -0.153682 -7.734333 17.669629 19.288839
37.537538 -0.150769 -7.748876 17.708302 19.330074
37.637638 -0.147861 -7.763403 17.746927 19.371260
37.737738 -0.144958 -7.777913 17.785506 19.412397
37.837838 -0.142060 -7.792406 17.824037 19.453485
37.937938 -0.139166 -7.806882 17.862521 19.494523
38.038038 -0.136277 -7.821340 17.900957 19.535511
38.138138 -0.133393 -7.835781 17.939343 19.576448
38.238238 -0.130514 -7.850204 17.977679 19.617331
38.338338 -0.127639 -7.864608 18.015965 19.658163
38.438438 -0.124769 -7.878994 18.054200 19.698940
38.538539 -0.121904 -7.893361 18.092382 19.739663
38.638639 -0.119044 -7.907708 18.130511 19.780330
38.738739 -0.116188 -7.922036 18.168586 19.820940
38.838839 -0.113337 -7.936343 18.206608 19.861495
38.938939 -0.110491 -7.950633 18.244579 19.901996
39.039039 -0.107649 -7.964905 18.282502 19.942447
39.139139 -0.104812 -7.979160 18.320377 19.982848
39.239239 -0.101980 -7.993398 18.358205 20.023199
39.339339 -0.099152 -8.007619 18.395985 20.063501
39.439439 -0.096330 -8.021823 18.433718 20.103753
39.539540 -0.093512 -8.036011 18.471406 20.143959
39.639640 -0.090698 -8.050183 18.509049 20.184117
39.739740 -0.087889 -8.064339 18.546646 20.224227
39.839840 -0.085085 -8.078478 18.584196 20.264289
39.939940 -0.082286 -8.092600 18.621700 20.304302
40.040040 -0.079491 -8.106707 18.659161 20.344270
40.140140 -0.076701 -8.120799 18.696579 20.384193
40.240240 -0.073915 -8.134875 18.733952 20.424069
40.340340 -0.071134 -8.148936 18.771280 20.463899
40.440440 -0.068358 -8.162980 18.808563 20.503681
40.540541 -0.065587 -8.177007 18.845799 20.543415
40.640641 -0.062820 -8.191017 18.882988 20.583099
40.740741 -0.060057 -8.205010 18.920129 20.622733
40.840841 -0.057299 -8.218985 18.957221 20.662314
40.940941 -0.054546 -8.232941 18.994260 20.701841
41.041041 -0.051797 -8.246878 19.031247 20.741312
41.141141 -0.049053 -8.260795 19.068181 20.780728
41.241241 -0.046314 -8.274694 19.105065 20.820092
41.341341 -0.043579 -8.288574 19.141899 20.859402
41.441441 -0.040848 -8.302436 19.178681 20.898658
41.541542 -0.038122 -8.316279 19.215412 20.937861
41.641642 -0.035401 -8.330103 19.252092 20.977009
41.741742 -0.032684 -8.343908 19.288719 21.016103
41.841842 -0.029971 -8.357693 19.325294 21.055140
41.941942 -0.027263 -8.371458 19.361814 21.094120
42.042042 -0.024560 -8.385204 19.398280 21.133043
42.142142 -0.021861 -8.398929 19.434693 21.171910
42.242242 -0.019167 -8.412634 19.471050 21.210718
42.342342 -0.016477 -8.426318 19.507351 21.249467
42.442442 -0.013791 -8.439980 19.543595 21.288156
42.542543 -0.011110 -8.453622 19.579783 21.326785
42.642643 -0.008434 -8.467242 19.615914 21.365354
42.742743 -0.005762 -8.480843 19.651991 21.403865
42.842843 -0.003094 -8.494423 19.688013 21.442320
42.942943 -0.000431 -8.507983 19.723982 21.480718
43.043043 0.002228 -8.521524 19.759899 21.519061
43.143143 0.004882 -8.535045 19.795762 21.557347
43.243243 0.007532 -8.548547 19.831572 21.595577
43.343343 0.010178 -8.562028 19.867328 21.633750
43.443443 0.012819 -8.575489 19.903029 21.671865
43.543544 0.015455 -8.588932 19.938680 21.709928
43.643644 0.018088 -8.602356 19.974282 21.747938
43.743744 0.020715 -8.615763 20.009835 21.785897
43.843844 0.023339 -8.629152 20.045339 21.823804
43.943944 0.025958 -8.642522 20.080793 21.861658
44.044044 0.028572 -8.655874 20.116196 21.899459
44.144144 0.031183 -8.669208 20.151550 21.937208
44.244244 0.033789 -8.682524 20.186855 21.974906
44.344344 0.036390 -8.695823 20.222112 22.012553
44.444444 0.038987 -8.709103 20.257320 22.050148
44.544545 0.041580 -8.722366 20.292479 22.087691
44.644645 0.044169 -8.735610 20.327588 22.125182
44.744745 0.046753 -8.748837 20.362650 22.162623
44.844845 0.049333 -8.762047 20.397666 22.200016
44.944945 0.051908 -8.775241 20.432635 22.237359
45.045045 0.054479 -8.788417 20.467558 22.274653
45.145145 0.057046 -8.801577 20.502434 22.311898
45.245245 0.059609 -8.814719 20.537264 22.349095
45.345345 0.062167 -8.827845 20.572045 22.386240
45.445445 0.064721 -8.840952 20.606778 22.423334
45.545546 0.067271 -8.854040 20.641460 22.460374
45.645646 0.069816 -8.867110 20.676092 22.497362
45.745746 0.072357 -8.880163 20.710676 22.534299
45.845846 0.074894 -8.893197 20.745211 22.571184
45.945946 0.077427 -8.906214 20.779699 22.608019
46.046046 0.079955 -8.919214 20.814138 22.644803
46.146146 0.082479 -8.932195 20.848529 22.681536
46.246246 0.084999 -8.945159 20.882870 22.718217
46.346346 0.087514 -8.958104 20.917163 22.754845
46.446446 0.090026 -8.971031 20.951405 22.791421
46.546547 0.092533 -8.983940 20.985598 22.827945
46.646647 0.095036 -8.996830 21.019741 22.864416
46.746747 0.097534 -9.009702 21.053834 22.900833
46.846847 0.100029 -9.022555 21.087875 22.937196
46.946947 0.102519 -9.035389 21.121865 22.973505
47.047047 0.105005 -9.048204 21.155806 23.009762
47.147147 0.107487 -9.061000 21.189695 23.045964
47.247247 0.109964 -9.073778 21.223533 23.082112
47.347347 0.112438 -9.086536 21.257319 23.118205
47.447447 0.114907 -9.099274 21.291053 23.154242
47.547548 0.117372 -9.111993 21.324733 23.190222
47.647648 0.119833 -9.124691 21.358359 23.226146
47.747748 0.122289 -9.137369 21.391930 23.262011
47.847848 0.124741 -9.150025 21.425444 23.297815
47.947948 0.127190 -9.162658 21.458899 23.333556
48.048048 0.129634 -9.175270 21.492295 23.369234
48.148148 0.132073 -9.187859 21.525632 23.404850
48.248248 0.134509 -9.200426 21.558912 23.440406
48.348348 0.136940 -9.212973 21.592137 23.475903
48.448448 0.139367 -9.225500 21.625310 23.511344
48.548549 0.141791 -9.238008 21.658431 23.546731
48.648649 0.144210 -9.250498 21.691502 23.582065
48.748749 0.146624 -9.262969 21.724523 23.617345
48.848849 0.149035 -9.275421 21.757493 23.652572
48.948949 0.151442 -9.287855 21.790415 23.687748
49.049049 0.153844 -9.300272 21.823289 23.722872
49.149149 0.156243 -9.312671 21.856115 23.757947
49.249249 0.158637 -9.325052 21.888894 23.792970
49.349349 0.161028 -9.337415 21.921623 23.827941
49.449449 0.163414 -9.349760 21.954303 23.862861
49.549550 0.165796 -9.362086 21.986932 23.897726
49.649650 0.168174 -9.374393 22.019510 23.932538
49.749750 0.170548 -9.386681 22.052038 23.967295
49.849850 0.172918 -9.398950 22.084515 24.001999
49.949950 0.175284 -9.411202 22.116944 24.036652
50.050050 0.177646 -9.423434 22.149321 24.071250
50.150150 0.180004 -9.435646 22.181646 24.105792
50.250250 0.182357 -9.447839 22.213917 24.140278
50.350350 0.184707 -9.460012 22.246136 24.174708
50.450450 0.187053 -9.472165 22.278303 24.209082
50.550551 0.189394 -9.484299 22.310418 24.243402
50.650651 0.191732 -9.496414 22.342483 24.277668
50.750751 0.194065 -9.508510 22.374496 24.311880
50.850851 0.196395 -9.520587 22.406459 24.346038
50.950951 0.198721 -9.532646 22.438372 24.380143
51.051051 0.201042 -9.544686 22.470235 24.414194
51.151151 0.203360 -9.556707 22.502047 24.448192
51.251251 0.205673 -9.568708 22.533807 24.482135
51.351351 0.207983 -9.580690 22.565514 24.516022
51.451451 0.210288 -9.592652 22.597170 24.549853
51.551552 0.212590 -9.604596 22.628776 24.583631
51.651652 0.214887 -9.616521 22.660332 24.617358
51.751752 0.217181 -9.628428 22.691840 24.651032
51.851852 0.219471 -9.640317 22.723299 24.684655
51.951952 0.221757 -9.652188 22.754710 24.718227
52.052052 0.224038 -9.664043 22.786075 24.751750
52.152152 0.226316 -9.675880 22.817395 24.785226
52.252252 0.228590 -9.687702 22.848672 24.818655
52.352352 0.230861 -9.699509 22.879906 24.852039
52.452452 0.233127 -9.711299 22.911096 24.885377
52.552553 0.235390 -9.723074 22.942245 24.918671
52.652653 0.237648 -9.734834 22.973353 24.951922
52.752753 0.239903 -9.746580 23.004420 24.985129
52.852853 0.242154 -9.758310 23.035446 25.018294
52.952953 0.244402 -9.770026 23.066431 25.051414
53.053053 0.246645 -9.781727 23.097375 25.084492
53.153153 0.248885 -9.793414 23.128280 25.117528
53.253253 0.251121 -9.805086 23.159145 25.150523
53.353353 0.253353 -9.816745 23.189971 25.183475
53.453453 0.255581 -9.828389 23.220758 25.216387
53.553554 0.257806 -9.840018 23.251505 25.249256
53.653654 0.260027 -9.851633 23.282210 25.282080
53.753754 0.262244 -9.863232 23.312873 25.314861
53.853854 0.264457 -9.874816 23.343496 25.347598
53.953954 0.266667 -9.886386 23.374079 25.380294
54.054054 0.268872 -9.897943 23.404624 25.412950
54.154154 0.271075 -9.909485 23.435130 25.445563
54.254254 0.273273 -9.921013 23.465596 25.478135
54.354354 0.275468 -9.932526 23.496023 25.510666
54.454454 0.277659 -9.944026 23.526412 25.543156
54.554555 0.279846 -9.955513 23.556763 25.575606
54.654655 0.282030 -9.966985 23.587076 25.608016
54.754755 0.284210 -9.978444 23.617352 25.640386
54.854855 0.286386 -9.989890 23.647590 25.672718
54.954955 0.288559 -10.001323 23.677793 25.705011
55.055055 0.290728 -10.012743 23.707959 25.737266
55.155155 0.292893 -10.024150 23.738089 25.769482
55.255255 0.295055 -10.035544 23.768182 25.801661
55.355355 0.297213 -10.046926 23.798241 25.833802
55.455455 0.299367 -10.058294 23.828264 25.865906
55.555556 0.301518 -10.069650 23.858249 25.897969
55.655656 0.303666 -10.080991 23.888196 25.929993
55.755756 0.305809 -10.092318 23.918104 25.961974
55.855856 0.307949 -10.103630 23.947971 25.993912
55.955956 0.310086 -10.114928 23.977797 26.025807
56.056056 0.312219 -10.126210 24.007583 26.057660
56.156156 0.314348 -10.137478 24.037329 26.089470
56.256256 0.316473 -10.148730 24.067032 26.121235
56.356356 0.318595 -10.159967 24.096692 26.152954
56.456456 0.320713 -10.171187 24.126309 26.184627
56.556557 0.322827 -10.182391 24.155882 26.216254
56.656657 0.324938 -10.193580 24.185412 26.247834
56.756757 0.327046 -10.204752 24.214900 26.279371
56.856857 0.329149 -10.215910 24.244347 26.310863
56.956957 0.331249 -10.227052 24.273752 26.342311
57.057057 0.333346 -10.238180 24.303117 26.373716
57.157157 0.335438 -10.249293 24.332441 26.405079
57.257257 0.337528 -10.260391 24.361725 26.436399
57.357357 0.339614 -10.271475 24.390971 26.467679
57.457457 0.341696 -10.282545 24.420178 26.498916
57.557558 0.343774 -10.293600 24.449345 26.530112
57.657658 0.345849 -10.304641 24.478473 26.561267
57.757758 0.347921 -10.315668 24.507562 26.592380
57.857858 0.349989 -10.326681 24.536613 26.623452
57.957958 0.352054 -10.337680 24.565625 26.654484
58.058058 0.354115 -10.348665 24.594599 26.685475
58.158158 0.356172 -10.359636 24.623535 26.716426
58.258258 0.358226 -10.370594 24.652435 26.747338
58.358358 0.360277 -10.381539 24.681298 26.778212
58.458458 0.362324 -10.392471 24.710125 26.809048
58.558559 0.364368 -10.403390 24.738917 26.839846
58.658659 0.366408 -10.414296 24.767673 26.870606
58.758759 0.368445 -10.425189 24.796393 26.901328
58.858859 0.370479 -10.436070 24.825077 26.932012
58.958959 0.372509 -10.446936 24.853724 26.962657
59.059059 0.374535 -10.457789 24.882334 26.993261
59.159159 0.376558 -10.468629 24.910905 27.023826
59.259259 0.378578 -10.479454 24.939440 27.054351
59.359359 0.380594 -10.490266 24.967937 27.084837
59.459459 0.382607 -10.501065 24.996397 27.115284
59.559560 0.384616 -10.511851 25.024822 27.145693
59.659660 0.386623 -10.522624 25.053209 27.176062
59.759760 0.388625 -10.533382 25.081559 27.206392
59.859860 0.390624 -10.544126 25.109869 27.236679
59.959960 0.392620 -10.554855 25.138139 27.266924
60.060060 0.394612 -10.565569 25.166368 27.297125
60.160160 0.396601 -10.576269 25.194558 27.327285
60.260260 0.398587 -10.586955 25.222709 27.357404
60.360360 0.400569 -10.597626 25.250822 27.387482
60.460460 0.402548 -10.608284 25.278897 27.417519
60.560561 0.404523 -10.618927 25.306932 27.447514
60.660661 0.406495 -10.629555 25.334928 27.477468
60.760761 0.408464 -10.640170 25.362886 27.507381
60.860861 0.410429 -10.650770 25.390804 27.537253
60.960961 0.412391 -10.661355 25.418683 27.567082
61.061061 0.414349 -10.671926 25.446522 27.596869
61.161161 0.416304 -10.682482 25.474320 27.626612
61.261261 0.418256 -10.693022 25.502078 27.656313
61.361361 0.420204 -10.703548 25.529795 27.685970
61.461461 0.422149 -10.714058 25.557470 27.715582
61.561562 0.424090 -10.724551 25.585101 27.745148
61.661662 0.426028 -10.735029 25.612690 27.774669
61.761762 0.427963 -10.745491 25.640237 27.804145
61.861862 0.429894 -10.755938 25.667743 27.833578
61.961962 0.431822 -10.766370 25.695209 27.862967
62.062062 0.433747 -10.776788 25.722636 27.892316
62.162162 0.435668 -10.787192 25.750024 27.921623
62.262262 0.437586 -10.797581 25.777372 27.950888
62.362362 0.439501 -10.807955 25.804681 27.980111
62.462462 0.441412 -10.818314 25.831949 28.009291
62.562563 0.443320 -10.828658 25.859178 28.038429
62.662663 0.445225 -10.838989 25.886368 28.067525
62.762763 0.447126 -10.849305 25.913519 28.096580
62.862863 0.449024 -10.859606 25.940633 28.125595
62.962963 0.450919 -10.869895 25.967708 28.154570
63.063063 0.452811 -10.880169 25.994746 28.183505
63.163163 0.454699 -10.890429 26.021747 28.212400
63.263263 0.456585 -10.900676 26.048711 28.241256
63.363363 0.458466 -10.910910 26.075638 28.270073
63.463463 0.460345 -10.921130 26.102529 28.298851
63.563564 0.462221 -10.931336 26.129382 28.327590
63.663664 0.464093 -10.941529 26.156198 28.356290
63.763764 0.465962 -10.951709 26.182979 28.384951
63.863864 0.467828 -10.961875 26.209723 28.413573
63.963964 0.469691 -10.972028 26.236430 28.442157
64.064064 0.471550 -10.982168 26.263103 28.470704
64.164164 0.473407 -10.992296 26.289740 28.499212
64.264264 0.475260 -11.002410 26.316341 28.527683
64.364364 0.477110 -11.012510 26.342906 28.556115
64.464464 0.478957 -11.022597 26.369433 28.584507
64.564565 0.480800 -11.032670 26.395923 28.612859
64.664665 0.482641 -11.042729 26.422374 28.641170
64.764765 0.484478 -11.052773 26.448787 28.669441
64.864865 0.486312 -11.062804 26.475162 28.697671
64.964965 0.488143 -11.072821 26.501501 28.725863
65.065065 0.489971 -11.082825 26.527804 28.754016
65.165165 0.491796 -11.092815 26.554070 28.782131
65.265265 0.493617 -11.102792 26.580299 28.810205
65.365365 0.495436 -11.112754 26.606488 28.838237
65.465465 0.497251 -11.122701 26.632637 28.866227
65.565566 0.499063 -11.132633 26.658746 28.894174
65.665666 0.500871 -11.142550 26.684816 28.922080
65.765766 0.502677 -11.152453 26.710846 28.949943
65.865866 0.504479 -11.162341 26.736837 28.977764
65.965966 0.506279 -11.172214 26.762788 29.005543
66.066066 0.508075 -11.182073 26.788699 29.033279
66.166166 0.509868 -11.191917 26.814572 29.060974
66.266266 0.511658 -11.201746 26.840405 29.088627
66.366366 0.513444 -11.211561 26.866200 29.116240
66.466466 0.515228 -11.221361 26.891956 29.143811
66.566567 0.517008 -11.231148 26.917674 29.171341
66.666667 0.518786 -11.240921 26.943354 29.198832
66.766767 0.520560 -11.250680 26.968998 29.226283
66.866867 0.522331 -11.260425 26.994605 29.253696
66.966967 0.524099 -11.270157 27.020176 29.281070
67.067067 0.525864 -11.279876 27.045711 29.308406
67.167167 0.527626 -11.289582 27.071211 29.335703
67.267267 0.529385 -11.299274 27.096673 29.362962
67.367367 0.531141 -11.308953 27.122100 29.390183
67.467467 0.532894 -11.318619 27.147492 29.417366
67.567568 0.534644 -11.328271 27.172847 29.444511
67.667668 0.536391 -11.337911 27.198168 29.471618
67.767768 0.538135 -11.347538 27.223455 29.498690
67.867868 0.539876 -11.357153 27.248708 29.525726
67.967968 0.541614 -11.366757 27.273930 29.552728
68.068068 0.543349 -11.376348 27.299119 29.579696
68.168168 0.545081 -11.385928 27.324275 29.606629
68.268268 0.546810 -11.395496 27.349399 29.633527
68.368368 0.548537 -11.405052 27.374492 29.660393
68.468468 0.550260 -11.414597 27.399553 29.687225
68.568569 0.551981 -11.424131 27.424583 29.714024
68.668669 0.553698 -11.433654 27.449582 29.740790
68.768769 0.555413 -11.443165 27.474551 29.767524
68.868869 0.557125 -11.452667 27.499492 29.794228
68.968969 0.558834 -11.462158 27.524405 29.820903
69.069069 0.560540 -11.471640 27.549289 29.847547
69.169169 0.562244 -11.481110 27.574145 29.874161
69.269269 0.563945 -11.490571 27.598972 29.900745
69.369369 0.565643 -11.500023 27.623773 29.927300
69.469469 0.567338 -11.509464 27.648546 29.953827
69.569570 0.569030 -11.518896 27.673292 29.980324
69.669670 0.570720 -11.528318 27.698010 30.006793
69.769770 0.572407 -11.537730 27.722701 30.033232
69.869870 0.574091 -11.547132 27.747363 30.059641
69.969970 0.575772 -11.556524 27.771998 30.086020
70.070070 0.577450 -11.565906 27.796605 30.112371
70.170170 0.579126 -11.575279 27.821186 30.138694
70.270270 0.580799 -11.584642 27.845739 30.164987
70.370370 0.582470 -11.593995 27.870264 30.191251
70.470470 0.584137 -11.603337 27.894762 30.217485
70.570571 0.585802 -11.612670 27.919230 30.243688
70.670671 0.587464 -11.621991 27.943668 30.269859
70.770771 0.589123 -11.631302 27.968077 30.295999
70.870871 0.590780 -11.640601 27.992455 30.322107
70.970971 0.592433 -11.649891 28.016805 30.348185
71.071071 0.594084 -11.659169 28.041126 30.374231
71.171171 0.595733 -11.668437 28.065416 30.400245
71.271271 0.597378 -11.677694 28.089677 30.426228
71.371371 0.599021 -11.686941 28.113908 30.452180
71.471471 0.600661 -11.696176 28.138110 30.478100
71.571572 0.602298 -11.705401 28.162283 30.503989
71.671672 0.603933 -11.714616 28.186427 30.529848
71.771772 0.605564 -11.723820 28.210541 30.555675
71.871872 0.607193 -11.733013 28.234626 30.581471
71.971972 0.608820 -11.742195 28.258682 30.607236
72.072072 0.610443 -11.751367 28.282708 30.632969
72.172172 0.612064 -11.760528 28.306703 30.658670
72.272272 0.613683 -11.769677 28.330667 30.684338
72.372372 0.615298 -11.778814 28.354600 30.709972
72.472472 0.616911 -11.787939 28.378499 30.735571
72.572573 0.618520 -11.797052 28.402366 30.761134
72.672673 0.620128 -11.806153 28.426200 30.786664
72.772773 0.621732 -11.815242 28.450001 30.812157
72.872873 0.623333 -11.824318 28.473767 30.837615
72.972973 0.624932 -11.833382 28.497501 30.863036
73.073073 0.626528 -11.842433 28.521201 30.888423
73.173173 0.628122 -11.851473 28.544869 30.913775
73.273273 0.629712 -11.860501 28.568506 30.939094
73.373373 0.631300 -11.869518 28.592112 30.964381
73.473473 0.632885 -11.878525 28.615690 30.989637
73.573574 0.634468 -11.887521 28.639239 31.014862
73.673674 0.636048 -11.896506 28.662759 31.040057
73.773774 0.637625 -11.905481 28.686250 31.065222
73.873874 0.639200 -11.914446 28.709713 31.090356
73.973974 0.640772 -11.923400 28.733147 31.115459
74.074074 0.642342 -11.932345 28.756553 31.140533
74.174174 0.643909 -11.941279 28.779932 31.165578
74.274274 0.645473 -11.950203 28.803284 31.190594
74.374374 0.647035 -11.959118 28.826609 31.215582
74.474474 0.648594 -11.968023 28.849908 31.240542
74.574575 0.650151 -11.976919 28.873180 31.265473
74.674675 0.651705 -11.985805 28.896426 31.290377
74.774775 0.653256 -11.994682 28.919646 31.315253
74.874875 0.654805 -12.003550 28.942840 31.340101
74.974975 0.656352 -12.012408 28.966007 31.364921
75.075075 0.657896 -12.021255 28.989145 31.389710
75.175175 0.659437 -12.030091 29.012253 31.414468
75.275275 0.660976 -12.038916 29.035331 31.439192
75.375375 0.662512 -12.047730 29.058378 31.463885
75.475475 0.664046 -12.056533 29.081396 31.488546
75.575576 0.665576 -12.065325 29.104384 31.513176
75.675676 0.667105 -12.074107 29.127344 31.537775
75.775776 0.668631 -12.082878 29.150275 31.562344
75.875876 0.670154 -12.091639 29.173179 31.586883
75.975976 0.671675 -12.100391 29.196055 31.611394
76.076076 0.673193 -12.109133 29.218905 31.635877
76.176176 0.674709 -12.117865 29.241729 31.660332
76.276276 0.676222 -12.126588 29.264527 31.684760
76.376376 0.677733 -12.135302 29.287301 31.709160
76.476476 0.679241 -12.144008 29.310049 31.733535
76.576577 0.680747 -12.152704 29.332774 31.757885
76.676677 0.682251 -12.161393 29.355475 31.782209
76.776777 0.683752 -12.170073 29.378153 31.806509
76.876877 0.685251 -12.178744 29.400807 31.830784
76.976977 0.686747 -12.187408 29.423438 31.855034
77.077077 0.688241 -12.196063 29.446046 31.879260
77.177177 0.689733 -12.204710 29.468631 31.903462
77.277277 0.691222 -12.213349 29.491194 31.927641
77.377377 0.692709 -12.221981 29.513735 31.951795
77.477477 0.694194 -12.230604 29.536252 31.975925
77.577578 0.695676 -12.239218 29.558746 32.000029
77.677678 0.697156 -12.247824 29.581214 32.024107
77.777778 0.698633 -12.256420 29.603657 32.048158
77.877878 0.700108 -12.265007 29.626074 32.072181
77.977978 0.701581 -12.273583 29.648463 32.096175
78.078078 0.703051 -12.282150 29.670826 32.120140
78.178178 0.704519 -12.290707 29.693161 32.144077
78.278278 0.705984 -12.299255 29.715471 32.167986
78.378378 0.707447 -12.307794 29.737756 32.191869
78.478478 0.708907 -12.316323 29.760016 32.215725
78.578579 0.710366 -12.324844 29.782250 32.239553
78.678679 0.711821 -12.333354 29.804457 32.263353
78.778779 0.713275 -12.341855 29.826638 32.287126
78.878879 0.714726 -12.350347 29.848794 32.310871
78.978979 0.716174 -12.358830 29.870925 32.334591
79.079079 0.717620 -12.367304 29.893031 32.358283
79.179179 0.719064 -12.375768 29.915111 32.381948
79.279279 0.720506 -12.384223 29.937167 32.405587
79.379379 0.721945 -12.392670 29.959197 32.429199
79.479479 0.723382 -12.401106 29.981201 32.452783
79.579580 0.724816 -12.409533 30.003178 32.476338
79.679680 0.726248 -12.417951 30.025129 32.499867
79.779780 0.727678 -12.426359 30.047055 32.523367
79.879880 0.729105 -12.434757 30.068954 32.546839
79.979980 0.730530 -12.443145 30.090825 32.570282
80.080080 0.731953 -12.451522 30.112667 32.593694
80.180180 0.733373 -12.459889 30.134481 32.617076
80.280280 0.734791 -12.468245 30.156264 32.640425
80.380380 0.736206 -12.476589 30.178018 32.663742
80.480480 0.737619 -12.484922 30.199741 32.687027
80.580581 0.739029 -12.493244 30.221434 32.710280
80.680681 0.740437 -12.501555 30.243096 32.733499
80.780781 0.741843 -12.509853 30.264726 32.756685
80.880881 0.743246 -12.518139 30.286323 32.779835
80.980981 0.744646 -12.526412 30.307885 32.802948
81.081081 0.746044 -12.534671 30.329411 32.826022
81.181181 0.747440 -12.542916 30.350902 32.849059
81.281281 0.748832 -12.551149 30.372357 32.872058
81.381381 0.750223 -12.559367 30.393776 32.895017
81.481481 0.751610 -12.567572 30.415159 32.917938
81.581582 0.752996 -12.575764 30.436507 32.940823
81.681682 0.754378 -12.583943 30.457823 32.963672
81.781782 0.755759 -12.592110 30.479105 32.986486
81.881882 0.757137 -12.600264 30.500355 33.009264
81.981982 0.758512 -12.608406 30.521570 33.032007
82.082082 0.759885 -12.616535 30.542751 33.054713
82.182182 0.761255 -12.624650 30.563898 33.077382
82.282282 0.762623 -12.632754 30.585012 33.100015
82.382382 0.763989 -12.640844 30.606092 33.122613
82.482482 0.765352 -12.648922 30.627139 33.145176
82.582583 0.766712 -12.656988 30.648155 33.167704
82.682683 0.768071 -12.665042 30.669138 33.190198
82.782783 0.769426 -12.673084 30.690089 33.212658
82.882883 0.770780 -12.681114 30.711007 33.235082
82.982983 0.772131 -12.689131 30.731892 33.257471
83.083083 0.773479 -12.697136 30.752744 33.279826
83.183183 0.774826 -12.705129 30.773566 33.302148
83.283283 0.776169 -12.713111 30.794358 33.324437
83.383383 0.777511 -12.721080 30.815116 33.346691
83.483483 0.778850 -12.729037 30.835841 33.368909
83.583584 0.780186 -12.736981 30.856533 33.391092
83.683684 0.781521 -12.744913 30.877193 33.413240
83.783784 0.782852 -12.752833 30.897819 33.435353
83.883884 0.784182 -12.760741 30.918415 33.457433
83.983984 0.785509 -12.768637 30.938978 33.479479
84.084084 0.786834 -12.776521 30.959511 33.501491
84.184184 0.788156 -12.784393 30.980011 33.523470
84.284284 0.789476 -12.792253 31.000480 33.545414
84.384384 0.790794 -12.800102 31.020918 33.567325
84.484484 0.792109 -12.807939 31.041325 33.589203
84.584585 0.793422 -12.815765 31.061701 33.611049
84.684685 0.794733 -12.823579 31.082048 33.632863
84.784785 0.796041 -12.831382 31.102366 33.654646
84.884885 0.797347 -12.839175 31.122654 33.676398
84.984985 0.798651 -12.846957 31.142914 33.698119
85.085085 0.799953 -12.854728 31.163145 33.719810
85.185185 0.801253 -12.862489 31.183348 33.741471
85.285285 0.802550 -12.870239 31.203524 33.763102
85.385385 0.803845 -12.877979 31.223672 33.784703
85.485485 0.805138 -12.885710 31.243793 33.806277
85.585586 0.806428 -12.893430 31.263889 33.827823
85.685686 0.807717 -12.901141 31.283958 33.849340
85.785786 0.809003 -12.908842 31.304000 33.870830
85.885886 0.810287 -12.916534 31.324016 33.892291
85.985986 0.811569 -12.924215 31.344006 33.913724
86.086086 0.812849 -12.931887 31.363969 33.935129
86.186186 0.814126 -12.939549 31.383906 33.956506
86.286286 0.815402 -12.947202 31.403819 33.977857
86.386386 0.816675 -12.954846 31.423707 33.999182
86.486486 0.817947 -12.962481 31.443572 34.020482
86.586587 0.819216 -12.970108 31.463413 34.041756
86.686687 0.820483 -12.977726 31.483229 34.063005
86.786787 0.821748 -12.985334 31.503022 34.084227
86.886887 0.823011 -12.992934 31.522790 34.105424
86.986987 0.824272 -13.000526 31.542535 34.126596
87.087087 0.825531 -13.008109 31.562257 34.147745
87.187187 0.826787 -13.015684 31.581958 34.168870
87.287287 0.828042 -13.023251 31.601636 34.189971
87.387387 0.829295 -13.030811 31.621294 34.211050
87.487487 0.830546 -13.038362 31.640930 34.232107
87.587588 0.831795 -13.045907 31.660545 34.253141
87.687688 0.833041 -13.053444 31.680140 34.274154
87.787788 0.834286 -13.060973 31.699715 34.295145
87.887888 0.835529 -13.068496 31.719270 34.316116
87.987988 0.836770 -13.076012 31.738807 34.337067
88.088088 0.838010 -13.083523 31.758327 34.357999
88.188188 0.839247 -13.091026 31.777829 34.378914
88.288288 0.840482 -13.098524 31.797314 34.399810
88.388388 0.841716 -13.106016 31.816782 34.420688
88.488488 0.842948 -13.113502 31.836233 34.441548
88.588589 0.844178 -13.120982 31.855666 34.462389
88.688689 0.845406 -13.128456 31.875083 34.483213
88.788789 0.846632 -13.135924 31.894483 34.504019
88.888889 0.847856 -13.143386 31.913866 34.524807
88.988989 0.849079 -13.150842 31.933232 34.545577
89.089089 0.850300 -13.158292 31.952581 34.566329
89.189189 0.851519 -13.165737 31.971914 34.587064
89.289289 0.852736 -13.173175 31.991231 34.607782
89.389389 0.853951 -13.180608 32.010530 34.628481
89.489489 0.855164 -13.188035 32.029814 34.649164
89.589590 0.856376 -13.195457 32.049082 34.669830
89.689690 0.857586 -13.202874 32.068335 34.690480
89.789790 0.858794 -13.210285 32.087574 34.711116
89.889890 0.860001 -13.217693 32.106799 34.731737
89.989990 0.861205 -13.225095 32.126009 34.752342
90.090090 0.862408 -13.232491 32.145204 34.772931
90.190190 0.863610 -13.239882 32.164383 34.793503
90.290290 0.864809 -13.247269 32.183548 34.814060
90.390390 0.866007 -13.254649 32.202697 34.834600
90.490490 0.867203 -13.262025 32.221831 34.855125
90.590591 0.868397 -13.269395 32.240949 34.875633
90.690691 0.869589 -13.276759 32.260052 34.896124
90.790791 0.870780 -13.284118 32.279138 34.916597
90.890891 0.871969 -13.291471 32.298206 34.937053
90.990991 0.873156 -13.298817 32.317258 34.957490
91.091091 0.874341 -13.306158 32.336293 34.977910
91.191191 0.875525 -13.313492 32.355310 34.998310
91.291291 0.876706 -13.320819 32.374309 35.018691
91.391391 0.877886 -13.328141 32.393289 35.039053
91.491491 0.879064 -13.335455 32.412251 35.059395
91.591592 0.880241 -13.342763 32.431195 35.079717
91.691692 0.881415 -13.350064 32.450121 35.100020
91.791792 0.882588 -13.357359 32.469029 35.120305
91.891892 0.883759 -13.364649 32.487920 35.140572
91.991992 0.884928 -13.371932 32.506795 35.160822
92.092092 0.886096 -13.379210 32.525654 35.181054
92.192192 0.887261 -13.386481 32.544495 35.201268
92.292292 0.888425 -13.393747 32.563320 35.221464
92.392392 0.889588 -13.401006 32.582127 35.241642
92.492492 0.890748 -13.408259 32.600917 35.261801
92.592593 0.891907 -13.415506 32.619690 35.281943
92.692693 0.893064 -13.422747 32.638446 35.302066
92.792793 0.894219 -13.429982 32.657184 35.322170
92.892893 0.895373 -13.437210 32.675904 35.342255
92.992993 0.896524 -13.444431 32.694606 35.362321
93.093093 0.897674 -13.451646 32.713289 35.382367
93.193193 0.898823 -13.458854 32.731953 35.402393
93.293293 0.899969 -13.466055 32.750597 35.422397
93.393393 0.901114 -13.473247 32.769220 35.442379
93.493493 0.902256 -13.480432 32.787822 35.462338
93.593594 0.903397 -13.487609 32.806401 35.482273
93.693694 0.904536 -13.494777 32.824958 35.502184
93.793794 0.905673 -13.501937 32.843492 35.522071
93.893894 0.906809 -13.509089 32.862004 35.541934
93.993994 0.907942 -13.516232 32.880493 35.561773
94.094094 0.909074 -13.523367 32.898960 35.581588
94.194194 0.910204 -13.530493 32.917403 35.601379
94.294294 0.911331 -13.537611 32.935825 35.621145
94.394394 0.912458 -13.544721 32.954223 35.640887
94.494494 0.913582 -13.551822 32.972598 35.660605
94.594595 0.914704 -13.558914 32.990951 35.680298
94.694695 0.915825 -13.565998 33.009280 35.699967
94.794795 0.916943 -13.573073 33.027587 35.719611
94.894895 0.918060 -13.580140 33.045871 35.739231
94.994995 0.919175 -13.587199 33.064132 35.758827
95.095095 0.920288 -13.594249 33.082370 35.778398
95.195195 0.921399 -13.601290 33.100586 35.797945
95.295295 0.922509 -13.608323 33.118779 35.817468
95.395395 0.923617 -13.615347 33.136948 35.836965
95.495495 0.924722 -13.622363 33.155094 35.856438
95.595596 0.925826 -13.629369 33.173215 35.875884
95.695696 0.926928 -13.636366 33.191311 35.895303
95.795796 0.928028 -13.643352 33.209380 35.914694
95.895896 0.929127 -13.650328 33.227421 35.934054
95.995996 0.930223 -13.657293 33.245434 35.953385
96.096096 0.931317 -13.664247 33.263419 35.972684
96.196196 0.932409 -13.671191 33.281375 35.991955
96.296296 0.933500 -13.678125 33.299306 36.011197
96.396396 0.934588 -13.685049 33.317210 36.030411
96.496496 0.935675 -13.691964 33.335089 36.049598
96.596597 0.936759 -13.698869 33.352945 36.068760
96.696697 0.937842 -13.705766 33.370776 36.087896
96.796797 0.938923 -13.712653 33.388583 36.107006
96.896897 0.940003 -13.719531 33.406364 36.126089
96.996997 0.941080 -13.726399 33.424120 36.145144
97.097097 0.942156 -13.733257 33.441849 36.164171
97.197197 0.943229 -13.740105 33.459553 36.183171
97.297297 0.944301 -13.746945 33.477233 36.202145
97.397397 0.945371 -13.753775 33.494888 36.221093
97.497497 0.946439 -13.760596 33.512519 36.240015
97.597598 0.947505 -13.767408 33.530127 36.258912
97.697698 0.948570 -13.774211 33.547709 36.277782
97.797798 0.949633 -13.781004 33.565267 36.296625
97.897898 0.950693 -13.787788 33.582799 36.315441
97.997998 0.951752 -13.794561 33.600304 36.334228
98.098098 0.952809 -13.801324 33.617781 36.352986
98.198198 0.953865 -13.808077 33.635231 36.371715
98.298298 0.954918 -13.814818 33.652653 36.390412
98.398398 0.955969 -13.821549 33.670045 36.409079
98.498498 0.957018 -13.828268 33.687408 36.427714
98.598599 0.958066 -13.834975 33.704739 36.446314
98.698699 0.959111 -13.841669 33.722038 36.464881
98.798799 0.960154 -13.848351 33.739304 36.483412
98.898899 0.961196 -13.855020 33.756538 36.501909
98.998999 0.962235 -13.861677 33.773739 36.520370
99.099099 0.963272 -13.868322 33.790908 36.538797
99.199199 0.964307 -13.874953 33.808043 36.557188
99.299299 0.965340 -13.881572 33.825146 36.575544
99.399399 0.966372 -13.888178 33.842216 36.593865
99.499499 0.967401 -13.894771 33.859253 36.612150
99.599600 0.968428 -13.901351 33.876255 36.630398
99.699700 0.969453 -13.907918 33.893222 36.648609
99.799800 0.970476 -13.914470 33.910154 36.666781
99.899900 0.971496 -13.921009 33.927051 36.684916
100.000000 0.972515 -13.927535 33.943912 36.703014
