0.000000 0.298632 0.469940 0.658357 0.862241
0.100100 0.336672 0.531939 0.575494 0.852936
0.200200 0.370655 0.587527 0.485786 0.847679
0.300300 0.400090 0.635904 0.390197 0.846581
0.400400 0.424595 0.676446 0.289871 0.849638
0.500501 0.443954 0.708786 0.186091 0.856798
0.600601 0.458087 0.732785 0.080178 0.867898
0.700701 0.467003 0.748435 -0.026593 0.882584
0.800801 0.470845 0.755955 -0.133026 0.900477
0.900901 0.469909 0.755802 -0.238060 0.921262
1.001001 0.464536 0.748513 -0.340798 0.944568
1.101101 0.455121 0.734708 -0.440520 0.970046
1.201201 0.442099 0.715083 -0.536701 0.997418
1.301301 0.425889 0.690297 -0.628956 1.026390
1.401401 0.406851 0.660930 -0.716976 1.056603
1.501502 0.385343 0.627548 -0.800579 1.087765
1.601602 0.361694 0.590677 -0.879663 1.119611
1.701702 0.336205 0.550803 -0.954201 1.151919
1.801802 0.309191 0.508428 -1.024331 1.184632
1.901902 0.280939 0.464015 -1.090269 1.217753
2.002002 0.251679 0.417937 -1.152195 1.251226
2.102102 0.221591 0.370484 -1.210213 1.284903
2.202202 0.190826 0.321896 -1.264395 1.318607
2.302302 0.159521 0.272395 -1.314836 1.352198
2.402402 0.127805 0.222190 -1.361700 1.385615
2.502503 0.095794 0.171467 -1.405165 1.418826
2.602603 0.063585 0.120388 -1.445414 1.451812
2.702703 0.031263 0.069087 -1.482574 1.484512
2.802803 -0.001100 0.017683 -1.516772 1.516876
2.902903 -0.033439 -0.033718 -1.548220 1.548948
3.003003 -0.065703 -0.085030 -1.577112 1.580769
3.103103 -0.097844 -0.136178 -1.603588 1.612332
3.203203 -0.129821 -0.187093 -1.627725 1.643577
3.303303 -0.161600 -0.237720 -1.649642 1.674498
3.403403 -0.193157 -0.288016 -1.669491 1.705128
3.503504 -0.224465 -0.337940 -1.687376 1.735461
3.603604 -0.255501 -0.387451 -1.703367 1.765463
3.703704 -0.286240 -0.436510 -1.717515 1.795086
3.803804 -0.316658 -0.485080 -1.729867 1.824285
3.903904 -0.346732 -0.533120 -1.740448 1.852997
4.004004 -0.376440 -0.580596 -1.749293 1.881176
4.104104 -0.405764 -0.627479 -1.756451 1.908794
4.204204 -0.434704 -0.673766 -1.762032 1.935893
4.304304 -0.463264 -0.719464 -1.766157 1.962537
4.404404 -0.491448 -0.764576 -1.768925 1.988766
4.504505 -0.519263 -0.809113 -1.770438 2.014634
4.604605 -0.546714 -0.853083 -1.770782 2.040176
4.704705 -0.573806 -0.896492 -1.770030 2.065420
4.804805 -0.600536 -0.939334 -1.768224 2.090360
4.904905 -0.626894 -0.981592 -1.765383 2.114970
5.005005 -0.652878 -1.023267 -1.761552 2.139250
5.105105 -0.678493 -1.064361 -1.756781 2.163214
5.205205 -0.703738 -1.104873 -1.751104 2.186860
5.305305 -0.728612 -1.144802 -1.744559 2.210189
5.405405 -0.753119 -1.184155 -1.737187 2.233210
5.505506 -0.777257 -1.222927 -1.729014 2.255918
5.605606 -0.801024 -1.261114 -1.720064 2.278304
5.705706 -0.824432 -1.298736 -1.710390 2.300400
5.805806 -0.847494 -1.335811 -1.700044 2.322238
5.905906 -0.870208 -1.372338 -1.689045 2.343810
6.006006 -0.892565 -1.408301 -1.677398 2.365090
6.106106 -0.914557 -1.443688 -1.665107 2.386050
6.206206 -0.936177 -1.478487 -1.652181 2.406668
6.306306 -0.957437 -1.512716 -1.638660 2.426974
6.406406 -0.978340 -1.546382 -1.624569 2.446972
6.506507 -0.998880 -1.579474 -1.609915 2.466642
6.606607 -1.019056 -1.611988 -1.594711 2.485977
6.706707 -1.038871 -1.643931 -1.578981 2.504983
6.806807 -1.058332 -1.675314 -1.562751 2.523674
6.906907 -1.077440 -1.706138 -1.546036 2.542049
7.007007 -1.096196 -1.736403 -1.528852 2.560104
7.107107 -1.114609 -1.766125 -1.511225 2.577857
7.207207 -1.132691 -1.795322 -1.493185 2.595336
7.307307 -1.150449 -1.824004 -1.474751 2.612549
7.407407 -1.167887 -1.852181 -1.455942 2.629506
7.507508 -1.185013 -1.879861 -1.436777 2.646217
7.607608 -1.201837 -1.907061 -1.417279 2.662700
7.707708 -1.218362 -1.933786 -1.397461 2.678961
7.807808 -1.234596 -1.960050 -1.377342 2.695013
7.907908 -1.250548 -1.985864 -1.356939 2.710869
8.008008 -1.266216 -2.011228 -1.336260 2.726524
8.108108 -1.281604 -2.036147 -1.315317 2.741981
8.208208 -1.296725 -2.060641 -1.294131 2.757266
8.308308 -1.311595 -2.084737 -1.272725 2.772407
8.408408 -1.326208 -2.108422 -1.251100 2.787386
8.508509 -1.340555 -2.131684 -1.229253 2.802183
8.608609 -1.354644 -2.154537 -1.207200 2.816811
8.708709 -1.368482 -2.176989 -1.184952 2.831278
8.808809 -1.382063 -2.199033 -1.162511 2.845571
8.908909 -1.395392 -2.220674 -1.139886 2.859694
9.009009 -1.408470 -2.241916 -1.117085 2.873648
9.109109 -1.421296 -2.262757 -1.094113 2.887427
9.209209 -1.433864 -2.283186 -1.070970 2.901014
9.309309 -1.446165 -2.303190 -1.047655 2.914388
9.409409 -1.458210 -2.322786 -1.024183 2.927570
9.509510 -1.470007 -2.341986 -1.000563 2.940569
9.609610 -1.481557 -2.360794 -0.976804 2.953389
9.709710 -1.492870 -2.379222 -0.952914 2.966042
9.809810 -1.503951 -2.397280 -0.928903 2.978537
9.909910 -1.514802 -2.414972 -0.904777 2.990875
10.010010 -1.525412 -2.432279 -0.880534 3.003033
10.110110 -1.535783 -2.449205 -0.856178 3.015009
10.210210 -1.545929 -2.465771 -0.831724 3.026828
10.310310 -1.555852 -2.481982 -0.807175 3.038494
10.410410 -1.565561 -2.497850 -0.782541 3.050018
10.510511 -1.575060 -2.513384 -0.757828 3.061407
10.610611 -1.584351 -2.528585 -0.733041 3.072663
10.710711 -1.593431 -2.543449 -0.708181 3.083776
10.810811 -1.602298 -2.557972 -0.683251 3.094740
10.910911 -1.610950 -2.572153 -0.658255 3.105548
11.011011 -1.619380 -2.585978 -0.633194 3.116185
11.111111 -1.627593 -2.599456 -0.608072 3.126656
11.211211 -1.635587 -2.612585 -0.582894 3.136959
11.311311 -1.643359 -2.625358 -0.557660 3.147081
11.411411 -1.650910 -2.637778 -0.532377 3.157024
11.511512 -1.658242 -2.649848 -0.507047 3.166790
11.611612 -1.665367 -2.661587 -0.481678 3.176398
11.711712 -1.672285 -2.672995 -0.456273 3.185847
11.811812 -1.678987 -2.684057 -0.430834 3.195118
11.911912 -1.685464 -2.694760 -0.405361 3.204191
12.012012 -1.691720 -2.705107 -0.379859 3.213069
12.112112 -1.697754 -2.715101 -0.354331 3.221753
12.212212 -1.703569 -2.724743 -0.328780 3.230243
12.312312 -1.709170 -2.734043 -0.303212 3.238547
12.412412 -1.714554 -2.742997 -0.277630 3.246661
12.512513 -1.719716 -2.751593 -0.252034 3.254567
12.612613 -1.724642 -2.759812 -0.226428 3.262242
12.712713 -1.729329 -2.767648 -0.200814 3.269676
12.812813 -1.733770 -2.775092 -0.175194 3.276857
12.912913 -1.737963 -2.782137 -0.149573 3.283774
13.013013 -1.741917 -2.788799 -0.123954 3.290446
13.113113 -1.745638 -2.795088 -0.098342 3.296883
13.213213 -1.749118 -2.800991 -0.072739 3.303067
13.313313 -1.752351 -2.806498 -0.047149 3.308986
13.413413 -1.755340 -2.811614 -0.021576 3.314643
13.513514 -1.758091 -2.816349 0.003978 3.320048
13.613614 -1.760598 -2.820692 0.029508 3.325188
13.713714 -1.762856 -2.824635 0.055011 3.330053
13.813814 -1.764860 -2.828173 0.080484 3.334632
13.913914 -1.766618 -2.831315 0.105922 3.338938
14.014014 -1.768152 -2.834097 0.131324 3.343010
14.114114 -1.769470 -2.836534 0.156688 3.346865
14.214214 -1.770580 -2.838638 0.182011 3.350514
14.314314 -1.771490 -2.840420 0.207290 3.353972
14.414414 -1.772197 -2.841875 0.232523 3.357231
14.514515 -1.772697 -2.842999 0.257706 3.360284
14.614615 -1.772988 -2.843787 0.282836 3.363124
14.714715 -1.773067 -2.844235 0.307910 3.365747
14.814815 -1.772929 -2.844336 0.332924 3.368139
14.914915 -1.772573 -2.844084 0.357874 3.370297
15.015015 -1.772003 -2.843490 0.382758 3.372230
15.115115 -1.771215 -2.842547 0.407573 3.373928
15.215215 -1.770214 -2.841259 0.432316 3.375398
15.315315 -1.768996 -2.839625 0.456984 3.376633
15.415415 -1.767553 -2.837629 0.481571 3.377616
15.515516 -1.765893 -2.835283 0.506076 3.378361
15.615616 -1.764009 -2.832578 0.530495 3.378854
15.715716 -1.761902 -2.829515 0.554824 3.379095
15.815816 -1.759574 -2.826097 0.579062 3.379088
15.915916 -1.757022 -2.822317 0.603202 3.378824
16.016016 -1.754248 -2.818183 0.627245 3.378310
16.116116 -1.751260 -2.813704 0.651188 3.377557
16.216216 -1.748054 -2.808873 0.675027 3.376554
16.316316 -1.744629 -2.803691 0.698760 3.375304
16.416416 -1.740997 -2.798175 0.722386 3.373825
16.516517 -1.737157 -2.792326 0.745904 3.372117
16.616617 -1.733111 -2.786144 0.769311 3.370179
16.716717 -1.728859 -2.779632 0.792604 3.368015
16.816817 -1.724398 -2.772782 0.815778 3.365615
16.916917 -1.719722 -2.765587 0.838827 3.362967
17.017017 -1.714827 -2.758041 0.861747 3.360064
17.117117 -1.709708 -2.750132 0.884532 3.356892
17.217217 -1.704365 -2.741863 0.907178 3.353453
17.317317 -1.698800 -2.733237 0.929682 3.349749
17.417417 -1.693006 -2.724243 0.952039 3.345766
17.517518 -1.686984 -2.714881 0.974244 3.341503
17.617618 -1.680738 -2.705158 0.996297 3.336970
17.717718 -1.674274 -2.695084 1.018198 3.332176
17.817818 -1.667584 -2.684646 1.039938 3.327105
17.917918 -1.660651 -2.673817 1.061503 3.321724
18.018018 -1.653465 -2.662580 1.082883 3.316009
18.118118 -1.646023 -2.650929 1.104072 3.309953
18.218218 -1.638338 -2.638888 1.125075 3.303585
18.318318 -1.630425 -2.626480 1.145897 3.296932
18.418418 -1.622285 -2.613704 1.166536 3.289994
18.518519 -1.613907 -2.600545 1.186981 3.282751
18.618619 -1.605281 -2.586987 1.207220 3.275181
18.718719 -1.596401 -2.573018 1.227243 3.267269
18.818819 -1.587260 -2.558629 1.247043 3.259002
18.918919 -1.577856 -2.543816 1.266611 3.250374
19.019019 -1.568185 -2.528573 1.285941 3.241378
19.119119 -1.558246 -2.512896 1.305027 3.232007
19.219219 -1.548046 -2.496797 1.323870 3.222278
19.319319 -1.537583 -2.480275 1.342464 3.212185
19.419419 -1.526851 -2.463319 1.360798 3.201716
19.519520 -1.515848 -2.445925 1.378866 3.190865
19.619620 -1.504575 -2.428094 1.396664 3.179631
19.719720 -1.493038 -2.409838 1.414191 3.168031
19.819820 -1.481245 -2.391167 1.431451 3.156077
19.919920 -1.469198 -2.372088 1.448441 3.143775
20.020020 -1.456892 -2.352588 1.465149 3.131113
20.120120 -1.444331 -2.332677 1.481575 3.118098
20.220220 -1.431520 -2.312362 1.497720 3.104744
20.320320 -1.418453 -2.291634 1.513571 3.091034
20.420420 -1.405123 -2.270479 1.529115 3.076953
20.520521 -1.391528 -2.248896 1.544344 3.062496
20.620621 -1.377676 -2.226898 1.559262 3.047681
20.720721 -1.363568 -2.204486 1.573863 3.032511
20.820821 -1.349201 -2.181655 1.588139 3.016977
20.920921 -1.334575 -2.158403 1.602082 3.001076
21.021021 -1.319686 -2.134727 1.615683 2.984805
21.121121 -1.304529 -2.110617 1.628928 2.968149
21.221221 -1.289116 -2.086092 1.641826 2.951134
21.321321 -1.273461 -2.061175 1.654387 2.933793
21.421421 -1.257562 -2.035863 1.666603 2.916121
21.521522 -1.241407 -2.010136 1.678451 2.898092
21.621622 -1.224994 -1.983991 1.689922 2.879699
21.721722 -1.208318 -1.957420 1.701001 2.860932
21.821822 -1.191377 -1.930418 1.711676 2.841782
21.921922 -1.174169 -1.902984 1.721938 2.822249
22.022022 -1.156685 -1.875103 1.731766 2.802311
22.122122 -1.138921 -1.846768 1.741145 2.781956
22.222222 -1.120883 -1.817985 1.750072 2.761195
22.322322 -1.102576 -1.788769 1.758549 2.740048
22.422422 -1.084004 -1.759120 1.766571 2.718518
22.522523 -1.065147 -1.729011 1.774098 2.696561
22.622623 -1.045984 -1.698403 1.781081 2.674118
22.722723 -1.026502 -1.667277 1.787489 2.651158
22.822823 -1.006695 -1.635621 1.793296 2.627661
22.922923 -0.986561 -1.603435 1.798487 2.603625
23.023023 -0.966097 -1.570712 1.803042 2.579039
23.123123 -0.945283 -1.537421 1.806909 2.553849
23.223223 -0.924097 -1.503522 1.810027 2.527990
23.323323 -0.902523 -1.468993 1.812350 2.501420
23.423423 -0.880548 -1.433809 1.813830 2.474096
23.523524 -0.858164 -1.397960 1.814428 2.445994
23.623624 -0.835383 -1.361463 1.814149 2.417144
23.723724 -0.812208 -1.324324 1.812975 2.387550
23.823824 -0.788642 -1.286547 1.810888 2.357218
23.923924 -0.764695 -1.248147 1.807882 2.326170
24.024024 -0.740376 -1.209140 1.803956 2.294435
24.124124 -0.715680 -1.169517 1.799068 2.261993
24.224224 -0.690587 -1.129244 1.793136 2.228775
24.324324 -0.665084 -1.088301 1.786092 2.194735
24.424424 -0.639170 -1.046683 1.777895 2.159860
24.524525 -0.612853 -1.004406 1.768528 2.124173
24.624625 -0.586132 -0.961466 1.757945 2.087664
24.724725 -0.559000 -0.917850 1.746073 2.050293
24.824825 -0.531455 -0.873557 1.732857 2.012049
24.924925 -0.503503 -0.828593 1.718255 1.972937
25.025025 -0.475136 -0.782945 1.702174 1.932913
25.125125 -0.446342 -0.736593 1.684499 1.891911
25.225225 -0.417110 -0.689518 1.665103 1.849860
25.325325 -0.387436 -0.641711 1.643867 1.806709
25.425425 -0.357328 -0.593184 1.620715 1.762461
25.525526 -0.326795 -0.543951 1.595550 1.717107
25.625626 -0.295841 -0.494015 1.568236 1.670609
25.725726 -0.264462 -0.443367 1.538567 1.622868
25.825826 -0.232660 -0.392011 1.506330 1.573796
25.925926 -0.200456 -0.339975 1.471362 1.523375
26.026026 -0.167861 -0.287273 1.433371 1.471480
26.126126 -0.134888 -0.233924 1.391986 1.417935
26.226226 -0.101576 -0.179983 1.346876 1.362640
26.326326 -0.067981 -0.125537 1.297733 1.305562
26.426426 -0.034180 -0.070704 1.244203 1.246679
26.526527 -0.000268 -0.015631 1.185782 1.185885
26.626627 0.033619 0.039472 1.121856 1.123054
26.726727 0.067289 0.094309 1.051668 1.058030
26.826827 0.100469 0.148452 0.974319 0.990672
26.926927 0.132779 0.201304 0.888878 0.921009
27.027027 0.163655 0.251978 0.794152 0.849090
27.127127 0.192235 0.299115 0.688585 0.774967
27.227227 0.217229 0.340666 0.570477 0.699060
27.327327 0.236639 0.373458 0.438073 0.622396
27.427427 0.247347 0.392509 0.290037 0.547142
27.527528 0.244585 0.390176 0.126885 0.477660
27.627628 0.221816 0.355914 -0.045659 0.421856
27.727728 0.173070 0.279956 -0.211667 0.391320
27.827828 0.099339 0.163574 -0.346492 0.395831
27.927928 0.011327 0.023693 -0.432756 0.433552
28.028028 -0.078449 -0.119621 -0.471616 0.492833
28.128128 -0.162673 -0.254500 -0.474718 0.562663
28.228228 -0.238900 -0.376878 -0.453771 0.636410
28.328328 -0.307053 -0.486521 -0.417218 0.710672
28.428428 -0.367819 -0.584462 -0.370530 0.783695
28.528529 -0.421994 -0.671928 -0.317171 0.854496
28.628629 -0.470346 -0.750125 -0.259436 0.922616
28.728729 -0.513657 -0.820281 -0.198931 0.988068
28.828829 -0.552629 -0.883506 -0.136767 1.051041
28.928929 -0.587804 -0.940662 -0.073691 1.111660
29.029029 -0.619619 -0.992440 -0.010225 1.170030
29.129129 -0.648431 -1.039409 0.053258 1.226242
29.229229 -0.674549 -1.082058 0.116487 1.280404
29.329329 -0.698251 -1.120832 0.179266 1.332650
29.429429 -0.719782 -1.156118 0.241453 1.383111
29.529530 -0.739345 -1.188245 0.302947 1.431899
29.629630 -0.757118 -1.217494 0.363674 1.479114
29.729730 -0.773259 -1.244120 0.423583 1.524856
29.829830 -0.787894 -1.268320 0.482634 1.569187
29.929930 -0.801118 -1.290248 0.540786 1.612135
30.030030 -0.813042 -1.310084 0.598027 1.653781
30.130130 -0.823789 -1.328022 0.654370 1.694246
30.230230 -0.833462 -1.344229 0.709827 1.733627
30.330330 -0.842138 -1.358827 0.764401 1.771981
30.430430 -0.849896 -1.371942 0.818108 1.809378
30.530531 -0.856781 -1.383649 0.870943 1.845833
30.630631 -0.862822 -1.393992 0.922885 1.881327
30.730731 -0.868080 -1.403070 0.973957 1.915923
30.830831 -0.872621 -1.410988 1.024191 1.949698
30.930931 -0.876507 -1.417846 1.073624 1.982731
31.031031 -0.879804 -1.423751 1.122301 2.015113
31.131131 -0.882583 -1.428819 1.170286 2.046961
31.231231 -0.884890 -1.433120 1.217610 2.078326
31.331331 -0.886742 -1.436687 1.264276 2.109212
31.431431 -0.888161 -1.439549 1.310290 2.139624
31.531532 -0.889155 -1.441723 1.355643 2.169546
31.631632 -0.889741 -1.443235 1.400339 2.198980
31.731732 -0.889946 -1.444128 1.444403 2.227961
31.831832 -0.889801 -1.444453 1.487864 2.256530
31.931932 -0.889331 -1.444250 1.530748 2.284723
32.032032 -0.888560 -1.443557 1.573078 2.312567
32.132132 -0.887496 -1.442389 1.614857 2.340063
32.232232 -0.886152 -1.440763 1.656089 2.367212
32.332332 -0.884541 -1.438706 1.696790 2.394031
32.432432 -0.882672 -1.436226 1.736959 2.420513
32.532533 -0.880547 -1.433330 1.776589 2.446643
32.632633 -0.878173 -1.430029 1.815682 2.472422
32.732733 -0.875553 -1.426326 1.854230 2.497833
32.832833 -0.872696 -1.422236 1.892240 2.522881
32.932933 -0.869612 -1.417776 1.929722 2.547575
33.033033 -0.866308 -1.412958 1.966682 2.571921
33.133133 -0.862793 -1.407795 2.003125 2.595921
33.233233 -0.859063 -1.402280 2.039031 2.619547
33.333333 -0.855116 -1.396409 2.074383 2.642772
33.433433 -0.850952 -1.390185 2.109174 2.665586
33.533534 -0.846576 -1.383614 2.143401 2.687982
33.633634 -0.841997 -1.376710 2.177076 2.709972
33.733734 -0.837214 -1.369473 2.210187 2.731539
33.833834 -0.832221 -1.361892 2.242705 2.752648
33.933934 -0.827022 -1.353973 2.274629 2.773291
34.034034 -0.821629 -1.345737 2.305981 2.793498
34.134134 -0.816058 -1.337206 2.336791 2.813301
34.234234 -0.810318 -1.328400 2.367080 2.832725
34.334334 -0.804417 -1.319329 2.396860 2.851780
34.434434 -0.798359 -1.309999 2.426129 2.870466
34.534535 -0.792139 -1.300404 2.454867 2.888755
34.634635 -0.785758 -1.290544 2.483064 2.906634
34.734735 -0.779222 -1.280429 2.510731 2.924116
34.834835 -0.772537 -1.270068 2.537875 2.941206
34.934935 -0.765705 -1.259465 2.564494 2.957902
35.035035 -0.758729 -1.248625 2.590590 2.974204
35.135135 -0.751611 -1.237550 2.616156 2.990104
35.235235 -0.744346 -1.226233 2.641167 3.005572
35.335335 -0.736934 -1.214673 2.665612 3.020594
35.435435 -0.729380 -1.202879 2.689502 3.035183
35.535536 -0.721695 -1.190868 2.712861 3.049364
35.635636 -0.713891 -1.178659 2.735724 3.063179
35.735736 -0.705974 -1.166263 2.758113 3.076647
35.835836 -0.697945 -1.153683 2.780018 3.089759
35.935936 -0.689807 -1.140921 2.801440 3.102515
36.036036 -0.681565 -1.127987 2.822392 3.114928
36.136136 -0.673227 -1.114893 2.842898 3.127025
36.236236 -0.664797 -1.101646 2.862969 3.138817
36.336336 -0.656277 -1.088250 2.882601 3.150297
36.436436 -0.647669 -1.074706 2.901795 3.161468
36.536537 -0.638975 -1.061021 2.920556 3.172334
36.636637 -0.630200 -1.047199 2.938895 3.182905
36.736737 -0.621349 -1.033250 2.956824 3.193195
36.836837 -0.612424 -1.019177 2.974348 3.203206
36.936937 -0.603422 -1.004977 2.991448 3.212921
37.037037 -0.594346 -0.990652 3.008123 3.222335
37.137137 -0.585195 -0.976201 3.024364 3.231439
37.237237 -0.575969 -0.961625 3.040163 3.240225
37.337337 -0.566673 -0.946929 3.055529 3.248699
37.437437 -0.557305 -0.932114 3.070453 3.256855
37.537538 -0.547864 -0.917177 3.084919 3.264673
37.637638 -0.538352 -0.902119 3.098922 3.272149
37.737738 -0.528772 -0.886945 3.112468 3.279288
37.837838 -0.519124 -0.871658 3.125556 3.286089
37.937938 -0.509410 -0.856259 3.138183 3.292548
38.038038 -0.499631 -0.840750 3.150343 3.298659
38.138138 -0.489786 -0.825129 3.162021 3.304407
38.238238 -0.479876 -0.809397 3.173212 3.309785
38.338338 -0.469903 -0.793558 3.183918 3.314796
38.438438 -0.459866 -0.777612 3.194125 3.319426
38.538539 -0.449766 -0.761557 3.203820 3.323661
38.638639 -0.439605 -0.745398 3.213003 3.327501
38.738739 -0.429383 -0.729133 3.221665 3.330935
38.838839 -0.419101 -0.712767 3.229805 3.333965
38.938939 -0.408766 -0.696310 3.237460 3.336628
39.039039 -0.398383 -0.679770 3.244652 3.338947
39.139139 -0.387954 -0.663150 3.251388 3.340928
39.239239 -0.377482 -0.646455 3.257674 3.342580
39.339339 -0.366968 -0.629687 3.263514 3.343904
39.439439 -0.356414 -0.612850 3.268910 3.344904
39.539540 -0.345823 -0.595948 3.273875 3.345595
39.639640 -0.335198 -0.578985 3.278421 3.345987
39.739740 -0.324538 -0.561962 3.282533 3.346065
39.839840 -0.313844 -0.544878 3.286197 3.345816
39.939940 -0.303119 -0.527739 3.289430 3.345256
40.040040 -0.292366 -0.510551 3.292259 3.344415
40.140140 -0.281587 -0.493315 3.294683 3.343290
40.240240 -0.270783 -0.476033 3.296689 3.341869
40.340340 -0.259953 -0.458705 3.298272 3.340147
40.440440 -0.249100 -0.441333 3.299421 3.338114
40.540541 -0.238222 -0.423918 3.300126 3.335759
40.640641 -0.227321 -0.406459 3.300375 3.333071
40.740741 -0.216399 -0.388959 3.300160 3.330041
40.840841 -0.205454 -0.371417 3.299456 3.326645
40.940941 -0.194486 -0.353832 3.298228 3.322849
41.041041 -0.183496 -0.336205 3.296469 3.318646
41.141141 -0.172488 -0.318541 3.294190 3.314047
41.241241 -0.161462 -0.300843 3.291400 3.309062
41.341341 -0.150421 -0.283115 3.288102 3.303694
41.441441 -0.139366 -0.265357 3.284285 3.297934
41.541542 -0.128299 -0.247572 3.279944 3.291775
41.641642 -0.117220 -0.229763 3.275071 3.285213
41.741742 -0.106133 -0.211932 3.269661 3.278240
41.841842 -0.095036 -0.194080 3.263687 3.270834
41.941942 -0.083933 -0.176209 3.257138 3.262981
42.042042 -0.072824 -0.158324 3.250021 3.254690
42.142142 -0.061713 -0.140425 3.242320 3.245946
42.242242 -0.050599 -0.122516 3.234016 3.236732
42.342342 -0.039486 -0.104599 3.225095 3.227032
42.442442 -0.028375 -0.086677 3.215544 3.216837
42.542543 -0.017268 -0.068754 3.205357 3.206141
42.642643 -0.006167 -0.050833 3.194534 3.194944
42.742743 0.004925 -0.032918 3.183085 3.183259
42.842843 0.016007 -0.015012 3.171018 3.171094
42.942943 0.027075 0.002881 3.158346 3.158464
43.043043 0.038129 0.020758 3.145061 3.145361
43.143143 0.049165 0.038615 3.131150 3.131774
43.243243 0.060181 0.056448 3.116608 3.117700
43.343343 0.071174 0.074254 3.101409 3.103114
43.443443 0.082143 0.092028 3.085555 3.088020
43.543544 0.093085 0.109767 3.069083 3.072456
43.643644 0.103999 0.127469 3.052010 3.056441
43.743744 0.114882 0.145130 3.034330 3.039970
43.843844 0.125732 0.162745 3.016030 3.023034
43.943944 0.136545 0.180309 2.997091 3.005613
44.044044 0.147318 0.197817 2.977493 2.987691
44.144144 0.158048 0.215266 2.957247 2.969281
44.244244 0.168734 0.232652 2.936358 2.950389
44.344344 0.179372 0.249969 2.914810 2.931003
44.444444 0.189959 0.267213 2.892593 2.911113
44.544545 0.200489 0.284375 2.869682 2.890699
44.644645 0.210960 0.301452 2.846066 2.869750
44.744745 0.221370 0.318439 2.821768 2.848295
44.844845 0.231717 0.335333 2.796794 2.826340
44.944945 0.241995 0.352127 2.771121 2.803866
45.045045 0.252200 0.368813 2.744740 2.780868
45.145145 0.262329 0.385386 2.717642 2.757338
45.245245 0.272376 0.401837 2.689806 2.733262
45.345345 0.282333 0.418154 2.661188 2.708595
45.445445 0.292192 0.434325 2.631749 2.683303
45.545546 0.301945 0.450337 2.601457 2.657359
45.645646 0.311588 0.466183 2.570307 2.630759
45.745746 0.321114 0.481853 2.538288 2.603499
45.845846 0.330517 0.497339 2.505387 2.575569
45.945946 0.339793 0.512630 2.471603 2.546973
46.046046 0.348931 0.527713 2.436900 2.517680
46.146146 0.357919 0.542568 2.401234 2.487652
46.246246 0.366749 0.557183 2.364584 2.456871
46.346346 0.375408 0.571538 2.326913 2.425306
46.446446 0.383885 0.585612 2.288179 2.392921
46.546547 0.392167 0.599390 2.248359 2.359699
46.646647 0.400241 0.612849 2.207418 2.325612
46.746747 0.408088 0.625960 2.165295 2.290604
46.846847 0.415691 0.638694 2.121940 2.254630
46.946947 0.423035 0.651030 2.077328 2.217677
47.047047 0.430103 0.662942 2.031427 2.179719
47.147147 0.436871 0.674389 1.984170 2.140698
47.247247 0.443311 0.685330 1.935486 2.100550
47.347347 0.449397 0.695722 1.885312 2.059221
47.447447 0.455096 0.705514 1.833576 2.016647
47.547548 0.460373 0.714651 1.780196 1.972756
47.647648 0.465187 0.723070 1.725085 1.927472
47.747748 0.469487 0.730688 1.668121 1.880679
47.847848 0.473209 0.737407 1.609161 1.832238
47.947948 0.476288 0.743123 1.548069 1.782021
48.048048 0.478657 0.747730 1.484720 1.729915
48.148148 0.480247 0.751119 1.419007 1.675828
48.248248 0.480988 0.753181 1.350840 1.619692
48.348348 0.480816 0.753810 1.280158 1.561479
48.448448 0.479637 0.752861 1.206847 1.501110
48.548549 0.477339 0.750156 1.130773 1.438483
48.648649 0.473785 0.745476 1.051775 1.373476
48.748749 0.468780 0.738512 0.969608 1.305870
48.848849 0.462102 0.728910 0.884034 1.235461
48.948949 0.453476 0.716238 0.794791 1.162037
49.049049 0.442547 0.699924 0.701569 1.085330
49.149149 0.428829 0.679200 0.603992 1.004994
49.249249 0.411650 0.652994 0.501616 0.920584
49.349349 0.390052 0.619777 0.393948 0.831540
49.449449 0.362651 0.577336 0.280541 0.737249
49.549550 0.327334 0.522292 0.161204 0.637121
49.649650 0.280651 0.449108 0.036630 0.530853
49.749750 0.216820 0.348471 -0.089335 0.420028
49.849850 0.126239 0.204806 -0.201500 0.313821
49.949950 0.001794 0.006052 -0.247924 0.248004
50.050050 -0.120977 -0.191727 -0.161187 0.278166
50.150150 -0.197682 -0.316668 -0.000017 0.373305
50.250250 -0.238570 -0.384291 0.165658 0.481703
50.350350 -0.259285 -0.419435 0.318658 0.587109
50.450450 -0.268176 -0.435460 0.457605 0.686255
50.550551 -0.269603 -0.439366 0.584004 0.778966
50.650651 -0.266000 -0.435075 0.699577 0.865711
50.750751 -0.258831 -0.424953 0.805786 0.947031
50.850851 -0.249054 -0.410548 0.903857 1.023492
50.950951 -0.237321 -0.392919 0.994790 1.095589
51.051051 -0.224084 -0.372799 1.079360 1.163705
51.151151 -0.209673 -0.350724 1.158203 1.228172
51.251251 -0.194325 -0.327082 1.231788 1.289204
51.351351 -0.178220 -0.302164 1.300474 1.346959
51.451451 -0.161521 -0.276237 1.364724 1.401737
51.551552 -0.144364 -0.249526 1.424977 1.453844
51.651652 -0.126846 -0.222189 1.481527 1.503456
51.751752 -0.109046 -0.194356 1.534609 1.550706
51.851852 -0.091030 -0.166135 1.584448 1.595733
51.951952 -0.072855 -0.137620 1.631273 1.638688
52.052052 -0.054568 -0.108891 1.675306 1.679728
52.152152 -0.036212 -0.080017 1.716761 1.719006
52.252252 -0.017818 -0.051052 1.755806 1.756638
52.352352 0.000586 -0.022042 1.792558 1.792694
52.452452 0.018976 0.006975 1.827121 1.827233
52.552553 0.037332 0.035962 1.859637 1.860360
52.652653 0.055637 0.064892 1.890222 1.892154
52.752753 0.073874 0.093737 1.918946 1.922654
52.852853 0.092029 0.122475 1.945887 1.951908
52.952953 0.110090 0.151085 1.971105 1.979950
53.053053 0.128047 0.179547 1.994664 2.006817
53.153153 0.145890 0.207849 2.016658 2.032583
53.253253 0.163612 0.235975 2.037139 2.057277
53.353353 0.181204 0.263911 2.056151 2.080923
53.453453 0.198659 0.291647 2.073748 2.103558
53.553554 0.215967 0.319165 2.089941 2.125173
53.653654 0.233117 0.346449 2.104724 2.145747
53.753754 0.250101 0.373485 2.118114 2.165282
53.853854 0.266918 0.400268 2.130184 2.183836
53.953954 0.283568 0.426801 2.141018 2.201483
54.054054 0.300047 0.453075 2.150650 2.218243
54.154154 0.316345 0.479076 2.159078 2.234101
54.254254 0.332460 0.504797 2.166325 2.249070
54.354354 0.348389 0.530236 2.172447 2.263195
54.454454 0.364130 0.555387 2.177467 2.276490
54.554555 0.379679 0.580244 2.181405 2.288967
54.654655 0.395033 0.604803 2.184293 2.300647
54.754755 0.410190 0.629059 2.186157 2.311548
54.854855 0.425150 0.653012 2.187030 2.321697
54.954955 0.439909 0.676656 2.186934 2.331108
55.055055 0.454466 0.699989 2.185891 2.339796
55.155155 0.468816 0.723002 2.183908 2.347760
55.255255 0.482958 0.745692 2.181010 2.355018
55.355355 0.496892 0.768062 2.177227 2.361597
55.455455 0.510609 0.790096 2.172547 2.367474
55.555556 0.524099 0.811777 2.166950 2.372621
55.655656 0.537353 0.833092 2.160425 2.377021
55.755756 0.550356 0.854018 2.152941 2.380628
55.855856 0.563099 0.874539 2.144486 2.383426
55.955956 0.575579 0.894652 2.135075 2.385422
56.056056 0.587792 0.914349 2.124719 2.386623
56.156156 0.599731 0.933619 2.113414 2.387015
56.256256 0.611379 0.952435 2.101127 2.386556
56.356356 0.622725 0.970781 2.087847 2.385227
56.456456 0.633762 0.988643 2.073569 2.383014
56.556557 0.644477 1.006004 2.058279 2.379897
56.656657 0.654869 1.022860 2.041999 2.375891
56.756757 0.664944 1.039220 2.024768 2.371036
56.856857 0.674695 1.055074 2.006590 2.365332
56.956957 0.684116 1.070411 1.987467 2.358775
57.057057 0.693204 1.085225 1.967412 2.351373
57.157157 0.701955 1.099512 1.946439 2.343137
57.257257 0.710368 1.113270 1.924565 2.334082
57.357357 0.718438 1.126489 1.901796 2.324211
57.457457 0.726154 1.139153 1.878127 2.313510
57.557558 0.733506 1.151246 1.853551 2.301967
57.657658 0.740485 1.162752 1.828067 2.289572
57.757758 0.747083 1.173659 1.801673 2.276320
57.857858 0.753293 1.183956 1.774379 2.262217
57.957958 0.759105 1.193628 1.746181 2.247251
58.058058 0.764506 1.202654 1.717070 2.231406
58.158158 0.769490 1.211022 1.687055 2.214688
58.258258 0.774054 1.218729 1.656151 2.197111
58.358358 0.778188 1.225760 1.624360 2.178672
58.458458 0.781884 1.232099 1.591684 2.159368
58.558559 0.785126 1.237723 1.558117 2.139185
58.658659 0.787896 1.242603 1.523645 2.118097
58.758759 0.790174 1.246705 1.488250 2.096076
58.858859 0.791937 1.249995 1.451917 2.073093
58.958959 0.793159 1.252431 1.414622 2.049107
59.059059 0.793800 1.253949 1.376322 2.024048
59.159159 0.793838 1.254514 1.337007 1.997892
59.259259 0.793251 1.254091 1.296669 1.970620
59.359359 0.792011 1.252634 1.255291 1.942197
59.459459 0.790099 1.250116 1.212881 1.912623
59.559560 0.787481 1.246479 1.169415 1.881852
59.659660 0.784105 1.241643 1.124855 1.849810
59.759760 0.779919 1.235522 1.079161 1.816418
59.859860 0.774853 1.228007 1.032279 1.781572
59.959960 0.768831 1.218979 0.984155 1.745157
60.060060 0.761794 1.208340 0.934761 1.707101
60.160160 0.753696 1.196016 0.884094 1.667374
60.260260 0.744478 1.181917 0.832145 1.625927
60.360360 0.734067 1.165921 0.778891 1.582687
60.460460 0.722354 1.147859 0.724287 1.537520
60.560561 0.709226 1.127546 0.668296 1.490296
60.660661 0.694571 1.104805 0.610896 1.440908
60.760761 0.678238 1.079397 0.552054 1.389197
60.860861 0.660056 1.051043 0.491739 1.334980
60.960961 0.639813 1.019409 0.429924 1.278042
61.061061 0.617231 0.984046 0.366573 1.218071
61.161161 0.592012 0.944481 0.301694 1.154791
61.261261 0.563814 0.900161 0.235337 1.087915
61.361361 0.532132 0.850277 0.167573 1.016964
61.461461 0.496317 0.793789 0.098559 0.941353
61.561562 0.455543 0.729370 0.028625 0.860418
61.661662 0.408727 0.655276 -0.041605 0.773418
61.761762 0.354423 0.569176 -0.110950 0.679623
61.861862 0.290420 0.467495 -0.177029 0.578130
61.961962 0.213292 0.344681 -0.234592 0.468329
62.062062 0.117907 0.192342 -0.270357 0.352123
62.162162 0.000230 0.003508 -0.244906 0.244931
62.262262 -0.106858 -0.170161 -0.079219 0.215984
62.362362 -0.134438 -0.217397 0.159142 0.301100
62.462462 -0.113478 -0.186326 0.354487 0.416240
62.562563 -0.076856 -0.129603 0.506022 0.527979
62.662663 -0.035253 -0.064512 0.627231 0.631525
62.762763 0.007671 0.002968 0.727003 0.727050
62.862863 0.050468 0.070449 0.810918 0.815535
62.962963 0.092512 0.136881 0.882567 0.897897
63.063063 0.133521 0.201781 0.944364 0.974868
63.163163 0.173380 0.264943 0.998079 1.047100
63.263263 0.212055 0.326295 1.045043 1.115146
63.363363 0.249552 0.385834 1.086266 1.179457
63.463463 0.285883 0.443567 1.122473 1.240333
63.563564 0.321069 0.499525 1.154244 1.298033
63.663664 0.355151 0.553765 1.182103 1.352832
63.763764 0.388174 0.606352 1.206486 1.404973
63.863864 0.420170 0.657333 1.227724 1.454626
63.963964 0.451178 0.706770 1.246123 1.501968
64.064064 0.481243 0.754728 1.261960 1.547176
64.164164 0.510391 0.801247 1.275436 1.590357
64.264264 0.538645 0.846363 1.286717 1.631598
64.364364 0.566018 0.890094 1.295933 1.670953
64.464464 0.592523 0.932459 1.303199 1.708476
64.564565 0.618180 0.973490 1.308635 1.744235
64.664665 0.642998 1.013198 1.312329 1.778264
64.764765 0.666988 1.051603 1.314369 1.810610
64.864865 0.690196 1.088772 1.314898 1.841399
64.964965 0.712647 1.124748 1.314019 1.870714
65.065065 0.734353 1.159548 1.311795 1.898587
65.165165 0.755334 1.193202 1.308307 1.925079
65.265265 0.775577 1.225690 1.303570 1.950162
65.365365 0.795069 1.256991 1.297600 1.973810
65.465465 0.813815 1.287112 1.290440 1.996043
65.565566 0.831820 1.316061 1.282134 2.016881
65.665666 0.849105 1.343870 1.272744 2.036380
65.765766 0.865674 1.370547 1.262310 2.054560
65.865866 0.881533 1.396098 1.250865 2.071437
65.965966 0.896682 1.420524 1.238438 2.087021
66.066066 0.911132 1.443843 1.225072 2.101343
66.166166 0.924895 1.466073 1.210807 2.114439
66.266266 0.937974 1.487219 1.195672 2.126322
66.366366 0.950376 1.507290 1.179698 2.137013
66.466466 0.962107 1.526296 1.162914 2.146531
66.566567 0.973175 1.544252 1.145354 2.154906
66.666667 0.983590 1.561171 1.127049 2.162162
66.766767 0.993362 1.577069 1.108031 2.168328
66.866867 1.002496 1.591953 1.088324 2.173422
66.966967 1.010996 1.605830 1.067951 2.177458
67.067067 1.018867 1.618708 1.046937 2.180455
67.167167 1.026102 1.630576 1.025293 2.182404
67.267267 1.032696 1.641424 1.003030 2.183301
67.367367 1.038651 1.651255 0.980168 2.183156
67.467467 1.043968 1.660073 0.956727 2.181980
67.567568 1.048641 1.667868 0.932719 2.179770
67.667668 1.052673 1.674641 0.908161 2.176533
67.767768 1.056081 1.680421 0.883086 2.172317
67.867868 1.058874 1.685223 0.857520 2.167148
67.967968 1.061052 1.689047 0.831477 2.161033
68.068068 1.062609 1.691880 0.804969 2.153966
68.168168 1.063533 1.693707 0.778003 2.145935
68.268268 1.063826 1.694527 0.750596 2.136946
68.368368 1.063494 1.694352 0.722770 2.127027
68.468468 1.062523 1.693159 0.694532 2.116157
68.568569 1.060896 1.690920 0.665886 2.104309
68.668669 1.058619 1.687645 0.636853 2.091507
68.768769 1.055696 1.683339 0.607452 2.077769
68.868869 1.052142 1.678026 0.577709 2.063134
68.968969 1.047953 1.671702 0.547640 2.047609
69.069069 1.043097 1.664313 0.517243 2.031141
69.169169 1.037558 1.655834 0.486529 2.013709
69.269269 1.031341 1.646272 0.455518 1.995338
69.369369 1.024434 1.635610 0.424224 1.976019
69.469469 1.016817 1.623811 0.392657 1.955725
69.569570 1.008465 1.610841 0.360829 1.934427
69.669670 0.999354 1.596657 0.328750 1.912093
69.769770 0.989462 1.581225 0.296436 1.888698
69.869870 0.978744 1.564473 0.263897 1.864177
69.969970 0.967174 1.546359 0.231151 1.838500
70.070070 0.954745 1.526870 0.198221 1.811674
70.170170 0.941423 1.505955 0.165128 1.783660
70.270270 0.927157 1.483528 0.131892 1.754387
70.370370 0.911904 1.459522 0.098539 1.723799
70.470470 0.895609 1.433848 0.065097 1.691825
70.570571 0.878182 1.406360 0.031596 1.658327
70.670671 0.859553 1.376949 -0.001924 1.623214
70.770771 0.839666 1.345520 -0.035417 1.586417
70.870871 0.818450 1.311962 -0.068830 1.547851
70.970971 0.795844 1.276177 -0.102100 1.507455
71.071071 0.771742 1.237991 -0.135152 1.465085
71.171171 0.746024 1.197213 -0.167894 1.420584
71.271271 0.718598 1.153694 -0.200225 1.373857
71.371371 0.689332 1.107220 -0.232014 1.324744
71.471471 0.658063 1.057529 -0.263099 1.273042
71.571572 0.624633 1.004364 -0.293289 1.218578
71.671672 0.588833 0.947388 -0.322331 1.161106
71.771772 0.550382 0.886147 -0.349885 1.100271
71.871872 0.508988 0.820166 -0.375528 1.035743
71.971972 0.464276 0.748838 -0.398675 0.967084
72.072072 0.415752 0.671361 -0.418492 0.893706
72.172172 0.362787 0.586711 -0.433763 0.814858
72.272272 0.304558 0.493547 -0.442633 0.729567
72.372372 0.239983 0.390098 -0.442096 0.636567
72.472472 0.167665 0.274056 -0.426910 0.534294
72.572573 0.086091 0.142871 -0.387025 0.421440
72.672673 -0.004680 -0.003659 -0.299322 0.299381
72.772773 -0.086225 -0.136739 -0.108070 0.194451
72.872873 -0.072708 -0.118623 0.167809 0.217986
72.972973 0.011845 0.014687 0.334365 0.334897
73.073073 0.097827 0.151360 0.417234 0.454493
73.173173 0.175228 0.274806 0.459730 0.563538
73.273273 0.244445 0.385424 0.480050 0.662384
73.373373 0.306788 0.485206 0.486675 0.752593
73.473473 0.363424 0.575964 0.484187 0.835613
73.573574 0.415260 0.659114 0.475294 0.912566
73.673674 0.462951 0.735686 0.461669 0.984224
73.773774 0.507023 0.806505 0.444451 1.051218
73.873874 0.547894 0.872233 0.424450 1.114063
73.973974 0.585908 0.933413 0.402260 1.173185
74.074074 0.621370 0.990527 0.378343 1.228978
74.174174 0.654515 1.043946 0.353040 1.281737
74.274274 0.685558 1.094013 0.326627 1.331743
74.374374 0.714695 1.141037 0.299331 1.379258
74.474474 0.742052 1.185219 0.271315 1.424429
74.574575 0.767741 1.226737 0.242713 1.467385
74.674675 0.791888 1.265792 0.213647 1.508297
74.774775 0.814599 1.302550 0.184217 1.547302
74.874875 0.835953 1.337138 0.154503 1.584496
74.974975 0.855990 1.369620 0.124570 1.619906
75.075075 0.874727 1.400019 0.094470 1.653519
75.175175 0.892183 1.428370 0.064254 1.685337
75.275275 0.908401 1.454737 0.033971 1.715403
75.375375 0.923437 1.479212 0.003665 1.743794
75.475475 0.937346 1.501883 -0.026623 1.770587
75.575576 0.950190 1.522845 -0.056860 1.795871
75.675676 0.962011 1.542167 -0.087014 1.819702
75.775776 0.972843 1.559904 -0.117058 1.842125
75.875876 0.982738 1.576139 -0.146968 1.863220
75.975976 0.991751 1.590959 -0.176726 1.883070
76.076076 0.999915 1.604415 -0.206311 1.901721
76.176176 1.007253 1.616547 -0.235705 1.919203
76.276276 1.013796 1.627402 -0.264893 1.935559
76.376376 1.019580 1.637039 -0.293863 1.950845
76.476476 1.024635 1.645505 -0.322601 1.965104
76.576577 1.028985 1.652839 -0.351098 1.978373
76.676677 1.032666 1.659098 -0.379346 1.990705
76.776777 1.035686 1.664294 -0.407331 2.002108
76.876877 1.038052 1.668440 -0.435039 2.012586
76.976977 1.039782 1.671562 -0.462459 2.022161
77.077077 1.040890 1.673685 -0.489584 2.030853
77.177177 1.041404 1.674852 -0.516408 2.038707
77.277277 1.041329 1.675072 -0.542920 2.045726
77.377377 1.040666 1.674346 -0.569106 2.051903
77.477477 1.039419 1.672680 -0.594952 2.057235
77.577578 1.037569 1.670043 -0.620432 2.061681
77.677678 1.035097 1.666405 -0.645520 2.065194
77.777778 1.032004 1.661766 -0.670200 2.067768
77.877878 1.028277 1.656107 -0.694448 2.069373
77.977978 1.023903 1.649406 -0.718239 2.069972
78.078078 1.018889 1.641672 -0.741560 2.069573
78.178178 1.013240 1.632916 -0.764398 2.068182
78.278278 1.006972 1.623161 -0.786749 2.065821
78.378378 1.000115 1.612457 -0.808618 2.062550
78.478478 0.992662 1.600792 -0.829985 2.058346
78.578579 0.984587 1.588124 -0.850811 2.053151
78.678679 0.975892 1.574455 -0.871080 2.046962
78.778779 0.966579 1.559789 -0.890775 2.039779
78.878879 0.956658 1.544142 -0.909889 2.031617
78.978979 0.946143 1.527536 -0.928416 2.022501
79.079079 0.935020 1.509947 -0.946325 2.012395
79.179179 0.923277 1.491358 -0.963584 2.001270
79.279279 0.910922 1.471778 -0.980181 1.989136
79.379379 0.897944 1.451193 -0.996086 1.975969
79.479479 0.884319 1.429560 -1.011249 1.961705
79.579580 0.870032 1.406859 -1.025634 1.946313
79.679680 0.855087 1.383092 -1.039217 1.929790
79.779780 0.839478 1.358252 -1.051971 1.912123
79.879880 0.823178 1.332293 -1.063835 1.893244
79.979980 0.806151 1.305157 -1.074734 1.873063
80.080080 0.788380 1.276815 -1.084615 1.851537
80.180180 0.769828 1.247210 -1.093398 1.828575
80.280280 0.750463 1.216286 -1.100998 1.804091
80.380380 0.730270 1.184021 -1.107358 1.778044
80.480480 0.709227 1.150376 -1.112401 1.750372
80.580581 0.687304 1.115305 -1.116037 1.720997
80.680681 0.664474 1.078760 -1.118170 1.689838
80.780781 0.640688 1.040664 -1.118665 1.656766
80.880881 0.615885 1.000915 -1.117353 1.621611
80.980981 0.589997 0.959402 -1.114040 1.584182
81.081081 0.562969 0.916036 -1.108543 1.544320
81.181181 0.534763 0.870752 -1.100691 1.501900
81.281281 0.505332 0.823473 -1.090281 1.456771
81.381381 0.474606 0.774082 -1.077036 1.408709
81.481481 0.442533 0.722494 -1.060696 1.357538
81.581582 0.409087 0.668665 -1.041023 1.303148
81.681682 0.374227 0.612523 -1.017702 1.245370
81.781782 0.337879 0.553946 -0.990281 1.183923
81.881882 0.299929 0.492741 -0.958103 1.118352
81.981982 0.260270 0.428727 -0.920394 1.048176
82.082082 0.218778 0.361693 -0.876111 0.972757
82.182182 0.175334 0.291431 -0.823896 0.891336
82.282282 0.129850 0.217776 -0.761915 0.802996
82.382382 0.082284 0.140624 -0.687402 0.706447
82.482482 0.032796 0.060178 -0.596060 0.599987
82.582583 -0.017825 -0.022396 -0.480389 0.481241
82.682683 -0.066298 -0.102032 -0.325391 0.347398
82.782783 -0.095123 -0.151129 -0.097367 0.203393
82.882883 -0.015517 -0.026982 0.165729 0.168627
82.982983 0.119745 0.189168 0.206901 0.304846
83.083083 0.219197 0.349039 0.163304 0.443333
83.183183 0.295718 0.472424 0.100512 0.566336
83.283283 0.357858 0.572840 0.032398 0.676208
83.383383 0.409876 0.657054 -0.036759 0.775287
83.483483 0.454271 0.729050 -0.105275 0.865424
83.583584 0.492720 0.791501 -0.172420 0.948143
83.683684 0.526341 0.846199 -0.237867 1.024533
83.783784 0.555935 0.894420 -0.301478 1.095418
83.883884 0.582117 0.937154 -0.363221 1.161485
83.983984 0.605352 0.975142 -0.423102 1.223261
84.084084 0.625992 1.008949 -0.481147 1.281151
84.184184 0.644308 1.039010 -0.537381 1.335460
84.284284 0.660508 1.065660 -0.591826 1.386420
84.384384 0.674812 1.089249 -0.644548 1.434321
84.484484 0.687398 1.110065 -0.695604 1.479401
84.584585 0.698409 1.128337 -0.745042 1.521843
84.684685 0.707972 1.144270 -0.792910 1.561821
84.784785 0.716199 1.158044 -0.839258 1.599488
84.884885 0.723192 1.169821 -0.884135 1.634987
84.984985 0.729031 1.179731 -0.927575 1.668427
85.085085 0.733790 1.187894 -0.969617 1.699911
85.185185 0.737528 1.194402 -1.010283 1.729513
85.285285 0.740301 1.199348 -1.049603 1.757313
85.385385 0.742176 1.202841 -1.087626 1.783419
85.485485 0.743214 1.204974 -1.124396 1.807926
85.585586 0.743451 1.205810 -1.159929 1.830883
85.685686 0.742915 1.205391 -1.194229 1.852316
85.785786 0.741638 1.203769 -1.227313 1.872267
85.885886 0.739649 1.200992 -1.259195 1.890776
85.985986 0.736976 1.197104 -1.289884 1.907876
86.086086 0.733637 1.192133 -1.319382 1.923584
86.186186 0.729663 1.186129 -1.347710 1.937946
86.286286 0.725099 1.179168 -1.374925 1.951057
86.386386 0.719975 1.171294 -1.401049 1.962965
86.486486 0.714302 1.162528 -1.426079 1.973677
86.586587 0.708096 1.152894 -1.450017 1.983208
86.686687 0.701372 1.142415 -1.472866 1.991575
86.786787 0.694138 1.131105 -1.494617 1.998776
86.886887 0.686405 1.118983 -1.515266 2.004821
86.986987 0.678202 1.106093 -1.534847 2.009765
87.087087 0.669548 1.092467 -1.553380 2.013645
87.187187 0.660459 1.078133 -1.570876 2.016490
87.287287 0.650954 1.063118 -1.587351 2.018326
87.387387 0.641038 1.047430 -1.602793 2.019154
87.487487 0.630718 1.031084 -1.617196 2.018975
87.587588 0.620015 1.014110 -1.630586 2.017833
87.687688 0.608940 0.996528 -1.642966 2.015741
87.787788 0.597498 0.978345 -1.654324 2.012697
87.887888 0.585706 0.959588 -1.664680 2.008737
87.987988 0.573583 0.940288 -1.674061 2.003901
88.088088 0.561142 0.920468 -1.682483 1.998222
88.188188 0.548393 0.900140 -1.689945 1.991708
88.288288 0.535339 0.879311 -1.696430 1.984351
88.388388 0.521986 0.857993 -1.701935 1.976159
88.488488 0.508338 0.836188 -1.706440 1.967118
88.588589 0.494396 0.813897 -1.709917 1.957210
88.688689 0.480164 0.791130 -1.712355 1.946433
88.788789 0.465644 0.767888 -1.713725 1.934769
88.888889 0.450840 0.744178 -1.714010 1.922210
88.988989 0.435754 0.720001 -1.713180 1.908735
89.089089 0.420390 0.695363 -1.711212 1.894334
89.189189 0.404757 0.670281 -1.708105 1.879023
89.289289 0.388854 0.644750 -1.703810 1.862761
89.389389 0.372678 0.618768 -1.698276 1.845510
89.489489 0.356240 0.592349 -1.691492 1.827274
89.589590 0.339545 0.565501 -1.683436 1.808049
89.689690 0.322606 0.538247 -1.674117 1.787862
89.789790 0.305434 0.510603 -1.663529 1.766730
89.889890 0.288032 0.482575 -1.651632 1.744628
89.989990 0.270395 0.454151 -1.638318 1.721468
90.090090 0.252516 0.425320 -1.623472 1.697151
90.190190 0.234402 0.396093 -1.607046 1.671655
90.290290 0.216061 0.366481 -1.588982 1.644948
90.390390 0.197497 0.336489 -1.569190 1.616968
90.490490 0.178713 0.306122 -1.547565 1.587642
90.590591 0.159718 0.275391 -1.524009 1.556905
90.690691 0.140519 0.244307 -1.498389 1.524665
90.790791 0.121119 0.212873 -1.470504 1.490761
90.890891 0.101531 0.181106 -1.440186 1.455075
90.990991 0.081774 0.149035 -1.407297 1.417527
91.091091 0.061867 0.116690 -1.371618 1.377962
91.191191 0.041835 0.084104 -1.332872 1.336178
91.291291 0.021713 0.051330 -1.290810 1.292012
91.391391 0.001544 0.018436 -1.245144 1.245282
91.491491 -0.018616 -0.014495 -1.195470 1.195702
91.591592 -0.038692 -0.047348 -1.141361 1.142997
91.691692 -0.058588 -0.079975 -1.082425 1.086955
91.791792 -0.078174 -0.112175 -1.018098 1.027238
91.891892 -0.097274 -0.143674 -0.947683 0.963436
91.991992 -0.115637 -0.174082 -0.870323 0.895063
92.092092 -0.132878 -0.202798 -0.784733 0.821334
92.192192 -0.148404 -0.228894 -0.689242 0.741263
92.292292 -0.161241 -0.250837 -0.581542 0.653536
92.392392 -0.169619 -0.265840 -0.458174 0.556206
92.492492 -0.170055 -0.268385 -0.314103 0.446777
92.592593 -0.154088 -0.245016 -0.141842 0.322327
92.692693 -0.094004 -0.151353 0.059796 0.187936
92.792793 0.057985 0.091291 0.124530 0.164937
92.892893 0.154364 0.247784 -0.039599 0.294607
92.992993 0.193615 0.312790 -0.205641 0.421441
93.093093 0.210070 0.340997 -0.349791 0.531754
93.193193 0.214970 0.350455 -0.475325 0.628462
93.293293 0.212942 0.348623 -0.585761 0.714141
93.393393 0.206340 0.339303 -0.683707 0.790669
93.493493 0.196548 0.324737 -0.771103 0.859468
93.593594 0.184412 0.306300 -0.849293 0.921480
93.693694 0.170501 0.284911 -0.919266 0.977392
93.793794 0.155241 0.261269 -0.981921 1.027876
93.893894 0.138955 0.235901 -1.038021 1.073520
93.993994 0.121871 0.209175 -1.088064 1.114671
94.094094 0.104162 0.181375 -1.132421 1.151575
94.194194 0.085977 0.152746 -1.171483 1.184524
94.294294 0.067441 0.123489 -1.205577 1.213760
94.394394 0.048651 0.093766 -1.234927 1.239437
94.494494 0.029692 0.063714 -1.259700 1.261660
94.594595 0.010643 0.033460 -1.280085 1.280566
94.694695 -0.008430 0.003114 -1.296249 1.296281
94.794795 -0.027464 -0.027222 -1.308291 1.308862
94.894895 -0.046401 -0.057455 -1.316316 1.318386
94.994995 -0.065187 -0.087496 -1.320396 1.324896
95.095095 -0.083769 -0.117260 -1.320576 1.328415
95.195195 -0.102093 -0.146661 -1.316894 1.328962
95.295295 -0.120107 -0.175614 -1.309365 1.326538
95.395395 -0.137751 -0.204024 -1.297938 1.321077
95.495495 -0.154961 -0.231791 -1.282551 1.312508
95.595596 -0.171672 -0.258808 -1.263129 1.300749
95.695696 -0.187801 -0.284948 -1.239529 1.285650
95.795796 -0.203249 -0.310055 -1.211531 1.266985
95.895896 -0.217909 -0.333955 -1.178908 1.244522
95.995996 -0.231669 -0.356477 -1.141498 1.218098
96.096096 -0.244405 -0.377423 -1.099116 1.187534
96.196196 -0.255988 -0.396587 -1.051617 1.152696
96.296296 -0.266275 -0.413742 -0.998860 1.113466
96.396396 -0.275059 -0.428562 -0.940535 1.069546
96.496496 -0.282108 -0.440675 -0.876337 1.020659
96.596597 -0.287136 -0.449633 -0.805931 0.966510
96.696697 -0.289705 -0.454738 -0.728697 0.906485
96.796797 -0.289192 -0.455006 -0.643796 0.839724
96.896897 -0.284713 -0.449031 -0.550165 0.765096
96.996997 -0.274952 -0.434723 -0.446460 0.681109
97.097097 -0.257764 -0.408671 -0.330913 0.585626
97.197197 -0.229354 -0.364821 -0.201380 0.475659
97.297297 -0.181615 -0.290210 -0.056144 0.346926
97.397397 -0.091348 -0.147542 0.094493 0.197591
97.497497 0.070150 0.111566 0.063007 0.146075
97.597598 0.121590 0.197054 -0.177691 0.291871
97.697698 0.117187 0.192385 -0.363625 0.427747
97.797798 0.098041 0.163563 -0.507778 0.542405
97.897898 0.073243 0.125328 -0.623948 0.640611
97.997998 0.045948 0.082828 -0.719498 0.725706
98.098098 0.017596 0.038429 -0.798884 0.800001
98.198198 -0.011055 -0.006620 -0.864969 0.865065
98.298298 -0.039558 -0.051577 -0.919711 0.922006
98.398398 -0.067623 -0.095961 -0.964459 0.971578
98.498498 -0.095044 -0.139429 -1.000153 1.014288
98.598599 -0.121660 -0.181715 -1.027493 1.050506
98.698699 -0.147343 -0.222606 -1.047050 1.080545
98.798799 -0.171985 -0.261924 -1.059301 1.104672
98.898899 -0.195487 -0.299503 -1.064603 1.123075
98.998999 -0.217761 -0.335201 -1.063290 1.135943
99.099099 -0.238719 -0.368873 -1.055620 1.143410
99.199199 -0.258253 -0.400342 -1.041711 1.145482
99.299299 -0.276249 -0.429427 -1.021660 1.142152
99.399399 -0.292589 -0.455937 -0.995540 1.133396
99.499499 -0.307123 -0.479632 -0.963328 1.119095
99.599600 -0.319658 -0.500204 -0.924900 1.099011
99.699700 -0.329959 -0.517281 -0.880063 1.072830
99.799800 -0.337766 -0.530446 -0.828624 1.040229
99.899900 -0.342774 -0.539216 -0.770373 1.000861
100.000000 -0.344602 -0.542981 -0.705029 0.954277
