0.000000 0.524696 -0.700318 -0.387984 0.957227
0.100100 0.606171 -0.635084 -0.385389 0.958801
0.200200 0.682627 -0.564677 -0.379633 0.963826
0.300300 0.753536 -0.489758 -0.370820 0.972207
0.400400 0.818493 -0.411037 -0.359102 0.983787
0.500501 0.877260 -0.329267 -0.344690 0.998405
0.600601 0.929724 -0.245187 -0.327821 1.015859
0.700701 0.975809 -0.159480 -0.308723 1.035831
0.800801 1.015564 -0.072787 -0.287640 1.058019
0.900901 1.049194 0.014296 -0.264839 1.082198
1.001001 1.076938 0.101251 -0.240570 1.108116
1.101101 1.099092 0.187635 -0.215070 1.135546
1.201201 1.116029 0.273082 -0.188564 1.164324
1.301301 1.128101 0.357293 -0.161254 1.194267
1.401401 1.135598 0.440006 -0.133307 1.225136
1.501502 1.138830 0.521020 -0.104876 1.256740
1.601602 1.138097 0.600171 -0.076098 1.288900
1.701702 1.133695 0.677339 -0.047091 1.321465
1.801802 1.126000 0.752492 -0.017966 1.354416
1.901902 1.115395 0.825651 0.011189 1.387779
2.002002 1.102180 0.896827 0.040298 1.421522
2.102102 1.086568 0.965997 0.069301 1.455535
2.202202 1.068721 1.033127 0.098141 1.489680
2.302302 1.048803 1.098198 0.126771 1.523843
2.402402 1.027005 1.161244 0.155153 1.557979
2.502503 1.003511 1.222312 0.183257 1.592063
2.602603 0.978491 1.281461 0.211060 1.626079
2.702703 0.952077 1.338720 0.238540 1.659977
2.802803 0.924388 1.394122 0.265677 1.693711
2.902903 0.895580 1.447767 0.292467 1.727319
3.003003 0.865786 1.499749 0.318911 1.760834
3.103103 0.835109 1.550127 0.345002 1.794248
3.203203 0.803619 1.598918 0.370729 1.827507
3.303303 0.771400 1.646179 0.396091 1.860605
3.403403 0.738540 1.691988 0.421094 1.893564
3.503504 0.705109 1.736398 0.445738 1.926380
3.603604 0.671157 1.779433 0.470020 1.959018
3.703704 0.636729 1.821104 0.493932 1.991435
3.803804 0.601864 1.861424 0.517467 2.023588
3.903904 0.566597 1.900385 0.540616 2.055423
4.004004 0.530962 1.937993 0.563370 2.086893
4.104104 0.494996 1.974264 0.585727 2.117974
4.204204 0.458747 2.009269 0.607700 2.148700
4.304304 0.422263 2.043097 0.629308 2.179124
4.404404 0.385583 2.075814 0.650565 2.209279
4.504505 0.348743 2.107497 0.671489 2.239210
4.604605 0.311776 2.138205 0.692094 2.268947
4.704705 0.274706 2.167991 0.712392 2.298511
4.804805 0.237555 2.196879 0.732387 2.327897
4.904905 0.200339 2.224873 0.752076 2.357078
5.005005 0.163077 2.252001 0.771464 2.386055
5.105105 0.125786 2.278297 0.790559 2.414838
5.205205 0.088482 2.303785 0.809365 2.443425
5.305305 0.051178 2.328486 0.827887 2.471814
5.405405 0.013888 2.352431 0.846133 2.500013
5.505506 -0.023376 2.375636 0.864104 2.528016
5.605606 -0.060602 2.398113 0.881803 2.555816
5.705706 -0.097781 2.419906 0.899242 2.583436
5.805806 -0.134905 2.441061 0.916437 2.610907
5.905906 -0.171964 2.461587 0.933388 2.638219
6.006006 -0.208949 2.481481 0.950092 2.665348
6.106106 -0.245852 2.500736 0.966543 2.692272
6.206206 -0.282662 2.519351 0.982740 2.718971
6.306306 -0.319375 2.537363 0.998694 2.745469
6.406406 -0.355986 2.554791 1.014410 2.771770
6.506507 -0.392486 2.571632 1.029886 2.797857
6.606607 -0.428870 2.587894 1.045123 2.823722
6.706707 -0.465132 2.603595 1.060126 2.849372
6.806807 -0.501269 2.618757 1.074903 2.874817
6.906907 -0.537277 2.633391 1.089455 2.900057
7.007007 -0.573150 2.647507 1.103785 2.925088
7.107107 -0.608889 2.661129 1.117903 2.949925
7.207207 -0.644494 2.674287 1.131818 2.974592
7.307307 -0.679963 2.686999 1.145538 2.999095
7.407407 -0.715295 2.699281 1.159066 3.023442
7.507508 -0.750490 2.711150 1.172411 3.047641
7.607608 -0.785550 2.722629 1.185579 3.071709
7.707708 -0.820472 2.733730 1.198576 3.095649
7.807808 -0.855259 2.744472 1.211408 3.119472
7.907908 -0.889912 2.754871 1.224082 3.143188
8.008008 -0.924428 2.764931 1.236599 3.166795
8.108108 -0.958807 2.774664 1.248961 3.190294
8.208208 -0.993054 2.784093 1.261180 3.213706
8.308308 -1.027175 2.793246 1.273267 3.237055
8.408408 -1.061165 2.802117 1.285218 3.260325
8.508509 -1.095018 2.810698 1.297030 3.283500
8.608609 -1.128736 2.819004 1.308707 3.306591
8.708709 -1.162323 2.827048 1.320256 3.329605
8.808809 -1.195772 2.834826 1.331673 3.352531
8.908909 -1.229087 2.842346 1.342963 3.375372
9.009009 -1.262265 2.849616 1.354127 3.398129
9.109109 -1.295306 2.856636 1.365165 3.420798
9.209209 -1.328204 2.863399 1.376074 3.443365
9.309309 -1.360952 2.869899 1.386850 3.465814
9.409409 -1.393557 2.876153 1.397500 3.488161
9.509510 -1.426022 2.882173 1.408028 3.510413
9.609610 -1.458347 2.887965 1.418439 3.532575
9.709710 -1.490537 2.893543 1.428738 3.554656
9.809810 -1.522594 2.898916 1.438928 3.576663
9.909910 -1.554520 2.904089 1.449013 3.598597
10.010010 -1.586306 2.909051 1.458985 3.620440
10.110110 -1.617953 2.913807 1.468847 3.642191
10.210210 -1.649469 2.918375 1.478607 3.663870
10.310310 -1.680855 2.922762 1.488269 3.685479
10.410410 -1.712117 2.926978 1.497837 3.707029
10.510511 -1.743257 2.931032 1.507315 3.728524
10.610611 -1.774275 2.934927 1.516704 3.749965
10.710711 -1.805170 2.938661 1.526003 3.771346
10.810811 -1.835939 2.942234 1.535212 3.792662
10.910911 -1.866580 2.945646 1.544330 3.813910
11.011011 -1.897089 2.948889 1.553352 3.835074
11.111111 -1.927467 2.951972 1.562283 3.856163
11.211211 -1.957713 2.954894 1.571123 3.877173
11.311311 -1.987825 2.957653 1.579869 3.898096
11.411411 -2.017803 2.960253 1.588522 3.918932
11.511512 -2.047648 2.962696 1.597085 3.939685
11.611612 -2.077369 2.964998 1.605565 3.960368
11.711712 -2.106964 2.967160 1.613962 3.980982
11.811812 -2.136429 2.969175 1.622272 4.001512
11.911912 -2.165754 2.971033 1.630490 4.021943
12.012012 -2.194942 2.972740 1.638618 4.042280
12.112112 -2.223994 2.974299 1.646657 4.062522
12.212212 -2.252910 2.975712 1.654609 4.082670
12.312312 -2.281694 2.976986 1.662477 4.102731
12.412412 -2.310346 2.978121 1.670260 4.122702
12.512513 -2.338858 2.979111 1.677955 4.142571
12.612613 -2.367221 2.979946 1.685556 4.162320
12.712713 -2.395432 2.980623 1.693060 4.181944
12.812813 -2.423486 2.981139 1.700466 4.201435
12.912913 -2.451381 2.981490 1.707771 4.220786
13.013013 -2.479123 2.981689 1.714982 4.240010
13.113113 -2.506718 2.981743 1.722103 4.259115
13.213213 -2.534159 2.981645 1.729130 4.278090
13.313313 -2.561440 2.981392 1.736059 4.296926
13.413413 -2.588565 2.980988 1.742893 4.315627
13.513514 -2.615538 2.980439 1.749637 4.334200
13.613614 -2.642354 2.979743 1.756286 4.352636
13.713714 -2.669010 2.978895 1.762839 4.370930
13.813814 -2.695501 2.977895 1.769295 4.389076
13.913914 -2.721834 2.976748 1.775658 4.407081
14.014014 -2.748025 2.975477 1.781939 4.424976
14.114114 -2.774084 2.974091 1.788144 4.442771
14.214214 -2.800015 2.972598 1.794278 4.460477
14.314314 -2.825825 2.971004 1.800345 4.478102
14.414414 -2.851512 2.969310 1.806343 4.495642
14.514515 -2.877073 2.967513 1.812272 4.513094
14.614615 -2.902507 2.965613 1.818131 4.530453
14.714715 -2.927812 2.963608 1.823919 4.547718
14.814815 -2.952984 2.961496 1.829634 4.564880
14.914915 -2.978021 2.959276 1.835275 4.581938
15.015015 -3.002928 2.956955 1.840846 4.598899
15.115115 -3.027702 2.954528 1.846345 4.615756
15.215215 -3.052346 2.952002 1.851775 4.632516
15.315315 -3.076859 2.949375 1.857134 4.649174
15.415415 -3.101234 2.946642 1.862420 4.665722
15.515516 -3.125477 2.943810 1.867635 4.682167
15.615616 -3.149584 2.940876 1.872779 4.698504
15.715716 -3.173556 2.937840 1.877852 4.714731
15.815816 -3.197394 2.934707 1.882855 4.730854
15.915916 -3.221097 2.931474 1.887787 4.746867
16.016016 -3.244667 2.928146 1.892650 4.762776
16.116116 -3.268111 2.924729 1.897449 4.778588
16.216216 -3.291426 2.921220 1.902182 4.794299
16.316316 -3.314612 2.917622 1.906849 4.809911
16.416416 -3.337678 2.913943 1.911456 4.825435
16.516517 -3.360627 2.910185 1.916004 4.840874
16.616617 -3.383457 2.906349 1.920494 4.856228
16.716717 -3.406173 2.902438 1.924927 4.871499
16.816817 -3.428770 2.898450 1.929301 4.886684
16.916917 -3.451244 2.894382 1.933616 4.901776
17.017017 -3.473594 2.890233 1.937869 4.916771
17.117117 -3.495815 2.885999 1.942058 4.931663
17.217217 -3.517908 2.881683 1.946184 4.946454
17.317317 -3.539876 2.877288 1.950250 4.961147
17.417417 -3.561714 2.872809 1.954252 4.975735
17.517518 -3.583421 2.868248 1.958191 4.990217
17.617618 -3.605005 2.863610 1.962070 5.004602
17.717718 -3.626469 2.858900 1.965892 5.018896
17.817818 -3.647808 2.854113 1.969655 5.033091
17.917918 -3.669010 2.849241 1.973351 5.047170
18.018018 -3.690065 2.844277 1.976977 5.061119
18.118118 -3.710973 2.839222 1.980531 5.074938
18.218218 -3.731746 2.834085 1.984021 5.088644
18.318318 -3.752396 2.828877 1.987454 5.102254
18.418418 -3.772926 2.823599 1.990831 5.115769
18.518519 -3.793329 2.818247 1.994149 5.129180
18.618619 -3.813596 2.812816 1.997403 5.142476
18.718719 -3.833723 2.807302 2.000591 5.155651
18.818819 -3.853706 2.801705 2.003711 5.168700
18.918919 -3.873545 2.796023 2.006764 5.181621
19.019019 -3.893237 2.790256 2.009749 5.194412
19.119119 -3.912783 2.784405 2.012666 5.207073
19.219219 -3.932190 2.778476 2.015518 5.219613
19.319319 -3.951457 2.772468 2.018306 5.232032
19.419419 -3.970582 2.766381 2.021029 5.244325
19.519520 -3.989564 2.760214 2.023687 5.256492
19.619620 -4.008404 2.753970 2.026280 5.268535
19.719720 -4.027110 2.747653 2.028812 5.280463
19.819820 -4.045689 2.741270 2.031288 5.292286
19.919920 -4.064146 2.734824 2.033709 5.304010
20.020020 -4.082477 2.728313 2.036075 5.315629
20.120120 -4.100687 2.721741 2.038387 5.327150
20.220220 -4.118783 2.715112 2.040649 5.338582
20.320320 -4.136761 2.708425 2.042860 5.349919
20.420420 -4.154616 2.701677 2.045018 5.361156
20.520521 -4.172350 2.694870 2.047123 5.372294
20.620621 -4.189970 2.688008 2.049179 5.383342
20.720721 -4.207481 2.681095 2.051188 5.394306
20.820821 -4.224880 2.674131 2.053150 5.405184
20.920921 -4.242169 2.667115 2.055065 5.415976
21.021021 -4.259349 2.660050 2.056934 5.426684
21.121121 -4.276417 2.652933 2.058756 5.437304
21.221221 -4.293384 2.645773 2.060536 5.447850
21.321321 -4.310264 2.638577 2.062281 5.458339
21.421421 -4.327057 2.631347 2.063991 5.468773
21.521522 -4.343758 2.624079 2.065664 5.479141
21.621622 -4.360365 2.616773 2.067299 5.489445
21.721722 -4.376878 2.609429 2.068895 5.499682
21.821822 -4.393296 2.602047 2.070454 5.509853
21.921922 -4.409622 2.594627 2.071975 5.519958
22.022022 -4.425851 2.587169 2.073458 5.529994
22.122122 -4.441982 2.579672 2.074901 5.539958
22.222222 -4.458022 2.572140 2.076308 5.549858
22.322322 -4.473979 2.564577 2.077683 5.559704
22.422422 -4.489857 2.556988 2.079028 5.569502
22.522523 -4.505645 2.549364 2.080337 5.579238
22.622623 -4.521328 2.541699 2.081604 5.588893
22.722723 -4.536900 2.533990 2.082827 5.598458
22.822823 -4.552359 2.526234 2.084004 5.607932
22.922923 -4.567707 2.518434 2.085136 5.617317
23.023023 -4.582944 2.510590 2.086224 5.626613
23.123123 -4.598060 2.502698 2.087263 5.635807
23.223223 -4.613039 2.494748 2.088247 5.644880
23.323323 -4.627874 2.486737 2.089171 5.653823
23.423423 -4.642558 2.478662 2.090033 5.662627
23.523524 -4.657089 2.470523 2.090832 5.671291
23.623624 -4.671480 2.462326 2.091575 5.679830
23.723724 -4.685738 2.454076 2.092265 5.688251
23.823824 -4.699869 2.445777 2.092903 5.696563
23.923924 -4.713884 2.437433 2.093496 5.704780
24.024024 -4.727795 2.429053 2.094049 5.712914
24.124124 -4.741603 2.420637 2.094563 5.720968
24.224224 -4.755297 2.412179 2.095032 5.728928
24.324324 -4.768872 2.403677 2.095454 5.736787
24.424424 -4.782330 2.395132 2.095831 5.744549
24.524525 -4.795683 2.386552 2.096168 5.752228
24.624625 -4.808935 2.377938 2.096467 5.759828
24.724725 -4.822085 2.369289 2.096727 5.767347
24.824825 -4.835136 2.360608 2.096950 5.774791
24.924925 -4.848097 2.351899 2.097140 5.782168
25.025025 -4.860965 2.343162 2.097295 5.789476
25.125125 -4.873735 2.334393 2.097414 5.796709
25.225225 -4.886402 2.325591 2.097495 5.803859
25.325325 -4.898964 2.316755 2.097536 5.810926
25.425425 -4.911430 2.307890 2.097542 5.817919
25.525526 -4.923808 2.298999 2.097516 5.824848
25.625626 -4.936100 2.290084 2.097459 5.831715
25.725726 -4.948300 2.281141 2.097368 5.838512
25.825826 -4.960402 2.272170 2.097242 5.845235
25.925926 -4.972415 2.263173 2.097084 5.851890
26.026026 -4.984331 2.254148 2.096890 5.858471
26.126126 -4.996137 2.245089 2.096656 5.864961
26.226226 -5.007831 2.235995 2.096381 5.871359
26.326326 -5.019421 2.226870 2.096068 5.877672
26.426426 -5.030916 2.217718 2.095720 5.883913
26.526527 -5.042315 2.208540 2.095338 5.890079
26.626627 -5.053616 2.199333 2.094921 5.896168
26.726727 -5.064811 2.190096 2.094466 5.902171
26.826827 -5.075897 2.180827 2.093971 5.908083
26.926927 -5.086878 2.171529 2.093438 5.913912
27.027027 -5.097757 2.162202 2.092869 5.919658
27.127127 -5.108525 2.152843 2.092259 5.925311
27.227227 -5.119179 2.143451 2.091608 5.930868
27.327327 -5.129718 2.134026 2.090916 5.936330
27.427427 -5.140145 2.124569 2.090184 5.941696
27.527528 -5.150460 2.115081 2.089411 5.946970
27.627628 -5.160665 2.105563 2.088600 5.952152
27.727728 -5.170760 2.096015 2.087749 5.957242
27.827828 -5.180751 2.086439 2.086861 5.962248
27.927928 -5.190635 2.076836 2.085936 5.967165
28.028028 -5.200396 2.067197 2.084966 5.971976
28.128128 -5.210027 2.057522 2.083950 5.976674
28.228228 -5.219535 2.047813 2.082890 5.981264
28.328328 -5.228928 2.038073 2.081789 5.985756
28.428428 -5.238209 2.028305 2.080649 5.990155
28.528529 -5.247372 2.018505 2.079467 5.994452
28.628629 -5.256412 2.008672 2.078242 5.998643
28.728729 -5.265339 1.998811 2.076978 6.002739
28.828829 -5.274169 1.988928 2.075680 6.006758
28.928929 -5.282910 1.979025 2.074352 6.010708
29.029029 -5.291564 1.969104 2.072996 6.014594
29.129129 -5.300134 1.959166 2.071612 6.018416
29.229229 -5.308620 1.949212 2.070200 6.022176
29.329329 -5.317029 1.939243 2.068763 6.025881
29.429429 -5.325365 1.929262 2.067303 6.029536
29.529530 -5.333634 1.919271 2.065822 6.033148
29.629630 -5.341838 1.909271 2.064322 6.036718
29.729730 -5.349982 1.899263 2.062803 6.040254
29.829830 -5.358067 1.889249 2.061266 6.043754
29.929930 -5.366087 1.879225 2.059710 6.047213
30.030030 -5.374048 1.869195 2.058135 6.050637
30.130130 -5.381960 1.859162 2.056547 6.054037
30.230230 -5.389831 1.849129 2.054949 6.057423
30.330330 -5.397665 1.839097 2.053341 6.060798
30.430430 -5.405467 1.829068 2.051727 6.064169
30.530531 -5.413234 1.819041 2.050104 6.067531
30.630631 -5.420956 1.809013 2.048469 6.070875
30.730731 -5.428640 1.798986 2.046824 6.074205
30.830831 -5.436294 1.788963 2.045174 6.077533
30.930931 -5.443929 1.778947 2.043521 6.080871
31.031031 -5.451558 1.768943 2.041871 6.084233
31.131131 -5.459202 1.758958 2.040231 6.087640
31.231231 -5.466867 1.748993 2.038604 6.091102
31.331331 -5.474551 1.739047 2.036989 6.094614
31.431431 -5.482251 1.729120 2.035385 6.098174
31.531532 -5.489960 1.719210 2.033789 6.101773
31.631632 -5.497675 1.709315 2.032201 6.105410
31.731732 -5.505401 1.699437 2.030621 6.109088
31.831832 -5.513145 1.689578 2.029053 6.112814
31.931932 -5.520912 1.679740 2.027498 6.116596
32.032032 -5.528706 1.669923 2.025958 6.120436
32.132132 -5.536525 1.660127 2.024431 6.124333
32.232232 -5.544365 1.650350 2.022918 6.128282
32.332332 -5.552230 1.640594 2.021418 6.132286
32.432432 -5.560114 1.630858 2.019930 6.136341
32.532533 -5.568011 1.621138 2.018451 6.140438
32.632633 -5.575919 1.611435 2.016981 6.144575
32.732733 -5.583830 1.601746 2.015518 6.148745
32.832833 -5.591745 1.592071 2.014060 6.152945
32.932933 -5.599662 1.582409 2.012607 6.157177
33.033033 -5.607581 1.572762 2.011161 6.161438
33.133133 -5.615501 1.563127 2.009719 6.165727
33.233233 -5.623410 1.553503 2.008278 6.170032
33.333333 -5.631300 1.543887 2.006835 6.174343
33.433433 -5.639164 1.534276 2.005387 6.178652
33.533534 -5.646998 1.524670 2.003933 6.182957
33.633634 -5.654803 1.515069 2.002474 6.187256
33.733734 -5.662573 1.505472 2.001007 6.191543
33.833834 -5.670293 1.495874 1.999527 6.195803
33.933934 -5.677960 1.486275 1.998033 6.200030
34.034034 -5.685580 1.476677 1.996527 6.204233
34.134134 -5.693161 1.467081 1.995012 6.208420
34.234234 -5.700709 1.457490 1.993490 6.212597
34.334334 -5.708227 1.447903 1.991962 6.216767
34.434434 -5.715711 1.438321 1.990426 6.220925
34.534535 -5.723151 1.428740 1.988880 6.225062
34.634635 -5.730540 1.419159 1.987322 6.229169
34.734735 -5.737882 1.409579 1.985751 6.233250
34.834835 -5.745176 1.400000 1.984168 6.237305
34.934935 -5.752420 1.390421 1.982572 6.241330
35.035035 -5.759613 1.380842 1.980963 6.245324
35.135135 -5.766748 1.371263 1.979339 6.249283
35.235235 -5.773817 1.361679 1.977696 6.253192
35.335335 -5.780810 1.352091 1.976033 6.257046
35.435435 -5.787733 1.342498 1.974349 6.260847
35.535536 -5.794591 1.332903 1.972648 6.264603
35.635636 -5.801398 1.323308 1.970935 6.268329
35.735736 -5.808161 1.313715 1.969210 6.272030
35.835836 -5.814874 1.304124 1.967473 6.275703
35.935936 -5.821536 1.294533 1.965723 6.279344
36.036036 -5.828150 1.284944 1.963962 6.282958
36.136136 -5.834727 1.275359 1.962192 6.286555
36.236236 -5.841267 1.265779 1.960415 6.290137
36.336336 -5.847770 1.256202 1.958629 6.293701
36.436436 -5.854233 1.246629 1.956834 6.297247
36.536537 -5.860657 1.237060 1.955031 6.300775
36.636637 -5.867047 1.227495 1.953221 6.304288
36.736737 -5.873405 1.217936 1.951404 6.307791
36.836837 -5.879733 1.208383 1.949582 6.311285
36.936937 -5.886022 1.198834 1.947751 6.314760
37.037037 -5.892270 1.189289 1.945912 6.318214
37.137137 -5.898473 1.179746 1.944061 6.321642
37.237237 -5.904627 1.170206 1.942199 6.325041
37.337337 -5.910735 1.160669 1.940326 6.328412
37.437437 -5.916792 1.151133 1.938440 6.331752
37.537538 -5.922791 1.141598 1.936540 6.335052
37.637638 -5.928728 1.132063 1.934624 6.338308
37.737738 -5.934607 1.122529 1.932693 6.341524
37.837838 -5.940425 1.112995 1.930746 6.344697
37.937938 -5.946181 1.103461 1.928784 6.347826
38.038038 -5.951871 1.093927 1.926805 6.350907
38.138138 -5.957490 1.084391 1.924806 6.353934
38.238238 -5.963035 1.074854 1.922788 6.356902
38.338338 -5.968505 1.065315 1.920750 6.359813
38.438438 -5.973895 1.055773 1.918691 6.362661
38.538539 -5.979199 1.046228 1.916608 6.365438
38.638639 -5.984417 1.036680 1.914502 6.368145
38.738739 -5.989545 1.027127 1.912371 6.370777
38.838839 -5.994582 1.017571 1.910216 6.373334
38.938939 -5.999543 1.008013 1.908040 6.375831
39.039039 -6.004437 0.998456 1.905847 6.378279
39.139139 -6.009267 0.988899 1.903639 6.380678
39.239239 -6.014036 0.979344 1.901414 6.383034
39.339339 -6.018744 0.969790 1.899175 6.385346
39.439439 -6.023393 0.960239 1.896922 6.387616
39.539540 -6.027988 0.950690 1.894655 6.389849
39.639640 -6.032535 0.941145 1.892377 6.392052
39.739740 -6.037026 0.931603 1.890087 6.394216
39.839840 -6.041457 0.922063 1.887781 6.396337
39.939940 -6.045835 0.912526 1.885463 6.398421
40.040040 -6.050170 0.902994 1.883135 6.400481
40.140140 -6.054463 0.893467 1.880799 6.402516
40.240240 -6.058709 0.883945 1.878452 6.404521
40.340340 -6.062905 0.874427 1.876094 6.406494
40.440440 -6.067049 0.864912 1.873724 6.408432
40.540541 -6.071136 0.855401 1.871340 6.410329
40.640641 -6.075162 0.845892 1.868941 6.412181
40.740741 -6.079124 0.836385 1.866527 6.413986
40.840841 -6.083013 0.826880 1.864095 6.415732
40.940941 -6.086815 0.817374 1.861640 6.417408
41.041041 -6.090529 0.807868 1.859162 6.419009
41.141141 -6.094160 0.798361 1.856662 6.420542
41.241241 -6.097711 0.788855 1.854142 6.422011
41.341341 -6.101185 0.779351 1.851603 6.423417
41.441441 -6.104579 0.769847 1.849044 6.424758
41.541542 -6.107891 0.760344 1.846464 6.426032
41.641642 -6.111120 0.750842 1.843862 6.427237
41.741742 -6.114264 0.741340 1.841239 6.428372
41.841842 -6.117314 0.731838 1.838592 6.429428
41.941942 -6.120267 0.722335 1.835920 6.430400
42.042042 -6.123127 0.712833 1.833224 6.431293
42.142142 -6.125890 0.703330 1.830502 6.432102
42.242242 -6.128549 0.693826 1.827754 6.432822
42.342342 -6.131101 0.684321 1.824977 6.433447
42.442442 -6.133542 0.674814 1.822171 6.433974
42.542543 -6.135872 0.665307 1.819337 6.434404
42.642643 -6.138093 0.655798 1.816474 6.434737
42.742743 -6.140210 0.646289 1.813584 6.434979
42.842843 -6.142229 0.636780 1.810669 6.435137
42.942943 -6.144156 0.627273 1.807731 6.435217
43.043043 -6.145990 0.617768 1.804769 6.435217
43.143143 -6.147729 0.608263 1.801784 6.435137
43.243243 -6.149373 0.598760 1.798774 6.434974
43.343343 -6.150916 0.589258 1.795739 6.434723
43.443443 -6.152359 0.579757 1.792679 6.434387
43.543544 -6.153720 0.570259 1.789598 6.433982
43.643644 -6.155007 0.560765 1.786500 6.433518
43.743744 -6.156220 0.551275 1.783385 6.432994
43.843844 -6.157358 0.541789 1.780251 6.432409
43.943944 -6.158417 0.532307 1.777098 6.431759
44.044044 -6.159392 0.522828 1.773926 6.431040
44.144144 -6.160291 0.513353 1.770735 6.430258
44.244244 -6.161119 0.503883 1.767527 6.429420
44.344344 -6.161873 0.494418 1.764302 6.428522
44.444444 -6.162554 0.484957 1.761060 6.427565
44.544545 -6.163156 0.475501 1.757800 6.426543
44.644645 -6.163680 0.466050 1.754521 6.425457
44.744745 -6.164138 0.456604 1.751226 6.424319
44.844845 -6.164534 0.447164 1.747919 6.423134
44.944945 -6.164866 0.437730 1.744596 6.421900
45.045045 -6.165134 0.428302 1.741260 6.420616
45.145145 -6.165341 0.418880 1.737910 6.419285
45.245245 -6.165484 0.409465 1.734546 6.417905
45.345345 -6.165555 0.400055 1.731165 6.416466
45.445445 -6.165544 0.390650 1.727766 6.414961
45.545546 -6.165450 0.381251 1.724346 6.413384
45.645646 -6.165274 0.371857 1.720908 6.411740
45.745746 -6.165021 0.362469 1.717452 6.410032
45.845846 -6.164691 0.353086 1.713978 6.408261
45.945946 -6.164291 0.343710 1.710489 6.406434
46.046046 -6.163817 0.334341 1.706982 6.404546
46.146146 -6.163262 0.324977 1.703457 6.402591
46.246246 -6.162628 0.315620 1.699914 6.400571
46.346346 -6.161911 0.306269 1.696352 6.398481
46.446446 -6.161109 0.296924 1.692770 6.396319
46.546547 -6.160223 0.287585 1.689169 6.394087
46.646647 -6.159252 0.278253 1.685548 6.391782
46.746747 -6.158189 0.268927 1.681906 6.389399
46.846847 -6.157031 0.259607 1.678242 6.386934
46.946947 -6.155782 0.250294 1.674556 6.384390
47.047047 -6.154443 0.240987 1.670850 6.381770
47.147147 -6.153011 0.231687 1.667122 6.379069
47.247247 -6.151480 0.222394 1.663372 6.376282
47.347347 -6.149847 0.213107 1.659597 6.373405
47.447447 -6.148109 0.203827 1.655798 6.370436
47.547548 -6.146263 0.194553 1.651973 6.367371
47.647648 -6.144304 0.185286 1.648121 6.364205
47.747748 -6.142223 0.176026 1.644241 6.360929
47.847848 -6.140006 0.166772 1.640328 6.357528
47.947948 -6.137646 0.157524 1.636380 6.353995
48.048048 -6.135139 0.148283 1.632397 6.350326
48.148148 -6.132487 0.139048 1.628379 6.346523
48.248248 -6.129698 0.129821 1.624329 6.342594
48.348348 -6.126788 0.120601 1.620250 6.338556
48.448448 -6.123767 0.111389 1.616145 6.334418
48.548549 -6.120642 0.102186 1.612016 6.330190
48.648649 -6.117421 0.092991 1.607866 6.325877
48.748749 -6.114101 0.083804 1.603693 6.321478
48.848849 -6.110686 0.074627 1.599500 6.316997
48.948949 -6.107182 0.065459 1.595286 6.312439
49.049049 -6.103592 0.056299 1.591054 6.307809
49.149149 -6.099919 0.047149 1.586804 6.303109
49.249249 -6.096160 0.038009 1.582535 6.298335
49.349349 -6.092309 0.028878 1.578246 6.293483
49.449449 -6.088362 0.019757 1.573935 6.288546
49.549550 -6.084314 0.010645 1.569603 6.283521
49.649650 -6.080157 0.001544 1.565245 6.278400
49.749750 -6.075893 -0.007548 1.560864 6.273183
49.849850 -6.071530 -0.016629 1.556461 6.267880
49.949950 -6.067070 -0.025700 1.552037 6.262493
50.050050 -6.062501 -0.034761 1.547588 6.257008
50.150150 -6.057812 -0.043810 1.543113 6.251416
50.250250 -6.053000 -0.052849 1.538610 6.245712
50.350350 -6.048065 -0.061877 1.534079 6.239897
50.450450 -6.043012 -0.070893 1.529522 6.233976
50.550551 -6.037845 -0.079898 1.524939 6.227952
50.650651 -6.032566 -0.088892 1.520332 6.221829
50.750751 -6.027174 -0.097874 1.515700 6.215605
50.850851 -6.021671 -0.106844 1.511044 6.209282
50.950951 -6.016059 -0.115802 1.506364 6.202863
51.051051 -6.010336 -0.124748 1.501660 6.196345
51.151151 -6.004502 -0.133682 1.496932 6.189727
51.251251 -5.998546 -0.142603 1.492177 6.182999
51.351351 -5.992457 -0.151511 1.487393 6.176151
51.451451 -5.986245 -0.160406 1.482581 6.169190
51.551552 -5.979925 -0.169288 1.477746 6.162134
51.651652 -5.973498 -0.178156 1.472889 6.154984
51.751752 -5.966963 -0.187012 1.468008 6.147737
51.851852 -5.960321 -0.195855 1.463105 6.140396
51.951952 -5.953580 -0.204684 1.458181 6.132968
52.052052 -5.946748 -0.213500 1.453239 6.125463
52.152152 -5.939836 -0.222303 1.448280 6.117891
52.252252 -5.932853 -0.231094 1.443308 6.110261
52.352352 -5.925798 -0.239872 1.438322 6.102572
52.452452 -5.918670 -0.248637 1.433322 6.094824
52.552553 -5.911479 -0.257389 1.428310 6.087027
52.652653 -5.904231 -0.266129 1.423287 6.079187
52.752753 -5.896924 -0.274857 1.418254 6.071301
52.852853 -5.889559 -0.283572 1.413211 6.063372
52.952953 -5.882134 -0.292274 1.408158 6.055397
53.053053 -5.874652 -0.300963 1.403093 6.047378
53.153153 -5.867119 -0.309640 1.398021 6.039323
53.253253 -5.859536 -0.318304 1.392940 6.031232
53.353353 -5.851903 -0.326955 1.387850 6.023105
53.453453 -5.844220 -0.335594 1.382753 6.014943
53.553554 -5.836481 -0.344220 1.377646 6.006738
53.653654 -5.828674 -0.352832 1.372526 5.998480
53.753754 -5.820795 -0.361429 1.367393 5.990163
53.853854 -5.812853 -0.370013 1.362249 5.981796
53.953954 -5.804861 -0.378583 1.357096 5.973395
54.054054 -5.796821 -0.387141 1.351936 5.964959
54.154154 -5.788724 -0.395685 1.346767 5.956481
54.254254 -5.780570 -0.404215 1.341587 5.947960
54.354354 -5.772367 -0.412732 1.336400 5.939405
54.454454 -5.764115 -0.421235 1.331205 5.930815
54.554555 -5.755813 -0.429725 1.326002 5.922190
54.654655 -5.747466 -0.438201 1.320792 5.913534
54.754755 -5.739075 -0.446665 1.315576 5.904848
54.854855 -5.730644 -0.455115 1.310354 5.896138
54.954955 -5.722175 -0.463552 1.305127 5.887404
55.055055 -5.713671 -0.471977 1.299895 5.878650
55.155155 -5.705128 -0.480388 1.294658 5.869872
55.255255 -5.696549 -0.488787 1.289417 5.861074
55.355355 -5.687942 -0.497173 1.284173 5.852261
55.455455 -5.679296 -0.505546 1.278924 5.843426
55.555556 -5.670604 -0.513905 1.273667 5.834558
55.655656 -5.661857 -0.522250 1.268402 5.825651
55.755756 -5.653041 -0.530578 1.263126 5.816689
55.855856 -5.644150 -0.538889 1.257836 5.807666
55.955956 -5.635186 -0.547183 1.252533 5.798584
56.056056 -5.626150 -0.555460 1.247218 5.789443
56.156156 -5.617036 -0.563720 1.241889 5.780239
56.256256 -5.607831 -0.571960 1.236544 5.770957
56.356356 -5.598530 -0.580181 1.231180 5.761593
56.456456 -5.589127 -0.588382 1.225799 5.752140
56.556557 -5.579617 -0.596561 1.220397 5.742594
56.656657 -5.570005 -0.604720 1.214977 5.732959
56.756757 -5.560304 -0.612859 1.209540 5.723247
56.856857 -5.550512 -0.620978 1.204088 5.713460
56.956957 -5.540631 -0.629078 1.198619 5.703597
57.057057 -5.530664 -0.637157 1.193136 5.693662
57.157157 -5.520615 -0.645218 1.187638 5.683659
57.257257 -5.510490 -0.653259 1.182128 5.673595
57.357357 -5.500292 -0.661282 1.176606 5.663471
57.457457 -5.490017 -0.669286 1.171071 5.653286
57.557558 -5.479666 -0.677270 1.165523 5.643038
57.657658 -5.469236 -0.685236 1.159962 5.632726
57.757758 -5.458729 -0.693181 1.154388 5.622352
57.857858 -5.448150 -0.701107 1.148802 5.611919
57.957958 -5.437498 -0.709015 1.143205 5.601429
58.058058 -5.426772 -0.716902 1.137596 5.590879
58.158158 -5.415976 -0.724770 1.131975 5.580274
58.258258 -5.405118 -0.732621 1.126346 5.569622
58.358358 -5.394202 -0.740453 1.120707 5.558927
58.458458 -5.383231 -0.748268 1.115061 5.548193
58.558559 -5.372205 -0.756065 1.109407 5.537419
58.658659 -5.361122 -0.763845 1.103745 5.526604
58.758759 -5.349980 -0.771606 1.098075 5.515744
58.858859 -5.338776 -0.779348 1.092395 5.504838
58.958959 -5.327505 -0.787070 1.086705 5.493880
59.059059 -5.316156 -0.794771 1.081003 5.482860
59.159159 -5.304729 -0.802451 1.075288 5.471775
59.259259 -5.293227 -0.810109 1.069562 5.460631
59.359359 -5.281649 -0.817745 1.063825 5.449427
59.459459 -5.270004 -0.825362 1.058077 5.438170
59.559560 -5.258289 -0.832957 1.052318 5.426859
59.659660 -5.246496 -0.840530 1.046548 5.415485
59.759760 -5.234619 -0.848079 1.040765 5.404041
59.859860 -5.222644 -0.855603 1.034966 5.392515
59.959960 -5.210558 -0.863098 1.029148 5.380892
60.060060 -5.198361 -0.870565 1.023312 5.369172
60.160160 -5.186060 -0.878005 1.017459 5.357363
60.260260 -5.173663 -0.885418 1.011591 5.345472
60.360360 -5.161170 -0.892805 1.005708 5.333500
60.460460 -5.148576 -0.900165 0.999809 5.321442
60.560561 -5.135877 -0.907496 0.993893 5.309294
60.660661 -5.123075 -0.914799 0.987960 5.297058
60.760761 -5.110169 -0.922073 0.982012 5.284732
60.860861 -5.097154 -0.929318 0.976046 5.272312
60.960961 -5.084027 -0.936532 0.970062 5.259795
61.061061 -5.070776 -0.943713 0.964058 5.247167
61.161161 -5.057397 -0.950860 0.958033 5.234427
61.261261 -5.043897 -0.957975 0.951989 5.221579
61.361361 -5.030261 -0.965053 0.945923 5.208611
61.461461 -5.016479 -0.972094 0.939833 5.195509
61.561562 -5.002541 -0.979094 0.933718 5.182265
61.661662 -4.988446 -0.986053 0.927577 5.168877
61.761762 -4.974206 -0.992974 0.921413 5.155358
61.861862 -4.959826 -0.999856 0.915226 5.141714
61.961962 -4.945309 -1.006701 0.909018 5.127947
62.062062 -4.930670 -1.013510 0.902791 5.114073
62.162162 -4.915908 -1.020285 0.896545 5.100090
62.262262 -4.901013 -1.027021 0.890279 5.085990
62.362362 -4.885981 -1.033719 0.883991 5.071767
62.462462 -4.870808 -1.040377 0.877682 5.057418
62.562563 -4.855497 -1.046995 0.871352 5.042946
62.662663 -4.840053 -1.053574 0.865001 5.028355
62.762763 -4.824477 -1.060114 0.858630 5.013648
62.862863 -4.808776 -1.066616 0.852241 4.998831
62.962963 -4.792950 -1.073081 0.845833 4.983905
63.063063 -4.776998 -1.079507 0.839407 4.968868
63.163163 -4.760922 -1.085894 0.832962 4.953723
63.263263 -4.744725 -1.092244 0.826501 4.938473
63.363363 -4.728412 -1.098557 0.820023 4.923124
63.463463 -4.711975 -1.104830 0.813527 4.907666
63.563564 -4.695409 -1.111063 0.807012 4.892095
63.663664 -4.678715 -1.117256 0.800479 4.876413
63.763764 -4.661899 -1.123409 0.793929 4.860624
63.863864 -4.644956 -1.129521 0.787361 4.844726
63.963964 -4.627890 -1.135592 0.780777 4.828721
64.064064 -4.610706 -1.141625 0.774176 4.812615
64.164164 -4.593401 -1.147616 0.767558 4.796405
64.264264 -4.575969 -1.153566 0.760923 4.780084
64.364364 -4.558398 -1.159470 0.754268 4.763642
64.464464 -4.540679 -1.165326 0.747593 4.747067
64.564565 -4.522808 -1.171133 0.740897 4.730356
64.664665 -4.504773 -1.176887 0.734178 4.713498
64.764765 -4.486569 -1.182585 0.727434 4.696485
64.864865 -4.468211 -1.188233 0.720670 4.679335
64.964965 -4.449706 -1.193831 0.713886 4.662054
65.065065 -4.431047 -1.199377 0.707081 4.644636
65.165165 -4.412238 -1.204872 0.700256 4.627085
65.265265 -4.393256 -1.210310 0.693407 4.609378
65.365365 -4.374082 -1.215683 0.686532 4.591493
65.465465 -4.354708 -1.220990 0.679629 4.573422
65.565566 -4.335128 -1.226229 0.672698 4.555161
65.665666 -4.315348 -1.231401 0.665740 4.536715
65.765766 -4.295365 -1.236503 0.658754 4.518081
65.865866 -4.275173 -1.241535 0.651740 4.499253
65.965966 -4.254765 -1.246494 0.644697 4.480224
66.066066 -4.234144 -1.251379 0.637626 4.460997
66.166166 -4.213313 -1.256191 0.630527 4.441574
66.266266 -4.192268 -1.260928 0.623400 4.421954
66.366366 -4.171009 -1.265591 0.616245 4.402135
66.466466 -4.149536 -1.270177 0.609063 4.382117
66.566567 -4.127852 -1.274688 0.601853 4.361906
66.666667 -4.105962 -1.279124 0.594618 4.341503
66.766767 -4.083869 -1.283486 0.587356 4.320915
66.866867 -4.061575 -1.287774 0.580070 4.300143
66.966967 -4.039080 -1.291987 0.572760 4.279188
67.067067 -4.016388 -1.296126 0.565425 4.258053
67.167167 -3.993489 -1.300187 0.558066 4.236730
67.267267 -3.970379 -1.304168 0.550680 4.215212
67.367367 -3.947059 -1.308068 0.543270 4.193502
67.467467 -3.923530 -1.311888 0.535835 4.171601
67.567568 -3.899786 -1.315626 0.528375 4.149504
67.667668 -3.875829 -1.319280 0.520890 4.127212
67.767768 -3.851676 -1.322855 0.513383 4.104743
67.867868 -3.827335 -1.326355 0.505855 4.082108
67.967968 -3.802809 -1.329779 0.498306 4.059307
68.068068 -3.778092 -1.333125 0.490737 4.036339
68.168168 -3.753181 -1.336391 0.483147 4.013196
68.268268 -3.728078 -1.339577 0.475536 3.989883
68.368368 -3.702792 -1.342686 0.467906 3.966411
68.468468 -3.677318 -1.345715 0.460256 3.942772
68.568569 -3.651643 -1.348658 0.452586 3.918956
68.668669 -3.625780 -1.351521 0.444896 3.894974
68.768769 -3.599738 -1.354304 0.437189 3.870838
68.868869 -3.573533 -1.357015 0.429466 3.846566
68.968969 -3.547172 -1.359654 0.421729 3.822164
69.069069 -3.520634 -1.362214 0.413975 3.797614
69.169169 -3.493917 -1.364693 0.406204 3.772909
69.269269 -3.467032 -1.367094 0.398418 3.748065
69.369369 -3.439981 -1.369417 0.390618 3.723084
69.469469 -3.412758 -1.371659 0.382802 3.697959
69.569570 -3.385356 -1.373817 0.374971 3.672685
69.669670 -3.357769 -1.375888 0.367124 3.647254
69.769770 -3.329994 -1.377870 0.359260 3.621664
69.869870 -3.302012 -1.379753 0.351379 3.595897
69.969970 -3.273821 -1.381537 0.343480 3.569948
70.070070 -3.245433 -1.383225 0.335565 3.543832
70.170170 -3.216842 -1.384813 0.327633 3.517545
70.270270 -3.188033 -1.386296 0.319684 3.491070
70.370370 -3.158999 -1.387667 0.311717 3.464399
70.470470 -3.129727 -1.388922 0.303731 3.437520
70.570571 -3.100183 -1.390042 0.295723 3.410397
70.670671 -3.070354 -1.391022 0.287693 3.383013
70.770771 -3.040234 -1.391857 0.279640 3.355367
70.870871 -3.009817 -1.392543 0.271565 3.327450
70.970971 -2.979107 -1.393080 0.263468 3.299268
71.071071 -2.948085 -1.393458 0.255348 3.270800
71.171171 -2.916731 -1.393665 0.247204 3.242026
71.271271 -2.885052 -1.393703 0.239038 3.212954
71.371371 -2.853037 -1.393566 0.230849 3.183573
71.471471 -2.820673 -1.393245 0.222636 3.153870
71.571572 -2.787962 -1.392738 0.214401 3.123847
71.671672 -2.754894 -1.392039 0.206144 3.093495
71.771772 -2.721445 -1.391134 0.197863 3.062788
71.871872 -2.687611 -1.390018 0.189559 3.031722
71.971972 -2.653380 -1.388682 0.181233 3.000285
72.072072 -2.618730 -1.387112 0.172883 2.968453
72.172172 -2.583635 -1.385292 0.164509 2.936199
72.272272 -2.548064 -1.383202 0.156110 2.903489
72.372372 -2.511983 -1.380821 0.147685 2.870285
72.472472 -2.475358 -1.378125 0.139233 2.836549
72.572573 -2.438178 -1.375106 0.130755 2.802271
72.672673 -2.400426 -1.371749 0.122253 2.767433
72.772773 -2.362066 -1.368029 0.113725 2.731995
72.872873 -2.323068 -1.363924 0.105172 2.695922
72.972973 -2.283415 -1.359418 0.096595 2.659198
73.073073 -2.243099 -1.354502 0.087995 2.621815
73.173173 -2.202121 -1.349170 0.079376 2.583776
73.273273 -2.160484 -1.343418 0.070739 2.545087
73.373373 -2.118182 -1.337236 0.062085 2.505743
73.473473 -2.075216 -1.330618 0.053419 2.465750
73.573574 -2.031579 -1.323553 0.044741 2.425099
73.673674 -1.987235 -1.316010 0.036054 2.383754
73.773774 -1.942155 -1.307962 0.027360 2.341683
73.873874 -1.896308 -1.299379 0.018662 2.298852
73.973974 -1.849664 -1.290232 0.009962 2.255229
74.074074 -1.802205 -1.280498 0.001265 2.210796
74.174174 -1.753893 -1.270139 -0.007426 2.165514
74.274274 -1.704706 -1.259127 -0.016107 2.119359
74.374374 -1.654623 -1.247434 -0.024772 2.072314
74.474474 -1.603584 -1.235000 -0.033415 2.024308
74.574575 -1.551526 -1.221760 -0.042029 1.975272
74.674675 -1.498411 -1.207667 -0.050608 1.925164
74.774775 -1.444187 -1.192659 -0.059141 1.873929
74.874875 -1.388782 -1.176652 -0.067617 1.821482
74.974975 -1.332079 -1.159522 -0.076022 1.767684
75.075075 -1.273928 -1.141108 -0.084335 1.712347
75.175175 -1.214178 -1.121236 -0.092534 1.655283
75.275275 -1.152697 -1.099740 -0.100591 1.596326
75.375375 -1.089369 -1.076454 -0.108477 1.535333
75.475475 -1.024069 -1.051191 -0.116156 1.472145
75.575576 -0.956665 -1.023737 -0.123586 1.406599
75.675676 -0.886981 -0.993811 -0.130709 1.338462
75.775776 -0.814805 -0.961057 -0.137453 1.267450
75.875876 -0.739927 -0.925078 -0.143726 1.193281
75.975976 -0.662110 -0.885378 -0.149412 1.115620
76.076076 -0.581018 -0.841248 -0.154341 1.033973
76.176176 -0.496237 -0.791711 -0.158265 0.947684
76.276276 -0.407290 -0.735438 -0.160830 0.855932
76.376376 -0.313623 -0.670514 -0.161483 0.757644
76.476476 -0.214606 -0.593901 -0.159292 0.651266
76.576577 -0.109715 -0.500407 -0.152514 0.534514
76.676677 0.000440 -0.380054 -0.137390 0.404125
76.776777 0.107376 -0.208864 -0.103075 0.256473
76.876877 0.118942 0.059641 -0.009066 0.133366
76.976977 -0.125630 0.179744 0.097254 0.239894
77.077077 -0.330123 0.150852 0.139443 0.388821
77.177177 -0.486353 0.095683 0.159721 0.520774
77.277277 -0.614478 0.034349 0.170539 0.638629
77.377377 -0.724198 -0.028181 0.176189 0.745855
77.477477 -0.820801 -0.090246 0.178630 0.844848
77.577578 -0.907362 -0.151216 0.178884 0.937108
77.677678 -0.985876 -0.210837 0.177553 1.023684
77.777778 -1.057814 -0.269040 0.175043 1.105438
77.877878 -1.124204 -0.325813 0.171621 1.182980
77.977978 -1.185798 -0.381179 0.167474 1.256766
78.078078 -1.243259 -0.435197 0.162750 1.327244
78.178178 -1.297114 -0.487933 0.157560 1.394779
78.278278 -1.347816 -0.539464 0.151995 1.459703
78.378378 -1.395795 -0.589885 0.146130 1.522355
78.478478 -1.441308 -0.639244 0.140014 1.582911
78.578579 -1.484521 -0.687564 0.133681 1.641468
78.678679 -1.525643 -0.734896 0.127167 1.698185
78.778779 -1.564858 -0.781290 0.120501 1.753202
78.878879 -1.602347 -0.826804 0.113709 1.806668
78.978979 -1.638277 -0.871495 0.106812 1.858726
79.079079 -1.672740 -0.915387 0.099828 1.909440
79.179179 -1.705824 -0.958505 0.092767 1.958870
79.279279 -1.737643 -1.000895 0.085644 2.007119
79.379379 -1.768271 -1.042581 0.078469 2.054243
79.479479 -1.797745 -1.083568 0.071249 2.100258
79.579580 -1.826124 -1.123878 0.063992 2.145210
79.679680 -1.853483 -1.163543 0.056706 2.189166
79.779780 -1.879888 -1.202591 0.049396 2.232184
79.879880 -1.905360 -1.241025 0.042069 2.274271
79.979980 -1.929906 -1.278838 0.034727 2.315420
80.080080 -1.953564 -1.316047 0.027376 2.355662
80.180180 -1.976344 -1.352647 0.020018 2.394993
80.280280 -1.998258 -1.388637 0.012658 2.433415
80.380380 -2.019346 -1.424036 0.005298 2.470964
80.480480 -2.039635 -1.458856 -0.002058 2.507664
80.580581 -2.059148 -1.493104 -0.009407 2.543528
80.680681 -2.077905 -1.526787 -0.016746 2.578575
80.780781 -2.095909 -1.559901 -0.024074 2.612796
80.880881 -2.113147 -1.592428 -0.031387 2.646168
80.980981 -2.129606 -1.624352 -0.038682 2.678663
81.081081 -2.145290 -1.655669 -0.045958 2.710281
81.181181 -2.160225 -1.686392 -0.053211 2.741043
81.281281 -2.174430 -1.716529 -0.060441 2.770970
81.381381 -2.187910 -1.746077 -0.067645 2.800055
81.481481 -2.200690 -1.775051 -0.074822 2.828328
81.581582 -2.212823 -1.803488 -0.081971 2.855849
81.681682 -2.224356 -1.831419 -0.089092 2.882671
81.781782 -2.235310 -1.858858 -0.096184 2.908817
81.881882 -2.245682 -1.885798 -0.103246 2.934277
81.981982 -2.255483 -1.912243 -0.110275 2.959060
82.082082 -2.264718 -1.938191 -0.117272 2.983166
82.182182 -2.273395 -1.963647 -0.124233 3.006604
82.282282 -2.281539 -1.988627 -0.131160 3.029400
82.382382 -2.289165 -2.013140 -0.138052 3.051568
82.482482 -2.296295 -2.037201 -0.144908 3.073135
82.582583 -2.302952 -2.060827 -0.151729 3.094126
82.682683 -2.309150 -2.084027 -0.158514 3.114558
82.782783 -2.314887 -2.106796 -0.165261 3.134422
82.882883 -2.320157 -2.129123 -0.171970 3.153707
82.982983 -2.324969 -2.151016 -0.178639 3.172423
83.083083 -2.329352 -2.172496 -0.185270 3.190602
83.183183 -2.333334 -2.193586 -0.191863 3.208283
83.283283 -2.336918 -2.214288 -0.198418 3.225465
83.383383 -2.340081 -2.234575 -0.204932 3.242114
83.483483 -2.342816 -2.254437 -0.211403 3.258215
83.583584 -2.345137 -2.273886 -0.217831 3.273786
83.683684 -2.347053 -2.292928 -0.224215 3.288837
83.783784 -2.348574 -2.311568 -0.230557 3.303378
83.883884 -2.349717 -2.329820 -0.236855 3.317428
83.983984 -2.350492 -2.347692 -0.243112 3.331002
84.084084 -2.350906 -2.365189 -0.249325 3.344105
84.184184 -2.350960 -2.382308 -0.255494 3.356737
84.284284 -2.350651 -2.399044 -0.261619 3.368889
84.384384 -2.349995 -2.415410 -0.267699 3.380584
84.484484 -2.349006 -2.431419 -0.273736 3.391837
84.584585 -2.347691 -2.447075 -0.279730 3.402658
84.684685 -2.346062 -2.462388 -0.285680 3.413060
84.784785 -2.344128 -2.477366 -0.291588 3.423055
84.884885 -2.341903 -2.492020 -0.297454 3.432660
84.984985 -2.339391 -2.506355 -0.303278 3.441880
85.085085 -2.336601 -2.520376 -0.309060 3.450727
85.185185 -2.333536 -2.534085 -0.314801 3.459202
85.285285 -2.330203 -2.547486 -0.320499 3.467312
85.385385 -2.326617 -2.560596 -0.326157 3.475079
85.485485 -2.322792 -2.573428 -0.331777 3.482523
85.585586 -2.318731 -2.585983 -0.337356 3.489646
85.685686 -2.314432 -2.598257 -0.342896 3.496443
85.785786 -2.309899 -2.610252 -0.348395 3.502917
85.885886 -2.305135 -2.621971 -0.353854 3.509073
85.985986 -2.300143 -2.633415 -0.359272 3.514913
86.086086 -2.294922 -2.644580 -0.364649 3.520432
86.186186 -2.289479 -2.655475 -0.369985 3.525642
86.286286 -2.283839 -2.666125 -0.375283 3.530578
86.386386 -2.278011 -2.676540 -0.380545 3.535253
86.486486 -2.271993 -2.686716 -0.385769 3.539663
86.586587 -2.265788 -2.696654 -0.390956 3.543809
86.686687 -2.259397 -2.706357 -0.396105 3.547695
86.786787 -2.252819 -2.715819 -0.401216 3.551315
86.886887 -2.246055 -2.725040 -0.406287 3.554670
86.986987 -2.239120 -2.734038 -0.411322 3.557781
87.087087 -2.232024 -2.742824 -0.416322 3.560666
87.187187 -2.224775 -2.751406 -0.421287 3.563333
87.287287 -2.217382 -2.759794 -0.426219 3.565797
87.387387 -2.209844 -2.767985 -0.431118 3.568055
87.487487 -2.202163 -2.775980 -0.435982 3.570108
87.587588 -2.194352 -2.783796 -0.440815 3.571977
87.687688 -2.186417 -2.791438 -0.445618 3.573670
87.787788 -2.178358 -2.798905 -0.450389 3.575188
87.887888 -2.170187 -2.806213 -0.455131 3.576547
87.987988 -2.161918 -2.813377 -0.459847 3.577770
88.088088 -2.153562 -2.820411 -0.464538 3.578875
88.188188 -2.145124 -2.827321 -0.469205 3.579868
88.288288 -2.136603 -2.834106 -0.473849 3.580749
88.388388 -2.128006 -2.840773 -0.478469 3.581526
88.488488 -2.119331 -2.847319 -0.483066 3.582198
88.588589 -2.110577 -2.853742 -0.487639 3.582760
88.688689 -2.101747 -2.860046 -0.492188 3.583218
88.788789 -2.092840 -2.866228 -0.496714 3.583569
88.888889 -2.083858 -2.872292 -0.501215 3.583816
88.988989 -2.074801 -2.878234 -0.505692 3.583958
89.089089 -2.065671 -2.884059 -0.510146 3.583998
89.189189 -2.056477 -2.889776 -0.514577 3.583950
89.289289 -2.047215 -2.895380 -0.518985 3.583805
89.389389 -2.037880 -2.900866 -0.523368 3.583559
89.489489 -2.028481 -2.906242 -0.527729 3.583221
89.589590 -2.019023 -2.911516 -0.532068 3.582803
89.689690 -2.009519 -2.916707 -0.536389 3.582326
89.789790 -1.999979 -2.921828 -0.540694 3.581808
89.889890 -1.990406 -2.926884 -0.544983 3.581253
89.989990 -1.980789 -2.931856 -0.549254 3.580640
90.090090 -1.971115 -2.936727 -0.553503 3.579947
90.190190 -1.961388 -2.941502 -0.557731 3.579182
90.290290 -1.951614 -2.946188 -0.561939 3.578351
90.390390 -1.941789 -2.950780 -0.566126 3.577449
90.490490 -1.931912 -2.955274 -0.570291 3.576473
90.590591 -1.921983 -2.959670 -0.574434 3.575422
90.690691 -1.911998 -2.963963 -0.578554 3.574289
90.790791 -1.901945 -2.968131 -0.582647 3.573048
90.890891 -1.891818 -2.972167 -0.586711 3.571692
90.990991 -1.881624 -2.976077 -0.590747 3.570228
91.091091 -1.871355 -2.979853 -0.594753 3.568645
91.191191 -1.861005 -2.983479 -0.598726 3.566926
91.291291 -1.850572 -2.986955 -0.602667 3.565070
91.391391 -1.840057 -2.990280 -0.606573 3.563077
91.491491 -1.829453 -2.993441 -0.610444 3.560932
91.591592 -1.818759 -2.996435 -0.614278 3.558630
91.691692 -1.807985 -2.999281 -0.618078 3.556194
91.791792 -1.797137 -3.001983 -0.621846 3.553632
91.891892 -1.786219 -3.004550 -0.625583 3.550951
91.991992 -1.775240 -3.006994 -0.629291 3.548169
92.092092 -1.764194 -3.009307 -0.632969 3.545272
92.192192 -1.753079 -3.011483 -0.636615 3.542258
92.292292 -1.741896 -3.013520 -0.640229 3.539124
92.392392 -1.730637 -3.015407 -0.643808 3.535855
92.492492 -1.719305 -3.017149 -0.647353 3.532459
92.592593 -1.707907 -3.018754 -0.650867 3.528945
92.692693 -1.696436 -3.020211 -0.654345 3.525300
92.792793 -1.684886 -3.021506 -0.657785 3.521508
92.892893 -1.673255 -3.022637 -0.661186 3.517567
92.992993 -1.661540 -3.023596 -0.664547 3.513470
93.093093 -1.649737 -3.024373 -0.667866 3.509203
93.193193 -1.637839 -3.024957 -0.671138 3.504756
93.293293 -1.625837 -3.025326 -0.674361 3.500101
93.393393 -1.613719 -3.025462 -0.677528 3.495219
93.493493 -1.601485 -3.025357 -0.680638 3.490101
93.593594 -1.589124 -3.024992 -0.683688 3.484727
93.693694 -1.576627 -3.024347 -0.686671 3.479072
93.793794 -1.563997 -3.023425 -0.689588 3.473142
93.893894 -1.551242 -3.022240 -0.692442 3.466953
93.993994 -1.538357 -3.020781 -0.695231 3.460492
94.094094 -1.525335 -3.019032 -0.697950 3.453742
94.194194 -1.512179 -3.016995 -0.700600 3.446706
94.294294 -1.498892 -3.014674 -0.703181 3.439390
94.394394 -1.485470 -3.012061 -0.705691 3.431783
94.494494 -1.471910 -3.009143 -0.708127 3.423873
94.594595 -1.458211 -3.005922 -0.710489 3.415662
94.694695 -1.444379 -3.002401 -0.712777 3.407154
94.794795 -1.430409 -2.998573 -0.714989 3.398341
94.894895 -1.416304 -2.994437 -0.717125 3.389224
94.994995 -1.402062 -2.989991 -0.719184 3.379800
95.095095 -1.387684 -2.985229 -0.721164 3.370065
95.195195 -1.373169 -2.980149 -0.723065 3.360016
95.295295 -1.358517 -2.974748 -0.724884 3.349649
95.395395 -1.343721 -2.969008 -0.726619 3.338947
95.495495 -1.328775 -2.962913 -0.728264 3.327892
95.595596 -1.313676 -2.956451 -0.729815 3.316471
95.695696 -1.298412 -2.949594 -0.731266 3.304653
95.795796 -1.282967 -2.942301 -0.732607 3.292393
95.895896 -1.267327 -2.934535 -0.733827 3.279652
95.995996 -1.251489 -2.926287 -0.734923 3.266419
96.096096 -1.235452 -2.917546 -0.735893 3.252685
96.196196 -1.219224 -2.908327 -0.736739 3.238465
96.296296 -1.202816 -2.898655 -0.737468 3.223790
96.396396 -1.186230 -2.888526 -0.738078 3.208657
96.496496 -1.169473 -2.877955 -0.738572 3.193083
96.596597 -1.152560 -2.866971 -0.738957 3.177102
96.696697 -1.135487 -2.855564 -0.739230 3.160702
96.796797 -1.118247 -2.843708 -0.739384 3.143858
96.896897 -1.100833 -2.831381 -0.739413 3.126544
96.996997 -1.083239 -2.818563 -0.739311 3.108743
97.097097 -1.065461 -2.805237 -0.739072 3.090435
97.197197 -1.047501 -2.791404 -0.738698 3.071623
97.297297 -1.029369 -2.777082 -0.738191 3.052329
97.397397 -1.011070 -2.762279 -0.737553 3.032562
97.497497 -0.992603 -2.746985 -0.736781 3.012314
97.597598 -0.973962 -2.731181 -0.735870 2.991565
97.697698 -0.955144 -2.714847 -0.734813 2.970293
97.797798 -0.936143 -2.697963 -0.733604 2.948481
97.897898 -0.916951 -2.680494 -0.732233 2.926091
97.997998 -0.897555 -2.662396 -0.730687 2.903078
98.098098 -0.877949 -2.643643 -0.728959 2.879413
98.198198 -0.858128 -2.624203 -0.727038 2.855067
98.298298 -0.838083 -2.604048 -0.724916 2.830009
98.398398 -0.817806 -2.583135 -0.722581 2.804197
98.498498 -0.797285 -2.561412 -0.720015 2.777574
98.598599 -0.776505 -2.538822 -0.717203 2.750083
98.698699 -0.755459 -2.515323 -0.714131 2.721681
98.798799 -0.734141 -2.490879 -0.710788 2.692334
98.898899 -0.712545 -2.465453 -0.707162 2.662003
98.998999 -0.690672 -2.439025 -0.703245 2.630670
99.099099 -0.668520 -2.411572 -0.699029 2.598314
99.199199 -0.646082 -2.383044 -0.694499 2.564888
99.299299 -0.623355 -2.353404 -0.689642 2.530353
99.399399 -0.600336 -2.322616 -0.684445 2.494677
99.499499 -0.577020 -2.290632 -0.678892 2.457812
99.599600 -0.553397 -2.257375 -0.672959 2.419683
99.699700 -0.529453 -2.222762 -0.666618 2.380204
99.799800 -0.505184 -2.186729 -0.659849 2.339315
99.899900 -0.480588 -2.149227 -0.652632 2.296970
100.000000 -0.455666 -2.110210 -0.644953 2.253127
