0.000000 1.026622 0.089409 0.124022 1.037944
0.100100 1.002849 0.178200 0.093324 1.022825
0.200200 0.970232 0.265386 0.061813 1.007770
0.300300 0.928656 0.350085 0.029743 0.992898
0.400400 0.878119 0.431370 -0.002604 0.978356
0.500501 0.818739 0.508269 -0.034911 0.964308
0.600601 0.750778 0.579803 -0.066841 0.950950
0.700701 0.674651 0.644982 -0.098029 0.938491
0.800801 0.590836 0.702760 -0.128084 0.927019
0.900901 0.499987 0.752111 -0.156595 0.916613
1.001001 0.403008 0.792180 -0.183169 0.907478
1.101101 0.300988 0.822260 -0.207426 0.899851
1.201201 0.195107 0.841684 -0.228990 0.893832
1.301301 0.086664 0.849888 -0.247495 0.889423
1.401401 -0.022926 0.846464 -0.262608 0.886560
1.501502 -0.132167 0.831299 -0.274075 0.885236
1.601602 -0.239528 0.804534 -0.281711 0.885443
1.701702 -0.343475 0.766422 -0.285369 0.887025
1.801802 -0.442521 0.717451 -0.284979 0.889817
1.901902 -0.535299 0.658375 -0.280570 0.893712
2.002002 -0.620549 0.590087 -0.272229 0.898550
2.102102 -0.697250 0.513702 -0.260148 0.904282
2.202202 -0.764563 0.430436 -0.244575 0.910850
2.302302 -0.821876 0.341563 -0.225811 0.918225
2.402402 -0.868873 0.248427 -0.204219 0.926478
2.502503 -0.905357 0.152309 -0.180163 0.935590
2.602603 -0.931376 0.054449 -0.154031 0.945596
2.702703 -0.947135 -0.043989 -0.126209 0.956519
2.802803 -0.952865 -0.141938 -0.097057 0.968256
2.902903 -0.948851 -0.238413 -0.066920 0.980631
3.003003 -0.935493 -0.332517 -0.036131 0.993489
3.103103 -0.913238 -0.423434 -0.005006 1.006640
3.203203 -0.882627 -0.510453 0.026158 1.019939
3.303303 -0.844381 -0.593035 0.057089 1.033406
3.403403 -0.799246 -0.670753 0.087546 1.047076
3.503504 -0.747919 -0.743248 0.117317 1.060926
3.603604 -0.691077 -0.810230 0.146213 1.074913
3.703704 -0.629370 -0.871474 0.174069 1.088978
3.803804 -0.563444 -0.926841 0.200748 1.103088
3.903904 -0.493930 -0.976262 0.226135 1.117225
4.004004 -0.421420 -1.019713 0.250135 1.131361
4.104104 -0.346473 -1.057209 0.272671 1.145462
4.204204 -0.269601 -1.088750 0.293667 1.159441
4.304304 -0.191272 -1.114313 0.313047 1.173148
4.404404 -0.111957 -1.133995 0.330772 1.186546
4.504505 -0.032098 -1.147923 0.346815 1.199599
4.604605 0.047897 -1.156149 0.361132 1.212185
4.704705 0.127636 -1.158770 0.373694 1.224208
4.804805 0.206746 -1.155907 0.384484 1.235595
4.904905 0.284888 -1.147759 0.393513 1.246340
5.005005 0.361750 -1.134551 0.400803 1.256469
5.105105 0.437047 -1.116511 0.406383 1.265999
5.205205 0.510517 -1.093866 0.410283 1.274952
5.305305 0.581910 -1.066827 0.412531 1.283324
5.405405 0.650978 -1.035576 0.413147 1.291077
5.505506 0.717491 -1.000306 0.412155 1.298182
5.605606 0.781260 -0.961249 0.409598 1.304660
5.705706 0.842103 -0.918630 0.405519 1.310521
5.805806 0.899821 -0.872637 0.399946 1.315724
5.905906 0.954169 -0.823410 0.392885 1.320152
6.006006 1.004932 -0.771122 0.384358 1.323725
6.106106 1.051911 -0.715960 0.374394 1.326381
6.206206 1.094916 -0.658122 0.363023 1.328063
6.306306 1.133836 -0.597856 0.350307 1.328808
6.406406 1.168621 -0.535435 0.336320 1.328713
6.506507 1.199278 -0.471145 0.321153 1.327925
6.606607 1.225778 -0.405249 0.304880 1.326541
6.706707 1.248015 -0.337968 0.287555 1.324557
6.806807 1.265888 -0.269529 0.269232 1.321970
6.906907 1.279329 -0.200171 0.249973 1.318801
7.007007 1.288229 -0.130127 0.229835 1.315025
7.107107 1.292466 -0.059635 0.208872 1.310592
7.207207 1.291992 0.011050 0.187155 1.305524
7.307307 1.286760 0.081671 0.164756 1.299833
7.407407 1.276745 0.151965 0.141752 1.293547
7.507508 1.261976 0.221669 0.118227 1.286739
7.607608 1.242401 0.290504 0.094259 1.279390
7.707708 1.217992 0.358184 0.069933 1.271491
7.807808 1.188806 0.424435 0.045339 1.263115
7.907908 1.154841 0.488952 0.020572 1.254255
8.008008 1.116064 0.551405 -0.004273 1.244855
8.108108 1.072509 0.611469 -0.029091 1.234916
8.208208 1.024231 0.668812 -0.053771 1.224439
8.308308 0.971280 0.723071 -0.078197 1.213396
8.408408 0.913795 0.773925 -0.102249 1.201847
8.508509 0.851968 0.821067 -0.125804 1.189885
8.608609 0.785944 0.864127 -0.148728 1.177516
8.708709 0.715867 0.902689 -0.170872 1.164693
8.808809 0.641907 0.936308 -0.192076 1.151351
8.908909 0.564321 0.964590 -0.212179 1.137502
9.009009 0.483434 0.987173 -0.231024 1.123205
9.109109 0.399620 1.003714 -0.248450 1.108543
9.209209 0.313293 1.013860 -0.264289 1.093578
9.309309 0.224927 1.017310 -0.278377 1.078427
9.409409 0.135072 1.013895 -0.290583 1.063327
9.509510 0.044305 1.003383 -0.300750 1.048423
9.609610 -0.046756 0.985493 -0.308700 1.033769
9.709710 -0.137420 0.959977 -0.314257 1.019410
9.809810 -0.226914 0.926553 -0.317219 1.005295
9.909910 -0.314382 0.885007 -0.317395 0.991369
10.010010 -0.398936 0.835359 -0.314660 0.977746
10.110110 -0.479668 0.777788 -0.308936 0.964613
10.210210 -0.555563 0.712452 -0.300119 0.952003
10.310310 -0.625490 0.639528 -0.288099 0.939806
10.410410 -0.688400 0.559479 -0.272862 0.928097
10.510511 -0.743351 0.473009 -0.254485 0.917099
10.610611 -0.789360 0.380897 -0.233061 0.906912
10.710711 -0.825488 0.284057 -0.208732 0.897601
10.810811 -0.850948 0.183585 -0.181718 0.889290
10.910911 -0.865136 0.080717 -0.152307 0.882141
11.011011 -0.867664 -0.023206 -0.120854 0.876348
11.111111 -0.858397 -0.126782 -0.087767 0.872137
11.211211 -0.837391 -0.228593 -0.053490 0.869678
11.311311 -0.804785 -0.327201 -0.018483 0.868954
11.411411 -0.760969 -0.421222 0.016773 0.869933
11.511512 -0.706662 -0.509406 0.051788 0.872667
11.611612 -0.642773 -0.590651 0.086091 0.877176
11.711712 -0.570312 -0.663982 0.119235 0.883371
11.811812 -0.490386 -0.728586 0.150807 0.891100
11.911912 -0.404281 -0.783978 0.180469 0.900352
12.012012 -0.313341 -0.829949 0.207959 0.911178
12.112112 -0.218839 -0.866428 0.233068 0.923531
12.212212 -0.121984 -0.893519 0.255648 0.937343
12.312312 -0.023891 -0.911367 0.275580 0.952421
12.412412 0.074418 -0.920313 0.292819 0.968637
12.512513 0.172039 -0.920952 0.307411 0.986028
12.612613 0.268200 -0.913879 0.319426 1.004559
12.712713 0.362197 -0.899525 0.328893 1.023964
12.812813 0.453404 -0.878297 0.335843 1.043921
12.912913 0.541320 -0.850739 0.340369 1.064253
13.013013 0.625498 -0.817351 0.342558 1.084738
13.113113 0.705535 -0.778590 0.342491 1.105116
13.213213 0.781107 -0.734934 0.340267 1.125184
13.313313 0.851995 -0.686900 0.336011 1.144828
13.413413 0.918058 -0.635004 0.329861 1.163988
13.513514 0.979227 -0.579747 0.321959 1.182645
13.613614 1.035428 -0.521576 0.312433 1.200736
13.713714 1.086556 -0.460874 0.301383 1.218130
13.813814 1.132522 -0.398008 0.288910 1.234700
13.913914 1.173237 -0.333321 0.275104 1.250308
14.014014 1.208692 -0.267161 0.260072 1.264891
14.114114 1.238928 -0.199870 0.243923 1.278432
14.214214 1.263982 -0.131765 0.226761 1.290904
14.314314 1.283859 -0.063143 0.208677 1.302239
14.414414 1.298587 0.005711 0.189763 1.312391
14.514515 1.308290 0.074522 0.170120 1.321407
14.614615 1.313119 0.143034 0.149851 1.329359
14.714715 1.313109 0.210997 0.129036 1.336198
14.814815 1.308279 0.278163 0.107754 1.341857
14.914915 1.298661 0.344288 0.086085 1.346278
15.015015 1.284323 0.409140 0.064110 1.349441
15.115115 1.265381 0.472502 0.041912 1.351371
15.215215 1.241958 0.534169 0.019572 1.352101
15.315315 1.214188 0.593942 -0.002828 1.351676
15.415415 1.182151 0.651603 -0.025212 1.350075
15.515516 1.145991 0.706968 -0.047500 1.347351
15.615616 1.105910 0.759888 -0.069618 1.343619
15.715716 1.062070 0.810199 -0.091491 1.338950
15.815816 1.014596 0.857709 -0.113042 1.333360
15.915916 0.963641 0.902248 -0.134197 1.326900
16.016016 0.909393 0.943674 -0.154883 1.319661
16.116116 0.851974 0.981774 -0.175019 1.311630
16.216216 0.791483 1.016299 -0.194513 1.302745
16.316316 0.728089 1.047058 -0.213282 1.293033
16.416416 0.662015 1.073923 -0.231254 1.282597
16.516517 0.593492 1.096772 -0.248357 1.271543
16.616617 0.522713 1.115397 -0.264499 1.259880
16.716717 0.449838 1.129488 -0.279562 1.247498
16.816817 0.375074 1.138767 -0.293430 1.234331
16.916917 0.298698 1.143073 -0.306012 1.220443
17.017017 0.221020 1.142299 -0.317231 1.205958
17.117117 0.142360 1.136308 -0.326997 1.190962
17.217217 0.063051 1.124922 -0.335206 1.175495
17.317317 -0.016541 1.107986 -0.341757 1.159615
17.417417 -0.096021 1.085361 -0.346550 1.143383
17.517518 -0.174965 1.056995 -0.349505 1.126945
17.617618 -0.252929 1.022878 -0.350555 1.110469
17.717718 -0.329414 0.982912 -0.349595 1.094005
17.817818 -0.403866 0.936977 -0.346508 1.077544
17.917918 -0.475692 0.885029 -0.341191 1.061117
18.018018 -0.544268 0.827103 -0.333565 1.044793
18.118118 -0.608985 0.763367 -0.323590 1.028738
18.218218 -0.669226 0.694072 -0.311253 1.013152
18.318318 -0.724283 0.619451 -0.296520 0.998113
18.418418 -0.773437 0.539825 -0.279384 0.983703
18.518519 -0.815902 0.455577 -0.259846 0.969931
18.618619 -0.850940 0.367219 -0.237954 0.956854
18.718719 -0.877981 0.275445 -0.213836 0.944694
18.818819 -0.896449 0.181019 -0.187642 0.933594
18.918919 -0.905768 0.084782 -0.159544 0.923611
19.019019 -0.905525 -0.012318 -0.129772 0.914859
19.119119 -0.895553 -0.109255 -0.098614 0.907567
19.219219 -0.875770 -0.204962 -0.066387 0.901881
19.319319 -0.846093 -0.298318 -0.033420 0.897766
19.419419 -0.806616 -0.388184 -0.000077 0.895163
19.519520 -0.757756 -0.473506 0.033258 0.894153
19.619620 -0.700140 -0.553323 0.066199 0.894844
19.719720 -0.634460 -0.626732 0.098367 0.897222
19.819820 -0.561560 -0.692974 0.129404 0.901282
19.919920 -0.482420 -0.751478 0.158992 0.907043
20.020020 -0.398065 -0.801814 0.186848 0.914480
20.120120 -0.309565 -0.843755 0.212744 0.923587
20.220220 -0.217975 -0.877208 0.236496 0.934311
20.320320 -0.124312 -0.902237 0.257975 0.946592
20.420420 -0.029538 -0.919049 0.277100 0.960368
20.520521 0.065470 -0.927838 0.293803 0.975444
20.620621 0.159900 -0.928781 0.308019 0.991503
20.720721 0.252999 -0.922124 0.319709 1.008233
20.820821 0.344091 -0.908239 0.328891 1.025410
20.920921 0.432583 -0.887553 0.335607 1.042838
21.021021 0.517941 -0.860489 0.339907 1.060302
21.121121 0.599659 -0.827426 0.341833 1.077532
21.221221 0.677359 -0.788850 0.341478 1.094398
21.321321 0.750789 -0.745336 0.338981 1.110909
21.421421 0.819692 -0.697359 0.334450 1.126970
21.521522 0.883848 -0.645374 0.327991 1.142486
21.621622 0.943123 -0.589850 0.319729 1.157424
21.721722 0.997442 -0.531251 0.309794 1.171790
21.821822 1.046737 -0.470003 0.298307 1.185558
21.921922 1.090941 -0.406492 0.285376 1.198677
22.022022 1.130079 -0.341116 0.271126 1.211176
22.122122 1.164154 -0.274235 0.255669 1.223039
22.222222 1.193158 -0.206181 0.239106 1.234223
22.322322 1.217100 -0.137276 0.221535 1.244691
22.422422 1.236088 -0.067832 0.203068 1.254492
22.522523 1.250256 0.001855 0.183816 1.263697
22.622623 1.259614 0.071512 0.163863 1.272239
22.722723 1.264188 0.140876 0.143295 1.280059
22.822823 1.264000 0.209687 0.122195 1.287089
22.922923 1.259147 0.277703 0.100649 1.293329
23.023023 1.249812 0.344710 0.078752 1.298868
23.123123 1.236178 0.410509 0.056590 1.303785
23.223223 1.218381 0.474903 0.034245 1.308112
23.323323 1.196544 0.537700 0.011793 1.311860
23.423423 1.170774 0.598705 -0.010690 1.315019
23.523524 1.141130 0.657705 -0.033130 1.317518
23.623624 1.107608 0.714443 -0.055450 1.319204
23.723724 1.070157 0.768617 -0.077564 1.319857
23.823824 1.028855 0.820001 -0.099391 1.319403
23.923924 0.983844 0.868400 -0.120851 1.317829
24.024024 0.935273 0.913628 -0.141865 1.315134
24.124124 0.883313 0.955514 -0.162355 1.311338
24.224224 0.828117 0.993866 -0.182241 1.306430
24.324324 0.769821 1.028461 -0.201433 1.300358
24.424424 0.708547 1.059039 -0.219834 1.293031
24.524525 0.644489 1.085416 -0.237359 1.284458
24.624625 0.577860 1.107417 -0.253923 1.274665
24.724725 0.508852 1.124805 -0.269425 1.263608
24.824825 0.437675 1.137339 -0.283760 1.251247
24.924925 0.364562 1.144773 -0.296819 1.237543
25.025025 0.289761 1.146820 -0.308478 1.222423
25.125125 0.213550 1.143178 -0.318602 1.205806
25.225225 0.136261 1.133619 -0.327073 1.187701
25.325325 0.058263 1.117940 -0.333774 1.168156
25.425425 -0.020039 1.095852 -0.338557 1.147133
25.525526 -0.098193 1.067138 -0.341289 1.124680
25.625626 -0.175686 1.031597 -0.341833 1.100867
25.725726 -0.251940 0.988968 -0.340024 1.075708
25.825826 -0.326294 0.939024 -0.335695 1.049250
25.925926 -0.397987 0.881529 -0.328660 1.021520
26.026026 -0.466139 0.816288 -0.318731 0.992573
26.126126 -0.529750 0.743178 -0.305722 0.962504
26.226226 -0.587685 0.662181 -0.289461 0.931474
26.326326 -0.638728 0.573486 -0.269826 0.899815
26.426426 -0.681564 0.477490 -0.246745 0.867992
26.526527 -0.714837 0.374854 -0.220220 0.836663
26.626627 -0.737029 0.266478 -0.190303 0.806497
26.726727 -0.746435 0.153548 -0.157106 0.778090
26.826827 -0.741360 0.037714 -0.120883 0.752097
26.926927 -0.720377 -0.078861 -0.082088 0.729315
27.027027 -0.682466 -0.193507 -0.041387 0.710575
27.127127 -0.627188 -0.303160 0.000346 0.696614
27.227227 -0.555109 -0.404633 0.042052 0.688217
27.327327 -0.467831 -0.494981 0.082593 0.686071
27.427427 -0.367730 -0.571718 0.120856 0.690429
27.527528 -0.257771 -0.633110 0.155873 0.701121
27.627628 -0.141232 -0.678335 0.186910 0.717649
27.727728 -0.021323 -0.707405 0.213496 0.739227
27.827828 0.099063 -0.721173 0.235467 0.765081
27.927928 0.217544 -0.720999 0.252887 0.794428
28.028028 0.332229 -0.708246 0.265895 0.826250
28.128128 0.441707 -0.684382 0.274732 0.859628
28.228228 0.545025 -0.650979 0.279739 0.893913
28.328328 0.641492 -0.609407 0.281235 0.928430
28.428428 0.730656 -0.560910 0.279532 0.962609
28.528529 0.812260 -0.506626 0.274943 0.996007
28.628629 0.886244 -0.447603 0.267778 1.028340
28.728729 0.952716 -0.384803 0.258349 1.059474
28.828829 1.011763 -0.319022 0.246911 1.089222
28.928929 1.063508 -0.250958 0.233698 1.117428
29.029029 1.108172 -0.181240 0.218934 1.144038
29.129129 1.145970 -0.110418 0.202819 1.169006
29.229229 1.177065 -0.038970 0.185524 1.192233
29.329329 1.201646 0.032675 0.167208 1.213664
29.429429 1.219977 0.104130 0.148029 1.233329
29.529530 1.232360 0.175059 0.128133 1.251309
29.629630 1.239084 0.245165 0.107655 1.267684
29.729730 1.240394 0.314180 0.086713 1.282499
29.829830 1.236506 0.381857 0.065413 1.295779
29.929930 1.227591 0.447960 0.043855 1.307505
30.030030 1.213738 0.512239 0.022126 1.317588
30.130130 1.195086 0.574471 0.000317 1.325989
30.230230 1.171775 0.634439 -0.021486 1.332678
30.330330 1.143902 0.691914 -0.043198 1.337581
30.430430 1.111606 0.746689 -0.064735 1.340673
30.530531 1.075021 0.798558 -0.086016 1.341925
30.630631 1.034253 0.847292 -0.106953 1.341276
30.730731 0.989394 0.892647 -0.127458 1.338642
30.830831 0.940552 0.934379 -0.147441 1.333957
30.930931 0.887893 0.972289 -0.166817 1.327226
31.031031 0.831569 1.006152 -0.185494 1.318430
31.131131 0.771712 1.035705 -0.203372 1.307511
31.231231 0.708481 1.060690 -0.220349 1.294436
31.331331 0.642050 1.080843 -0.236318 1.279178
31.431431 0.572618 1.095896 -0.251168 1.261731
31.531532 0.500427 1.105620 -0.264792 1.242150
31.631632 0.425743 1.109772 -0.277078 1.220501
31.731732 0.348851 1.108102 -0.287906 1.196861
31.831832 0.270055 1.100286 -0.297133 1.171259
31.931932 0.189703 1.086025 -0.304616 1.143778
32.032032 0.108211 1.065059 -0.310213 1.114582
32.132132 0.026033 1.037050 -0.313755 1.083786
32.232232 -0.056296 1.001591 -0.315037 1.051476
32.332332 -0.138145 0.958219 -0.313825 1.017720
32.432432 -0.218746 0.906471 -0.309865 0.982627
32.532533 -0.297145 0.845799 -0.302846 0.946249
32.632633 -0.372210 0.775774 -0.292471 0.908794
32.732733 -0.442659 0.696242 -0.278504 0.870784
32.832833 -0.506928 0.607105 -0.260685 0.832772
32.932933 -0.563144 0.508425 -0.238755 0.795381
33.033033 -0.609091 0.400584 -0.212505 0.759354
33.133133 -0.642295 0.284462 -0.181839 0.725622
33.233233 -0.660185 0.161662 -0.146871 0.695378
33.333333 -0.660313 0.034610 -0.107980 0.669978
33.433433 -0.640663 -0.093379 -0.065886 0.650776
33.533534 -0.599891 -0.218191 -0.021650 0.638706
33.633634 -0.538026 -0.335262 0.023327 0.634363
33.733734 -0.456878 -0.440279 0.067455 0.638070
33.833834 -0.359662 -0.529805 0.109210 0.649597
33.933934 -0.250482 -0.601747 0.147343 0.668245
34.034034 -0.133619 -0.655289 0.180975 0.692827
34.134134 -0.013025 -0.690699 0.209604 0.721920
34.234234 0.107920 -0.709202 0.233107 0.754289
34.334334 0.226561 -0.712424 0.251591 0.788781
34.434434 0.340964 -0.702249 0.265346 0.824511
34.534535 0.449805 -0.680599 0.274768 0.860835
34.634635 0.552200 -0.649192 0.280250 0.897171
34.734735 0.647673 -0.609647 0.282220 0.933165
34.834835 0.736019 -0.563401 0.281086 0.968583
34.934935 0.817201 -0.511683 0.277220 1.003239
35.035035 0.891336 -0.455566 0.270967 1.037036
35.135135 0.958574 -0.395941 0.262623 1.069862
35.235235 1.019057 -0.333543 0.252434 1.101567
35.335335 1.072994 -0.269019 0.240628 1.132073
35.435435 1.120645 -0.202937 0.227418 1.161355
35.535536 1.162240 -0.135777 0.212985 1.189370
35.635636 1.197943 -0.067949 0.197478 1.216011
35.735736 1.227929 0.000185 0.181034 1.241202
35.835836 1.252422 0.068300 0.163787 1.264932
35.935936 1.271694 0.136112 0.145862 1.287248
36.036036 1.286036 0.203377 0.127377 1.308233
36.136136 1.295659 0.269876 0.108431 1.327901
36.236236 1.300723 0.335407 0.089109 1.346223
36.336336 1.301382 0.399781 0.069492 1.363176
36.436436 1.297823 0.462840 0.049655 1.378779
36.536537 1.290241 0.524444 0.029671 1.393070
36.636637 1.278776 0.584448 0.009604 1.406037
36.736737 1.263537 0.642707 -0.010485 1.417642
36.836837 1.244678 0.699103 -0.030537 1.427900
36.936937 1.222400 0.753557 -0.050499 1.436893
37.037037 1.196890 0.805997 -0.070321 1.444688
37.137137 1.168306 0.856344 -0.089955 1.451329
37.237237 1.136749 0.904487 -0.109353 1.456795
37.337337 1.102253 0.950267 -0.128460 1.460983
37.437437 1.064910 0.993566 -0.147227 1.463858
37.537538 1.024831 1.034287 -0.165609 1.465420
37.637638 0.982127 1.072329 -0.183557 1.465659
37.737738 0.936889 1.107577 -0.201023 1.464547
37.837838 0.889177 1.139867 -0.217948 1.461997
37.937938 0.839113 1.169113 -0.234288 1.458021
38.038038 0.786888 1.195314 -0.250014 1.452748
38.138138 0.732664 1.218444 -0.265094 1.446263
38.238238 0.676531 1.238356 -0.279471 1.438514
38.338338 0.618572 1.254884 -0.293080 1.429427
38.438438 0.558924 1.267942 -0.305875 1.419025
38.538539 0.497746 1.277477 -0.317818 1.407376
38.638639 0.435192 1.283421 -0.328864 1.394529
38.738739 0.371419 1.285709 -0.338969 1.380544
38.838839 0.306606 1.284318 -0.348102 1.365523
38.938939 0.240917 1.279168 -0.356212 1.349518
39.039039 0.174521 1.270138 -0.363239 1.332535
39.139139 0.107594 1.257078 -0.369109 1.314558
39.239239 0.040328 1.239775 -0.373730 1.295509
39.339339 -0.027057 1.218084 -0.377025 1.275385
39.439439 -0.094319 1.191903 -0.378927 1.254239
39.539540 -0.161191 1.161119 -0.379362 1.232110
39.639640 -0.227376 1.125571 -0.378236 1.208997
39.739740 -0.292535 1.085078 -0.375444 1.184875
39.839840 -0.356286 1.039470 -0.370879 1.159736
39.939940 -0.418178 0.988527 -0.364405 1.133512
40.040040 -0.477698 0.932054 -0.355889 1.106154
40.140140 -0.534284 0.869926 -0.345207 1.077682
40.240240 -0.587317 0.802074 -0.332249 1.048166
40.340340 -0.636037 0.728395 -0.316870 1.017600
40.440440 -0.679585 0.648848 -0.298931 0.986001
40.540541 -0.717083 0.563577 -0.278347 0.953575
40.640641 -0.747537 0.472823 -0.255045 0.920555
40.740741 -0.769887 0.376995 -0.228994 0.887293
40.840841 -0.782928 0.276665 -0.200192 0.854164
40.940941 -0.785226 0.172601 -0.168661 0.821473
41.041041 -0.775211 0.065897 -0.134507 0.789548
41.141141 -0.751430 -0.041912 -0.097983 0.758950
41.241241 -0.712586 -0.148803 -0.059519 0.730386
41.341341 -0.657596 -0.252242 -0.019732 0.704591
41.441441 -0.586088 -0.349262 0.020526 0.682572
41.541542 -0.498392 -0.436535 0.060186 0.665267
41.641642 -0.395775 -0.510644 0.098016 0.653454
41.741742 -0.280737 -0.568639 0.132742 0.647908
41.841842 -0.156709 -0.608333 0.163190 0.649044
41.941942 -0.027678 -0.628515 0.188399 0.656728
42.042042 0.102212 -0.629251 0.207780 0.670505
42.142142 0.229180 -0.611860 0.221179 0.689794
42.242242 0.350170 -0.578447 0.228790 0.713838
42.342342 0.462945 -0.531422 0.231020 0.741686
42.442442 0.566164 -0.473388 0.228470 0.772552
42.542543 0.659188 -0.406813 0.221800 0.805742
42.642643 0.741700 -0.333747 0.211593 0.840403
42.742743 0.813926 -0.256042 0.198447 0.876022
42.842843 0.876519 -0.175304 0.182953 0.912408
42.942943 0.930100 -0.092771 0.165579 0.949268
43.043043 0.975167 -0.009401 0.146694 0.986184
43.143143 1.012213 0.074034 0.126605 1.022783
43.243243 1.041834 0.156913 0.105592 1.058862
43.343343 1.064562 0.238738 0.083885 1.094224
43.443443 1.080904 0.319115 0.061680 1.128713
43.543544 1.091311 0.397721 0.039142 1.162185
43.643644 1.096199 0.474299 0.016411 1.194522
43.743744 1.096053 0.548679 -0.006389 1.225733
43.843844 1.091379 0.620776 -0.029158 1.255914
43.943944 1.082654 0.690548 -0.051812 1.285177
44.044044 1.070236 0.757943 -0.074283 1.313545
44.144144 1.054350 0.822859 -0.096506 1.340919
44.244244 1.035228 0.885227 -0.118426 1.367241
44.344344 1.013190 0.945078 -0.140005 1.392598
44.444444 0.988469 1.002399 -0.161206 1.416990
44.544545 0.961224 1.057137 -0.181987 1.440351
44.644645 0.931630 1.109262 -0.202315 1.462644
44.744745 0.899851 1.158759 -0.222160 1.483849
44.844845 0.866038 1.205606 -0.241493 1.503937
44.944945 0.830361 1.249827 -0.260297 1.522932
45.045045 0.792975 1.291444 -0.278556 1.540854
45.145145 0.753997 1.330434 -0.296245 1.557668
45.245245 0.713578 1.366845 -0.313356 1.573420
45.345345 0.671849 1.400708 -0.329881 1.588139
45.445445 0.628912 1.432010 -0.345799 1.601799
45.545546 0.584904 1.460833 -0.361116 1.614481
45.645646 0.539962 1.487275 -0.375842 1.626285
45.745746 0.494183 1.511358 -0.389969 1.637222
45.845846 0.447672 1.533149 -0.403502 1.647353
45.945946 0.400527 1.552704 -0.416443 1.656725
46.046046 0.352816 1.569992 -0.428774 1.665293
46.146146 0.304614 1.585015 -0.440483 1.673047
46.246246 0.255993 1.597765 -0.451558 1.679968
46.346346 0.207026 1.608237 -0.461987 1.686036
46.446446 0.157788 1.616472 -0.471771 1.691286
46.546547 0.108351 1.622485 -0.480903 1.695720
46.646647 0.058782 1.626266 -0.489371 1.699317
46.746747 0.009151 1.627806 -0.497162 1.702059
46.846847 -0.040475 1.627100 -0.504264 1.703929
46.946947 -0.090028 1.624152 -0.510669 1.704921
47.047047 -0.139440 1.618989 -0.516375 1.705055
47.147147 -0.188643 1.611608 -0.521371 1.704316
47.247247 -0.237571 1.602030 -0.525654 1.702719
47.347347 -0.286164 1.590312 -0.529232 1.700314
47.447447 -0.334358 1.576477 -0.532102 1.697118
47.547548 -0.382091 1.560553 -0.534265 1.693150
47.647648 -0.429304 1.542584 -0.535725 1.688452
47.747748 -0.475947 1.522631 -0.536493 1.683079
47.847848 -0.521960 1.500723 -0.536570 1.677057
47.947948 -0.567262 1.476829 -0.535933 1.670340
48.048048 -0.611753 1.450873 -0.534546 1.662833
48.148148 -0.655313 1.422761 -0.532361 1.654416
48.248248 -0.697850 1.392471 -0.529357 1.645050
48.348348 -0.739280 1.360013 -0.525527 1.634733
48.448448 -0.779483 1.325339 -0.520837 1.623388
48.548549 -0.818345 1.288419 -0.515262 1.610965
48.648649 -0.855768 1.249271 -0.508792 1.597462
48.748749 -0.891633 1.207883 -0.501406 1.582845
48.848849 -0.925828 1.164265 -0.493091 1.567102
48.948949 -0.958254 1.118452 -0.483844 1.550256
49.049049 -0.988774 1.070445 -0.473642 1.532274
49.149149 -1.017270 1.020276 -0.462481 1.513173
49.249249 -1.043626 0.967988 -0.450355 1.492975
49.349349 -1.067668 0.913582 -0.437239 1.471640
49.449449 -1.089208 0.857063 -0.423106 1.449120
49.549550 -1.108053 0.798450 -0.407935 1.425383
49.649650 -1.124022 0.737789 -0.391713 1.400428
49.749750 -1.136897 0.675125 -0.374421 1.374235
49.849850 -1.146497 0.610540 -0.356058 1.346845
49.949950 -1.152657 0.544148 -0.336634 1.318347
50.050050 -1.155156 0.476052 -0.316149 1.288783
50.150150 -1.153734 0.406367 -0.294598 1.258183
50.250250 -1.148038 0.335202 -0.271964 1.226506
50.350350 -1.137673 0.262701 -0.248232 1.193705
50.450450 -1.122231 0.189055 -0.223401 1.159763
50.550551 -1.101342 0.114518 -0.197493 1.124754
50.650651 -1.074574 0.039399 -0.170541 1.088736
50.750751 -1.041372 -0.035924 -0.142577 1.051700
50.850851 -1.001218 -0.110974 -0.113671 1.013743
50.950951 -0.953528 -0.185152 -0.083921 0.974956
51.051051 -0.897665 -0.257703 -0.053464 0.935452
51.151151 -0.833017 -0.327686 -0.022498 0.895434
51.251251 -0.759004 -0.393932 0.008705 0.855187
51.351351 -0.675192 -0.455031 0.039777 0.815180
51.451451 -0.581366 -0.509307 0.070236 0.776089
51.551552 -0.477551 -0.554733 0.099458 0.738699
51.651652 -0.364245 -0.589012 0.126666 0.704027
51.751752 -0.242577 -0.609580 0.150908 0.673205
51.851852 -0.114482 -0.613703 0.171061 0.647301
51.951952 0.017025 -0.598908 0.185925 0.627335
52.052052 0.147856 -0.563670 0.194428 0.614319
52.152152 0.273274 -0.508048 0.195890 0.609232
52.252252 0.388497 -0.433573 0.190075 0.612408
52.352352 0.489512 -0.343236 0.177307 0.623595
52.452452 0.573640 -0.241035 0.158415 0.642072
52.552553 0.639575 -0.131154 0.134488 0.666592
52.652653 0.687427 -0.017520 0.106745 0.695886
52.752753 0.718253 0.096581 0.076348 0.728728
52.852853 0.733503 0.208611 0.044288 0.763876
52.952953 0.734688 0.316650 0.011376 0.800102
53.053053 0.723479 0.419361 -0.021732 0.836516
53.153153 0.701626 0.515906 -0.054521 0.872589
53.253253 0.670737 0.605808 -0.086609 0.907960
53.353353 0.632290 0.688878 -0.117719 0.942444
53.453453 0.587553 0.765082 -0.147654 0.975895
53.553554 0.537573 0.834439 -0.176265 1.008138
53.653654 0.483282 0.897084 -0.203457 1.039093
53.753754 0.425488 0.953191 -0.229163 1.068704
53.853854 0.364853 1.002896 -0.253327 1.096856
53.953954 0.301948 1.046303 -0.275897 1.123406
54.054054 0.237268 1.083498 -0.296827 1.148203
54.154154 0.171275 1.114602 -0.316085 1.171145
54.254254 0.104384 1.139741 -0.333648 1.192152
54.354354 0.036984 1.159116 -0.349522 1.211232
54.454454 -0.030574 1.172950 -0.363722 1.228429
54.554555 -0.097974 1.181448 -0.376264 1.243782
54.654655 -0.164931 1.184832 -0.387175 1.257352
54.754755 -0.231181 1.183282 -0.396471 1.269169
54.854855 -0.296467 1.176908 -0.404147 1.279195
54.954955 -0.360552 1.165848 -0.410211 1.287428
55.055055 -0.423214 1.150255 -0.414677 1.293891
55.155155 -0.484219 1.130219 -0.417538 1.298538
55.255255 -0.543348 1.105855 -0.418797 1.301358
55.355355 -0.600404 1.077321 -0.418472 1.302392
55.455455 -0.655200 1.044772 -0.416586 1.301683
55.555556 -0.707601 1.008440 -0.413187 1.299375
55.655656 -0.757449 0.968507 -0.408309 1.295551
55.755756 -0.804502 0.925037 -0.401936 1.290143
55.855856 -0.848574 0.878168 -0.394082 1.283182
55.955956 -0.889544 0.828120 -0.384797 1.274810
56.056056 -0.927253 0.775066 -0.374110 1.265103
56.156156 -0.961503 0.719148 -0.362037 1.254087
56.256256 -0.992013 0.660464 -0.348564 1.241692
56.356356 -1.018505 0.599131 -0.333688 1.227867
56.456456 -1.040807 0.535358 -0.317447 1.212708
56.556557 -1.058724 0.469356 -0.299876 1.196293
56.656657 -1.071954 0.401303 -0.280986 1.178593
56.756757 -1.080221 0.331416 -0.260803 1.159626
56.856857 -1.083308 0.259966 -0.239377 1.139491
56.956957 -1.080923 0.187229 -0.216750 1.118227
57.057057 -1.072688 0.113507 -0.192958 1.095799
57.157157 -1.058237 0.039153 -0.168056 1.072213
57.257257 -1.037185 -0.035415 -0.142115 1.047475
57.357357 -1.009023 -0.109710 -0.115209 1.021487
57.457457 -0.973311 -0.183152 -0.087451 0.994247
57.557558 -0.929649 -0.255063 -0.058989 0.965807
57.657658 -0.877660 -0.324654 -0.030010 0.936263
57.757758 -0.817047 -0.391015 -0.000748 0.905792
57.857858 -0.747593 -0.453100 0.028508 0.874647
57.957958 -0.669138 -0.509675 0.057404 0.843095
58.058058 -0.581650 -0.559307 0.085506 0.811451
58.158158 -0.485298 -0.600333 0.112280 0.780077
58.258258 -0.380489 -0.630786 0.137063 0.749299
58.358358 -0.268117 -0.648559 0.159078 0.719598
58.458458 -0.149724 -0.651554 0.177456 0.691687
58.558559 -0.027569 -0.637762 0.191247 0.666390
58.658659 0.095289 -0.605589 0.199513 0.644688
58.758759 0.215000 -0.554078 0.201393 0.627524
58.858859 0.327161 -0.483336 0.196269 0.615767
58.958959 0.427309 -0.394959 0.183973 0.610272
59.059059 0.511306 -0.291729 0.164747 0.611295
59.159159 0.576032 -0.177518 0.139316 0.618656
59.259259 0.619799 -0.056846 0.108815 0.631841
59.359359 0.642382 0.065795 0.074587 0.650036
59.459459 0.644967 0.186422 0.038027 0.672445
59.559560 0.629432 0.301836 0.000390 0.698062
59.659660 0.598091 0.409703 -0.037266 0.725919
59.759760 0.553525 0.508538 -0.074106 0.755310
59.859860 0.498267 0.597576 -0.109523 0.785724
59.959960 0.434609 0.676552 -0.143098 0.816753
60.060060 0.364563 0.745599 -0.174573 0.848115
60.160160 0.289858 0.805116 -0.203817 0.879642
60.260260 0.211860 0.855461 -0.230738 0.911009
60.360360 0.131706 0.897065 -0.255300 0.941940
60.460460 0.050357 0.930451 -0.277522 0.972262
60.560561 -0.031395 0.956125 -0.297441 1.001814
60.660661 -0.112899 0.974630 -0.315128 1.030512
60.760761 -0.193618 0.986501 -0.330668 1.058307
60.860861 -0.273106 0.992193 -0.344133 1.085109
60.960961 -0.350983 0.992098 -0.355589 1.110807
61.061061 -0.426950 0.986657 -0.365126 1.135383
61.161161 -0.500745 0.976245 -0.372821 1.158790
61.261261 -0.572182 0.961273 -0.378771 1.181061
61.361361 -0.641169 0.942218 -0.383109 1.202350
61.461461 -0.707592 0.919430 -0.385927 1.222693
61.561562 -0.771374 0.893241 -0.387313 1.242139
61.661662 -0.832443 0.863940 -0.387346 1.260710
61.761762 -0.890712 0.831760 -0.386084 1.278379
61.861862 -0.946107 0.796923 -0.383584 1.295122
61.961962 -0.998508 0.759590 -0.379879 1.310841
62.062062 -1.047794 0.719913 -0.374997 1.325432
62.162162 -1.093928 0.678092 -0.368993 1.338896
62.262262 -1.136937 0.634356 -0.361942 1.351308
62.362362 -1.176815 0.588895 -0.353900 1.362695
62.462462 -1.213557 0.541884 -0.344922 1.373073
62.562563 -1.247160 0.493493 -0.335058 1.382464
62.662663 -1.277626 0.443881 -0.324358 1.390887
62.762763 -1.304968 0.393202 -0.312870 1.398370
62.862863 -1.329231 0.341615 -0.300649 1.404972
62.962963 -1.350448 0.289263 -0.287746 1.410738
63.063063 -1.368635 0.236282 -0.274203 1.415689
63.163163 -1.383828 0.182802 -0.260065 1.419870
63.263263 -1.396027 0.128945 -0.245371 1.423280
63.363363 -1.405239 0.074831 -0.230157 1.425927
63.463463 -1.411453 0.020575 -0.214458 1.427801
63.563564 -1.414685 -0.033706 -0.198311 1.428915
63.663664 -1.414943 -0.087898 -0.181753 1.429273
63.763764 -1.412160 -0.141881 -0.164810 1.428807
63.863864 -1.406298 -0.195537 -0.147514 1.427469
63.963964 -1.397387 -0.248751 -0.129903 1.425287
64.064064 -1.385490 -0.301416 -0.112020 1.422316
64.164164 -1.370616 -0.353413 -0.093902 1.418558
64.264264 -1.352780 -0.404628 -0.075587 1.414020
64.364364 -1.332057 -0.454961 -0.057117 1.408768
64.464464 -1.308494 -0.504304 -0.038531 1.402841
64.564565 -1.282105 -0.552538 -0.019867 1.396240
64.664665 -1.252882 -0.599530 -0.001167 1.388938
64.764765 -1.220790 -0.645128 0.017530 1.380879
64.864865 -1.185800 -0.689172 0.036179 1.372002
64.964965 -1.147857 -0.731478 0.054731 1.362215
65.065065 -1.106982 -0.771892 0.073136 1.351509
65.165165 -1.063191 -0.810249 0.091341 1.339858
65.265265 -1.016465 -0.846345 0.109286 1.327194
65.365365 -0.966829 -0.879990 0.126910 1.313486
65.465465 -0.914269 -0.910946 0.144141 1.298648
65.565566 -0.858811 -0.938985 0.160907 1.282630
65.665666 -0.800489 -0.963862 0.177127 1.265380
65.765766 -0.739397 -0.985371 0.192723 1.246919
65.865866 -0.675651 -1.003307 0.207617 1.227288
65.965966 -0.609297 -1.017327 0.221697 1.206378
66.066066 -0.540402 -1.027058 0.234837 1.184074
66.166166 -0.469094 -1.032151 0.246913 1.160323
66.266266 -0.395551 -1.032267 0.257795 1.135118
66.366366 -0.319977 -1.027009 0.267330 1.108421
66.466466 -0.242628 -1.015966 0.275355 1.080220
66.566567 -0.163832 -0.998735 0.281699 1.050555
66.666667 -0.083969 -0.974804 0.286148 1.019399
66.766767 -0.003518 -0.943677 0.288480 0.986793
66.866867 0.076926 -0.904856 0.288455 0.952831
66.966967 0.156624 -0.857736 0.285778 0.917557
67.067067 0.234671 -0.801809 0.280160 0.881168
67.167167 0.309957 -0.736621 0.271300 0.843971
67.267267 0.381047 -0.661615 0.258814 0.806174
67.367367 0.446205 -0.576433 0.242336 0.768180
67.467467 0.503459 -0.481151 0.221600 0.730811
67.567568 0.550415 -0.376149 0.196368 0.694986
67.667668 0.584221 -0.262282 0.166482 0.661682
67.767768 0.601715 -0.141221 0.131988 0.632001
67.867868 0.599810 -0.015727 0.093275 0.607222
67.967968 0.576114 0.110222 0.051208 0.588794
68.068068 0.529131 0.231591 0.007110 0.577637
68.168168 0.459224 0.342855 -0.037274 0.574305
68.268268 0.369038 0.438934 -0.079998 0.579009
68.368368 0.262918 0.516087 -0.119276 0.591353
68.468468 0.146130 0.572372 -0.153737 0.610409
68.568569 0.023881 0.607453 -0.182509 0.634727
68.668669 -0.099211 0.622302 -0.205210 0.662732
68.768769 -0.219465 0.618991 -0.221931 0.693230
68.868869 -0.334250 0.600131 -0.233083 0.725402
68.968969 -0.441807 0.568238 -0.239178 0.758482
69.069069 -0.541056 0.525631 -0.240766 0.791832
69.169169 -0.631393 0.474356 -0.238386 0.824924
69.269269 -0.712570 0.416196 -0.232546 0.857352
69.369369 -0.784647 0.352722 -0.223737 0.888899
69.469469 -0.847729 0.285216 -0.212367 0.919289
69.569570 -0.901915 0.214728 -0.198772 0.948192
69.669670 -0.947393 0.142183 -0.183262 0.975373
69.769770 -0.984322 0.068370 -0.166103 1.000577
69.869870 -1.012980 -0.006003 -0.147553 1.023687
69.969970 -1.033616 -0.080309 -0.127840 1.044584
70.070070 -1.046325 -0.153980 -0.107153 1.063009
70.170170 -1.051234 -0.226483 -0.085673 1.078762
70.270270 -1.048558 -0.297334 -0.063580 1.091753
70.370370 -1.038513 -0.366074 -0.041047 1.101910
70.470470 -1.021261 -0.432252 -0.018236 1.109120
70.570571 -0.997005 -0.495444 0.004693 1.113331
70.670671 -0.965972 -0.555245 0.027584 1.114523
70.770771 -0.928352 -0.611234 0.050279 1.112642
70.870871 -0.884322 -0.662977 0.072618 1.107627
70.970971 -0.834078 -0.710033 0.094439 1.099433
71.071071 -0.777843 -0.751958 0.115571 1.088042
71.171171 -0.715836 -0.788269 0.135836 1.073424
71.271271 -0.648249 -0.818395 0.155030 1.055477
71.371371 -0.575313 -0.841723 0.172930 1.034112
71.471471 -0.497338 -0.857627 0.189300 1.009309
71.571572 -0.414709 -0.865444 0.203880 0.981094
71.671672 -0.327859 -0.864367 0.216359 0.949439
71.771772 -0.237299 -0.853391 0.226353 0.914233
71.871872 -0.143751 -0.831509 0.233447 0.875539
71.971972 -0.048206 -0.797780 0.237209 0.833694
72.072072 0.048057 -0.751154 0.237126 0.789158
72.172172 0.143334 -0.690375 0.232564 0.742461
72.272272 0.235266 -0.614010 0.222735 0.694240
72.372372 0.320671 -0.520954 0.206832 0.645757
72.472472 0.395201 -0.410586 0.184024 0.598856
72.572573 0.453113 -0.283280 0.153578 0.556009
72.672673 0.487347 -0.141531 0.115216 0.520397
72.772773 0.490691 0.008881 0.069646 0.495688
72.872873 0.458208 0.158393 0.019068 0.485187
72.972973 0.390022 0.295498 -0.032976 0.490432
73.073073 0.292345 0.410403 -0.082571 0.510602
73.173173 0.174920 0.497975 -0.126707 0.542799
73.273273 0.047564 0.558018 -0.163877 0.583526
73.373373 -0.082093 0.593351 -0.193819 0.629580
73.473473 -0.208985 0.607733 -0.216937 0.678289
73.573574 -0.330105 0.605032 -0.233972 0.727857
73.673674 -0.443905 0.588787 -0.245780 0.777258
73.773774 -0.549728 0.561904 -0.253154 0.825847
73.873874 -0.647427 0.526693 -0.256779 0.873214
73.973974 -0.737049 0.484907 -0.257199 0.918981
74.074074 -0.818742 0.437907 -0.254853 0.962835
74.174174 -0.892768 0.386815 -0.250124 1.004600
74.274274 -0.959394 0.332528 -0.243324 1.044135
74.374374 -1.018958 0.275806 -0.234738 1.081409
74.474474 -1.071803 0.217280 -0.224608 1.116432
74.574575 -1.118302 0.157480 -0.213152 1.149275
74.674675 -1.158820 0.096855 -0.200561 1.180030
74.774775 -1.193613 0.035767 -0.186984 1.208699
74.874875 -1.222857 -0.025469 -0.172543 1.235233
74.974975 -1.246751 -0.086578 -0.157353 1.259621
75.075075 -1.265641 -0.147324 -0.141535 1.282023
75.175175 -1.279896 -0.207515 -0.125204 1.302641
75.275275 -1.289775 -0.266978 -0.108451 1.321574
75.375375 -1.295422 -0.325548 -0.091347 1.338822
75.475475 -1.296959 -0.383066 -0.073958 1.354367
75.575576 -1.294522 -0.439394 -0.056349 1.368221
75.675676 -1.288280 -0.494412 -0.038579 1.380434
75.775776 -1.278405 -0.548017 -0.020706 1.391068
75.875876 -1.265066 -0.600119 -0.002783 1.400194
75.975976 -1.248460 -0.650654 0.015142 1.407918
76.076076 -1.228680 -0.699513 0.033022 1.414236
76.176176 -1.205702 -0.746531 0.050810 1.419016
76.276276 -1.179574 -0.791578 0.068459 1.422209
76.376376 -1.150359 -0.834532 0.085922 1.423781
76.476476 -1.118083 -0.875244 0.103150 1.423658
76.576577 -1.082820 -0.913595 0.120095 1.421822
76.676677 -1.044710 -0.949521 0.136718 1.418344
76.776777 -1.003894 -0.982965 0.152979 1.413303
76.876877 -0.960454 -1.013814 0.168833 1.406696
76.976977 -0.914480 -1.041961 0.184233 1.398534
77.077077 -0.866032 -1.067262 0.199127 1.388781
77.177177 -0.815139 -1.089520 0.213448 1.377340
77.277277 -0.761883 -1.108588 0.227142 1.364194
77.377377 -0.706372 -1.124342 0.240153 1.349363
77.477477 -0.648734 -1.136674 0.252430 1.332893
77.577578 -0.589101 -1.145472 0.263919 1.314838
77.677678 -0.527586 -1.150566 0.274551 1.295194
77.777778 -0.464280 -1.151705 0.284236 1.273880
77.877878 -0.399304 -1.148643 0.292881 1.250842
77.977978 -0.332835 -1.141221 0.300411 1.226136
78.078078 -0.265068 -1.129272 0.306745 1.199837
78.178178 -0.196207 -1.112561 0.311783 1.171964
78.278278 -0.126473 -1.090752 0.315388 1.142456
78.378378 -0.056131 -1.063477 0.317409 1.111253
78.478478 0.014492 -1.030375 0.317687 1.078336
78.578579 0.084995 -0.990993 0.316024 1.043630
78.678679 0.154888 -0.944858 0.312203 1.007083
78.778779 0.223581 -0.891601 0.306024 0.968809
78.878879 0.290344 -0.830807 0.297251 0.928923
78.978979 0.354252 -0.761975 0.285597 0.887505
79.079079 0.414116 -0.684567 0.270719 0.844638
79.179179 0.468372 -0.598011 0.252213 0.800375
79.279279 0.515076 -0.501928 0.229676 0.754975
79.379379 0.551768 -0.396220 0.202714 0.708894
79.479479 0.575387 -0.281263 0.170992 0.662886
79.579580 0.582281 -0.158295 0.134350 0.618190
79.679680 0.568324 -0.029845 0.092955 0.576649
79.779780 0.529259 0.099688 0.047524 0.540659
79.879880 0.461844 0.223633 -0.000376 0.513139
79.979980 0.365846 0.333512 -0.048183 0.497388
80.080080 0.245344 0.420919 -0.092723 0.495947
80.180180 0.108317 0.480029 -0.131033 0.509244
80.280280 -0.035589 0.509311 -0.161224 0.535404
80.380380 -0.177818 0.511524 -0.182877 0.571595
80.480480 -0.312544 0.491615 -0.196649 0.614849
80.580581 -0.436524 0.454573 -0.203589 0.662297
80.680681 -0.548388 0.404784 -0.204838 0.711715
80.780781 -0.648143 0.345974 -0.201540 0.761844
80.880881 -0.736515 0.281045 -0.194688 0.812000
80.980981 -0.814293 0.212059 -0.185032 0.861556
81.081081 -0.882242 0.140508 -0.173140 0.909984
81.181181 -0.941155 0.067519 -0.159476 0.956956
81.281281 -0.991727 -0.006060 -0.144401 1.002203
81.381381 -1.034606 -0.079583 -0.128208 1.045553
81.481481 -1.070480 -0.152557 -0.111151 1.086994
81.581582 -1.099981 -0.224609 -0.093436 1.126561
81.681682 -1.123594 -0.295444 -0.075225 1.164221
81.781782 -1.141685 -0.364811 -0.056650 1.199892
81.881882 -1.154658 -0.432527 -0.037825 1.233590
81.981982 -1.162889 -0.498450 -0.018850 1.265353
82.082082 -1.166680 -0.562452 0.000191 1.295181
82.182182 -1.166275 -0.624412 0.019226 1.323049
82.282282 -1.161899 -0.684229 0.038190 1.348940
82.382382 -1.153851 -0.741865 0.057028 1.372949
82.482482 -1.142411 -0.797301 0.075692 1.395178
82.582583 -1.127785 -0.850493 0.094139 1.415662
82.682683 -1.110178 -0.901418 0.112331 1.434458
82.782783 -1.089811 -0.950081 0.130238 1.451655
82.882883 -1.066858 -0.996468 0.147829 1.467307
82.982983 -1.041468 -1.040556 0.165075 1.481439
83.083083 -1.013791 -1.082338 0.181952 1.494099
83.183183 -0.983981 -1.121818 0.198440 1.505348
83.283283 -0.952188 -1.159013 0.214519 1.515253
83.383383 -0.918486 -1.193858 0.230161 1.523775
83.483483 -0.882930 -1.226266 0.245329 1.530842
83.583584 -0.845608 -1.256193 0.259998 1.536449
83.683684 -0.806604 -1.283592 0.274141 1.540576
83.783784 -0.766007 -1.308425 0.287733 1.543222
83.883884 -0.723903 -1.330651 0.300750 1.544383
83.983984 -0.680393 -1.350259 0.313171 1.544089
84.084084 -0.635578 -1.367241 0.324981 1.542375
84.184184 -0.589545 -1.381563 0.336156 1.539247
84.284284 -0.542404 -1.393247 0.346686 1.534774
84.384384 -0.494242 -1.402262 0.356550 1.528968
84.484484 -0.445112 -1.408478 0.365699 1.521733
84.584585 -0.395090 -1.411815 0.374098 1.513032
84.684685 -0.344280 -1.412272 0.381731 1.502917
84.784785 -0.292790 -1.409869 0.388589 1.491462
84.884885 -0.240717 -1.404574 0.394647 1.478688
84.984985 -0.188153 -1.396305 0.399867 1.464569
85.085085 -0.135202 -1.385037 0.404225 1.449139
85.185185 -0.081976 -1.370767 0.407704 1.432461
85.285285 -0.028589 -1.353499 0.410289 1.414607
85.385385 0.024845 -1.333140 0.411935 1.395553
85.485485 0.078199 -1.309562 0.412583 1.375243
85.585586 0.131339 -1.282714 0.412198 1.353704
85.685686 0.184113 -1.252484 0.410723 1.330905
85.785786 0.236348 -1.218731 0.408089 1.306791
85.885886 0.287863 -1.181372 0.404246 1.281375
85.985986 0.338466 -1.140355 0.399147 1.254705
86.086086 0.387915 -1.095530 0.392712 1.226738
86.186186 0.435912 -1.046677 0.384829 1.197350
86.286286 0.482104 -0.993552 0.375372 1.166394
86.386386 0.526050 -0.935863 0.364186 1.133667
86.486486 0.567261 -0.873361 0.351123 1.099014
86.586587 0.605227 -0.805913 0.336066 1.062419
86.686687 0.639298 -0.733332 0.318863 1.023792
86.786787 0.668662 -0.655404 0.299328 0.982985
86.886887 0.692455 -0.572064 0.277314 0.940029
86.986987 0.709626 -0.483311 0.252666 0.894986
87.087087 0.718810 -0.389178 0.225193 0.847856
87.187187 0.718233 -0.289835 0.194684 0.798601
87.287287 0.705789 -0.185783 0.160983 0.747375
87.387387 0.679041 -0.078068 0.124051 0.694680
87.487487 0.635078 0.031495 0.084014 0.641385
87.587588 0.570651 0.139862 0.041325 0.588992
87.687688 0.482628 0.242197 -0.002996 0.539998
87.787788 0.368889 0.331248 -0.047041 0.498014
87.887888 0.230029 0.397166 -0.087707 0.467275
87.987988 0.072108 0.429398 -0.120868 0.451875
88.088088 -0.092426 0.421186 -0.142618 0.454181
88.188188 -0.248476 0.373637 -0.151070 0.473463
88.288288 -0.384333 0.295108 -0.147056 0.506386
88.388388 -0.494440 0.196392 -0.133063 0.548403
88.488488 -0.578317 0.086968 -0.111922 0.595433
88.588589 -0.638256 -0.026236 -0.086093 0.644571
88.688689 -0.677448 -0.138703 -0.057431 0.693882
88.788789 -0.699135 -0.247658 -0.027262 0.742205
88.888889 -0.706246 -0.351497 0.003490 0.788889
88.988989 -0.701199 -0.449307 0.034188 0.833502
89.089089 -0.686014 -0.540635 0.064397 0.875813
89.189189 -0.662408 -0.625329 0.093816 0.915763
89.289289 -0.631753 -0.703364 0.122234 0.953296
89.389389 -0.595217 -0.774840 0.149512 0.988440
89.489489 -0.553798 -0.839944 0.175558 1.021283
89.589590 -0.508269 -0.898788 0.200294 1.051796
89.689690 -0.459262 -0.951453 0.223649 1.079909
89.789790 -0.407327 -0.998012 0.245567 1.105553
89.889890 -0.352925 -1.038482 0.265984 1.128605
89.989990 -0.296497 -1.072936 0.284858 1.149020
90.090090 -0.238477 -1.101576 0.302185 1.166900
90.190190 -0.179265 -1.124624 0.317976 1.182380
90.290290 -0.119215 -1.142316 0.332250 1.195612
90.390390 -0.058649 -1.154893 0.345034 1.206759
90.490490 0.002151 -1.162516 0.356335 1.215904
90.590591 0.062923 -1.165245 0.366133 1.223032
90.690691 0.123408 -1.163040 0.374378 1.228027
90.790791 0.183357 -1.155957 0.381050 1.230876
90.890891 0.242535 -1.144134 0.386157 1.231659
90.990991 0.300710 -1.127671 0.389694 1.230419
91.091091 0.357627 -1.106572 0.391627 1.227099
91.191191 0.413020 -1.080821 0.391910 1.221619
91.291291 0.466656 -1.050527 0.390542 1.214042
91.391391 0.518302 -1.015802 0.387524 1.204436
91.491491 0.567684 -0.976689 0.382829 1.192788
91.591592 0.614524 -0.933241 0.376431 1.179101
91.691692 0.658529 -0.885529 0.368309 1.163388
91.791792 0.699421 -0.833666 0.358456 1.145722
91.891892 0.736937 -0.777812 0.346884 1.126231
91.991992 0.770741 -0.718075 0.333575 1.104964
92.092092 0.800444 -0.654550 0.318501 1.081937
92.192192 0.825649 -0.587378 0.301647 1.057213
92.292292 0.845855 -0.516684 0.282977 1.030781
92.392392 0.860422 -0.442580 0.262431 1.002533
92.492492 0.868743 -0.365295 0.239990 0.972497
92.592593 0.870220 -0.285166 0.215669 0.940805
92.692693 0.864057 -0.202571 0.189465 0.907484
92.792793 0.849386 -0.118020 0.161408 0.872604
92.892893 0.825179 -0.032191 0.131553 0.836220
92.992993 0.790186 0.054005 0.099995 0.798317
93.093093 0.743073 0.139311 0.066922 0.758975
93.193193 0.682475 0.222014 0.032658 0.718421
93.293293 0.607048 0.299795 -0.002286 0.677045
93.393393 0.515776 0.369628 -0.037133 0.635632
93.493493 0.408374 0.427736 -0.070767 0.595597
93.593594 0.285523 0.469397 -0.101644 0.558738
93.693694 0.149413 0.488773 -0.127650 0.526799
93.793794 0.004970 0.480008 -0.146268 0.501824
93.893894 -0.139563 0.439192 -0.155084 0.486229
93.993994 -0.273655 0.366051 -0.152460 0.481793
94.094094 -0.386757 0.264917 -0.138168 0.488725
94.194194 -0.471428 0.144168 -0.113676 0.505916
94.294294 -0.525000 0.013726 -0.081629 0.531485
94.394394 -0.548846 -0.117680 -0.044903 0.563114
94.494494 -0.546740 -0.243680 -0.006005 0.598615
94.594595 -0.523176 -0.360239 0.033166 0.636070
94.694695 -0.482472 -0.465089 0.071279 0.673920
94.794795 -0.428522 -0.557252 0.107460 0.711132
94.894895 -0.364641 -0.636557 0.141168 0.747058
94.994995 -0.293501 -0.703229 0.172077 0.781207
95.095095 -0.217301 -0.757809 0.200030 0.813330
95.195195 -0.137845 -0.801059 0.224993 0.843397
95.295295 -0.056565 -0.833670 0.246967 0.871320
95.395395 0.025391 -0.856166 0.265943 0.896878
95.495495 0.107049 -0.869018 0.281922 0.919854
95.595596 0.187549 -0.872615 0.294895 0.939997
95.695696 0.266125 -0.867339 0.304868 0.957102
95.795796 0.342105 -0.853658 0.311883 0.971102
95.895896 0.414907 -0.832095 0.316016 0.982037
95.995996 0.483990 -0.803116 0.317330 0.989919
96.096096 0.548808 -0.767101 0.315859 0.994687
96.196196 0.608833 -0.724423 0.311641 0.996286
96.296296 0.663554 -0.675469 0.304720 0.994694
96.396396 0.712491 -0.620658 0.295151 0.989936
96.496496 0.755092 -0.560363 0.282968 0.981958
96.596597 0.790718 -0.494924 0.268182 0.970621
96.696697 0.818772 -0.424777 0.250837 0.955898
96.796797 0.838624 -0.350408 0.230989 0.937780
96.896897 0.849564 -0.272348 0.208697 0.916236
96.996997 0.850828 -0.191222 0.184039 0.891260
97.097097 0.841557 -0.107768 0.157114 0.862854
97.197197 0.820778 -0.022884 0.128054 0.831022
97.297297 0.787355 0.062301 0.097037 0.795755
97.397397 0.740169 0.146340 0.064342 0.757235
97.497497 0.678085 0.227358 0.030374 0.715830
97.597598 0.599911 0.302883 -0.004284 0.672049
97.697698 0.504583 0.369606 -0.038777 0.626670
97.797798 0.391385 0.423014 -0.071827 0.580760
97.897898 0.260709 0.457165 -0.101557 0.535987
97.997998 0.115324 0.464832 -0.125346 0.495055
98.098098 -0.038063 0.438408 -0.139875 0.461753
98.198198 -0.187480 0.372171 -0.141626 0.440134
98.298298 -0.316800 0.266753 -0.128413 0.433601
98.398398 -0.411033 0.131817 -0.100987 0.443308
98.498498 -0.462641 -0.017095 -0.062994 0.467223
98.598599 -0.472824 -0.164832 -0.019251 0.501101
98.698699 -0.448109 -0.300755 0.026020 0.540307
98.798799 -0.396736 -0.419084 0.069834 0.581298
98.898899 -0.326405 -0.517650 0.110392 0.621843
98.998999 -0.243385 -0.596301 0.146722 0.660559
99.099099 -0.152451 -0.655744 0.178337 0.696453
99.199199 -0.057293 -0.697231 0.205076 0.729020
99.299299 0.039252 -0.722051 0.226915 0.757884
99.399399 0.134973 -0.731469 0.243916 0.782789
99.499499 0.228098 -0.726808 0.256222 0.803696
99.599600 0.317170 -0.709254 0.263983 0.820564
99.699700 0.400957 -0.679907 0.267352 0.833377
99.799800 0.478405 -0.639837 0.266502 0.842192
99.899900 0.548508 -0.589982 0.261573 0.846972
100.000000 0.610256 -0.531173 0.252669 0.847584
