0.000000 0.819358 0.070455 -0.553683 0.991401
0.100100 0.752572 0.135037 -0.608453 0.977146
0.200200 0.678181 0.198227 -0.657035 0.964841
0.300300 0.596666 0.259303 -0.698671 0.954667
0.400400 0.508685 0.317538 -0.732689 0.946796
0.500501 0.415066 0.372214 -0.758532 0.941379
0.600601 0.316787 0.422669 -0.775799 0.938546
0.700701 0.214944 0.468312 -0.784258 0.938391
0.800801 0.110673 0.508587 -0.783745 0.940832
0.900901 0.005167 0.543036 -0.774275 0.945736
1.001001 -0.100372 0.571395 -0.756134 0.953051
1.101101 -0.204797 0.593549 -0.729794 0.962726
1.201201 -0.307037 0.609439 -0.695767 0.974566
1.301301 -0.406104 0.619077 -0.654615 0.988280
1.401401 -0.501107 0.622555 -0.606962 1.003537
1.501502 -0.591307 0.620092 -0.553528 1.020074
1.601602 -0.676104 0.611985 -0.495068 1.037658
1.701702 -0.754959 0.598521 -0.432288 1.055965
1.801802 -0.827450 0.580031 -0.365889 1.074702
1.901902 -0.893299 0.556901 -0.296578 1.093655
2.002002 -0.952292 0.529513 -0.225013 1.112599
2.102102 -1.004372 0.498295 -0.151835 1.131421
2.202202 -1.049548 0.463667 -0.077635 1.150028
2.302302 -1.087911 0.426042 -0.002948 1.168363
2.402402 -1.119673 0.385846 0.071737 1.186461
2.502503 -1.145023 0.343453 0.145992 1.204305
2.602603 -1.164225 0.299229 0.219445 1.221931
2.702703 -1.177561 0.253511 0.291773 1.239374
2.802803 -1.185245 0.206590 0.362680 1.256591
2.902903 -1.187461 0.158730 0.431895 1.273496
3.003003 -1.184413 0.110181 0.499174 1.290019
3.103103 -1.176287 0.061174 0.564293 1.306070
3.203203 -1.163297 0.011929 0.627057 1.321591
3.303303 -1.145759 -0.037349 0.687350 1.336641
3.403403 -1.123989 -0.086473 0.745082 1.351287
3.503504 -1.098259 -0.135278 0.800168 1.365555
3.603604 -1.068822 -0.183610 0.852530 1.379457
3.703704 -1.035915 -0.231329 0.902100 1.392988
3.803804 -0.999778 -0.278310 0.948834 1.406165
3.903904 -0.960654 -0.324441 0.992706 1.419008
4.004004 -0.918769 -0.369620 1.033698 1.431533
4.104104 -0.874336 -0.413755 1.071796 1.443746
4.204204 -0.827539 -0.456749 1.106965 1.455614
4.304304 -0.778529 -0.498498 1.139140 1.467055
4.404404 -0.727496 -0.538929 1.168322 1.478064
4.504505 -0.674627 -0.577973 1.194518 1.488640
4.604605 -0.620070 -0.615542 1.217684 1.498710
4.704705 -0.563980 -0.651558 1.237795 1.508223
4.804805 -0.506514 -0.685950 1.254839 1.517137
4.904905 -0.447845 -0.718677 1.268850 1.525465
5.005005 -0.388146 -0.749707 1.279881 1.533236
5.105105 -0.327580 -0.779014 1.287983 1.540478
5.205205 -0.266304 -0.806575 1.293212 1.547216
5.305305 -0.204466 -0.832360 1.295608 1.553458
5.405405 -0.142206 -0.856330 1.295191 1.559180
5.505506 -0.079662 -0.878449 1.291988 1.564370
5.605606 -0.016970 -0.898707 1.286060 1.569048
5.705706 0.045735 -0.917090 1.277461 1.573230
5.805806 0.108323 -0.933564 1.266213 1.576887
5.905906 0.170660 -0.948059 1.252295 1.579932
6.006006 0.232611 -0.960526 1.235709 1.582306
6.106106 0.294038 -0.970919 1.216467 1.583962
6.206206 0.354807 -0.979202 1.194591 1.584857
6.306306 0.414792 -0.985380 1.170159 1.585023
6.406406 0.473888 -0.989490 1.143282 1.584536
6.506507 0.532005 -0.991596 1.114101 1.583513
6.606607 0.589049 -0.991741 1.082726 1.582032
6.706707 0.644903 -0.989915 1.049211 1.580087
6.806807 0.699450 -0.986114 1.013614 1.577677
6.906907 0.752583 -0.980346 0.976007 1.574817
7.007007 0.804175 -0.972598 0.936439 1.571484
7.107107 0.854090 -0.962848 0.894956 1.567639
7.207207 0.902221 -0.951109 0.851634 1.563295
7.307307 0.948454 -0.937391 0.806552 1.558458
7.407407 0.992684 -0.921714 0.759797 1.553148
7.507508 1.034829 -0.904121 0.711473 1.547418
7.607608 1.074760 -0.884613 0.661655 1.541245
7.707708 1.112353 -0.863199 0.610424 1.534620
7.807808 1.147527 -0.839926 0.557890 1.527591
7.907908 1.180158 -0.814808 0.504145 1.520147
8.008008 1.210089 -0.787844 0.449270 1.512236
8.108108 1.237196 -0.759057 0.393370 1.503849
8.208208 1.261354 -0.728477 0.336555 1.494978
8.308308 1.282415 -0.696124 0.278937 1.485591
8.408408 1.300287 -0.662055 0.220646 1.475720
8.508509 1.314903 -0.626343 0.161824 1.465422
8.608609 1.326132 -0.589033 0.102607 1.454687
8.708709 1.333809 -0.550161 0.043136 1.443462
8.808809 1.337751 -0.509763 -0.016433 1.431680
8.908909 1.337830 -0.467908 -0.075935 1.419328
9.009009 1.333945 -0.424681 -0.135190 1.406428
9.109109 1.326013 -0.380180 -0.194015 1.393015
9.209209 1.313938 -0.334507 -0.252212 1.379108
9.309309 1.297656 -0.287776 -0.309582 1.364759
9.409409 1.277194 -0.240134 -0.365933 1.350109
9.509510 1.252512 -0.191713 -0.421053 1.335225
9.609610 1.223518 -0.142649 -0.474701 1.320109
9.709710 1.190119 -0.093087 -0.526617 1.304751
9.809810 1.152171 -0.043187 -0.576495 1.289073
9.909910 1.109543 0.006872 -0.624006 1.272995
10.010010 1.062226 0.056883 -0.668856 1.256554
10.110110 1.010275 0.106628 -0.710762 1.239842
10.210210 0.953674 0.155862 -0.749366 1.222840
10.310310 0.892358 0.204302 -0.784234 1.205431
10.410410 0.826398 0.251658 -0.814990 1.187634
10.510511 0.755981 0.297633 -0.841317 1.169576
10.610611 0.681275 0.341891 -0.862830 1.151304
10.710711 0.602484 0.384069 -0.879128 1.132855
10.810811 0.519896 0.423793 -0.889837 1.114317
10.910911 0.433878 0.460683 -0.894622 1.095823
11.011011 0.344878 0.494360 -0.893191 1.077554
11.111111 0.253419 0.524456 -0.885313 1.059743
11.211211 0.160087 0.550595 -0.870777 1.042610
11.311311 0.065518 0.572345 -0.849320 1.026263
11.411411 -0.029566 0.589294 -0.820758 1.010833
11.511512 -0.124359 0.601102 -0.785056 0.996545
11.611612 -0.217994 0.607478 -0.742276 0.983628
11.711712 -0.309547 0.608141 -0.692534 0.972244
11.811812 -0.398041 0.602861 -0.636042 0.962511
11.911912 -0.482546 0.591579 -0.573234 0.954680
12.012012 -0.562195 0.574380 -0.504708 0.949055
12.112112 -0.636163 0.551406 -0.431123 0.945843
12.212212 -0.703718 0.522899 -0.353228 0.945205
12.312312 -0.764169 0.489137 -0.271802 0.947147
12.412412 -0.817020 0.450528 -0.187697 0.951697
12.512513 -0.862072 0.407633 -0.101821 0.959010
12.612613 -0.899239 0.361024 -0.015036 0.969121
12.712713 -0.928374 0.311209 0.071859 0.981780
12.812813 -0.949406 0.258692 0.158106 0.996640
12.912913 -0.962516 0.204030 0.243014 1.013470
13.013013 -0.967927 0.147750 0.325959 1.031970
13.113113 -0.965892 0.090348 0.406375 1.051784
13.213213 -0.956761 0.032296 0.483786 1.072606
13.313313 -0.941002 -0.025966 0.557826 1.094225
13.413413 -0.919134 -0.084045 0.628225 1.116485
13.513514 -0.891710 -0.141603 0.694807 1.139278
13.613614 -0.859226 -0.198340 0.757423 1.162453
13.713714 -0.822109 -0.253991 0.815929 1.185797
13.813814 -0.780768 -0.308317 0.870217 1.209105
13.913914 -0.735587 -0.361108 0.920196 1.232172
14.014014 -0.686975 -0.412193 0.965854 1.254875
14.114114 -0.635342 -0.461443 1.007233 1.277148
14.214214 -0.581062 -0.508746 1.044380 1.298917
14.314314 -0.524469 -0.553994 1.077327 1.320079
14.414414 -0.465877 -0.597100 1.106125 1.340553
14.514515 -0.405615 -0.638032 1.130910 1.360355
14.614615 -0.343992 -0.676781 1.151840 1.379528
14.714715 -0.281259 -0.713294 1.168981 1.398003
14.814815 -0.217649 -0.747521 1.182387 1.415697
14.914915 -0.153384 -0.779416 1.192119 1.432538
15.015015 -0.088678 -0.808962 1.198269 1.448493
15.115115 -0.023738 -0.836166 1.200963 1.463574
15.215215 0.041247 -0.861045 1.200329 1.477799
15.315315 0.106101 -0.883625 1.196503 1.491197
15.415415 0.170658 -0.903904 1.189571 1.503744
15.515516 0.234767 -0.921917 1.179668 1.515475
15.615616 0.298298 -0.937735 1.166967 1.526480
15.715716 0.361128 -0.951407 1.151608 1.536812
15.815816 0.423132 -0.962957 1.133690 1.546473
15.915916 0.484203 -0.972427 1.113333 1.555498
16.016016 0.544249 -0.979877 1.090674 1.563949
16.116116 0.603161 -0.985319 1.065792 1.571805
16.216216 0.660817 -0.988742 1.038735 1.579006
16.316316 0.717125 -0.990175 1.009600 1.585562
16.416416 0.772023 -0.989689 0.978516 1.591539
16.516517 0.825458 -0.987350 0.945612 1.597005
16.616617 0.877343 -0.983181 0.910966 1.601948
16.716717 0.927548 -0.977151 0.874608 1.606272
16.816817 0.975959 -0.969252 0.836586 1.609913
16.916917 1.022514 -0.959530 0.797002 1.612900
17.017017 1.067182 -0.948055 0.755972 1.615296
17.117117 1.109915 -0.934878 0.713597 1.617136
17.217217 1.150645 -0.920032 0.669960 1.618422
17.317317 1.189314 -0.903554 0.625145 1.619162
17.417417 1.225862 -0.885482 0.579239 1.619362
17.517518 1.260271 -0.865879 0.532343 1.619079
17.617618 1.292530 -0.844815 0.484561 1.618377
17.717718 1.322574 -0.822317 0.435970 1.617243
17.817818 1.350304 -0.798396 0.386637 1.615625
17.917918 1.375641 -0.773074 0.336639 1.613492
18.018018 1.398520 -0.746385 0.286060 1.610831
18.118118 1.418921 -0.718387 0.234993 1.607681
18.218218 1.436839 -0.689145 0.183533 1.604092
18.318318 1.452206 -0.658693 0.131768 1.600044
18.418418 1.464956 -0.627067 0.079783 1.595517
18.518519 1.474988 -0.594292 0.027670 1.590452
18.618619 1.482221 -0.560401 -0.024477 1.584811
18.718719 1.486654 -0.525465 -0.076560 1.578644
18.818819 1.488252 -0.489540 -0.128479 1.571957
18.918919 1.486938 -0.452670 -0.180128 1.564718
19.019019 1.482672 -0.414914 -0.231400 1.556925
19.119119 1.475469 -0.376349 -0.282197 1.548638
19.219219 1.465318 -0.337045 -0.332411 1.539887
19.319319 1.452133 -0.297056 -0.381918 1.530618
19.419419 1.435830 -0.256443 -0.430586 1.520781
19.519520 1.416405 -0.215285 -0.478299 1.510404
19.619620 1.393878 -0.173670 -0.524946 1.499542
19.719720 1.368232 -0.131679 -0.570398 1.488204
19.819820 1.339464 -0.089401 -0.614530 1.476416
19.919920 1.307607 -0.046932 -0.657224 1.464234
20.020020 1.272684 -0.004367 -0.698357 1.451704
20.120120 1.234744 0.038195 -0.737814 1.438896
20.220220 1.193832 0.080648 -0.775473 1.425867
20.320320 1.150001 0.122890 -0.811215 1.412683
20.420420 1.103320 0.164810 -0.844922 1.399418
20.520521 1.053805 0.206290 -0.876435 1.386073
20.620621 1.001426 0.247190 -0.905539 1.372573
20.720721 0.946165 0.287360 -0.932010 1.358841
20.820821 0.888058 0.326645 -0.955649 1.344845
20.920921 0.827161 0.364883 -0.976255 1.330567
21.021021 0.763536 0.401894 -0.993608 1.315964
21.121121 0.697233 0.437469 -1.007439 1.300940
21.221221 0.628381 0.471418 -1.017549 1.285498
21.321321 0.557180 0.503576 -1.023815 1.269739
21.421421 0.483810 0.533739 -1.026045 1.253682
21.521522 0.408471 0.561690 -1.024043 1.237339
21.621622 0.331409 0.587227 -1.017658 1.220777
21.721722 0.252907 0.610157 -1.006773 1.204096
21.821822 0.173269 0.630267 -0.991253 1.187367
21.921922 0.092822 0.647329 -0.970954 1.170641
22.022022 0.011938 0.661153 -0.945815 1.154050
22.122122 -0.068977 0.671528 -0.915758 1.137682
22.222222 -0.149488 0.678229 -0.880707 1.121600
22.322322 -0.229112 0.681041 -0.840620 1.105871
22.422422 -0.307356 0.679823 -0.795574 1.090672
22.522523 -0.383702 0.674469 -0.745704 1.076201
22.622623 -0.457562 0.664798 -0.691076 1.062499
22.722723 -0.528321 0.650661 -0.631822 1.049611
22.822823 -0.595328 0.631941 -0.568134 1.037565
22.922923 -0.657968 0.608615 -0.500320 1.026476
23.023023 -0.715704 0.580779 -0.428815 1.016572
23.123123 -0.768034 0.548579 -0.354104 1.008070
23.223223 -0.814449 0.512179 -0.276699 1.001108
23.323323 -0.854480 0.471784 -0.197155 0.995784
23.423423 -0.887694 0.427646 -0.116067 0.992146
23.523524 -0.913666 0.380039 -0.034060 0.990139
23.623624 -0.931936 0.329249 0.048204 0.989562
23.723724 -0.942039 0.275594 0.130017 0.990098
23.823824 -0.943804 0.219516 0.210656 0.991629
23.923924 -0.937243 0.161519 0.289413 0.994119
24.024024 -0.922480 0.102123 0.365615 0.997533
24.124124 -0.899760 0.041863 0.438640 1.001861
24.224224 -0.869369 -0.018737 0.507901 1.007033
24.324324 -0.831623 -0.079160 0.572840 1.012921
24.424424 -0.786863 -0.138897 0.632920 1.019330
24.524525 -0.735603 -0.197469 0.687748 1.026208
24.624625 -0.678418 -0.254431 0.737007 1.033521
24.724725 -0.615848 -0.309349 0.780383 1.041135
24.824825 -0.548465 -0.361827 0.817628 1.048927
24.924925 -0.476868 -0.411496 0.848549 1.056773
25.025025 -0.401649 -0.458007 0.872979 1.064511
25.125125 -0.323408 -0.501033 0.890786 1.071973
25.225225 -0.242788 -0.540329 0.901976 1.079103
25.325325 -0.160432 -0.575699 0.906629 1.085884
25.425425 -0.076951 -0.606929 0.904778 1.092204
25.525526 0.007049 -0.633884 0.896565 1.098038
25.625626 0.090975 -0.656460 0.882176 1.103381
25.725726 0.174255 -0.674546 0.861763 1.108158
25.825826 0.256331 -0.688063 0.835527 1.112314
25.925926 0.336653 -0.696935 0.803665 1.115765
26.026026 0.414683 -0.701113 0.766402 1.118434
26.126126 0.489900 -0.700574 0.723997 1.120258
26.226226 0.561804 -0.695330 0.676742 1.121199
26.326326 0.629955 -0.685470 0.625006 1.121314
26.426426 0.693967 -0.671131 0.569198 1.120711
26.526527 0.753525 -0.652505 0.509768 1.119565
26.626627 0.808308 -0.629767 0.447139 1.117990
26.726727 0.857943 -0.603038 0.381692 1.115979
26.826827 0.902064 -0.572454 0.313820 1.113511
26.926927 0.940366 -0.538195 0.243949 1.110610
27.027027 0.972574 -0.500467 0.172523 1.107308
27.127127 0.998412 -0.459478 0.099992 1.103605
27.227227 1.017724 -0.415502 0.026830 1.099602
27.327327 1.030453 -0.368853 -0.046484 1.095466
27.427427 1.036518 -0.319835 -0.119473 1.091301
27.527528 1.035839 -0.268753 -0.191663 1.087164
27.627628 1.028368 -0.215925 -0.262573 1.083102
27.727728 1.014061 -0.161678 -0.331714 1.079117
27.827828 0.992989 -0.106368 -0.398619 1.075286
27.927928 0.965278 -0.050363 -0.462835 1.071688
28.028028 0.930934 0.005967 -0.523843 1.068216
28.128128 0.890012 0.062238 -0.581125 1.064754
28.228228 0.842713 0.118043 -0.634214 1.061286
28.328328 0.789204 0.172956 -0.682598 1.057685
28.428428 0.729706 0.226534 -0.725771 1.053818
28.528529 0.664520 0.278322 -0.763252 1.049573
28.628629 0.594058 0.327875 -0.794637 1.044918
28.728729 0.518838 0.374773 -0.819617 1.039913
28.828829 0.439375 0.418572 -0.837844 1.034522
28.928929 0.356239 0.458832 -0.849012 1.028714
29.029029 0.270084 0.495157 -0.852917 1.022542
29.129129 0.181607 0.527159 -0.849397 1.016047
29.229229 0.091536 0.554434 -0.838279 1.009201
29.329329 0.000655 0.576615 -0.819477 1.002012
29.429429 -0.090203 0.593421 -0.793052 0.994593
29.529530 -0.180185 0.604643 -0.759180 0.987125
29.629630 -0.268427 0.610122 -0.718112 0.979789
29.729730 -0.354053 0.609718 -0.670135 0.972723
29.829830 -0.436179 0.603333 -0.615600 0.966036
29.929930 -0.513898 0.590895 -0.554905 0.959775
30.030030 -0.586253 0.572327 -0.488472 0.953863
30.130130 -0.652352 0.547678 -0.416865 0.948309
30.230230 -0.711331 0.517081 -0.340749 0.943120
30.330330 -0.762334 0.480710 -0.260847 0.938230
30.430430 -0.804626 0.438869 -0.177996 0.933655
30.530531 -0.837550 0.391940 -0.093104 0.929395
30.630631 -0.860501 0.340365 -0.007133 0.925398
30.730731 -0.872951 0.284658 0.078894 0.921574
30.830831 -0.874518 0.225421 0.163911 0.917858
30.930931 -0.865070 0.163363 0.246837 0.914310
31.031031 -0.844581 0.099241 0.326584 0.910946
31.131131 -0.813116 0.033848 0.402059 0.907720
31.231231 -0.770940 -0.031969 0.472207 0.904627
31.331331 -0.718483 -0.097339 0.536029 0.901676
31.431431 -0.656359 -0.161377 0.592606 0.898906
31.531532 -0.585395 -0.223220 0.641173 0.896447
31.631632 -0.506564 -0.282036 0.681084 0.894442
31.731732 -0.420949 -0.337048 0.711834 0.893032
31.831832 -0.329696 -0.387506 0.732995 0.892268
31.931932 -0.234054 -0.432769 0.744346 0.892257
32.032032 -0.135358 -0.472325 0.745900 0.893185
32.132132 -0.034927 -0.505727 0.737750 0.895128
32.232232 0.065926 -0.532601 0.720094 0.898078
32.332332 0.165909 -0.552655 0.693230 0.901954
32.432432 0.263768 -0.565714 0.657608 0.906672
32.532533 0.358277 -0.571650 0.613718 0.912028
32.632633 0.448327 -0.570502 0.562236 0.917921
32.732733 0.533018 -0.562558 0.504066 0.924479
32.832833 0.611547 -0.548135 0.440103 0.931736
32.932933 0.683217 -0.527582 0.371231 0.939649
33.033033 0.747436 -0.501297 0.298339 0.948138
33.133133 0.803752 -0.469725 0.222313 0.957122
33.233233 0.851883 -0.433386 0.144046 0.966581
33.333333 0.891679 -0.392820 0.064389 0.976496
33.433433 0.923078 -0.348570 -0.015854 0.986826
33.533534 0.945967 -0.301122 -0.095928 0.997362
33.633634 0.960321 -0.250971 -0.175117 1.007904
33.733734 0.966309 -0.198646 -0.252762 1.018382
33.833834 0.964167 -0.144664 -0.328261 1.028737
33.933934 0.954204 -0.089522 -0.401078 1.038933
34.034034 0.936698 -0.033688 -0.470702 1.048856
34.134134 0.911913 0.022393 -0.536646 1.058336
34.234234 0.880217 0.078288 -0.598502 1.067294
34.334334 0.841980 0.133585 -0.655886 1.075621
34.434434 0.797637 0.187896 -0.708491 1.083277
34.534535 0.747674 0.240866 -0.756077 1.090269
34.634635 0.692543 0.292150 -0.798409 1.096551
34.734735 0.632752 0.341448 -0.835340 1.102159
34.834835 0.568822 0.388490 -0.866773 1.107149
34.934935 0.501260 0.433025 -0.892635 1.111562
35.035035 0.430582 0.474839 -0.912907 1.115470
35.135135 0.357278 0.513722 -0.927561 1.118896
35.235235 0.281814 0.549453 -0.936541 1.121796
35.335335 0.204666 0.581848 -0.939852 1.124169
35.435435 0.126320 0.610760 -0.937550 1.126048
35.535536 0.047248 0.636038 -0.929686 1.127428
35.635636 -0.032080 0.657509 -0.916270 1.128228
35.735736 -0.111190 0.675022 -0.897352 1.128388
35.835836 -0.189608 0.688476 -0.873053 1.127906
35.935936 -0.266875 0.697831 -0.843566 1.126852
36.036036 -0.342551 0.703084 -0.809134 1.125329
36.136136 -0.416190 0.704203 -0.769957 1.123365
36.236236 -0.487333 0.701140 -0.726221 1.120931
36.336336 -0.555527 0.693868 -0.678139 1.118005
36.436436 -0.620349 0.682413 -0.625980 1.114617
36.536537 -0.681400 0.666835 -0.570054 1.110826
36.636637 -0.738253 0.647175 -0.510652 1.106625
36.736737 -0.790473 0.623476 -0.448077 1.101972
36.836837 -0.837680 0.595844 -0.382690 1.096900
36.936937 -0.879588 0.564461 -0.314908 1.091539
37.037037 -0.915924 0.529520 -0.245157 1.086007
37.137137 -0.946418 0.491220 -0.173868 1.080386
37.237237 -0.970750 0.449741 -0.101474 1.074672
37.337337 -0.988517 0.405238 -0.028420 1.068733
37.437437 -0.999435 0.357945 0.044808 1.062546
37.537538 -1.003303 0.308143 0.117695 1.056135
37.637638 -0.999949 0.256141 0.189711 1.049522
37.737738 -0.989216 0.202265 0.260302 1.042697
37.837838 -0.970909 0.146860 0.328874 1.035562
37.937938 -0.945033 0.090325 0.394860 1.028183
38.038038 -0.911819 0.033105 0.457757 1.020809
38.138138 -0.871498 -0.024355 0.517060 1.013634
38.238238 -0.824167 -0.081598 0.572174 1.006624
38.338338 -0.769972 -0.138140 0.622494 0.999719
38.438438 -0.709264 -0.193493 0.667518 0.993014
38.538539 -0.642517 -0.247177 0.706828 0.986676
38.638639 -0.570250 -0.298712 0.740029 0.980845
38.738739 -0.493054 -0.347638 0.766795 0.975668
38.838839 -0.411613 -0.393542 0.786918 0.971360
38.938939 -0.326621 -0.436011 0.800197 0.968040
39.039039 -0.238790 -0.474642 0.806450 0.965747
39.139139 -0.148869 -0.509051 0.805550 0.964471
39.239239 -0.057632 -0.538850 0.797373 0.964098
39.339339 0.034100 -0.563765 0.781982 0.964619
39.439439 0.125501 -0.583615 0.759581 0.966085
39.539540 0.215762 -0.598276 0.730439 0.968519
39.639640 0.304089 -0.607647 0.694854 0.971867
39.739740 0.389715 -0.611667 0.653162 0.976030
39.839840 0.471914 -0.610348 0.605782 0.980918
39.939940 0.549974 -0.603706 0.553133 0.986351
40.040040 0.623237 -0.591826 0.495698 0.992169
40.140140 0.691145 -0.574883 0.434035 0.998278
40.240240 0.753236 -0.553121 0.368747 1.004630
40.340340 0.809036 -0.526760 0.300410 1.011070
40.440440 0.858142 -0.496058 0.229610 1.017449
40.540541 0.900338 -0.461377 0.156984 1.023778
40.640641 0.935462 -0.423087 0.083146 1.030052
40.740741 0.963462 -0.381589 0.008695 1.036314
40.840841 0.984309 -0.337273 -0.065799 1.042568
40.940941 0.997916 -0.290492 -0.139788 1.048696
41.041041 1.004206 -0.241596 -0.212729 1.054539
41.141141 1.003238 -0.190968 -0.284114 1.060036
41.241241 0.995138 -0.138997 -0.353457 1.065153
41.341341 0.980024 -0.086062 -0.420287 1.069811
41.441441 0.958155 -0.032547 -0.484202 1.074045
41.541542 0.929781 0.021173 -0.544805 1.077846
41.641642 0.895141 0.074733 -0.601715 1.081168
41.741742 0.854594 0.127785 -0.654631 1.084067
41.841842 0.808501 0.179990 -0.703274 1.086584
41.941942 0.757182 0.231013 -0.747344 1.088676
42.042042 0.701001 0.280531 -0.786586 1.090329
42.142142 0.640395 0.328259 -0.820834 1.091617
42.242242 0.575814 0.373926 -0.849955 1.092614
42.342342 0.507681 0.417259 -0.873793 1.093325
42.442442 0.436467 0.458032 -0.892289 1.093836
42.542543 0.362651 0.496039 -0.905416 1.094234
42.642643 0.286656 0.531019 -0.913036 1.094435
42.742743 0.208958 0.562798 -0.915167 1.094502
42.842843 0.130069 0.591300 -0.911982 1.094653
42.942943 0.050460 0.616409 -0.903578 1.094970
43.043043 -0.029415 0.637943 -0.889950 1.095376
43.143143 -0.109092 0.655725 -0.871101 1.095762
43.243243 -0.188104 0.669650 -0.847141 1.096113
43.343343 -0.265978 0.679611 -0.818181 1.096374
43.443443 -0.342246 0.685526 -0.784361 1.096494
43.543544 -0.416431 0.687318 -0.745838 1.096402
43.643644 -0.488065 0.684937 -0.702799 1.096026
43.743744 -0.556734 0.678426 -0.655534 1.095417
43.843844 -0.622092 0.667905 -0.604406 1.094716
43.943944 -0.683838 0.653529 -0.549802 1.094082
44.044044 -0.741636 0.635404 -0.492057 1.093565
44.144144 -0.795074 0.613567 -0.431452 1.093050
44.244244 -0.843788 0.588102 -0.368310 1.092471
44.344344 -0.887571 0.559218 -0.303040 1.091943
44.444444 -0.926162 0.527082 -0.236025 1.091466
44.544545 -0.959247 0.491829 -0.167630 1.090940
44.644645 -0.986570 0.453638 -0.098253 1.090303
44.744745 -1.007921 0.412718 -0.028303 1.089515
44.844845 -1.023107 0.369289 0.041797 1.088517
44.944945 -1.032042 0.323619 0.111621 1.087336
45.045045 -1.034666 0.275985 0.180740 1.085987
45.145145 -1.030873 0.226655 0.248716 1.084404
45.245245 -1.020719 0.175941 0.315138 1.082651
45.345345 -1.004264 0.124156 0.379591 1.080764
45.445445 -0.981528 0.071611 0.441648 1.078692
45.545546 -0.952729 0.018637 0.500957 1.076568
45.645646 -0.918151 -0.034433 0.557204 1.074553
45.745746 -0.877984 -0.087277 0.610036 1.072668
45.845846 -0.832521 -0.139579 0.659165 1.071014
45.945946 -0.782077 -0.191026 0.704323 1.069676
46.046046 -0.726873 -0.241290 0.745164 1.068567
46.146146 -0.667215 -0.290054 0.781410 1.067665
46.246246 -0.603436 -0.337002 0.812794 1.066930
46.346346 -0.535901 -0.381828 0.839085 1.066324
46.446446 -0.465056 -0.424268 0.860153 1.065900
46.546547 -0.391341 -0.464055 0.875863 1.065660
46.646647 -0.315197 -0.500922 0.886082 1.065558
46.746747 -0.237090 -0.534622 0.890715 1.065554
46.846847 -0.157507 -0.564925 0.889704 1.065609
46.946947 -0.076948 -0.591637 0.883053 1.065710
47.047047 0.004071 -0.614610 0.870835 1.065887
47.147147 0.085039 -0.633688 0.853113 1.066111
47.247247 0.165448 -0.648772 0.830025 1.066405
47.347347 0.244808 -0.659829 0.801799 1.066859
47.447447 0.322636 -0.666821 0.768646 1.067502
47.547548 0.398472 -0.669740 0.730809 1.068370
47.647648 0.471889 -0.668629 0.688587 1.069531
47.747748 0.542506 -0.663580 0.642321 1.071087
47.847848 0.609946 -0.654673 0.592333 1.073075
47.947948 0.673795 -0.641938 0.538896 1.075403
48.048048 0.733605 -0.625380 0.482263 1.077894
48.148148 0.788915 -0.605007 0.422703 1.080323
48.248248 0.839379 -0.580937 0.360573 1.082616
48.348348 0.884733 -0.553348 0.296273 1.084769
48.448448 0.924638 -0.522369 0.230175 1.086648
48.548549 0.958820 -0.488174 0.162675 1.088170
48.648649 0.987112 -0.450995 0.094198 1.089339
48.748749 1.009322 -0.411054 0.025163 1.090106
48.848849 1.025332 -0.368602 -0.044006 1.090463
48.948949 1.035104 -0.323922 -0.112886 1.090463
49.049049 1.038552 -0.277278 -0.181054 1.090071
49.149149 1.035694 -0.228965 -0.248104 1.089331
49.249249 1.026590 -0.179285 -0.313636 1.088300
49.349349 1.011237 -0.128530 -0.377238 1.086935
49.449449 0.989661 -0.077000 -0.438495 1.085189
49.549550 0.961942 -0.025007 -0.497009 1.083040
49.649650 0.928236 0.027126 -0.552407 1.080514
49.749750 0.888707 0.079071 -0.604314 1.077612
49.849850 0.843616 0.130505 -0.652417 1.074415
49.949950 0.793307 0.181114 -0.696459 1.071071
50.050050 0.738092 0.230585 -0.736167 1.067657
50.150150 0.678296 0.278602 -0.771276 1.064224
50.250250 0.614216 0.324836 -0.801479 1.060730
50.350350 0.546177 0.368951 -0.826481 1.057121
50.450450 0.474566 0.410623 -0.846034 1.053374
50.550551 0.399840 0.449570 -0.859991 1.049557
50.650651 0.322475 0.485508 -0.868214 1.045707
50.750751 0.242938 0.518126 -0.870519 1.041767
50.850851 0.161754 0.547169 -0.866832 1.037764
50.950951 0.079466 0.572375 -0.857085 1.033694
51.051051 -0.003362 0.593496 -0.841234 1.029526
51.151151 -0.086139 0.610318 -0.819305 1.025265
51.251251 -0.168258 0.622657 -0.791372 1.020922
51.351351 -0.249109 0.630394 -0.757603 1.016570
51.451451 -0.328097 0.633474 -0.718251 1.012334
51.551552 -0.404624 0.631849 -0.673578 1.008296
51.651652 -0.478117 0.625523 -0.623905 1.004555
51.751752 -0.548001 0.614509 -0.569571 1.001169
51.851852 -0.613659 0.598786 -0.510887 0.998062
51.951952 -0.674456 0.578346 -0.448194 0.995115
52.052052 -0.729818 0.553268 -0.381921 0.992271
52.152152 -0.779302 0.523754 -0.312600 0.989621
52.252252 -0.822456 0.490006 -0.240769 0.987172
52.352352 -0.858877 0.452264 -0.166992 0.984936
52.452452 -0.888240 0.410824 -0.091868 0.982948
52.552553 -0.910194 0.365974 -0.016003 0.981146
52.652653 -0.924507 0.318069 0.059974 0.979530
52.752753 -0.931014 0.267494 0.135421 0.978100
52.852853 -0.929518 0.214637 0.209678 0.976748
52.952953 -0.919763 0.159892 0.282046 0.975233
53.053053 -0.901651 0.103711 0.351828 0.973403
53.153153 -0.875285 0.046597 0.418366 0.971250
53.253253 -0.840873 -0.010929 0.481034 0.968804
53.353353 -0.798750 -0.068338 0.539267 0.966168
53.453453 -0.749298 -0.125101 0.592526 0.963423
53.553554 -0.692902 -0.180683 0.640263 0.960571
53.653654 -0.630055 -0.234564 0.682011 0.957668
53.753754 -0.561312 -0.286225 0.717342 0.954765
53.853854 -0.487235 -0.335137 0.745816 0.951818
53.953954 -0.408427 -0.380761 0.766998 0.948724
54.054054 -0.325547 -0.422550 0.780480 0.945346
54.154154 -0.239354 -0.459987 0.785945 0.941588
54.254254 -0.150675 -0.492580 0.783153 0.937372
54.354354 -0.060419 -0.519921 0.772027 0.932735
54.454454 0.030457 -0.541665 0.752605 0.927762
54.554555 0.120974 -0.557508 0.725001 0.922537
54.654655 0.210134 -0.567224 0.689443 0.917186
54.754755 0.296923 -0.570615 0.646215 0.911789
54.854855 0.380290 -0.567487 0.595618 0.906324
54.954955 0.459200 -0.557747 0.538098 0.900830
55.055055 0.532646 -0.541406 0.474224 0.895388
55.155155 0.599591 -0.518488 0.404608 0.889970
55.255255 0.659075 -0.489144 0.329993 0.884611
55.355355 0.710253 -0.453660 0.251253 0.879429
55.455455 0.752387 -0.412419 0.169342 0.874558
55.555556 0.784989 -0.365970 0.085310 0.870299
55.655656 0.807630 -0.314897 0.000224 0.866848
55.755756 0.819794 -0.259759 -0.084837 0.864138
55.855856 0.821282 -0.201253 -0.168771 0.862259
55.955956 0.812243 -0.140183 -0.250521 0.861482
56.056056 0.792895 -0.077350 -0.329068 0.861946
56.156156 0.763550 -0.013557 -0.403444 0.863689
56.256256 0.724550 0.050386 -0.472688 0.866571
56.356356 0.676419 0.113678 -0.535953 0.870466
56.456456 0.620005 0.175563 -0.592633 0.875467
56.556557 0.556229 0.235345 -0.642251 0.881626
56.656657 0.485969 0.292360 -0.684348 0.888804
56.756757 0.410198 0.346040 -0.718656 0.896924
56.856857 0.329972 0.395935 -0.745122 0.906009
56.956957 0.246293 0.441654 -0.763744 0.915982
57.057057 0.160115 0.482842 -0.774545 0.926657
57.157157 0.072372 0.519243 -0.777679 0.937889
57.257257 -0.016041 0.550672 -0.773381 0.949534
57.357357 -0.104280 0.576938 -0.761844 0.961321
57.457457 -0.191552 0.597963 -0.743398 0.973084
57.557558 -0.277126 0.613751 -0.718451 0.984713
57.657658 -0.360342 0.624356 -0.687448 0.996118
57.757758 -0.440621 0.629907 -0.650891 1.007268
57.857858 -0.517467 0.630576 -0.609299 1.018156
57.957958 -0.590431 0.626539 -0.563172 1.028748
58.058058 -0.659117 0.617984 -0.512993 1.038991
58.158158 -0.723166 0.605101 -0.459235 1.048814
58.258258 -0.782201 0.588043 -0.402320 1.058062
58.358358 -0.835912 0.566999 -0.342692 1.066618
58.458458 -0.884076 0.542208 -0.280812 1.074447
58.558559 -0.926501 0.513913 -0.217131 1.081506
58.658659 -0.963055 0.482376 -0.152094 1.087793
58.758759 -0.993609 0.447849 -0.086132 1.093273
58.858859 -1.018064 0.410587 -0.019661 1.097917
58.958959 -1.036431 0.370883 0.046909 1.101791
59.059059 -1.048638 0.328989 0.113179 1.104846
59.159159 -1.054626 0.285158 0.178759 1.107026
59.259259 -1.054384 0.239657 0.243262 1.108304
59.359359 -1.047915 0.192754 0.306309 1.108650
59.459459 -1.035326 0.144740 0.367547 1.108125
59.559560 -1.016668 0.095892 0.426609 1.106709
59.659660 -0.992002 0.046491 0.483130 1.104375
59.759760 -0.961488 -0.003168 0.536782 1.101183
59.859860 -0.925348 -0.052794 0.587272 1.097244
59.959960 -0.883821 -0.102097 0.634319 1.092668
60.060060 -0.837185 -0.150793 0.677677 1.087595
60.160160 -0.785756 -0.198609 0.717131 1.082190
60.260260 -0.729753 -0.245248 0.752381 1.076459
60.360360 -0.669415 -0.290408 0.783131 1.070396
60.460460 -0.605039 -0.333794 0.809125 1.064037
60.560561 -0.536941 -0.375101 0.830104 1.057392
60.660661 -0.465488 -0.414035 0.845855 1.050512
60.760761 -0.391085 -0.450313 0.856201 1.043460
60.860861 -0.314147 -0.483629 0.860935 1.036241
60.960961 -0.235111 -0.513666 0.859850 1.028821
61.061061 -0.154479 -0.540150 0.852834 1.021250
61.161161 -0.072780 -0.562796 0.839776 1.013538
61.261261 0.009419 -0.581383 0.820673 1.005783
61.361361 0.091526 -0.595791 0.795686 0.998229
61.461461 0.172938 -0.605849 0.764905 0.990979
61.561562 0.253047 -0.611427 0.728480 0.984154
61.661662 0.331227 -0.612407 0.686591 0.977835
61.761762 0.406828 -0.608664 0.639422 0.972030
61.861862 0.479194 -0.600121 0.587224 0.966749
61.961962 0.547613 -0.586671 0.530240 0.961882
62.062062 0.611365 -0.568249 0.468778 0.957302
62.162162 0.669831 -0.544938 0.403296 0.953036
62.262262 0.722501 -0.516932 0.334354 0.949221
62.362362 0.768870 -0.484439 0.262526 0.945919
62.462462 0.808481 -0.447707 0.188417 0.943177
62.562563 0.840945 -0.407034 0.112667 0.941041
62.662663 0.865949 -0.362768 0.035942 0.939553
62.762763 0.883273 -0.315300 -0.041080 0.938761
62.862863 0.892837 -0.265076 -0.117720 0.938766
62.962963 0.894631 -0.212562 -0.193313 0.939636
63.063063 0.888697 -0.158225 -0.267216 0.941394
63.163163 0.875205 -0.102558 -0.338826 0.944090
63.263263 0.854343 -0.046042 -0.407560 0.947696
63.363363 0.826389 0.010841 -0.472891 0.952188
63.463463 0.791667 0.067619 -0.534325 0.957503
63.563564 0.750599 0.123840 -0.591455 0.963615
63.663664 0.703651 0.179073 -0.643926 0.970480
63.763764 0.651235 0.232895 -0.691366 0.977923
63.863864 0.593837 0.284916 -0.733489 0.985813
63.963964 0.532042 0.334808 -0.770153 0.994133
64.064064 0.466469 0.382300 -0.801317 1.002924
64.164164 0.397685 0.427132 -0.826925 1.012126
64.264264 0.326253 0.469090 -0.846984 1.021699
64.364364 0.252754 0.508039 -0.861624 1.031690
64.464464 0.177724 0.543864 -0.870978 1.042102
64.564565 0.101663 0.576457 -0.875172 1.052884
64.664665 0.025038 0.605725 -0.874328 1.063945
64.764765 -0.051706 0.631574 -0.868562 1.075155
64.864865 -0.128143 0.653934 -0.858010 1.086385
64.964965 -0.203861 0.672734 -0.842800 1.097470
65.065065 -0.278485 0.687988 -0.823156 1.108363
65.165165 -0.351662 0.699718 -0.799309 1.119002
65.265265 -0.423050 0.707925 -0.771447 1.129274
65.365365 -0.492340 0.712656 -0.739808 1.139119
65.465465 -0.559219 0.713926 -0.704589 1.148417
65.565566 -0.623412 0.711792 -0.666020 1.157096
65.665666 -0.684657 0.706315 -0.624334 1.165088
65.765766 -0.742759 0.697616 -0.579811 1.172408
65.865866 -0.797557 0.685832 -0.532735 1.179096
65.965966 -0.848798 0.671009 -0.483310 1.185031
66.066066 -0.896238 0.653198 -0.431747 1.190091
66.166166 -0.939687 0.632496 -0.378284 1.194220
66.266266 -0.978997 0.609022 -0.323177 1.197408
66.366366 -1.014005 0.582889 -0.266672 1.199616
66.466466 -1.044573 0.554216 -0.209019 1.200823
66.566567 -1.070603 0.523151 -0.150479 1.201050
66.666667 -1.091947 0.489810 -0.091300 1.200249
66.766767 -1.108502 0.454335 -0.031740 1.198417
66.866867 -1.120195 0.416880 0.027939 1.195578
66.966967 -1.126901 0.377584 0.087475 1.191691
67.067067 -1.128578 0.336615 0.146601 1.186798
67.167167 -1.125218 0.294158 0.205054 1.180971
67.267267 -1.116712 0.250369 0.262549 1.174164
67.367367 -1.103006 0.205429 0.318803 1.166387
67.467467 -1.084211 0.159553 0.373567 1.157810
67.567568 -1.060392 0.112952 0.426580 1.148547
67.667668 -1.031547 0.065830 0.477550 1.138629
67.767768 -0.997652 0.018402 0.526160 1.128048
67.867868 -0.958711 -0.029103 0.572087 1.116806
67.967968 -0.914794 -0.076441 0.615021 1.104963
68.068068 -0.865866 -0.123341 0.654558 1.092421
68.168168 -0.811926 -0.169509 0.690281 1.079095
68.268268 -0.753092 -0.214634 0.721813 1.065002
68.368368 -0.689519 -0.258387 0.748773 1.050172
68.468468 -0.621406 -0.300415 0.770768 1.034639
68.568569 -0.548937 -0.340307 0.787318 1.018337
68.668669 -0.472340 -0.377606 0.797900 1.001167
68.768769 -0.391994 -0.411875 0.802100 0.983191
68.868869 -0.308405 -0.442692 0.799603 0.964601
68.968969 -0.222128 -0.469592 0.790053 0.945537
69.069069 -0.133800 -0.492076 0.773094 0.926129
69.169169 -0.044166 -0.509611 0.748382 0.906493
69.269269 0.045906 -0.521656 0.715629 0.886768
69.369369 0.135417 -0.527721 0.674691 0.867200
69.469469 0.223208 -0.527253 0.625425 0.847924
69.569570 0.307945 -0.519666 0.567736 0.828979
69.669670 0.388117 -0.504450 0.501738 0.810461
69.769770 0.462017 -0.481145 0.427721 0.792405
69.869870 0.527871 -0.449508 0.346321 0.775012
69.969970 0.583784 -0.409454 0.258469 0.758461
70.070070 0.627665 -0.361008 0.165356 0.742720
70.170170 0.657486 -0.304517 0.068599 0.727821
70.270270 0.671505 -0.240744 -0.029755 0.713976
70.370370 0.668286 -0.170830 -0.127290 0.701421
70.470470 0.646760 -0.096275 -0.221284 0.690314
70.570571 0.606544 -0.018972 -0.308833 0.680906
70.670671 0.548026 0.058868 -0.387013 0.673481
70.770771 0.472342 0.134826 -0.453017 0.668213
70.870871 0.381436 0.206401 -0.504368 0.665193
70.970971 0.278035 0.271177 -0.539143 0.664466
71.071071 0.165499 0.327003 -0.556147 0.666048
71.171171 0.047569 0.372111 -0.554939 0.669841
71.271271 -0.071879 0.405154 -0.535753 0.675535
71.371371 -0.189032 0.425332 -0.499560 0.682789
71.471471 -0.300369 0.432444 -0.448026 0.691344
71.571572 -0.402857 0.426818 -0.383298 0.700989
71.671672 -0.493950 0.409133 -0.307745 0.711395
71.771772 -0.571576 0.380301 -0.223814 0.722094
71.871872 -0.634355 0.341592 -0.134071 0.732848
71.971972 -0.681669 0.294554 -0.041059 0.743720
72.072072 -0.713400 0.240787 0.052888 0.754795
72.172172 -0.729746 0.181830 0.145688 0.766040
72.272272 -0.731116 0.119151 0.235487 0.777291
72.372372 -0.718400 0.054176 0.320748 0.788615
72.472472 -0.692721 -0.011768 0.400208 0.800104
72.572573 -0.655234 -0.077506 0.472840 0.811736
72.672673 -0.607158 -0.141978 0.537811 0.823431
72.772773 -0.549726 -0.204253 0.594482 0.835060
72.872873 -0.484211 -0.263507 0.642387 0.846497
72.972973 -0.411852 -0.319021 0.681189 0.857563
73.073073 -0.333917 -0.370193 0.710737 0.868153
73.173173 -0.251633 -0.416515 0.730987 0.878149
73.273273 -0.166209 -0.457605 0.742068 0.887521
73.373373 -0.078800 -0.493167 0.744196 0.896243
73.473473 0.009515 -0.522911 0.737558 0.904167
73.573574 0.097702 -0.546656 0.722468 0.911229
73.673674 0.184788 -0.564353 0.699396 0.917494
73.773774 0.269878 -0.576009 0.668849 0.923027
73.873874 0.352138 -0.581670 0.631351 0.927872
73.973974 0.430754 -0.581348 0.587372 0.931945
74.074074 0.504926 -0.575060 0.537378 0.935104
74.174174 0.573913 -0.562892 0.481902 0.937258
74.274274 0.636989 -0.544953 0.421498 0.938291
74.374374 0.693522 -0.521434 0.356793 0.938172
74.474474 0.742928 -0.492579 0.288450 0.936899
74.574575 0.784725 -0.458694 0.217176 0.934536
74.674675 0.818489 -0.420133 0.143706 0.931176
74.774775 0.843755 -0.377227 0.068769 0.926796
74.874875 0.860021 -0.330318 -0.006874 0.921299
74.974975 0.866887 -0.279815 -0.082418 0.914649
75.075075 0.864250 -0.226259 -0.157037 0.907073
75.175175 0.852149 -0.170241 -0.229915 0.898889
75.275275 0.830568 -0.112348 -0.300208 0.890275
75.375375 0.799427 -0.053181 -0.367017 0.881256
75.475475 0.758731 0.006600 -0.429411 0.871843
75.575576 0.708644 0.066279 -0.486459 0.862098
75.675676 0.649528 0.125090 -0.537278 0.852175
75.775776 0.581900 0.182238 -0.581021 0.842261
75.875876 0.506444 0.236908 -0.616910 0.832579
75.975976 0.424042 0.288300 -0.644297 0.823436
76.076076 0.335618 0.335553 -0.662471 0.814926
76.176176 0.242159 0.377714 -0.670625 0.806875
76.276276 0.144922 0.413919 -0.668224 0.799284
76.376376 0.045362 0.443358 -0.654928 0.792184
76.476476 -0.054932 0.465260 -0.630519 0.785518
76.576577 -0.154230 0.479024 -0.595099 0.779355
76.676677 -0.250772 0.484308 -0.549160 0.773962
76.776777 -0.342809 0.480950 -0.493438 0.769618
76.876877 -0.428598 0.468870 -0.428784 0.766414
76.976977 -0.506511 0.448203 -0.356293 0.764449
77.077077 -0.575006 0.419233 -0.277221 0.763701
77.177177 -0.632650 0.382377 -0.192952 0.763995
77.277277 -0.678379 0.338335 -0.105072 0.765316
77.377377 -0.711476 0.288009 -0.015260 0.767711
77.477477 -0.731593 0.232441 0.074815 0.771269
77.577578 -0.738707 0.172755 0.163541 0.776066
77.677678 -0.732984 0.110079 0.249407 0.782040
77.777778 -0.714728 0.045537 0.330986 0.788963
77.877878 -0.684539 -0.019754 0.407024 0.796650
77.977978 -0.643397 -0.084720 0.476535 0.805123
78.078078 -0.592444 -0.148383 0.538764 0.814417
78.178178 -0.532838 -0.209864 0.593104 0.824458
78.278278 -0.465712 -0.268365 0.639046 0.835037
78.378378 -0.392241 -0.323191 0.676256 0.845948
78.478478 -0.313643 -0.373771 0.704597 0.857049
78.578579 -0.231089 -0.419602 0.724000 0.868126
78.678679 -0.145720 -0.460285 0.734532 0.878996
78.778779 -0.058670 -0.495602 0.736511 0.889669
78.878879 0.029013 -0.525404 0.730305 0.900131
78.978979 0.116365 -0.549570 0.716276 0.910285
79.079079 0.202484 -0.568012 0.694798 0.919990
79.179179 0.286510 -0.580641 0.666221 0.929022
79.279279 0.367653 -0.587465 0.630994 0.937250
79.379379 0.445184 -0.588551 0.589617 0.944579
79.479479 0.518442 -0.584014 0.542615 0.950939
79.579580 0.586855 -0.574041 0.490574 0.956340
79.679680 0.649935 -0.558870 0.434102 0.960831
79.779780 0.707226 -0.538741 0.373792 0.964433
79.879880 0.758325 -0.513913 0.310233 0.967164
79.979980 0.802990 -0.484738 0.244062 0.969190
80.080080 0.841076 -0.451606 0.175912 0.970722
80.180180 0.872397 -0.414858 0.106369 0.971853
80.280280 0.896702 -0.374788 0.035992 0.972541
80.380380 0.913868 -0.331748 -0.034651 0.972837
80.480480 0.923825 -0.286106 -0.105000 0.972797
80.580581 0.926370 -0.238186 -0.174484 0.972285
80.680681 0.921314 -0.188326 -0.242513 0.971133
80.780781 0.908718 -0.136938 -0.308539 0.969390
80.880881 0.888779 -0.084458 -0.372052 0.967204
80.980981 0.861582 -0.031305 -0.432503 0.964553
81.081081 0.827180 0.022092 -0.489311 0.961322
81.181181 0.785705 0.075283 -0.541912 0.957428
81.281281 0.737315 0.127791 -0.589714 0.952747
81.381381 0.682244 0.179121 -0.632143 0.947178
81.481481 0.620878 0.228778 -0.668712 0.940747
81.581582 0.553686 0.276264 -0.698971 0.933515
81.681682 0.481132 0.321046 -0.722419 0.925445
81.781782 0.403712 0.362546 -0.738513 0.916420
81.881882 0.322069 0.400216 -0.746828 0.906451
81.981982 0.236943 0.433506 -0.746993 0.895583
82.082082 0.149147 0.461840 -0.738637 0.883813
82.182182 0.059592 0.484608 -0.721403 0.871102
82.282282 -0.030684 0.501212 -0.695014 0.857437
82.382382 -0.120521 0.511178 -0.659438 0.843022
82.482482 -0.208659 0.514084 -0.614772 0.828109
82.582583 -0.293713 0.509483 -0.561150 0.812853
82.682683 -0.374208 0.497036 -0.498906 0.797485
82.782783 -0.448613 0.476550 -0.428613 0.782345
82.882883 -0.515314 0.447924 -0.351023 0.767724
82.982983 -0.572643 0.411190 -0.267103 0.753884
83.083083 -0.619011 0.366619 -0.178118 0.741155
83.183183 -0.652986 0.314738 -0.085610 0.729917
83.283283 -0.673375 0.256336 0.008642 0.720567
83.383383 -0.679056 0.192367 0.102658 0.713205
83.483483 -0.669213 0.124026 0.194291 0.707798
83.583584 -0.643665 0.052798 0.281332 0.704443
83.683684 -0.602730 -0.019670 0.361614 0.703160
83.783784 -0.547288 -0.091644 0.433166 0.703957
83.883884 -0.478709 -0.161399 0.494291 0.706778
83.983984 -0.398833 -0.227331 0.543732 0.711612
84.084084 -0.309807 -0.288028 0.580670 0.718414
84.184184 -0.213891 -0.342302 0.604670 0.727011
84.284284 -0.113448 -0.389320 0.615856 0.737373
84.384384 -0.010730 -0.428467 0.614602 0.749290
84.484484 0.092182 -0.459250 0.601359 0.762260
84.584585 0.193373 -0.481499 0.576945 0.775951
84.684685 0.291198 -0.495382 0.542511 0.790264
84.784785 0.384318 -0.501272 0.499326 0.805171
84.884885 0.471622 -0.499592 0.448608 0.820529
84.984985 0.552194 -0.490793 0.391505 0.836105
85.085085 0.625419 -0.475473 0.329205 0.851821
85.185185 0.690925 -0.454295 0.262855 0.867672
85.285285 0.748539 -0.427936 0.193515 0.883679
85.385385 0.798087 -0.396979 0.122109 0.899692
85.485485 0.839465 -0.361968 0.049467 0.915516
85.585586 0.872804 -0.323500 -0.023635 0.931128
85.685686 0.898223 -0.282109 -0.096506 0.946417
85.785786 0.915867 -0.238286 -0.168526 0.961246
85.885886 0.926033 -0.192528 -0.239156 0.975602
85.985986 0.929100 -0.145305 -0.307938 0.989528
86.086086 0.925347 -0.097027 -0.374441 1.002940
86.186186 0.914980 -0.048069 -0.438249 1.015658
86.286286 0.898207 0.001211 -0.498969 1.027496
86.386386 0.875201 0.050469 -0.556206 1.038214
86.486486 0.846209 0.099367 -0.609619 1.047654
86.586587 0.811612 0.147594 -0.658975 1.055816
86.686687 0.771732 0.194843 -0.704017 1.062627
86.786787 0.726844 0.240810 -0.744467 1.067953
86.886887 0.677338 0.285231 -0.780162 1.071819
86.986987 0.623601 0.327850 -0.810957 1.074251
87.087087 0.565968 0.368399 -0.836653 1.075186
87.187187 0.504740 0.406581 -0.856997 1.074484
87.287287 0.440264 0.442120 -0.871788 1.072062
87.387387 0.372947 0.474774 -0.880908 1.067942
87.487487 0.303209 0.504311 -0.884259 1.062158
87.587588 0.231495 0.530514 -0.881782 1.054787
87.687688 0.158275 0.553206 -0.873482 1.045973
87.787788 0.084024 0.572207 -0.859368 1.035854
87.887888 0.009219 0.587245 -0.839319 1.024401
87.987988 -0.065625 0.597993 -0.813153 1.011494
88.088088 -0.139933 0.604111 -0.780708 0.997014
88.188188 -0.213068 0.605281 -0.741882 0.980894
88.288288 -0.284340 0.601237 -0.696680 0.963171
88.388388 -0.352973 0.591675 -0.645102 0.943836
88.488488 -0.418100 0.576287 -0.587189 0.922879
88.588589 -0.478770 0.554801 -0.523080 0.900354
88.688689 -0.533925 0.526966 -0.453003 0.876345
88.788789 -0.582411 0.492586 -0.377322 0.851009
88.888889 -0.622981 0.451547 -0.296565 0.824591
88.988989 -0.654216 0.403780 -0.211418 0.797329
89.089089 -0.674599 0.349353 -0.122817 0.769556
89.189189 -0.682577 0.288541 -0.032014 0.741749
89.289289 -0.676504 0.221833 0.059387 0.714419
89.389389 -0.654873 0.150068 0.149359 0.688249
89.489489 -0.616477 0.074509 0.235439 0.664098
89.589590 -0.560388 -0.003128 0.314676 0.642702
89.689690 -0.486359 -0.080604 0.383752 0.624746
89.789790 -0.395191 -0.155165 0.439200 0.610859
89.889890 -0.288887 -0.223704 0.477712 0.601422
89.989990 -0.170889 -0.283109 0.496778 0.596776
90.090090 -0.045845 -0.330784 0.495278 0.597344
90.190190 0.081059 -0.364937 0.473539 0.603315
90.290290 0.204812 -0.384809 0.433259 0.614604
90.390390 0.321130 -0.390664 0.377183 0.630880
90.490490 0.426767 -0.383488 0.308507 0.651437
90.590591 0.519496 -0.364689 0.230468 0.675270
90.690691 0.597946 -0.335851 0.146072 0.701194
90.790791 0.661735 -0.298759 0.058067 0.728369
90.890891 0.711241 -0.255206 -0.031209 0.756285
90.990991 0.747172 -0.206775 -0.119900 0.784473
91.091091 0.770295 -0.154800 -0.206534 0.812388
91.191191 0.781465 -0.100424 -0.289963 0.839554
91.291291 0.781806 -0.044656 -0.369373 0.865824
91.391391 0.772437 0.011662 -0.444190 0.891123
91.491491 0.754320 0.067841 -0.513965 0.915293
91.591592 0.728380 0.123309 -0.578400 0.938237
91.691692 0.695502 0.177591 -0.637310 0.959909
91.791792 0.656555 0.230315 -0.690645 0.980357
91.891892 0.612383 0.281193 -0.738468 0.999709
91.991992 0.563695 0.329982 -0.780821 1.017999
92.092092 0.511113 0.376474 -0.817756 1.035226
92.192192 0.455234 0.420518 -0.849387 1.051443
92.292292 0.396571 0.461964 -0.875789 1.066624
92.392392 0.335565 0.500651 -0.896972 1.080654
92.492492 0.272668 0.536485 -0.913057 1.093544
92.592593 0.208326 0.569433 -0.924243 1.105386
92.692693 0.142925 0.599424 -0.930640 1.116167
92.792793 0.076826 0.626407 -0.932378 1.125884
92.892893 0.010372 0.650318 -0.929556 1.134502
92.992993 -0.056112 0.671058 -0.922212 1.141903
93.093093 -0.122304 0.688542 -0.910406 1.147993
93.193193 -0.187886 0.702707 -0.894222 1.152707
93.293293 -0.252546 0.713496 -0.873751 1.155983
93.393393 -0.315990 0.720898 -0.849144 1.157838
93.493493 -0.377964 0.724986 -0.820643 1.158411
93.593594 -0.438215 0.725805 -0.788452 1.157792
93.693694 -0.496418 0.723269 -0.752627 1.155853
93.793794 -0.552231 0.717277 -0.713218 1.152443
93.893894 -0.605351 0.707814 -0.670368 1.147538
93.993994 -0.655466 0.694861 -0.624223 1.141105
94.094094 -0.702202 0.678349 -0.574894 1.133026
94.194194 -0.745203 0.658250 -0.522536 1.123238
94.294294 -0.784162 0.634599 -0.467372 1.111783
94.394394 -0.818759 0.607438 -0.409634 1.098702
94.494494 -0.848659 0.576809 -0.349572 1.084035
94.594595 -0.873461 0.542735 -0.287436 1.067762
94.694695 -0.892691 0.505216 -0.223493 1.049805
94.794795 -0.905890 0.464302 -0.158066 1.030145
94.894895 -0.912598 0.420079 -0.091531 1.008801
94.994995 -0.912291 0.372646 -0.024320 0.985765
95.095095 -0.904474 0.322164 0.043066 0.961102
95.195195 -0.888710 0.268870 0.110046 0.934990
95.295295 -0.864455 0.213029 0.175944 0.907535
95.395395 -0.830996 0.154944 0.239933 0.878709
95.495495 -0.787571 0.095030 0.301006 0.848471
95.595596 -0.733364 0.033847 0.357910 0.816742
95.695696 -0.667628 -0.027830 0.409134 0.783513
95.795796 -0.589874 -0.088961 0.452930 0.749007
95.895896 -0.499952 -0.148203 0.487305 0.713711
95.995996 -0.398078 -0.203823 0.509919 0.678254
96.096096 -0.285028 -0.253607 0.518056 0.643381
96.196196 -0.162566 -0.294837 0.508829 0.610134
96.296296 -0.033849 -0.324376 0.479533 0.579929
96.396396 0.096248 -0.338974 0.428249 0.554585
96.496496 0.221082 -0.335669 0.354445 0.535894
96.596597 0.332732 -0.312564 0.259814 0.525272
96.696697 0.423470 -0.269887 0.148957 0.523789
96.796797 0.487473 -0.210179 0.028705 0.531629
96.896897 0.522060 -0.137744 -0.093339 0.547935
96.996997 0.527904 -0.057662 -0.210336 0.571182
97.097097 0.508119 0.025292 -0.317225 0.599547
97.197197 0.467026 0.107255 -0.410908 0.631238
97.297297 0.409136 0.185422 -0.489902 0.664663
97.397397 0.338736 0.257984 -0.554007 0.698728
97.497497 0.259550 0.323907 -0.603816 0.732718
97.597598 0.174595 0.382680 -0.640275 0.766080
97.697698 0.086287 0.434145 -0.664496 0.798425
97.797798 -0.003476 0.478311 -0.677544 0.829373
97.897898 -0.093188 0.515310 -0.680439 0.858618
97.997998 -0.181645 0.545393 -0.674203 0.886001
98.098098 -0.267891 0.568858 -0.659791 0.911422
98.198198 -0.351107 0.585919 -0.637959 0.934649
98.298298 -0.430606 0.596799 -0.609403 0.955491
98.398398 -0.505831 0.601775 -0.574827 0.973871
98.498498 -0.576309 0.601121 -0.534881 0.989735
98.598599 -0.641583 0.595058 -0.490133 1.002973
98.698699 -0.701180 0.583749 -0.441075 1.013391
98.798799 -0.754686 0.567386 -0.388209 1.020874
98.898899 -0.801788 0.546222 -0.332069 1.025423
98.998999 -0.842197 0.520515 -0.273180 1.027064
99.099099 -0.875566 0.490473 -0.212031 1.025737
99.199199 -0.901608 0.456341 -0.149127 1.021461
99.299299 -0.919972 0.418339 -0.084977 1.014188
99.399399 -0.930288 0.376694 -0.020106 1.003862
99.499499 -0.932248 0.331680 0.044923 0.990513
99.599600 -0.925492 0.283583 0.109508 0.974139
99.699700 -0.909641 0.232717 0.172991 0.954741
99.799800 -0.884338 0.179451 0.234651 0.932372
99.899900 -0.849129 0.124197 0.293650 0.907015
100.000000 -0.803463 0.067439 0.348998 0.878579
