0.000000 0.749736 0.446286 -0.662471 1.095510
0.100100 0.682608 0.502467 -0.692813 1.094722
0.200200 0.610599 0.555023 -0.718171 1.093916
0.300300 0.534214 0.603563 -0.738346 1.093082
0.400400 0.453996 0.647733 -0.753187 1.092227
0.500501 0.370525 0.687210 -0.762583 1.091366
0.600601 0.284407 0.721720 -0.766478 1.090530
0.700701 0.196271 0.751029 -0.764859 1.089760
0.800801 0.106738 0.774874 -0.757685 1.088995
0.900901 0.016449 0.793023 -0.744953 1.088169
1.001001 -0.073933 0.805363 -0.726771 1.087323
1.101101 -0.163750 0.811847 -0.703314 1.086535
1.201201 -0.252342 0.812401 -0.674729 1.085786
1.301301 -0.339042 0.806954 -0.641170 1.084999
1.401401 -0.423171 0.795457 -0.602813 1.084070
1.501502 -0.504076 0.777953 -0.559912 1.082961
1.601602 -0.581126 0.754544 -0.512773 1.081656
1.701702 -0.653659 0.725313 -0.461687 1.080048
1.801802 -0.721037 0.690397 -0.406992 1.078046
1.901902 -0.782674 0.650016 -0.349087 1.075621
2.002002 -0.837993 0.604418 -0.288392 1.072718
2.102102 -0.886524 0.553949 -0.225384 1.069384
2.202202 -0.927837 0.498997 -0.160567 1.065674
2.302302 -0.961579 0.439995 -0.094460 1.061675
2.402402 -0.987531 0.377452 -0.027609 1.057568
2.502503 -1.005478 0.311871 0.039445 1.053473
2.602603 -1.015321 0.243798 0.106161 1.049564
2.702703 -1.017029 0.173792 0.172007 1.046010
2.802803 -1.010543 0.102409 0.236447 1.042877
2.902903 -0.995823 0.030214 0.298938 1.040163
3.003003 -0.972915 -0.042207 0.358951 1.037878
3.103103 -0.941914 -0.114253 0.415955 1.035990
3.203203 -0.903024 -0.185319 0.469454 1.034496
3.303303 -0.856661 -0.254830 0.519048 1.033546
3.403403 -0.803320 -0.322241 0.564391 1.033296
3.503504 -0.743504 -0.387028 0.605161 1.033832
3.603604 -0.677754 -0.448699 0.641076 1.035210
3.703704 -0.606649 -0.506794 0.671897 1.037453
3.803804 -0.530825 -0.560914 0.697460 1.040601
3.903904 -0.450951 -0.610718 0.717668 1.044692
4.004004 -0.367711 -0.655917 0.732476 1.049743
4.104104 -0.281787 -0.696277 0.741889 1.055748
4.204204 -0.193847 -0.731579 0.745924 1.062632
4.304304 -0.104539 -0.761611 0.744595 1.070234
4.404404 -0.014522 -0.786295 0.738045 1.078509
4.504505 0.075569 -0.805607 0.726461 1.087409
4.604605 0.165124 -0.819490 0.709990 1.096775
4.704705 0.253562 -0.827953 0.688832 1.106476
4.804805 0.340335 -0.831057 0.663223 1.116400
4.904905 0.424952 -0.828955 0.633466 1.126512
5.005005 0.506980 -0.821847 0.599894 1.136809
5.105105 0.586033 -0.809956 0.562836 1.147279
5.205205 0.661773 -0.793521 0.522629 1.157912
5.305305 0.733893 -0.772775 0.479592 1.168670
5.405405 0.802102 -0.747940 0.434026 1.179475
5.505506 0.866151 -0.719252 0.386233 1.190260
5.605606 0.925867 -0.686989 0.336530 1.201015
5.705706 0.981102 -0.651424 0.285219 1.211720
5.805806 1.031695 -0.612798 0.232579 1.222297
5.905906 1.077440 -0.571315 0.178867 1.232587
6.006006 1.118186 -0.527202 0.124344 1.242475
6.106106 1.153819 -0.480698 0.069270 1.251865
6.206206 1.184249 -0.432045 0.013902 1.260675
6.306306 1.209497 -0.381520 -0.041510 1.268922
6.406406 1.229659 -0.329408 -0.096731 1.276687
6.506507 1.244904 -0.275994 -0.151550 1.284105
6.606607 1.255360 -0.221537 -0.205770 1.291259
6.706707 1.261068 -0.166260 -0.259195 1.298121
6.806807 1.262084 -0.110382 -0.311639 1.304668
6.906907 1.258499 -0.054120 -0.362930 1.310903
7.007007 1.250369 0.002320 -0.412893 1.316779
7.107107 1.237736 0.058733 -0.461352 1.322228
7.207207 1.220722 0.114920 -0.508162 1.327252
7.307307 1.199444 0.170687 -0.553179 1.331844
7.407407 1.174043 0.225848 -0.596277 1.336013
7.507508 1.144701 0.280233 -0.637355 1.339810
7.607608 1.111527 0.333658 -0.676281 1.343196
7.707708 1.074649 0.385951 -0.712934 1.346144
7.807808 1.034259 0.436962 -0.747237 1.348700
7.907908 0.990496 0.486524 -0.779082 1.350836
8.008008 0.943472 0.534461 -0.808340 1.352479
8.108108 0.893342 0.580614 -0.834914 1.353608
8.208208 0.840272 0.624830 -0.858715 1.354201
8.308308 0.784413 0.666943 -0.879639 1.354209
8.408408 0.725967 0.706828 -0.897637 1.353656
8.508509 0.665157 0.744379 -0.912680 1.352597
8.608609 0.602165 0.779453 -0.924697 1.351005
8.708709 0.537163 0.811885 -0.933590 1.348811
8.808809 0.470327 0.841499 -0.939252 1.345928
8.908909 0.401866 0.868157 -0.941624 1.342330
9.009009 0.332012 0.891746 -0.940676 1.338026
9.109109 0.261004 0.912165 -0.936393 1.333042
9.209209 0.189084 0.929305 -0.928753 1.327381
9.309309 0.116504 0.943083 -0.917761 1.321085
9.409409 0.043532 0.953488 -0.903493 1.314280
9.509510 -0.029572 0.960454 -0.885976 1.307019
9.609610 -0.102542 0.963875 -0.865196 1.299282
9.709710 -0.175097 0.963638 -0.841142 1.291038
9.809810 -0.246933 0.959585 -0.813765 1.282183
9.909910 -0.317721 0.951559 -0.783027 1.272612
10.010010 -0.387137 0.939498 -0.748977 1.262338
10.110110 -0.454858 0.923386 -0.711706 1.251424
10.210210 -0.520512 0.903133 -0.671253 1.239824
10.310310 -0.583664 0.878588 -0.627618 1.227389
10.410410 -0.643907 0.849705 -0.580894 1.214106
10.510511 -0.700867 0.816527 -0.531243 1.200062
10.610611 -0.754108 0.779053 -0.478807 1.185267
10.710711 -0.803164 0.737289 -0.423744 1.169712
10.810811 -0.847579 0.691294 -0.366262 1.153441
10.910911 -0.886903 0.641177 -0.306606 1.136536
11.011011 -0.920704 0.587094 -0.245067 1.119121
11.111111 -0.948575 0.529256 -0.181974 1.101372
11.211211 -0.970096 0.467901 -0.117687 1.083452
11.311311 -0.984750 0.403263 -0.052593 1.065420
11.411411 -0.992044 0.335636 0.012870 1.047363
11.511512 -0.991585 0.265411 0.078209 1.029466
11.611612 -0.983021 0.193042 0.142884 1.011934
11.711712 -0.965988 0.119037 0.206303 0.994919
11.811812 -0.940163 0.043977 0.267819 0.978554
11.911912 -0.905447 -0.031475 0.326779 0.963125
12.012012 -0.861922 -0.106593 0.382535 0.949002
12.112112 -0.809734 -0.180612 0.434420 0.936488
12.212212 -0.749170 -0.252734 0.481784 0.925876
12.312312 -0.680585 -0.322115 0.523958 0.917326
12.412412 -0.604555 -0.387943 0.560372 0.911045
12.512513 -0.521938 -0.449512 0.590651 0.907386
12.612613 -0.433668 -0.506176 0.614499 0.906582
12.712713 -0.340658 -0.557251 0.631577 0.908552
12.812813 -0.243886 -0.602118 0.641630 0.913081
12.912913 -0.144465 -0.640370 0.644644 0.920059
13.013013 -0.043508 -0.671686 0.640685 0.929264
13.113113 0.057886 -0.695834 0.629898 0.940376
13.213213 0.158654 -0.712740 0.612564 0.953102
13.313313 0.257813 -0.722515 0.589107 0.967235
13.413413 0.354494 -0.725404 0.560043 0.982611
13.513514 0.447962 -0.721756 0.525938 0.999106
13.613614 0.537574 -0.711934 0.487342 1.016533
13.713714 0.622756 -0.696276 0.444759 1.034619
13.813814 0.703020 -0.675147 0.398689 1.053097
13.913914 0.777946 -0.648918 0.349616 1.071693
14.014014 0.847251 -0.618021 0.298036 1.090234
14.114114 0.910758 -0.582914 0.244436 1.108610
14.214214 0.968339 -0.544034 0.189263 1.126710
14.314314 1.019878 -0.501780 0.132928 1.144380
14.414414 1.065318 -0.456543 0.075815 1.161500
14.514515 1.104737 -0.408742 0.018289 1.178070
14.614615 1.138270 -0.358780 -0.039320 1.194122
14.714715 1.165945 -0.306990 -0.096708 1.209555
14.814815 1.187790 -0.253682 -0.153597 1.224251
14.914915 1.203856 -0.199157 -0.209723 1.238110
15.015015 1.214249 -0.143711 -0.264844 1.251078
15.115115 1.219136 -0.087630 -0.318749 1.263159
15.215215 1.218693 -0.031182 -0.371245 1.274365
15.315315 1.213116 0.025380 -0.422161 1.284723
15.415415 1.202540 0.081820 -0.471320 1.294194
15.515516 1.187172 0.137916 -0.518586 1.302816
15.615616 1.167282 0.193470 -0.563860 1.310693
15.715716 1.143095 0.248293 -0.607042 1.317883
15.815816 1.114787 0.302202 -0.648017 1.324387
15.915916 1.082565 0.355031 -0.686698 1.330243
16.016016 1.046663 0.406633 -0.723028 1.335524
16.116116 1.007238 0.456844 -0.756903 1.340200
16.216216 0.964412 0.505490 -0.788201 1.344199
16.316316 0.918371 0.552429 -0.816851 1.347527
16.416416 0.869357 0.597555 -0.842833 1.350267
16.516517 0.817603 0.640774 -0.866137 1.352501
16.616617 0.763286 0.681954 -0.886699 1.354216
16.716717 0.706522 0.720918 -0.904389 1.355292
16.816817 0.647461 0.757505 -0.919108 1.355648
16.916917 0.586316 0.791620 -0.930838 1.355319
17.017017 0.523322 0.823201 -0.939596 1.354388
17.117117 0.458695 0.852170 -0.945383 1.352902
17.217217 0.392637 0.878430 -0.948173 1.350864
17.317317 0.325354 0.901893 -0.947952 1.348287
17.417417 0.257057 0.922475 -0.944712 1.345184
17.517518 0.187972 0.940143 -0.938494 1.341631
17.617618 0.118324 0.954873 -0.929353 1.337715
17.717718 0.048326 0.966583 -0.917279 1.333424
17.817818 -0.021805 0.975155 -0.902237 1.328697
17.917918 -0.091840 0.980501 -0.884217 1.323501
18.018018 -0.161542 0.982548 -0.863230 1.317825
18.118118 -0.230678 0.981285 -0.839341 1.311726
18.218218 -0.299013 0.976717 -0.812634 1.305281
18.318318 -0.366296 0.968789 -0.783139 1.298472
18.418418 -0.432266 0.957451 -0.750896 1.291282
18.518519 -0.496635 0.942625 -0.715925 1.283643
18.618619 -0.559119 0.924266 -0.678279 1.275517
18.718719 -0.619468 0.902417 -0.638079 1.266982
18.818819 -0.677407 0.877096 -0.595433 1.258061
18.918919 -0.732628 0.848290 -0.550431 1.248725
19.019019 -0.784842 0.816033 -0.503197 1.238989
19.119119 -0.833805 0.780425 -0.453906 1.228953
19.219219 -0.879249 0.741551 -0.402726 1.218674
19.319319 -0.920829 0.699445 -0.349801 1.208102
19.419419 -0.958193 0.654162 -0.295298 1.197190
19.519520 -0.991072 0.605841 -0.239435 1.186000
19.619620 -1.019232 0.554658 -0.182453 1.174635
19.719720 -1.042392 0.500777 -0.124598 1.163135
19.819820 -1.060304 0.444397 -0.066135 1.151567
19.919920 -1.072768 0.385754 -0.007352 1.140040
20.020020 -1.079587 0.325103 0.051449 1.128649
20.120120 -1.080623 0.262730 0.109956 1.117526
20.220220 -1.075744 0.198941 0.167841 1.106785
20.320320 -1.064863 0.134062 0.224771 1.096553
20.420420 -1.047938 0.068443 0.280406 1.086962
20.520521 -1.024873 0.002445 0.334377 1.078043
20.620621 -0.995517 -0.063543 0.386273 1.069719
20.720721 -0.959770 -0.129101 0.435667 1.061899
20.820821 -0.917651 -0.193777 0.482146 1.054561
20.920921 -0.869257 -0.257103 0.525305 1.047690
21.021021 -0.814720 -0.318585 0.564727 1.041240
21.121121 -0.754184 -0.377691 0.599962 1.035084
21.221221 -0.687964 -0.433924 0.630651 1.029225
21.321321 -0.616534 -0.486839 0.656534 1.023798
21.421421 -0.540347 -0.535962 0.677318 1.018818
21.521522 -0.459911 -0.580830 0.692739 1.014282
21.621622 -0.375825 -0.621041 0.702617 1.010251
21.721722 -0.288746 -0.656254 0.706851 1.006818
21.821822 -0.199358 -0.686144 0.705363 1.004029
21.921922 -0.108367 -0.710412 0.698106 1.001889
22.022022 -0.016519 -0.728881 0.685158 1.000490
22.122122 0.075436 -0.741386 0.666614 0.999859
22.222222 0.166744 -0.747802 0.642604 0.999975
22.322322 0.256652 -0.748065 0.613316 1.000813
22.422422 0.344456 -0.742263 0.579062 1.002455
22.522523 0.429497 -0.730563 0.540216 1.004999
22.622623 0.511098 -0.713058 0.497087 1.008350
22.722723 0.588623 -0.689907 0.450031 1.012411
22.822823 0.661474 -0.661311 0.399433 1.017068
22.922923 0.729166 -0.627583 0.345744 1.022293
23.023023 0.791356 -0.589145 0.289469 1.028168
23.123123 0.847782 -0.546437 0.231105 1.034764
23.223223 0.898201 -0.499879 0.171125 1.042079
23.323323 0.942421 -0.449892 0.109983 1.050075
23.423423 0.980291 -0.396894 0.048118 1.058684
23.523524 1.011648 -0.341278 -0.014047 1.067755
23.623624 1.036280 -0.283416 -0.076099 1.077029
23.723724 1.053936 -0.223666 -0.137620 1.086162
23.823824 1.064593 -0.162448 -0.198211 1.095005
23.923924 1.068348 -0.100195 -0.257499 1.103500
24.024024 1.065340 -0.037325 -0.315142 1.111601
24.124124 1.055769 0.025756 -0.370826 1.119296
24.224224 1.039820 0.088664 -0.424252 1.126533
24.324324 1.017658 0.151021 -0.475125 1.133217
24.424424 0.989428 0.212458 -0.523146 1.139204
24.524525 0.955401 0.272631 -0.568084 1.144482
24.624625 0.915883 0.331216 -0.609737 1.149054
24.724725 0.871123 0.387881 -0.647878 1.152846
24.824825 0.821390 0.442309 -0.682299 1.155790
24.924925 0.766970 0.494187 -0.712803 1.157822
25.025025 0.708142 0.543196 -0.739183 1.158844
25.125125 0.645195 0.589016 -0.761236 1.158748
25.225225 0.578495 0.631377 -0.778831 1.157528
25.325325 0.508436 0.670035 -0.791868 1.155210
25.425425 0.435384 0.704703 -0.800202 1.151733
25.525526 0.359751 0.735148 -0.803750 1.147117
25.625626 0.281974 0.761151 -0.802451 1.141397
25.725726 0.202487 0.782456 -0.796209 1.134543
25.825826 0.121752 0.798828 -0.784956 1.126546
25.925926 0.040255 0.810011 -0.768614 1.117365
26.026026 -0.041484 0.815759 -0.747125 1.106969
26.126126 -0.122905 0.815844 -0.720458 1.095338
26.226226 -0.203414 0.810060 -0.688618 1.082483
26.326326 -0.282393 0.798290 -0.651699 1.068515
26.426426 -0.359204 0.780475 -0.609853 1.053607
26.526527 -0.433215 0.756633 -0.563308 1.038020
26.626627 -0.503746 0.726770 -0.512290 1.021957
26.726727 -0.570032 0.690832 -0.457001 1.005502
26.826827 -0.631257 0.648805 -0.397696 0.988734
26.926927 -0.686601 0.600772 -0.334722 0.971795
27.027027 -0.735221 0.546893 -0.268506 0.954849
27.127127 -0.776236 0.487393 -0.199544 0.938037
27.227227 -0.808868 0.422659 -0.128456 0.921634
27.327327 -0.832451 0.353226 -0.055958 0.906021
27.427427 -0.846317 0.279700 0.017164 0.891504
27.527528 -0.849854 0.202790 0.090050 0.878342
27.627628 -0.842567 0.123327 0.161760 0.866773
27.727728 -0.824082 0.042255 0.231294 0.856967
27.827828 -0.794327 -0.039369 0.297641 0.849174
27.927928 -0.753483 -0.120416 0.359805 0.843621
28.028028 -0.701752 -0.199688 0.416739 0.840239
28.128128 -0.639603 -0.275967 0.467459 0.838909
28.228228 -0.567882 -0.348084 0.511154 0.839601
28.328328 -0.487555 -0.414889 0.547068 0.842096
28.428428 -0.399792 -0.475327 0.574602 0.846131
28.528529 -0.305941 -0.528482 0.593344 0.851440
28.628629 -0.207496 -0.573653 0.603130 0.857845
28.728729 -0.106023 -0.610384 0.604052 0.865268
28.828829 -0.003049 -0.638312 0.596272 0.873494
28.928929 0.099946 -0.657242 0.580092 0.882305
29.029029 0.201556 -0.667200 0.556002 0.891582
29.129129 0.300481 -0.668341 0.524570 0.901189
29.229229 0.395510 -0.660872 0.486389 0.910908
29.329329 0.485566 -0.645130 0.442126 0.920566
29.429429 0.569753 -0.621617 0.392545 0.930116
29.529530 0.647350 -0.590938 0.338445 0.939582
29.629630 0.717780 -0.553740 0.280619 0.948990
29.729730 0.780562 -0.510662 0.219823 0.958319
29.829830 0.835312 -0.462350 0.156784 0.967520
29.929930 0.881700 -0.409430 0.092195 0.976488
30.030030 0.919392 -0.352493 0.026716 0.985011
30.130130 0.948207 -0.292170 -0.039005 0.992966
30.230230 0.968050 -0.229102 -0.104338 1.000248
30.330330 0.978830 -0.163909 -0.168676 1.006691
30.430430 0.980593 -0.097224 -0.231444 1.012216
30.530531 0.973432 -0.029673 -0.292087 1.016742
30.630631 0.957453 0.038126 -0.350065 1.020154
30.730731 0.932778 0.105557 -0.404845 1.022310
30.830831 0.899607 0.172006 -0.455916 1.023102
30.930931 0.858276 0.236873 -0.502833 1.022539
31.031031 0.809134 0.299560 -0.545150 1.020599
31.131131 0.752532 0.359459 -0.582417 1.017214
31.231231 0.688901 0.415972 -0.614217 1.012363
31.331331 0.618729 0.468504 -0.640157 1.006043
31.431431 0.542578 0.516474 -0.659877 0.998285
31.531532 0.461110 0.559345 -0.673096 0.989215
31.631632 0.375052 0.596599 -0.679569 0.978983
31.731732 0.285185 0.627738 -0.679089 0.967754
31.831832 0.192343 0.652239 -0.671440 0.955638
31.931932 0.097439 0.669644 -0.656497 0.942818
32.032032 0.001485 0.679588 -0.634251 0.929578
32.132132 -0.094452 0.681699 -0.604705 0.916135
32.232232 -0.189217 0.675620 -0.567907 0.902653
32.332332 -0.281561 0.661029 -0.523966 0.889256
32.432432 -0.370149 0.637713 -0.473123 0.876090
32.532533 -0.453525 0.605494 -0.415689 0.863195
32.632633 -0.530230 0.564421 -0.352188 0.850736
32.732733 -0.598945 0.514883 -0.283418 0.839145
32.832833 -0.658352 0.457386 -0.210284 0.828764
32.932933 -0.707198 0.392586 -0.133809 0.819852
33.033033 -0.744343 0.321326 -0.055152 0.812612
33.133133 -0.768874 0.244648 0.024414 0.807227
33.233233 -0.780211 0.163799 0.103535 0.803915
33.333333 -0.778107 0.080149 0.180853 0.802858
33.433433 -0.762624 -0.004854 0.255039 0.804154
33.533534 -0.733967 -0.089748 0.324794 0.807622
33.633634 -0.692675 -0.173076 0.388940 0.813037
33.733734 -0.639726 -0.253473 0.446522 0.820293
33.833834 -0.576328 -0.329710 0.496793 0.829256
33.933934 -0.503865 -0.400741 0.539232 0.839788
34.034034 -0.423751 -0.465660 0.573457 0.851621
34.134134 -0.337409 -0.523706 0.599226 0.864398
34.234234 -0.246321 -0.574351 0.616535 0.877877
34.334334 -0.151916 -0.617208 0.625491 0.891775
34.434434 -0.055565 -0.652095 0.626377 0.905905
34.534535 0.041445 -0.679003 0.619603 0.920147
34.634635 0.137953 -0.697982 0.605601 0.934325
34.734735 0.232919 -0.709245 0.584910 0.948367
34.834835 0.325433 -0.713099 0.558114 0.962240
34.934935 0.414704 -0.709888 0.525795 0.975899
35.035035 0.500071 -0.700027 0.488557 0.989341
35.135135 0.580953 -0.683918 0.446965 1.002510
35.235235 0.656819 -0.661932 0.401541 1.015284
35.335335 0.727247 -0.634489 0.352814 1.027590
35.435435 0.791912 -0.602040 0.301312 1.039407
35.535536 0.850529 -0.565016 0.247529 1.050673
35.635636 0.902803 -0.523798 0.191919 1.061250
35.735736 0.948501 -0.478785 0.134930 1.071025
35.835836 0.987490 -0.430404 0.077004 1.079960
35.935936 1.019742 -0.379103 0.018569 1.088089
36.036036 1.045302 -0.325332 -0.039973 1.095489
36.136136 1.064172 -0.269497 -0.098242 1.102153
36.236236 1.076329 -0.211980 -0.155874 1.108023
36.336336 1.081781 -0.153160 -0.212518 1.113047
36.436436 1.080614 -0.093420 -0.267847 1.117227
36.536537 1.072960 -0.033137 -0.321551 1.120596
36.636637 1.058909 0.027325 -0.373320 1.123122
36.736737 1.038541 0.087605 -0.422844 1.124740
36.836837 1.012021 0.147347 -0.469847 1.125457
36.936937 0.979616 0.206214 -0.514100 1.125375
37.037037 0.941597 0.263879 -0.555387 1.124585
37.137137 0.898219 0.320022 -0.593495 1.123142
37.237237 0.849690 0.374305 -0.628177 1.121019
37.337337 0.796147 0.426353 -0.659127 1.118068
37.437437 0.737835 0.475822 -0.686106 1.114248
37.537538 0.675056 0.522382 -0.708904 1.109563
37.637638 0.608133 0.565704 -0.727322 1.104012
37.737738 0.537398 0.605444 -0.741147 1.097569
37.837838 0.463176 0.641214 -0.750124 1.090125
37.937938 0.385896 0.672707 -0.754108 1.081725
38.038038 0.306080 0.699728 -0.753088 1.072588
38.138138 0.224243 0.722062 -0.747033 1.062881
38.238238 0.140878 0.739369 -0.735789 1.052567
38.338338 0.056519 0.751298 -0.719203 1.041584
38.438438 -0.028235 0.757617 -0.697255 1.030022
38.538539 -0.112745 0.758161 -0.670003 1.018049
38.638639 -0.196345 0.752778 -0.637521 1.005812
38.738739 -0.278342 0.741355 -0.599933 0.993480
38.838839 -0.358037 0.723876 -0.557454 0.981296
38.938939 -0.434691 0.700311 -0.510299 0.969431
39.039039 -0.507520 0.670636 -0.458701 0.957985
39.139139 -0.575703 0.634868 -0.402947 0.947026
39.239239 -0.638351 0.593038 -0.343359 0.936526
39.339339 -0.694646 0.545339 -0.280384 0.926576
39.439439 -0.743846 0.492101 -0.214575 0.917340
39.539540 -0.785249 0.433733 -0.146543 0.908964
39.639640 -0.818158 0.370704 -0.076953 0.901513
39.739740 -0.841932 0.303561 -0.006529 0.895009
39.839840 -0.856045 0.232962 0.063946 0.889479
39.939940 -0.860007 0.159627 0.133637 0.884845
40.040040 -0.853486 0.084371 0.201677 0.881039
40.140140 -0.836382 0.008092 0.267194 0.878062
40.240240 -0.808808 -0.068265 0.329345 0.875956
40.340340 -0.770927 -0.143725 0.387272 0.874622
40.440440 -0.723073 -0.217302 0.440168 0.873958
40.540541 -0.665907 -0.288056 0.487374 0.874038
40.640641 -0.600212 -0.355095 0.528312 0.874906
40.740741 -0.526932 -0.417620 0.562549 0.876656
40.840841 -0.447076 -0.474899 0.589735 0.879315
40.940941 -0.361652 -0.526224 0.609538 0.882746
41.041041 -0.271725 -0.570942 0.621701 0.886748
41.141141 -0.178452 -0.608578 0.626160 0.891229
41.241241 -0.083030 -0.638783 0.622984 0.896129
41.341341 0.013370 -0.661278 0.612295 0.901317
41.441441 0.109590 -0.675992 0.594411 0.906807
41.541542 0.204522 -0.682918 0.569686 0.912551
41.641642 0.297114 -0.682106 0.538513 0.918446
41.741742 0.386417 -0.673791 0.501424 0.924521
41.841842 0.471562 -0.658269 0.458979 0.930779
41.941942 0.551726 -0.635830 0.411720 0.937120
42.042042 0.626192 -0.606851 0.360235 0.943480
42.142142 0.694396 -0.571828 0.305170 0.949895
42.242242 0.755877 -0.531292 0.247171 0.956408
42.342342 0.810212 -0.485756 0.186857 0.962974
42.442442 0.857146 -0.435798 0.124851 0.969643
42.542543 0.896516 -0.382016 0.061763 0.976469
42.642643 0.928066 -0.324922 -0.001845 0.983303
42.742743 0.951775 -0.265097 -0.065424 0.990167
42.842843 0.967862 -0.203164 -0.128465 0.997264
42.942943 0.976472 -0.139680 -0.190496 1.004637
43.043043 0.977636 -0.075151 -0.251057 1.012151
43.143143 0.971414 -0.010071 -0.309704 1.019639
43.243243 0.958015 0.055065 -0.366047 1.027042
43.343343 0.937650 0.119781 -0.419710 1.034259
43.443443 0.910576 0.183622 -0.470352 1.041200
43.543544 0.877061 0.246143 -0.517648 1.047751
43.643644 0.837407 0.306921 -0.561302 1.053808
43.743744 0.792043 0.365585 -0.601109 1.059395
43.843844 0.741480 0.421830 -0.636952 1.064632
43.943944 0.686247 0.475394 -0.668761 1.069661
44.044044 0.626791 0.526007 -0.696430 1.074507
44.144144 0.563473 0.573345 -0.719777 1.079030
44.244244 0.496695 0.617131 -0.738675 1.083143
44.344344 0.426960 0.657209 -0.753144 1.086943
44.444444 0.354720 0.693384 -0.763149 1.090414
44.544545 0.280390 0.725420 -0.768609 1.093440
44.644645 0.204416 0.753129 -0.769492 1.095950
44.744745 0.127249 0.776350 -0.765800 1.097890
44.844845 0.049347 0.794935 -0.757542 1.099193
44.944945 -0.028824 0.808809 -0.744802 1.099878
45.045045 -0.106800 0.817911 -0.727676 1.099953
45.145145 -0.184115 0.822139 -0.706222 1.099346
45.245245 -0.260320 0.821508 -0.680601 1.098116
45.345345 -0.334963 0.816026 -0.650970 1.096294
45.445445 -0.407578 0.805664 -0.617453 1.093830
45.545546 -0.477763 0.790540 -0.580295 1.090850
45.645646 -0.545143 0.770816 -0.539767 1.087514
45.745746 -0.609301 0.746575 -0.496086 1.083847
45.845846 -0.669880 0.717976 -0.449516 1.079950
45.945946 -0.726525 0.685192 -0.400335 1.075916
46.046046 -0.778795 0.648311 -0.348771 1.071667
46.146146 -0.826303 0.607491 -0.295098 1.067194
46.246246 -0.868659 0.562909 -0.239609 1.062472
46.346346 -0.905493 0.514771 -0.182618 1.057476
46.446446 -0.936535 0.463363 -0.124479 1.052282
46.546547 -0.961494 0.408966 -0.065552 1.046910
46.646647 -0.980067 0.351875 -0.006209 1.041339
46.746747 -0.991986 0.292416 0.053156 1.035552
46.846847 -0.997016 0.230947 0.112132 1.029540
46.946947 -0.994986 0.167863 0.170296 1.023316
47.047047 -0.985811 0.103594 0.227217 1.016948
47.147147 -0.969391 0.038584 0.282449 1.010438
47.247247 -0.945730 -0.026694 0.335553 1.003850
47.347347 -0.914957 -0.091750 0.386114 0.997321
47.447447 -0.877197 -0.156084 0.433706 0.990928
47.547548 -0.832641 -0.219186 0.477917 0.984753
47.647648 -0.781580 -0.280553 0.518373 0.978922
47.747748 -0.724397 -0.339699 0.554747 0.973597
47.847848 -0.661486 -0.396130 0.586708 0.968869
47.947948 -0.593205 -0.449314 0.613876 0.964686
48.048048 -0.519931 -0.498677 0.635841 0.960886
48.148148 -0.442098 -0.543627 0.652192 0.957254
48.248248 -0.360309 -0.583671 0.662670 0.953743
48.348348 -0.275272 -0.618395 0.667119 0.950387
48.448448 -0.187692 -0.647329 0.665334 0.947065
48.548549 -0.098349 -0.670079 0.657201 0.943712
48.648649 -0.008087 -0.686371 0.642744 0.940367
48.748749 0.082225 -0.695937 0.622000 0.937002
48.848849 0.171696 -0.698610 0.595103 0.933640
48.948949 0.259433 -0.694340 0.562300 0.930374
49.049049 0.344524 -0.683066 0.523835 0.927188
49.149149 0.426099 -0.664870 0.480069 0.924164
49.249249 0.503317 -0.639922 0.431439 0.921394
49.349349 0.575316 -0.608377 0.378370 0.918845
49.449449 0.641264 -0.570469 0.321355 0.916474
49.549550 0.700396 -0.526526 0.260951 0.914265
49.649650 0.752053 -0.476990 0.197787 0.912262
49.749750 0.795622 -0.422350 0.132520 0.910470
49.849850 0.830670 -0.363207 0.065852 0.908993
49.949950 0.856934 -0.300244 -0.001493 0.908012
50.050050 0.874186 -0.234143 -0.068803 0.907611
50.150150 0.882280 -0.165610 -0.135374 0.907838
50.250250 0.881077 -0.095355 -0.200497 0.908619
50.350350 0.870536 -0.024108 -0.263477 0.909854
50.450450 0.850770 0.047373 -0.323645 0.911482
50.550551 0.822098 0.118340 -0.380409 0.913543
50.650651 0.784913 0.188059 -0.433212 0.916039
50.750751 0.739596 0.255808 -0.481506 0.918851
50.850851 0.686702 0.320914 -0.524847 0.921959
50.950951 0.626833 0.382734 -0.562832 0.925303
51.051051 0.560635 0.440662 -0.595109 0.928790
51.151151 0.488837 0.494159 -0.621414 0.932368
51.251251 0.412213 0.542742 -0.641551 0.935989
51.351351 0.331598 0.586032 -0.655441 0.939677
51.451451 0.247857 0.623752 -0.663110 0.943512
51.551552 0.161835 0.655664 -0.664612 0.947520
51.651652 0.074364 0.681613 -0.660079 0.951752
51.751752 -0.013744 0.701480 -0.649664 0.956204
51.851852 -0.101704 0.715109 -0.633480 0.960740
51.951952 -0.188732 0.722369 -0.611663 0.965178
52.052052 -0.274066 0.723234 -0.584438 0.969406
52.152152 -0.357008 0.717843 -0.552166 0.973468
52.252252 -0.436877 0.706324 -0.515188 0.977329
52.352352 -0.513038 0.688849 -0.473873 0.980957
52.452452 -0.584913 0.665653 -0.428631 0.984349
52.552553 -0.651916 0.636944 -0.379849 0.987409
52.652653 -0.713540 0.603006 -0.327956 0.990106
52.752753 -0.769325 0.564159 -0.273404 0.992415
52.852853 -0.818777 0.520693 -0.216625 0.994205
52.952953 -0.861329 0.472865 -0.158044 0.995222
53.053053 -0.896519 0.421016 -0.098132 0.995305
53.153153 -0.924037 0.365586 -0.037401 0.994432
53.253253 -0.943646 0.307046 0.023633 0.992624
53.353353 -0.955218 0.245910 0.084448 0.989972
53.453453 -0.958649 0.182698 0.144525 0.986547
53.553554 -0.953813 0.117931 0.203336 0.982350
53.653654 -0.940678 0.052157 0.260360 0.977437
53.753754 -0.919264 -0.014054 0.315072 0.971861
53.853854 -0.889557 -0.080116 0.366922 0.965589
53.953954 -0.851555 -0.145406 0.415326 0.958532
54.054054 -0.805292 -0.209260 0.459677 0.950573
54.154154 -0.750917 -0.270979 0.499372 0.941636
54.254254 -0.688673 -0.329828 0.533807 0.931669
54.354354 -0.618980 -0.385080 0.562440 0.920739
54.454454 -0.542384 -0.436002 0.584767 0.908972
54.554555 -0.459527 -0.481850 0.600306 0.896500
54.654655 -0.371183 -0.521897 0.608634 0.883509
54.754755 -0.278227 -0.555395 0.609338 0.870153
54.854855 -0.181633 -0.581542 0.601992 0.856491
54.954955 -0.082555 -0.599605 0.586291 0.842662
55.055055 0.017684 -0.608927 0.562057 0.828863
55.155155 0.117606 -0.608844 0.529158 0.815187
55.255255 0.215574 -0.598853 0.487658 0.801815
55.355355 0.309829 -0.578662 0.437868 0.789032
55.455455 0.398535 -0.548186 0.380308 0.777157
55.555556 0.479933 -0.507706 0.315820 0.766709
55.655656 0.552263 -0.457687 0.245413 0.758089
55.755756 0.613701 -0.398686 0.170209 0.751365
55.855856 0.662774 -0.331679 0.091602 0.746774
55.955956 0.698512 -0.258024 0.011173 0.744728
56.056056 0.720236 -0.179215 -0.069457 0.745441
56.156156 0.727618 -0.096856 -0.148687 0.748943
56.256256 0.720598 -0.012604 -0.224953 0.754999
56.356356 0.699581 0.071881 -0.296837 0.763344
56.456456 0.665606 0.155026 -0.363214 0.773943
56.556557 0.619951 0.235439 -0.423209 0.786687
56.656657 0.563924 0.311897 -0.476107 0.801229
56.756757 0.499001 0.383428 -0.521488 0.817294
56.856857 0.426778 0.449336 -0.559228 0.834732
56.956957 0.348739 0.509102 -0.589329 0.853295
57.057057 0.266241 0.562331 -0.611869 0.872630
57.157157 0.180564 0.608817 -0.627077 0.892462
57.257257 0.092882 0.648481 -0.635264 0.912532
57.357357 0.004232 0.681251 -0.636704 0.932476
57.457457 -0.084445 0.707207 -0.631781 0.952061
57.557558 -0.172312 0.726525 -0.620933 0.971127
57.657658 -0.258641 0.739432 -0.604611 0.989550
57.757758 -0.342815 0.746224 -0.583295 1.007276
57.857858 -0.424312 0.747230 -0.557462 1.024284
57.957958 -0.502683 0.742764 -0.527554 1.040530
58.058058 -0.577537 0.733131 -0.493982 1.055958
58.158158 -0.648526 0.718619 -0.457130 1.070499
58.258258 -0.715298 0.699461 -0.417330 1.084002
58.358358 -0.777554 0.675910 -0.374917 1.096361
58.458458 -0.835075 0.648265 -0.330241 1.107546
58.558559 -0.887667 0.616813 -0.283634 1.117523
58.658659 -0.935183 0.581853 -0.235423 1.126297
58.758759 -0.977476 0.543663 -0.185916 1.133841
58.858859 -1.014418 0.502515 -0.135407 1.140132
58.958959 -1.045974 0.458715 -0.084195 1.145238
59.059059 -1.072027 0.412521 -0.032558 1.149119
59.159159 -1.092462 0.364182 0.019234 1.151725
59.259259 -1.107197 0.313960 0.070910 1.153033
59.359359 -1.116159 0.262118 0.122200 1.153018
59.459459 -1.119361 0.208940 0.172844 1.151738
59.559560 -1.116752 0.154696 0.222574 1.149175
59.659660 -1.108279 0.099656 0.271119 1.145303
59.759760 -1.093981 0.044109 0.318223 1.140178
59.859860 -1.073949 -0.011652 0.363644 1.133904
59.959960 -1.048282 -0.067334 0.407140 1.126584
60.060060 -1.017117 -0.122645 0.448485 1.118351
60.160160 -0.980627 -0.177296 0.487463 1.109361
60.260260 -0.938859 -0.230970 0.523798 1.099622
60.360360 -0.891876 -0.283341 0.557204 1.089129
60.460460 -0.839798 -0.334070 0.587405 1.077919
60.560561 -0.782753 -0.382798 0.614110 1.066006
60.660661 -0.720931 -0.429165 0.637042 1.053445
60.760761 -0.654568 -0.472799 0.655935 1.040312
60.860861 -0.583898 -0.513291 0.670482 1.026621
60.960961 -0.509187 -0.550191 0.680353 1.012355
61.061061 -0.430801 -0.583082 0.685277 0.997586
61.161161 -0.349152 -0.611501 0.684959 0.982349
61.261261 -0.264748 -0.635041 0.679186 0.966779
61.361361 -0.178212 -0.653391 0.667872 0.951174
61.461461 -0.090188 -0.666158 0.650864 0.935695
61.561562 -0.001390 -0.672987 0.628064 0.920531
61.661662 0.087385 -0.673523 0.599402 0.905844
61.761762 0.175264 -0.667401 0.564825 0.891722
61.861862 0.261279 -0.654315 0.524367 0.878269
61.961962 0.344345 -0.633939 0.478079 0.865455
62.062062 0.423279 -0.606027 0.426121 0.853237
62.162162 0.496914 -0.570577 0.368873 0.841754
62.262262 0.564136 -0.527806 0.306905 0.831276
62.362362 0.623817 -0.478019 0.240870 0.821990
62.462462 0.674884 -0.421664 0.171540 0.814061
62.562563 0.716373 -0.359355 0.099804 0.807643
62.662663 0.747472 -0.291860 0.026645 0.802874
62.762763 0.767574 -0.220097 -0.046882 0.799881
62.862863 0.776370 -0.145111 -0.119701 0.798835
62.962963 0.773776 -0.068019 -0.190743 0.799836
63.063063 0.759919 0.010046 -0.258992 0.802904
63.163163 0.735224 0.087950 -0.323530 0.808060
63.263263 0.700263 0.164607 -0.383534 0.815207
63.363363 0.655813 0.239017 -0.438325 0.824226
63.463463 0.602772 0.310275 -0.487356 0.834937
63.563564 0.542177 0.377631 -0.530265 0.847196
63.663664 0.475115 0.440459 -0.566827 0.860832
63.763764 0.402601 0.498206 -0.596860 0.875522
63.863864 0.325676 0.550466 -0.620328 0.891002
63.963964 0.245399 0.597032 -0.637384 0.907153
64.064064 0.162776 0.637845 -0.648304 0.923927
64.164164 0.078695 0.672870 -0.653348 0.941175
64.264264 -0.006039 0.702162 -0.652831 0.958778
64.364364 -0.090709 0.725909 -0.647164 0.976726
64.464464 -0.174693 0.744314 -0.636740 0.994967
64.564565 -0.257452 0.757574 -0.621920 1.013402
64.664665 -0.338508 0.765879 -0.603040 1.031899
64.764765 -0.417433 0.769409 -0.580406 1.050291
64.864865 -0.493851 0.768356 -0.554321 1.068425
64.964965 -0.567413 0.762891 -0.525061 1.086116
65.065065 -0.637865 0.753271 -0.492947 1.103307
65.165165 -0.704984 0.739741 -0.458282 1.119930
65.265265 -0.768547 0.722503 -0.421327 1.135866
65.365365 -0.828392 0.701792 -0.382354 1.151060
65.465465 -0.884332 0.677794 -0.341598 1.165391
65.565566 -0.936235 0.650721 -0.299301 1.178794
65.665666 -0.983983 0.620779 -0.255694 1.191204
65.765766 -1.027538 0.588208 -0.211012 1.202642
65.865866 -1.066895 0.553252 -0.165485 1.213152
65.965966 -1.101924 0.516070 -0.119303 1.222619
66.066066 -1.132502 0.476819 -0.072655 1.230933
66.166166 -1.158563 0.435683 -0.025732 1.238043
66.266266 -1.180088 0.392857 0.021277 1.243945
66.366366 -1.197034 0.348523 0.068188 1.248603
66.466466 -1.209378 0.302864 0.114822 1.252001
66.566567 -1.217136 0.256073 0.161007 1.254159
66.666667 -1.220264 0.208323 0.206565 1.255035
66.766767 -1.218762 0.159798 0.251324 1.254624
66.866867 -1.212654 0.110685 0.295119 1.252947
66.966967 -1.201909 0.061165 0.337770 1.249966
67.067067 -1.186568 0.011427 0.379115 1.245714
67.167167 -1.166706 -0.038339 0.419001 1.240255
67.267267 -1.142292 -0.087937 0.457235 1.233543
67.367367 -1.113347 -0.137171 0.493641 1.225577
67.467467 -1.080033 -0.185850 0.528094 1.216509
67.567568 -1.042466 -0.233778 0.560450 1.206438
67.667668 -1.000697 -0.280745 0.590530 1.195382
67.767768 -0.954754 -0.326521 0.618127 1.183322
67.867868 -0.904683 -0.370864 0.643033 1.170249
67.967968 -0.850587 -0.413536 0.665057 1.156206
68.068068 -0.792474 -0.454227 0.683915 1.141086
68.168168 -0.730381 -0.492612 0.699315 1.124795
68.268268 -0.664441 -0.528373 0.711004 1.107333
68.368368 -0.594818 -0.561175 0.718724 1.088711
68.468468 -0.521714 -0.590655 0.722203 1.068942
68.568569 -0.445322 -0.616368 0.721088 1.047945
68.668669 -0.365881 -0.637808 0.714987 1.025609
68.768769 -0.283758 -0.654515 0.703591 1.001972
68.868869 -0.199436 -0.666067 0.686666 0.977205
68.968969 -0.113459 -0.671974 0.663932 0.951435
69.069069 -0.026475 -0.671694 0.635098 0.924782
69.169169 0.060737 -0.664637 0.599869 0.897371
69.269269 0.147233 -0.650195 0.557988 0.869358
69.369369 0.231891 -0.627824 0.509317 0.841035
69.469469 0.313336 -0.596903 0.453727 0.812613
69.569570 0.389894 -0.556780 0.391161 0.784238
69.669670 0.459587 -0.506951 0.321799 0.756158
69.769770 0.520071 -0.447055 0.246073 0.728618
69.869870 0.568809 -0.377139 0.164862 0.702109
69.969970 0.603020 -0.297677 0.079521 0.677177
70.070070 0.619644 -0.209621 -0.008058 0.654190
70.170170 0.615845 -0.114741 -0.095293 0.633650
70.270270 0.589521 -0.015742 -0.178969 0.616289
70.370370 0.539595 0.083804 -0.255403 0.602840
70.470470 0.466355 0.179650 -0.320728 0.593824
70.570571 0.371931 0.267272 -0.371424 0.589680
70.670671 0.260218 0.342417 -0.404805 0.590618
70.770771 0.136407 0.401606 -0.419333 0.596435
70.870871 0.006394 0.442546 -0.414805 0.606590
70.970971 -0.123919 0.464311 -0.392296 0.620352
71.071071 -0.249240 0.467256 -0.353877 0.636929
71.171171 -0.365247 0.452682 -0.302179 0.655468
71.271271 -0.468630 0.422431 -0.240007 0.675030
71.371371 -0.557102 0.378713 -0.170175 0.694799
71.471471 -0.629327 0.323934 -0.095365 0.714199
71.571572 -0.684733 0.260486 -0.017996 0.732828
71.671672 -0.723194 0.190592 0.059820 0.750275
71.771772 -0.744845 0.116270 0.136241 0.766078
71.871872 -0.750291 0.039420 0.209698 0.780041
71.971972 -0.740580 -0.038224 0.278918 0.792285
72.072072 -0.716895 -0.115141 0.342868 0.802966
72.172172 -0.680406 -0.189991 0.400684 0.812156
72.272272 -0.632241 -0.261564 0.451609 0.819814
72.372372 -0.573734 -0.328849 0.495138 0.826120
72.472472 -0.506266 -0.390976 0.530913 0.831286
72.572573 -0.431142 -0.447170 0.558641 0.835418
72.672673 -0.349660 -0.496733 0.578097 0.838571
72.772773 -0.263101 -0.539048 0.589125 0.840752
72.872873 -0.172775 -0.573579 0.591656 0.841963
72.972973 -0.079985 -0.599843 0.585670 0.842151
73.073073 0.013926 -0.617486 0.571274 0.841330
73.173173 0.107609 -0.626225 0.548650 0.839496
73.273273 0.199714 -0.625929 0.518118 0.836731
73.373373 0.288896 -0.616560 0.480086 0.833120
73.473473 0.373775 -0.598078 0.434969 0.828616
73.573574 0.453008 -0.570609 0.383326 0.823255
73.673674 0.525342 -0.534489 0.325880 0.817227
73.773774 0.589580 -0.490167 0.263446 0.810724
73.873874 0.644583 -0.438200 0.196915 0.803916
73.973974 0.689175 -0.379190 0.127236 0.796829
74.074074 0.722212 -0.313853 0.055453 0.789411
74.174174 0.742709 -0.243098 -0.017264 0.781672
74.274274 0.749793 -0.167984 -0.089640 0.773591
74.374374 0.742875 -0.089760 -0.160317 0.765260
74.474474 0.721618 -0.009835 -0.227870 0.756806
74.574575 0.686030 0.070259 -0.290873 0.748453
74.674675 0.636451 0.148887 -0.347912 0.740459
74.774775 0.573416 0.224331 -0.397564 0.732931
74.874875 0.497751 0.294789 -0.438416 0.725854
74.974975 0.410730 0.358481 -0.469228 0.719293
75.075075 0.314227 0.413857 -0.489170 0.713655
75.175175 0.210461 0.459621 -0.497762 0.709445
75.275275 0.101809 0.494620 -0.494711 0.706932
75.375375 -0.009224 0.517875 -0.479924 0.706121
75.475475 -0.120005 0.528732 -0.453660 0.706941
75.575576 -0.227895 0.526964 -0.416570 0.709336
75.675676 -0.330408 0.512808 -0.369695 0.713314
75.775776 -0.425323 0.486888 -0.314344 0.718869
75.875876 -0.510783 0.450161 -0.252021 0.725988
75.975976 -0.585401 0.403889 -0.184358 0.734716
76.076076 -0.648025 0.349361 -0.112936 0.744811
76.176176 -0.697647 0.287841 -0.039264 0.755716
76.276276 -0.733785 0.220767 0.035158 0.767081
76.376376 -0.756304 0.149610 0.108915 0.778615
76.476476 -0.765266 0.075782 0.180707 0.789955
76.576577 -0.761077 0.000664 0.249385 0.800894
76.676677 -0.744513 -0.074458 0.314000 0.811443
76.776777 -0.716493 -0.148421 0.373771 0.821642
76.876877 -0.677887 -0.220176 0.428006 0.831383
76.976977 -0.629662 -0.288792 0.476154 0.840594
77.077077 -0.572779 -0.353415 0.517734 0.849133
77.177177 -0.508162 -0.413242 0.552301 0.856757
77.277277 -0.436874 -0.467621 0.579596 0.863400
77.377377 -0.360030 -0.516022 0.599491 0.869074
77.477477 -0.278754 -0.558038 0.611976 0.873856
77.577578 -0.194155 -0.593353 0.617120 0.877840
77.677678 -0.107292 -0.621670 0.614994 0.881024
77.777778 -0.019194 -0.642672 0.605641 0.883288
77.877878 0.069106 -0.656146 0.589201 0.884568
77.977978 0.156589 -0.662070 0.565989 0.884986
78.078078 0.242279 -0.660509 0.536384 0.884692
78.178178 0.325221 -0.651523 0.500760 0.883749
78.278278 0.404448 -0.635152 0.459467 0.882103
78.378378 0.479011 -0.611499 0.412916 0.879706
78.478478 0.548007 -0.580775 0.361600 0.876565
78.578579 0.610510 -0.543206 0.306033 0.872612
78.678679 0.665638 -0.499104 0.246796 0.867806
78.778779 0.712681 -0.448964 0.184584 0.862296
78.878879 0.750960 -0.393331 0.120128 0.856201
78.978979 0.779794 -0.332775 0.054184 0.849561
79.079079 0.798515 -0.267930 -0.012438 0.842358
79.179179 0.806437 -0.199489 -0.078866 0.834480
79.279279 0.803050 -0.128276 -0.144165 0.825911
79.379379 0.787984 -0.055225 -0.207342 0.816676
79.479479 0.761017 0.018635 -0.267363 0.806831
79.579580 0.722167 0.092176 -0.323183 0.796536
79.679680 0.671674 0.164203 -0.373766 0.786009
79.779780 0.609945 0.233448 -0.418065 0.775442
79.879880 0.537614 0.298603 -0.455067 0.765035
79.979980 0.455712 0.358406 -0.483933 0.755195
80.080080 0.365553 0.411674 -0.503994 0.746400
80.180180 0.268603 0.457237 -0.514638 0.738962
80.280280 0.166499 0.493943 -0.515328 0.732983
80.380380 0.061139 0.520896 -0.505855 0.728669
80.480480 -0.045406 0.537436 -0.486282 0.726202
80.580581 -0.150983 0.542977 -0.456768 0.725436
80.680681 -0.253377 0.537188 -0.417734 0.726135
80.780781 -0.350507 0.520277 -0.370057 0.728344
80.880881 -0.440531 0.492851 -0.314909 0.732214
80.980981 -0.521752 0.455607 -0.253497 0.737607
81.081081 -0.592667 0.409389 -0.187100 0.744218
81.181181 -0.652103 0.355260 -0.117097 0.751772
81.281281 -0.699140 0.294396 -0.044886 0.759922
81.381381 -0.733185 0.228075 0.028145 0.768356
81.481481 -0.754077 0.157675 0.100661 0.776934
81.581582 -0.761948 0.084566 0.171427 0.785560
81.681682 -0.757032 0.010053 0.239300 0.794017
81.781782 -0.739650 -0.064608 0.303217 0.801995
81.881882 -0.710425 -0.138221 0.362266 0.809349
81.981982 -0.670143 -0.209665 0.415660 0.815980
82.082082 -0.619631 -0.277888 0.462691 0.821735
82.182182 -0.559777 -0.341897 0.502722 0.826422
82.282282 -0.491558 -0.400772 0.535218 0.829883
82.382382 -0.416149 -0.453762 0.559864 0.832182
82.482482 -0.334778 -0.500213 0.576453 0.833419
82.582583 -0.248638 -0.539495 0.584790 0.833580
82.682683 -0.158982 -0.571086 0.584801 0.832710
82.782783 -0.067104 -0.594601 0.576549 0.830940
82.882883 0.025696 -0.609695 0.560142 0.828341
82.982983 0.118100 -0.616082 0.535745 0.824940
83.083083 0.208779 -0.613603 0.503646 0.820826
83.183183 0.296403 -0.602231 0.464257 0.816132
83.283283 0.379670 -0.582061 0.418096 0.811017
83.383383 0.457189 -0.553140 0.365661 0.805416
83.483483 0.527541 -0.515589 0.307532 0.799192
83.583584 0.589397 -0.469774 0.244487 0.792370
83.683684 0.641465 -0.416192 0.177415 0.784964
83.783784 0.682555 -0.355518 0.107335 0.777043
83.883884 0.711575 -0.288590 0.035387 0.768684
83.983984 0.727655 -0.216440 -0.037180 0.760073
84.084084 0.730119 -0.140270 -0.109023 0.751422
84.184184 0.718451 -0.061414 -0.178729 0.742891
84.284284 0.692563 0.018634 -0.244875 0.734816
84.384384 0.652542 0.098265 -0.305991 0.727391
84.484484 0.598566 0.175758 -0.360528 0.720523
84.584585 0.531349 0.249330 -0.407059 0.714279
84.684685 0.452184 0.317263 -0.444406 0.708959
84.784785 0.362771 0.377971 -0.471649 0.704924
84.884885 0.265051 0.429971 -0.488043 0.702362
84.984985 0.161188 0.471943 -0.493067 0.701304
85.085085 0.053607 0.502960 -0.486654 0.701908
85.185185 -0.055175 0.522493 -0.469136 0.704366
85.285285 -0.162716 0.530406 -0.441190 0.708841
85.385385 -0.266682 0.526755 -0.403634 0.715200
85.485485 -0.364952 0.511878 -0.357480 0.723189
85.585586 -0.455765 0.486560 -0.304038 0.732735
85.685686 -0.537638 0.451715 -0.244648 0.743608
85.785786 -0.609404 0.408392 -0.180672 0.755513
85.885886 -0.670355 0.357827 -0.113496 0.768308
85.985986 -0.720162 0.301323 -0.044441 0.781923
86.086086 -0.758622 0.240083 0.025303 0.796108
86.186186 -0.785639 0.175234 0.094654 0.810491
86.286286 -0.801276 0.107861 0.162621 0.824696
86.386386 -0.805670 0.038989 0.228292 0.838297
86.486486 -0.799162 -0.030398 0.290862 0.850990
86.586587 -0.782366 -0.099381 0.349677 0.862698
86.686687 -0.755865 -0.167115 0.404137 0.873262
86.786787 -0.720205 -0.232806 0.453686 0.882454
86.886887 -0.676139 -0.295765 0.497924 0.890264
86.986987 -0.624436 -0.355363 0.536519 0.896691
87.087087 -0.565790 -0.410985 0.569126 0.901627
87.187187 -0.500859 -0.462012 0.595384 0.904874
87.287287 -0.430374 -0.507885 0.615010 0.906315
87.387387 -0.355157 -0.548139 0.627842 0.905968
87.487487 -0.276054 -0.582349 0.633760 0.903874
87.587588 -0.193942 -0.610153 0.632717 0.900128
87.687688 -0.109731 -0.631277 0.624755 0.894913
87.787788 -0.024344 -0.645476 0.609948 0.888408
87.887888 0.061286 -0.652391 0.588268 0.880585
87.987988 0.146161 -0.651613 0.559663 0.871312
88.088088 0.229192 -0.642767 0.524138 0.860464
88.188188 0.309209 -0.625560 0.481807 0.847982
88.288288 0.384986 -0.599844 0.432933 0.833941
88.388388 0.455177 -0.565489 0.377838 0.818368
88.488488 0.518330 -0.522443 0.316950 0.801292
88.588589 0.572914 -0.470813 0.250871 0.782836
88.688689 0.617313 -0.410860 0.180376 0.763162
88.788789 0.649864 -0.343069 0.106464 0.742532
88.888889 0.668922 -0.268202 0.030385 0.721327
88.988989 0.672796 -0.187300 -0.046334 0.699916
89.089089 0.659954 -0.101794 -0.121856 0.678786
89.189189 0.629202 -0.013584 -0.194016 0.658575
89.289289 0.579736 0.074968 -0.260348 0.639918
89.389389 0.511530 0.161031 -0.318203 0.623576
89.489489 0.425560 0.241434 -0.364944 0.610390
89.589590 0.323765 0.312767 -0.398029 0.600894
89.689690 0.209235 0.371709 -0.415375 0.595385
89.789790 0.086180 0.415377 -0.415677 0.593929
89.889890 -0.040449 0.441608 -0.398543 0.596230
89.989990 -0.165372 0.449380 -0.364755 0.601944
90.090090 -0.283634 0.439017 -0.316244 0.610897
90.190190 -0.391079 0.411889 -0.255651 0.622859
90.290290 -0.484662 0.370124 -0.185961 0.637550
90.390390 -0.562489 0.316303 -0.110204 0.654665
90.490490 -0.623599 0.253061 -0.031153 0.673711
90.590591 -0.667694 0.182906 0.048756 0.694008
90.690691 -0.694917 0.108125 0.127437 0.714732
90.790791 -0.706072 0.030834 0.203180 0.735371
90.890891 -0.702430 -0.047108 0.274671 0.755693
90.990991 -0.685350 -0.124150 0.340907 0.775458
91.091091 -0.656097 -0.198978 0.401080 0.794305
91.191191 -0.615926 -0.270489 0.454573 0.811890
91.291291 -0.566281 -0.337834 0.501069 0.828177
91.391391 -0.508555 -0.400345 0.540403 0.843172
91.491491 -0.443980 -0.457447 0.572442 0.856777
91.591592 -0.373742 -0.508692 0.597160 0.868937
91.691692 -0.298974 -0.553745 0.614614 0.879642
91.791792 -0.220772 -0.592404 0.624978 0.888977
91.891892 -0.140177 -0.624595 0.628524 0.897112
91.991992 -0.058133 -0.650234 0.625484 0.904109
92.092092 0.024483 -0.669259 0.616088 0.909984
92.192192 0.106838 -0.681696 0.600634 0.914814
92.292292 0.188138 -0.687543 0.579381 0.918582
92.392392 0.267596 -0.686750 0.552540 0.921160
92.492492 0.344486 -0.679413 0.520441 0.922568
92.592593 0.418138 -0.665735 0.483492 0.922934
92.692693 0.487868 -0.645853 0.442045 0.922250
92.792793 0.553024 -0.619947 0.396483 0.920526
92.892893 0.612942 -0.588203 0.347197 0.917729
92.992993 0.666904 -0.550772 0.294564 0.913717
93.093093 0.714208 -0.507871 0.239017 0.908380
93.193193 0.754184 -0.459784 0.181041 0.901649
93.293293 0.786169 -0.406852 0.121172 0.893462
93.393393 0.809608 -0.349519 0.060006 0.883872
93.493493 0.824123 -0.288355 -0.001802 0.873116
93.593594 0.829323 -0.223955 -0.063568 0.861379
93.693694 0.824552 -0.156892 -0.124541 0.848535
93.793794 0.809165 -0.087836 -0.183886 0.834432
93.893894 0.782763 -0.017613 -0.240702 0.819125
93.993994 0.745022 0.052835 -0.294002 0.802674
94.094094 0.695606 0.122417 -0.342660 0.785028
94.194194 0.634420 0.189892 -0.385486 0.766255
94.294294 0.561724 0.253879 -0.421278 0.746635
94.394394 0.478036 0.312846 -0.448779 0.726494
94.494494 0.384215 0.365117 -0.466707 0.706220
94.594595 0.281492 0.408837 -0.473735 0.686156
94.694695 0.171593 0.441999 -0.468561 0.666601
94.794795 0.056920 0.462655 -0.450155 0.648019
94.894895 -0.059425 0.469037 -0.417889 0.630997
94.994995 -0.173693 0.459674 -0.371622 0.616094
95.095095 -0.281631 0.433754 -0.311994 0.603985
95.195195 -0.378836 0.391403 -0.240568 0.595471
95.295295 -0.461022 0.333609 -0.159674 0.591043
95.395395 -0.524349 0.262218 -0.072295 0.590700
95.495495 -0.565940 0.179987 0.018054 0.594146
95.595596 -0.584100 0.090323 0.107636 0.600763
95.695696 -0.578520 -0.003007 0.192840 0.609821
95.795796 -0.550342 -0.096226 0.270517 0.620738
95.895896 -0.501838 -0.185904 0.338215 0.633081
95.995996 -0.435885 -0.269126 0.394161 0.646365
96.096096 -0.355624 -0.343522 0.437176 0.660000
96.196196 -0.264360 -0.407297 0.466671 0.673468
96.296296 -0.165392 -0.459207 0.482572 0.686368
96.396396 -0.061888 -0.498533 0.485246 0.698447
96.496496 0.043218 -0.524858 0.475270 0.709384
96.596597 0.147227 -0.537998 0.453358 0.718785
96.696697 0.247673 -0.538153 0.420508 0.726483
96.796797 0.342328 -0.525763 0.377860 0.732389
96.896897 0.429181 -0.501417 0.326626 0.736411
96.996997 0.506436 -0.465886 0.268114 0.738520
97.097097 0.572487 -0.420074 0.203694 0.738712
97.197197 0.625892 -0.365010 0.134800 0.736983
97.297297 0.665336 -0.301832 0.062926 0.733303
97.397397 0.689813 -0.231888 -0.010343 0.727819
97.497497 0.698596 -0.156695 -0.083351 0.720790
97.597598 0.691147 -0.077889 -0.154396 0.712453
97.697698 0.667184 0.002747 -0.221723 0.703067
97.797798 0.626609 0.083277 -0.283494 0.692779
97.897898 0.569670 0.161591 -0.337823 0.681733
97.997998 0.497136 0.235436 -0.382863 0.670193
98.098098 0.410304 0.302453 -0.416837 0.658468
98.198198 0.310897 0.360114 -0.437957 0.646642
98.298298 0.201324 0.405902 -0.444664 0.634834
98.398398 0.084792 0.437491 -0.435844 0.623336
98.498498 -0.034810 0.452868 -0.410896 0.612485
98.598599 -0.152955 0.450404 -0.369790 0.602498
98.698699 -0.264597 0.429023 -0.313177 0.593424
98.798799 -0.364420 0.388608 -0.242697 0.585423
98.898899 -0.447340 0.330240 -0.161026 0.578879
98.998999 -0.508849 0.256128 -0.071707 0.574170
99.099099 -0.545310 0.169456 0.021098 0.571423
99.199199 -0.554598 0.074365 0.112828 0.570823
99.299299 -0.536085 -0.024421 0.198871 0.572306
99.399399 -0.490811 -0.121979 0.274979 0.575663
99.499499 -0.421540 -0.213566 0.337635 0.580779
99.599600 -0.332210 -0.294990 0.384225 0.587377
99.699700 -0.227606 -0.362859 0.413157 0.595121
99.799800 -0.112974 -0.414767 0.423910 0.603734
99.899900 0.006424 -0.449170 0.416772 0.612775
100.000000 0.125563 -0.465303 0.392682 0.621669
