0.000000 0.612241 0.656625 -0.008243 0.897810
0.100100 0.528319 0.718409 -0.050796 0.893204
0.200200 0.438994 0.772744 -0.092800 0.893566
0.300300 0.345198 0.819088 -0.133824 0.898875
0.400400 0.247960 0.857121 -0.173473 0.908973
0.500501 0.148359 0.886802 -0.211415 0.923647
0.600601 0.047442 0.908301 -0.247391 0.942584
0.700701 -0.053838 0.921877 -0.281194 0.965311
0.800801 -0.154631 0.927954 -0.312695 0.991356
0.900901 -0.254226 0.927132 -0.341858 1.020329
1.001001 -0.352048 0.920025 -0.368688 1.051815
1.101101 -0.447659 0.907272 -0.393240 1.085439
1.201201 -0.540761 0.889539 -0.415619 1.120911
1.301301 -0.631145 0.867428 -0.435936 1.157936
1.401401 -0.718648 0.841439 -0.454286 1.196181
1.501502 -0.803182 0.812047 -0.470780 1.235376
1.601602 -0.884708 0.779681 -0.485531 1.275285
1.701702 -0.963230 0.744729 -0.498651 1.315707
1.801802 -1.038864 0.707601 -0.510292 1.356589
1.901902 -1.111775 0.668672 -0.520611 1.397928
2.002002 -1.182096 0.628238 -0.529732 1.439670
2.102102 -1.249898 0.586516 -0.537739 1.481691
2.202202 -1.315223 0.543680 -0.544694 1.523841
2.302302 -1.378131 0.499891 -0.550662 1.566002
2.402402 -1.438727 0.455308 -0.555718 1.608124
2.502503 -1.497128 0.410075 -0.559940 1.650178
2.602603 -1.553455 0.364315 -0.563398 1.692148
2.702703 -1.607785 0.318128 -0.566143 1.733983
2.802803 -1.660197 0.271602 -0.568225 1.775641
2.902903 -1.710834 0.224824 -0.569710 1.817159
3.003003 -1.759825 0.177868 -0.570658 1.858567
3.103103 -1.807260 0.130793 -0.571113 1.899859
3.203203 -1.853182 0.083646 -0.571100 1.940988
3.303303 -1.897667 0.036470 -0.570654 1.981947
3.403403 -1.940815 -0.010696 -0.569817 2.022762
3.503504 -1.982692 -0.057820 -0.568617 2.063428
3.603604 -2.023338 -0.104873 -0.567074 2.103918
3.703704 -2.062778 -0.151829 -0.565203 2.144192
3.803804 -2.101034 -0.198664 -0.563017 2.184216
3.903904 -2.138112 -0.245354 -0.560525 2.223940
4.004004 -2.174026 -0.291877 -0.557738 2.263328
4.104104 -2.208803 -0.338215 -0.554668 2.302359
4.204204 -2.242516 -0.384358 -0.551340 2.341065
4.304304 -2.275254 -0.430301 -0.547782 2.379496
4.404404 -2.307083 -0.476042 -0.544014 2.417685
4.504505 -2.338080 -0.521579 -0.540059 2.455673
4.604605 -2.368303 -0.566912 -0.535934 2.493486
4.704705 -2.397802 -0.612042 -0.531654 2.531147
4.804805 -2.426603 -0.656962 -0.527229 2.568652
4.904905 -2.454713 -0.701665 -0.522661 2.605979
5.005005 -2.482160 -0.746148 -0.517962 2.643130
5.105105 -2.508975 -0.790411 -0.513139 2.680116
5.205205 -2.535183 -0.834453 -0.508200 2.716934
5.305305 -2.560803 -0.878272 -0.503152 2.753586
5.405405 -2.585864 -0.921870 -0.498003 2.790079
5.505506 -2.610381 -0.965245 -0.492758 2.826410
5.605606 -2.634366 -1.008394 -0.487420 2.862572
5.705706 -2.657858 -1.051325 -0.482000 2.898589
5.805806 -2.680896 -1.094048 -0.476505 2.934485
5.905906 -2.703490 -1.136561 -0.470940 2.970255
6.006006 -2.725636 -1.178858 -0.465305 3.005879
6.106106 -2.747331 -1.220930 -0.459601 3.041337
6.206206 -2.768574 -1.262774 -0.453829 3.076616
6.306306 -2.789396 -1.304398 -0.447997 3.111734
6.406406 -2.809815 -1.345805 -0.442108 3.146698
6.506507 -2.829826 -1.386990 -0.436162 3.181493
6.606607 -2.849438 -1.427951 -0.430164 3.216113
6.706707 -2.868666 -1.468692 -0.424115 3.250565
6.806807 -2.887528 -1.509218 -0.418020 3.284858
6.906907 -2.906033 -1.549530 -0.411881 3.318993
7.007007 -2.924188 -1.589629 -0.405700 3.352967
7.107107 -2.942015 -1.629521 -0.399482 3.386794
7.207207 -2.959536 -1.669218 -0.393230 3.420493
7.307307 -2.976766 -1.708724 -0.386947 3.454070
7.407407 -2.993719 -1.748043 -0.380635 3.487533
7.507508 -3.010407 -1.787181 -0.374298 3.520889
7.607608 -3.026848 -1.826146 -0.367938 3.554152
7.707708 -3.043052 -1.864941 -0.361556 3.587324
7.807808 -3.059034 -1.903573 -0.355156 3.620416
7.907908 -3.074805 -1.942048 -0.348739 3.653436
8.008008 -3.090370 -1.980367 -0.342306 3.686382
8.108108 -3.105737 -2.018531 -0.335859 3.719257
8.208208 -3.120923 -2.056553 -0.329399 3.752076
8.308308 -3.135950 -2.094444 -0.322931 3.784860
8.408408 -3.150814 -2.132199 -0.316453 3.817597
8.508509 -3.165506 -2.169813 -0.309965 3.850272
8.608609 -3.180041 -2.207292 -0.303469 3.882897
8.708709 -3.194425 -2.244641 -0.296967 3.915476
8.808809 -3.208655 -2.281857 -0.290458 3.948000
8.908909 -3.222739 -2.318942 -0.283942 3.980473
9.009009 -3.236681 -2.355899 -0.277422 4.012895
9.109109 -3.250481 -2.392728 -0.270897 4.045263
9.209209 -3.264133 -2.429423 -0.264366 4.077567
9.309309 -3.277632 -2.465978 -0.257831 4.109793
9.409409 -3.290991 -2.502402 -0.251292 4.141954
9.509510 -3.304218 -2.538700 -0.244750 4.174058
9.609610 -3.317318 -2.574876 -0.238206 4.206106
9.709710 -3.330300 -2.610936 -0.231661 4.238107
9.809810 -3.343172 -2.646883 -0.225116 4.270066
9.909910 -3.355937 -2.682721 -0.218570 4.301985
10.010010 -3.368586 -2.718441 -0.212024 4.333849
10.110110 -3.381121 -2.754044 -0.205478 4.365657
10.210210 -3.393557 -2.789542 -0.198933 4.397425
10.310310 -3.405898 -2.824936 -0.192390 4.429155
10.410410 -3.418151 -2.860233 -0.185849 4.460856
10.510511 -3.430323 -2.895438 -0.179311 4.492530
10.610611 -3.442415 -2.930550 -0.172776 4.524179
10.710711 -3.454427 -2.965569 -0.166243 4.555798
10.810811 -3.466356 -3.000492 -0.159714 4.587383
10.910911 -3.478202 -3.035320 -0.153188 4.618931
11.011011 -3.489960 -3.070045 -0.146665 4.650431
11.111111 -3.501635 -3.104674 -0.140146 4.681889
11.211211 -3.513226 -3.139204 -0.133630 4.713302
11.311311 -3.524732 -3.173633 -0.127119 4.744665
11.411411 -3.536154 -3.207962 -0.120611 4.775977
11.511512 -3.547495 -3.242194 -0.114107 4.807241
11.611612 -3.558765 -3.276336 -0.107608 4.838467
11.711712 -3.569965 -3.310390 -0.101114 4.869657
11.811812 -3.581088 -3.344349 -0.094624 4.900798
11.911912 -3.592128 -3.378206 -0.088140 4.931879
12.012012 -3.603089 -3.411964 -0.081660 4.962904
12.112112 -3.613971 -3.445624 -0.075185 4.993873
12.212212 -3.624776 -3.479187 -0.068716 5.024786
12.312312 -3.635510 -3.512658 -0.062252 5.055648
12.412412 -3.646172 -3.546035 -0.055794 5.086457
12.512513 -3.656756 -3.579313 -0.049341 5.117205
12.612613 -3.667255 -3.612484 -0.042894 5.147877
12.712713 -3.677667 -3.645545 -0.036453 5.178470
12.812813 -3.687987 -3.678492 -0.030018 5.208978
12.912913 -3.698215 -3.711323 -0.023589 5.239396
13.013013 -3.708358 -3.744045 -0.017166 5.269733
13.113113 -3.718421 -3.776664 -0.010749 5.299996
13.213213 -3.728400 -3.809173 -0.004339 5.330177
13.313313 -3.738291 -3.841569 0.002064 5.360268
13.413413 -3.748097 -3.873854 0.008461 5.390273
13.513514 -3.757822 -3.906033 0.014851 5.420197
13.613614 -3.767464 -3.938101 0.021233 5.450035
13.713714 -3.777020 -3.970057 0.027609 5.479781
13.813814 -3.786488 -4.001897 0.033977 5.509431
13.913914 -3.795873 -4.033627 0.040338 5.538992
14.014014 -3.805192 -4.065262 0.046692 5.568484
14.114114 -3.814450 -4.096810 0.053038 5.597918
14.214214 -3.823653 -4.128275 0.059377 5.627300
14.314314 -3.832806 -4.159664 0.065708 5.656636
14.414414 -3.841909 -4.190975 0.072032 5.685923
14.514515 -3.850959 -4.222206 0.078348 5.715160
14.614615 -3.859956 -4.253356 0.084657 5.744342
14.714715 -3.868899 -4.284424 0.090958 5.773469
14.814815 -3.877785 -4.315405 0.097251 5.802534
14.914915 -3.886614 -4.346301 0.103536 5.831537
15.015015 -3.895390 -4.377114 0.109813 5.860482
15.115115 -3.904110 -4.407842 0.116082 5.889365
15.215215 -3.912778 -4.438488 0.122343 5.918191
15.315315 -3.921393 -4.469052 0.128595 5.946956
15.415415 -3.929951 -4.499527 0.134840 5.975654
15.515516 -3.938456 -4.529920 0.141076 6.004291
15.615616 -3.946905 -4.560227 0.147303 6.032863
15.715716 -3.955301 -4.590448 0.153523 6.061369
15.815816 -3.963644 -4.620587 0.159733 6.089812
15.915916 -3.971933 -4.650640 0.165935 6.118189
16.016016 -3.980171 -4.680611 0.172129 6.146504
16.116116 -3.988363 -4.710505 0.178314 6.174763
16.216216 -3.996506 -4.740320 0.184490 6.202961
16.316316 -4.004601 -4.770056 0.190658 6.231101
16.416416 -4.012656 -4.799721 0.196818 6.259191
16.516517 -4.020671 -4.829316 0.202969 6.287232
16.616617 -4.028646 -4.858842 0.209112 6.315225
16.716717 -4.036584 -4.888300 0.215246 6.343171
16.816817 -4.044482 -4.917689 0.221373 6.371068
16.916917 -4.052339 -4.947005 0.227490 6.398911
17.017017 -4.060153 -4.976247 0.233599 6.426698
17.117117 -4.067921 -5.005411 0.239699 6.454423
17.217217 -4.075646 -5.034499 0.245790 6.482090
17.317317 -4.083328 -5.063513 0.251872 6.509698
17.417417 -4.090965 -5.092449 0.257945 6.537245
17.517518 -4.098558 -5.121308 0.264009 6.564729
17.617618 -4.106109 -5.150093 0.270064 6.592157
17.717718 -4.113623 -5.178810 0.276110 6.619532
17.817818 -4.121096 -5.207454 0.282147 6.646850
17.917918 -4.128521 -5.236015 0.288175 6.674098
18.018018 -4.135893 -5.264487 0.294193 6.701267
18.118118 -4.143211 -5.292870 0.300201 6.728358
18.218218 -4.150484 -5.321173 0.306199 6.755380
18.318318 -4.157719 -5.349406 0.312188 6.782348
18.418418 -4.164917 -5.377570 0.318169 6.809261
18.518519 -4.172075 -5.405660 0.324140 6.836112
18.618619 -4.179187 -5.433670 0.330101 6.862896
18.718719 -4.186252 -5.461598 0.336053 6.889607
18.818819 -4.193269 -5.489440 0.341994 6.916243
18.918919 -4.200236 -5.517197 0.347926 6.942801
19.019019 -4.207154 -5.544867 0.353847 6.969282
19.119119 -4.214021 -5.572450 0.359758 6.995684
19.219219 -4.220844 -5.599952 0.365658 7.022015
19.319319 -4.227621 -5.627373 0.371549 7.048273
19.419419 -4.234352 -5.654711 0.377430 7.074457
19.519520 -4.241036 -5.681965 0.383300 7.100566
19.619620 -4.247675 -5.709137 0.389160 7.126601
19.719720 -4.254272 -5.736233 0.395010 7.152569
19.819820 -4.260832 -5.763257 0.400851 7.178475
19.919920 -4.267357 -5.790214 0.406683 7.204325
20.020020 -4.273846 -5.817099 0.412505 7.230115
20.120120 -4.280301 -5.843918 0.418317 7.255849
20.220220 -4.286726 -5.870675 0.424121 7.281533
20.320320 -4.293119 -5.897367 0.429915 7.307163
20.420420 -4.299478 -5.923992 0.435701 7.332736
20.520521 -4.305804 -5.950550 0.441476 7.358253
20.620621 -4.312100 -5.977047 0.447243 7.383720
20.720721 -4.318370 -6.003486 0.453001 7.409141
20.820821 -4.324611 -6.029865 0.458750 7.434513
20.920921 -4.330826 -6.056186 0.464491 7.459839
21.021021 -4.337014 -6.082449 0.470222 7.485118
21.121121 -4.343175 -6.108653 0.475945 7.510349
21.221221 -4.349314 -6.134805 0.481659 7.535540
21.321321 -4.355437 -6.160915 0.487365 7.560703
21.421421 -4.361545 -6.186983 0.493064 7.585838
21.521522 -4.367634 -6.213004 0.498755 7.610940
21.621622 -4.373706 -6.238979 0.504438 7.636008
21.721722 -4.379758 -6.264907 0.510113 7.661042
21.821822 -4.385793 -6.290788 0.515780 7.686041
21.921922 -4.391809 -6.316624 0.521439 7.711007
22.022022 -4.397807 -6.342411 0.527090 7.735936
22.122122 -4.403784 -6.368149 0.532733 7.760827
22.222222 -4.409744 -6.393842 0.538367 7.785685
22.322322 -4.415692 -6.419496 0.543995 7.810518
22.422422 -4.421628 -6.445114 0.549615 7.835328
22.522523 -4.427549 -6.470688 0.555227 7.860106
22.622623 -4.433447 -6.496209 0.560831 7.884841
22.722723 -4.439319 -6.521673 0.566425 7.909527
22.822823 -4.445166 -6.547079 0.572011 7.934163
22.922923 -4.450988 -6.572428 0.577587 7.958751
23.023023 -4.456785 -6.597721 0.583155 7.983290
23.123123 -4.462554 -6.622950 0.588713 8.007773
23.223223 -4.468286 -6.648107 0.594260 8.032189
23.323323 -4.473980 -6.673186 0.599797 8.056530
23.423423 -4.479633 -6.698185 0.605322 8.080792
23.523524 -4.485244 -6.723100 0.610836 8.104975
23.623624 -4.490819 -6.747942 0.616340 8.129087
23.723724 -4.496361 -6.772714 0.621833 8.153134
23.823824 -4.501873 -6.797420 0.627316 8.177120
23.923924 -4.507358 -6.822067 0.632790 8.201055
24.024024 -4.512823 -6.846664 0.638255 8.224947
24.124124 -4.518268 -6.871210 0.643712 8.248796
24.224224 -4.523688 -6.895699 0.649160 8.272595
24.324324 -4.529082 -6.920127 0.654598 8.296339
24.424424 -4.534450 -6.944497 0.660027 8.320031
24.524525 -4.539797 -6.968816 0.665447 8.343679
24.624625 -4.545126 -6.993087 0.670858 8.367287
24.724725 -4.550436 -7.017308 0.676262 8.390852
24.824825 -4.555727 -7.041482 0.681656 8.414379
24.924925 -4.561004 -7.065613 0.687044 8.437872
25.025025 -4.566266 -7.089702 0.692423 8.461330
25.125125 -4.571510 -7.113745 0.697794 8.484750
25.225225 -4.576735 -7.137738 0.703156 8.508128
25.325325 -4.581941 -7.161681 0.708510 8.531462
25.425425 -4.587130 -7.185579 0.713856 8.554759
25.525526 -4.592306 -7.209437 0.719194 8.578024
25.625626 -4.597469 -7.233256 0.724525 8.601259
25.725726 -4.602618 -7.257033 0.729847 8.624459
25.825826 -4.607750 -7.280764 0.735162 8.647621
25.925926 -4.612869 -7.304455 0.740469 8.670751
26.026026 -4.617972 -7.328101 0.745768 8.693843
26.126126 -4.623054 -7.351695 0.751057 8.716888
26.226226 -4.628114 -7.375235 0.756338 8.739885
26.326326 -4.633156 -7.398727 0.761611 8.762839
26.426426 -4.638182 -7.422176 0.766875 8.785757
26.526527 -4.643194 -7.445580 0.772131 8.808638
26.626627 -4.648188 -7.468940 0.777379 8.831480
26.726727 -4.653165 -7.492250 0.782619 8.854278
26.826827 -4.658121 -7.515509 0.787849 8.877031
26.926927 -4.663059 -7.538720 0.793072 8.899740
27.027027 -4.667979 -7.561884 0.798285 8.922409
27.127127 -4.672879 -7.584996 0.803490 8.945030
27.227227 -4.677758 -7.608055 0.808686 8.967602
27.327327 -4.682616 -7.631060 0.813872 8.990126
27.427427 -4.687453 -7.654013 0.819050 9.012601
27.527528 -4.692271 -7.676914 0.824219 9.035029
27.627628 -4.697068 -7.699765 0.829379 9.057411
27.727728 -4.701847 -7.722565 0.834530 9.079747
27.827828 -4.706608 -7.745318 0.839672 9.102041
27.927928 -4.711350 -7.768022 0.844806 9.124291
28.028028 -4.716070 -7.790669 0.849931 9.146487
28.128128 -4.720764 -7.813256 0.855045 9.168624
28.228228 -4.725434 -7.835785 0.860150 9.190708
28.328328 -4.730084 -7.858261 0.865246 9.212742
28.428428 -4.734715 -7.880687 0.870333 9.234730
28.528529 -4.739324 -7.903059 0.875410 9.256667
28.628629 -4.743911 -7.925375 0.880478 9.278551
28.728729 -4.748479 -7.947640 0.885538 9.300387
28.828829 -4.753032 -7.969863 0.890589 9.322187
28.928929 -4.757574 -7.992048 0.895633 9.343955
29.029029 -4.762106 -8.014197 0.900670 9.365694
29.129129 -4.766627 -8.036311 0.905699 9.387403
29.229229 -4.771140 -8.058391 0.910721 9.409084
29.329329 -4.775644 -8.080440 0.915737 9.430741
29.429429 -4.780143 -8.102461 0.920746 9.452376
29.529530 -4.784638 -8.124456 0.925749 9.473994
29.629630 -4.789129 -8.146428 0.930747 9.495595
29.729730 -4.793618 -8.168378 0.935738 9.517184
29.829830 -4.798106 -8.190307 0.940725 9.538758
29.929930 -4.802591 -8.212213 0.945705 9.560317
30.030030 -4.807073 -8.234097 0.950680 9.581863
30.130130 -4.811558 -8.255966 0.955649 9.603402
30.230230 -4.816046 -8.277824 0.960615 9.624939
30.330330 -4.820540 -8.299673 0.965576 9.646477
30.430430 -4.825041 -8.321516 0.970534 9.668018
30.530531 -4.829547 -8.343350 0.975487 9.689561
30.630631 -4.834056 -8.365171 0.980436 9.711099
30.730731 -4.838570 -8.386983 0.985381 9.732636
30.830831 -4.843091 -8.408789 0.990322 9.754179
30.930931 -4.847622 -8.430596 0.995259 9.775731
31.031031 -4.852168 -8.452409 1.000195 9.797303
31.131131 -4.856735 -8.474240 1.005130 9.818905
31.231231 -4.861323 -8.496092 1.010064 9.840542
31.331331 -4.865932 -8.517962 1.014998 9.862210
31.431431 -4.870562 -8.539851 1.019930 9.883910
31.531532 -4.875209 -8.561754 1.024862 9.905637
31.631632 -4.879875 -8.583670 1.029792 9.927388
31.731732 -4.884559 -8.605601 1.034720 9.949167
31.831832 -4.889263 -8.627550 1.039648 9.970977
31.931932 -4.893990 -8.649520 1.044576 9.992821
32.032032 -4.898739 -8.671514 1.049503 10.014702
32.132132 -4.903510 -8.693528 1.054430 10.036617
32.232232 -4.908303 -8.715564 1.059357 10.058565
32.332332 -4.913118 -8.737620 1.064283 10.080547
32.432432 -4.917953 -8.759695 1.069209 10.102560
32.532533 -4.922806 -8.781785 1.074134 10.124601
32.632633 -4.927677 -8.803890 1.079057 10.146667
32.732733 -4.932565 -8.826006 1.083979 10.168756
32.832833 -4.937467 -8.848133 1.088900 10.190865
32.932933 -4.942385 -8.870269 1.093818 10.212996
33.033033 -4.947319 -8.892416 1.098736 10.235147
33.133133 -4.952267 -8.914571 1.103651 10.257318
33.233233 -4.957226 -8.936730 1.108564 10.279502
33.333333 -4.962195 -8.958889 1.113474 10.301694
33.433433 -4.967171 -8.981043 1.118381 10.323890
33.533534 -4.972154 -9.003192 1.123285 10.346089
33.633634 -4.977143 -9.025336 1.128184 10.368290
33.733734 -4.982136 -9.047471 1.133080 10.390490
33.833834 -4.987131 -9.069590 1.137972 10.412681
33.933934 -4.992126 -9.091693 1.142858 10.434861
34.034034 -4.997122 -9.113781 1.147740 10.457033
34.134134 -5.002122 -9.135860 1.152618 10.479203
34.234234 -5.007128 -9.157931 1.157492 10.501372
34.334334 -5.012139 -9.179996 1.162363 10.523542
34.434434 -5.017155 -9.202052 1.167230 10.545712
34.534535 -5.022174 -9.224096 1.172092 10.567875
34.634635 -5.027193 -9.246125 1.176950 10.590029
34.734735 -5.032214 -9.268139 1.181803 10.612174
34.834835 -5.037236 -9.290138 1.186652 10.634310
34.934935 -5.042258 -9.312122 1.191496 10.656437
35.035035 -5.047281 -9.334090 1.196336 10.678553
35.135135 -5.052303 -9.356039 1.201170 10.700656
35.235235 -5.057321 -9.377965 1.205998 10.722740
35.335335 -5.062333 -9.399863 1.210821 10.744800
35.435435 -5.067341 -9.421737 1.215637 10.766840
35.535536 -5.072346 -9.443588 1.220448 10.788862
35.635636 -5.077352 -9.465423 1.225255 10.810873
35.735736 -5.082359 -9.487245 1.230057 10.832877
35.835836 -5.087367 -9.509052 1.234854 10.854871
35.935936 -5.092375 -9.530843 1.239647 10.876855
36.036036 -5.097384 -9.552619 1.244435 10.898829
36.136136 -5.102397 -9.574386 1.249220 10.920800
36.236236 -5.107413 -9.596143 1.254000 10.942767
36.336336 -5.112433 -9.617890 1.258777 10.964730
36.436436 -5.117456 -9.639626 1.263549 10.986688
36.536537 -5.122482 -9.661352 1.268318 11.008641
36.636637 -5.127512 -9.683069 1.273083 11.030591
36.736737 -5.132547 -9.704779 1.277845 11.052541
36.836837 -5.137587 -9.726481 1.282603 11.074489
36.936937 -5.142630 -9.748174 1.287357 11.096433
37.037037 -5.147676 -9.769855 1.292107 11.118371
37.137137 -5.152723 -9.791522 1.296853 11.140300
37.237237 -5.157770 -9.813175 1.301594 11.162219
37.337337 -5.162819 -9.834813 1.306331 11.184129
37.437437 -5.167868 -9.856436 1.311063 11.206028
37.537538 -5.172915 -9.878039 1.315791 11.227912
37.637638 -5.177960 -9.899622 1.320513 11.249779
37.737738 -5.183003 -9.921185 1.325230 11.271631
37.837838 -5.188043 -9.942728 1.329941 11.293466
37.937938 -5.193082 -9.964251 1.334648 11.315285
38.038038 -5.198117 -9.985751 1.339349 11.337085
38.138138 -5.203147 -10.007226 1.344044 11.358863
38.238238 -5.208172 -10.028674 1.348734 11.380617
38.338338 -5.213192 -10.050097 1.353417 11.402349
38.438438 -5.218205 -10.071491 1.358094 11.424055
38.538539 -5.223210 -10.092854 1.362765 11.445731
38.638639 -5.228208 -10.114187 1.367429 11.467379
38.738739 -5.233196 -10.135486 1.372086 11.488996
38.838839 -5.238176 -10.156752 1.376736 11.510582
38.938939 -5.243150 -10.177992 1.381380 11.532145
39.039039 -5.248121 -10.199209 1.386019 11.553687
39.139139 -5.253088 -10.220405 1.390652 11.575211
39.239239 -5.258053 -10.241580 1.395281 11.596719
39.339339 -5.263016 -10.262735 1.399904 11.618210
39.439439 -5.267977 -10.283871 1.404522 11.639685
39.539540 -5.272937 -10.304990 1.409136 11.661147
39.639640 -5.277898 -10.326093 1.413745 11.682597
39.739740 -5.282857 -10.347179 1.418349 11.704034
39.839840 -5.287814 -10.368246 1.422948 11.725454
39.939940 -5.292770 -10.389295 1.427543 11.746861
40.040040 -5.297728 -10.410332 1.432134 11.768261
40.140140 -5.302688 -10.431357 1.436720 11.789652
40.240240 -5.307648 -10.452368 1.441303 11.811032
40.340340 -5.312609 -10.473364 1.445881 11.832402
40.440440 -5.317569 -10.494343 1.450454 11.853758
40.540541 -5.322527 -10.515303 1.455023 11.875099
40.640641 -5.327483 -10.536244 1.459586 11.896424
40.740741 -5.332436 -10.557164 1.464144 11.917730
40.840841 -5.337384 -10.578059 1.468697 11.939014
40.940941 -5.342324 -10.598923 1.473243 11.960269
41.041041 -5.347257 -10.619757 1.477783 11.981495
41.141141 -5.352182 -10.640561 1.482316 12.002694
41.241241 -5.357102 -10.661339 1.486843 12.023867
41.341341 -5.362016 -10.682090 1.491365 12.045017
41.441441 -5.366923 -10.702814 1.495880 12.066140
41.541542 -5.371824 -10.723509 1.500389 12.087238
41.641642 -5.376719 -10.744176 1.504892 12.108308
41.741742 -5.381606 -10.764813 1.509389 12.129350
41.841842 -5.386484 -10.785418 1.513878 12.150362
41.941942 -5.391353 -10.805989 1.518361 12.171340
42.042042 -5.396213 -10.826528 1.522837 12.192287
42.142142 -5.401064 -10.847032 1.527306 12.213200
42.242242 -5.405904 -10.867501 1.531768 12.234078
42.342342 -5.410732 -10.887931 1.536222 12.254919
42.442442 -5.415548 -10.908322 1.540669 12.275721
42.542543 -5.420353 -10.928675 1.545108 12.296484
42.642643 -5.425145 -10.948989 1.549539 12.317208
42.742743 -5.429928 -10.969266 1.553963 12.337898
42.842843 -5.434700 -10.989510 1.558380 12.358554
42.942943 -5.439465 -11.009723 1.562791 12.379180
43.043043 -5.444221 -11.029904 1.567195 12.399775
43.143143 -5.448968 -11.050053 1.571592 12.420339
43.243243 -5.453707 -11.070170 1.575982 12.440872
43.343343 -5.458436 -11.090251 1.580366 12.461370
43.443443 -5.463155 -11.110299 1.584742 12.481836
43.543544 -5.467868 -11.130320 1.589113 12.502275
43.643644 -5.472576 -11.150317 1.593478 12.522693
43.743744 -5.477280 -11.170290 1.597837 12.543088
43.843844 -5.481979 -11.190239 1.602191 12.563461
43.943944 -5.486673 -11.210162 1.606539 12.583810
44.044044 -5.491360 -11.230057 1.610881 12.604133
44.144144 -5.496042 -11.249929 1.615218 12.624433
44.244244 -5.500720 -11.269777 1.619549 12.644712
44.344344 -5.505394 -11.289603 1.623875 12.664970
44.444444 -5.510064 -11.309404 1.628195 12.685206
44.544545 -5.514728 -11.329181 1.632510 12.705419
44.644645 -5.519387 -11.348933 1.636819 12.725608
44.744745 -5.524043 -11.368665 1.641123 12.745778
44.844845 -5.528697 -11.388377 1.645422 12.765933
44.944945 -5.533348 -11.408071 1.649716 12.786070
45.045045 -5.537997 -11.427745 1.654006 12.806190
45.145145 -5.542644 -11.447401 1.658291 12.826294
45.245245 -5.547288 -11.467037 1.662571 12.846381
45.345345 -5.551929 -11.486651 1.666846 12.866446
45.445445 -5.556563 -11.506240 1.671115 12.886488
45.545546 -5.561192 -11.525802 1.675378 12.906505
45.645646 -5.565816 -11.545339 1.679636 12.926497
45.745746 -5.570434 -11.564851 1.683888 12.946467
45.845846 -5.575048 -11.584341 1.688135 12.966415
45.945946 -5.579659 -11.603809 1.692377 12.986343
46.046046 -5.584265 -11.623254 1.696613 13.006250
46.146146 -5.588866 -11.642675 1.700844 13.026134
46.246246 -5.593462 -11.662071 1.705069 13.045995
46.346346 -5.598053 -11.681442 1.709289 13.065832
46.446446 -5.602637 -11.700787 1.713503 13.085643
46.546547 -5.607216 -11.720106 1.717711 13.105430
46.646647 -5.611789 -11.739399 1.721913 13.125191
46.746747 -5.616355 -11.758663 1.726109 13.144926
46.846847 -5.620914 -11.777899 1.730299 13.164631
46.946947 -5.625466 -11.797106 1.734483 13.184309
47.047047 -5.630011 -11.816286 1.738661 13.203961
47.147147 -5.634549 -11.835437 1.742833 13.223585
47.247247 -5.639079 -11.854558 1.746998 13.243178
47.347347 -5.643601 -11.873648 1.751157 13.262741
47.447447 -5.648114 -11.892705 1.755310 13.282272
47.547548 -5.652618 -11.911729 1.759455 13.301769
47.647648 -5.657111 -11.930719 1.763594 13.321232
47.747748 -5.661593 -11.949670 1.767724 13.340656
47.847848 -5.666061 -11.968579 1.771847 13.360036
47.947948 -5.670515 -11.987442 1.775961 13.379370
48.048048 -5.674953 -12.006260 1.780067 13.398657
48.148148 -5.679375 -12.025033 1.784164 13.417897
48.248248 -5.683785 -12.043763 1.788252 13.437093
48.348348 -5.688183 -12.062456 1.792334 13.456253
48.448448 -5.692572 -12.081117 1.796409 13.475379
48.548549 -5.696952 -12.099746 1.800477 13.494474
48.648649 -5.701326 -12.118348 1.804539 13.513543
48.748749 -5.705692 -12.136921 1.808595 13.532582
48.848849 -5.710052 -12.155466 1.812645 13.551596
48.948949 -5.714407 -12.173987 1.816690 13.570584
49.049049 -5.718756 -12.192483 1.820729 13.589550
49.149149 -5.723101 -12.210957 1.824763 13.608494
49.249249 -5.727440 -12.229406 1.828791 13.627414
49.349349 -5.731774 -12.247830 1.832814 13.646310
49.449449 -5.736101 -12.266227 1.836831 13.665179
49.549550 -5.740421 -12.284595 1.840842 13.684020
49.649650 -5.744733 -12.302932 1.844846 13.702830
49.749750 -5.749037 -12.321239 1.848845 13.721610
49.849850 -5.753334 -12.339519 1.852837 13.740363
49.949950 -5.757624 -12.357772 1.856823 13.759090
50.050050 -5.761907 -12.375995 1.860803 13.777787
50.150150 -5.766180 -12.394183 1.864776 13.796449
50.250250 -5.770443 -12.412337 1.868743 13.815076
50.350350 -5.774695 -12.430457 1.872702 13.833668
50.450450 -5.778939 -12.448543 1.876654 13.852227
50.550551 -5.783173 -12.466599 1.880600 13.870755
50.650651 -5.787400 -12.484624 1.884540 13.889252
50.750751 -5.791619 -12.502618 1.888473 13.907718
50.850851 -5.795829 -12.520582 1.892400 13.926155
50.950951 -5.800032 -12.538517 1.896321 13.944562
51.051051 -5.804227 -12.556423 1.900235 13.962940
51.151151 -5.808414 -12.574298 1.904144 13.981288
51.251251 -5.812593 -12.592142 1.908045 13.999604
51.351351 -5.816760 -12.609949 1.911940 14.017882
51.451451 -5.820918 -12.627723 1.915828 14.036128
51.551552 -5.825069 -12.645470 1.919710 14.054345
51.651652 -5.829213 -12.663188 1.923585 14.072535
51.751752 -5.833351 -12.680880 1.927455 14.090698
51.851852 -5.837482 -12.698544 1.931320 14.108834
51.951952 -5.841607 -12.716183 1.935178 14.126946
52.052052 -5.845727 -12.733801 1.939032 14.145037
52.152152 -5.849846 -12.751400 1.942881 14.163110
52.252252 -5.853962 -12.768984 1.946726 14.181169
52.352352 -5.858077 -12.786552 1.950567 14.199214
52.452452 -5.862191 -12.804103 1.954404 14.217244
52.552553 -5.866304 -12.821642 1.958237 14.235264
52.652653 -5.870418 -12.839170 1.962067 14.253273
52.752753 -5.874533 -12.856686 1.965894 14.271274
52.852853 -5.878648 -12.874191 1.969717 14.289265
52.952953 -5.882763 -12.891685 1.973536 14.307247
53.053053 -5.886879 -12.909168 1.977353 14.325219
53.153153 -5.890997 -12.926643 1.981166 14.343185
53.253253 -5.895117 -12.944109 1.984976 14.361146
53.353353 -5.899239 -12.961567 1.988784 14.379099
53.453453 -5.903362 -12.979017 1.992589 14.397047
53.553554 -5.907487 -12.996457 1.996390 14.414987
53.653654 -5.911611 -13.013884 2.000188 14.432916
53.753754 -5.915734 -13.031297 2.003982 14.450832
53.853854 -5.919858 -13.048698 2.007773 14.468738
53.953954 -5.923983 -13.066092 2.011560 14.486639
54.054054 -5.928111 -13.083478 2.015345 14.504535
54.154154 -5.932240 -13.100856 2.019128 14.522423
54.254254 -5.936371 -13.118224 2.022907 14.540304
54.354354 -5.940504 -13.135585 2.026683 14.558180
54.454454 -5.944639 -13.152939 2.030456 14.576052
54.554555 -5.948776 -13.170286 2.034227 14.593919
54.654655 -5.952917 -13.187628 2.037996 14.611782
54.754755 -5.957060 -13.204965 2.041762 14.629643
54.854855 -5.961207 -13.222297 2.045526 14.647502
54.954955 -5.965358 -13.239627 2.049288 14.665360
55.055055 -5.969513 -13.256953 2.053048 14.683218
55.155155 -5.973672 -13.274277 2.056805 14.701076
55.255255 -5.977836 -13.291598 2.060561 14.718934
55.355355 -5.982004 -13.308918 2.064315 14.736793
55.455455 -5.986177 -13.326236 2.068067 14.754653
55.555556 -5.990352 -13.343548 2.071817 14.772509
55.655656 -5.994529 -13.360854 2.075564 14.790360
55.755756 -5.998707 -13.378148 2.079308 14.808202
55.855856 -6.002885 -13.395430 2.083048 14.826033
55.955956 -6.007063 -13.412700 2.086785 14.843854
56.056056 -6.011240 -13.429959 2.090519 14.861665
56.156156 -6.015417 -13.447205 2.094249 14.879464
56.256256 -6.019593 -13.464435 2.097975 14.897248
56.356356 -6.023765 -13.481647 2.101697 14.915015
56.456456 -6.027935 -13.498841 2.105414 14.932765
56.556557 -6.032101 -13.516015 2.109127 14.950495
56.656657 -6.036263 -13.533170 2.112835 14.968208
56.756757 -6.040425 -13.550311 2.116540 14.985906
56.856857 -6.044584 -13.567436 2.120240 15.003591
56.956957 -6.048743 -13.584547 2.123937 15.021262
57.057057 -6.052900 -13.601644 2.127630 15.038921
57.157157 -6.057057 -13.618729 2.131320 15.056568
57.257257 -6.061214 -13.635803 2.135006 15.074206
57.357357 -6.065372 -13.652867 2.138690 15.091836
57.457457 -6.069530 -13.669920 2.142370 15.109456
57.557558 -6.073689 -13.686963 2.146047 15.127067
57.657658 -6.077847 -13.703994 2.149721 15.144669
57.757758 -6.082007 -13.721016 2.153392 15.162262
57.857858 -6.086167 -13.738028 2.157059 15.179847
57.957958 -6.090328 -13.755031 2.160724 15.197425
58.058058 -6.094490 -13.772025 2.164386 15.214995
58.158158 -6.098654 -13.789011 2.168046 15.232558
58.258258 -6.102820 -13.805991 2.171703 15.250118
58.358358 -6.106989 -13.822967 2.175357 15.267675
58.458458 -6.111160 -13.839938 2.179010 15.285229
58.558559 -6.115336 -13.856905 2.182660 15.302782
58.658659 -6.119514 -13.873868 2.186309 15.320333
58.758759 -6.123695 -13.890826 2.189955 15.337881
58.858859 -6.127878 -13.907779 2.193599 15.355425
58.958959 -6.132064 -13.924725 2.197240 15.372965
59.059059 -6.136251 -13.941663 2.200879 15.390498
59.159159 -6.140439 -13.958593 2.204514 15.408023
59.259259 -6.144628 -13.975514 2.208147 15.425543
59.359359 -6.148819 -13.992428 2.211778 15.443056
59.459459 -6.153012 -14.009336 2.215406 15.460565
59.559560 -6.157207 -14.026238 2.219032 15.478070
59.659660 -6.161404 -14.043132 2.222655 15.495568
59.759760 -6.165601 -14.060016 2.226275 15.513059
59.859860 -6.169798 -14.076889 2.229892 15.530539
59.959960 -6.173993 -14.093747 2.233505 15.548004
60.060060 -6.178187 -14.110590 2.237114 15.565456
60.160160 -6.182379 -14.127420 2.240720 15.582895
60.260260 -6.186572 -14.144239 2.244323 15.600325
60.360360 -6.190764 -14.161047 2.247922 15.617745
60.460460 -6.194956 -14.177843 2.251519 15.635155
60.560561 -6.199147 -14.194627 2.255112 15.652553
60.660661 -6.203338 -14.211400 2.258701 15.669940
60.760761 -6.207529 -14.228160 2.262288 15.687316
60.860861 -6.211718 -14.244907 2.265871 15.704681
60.960961 -6.215906 -14.261641 2.269450 15.722033
61.061061 -6.220093 -14.278360 2.273026 15.739370
61.161161 -6.224276 -14.295062 2.276598 15.756691
61.261261 -6.228458 -14.311749 2.280166 15.773998
61.361361 -6.232637 -14.328420 2.283729 15.791289
61.461461 -6.236813 -14.345070 2.287289 15.808559
61.561562 -6.240983 -14.361699 2.290843 15.825809
61.661662 -6.245149 -14.378307 2.294393 15.843037
61.761762 -6.249311 -14.394896 2.297938 15.860247
61.861862 -6.253471 -14.411468 2.301480 15.877440
61.961962 -6.257628 -14.428023 2.305017 15.894618
62.062062 -6.261783 -14.444566 2.308551 15.911783
62.162162 -6.265938 -14.461095 2.312082 15.928935
62.262262 -6.270091 -14.477610 2.315608 15.946074
62.362362 -6.274242 -14.494109 2.319131 15.963198
62.462462 -6.278390 -14.510593 2.322651 15.980307
62.562563 -6.282537 -14.527061 2.326166 15.997401
62.662663 -6.286681 -14.543516 2.329678 16.014481
62.762763 -6.290825 -14.559957 2.333186 16.031550
62.862863 -6.294968 -14.576386 2.336691 16.048607
62.962963 -6.299111 -14.592804 2.340194 16.065654
63.063063 -6.303253 -14.609211 2.343692 16.082690
63.163163 -6.307394 -14.625607 2.347188 16.099717
63.263263 -6.311536 -14.641993 2.350681 16.116735
63.363363 -6.315679 -14.658370 2.354171 16.133745
63.463463 -6.319822 -14.674737 2.357659 16.150746
63.563564 -6.323964 -14.691093 2.361143 16.167738
63.663664 -6.328107 -14.707439 2.364624 16.184720
63.763764 -6.332250 -14.723777 2.368103 16.201695
63.863864 -6.336394 -14.740105 2.371579 16.218661
63.963964 -6.340538 -14.756424 2.375052 16.235619
64.064064 -6.344683 -14.772736 2.378523 16.252572
64.164164 -6.348830 -14.789040 2.381991 16.269518
64.264264 -6.352977 -14.805336 2.385456 16.286457
64.364364 -6.357124 -14.821621 2.388919 16.303387
64.464464 -6.361270 -14.837895 2.392378 16.320305
64.564565 -6.365415 -14.854157 2.395835 16.337212
64.664665 -6.369559 -14.870404 2.399287 16.354106
64.764765 -6.373700 -14.886637 2.402736 16.370985
64.864865 -6.377841 -14.902858 2.406182 16.387853
64.964965 -6.381982 -14.919069 2.409625 16.404713
65.065065 -6.386123 -14.935269 2.413065 16.421562
65.165165 -6.390263 -14.951459 2.416502 16.438402
65.265265 -6.394402 -14.967635 2.419936 16.455229
65.365365 -6.398538 -14.983795 2.423365 16.472040
65.465465 -6.402670 -14.999937 2.426791 16.488833
65.565566 -6.406799 -15.016061 2.430212 16.505608
65.665666 -6.410925 -15.032168 2.433630 16.522366
65.765766 -6.415048 -15.048258 2.437043 16.539108
65.865866 -6.419168 -15.064330 2.440452 16.555832
65.965966 -6.423284 -15.080384 2.443857 16.572537
66.066066 -6.427397 -15.096420 2.447259 16.589226
66.166166 -6.431506 -15.112440 2.450656 16.605898
66.266266 -6.435613 -15.128443 2.454049 16.622553
66.366366 -6.439717 -15.144430 2.457438 16.639193
66.466466 -6.443819 -15.160401 2.460824 16.655817
66.566567 -6.447918 -15.176358 2.464206 16.672426
66.666667 -6.452016 -15.192300 2.467584 16.689022
66.766767 -6.456112 -15.208230 2.470959 16.705606
66.866867 -6.460207 -15.224148 2.474331 16.722179
66.966967 -6.464302 -15.240054 2.477700 16.738741
67.067067 -6.468396 -15.255950 2.481067 16.755293
67.167167 -6.472489 -15.271834 2.484430 16.771834
67.267267 -6.476581 -15.287707 2.487789 16.788365
67.367367 -6.480673 -15.303569 2.491146 16.804885
67.467467 -6.484764 -15.319420 2.494500 16.821395
67.567568 -6.488855 -15.335260 2.497851 16.837895
67.667668 -6.492946 -15.351091 2.501200 16.854386
67.767768 -6.497037 -15.366914 2.504546 16.870871
67.867868 -6.501131 -15.382732 2.507890 16.887352
67.967968 -6.505226 -15.398546 2.511232 16.903830
68.068068 -6.509324 -15.414355 2.514572 16.920305
68.168168 -6.513423 -15.430159 2.517910 16.936776
68.268268 -6.517525 -15.445960 2.521246 16.953244
68.368368 -6.521630 -15.461758 2.524581 16.969712
68.468468 -6.525738 -15.477554 2.527914 16.986179
68.568569 -6.529848 -15.493346 2.531246 17.002644
68.668669 -6.533962 -15.509137 2.534576 17.019109
68.768769 -6.538080 -15.524929 2.537905 17.035576
68.868869 -6.542203 -15.540723 2.541233 17.052048
68.968969 -6.546331 -15.556522 2.544561 17.068527
69.069069 -6.550465 -15.572324 2.547889 17.085011
69.169169 -6.554604 -15.588128 2.551215 17.101498
69.269269 -6.558748 -15.603936 2.554541 17.117993
69.369369 -6.562898 -15.619750 2.557867 17.134495
69.469469 -6.567055 -15.635569 2.561192 17.151004
69.569570 -6.571217 -15.651392 2.564518 17.167519
69.669670 -6.575385 -15.667220 2.567842 17.184042
69.769770 -6.579559 -15.683053 2.571167 17.200571
69.869870 -6.583738 -15.698889 2.574490 17.217105
69.969970 -6.587922 -15.714727 2.577814 17.233644
70.070070 -6.592112 -15.730572 2.581136 17.250191
70.170170 -6.596308 -15.746421 2.584459 17.266745
70.270270 -6.600509 -15.762275 2.587781 17.283305
70.370370 -6.604716 -15.778132 2.591103 17.299871
70.470470 -6.608929 -15.793993 2.594424 17.316442
70.570571 -6.613144 -15.809853 2.597744 17.333015
70.670671 -6.617363 -15.825712 2.601063 17.349588
70.770771 -6.621586 -15.841571 2.604380 17.366161
70.870871 -6.625812 -15.857429 2.607696 17.382736
70.970971 -6.630042 -15.873287 2.611011 17.399312
71.071071 -6.634275 -15.889145 2.614325 17.415890
71.171171 -6.638511 -15.905000 2.617638 17.432466
71.271271 -6.642751 -15.920855 2.620949 17.449044
71.371371 -6.646994 -15.936709 2.624259 17.465622
71.471471 -6.651240 -15.952562 2.627568 17.482201
71.571572 -6.655490 -15.968416 2.630876 17.498781
71.671672 -6.659743 -15.984269 2.634183 17.515363
71.771772 -6.664000 -16.000120 2.637488 17.531945
71.871872 -6.668260 -16.015971 2.640792 17.548527
71.971972 -6.672523 -16.031821 2.644095 17.565110
72.072072 -6.676789 -16.047669 2.647397 17.581692
72.172172 -6.681057 -16.063513 2.650697 17.598272
72.272272 -6.685327 -16.079352 2.653995 17.614848
72.372372 -6.689597 -16.095185 2.657290 17.631417
72.472472 -6.693868 -16.111008 2.660584 17.647979
72.572573 -6.698138 -16.126824 2.663874 17.664533
72.672673 -6.702409 -16.142630 2.667163 17.681079
72.772773 -6.706679 -16.158427 2.670448 17.697616
72.872873 -6.710948 -16.174213 2.673731 17.714142
72.972973 -6.715216 -16.189988 2.677011 17.730657
73.073073 -6.719484 -16.205753 2.680288 17.747164
73.173173 -6.723751 -16.221510 2.683563 17.763663
73.273273 -6.728021 -16.237262 2.686836 17.780158
73.373373 -6.732292 -16.253010 2.690107 17.796650
73.473473 -6.736565 -16.268755 2.693377 17.813141
73.573574 -6.740842 -16.284500 2.696646 17.829633
73.673674 -6.745122 -16.300244 2.699913 17.846124
73.773774 -6.749405 -16.315986 2.703179 17.862616
73.873874 -6.753691 -16.331728 2.706444 17.879108
73.973974 -6.757980 -16.347468 2.709708 17.895601
74.074074 -6.762273 -16.363209 2.712971 17.912095
74.174174 -6.766569 -16.378951 2.716233 17.928592
74.274274 -6.770870 -16.394694 2.719494 17.945092
74.374374 -6.775176 -16.410441 2.722755 17.961597
74.474474 -6.779486 -16.426190 2.726015 17.978107
74.574575 -6.783800 -16.441942 2.729275 17.994620
74.674675 -6.788119 -16.457697 2.732534 18.011138
74.774775 -6.792443 -16.473455 2.735792 18.027661
74.874875 -6.796773 -16.489218 2.739051 18.044191
74.974975 -6.801106 -16.504981 2.742308 18.060723
75.075075 -6.805441 -16.520743 2.745564 18.077254
75.175175 -6.809778 -16.536499 2.748818 18.093781
75.275275 -6.814116 -16.552250 2.752071 18.110302
75.375375 -6.818455 -16.567995 2.755321 18.126819
75.475475 -6.822795 -16.583735 2.758570 18.143332
75.575576 -6.827138 -16.599471 2.761817 18.159843
75.675676 -6.831482 -16.615205 2.765062 18.176352
75.775776 -6.835829 -16.630936 2.768306 18.192859
75.875876 -6.840179 -16.646667 2.771549 18.209367
75.975976 -6.844532 -16.662398 2.774791 18.225877
76.076076 -6.848890 -16.678131 2.778033 18.242391
76.176176 -6.853252 -16.693867 2.781274 18.258908
76.276276 -6.857618 -16.709605 2.784514 18.275430
76.376376 -6.861989 -16.725347 2.787754 18.291957
76.476476 -6.866366 -16.741094 2.790994 18.308492
76.576577 -6.870749 -16.756848 2.794234 18.325034
76.676677 -6.875138 -16.772610 2.797474 18.341587
76.776777 -6.879533 -16.788379 2.800715 18.358149
76.876877 -6.883935 -16.804154 2.803956 18.374720
76.976977 -6.888342 -16.819938 2.807197 18.391300
77.077077 -6.892757 -16.835729 2.810438 18.407890
77.177177 -6.897178 -16.851529 2.813680 18.424492
77.277277 -6.901606 -16.867339 2.816923 18.441105
77.377377 -6.906041 -16.883157 2.820166 18.457728
77.477477 -6.910483 -16.898983 2.823409 18.474362
77.577578 -6.914930 -16.914814 2.826653 18.491002
77.677678 -6.919381 -16.930649 2.829896 18.507647
77.777778 -6.923836 -16.946485 2.833138 18.524296
77.877878 -6.928295 -16.962323 2.836380 18.540947
77.977978 -6.932757 -16.978159 2.839620 18.557598
78.078078 -6.937222 -16.993994 2.842859 18.574249
78.178178 -6.941689 -17.009829 2.846098 18.590901
78.278278 -6.946160 -17.025664 2.849335 18.607555
78.378378 -6.950635 -17.041503 2.852572 18.624214
78.478478 -6.955115 -17.057345 2.855809 18.640876
78.578579 -6.959598 -17.073186 2.859044 18.657540
78.678679 -6.964084 -17.089027 2.862279 18.674206
78.778779 -6.968573 -17.104869 2.865513 18.690873
78.878879 -6.973066 -17.120713 2.868746 18.707543
78.978979 -6.977564 -17.136559 2.871979 18.724217
79.079079 -6.982065 -17.152407 2.875211 18.740895
79.179179 -6.986570 -17.168257 2.878443 18.757575
79.279279 -6.991078 -17.184108 2.881674 18.774259
79.379379 -6.995591 -17.199961 2.884904 18.790945
79.479479 -7.000106 -17.215813 2.888133 18.807632
79.579580 -7.004624 -17.231665 2.891361 18.824319
79.679680 -7.009145 -17.247516 2.894588 18.841007
79.779780 -7.013669 -17.263367 2.897815 18.857697
79.879880 -7.018195 -17.279216 2.901040 18.874385
79.979980 -7.022723 -17.295061 2.904263 18.891070
80.080080 -7.027252 -17.310901 2.907485 18.907751
80.180180 -7.031781 -17.326734 2.910705 18.924425
80.280280 -7.036309 -17.342557 2.913922 18.941090
80.380380 -7.040836 -17.358372 2.917136 18.957746
80.480480 -7.045363 -17.374178 2.920349 18.974394
80.580581 -7.049889 -17.389973 2.923559 18.991031
80.680681 -7.054413 -17.405757 2.926766 19.007658
80.780781 -7.058935 -17.421528 2.929969 19.024272
80.880881 -7.063453 -17.437283 2.933170 19.040869
80.980981 -7.067967 -17.453019 2.936366 19.057447
81.081081 -7.072474 -17.468734 2.939558 19.074002
81.181181 -7.076977 -17.484427 2.942745 19.090535
81.281281 -7.081474 -17.500100 2.945928 19.107047
81.381381 -7.085964 -17.515749 2.949106 19.123535
81.481481 -7.090449 -17.531377 2.952280 19.140000
81.581582 -7.094929 -17.546985 2.955449 19.156445
81.681682 -7.099405 -17.562578 2.958615 19.172874
81.781782 -7.103878 -17.578154 2.961778 19.189286
81.881882 -7.108346 -17.593713 2.964936 19.205681
81.981982 -7.112811 -17.609254 2.968091 19.222057
82.082082 -7.117270 -17.624777 2.971242 19.238414
82.182182 -7.121725 -17.640281 2.974388 19.254751
82.282282 -7.126176 -17.655766 2.977531 19.271070
82.382382 -7.130622 -17.671234 2.980670 19.287371
82.482482 -7.135065 -17.686686 2.983805 19.303655
82.582583 -7.139505 -17.702123 2.986937 19.319924
82.682683 -7.143941 -17.717545 2.990066 19.336178
82.782783 -7.148374 -17.732951 2.993191 19.352416
82.882883 -7.152803 -17.748340 2.996312 19.368636
82.982983 -7.157228 -17.763711 2.999430 19.384838
83.083083 -7.161649 -17.779068 3.002544 19.401024
83.183183 -7.166068 -17.794411 3.005655 19.417198
83.283283 -7.170485 -17.809741 3.008763 19.433358
83.383383 -7.174898 -17.825055 3.011868 19.449501
83.483483 -7.179306 -17.840350 3.014968 19.465625
83.583584 -7.183710 -17.855627 3.018065 19.481730
83.683684 -7.188109 -17.870887 3.021158 19.497819
83.783784 -7.192505 -17.886131 3.024247 19.513889
83.883884 -7.196898 -17.901359 3.027333 19.529944
83.983984 -7.201287 -17.916572 3.030415 19.545984
84.084084 -7.205673 -17.931771 3.033495 19.562009
84.184184 -7.210056 -17.946954 3.036570 19.578019
84.284284 -7.214435 -17.962121 3.039643 19.594012
84.384384 -7.218811 -17.977274 3.042712 19.609990
84.484484 -7.223184 -17.992412 3.045777 19.625954
84.584585 -7.227555 -18.007538 3.048840 19.641904
84.684685 -7.231923 -18.022652 3.051900 19.657843
84.784785 -7.236290 -18.037754 3.054957 19.673770
84.884885 -7.240656 -18.052846 3.058012 19.689687
84.984985 -7.245020 -18.067928 3.061064 19.705594
85.085085 -7.249383 -18.083000 3.064114 19.721492
85.185185 -7.253745 -18.098064 3.067161 19.737381
85.285285 -7.258106 -18.113118 3.070206 19.753261
85.385385 -7.262468 -18.128165 3.073249 19.769134
85.485485 -7.266829 -18.143207 3.076290 19.785002
85.585586 -7.271191 -18.158243 3.079330 19.800865
85.685686 -7.275553 -18.173272 3.082368 19.816722
85.785786 -7.279916 -18.188296 3.085403 19.832574
85.885886 -7.284278 -18.203313 3.088437 19.848420
85.985986 -7.288641 -18.218325 3.091470 19.864260
86.086086 -7.293004 -18.233330 3.094500 19.880095
86.186186 -7.297368 -18.248330 3.097529 19.895924
86.286286 -7.301733 -18.263327 3.100556 19.911752
86.386386 -7.306101 -18.278323 3.103582 19.927579
86.486486 -7.310470 -18.293317 3.106608 19.943405
86.586587 -7.314841 -18.308308 3.109632 19.959230
86.686687 -7.319214 -18.323299 3.112655 19.975054
86.786787 -7.323588 -18.338286 3.115677 19.990876
86.886887 -7.327965 -18.353272 3.118698 20.006697
86.986987 -7.332344 -18.368257 3.121718 20.022518
87.087087 -7.336725 -18.383242 3.124737 20.038341
87.187187 -7.341110 -18.398230 3.127756 20.054167
87.287287 -7.345499 -18.413220 3.130774 20.069997
87.387387 -7.349891 -18.428213 3.133792 20.085831
87.487487 -7.354288 -18.443209 3.136810 20.101668
87.587588 -7.358688 -18.458209 3.139828 20.117512
87.687688 -7.363093 -18.473214 3.142846 20.133362
87.787788 -7.367503 -18.488224 3.145864 20.149218
87.887888 -7.371917 -18.503241 3.148883 20.165083
87.987988 -7.376338 -18.518266 3.151902 20.180957
88.088088 -7.380765 -18.533302 3.154922 20.196844
88.188188 -7.385199 -18.548348 3.157943 20.212743
88.288288 -7.389640 -18.563404 3.160965 20.228655
88.388388 -7.394088 -18.578472 3.163988 20.244579
88.488488 -7.398543 -18.593551 3.167013 20.260517
88.588589 -7.403004 -18.608640 3.170038 20.276467
88.688689 -7.407473 -18.623741 3.173065 20.292430
88.788789 -7.411948 -18.638852 3.176093 20.308405
88.888889 -7.416430 -18.653974 3.179122 20.324394
88.988989 -7.420919 -18.669106 3.182152 20.340395
89.089089 -7.425414 -18.684250 3.185183 20.356408
89.189189 -7.429917 -18.699406 3.188215 20.372436
89.289289 -7.434427 -18.714573 3.191249 20.388478
89.389389 -7.438944 -18.729751 3.194283 20.404531
89.489489 -7.443468 -18.744941 3.197319 20.420599
89.589590 -7.447999 -18.760143 3.200357 20.436681
89.689690 -7.452539 -18.775360 3.203396 20.452780
89.789790 -7.457088 -18.790593 3.206437 20.468898
89.889890 -7.461645 -18.805843 3.209481 20.485034
89.989990 -7.466211 -18.821107 3.212526 20.501187
90.090090 -7.470784 -18.836383 3.215572 20.517355
90.190190 -7.475365 -18.851673 3.218620 20.533537
90.290290 -7.479953 -18.866976 3.221670 20.549736
90.390390 -7.484549 -18.882292 3.224721 20.565949
90.490490 -7.489153 -18.897622 3.227773 20.582178
90.590591 -7.493764 -18.912963 3.230827 20.598421
90.690691 -7.498382 -18.928317 3.233883 20.614678
90.790791 -7.503007 -18.943681 3.236939 20.630946
90.890891 -7.507638 -18.959053 3.239996 20.647225
90.990991 -7.512274 -18.974435 3.243054 20.663515
91.091091 -7.516917 -18.989826 3.246113 20.679816
91.191191 -7.521565 -19.005224 3.249172 20.696125
91.291291 -7.526217 -19.020629 3.252232 20.712443
91.391391 -7.530876 -19.036041 3.255292 20.728769
91.491491 -7.535538 -19.051458 3.258353 20.745102
91.591592 -7.540205 -19.066881 3.261414 20.761442
91.691692 -7.544877 -19.082311 3.264475 20.777790
91.791792 -7.549555 -19.097748 3.267537 20.794148
91.891892 -7.554239 -19.113195 3.270600 20.810516
91.991992 -7.558928 -19.128651 3.273663 20.826895
92.092092 -7.563624 -19.144116 3.276728 20.843285
92.192192 -7.568325 -19.159590 3.279793 20.859686
92.292292 -7.573032 -19.175072 3.282859 20.876096
92.392392 -7.577745 -19.190562 3.285926 20.892515
92.492492 -7.582462 -19.206059 3.288993 20.908943
92.592593 -7.587185 -19.221565 3.292061 20.925382
92.692693 -7.591914 -19.237078 3.295130 20.941829
92.792793 -7.596647 -19.252597 3.298199 20.958284
92.892893 -7.601385 -19.268122 3.301269 20.974746
92.992993 -7.606127 -19.283653 3.304338 20.991215
93.093093 -7.610874 -19.299188 3.307408 21.007689
93.193193 -7.615623 -19.314726 3.310477 21.024167
93.293293 -7.620376 -19.330265 3.313547 21.040648
93.393393 -7.625131 -19.345804 3.316615 21.057129
93.493493 -7.629887 -19.361342 3.319682 21.073610
93.593594 -7.634645 -19.376877 3.322749 21.090088
93.693694 -7.639403 -19.392407 3.325814 21.106562
93.793794 -7.644161 -19.407933 3.328877 21.123032
93.893894 -7.648921 -19.423456 3.331939 21.139500
93.993994 -7.653682 -19.438975 3.335000 21.155965
94.094094 -7.658443 -19.454490 3.338060 21.172425
94.194194 -7.663204 -19.470000 3.341118 21.188881
94.294294 -7.667966 -19.485506 3.344175 21.205333
94.394394 -7.672728 -19.501007 3.347230 21.221781
94.494494 -7.677491 -19.516502 3.350283 21.238223
94.594595 -7.682253 -19.531992 3.353335 21.254660
94.694695 -7.687016 -19.547478 3.356386 21.271093
94.794795 -7.691778 -19.562957 3.359435 21.287521
94.894895 -7.696541 -19.578432 3.362482 21.303944
94.994995 -7.701305 -19.593902 3.365528 21.320363
95.095095 -7.706068 -19.609366 3.368573 21.336776
95.195195 -7.710831 -19.624825 3.371616 21.353184
95.295295 -7.715595 -19.640279 3.374657 21.369588
95.395395 -7.720358 -19.655726 3.377696 21.385984
95.495495 -7.725120 -19.671166 3.380734 21.402374
95.595596 -7.729881 -19.686596 3.383769 21.418754
95.695696 -7.734640 -19.702017 3.386802 21.435124
95.795796 -7.739396 -19.717423 3.389832 21.451480
95.895896 -7.744147 -19.732813 3.392858 21.467818
95.995996 -7.748894 -19.748186 3.395881 21.484139
96.096096 -7.753637 -19.763543 3.398901 21.500442
96.196196 -7.758375 -19.778883 3.401917 21.516729
96.296296 -7.763111 -19.794211 3.404930 21.533003
96.396396 -7.767843 -19.809525 3.407940 21.549263
96.496496 -7.772574 -19.824829 3.410948 21.565512
96.596597 -7.777303 -19.840124 3.413954 21.581753
96.696697 -7.782031 -19.855411 3.416958 21.597984
96.796797 -7.786757 -19.870687 3.419959 21.614206
96.896897 -7.791480 -19.885951 3.422957 21.630415
96.996997 -7.796201 -19.901204 3.425953 21.646612
97.097097 -7.800919 -19.916443 3.428946 21.662796
97.197197 -7.805634 -19.931670 3.431937 21.678966
97.297297 -7.810347 -19.946886 3.434924 21.695126
97.397397 -7.815059 -19.962094 3.437910 21.711277
97.497497 -7.819769 -19.977292 3.440893 21.727418
97.597598 -7.824477 -19.992480 3.443875 21.743550
97.697698 -7.829183 -20.007657 3.446853 21.759670
97.797798 -7.833886 -20.022823 3.449829 21.775778
97.897898 -7.838587 -20.037976 3.452802 21.791874
97.997998 -7.843284 -20.053113 3.455772 21.807953
98.098098 -7.847976 -20.068234 3.458739 21.824015
98.198198 -7.852664 -20.083338 3.461702 21.840059
98.298298 -7.857346 -20.098424 3.464661 21.856084
98.398398 -7.862023 -20.113490 3.467616 21.872088
98.498498 -7.866693 -20.128533 3.470567 21.888068
98.598599 -7.871355 -20.143552 3.473513 21.904023
98.698699 -7.876010 -20.158545 3.476454 21.919949
98.798799 -7.880656 -20.173511 3.479389 21.935848
98.898899 -7.885293 -20.188449 3.482320 21.951717
98.998999 -7.889921 -20.203360 3.485245 21.967557
99.099099 -7.894541 -20.218245 3.488164 21.983369
99.199199 -7.899153 -20.233101 3.491079 21.999151
99.299299 -7.903755 -20.247929 3.493988 22.014902
99.399399 -7.908348 -20.262729 3.496891 22.030624
99.499499 -7.912932 -20.277500 3.499789 22.046315
99.599600 -7.917505 -20.292240 3.502681 22.061974
99.699700 -7.922068 -20.306948 3.505566 22.077597
99.799800 -7.926620 -20.321622 3.508446 22.093185
99.899900 -7.931161 -20.336263 3.511319 22.108737
100.000000 -7.935692 -20.350872 3.514186 22.124256
