0.000000 -0.907852 0.026758 0.242053 0.939948
0.100100 -0.917165 -0.048631 0.244730 0.950500
0.200200 -0.916347 -0.123466 0.244705 0.956460
0.300300 -0.905590 -0.196940 0.242025 0.957839
0.400400 -0.885063 -0.268268 0.236734 0.954645
0.500501 -0.854908 -0.336651 0.228868 0.946880
0.600601 -0.815256 -0.401268 0.218459 0.934549
0.700701 -0.766227 -0.461236 0.205538 0.917654
0.800801 -0.707820 -0.515520 0.190101 0.896052
0.900901 -0.640037 -0.562928 0.172145 0.869580
1.001001 -0.563014 -0.602156 0.151704 0.838206
1.101101 -0.476984 -0.631677 0.128836 0.801953
1.201201 -0.382222 -0.649527 0.103609 0.760732
1.301301 -0.279208 -0.653183 0.076145 0.714425
1.401401 -0.168870 -0.639403 0.046683 0.662972
1.501502 -0.053039 -0.604164 0.015701 0.606691
1.601602 0.064843 -0.542403 -0.015897 0.546496
1.701702 0.178320 -0.447831 -0.046405 0.484257
1.801802 0.275412 -0.314386 -0.072642 0.424225
1.901902 0.335791 -0.141211 -0.089191 0.375035
2.002002 0.333396 0.056393 -0.089061 0.349664
2.102102 0.256356 0.240851 -0.068989 0.358451
2.202202 0.124895 0.375948 -0.034277 0.397631
2.302302 -0.027561 0.453119 0.006184 0.453999
2.402402 -0.178168 0.482769 0.046274 0.516673
2.502503 -0.316677 0.478008 0.083227 0.579399
2.602603 -0.439715 0.449339 0.116114 0.639325
2.702703 -0.546854 0.404195 0.144804 0.695264
2.802803 -0.638672 0.347621 0.169437 0.746627
2.902903 -0.716036 0.283129 0.190236 0.793133
3.003003 -0.779898 0.213274 0.207448 0.834722
3.103103 -0.831115 0.139953 0.221296 0.871384
3.203203 -0.870492 0.064638 0.231991 0.903191
3.303303 -0.898915 -0.011488 0.239768 0.930413
3.403403 -0.917181 -0.087476 0.244835 0.953319
3.503504 -0.925930 -0.162543 0.247361 0.972088
3.603604 -0.925702 -0.236020 0.247490 0.986854
3.703704 -0.916954 -0.307308 0.245340 0.997714
3.803804 -0.900112 -0.375865 0.241025 1.004773
3.903904 -0.875572 -0.441187 0.234648 1.008133
4.004004 -0.843678 -0.502782 0.226301 1.007866
4.104104 -0.804738 -0.560153 0.216063 1.004021
4.204204 -0.758984 -0.612754 0.203996 0.996564
4.304304 -0.706581 -0.659953 0.190142 0.985367
4.404404 -0.647786 -0.701149 0.174567 0.970418
4.504505 -0.582868 -0.735677 0.157343 0.951689
4.604605 -0.512038 -0.762694 0.138522 0.929018
4.704705 -0.435579 -0.781264 0.118178 0.902257
4.804805 -0.353856 -0.790315 0.096406 0.871267
4.904905 -0.267398 -0.788693 0.073344 0.836013
5.005005 -0.176921 -0.775055 0.049179 0.796511
5.105105 -0.083398 -0.747796 0.024167 0.752820
5.205205 0.011776 -0.704984 -0.001326 0.705084
5.305305 0.106537 -0.644278 -0.026755 0.653575
5.405405 0.197704 -0.562883 -0.051278 0.598794
5.505506 0.280299 -0.457861 -0.073576 0.541865
5.605606 0.346570 -0.326974 -0.091588 0.485192
5.705706 0.384828 -0.170602 -0.102193 0.433175
5.805806 0.379585 0.003910 -0.101244 0.392874
5.905906 0.317247 0.176697 -0.085064 0.372965
6.006006 0.199360 0.318154 -0.053988 0.379316
6.106106 0.047399 0.406477 -0.013688 0.409460
6.206206 -0.111998 0.439849 0.028737 0.454793
6.306306 -0.261067 0.429417 0.068521 0.507199
6.406406 -0.392084 0.388319 0.103568 0.561469
6.506507 -0.503257 0.327144 0.133375 0.614882
6.606607 -0.595273 0.253321 0.158105 0.665972
6.706707 -0.669524 0.171838 0.178118 0.713804
6.806807 -0.727629 0.086156 0.193835 0.757917
6.906907 -0.771196 -0.001276 0.205679 0.798153
7.007007 -0.801588 -0.088697 0.214009 0.834392
7.107107 -0.819958 -0.174790 0.219130 0.866546
7.207207 -0.827421 -0.258556 0.221336 0.894688
7.307307 -0.824932 -0.339202 0.220880 0.918890
7.407407 -0.813345 -0.416097 0.217988 0.939247
7.507508 -0.793468 -0.488736 0.212874 0.955913
7.607608 -0.765905 -0.556619 0.205697 0.968889
7.707708 -0.731207 -0.619298 0.196605 0.978185
7.807808 -0.689962 -0.676410 0.185752 0.983911
7.907908 -0.642637 -0.727530 0.173262 0.986054
8.008008 -0.589622 -0.772177 0.159238 0.984514
8.108108 -0.531350 -0.809903 0.143794 0.979261
8.208208 -0.468250 -0.840228 0.127044 0.970248
8.308308 -0.400742 -0.862590 0.109097 0.957371
8.408408 -0.329324 -0.876475 0.090086 0.940627
8.508509 -0.254548 -0.881346 0.070156 0.920047
8.608609 -0.176990 -0.876465 0.049459 0.895524
8.708709 -0.097318 -0.860922 0.028170 0.866863
8.808809 -0.016363 -0.833638 0.006510 0.833824
8.908909 0.064796 -0.793491 -0.015238 0.796278
9.009009 0.144740 -0.739248 -0.036699 0.754178
9.109109 0.221576 -0.669534 -0.057370 0.707575
9.209209 0.292651 -0.582780 -0.076549 0.656610
9.309309 0.354235 -0.477472 -0.093245 0.601795
9.409409 0.401033 -0.352643 -0.106047 0.544454
9.509510 0.425188 -0.208460 -0.112860 0.486804
9.609610 0.415581 -0.048509 -0.110709 0.432801
9.709710 0.359110 0.115808 -0.096072 0.389360
9.809810 0.247388 0.260924 -0.066649 0.365684
9.909910 0.089776 0.356831 -0.024861 0.368790
10.010010 -0.084925 0.387713 0.021651 0.397495
10.110110 -0.248280 0.361359 0.065286 0.443267
10.210210 -0.385700 0.295720 0.102104 0.496628
10.310310 -0.493524 0.206712 0.131089 0.550890
10.410410 -0.573350 0.105620 0.152639 0.602647
10.510511 -0.628464 -0.000211 0.167610 0.650431
10.610611 -0.662017 -0.106132 0.176831 0.693398
10.710711 -0.676769 -0.209097 0.181031 0.731102
10.810811 -0.675150 -0.307035 0.180851 0.763416
10.910911 -0.659255 -0.398497 0.176847 0.790375
11.011011 -0.630905 -0.482435 0.169502 0.812106
11.111111 -0.591701 -0.558070 0.159241 0.828800
11.211211 -0.543019 -0.624750 0.146430 0.840609
11.311311 -0.485977 -0.681785 0.131364 0.847503
11.411411 -0.421622 -0.728528 0.114321 0.849463
11.511512 -0.351012 -0.764421 0.095582 0.846572
11.611612 -0.275184 -0.788889 0.075421 0.838904
11.711712 -0.195160 -0.801234 0.054111 0.826432
11.811812 -0.112023 -0.800654 0.031937 0.809084
11.911912 -0.027016 -0.786443 0.009229 0.786961
12.012012 0.058440 -0.757903 -0.013635 0.760275
12.112112 0.142667 -0.714174 -0.036211 0.729185
12.212212 0.223606 -0.654333 -0.057951 0.693908
12.312312 0.298561 -0.577296 -0.078140 0.654611
12.412412 0.364054 -0.482222 -0.095851 0.611769
12.512513 0.415602 -0.368967 -0.109890 0.566514
12.612613 0.447235 -0.238378 -0.118663 0.520504
12.712713 0.450907 -0.093372 -0.120015 0.475856
12.812813 0.417281 0.058758 -0.111439 0.435884
12.912913 0.338887 0.203835 -0.090905 0.405780
13.013013 0.215557 0.321059 -0.058315 0.391081
13.113113 0.060068 0.389932 -0.017024 0.394898
13.213213 -0.104584 0.401571 0.026859 0.415835
13.313313 -0.256628 0.362234 0.067509 0.449031
13.413413 -0.383333 0.286093 0.101497 0.488974
13.513514 -0.480570 0.187398 0.127684 0.531384
13.613614 -0.548959 0.077158 0.146207 0.573311
13.713714 -0.590963 -0.036969 0.157703 0.612760
13.813814 -0.609580 -0.149736 0.162959 0.648509
13.913914 -0.607689 -0.257529 0.162732 0.679771
14.014014 -0.588027 -0.357833 0.157746 0.706190
14.114114 -0.553087 -0.448860 0.148662 0.727655
14.214214 -0.505032 -0.529249 0.136053 0.744091
14.314314 -0.445733 -0.597842 0.120415 0.755376
14.414414 -0.376922 -0.653657 0.102207 0.761435
14.514515 -0.300330 -0.695944 0.081888 0.762393
14.614615 -0.217639 -0.724042 0.059907 0.758414
14.714715 -0.130453 -0.737053 0.036688 0.749407
14.814815 -0.040464 -0.734015 0.012681 0.735239
14.914915 0.050409 -0.713918 -0.011606 0.715790
15.015015 0.139953 -0.675783 -0.035586 0.691040
15.115115 0.225492 -0.618720 -0.058546 0.661127
15.215215 0.303734 -0.541924 -0.079610 0.626318
15.315315 0.370460 -0.444886 -0.097655 0.587112
15.415415 0.420068 -0.327632 -0.111187 0.544208
15.515516 0.445414 -0.191849 -0.118297 0.499193
15.615616 0.437797 -0.042387 -0.116650 0.455050
15.715716 0.387813 0.110466 -0.103713 0.416363
15.815816 0.289294 0.248584 -0.077794 0.389277
15.915916 0.147075 0.348331 -0.040121 0.380231
16.016016 -0.019001 0.391673 0.004059 0.392154
16.116116 -0.182865 0.376878 0.047800 0.421618
16.216216 -0.325343 0.316262 0.085954 0.461799
16.316316 -0.438365 0.226149 0.116329 0.506794
16.416416 -0.521472 0.120139 0.138766 0.552832
16.516517 -0.577471 0.007624 0.153990 0.597699
16.616617 -0.609814 -0.105344 0.162907 0.639929
16.716717 -0.621624 -0.214845 0.166338 0.678412
16.816817 -0.615776 -0.318298 0.165045 0.712554
16.916917 -0.594976 -0.414059 0.159744 0.742267
17.017017 -0.561603 -0.501090 0.151068 0.767666
17.117117 -0.517624 -0.578661 0.139538 0.788831
17.217217 -0.464674 -0.646197 0.125590 0.805770
17.317317 -0.404208 -0.703264 0.109611 0.818523
17.417417 -0.337536 -0.749504 0.091949 0.827129
17.517518 -0.265908 -0.784707 0.072937 0.831740
17.617618 -0.190503 -0.808704 0.052888 0.832521
17.717718 -0.112405 -0.821161 0.032092 0.829440
17.817818 -0.032697 -0.821643 0.010835 0.822365
17.917918 0.047475 -0.809748 -0.010577 0.811207
18.018018 0.126864 -0.785091 -0.031813 0.795911
18.118118 0.204113 -0.747408 -0.052513 0.776555
18.218218 0.277695 -0.696465 -0.072268 0.753260
18.318318 0.345779 -0.631885 -0.090592 0.725982
18.418418 0.406165 -0.553378 -0.106899 0.694712
18.518519 0.456071 -0.460752 -0.120447 0.659394
18.618619 0.492076 -0.354242 -0.130323 0.620170
18.718719 0.510088 -0.234974 -0.135434 0.577707
18.818819 0.504905 -0.105286 -0.134386 0.532986
18.918919 0.470199 0.030188 -0.125478 0.487589
19.019019 0.399502 0.162821 -0.106965 0.444471
19.119119 0.288841 0.278397 -0.077750 0.408631
19.219219 0.141459 0.357436 -0.038647 0.386348
19.319319 -0.027099 0.381565 0.006245 0.382577
19.419419 -0.191521 0.345235 0.050189 0.397978
19.519520 -0.329558 0.259917 0.087223 0.428688
19.619620 -0.430969 0.144798 0.114565 0.468856
19.719720 -0.495549 0.016730 0.132118 0.513131
19.819820 -0.527904 -0.112789 0.141081 0.557950
19.919920 -0.533833 -0.236894 0.142981 0.601282
20.020020 -0.518654 -0.351779 0.139229 0.641977
20.120120 -0.486879 -0.455514 0.131022 0.679493
20.220220 -0.442158 -0.547198 0.119331 0.713561
20.320320 -0.387429 -0.626547 0.104939 0.744094
20.420420 -0.325096 -0.693620 0.088487 0.771120
20.520521 -0.257052 -0.748512 0.070482 0.794552
20.620621 -0.184848 -0.791259 0.051335 0.814184
20.720721 -0.109832 -0.821926 0.031407 0.829827
20.820821 -0.033237 -0.840674 0.011028 0.841403
20.920921 0.043806 -0.847672 -0.009501 0.848857
21.021021 0.120227 -0.843028 -0.029894 0.852082
21.121121 0.194959 -0.826726 -0.049867 0.850865
21.221221 0.266951 -0.798897 -0.069139 0.845151
21.321321 0.335156 -0.759816 -0.087429 0.835041
21.421421 0.398413 -0.709601 -0.104429 0.820471
21.521522 0.455442 -0.648364 -0.119796 0.801345
21.621622 0.504833 -0.576326 -0.133154 0.777649
21.721722 0.544997 -0.493826 -0.144078 0.749429
21.821822 0.574005 -0.401304 -0.152053 0.716692
21.921922 0.589499 -0.299431 -0.156447 0.679443
22.022022 0.588737 -0.189415 -0.156527 0.637958
22.122122 0.568262 -0.073221 -0.151365 0.592617
22.222222 0.523867 0.045832 -0.139832 0.544141
22.322322 0.450785 0.162016 -0.120640 0.493974
22.422422 0.344872 0.265850 -0.092661 0.445195
22.522523 0.205082 0.342520 -0.055576 0.403073
22.622623 0.038549 0.372492 -0.011240 0.374650
22.722723 -0.133682 0.340015 0.034777 0.367002
22.822823 -0.282146 0.246820 0.074612 0.382222
22.922923 -0.386434 0.113788 0.102768 0.415740
23.023023 -0.443513 -0.034138 0.118372 0.460306
23.123123 -0.460784 -0.179684 0.123352 0.509730
23.223223 -0.447807 -0.313869 0.120237 0.559912
23.323323 -0.412848 -0.432944 0.111220 0.608485
23.423423 -0.362243 -0.535806 0.097988 0.654148
23.523524 -0.300602 -0.622479 0.081772 0.696081
23.623624 -0.231284 -0.693333 0.063467 0.733642
23.723724 -0.156806 -0.748771 0.043747 0.766263
23.823824 -0.079236 -0.789507 0.023164 0.793812
23.923924 -0.000272 -0.816332 0.002174 0.816335
24.024024 0.078693 -0.829962 -0.018851 0.833898
24.124124 0.156459 -0.831078 -0.039588 0.846603
24.224224 0.231956 -0.820217 -0.059751 0.854476
24.324324 0.304160 -0.797787 -0.079065 0.857455
24.424424 0.372038 -0.764077 -0.097255 0.855386
24.524525 0.434599 -0.719498 -0.114054 0.848270
24.624625 0.490806 -0.664458 -0.129186 0.836113
24.724725 0.539463 -0.599252 -0.142331 0.818768
24.824825 0.579214 -0.524215 -0.153126 0.796077
24.924925 0.608481 -0.439754 -0.161148 0.767855
25.025025 0.625319 -0.346390 -0.165879 0.733843
25.125125 0.627328 -0.244906 -0.166676 0.693758
25.225225 0.611678 -0.136643 -0.162781 0.647548
25.325325 0.574842 -0.023817 -0.153247 0.595395
25.425425 0.512155 0.089805 -0.136821 0.537669
25.525526 0.418201 0.197487 -0.112041 0.475863
25.625626 0.287640 0.286916 -0.077451 0.413590
25.725726 0.119434 0.336532 -0.032719 0.358593
25.825826 -0.070905 0.316678 0.018095 0.325023
25.925926 -0.240845 0.211986 0.063687 0.327110
26.026026 -0.347876 0.049909 0.092649 0.363445
26.126126 -0.386206 -0.124333 0.103320 0.418675
26.226226 -0.373181 -0.283573 0.100256 0.479301
26.326326 -0.326953 -0.418538 0.088275 0.538391
26.426426 -0.260395 -0.528100 0.070806 0.593050
26.526527 -0.181931 -0.613996 0.050101 0.642340
26.626627 -0.097024 -0.678508 0.027622 0.685966
26.726727 -0.009291 -0.723658 0.004340 0.723731
26.826827 0.078695 -0.751239 -0.019054 0.755589
26.926927 0.165025 -0.762861 -0.042048 0.781638
27.027027 0.248204 -0.759919 -0.064239 0.802003
27.127127 0.326994 -0.743557 -0.085294 0.816748
27.227227 0.400367 -0.714900 -0.104937 0.826067
27.327327 0.467443 -0.675025 -0.122928 0.830224
27.427427 0.527345 -0.624827 -0.139033 0.829356
27.527528 0.579168 -0.565092 -0.153008 0.823515
27.627628 0.621948 -0.496574 -0.164593 0.812709
27.727728 0.654593 -0.420008 -0.173497 0.796869
27.827828 0.675975 -0.336259 -0.179415 0.776017
27.927928 0.684810 -0.246322 -0.182003 0.750176
28.028028 0.679336 -0.151309 -0.180787 0.719080
28.128128 0.657475 -0.052728 -0.175211 0.682461
28.228228 0.616931 0.047241 -0.164655 0.640271
28.328328 0.554793 0.145386 -0.148336 0.592398
28.428428 0.467753 0.236744 -0.125358 0.539032
28.528529 0.352550 0.313356 -0.094831 0.481120
28.628629 0.207582 0.362503 -0.056295 0.421507
28.728729 0.037415 0.364833 -0.010917 0.366909
28.828829 -0.137706 0.297134 0.035961 0.329461
28.928929 -0.275547 0.153078 0.073094 0.323577
29.029029 -0.338759 -0.033522 0.090432 0.352221
29.129129 -0.328806 -0.215162 0.088245 0.402735
29.229229 -0.269678 -0.366537 0.072866 0.460853
29.329329 -0.183209 -0.482214 0.050102 0.518272
29.429429 -0.083653 -0.564705 0.023763 0.571361
29.529530 0.020410 -0.618412 -0.003851 0.618761
29.629630 0.123791 -0.647581 -0.031348 0.660051
29.729730 0.223231 -0.655765 -0.057847 0.695130
29.829830 0.316560 -0.645881 -0.082763 0.724032
29.929930 0.402196 -0.620271 -0.105668 0.746768
30.030030 0.478825 -0.580775 -0.126206 0.763217
30.130130 0.545375 -0.529062 -0.144088 0.773370
30.230230 0.600847 -0.466630 -0.159043 0.777209
30.330330 0.644179 -0.394799 -0.170785 0.774597
30.430430 0.674325 -0.314923 -0.179030 0.765468
30.530531 0.690104 -0.228381 -0.183461 0.749706
30.630631 0.690104 -0.136673 -0.183697 0.727096
30.730731 0.672617 -0.041573 -0.179278 0.697339
30.830831 0.635648 0.054637 -0.169666 0.660166
30.930931 0.577000 0.148855 -0.154267 0.615537
31.031031 0.494029 0.236577 -0.132365 0.563520
31.131131 0.383819 0.310865 -0.103164 0.504576
31.231231 0.244265 0.360540 -0.066073 0.440477
31.331331 0.077328 0.367469 -0.021569 0.376136
31.431431 -0.101418 0.305927 0.026260 0.323367
31.531532 -0.248695 0.159472 0.065916 0.302697
31.631632 -0.313044 -0.040345 0.083592 0.326515
31.731732 -0.292105 -0.232573 0.078502 0.381547
31.831832 -0.218804 -0.386143 0.059348 0.447776
31.931932 -0.120770 -0.498489 0.033492 0.514002
32.032032 -0.013671 -0.575699 0.005128 0.575884
32.132132 0.094378 -0.624240 -0.023564 0.631773
32.232232 0.199020 -0.649368 -0.051407 0.681124
32.332332 0.297790 -0.655090 -0.077734 0.723784
32.432432 0.389199 -0.644534 -0.102139 0.759824
32.532533 0.472207 -0.620041 -0.124340 0.789234
32.632633 0.546114 -0.583586 -0.144145 0.812152
32.732733 0.610541 -0.537000 -0.161447 0.828972
32.832833 0.665116 -0.481764 -0.176144 0.839942
32.932933 0.709436 -0.419117 -0.188126 0.845192
33.033033 0.743044 -0.350167 -0.197266 0.844776
33.133133 0.765448 -0.275960 -0.203432 0.838719
33.233233 0.776144 -0.197562 -0.206487 0.827083
33.333333 0.774552 -0.116068 -0.206272 0.809908
33.433433 0.759958 -0.032665 -0.202595 0.787177
33.533534 0.731298 0.051288 -0.195167 0.758629
33.633634 0.687340 0.134106 -0.183657 0.723983
33.733734 0.626825 0.213612 -0.167722 0.683132
33.833834 0.548319 0.286864 -0.146973 0.636039
33.933934 0.450325 0.349729 -0.121000 0.582876
34.034034 0.331425 0.395985 -0.089409 0.524062
34.134134 0.191274 0.416049 -0.052083 0.460863
34.234234 0.033543 0.395527 -0.009964 0.397071
34.334334 -0.127330 0.315073 0.033147 0.341442
34.434434 -0.255950 0.162282 0.067843 0.310562
34.534535 -0.306774 -0.038479 0.081915 0.319845
34.634635 -0.271808 -0.230861 0.073085 0.364030
34.734735 -0.182720 -0.380629 0.049711 0.425131
34.834835 -0.070138 -0.484643 0.019953 0.490098
34.934935 0.048644 -0.550480 -0.011556 0.552746
35.035035 0.165115 -0.586408 -0.042526 0.610692
35.135135 0.275174 -0.598953 -0.071846 0.663044
35.235235 0.376793 -0.592921 -0.098964 0.709452
35.335335 0.468999 -0.571983 -0.123608 0.749936
35.435435 0.551362 -0.539002 -0.145659 0.784690
35.535536 0.623662 -0.496172 -0.165052 0.813869
35.635636 0.685708 -0.445189 -0.181730 0.837505
35.735736 0.737366 -0.387469 -0.195656 0.855642
35.835836 0.778576 -0.324272 -0.206809 0.868391
35.935936 0.809336 -0.256737 -0.215187 0.875925
36.036036 0.829659 -0.185908 -0.220789 0.878432
36.136136 0.839411 -0.112732 -0.223578 0.875960
36.236236 0.838333 -0.038127 -0.223483 0.868447
36.336336 0.826109 0.036957 -0.220416 0.855807
36.436436 0.802427 0.111499 -0.214292 0.837999
36.536537 0.766936 0.184364 -0.205014 0.814992
36.636637 0.719114 0.254218 -0.192440 0.786629
36.736737 0.658313 0.319427 -0.176392 0.752678
36.836837 0.583927 0.377971 -0.156704 0.713014
36.936937 0.495467 0.427303 -0.133239 0.667703
37.037037 0.392540 0.463988 -0.105883 0.616915
37.137137 0.275105 0.483225 -0.074614 0.561032
37.237237 0.144142 0.478001 -0.039673 0.500835
37.337337 0.003371 0.438082 -0.002027 0.438100
37.437437 -0.136607 0.350488 0.035530 0.377844
37.537538 -0.251526 0.204464 0.066555 0.330908
37.637638 -0.302841 0.009805 0.080742 0.313573
37.737738 -0.267143 -0.187727 0.071729 0.334293
37.837838 -0.165324 -0.341669 0.044971 0.382220
37.937938 -0.034432 -0.440097 0.010316 0.441563
38.038038 0.101185 -0.491932 -0.025720 0.502889
38.138138 0.230166 -0.508902 -0.060075 0.561753
38.238238 0.347744 -0.500045 -0.091455 0.615901
38.338338 0.452084 -0.471903 -0.119355 0.664318
38.438438 0.542798 -0.429418 -0.143657 0.706871
38.538539 0.620127 -0.376286 -0.164418 0.743762
38.638639 0.684496 -0.315266 -0.181742 0.775215
38.738739 0.736410 -0.248498 -0.195759 0.801481
38.838839 0.776453 -0.177722 -0.206620 0.822895
38.938939 0.805074 -0.104340 -0.214442 0.839653
39.039039 0.822595 -0.029531 -0.219308 0.851840
39.139139 0.829250 0.045651 -0.221276 0.859478
39.239239 0.825121 0.120219 -0.220367 0.862461
39.339339 0.810371 0.193220 -0.216621 0.860790
39.439439 0.785201 0.263713 -0.210090 0.854530
39.539540 0.749750 0.330726 -0.200807 0.843699
39.639640 0.704061 0.393188 -0.188783 0.828213
39.739740 0.648120 0.449885 -0.174010 0.807921
39.839840 0.581939 0.499423 -0.156487 0.782666
39.939940 0.505483 0.540074 -0.136201 0.752159
40.040040 0.418830 0.569736 -0.113167 0.716117
40.140140 0.322319 0.585850 -0.087470 0.674360
40.240240 0.216710 0.585188 -0.059302 0.626837
40.340340 0.103447 0.563321 -0.029039 0.573476
40.440440 -0.014488 0.514421 0.002540 0.514631
40.540541 -0.130945 0.431325 0.033813 0.452030
40.640641 -0.233538 0.306035 0.061496 0.389845
40.740741 -0.299004 0.135194 0.079395 0.337615
40.840841 -0.294323 -0.064424 0.078661 0.311390
40.940941 -0.204318 -0.244588 0.055120 0.323430
41.041041 -0.058899 -0.361742 0.016639 0.366883
41.141141 0.099600 -0.412527 -0.025501 0.425146
41.241241 0.247408 -0.413810 -0.064918 0.486481
41.341341 0.376055 -0.381825 -0.099310 0.545042
41.441441 0.483903 -0.328253 -0.128211 0.598624
41.541542 0.571605 -0.260820 -0.151774 0.646370
41.641642 0.640439 -0.184676 -0.170328 0.687953
41.741742 0.691953 -0.103481 -0.184276 0.723509
41.841842 0.727549 -0.019882 -0.193984 0.753228
41.941942 0.748333 0.064129 -0.199743 0.777182
42.042042 0.755295 0.146956 -0.201813 0.795485
42.142142 0.749406 0.227276 -0.200449 0.808358
42.242242 0.731508 0.303943 -0.195873 0.815997
42.342342 0.702253 0.375870 -0.188256 0.818460
42.442442 0.662315 0.442060 -0.177775 0.815894
42.542543 0.612325 0.501510 -0.164596 0.808422
42.642643 0.552685 0.553013 -0.148823 0.795885
42.742743 0.483973 0.595399 -0.130607 0.778324
42.842843 0.406966 0.627524 -0.110152 0.756003
42.942943 0.322405 0.647912 -0.087652 0.728984
43.043043 0.231096 0.654588 -0.063318 0.697066
43.143143 0.134184 0.645146 -0.037447 0.660016
43.243243 0.033458 0.616839 -0.010511 0.617835
43.343343 -0.068306 0.566255 0.016759 0.570606
43.443443 -0.166648 0.489406 0.043185 0.518801
43.543544 -0.254104 0.381982 0.066786 0.463616
43.643644 -0.318273 0.240948 0.084262 0.407987
43.743744 -0.339998 0.069509 0.090497 0.358636
43.843844 -0.296866 -0.113226 0.079465 0.327512
43.943944 -0.181856 -0.267308 0.049189 0.327024
44.044044 -0.021670 -0.356853 0.006698 0.357573
44.144144 0.144428 -0.378651 -0.037544 0.406996
44.244244 0.292939 -0.350600 -0.077224 0.463355
44.344344 0.416495 -0.291521 -0.110328 0.520216
44.444444 0.514913 -0.214395 -0.136774 0.574289
44.544545 0.590169 -0.127404 -0.157069 0.623861
44.644645 0.644773 -0.035842 -0.171867 0.668248
44.744745 0.681085 0.056800 -0.181790 0.707213
44.844845 0.701120 0.148115 -0.187368 0.740685
44.944945 0.706694 0.236395 -0.189082 0.768799
45.045045 0.699331 0.320348 -0.187334 0.791695
45.145145 0.680203 0.398907 -0.182435 0.809373
45.245245 0.650477 0.471243 -0.174693 0.822014
45.345345 0.611142 0.536598 -0.164371 0.829728
45.445445 0.562988 0.594186 -0.151677 0.832477
45.545546 0.506915 0.643394 -0.136849 0.830450
45.645646 0.443802 0.683629 -0.120120 0.823855
45.745746 0.374385 0.714104 -0.101686 0.812680
45.845846 0.299483 0.734059 -0.081761 0.797005
45.945946 0.219971 0.742616 -0.060577 0.776875
46.046046 0.136762 0.738535 -0.038375 0.752071
46.146146 0.051019 0.720493 -0.015461 0.722462
46.246246 -0.035754 0.686916 0.007768 0.687890
46.346346 -0.121540 0.635990 0.030777 0.648230
46.446446 -0.203526 0.565825 0.052823 0.603631
46.546547 -0.277625 0.474282 0.072821 0.554367
46.646647 -0.337679 0.359339 0.089133 0.501095
46.746747 -0.374326 0.220239 0.099265 0.445509
46.846847 -0.373720 0.060306 0.099515 0.391417
46.946947 -0.318482 -0.106839 0.085213 0.346564
47.047047 -0.197693 -0.249941 0.053367 0.323111
47.147147 -0.027267 -0.329167 0.008119 0.330394
47.247247 0.151100 -0.330178 -0.039448 0.365247
47.347347 0.304310 -0.271892 -0.080459 0.415937
47.447447 0.421797 -0.180101 -0.112028 0.472122
47.547548 0.505338 -0.073104 -0.134584 0.528037
47.647648 0.560192 0.038396 -0.149500 0.581068
47.747748 0.591685 0.148489 -0.158183 0.630208
47.847848 0.604176 0.253916 -0.161785 0.675038
47.947948 0.600945 0.352791 -0.161178 0.715245
48.048048 0.584476 0.443921 -0.157021 0.750555
48.148148 0.556699 0.526474 -0.149825 0.780728
48.248248 0.519346 0.599978 -0.140052 0.805797
48.348348 0.473926 0.664155 -0.128104 0.825905
48.448448 0.421607 0.718641 -0.114291 0.840988
48.548549 0.363440 0.763136 -0.098893 0.851026
48.648649 0.300433 0.797431 -0.082177 0.856101
48.748749 0.233487 0.821213 -0.064384 0.856184
48.848849 0.163485 0.834174 -0.045748 0.851274
48.948949 0.091330 0.836025 -0.026509 0.841416
49.049049 0.017938 0.826282 -0.006911 0.826506
49.149149 -0.055686 0.804491 0.012781 0.806517
49.249249 -0.128399 0.770118 0.032261 0.781414
49.349349 -0.198836 0.722377 0.051170 0.750987
49.449449 -0.265281 0.660361 0.069050 0.714995
49.549550 -0.325513 0.583092 0.085313 0.673226
49.649650 -0.376577 0.489625 0.099172 0.625602
49.749750 -0.414290 0.379086 0.109514 0.572133
49.849850 -0.432757 0.251297 0.114768 0.513420
49.949950 -0.423394 0.107927 0.112640 0.451219
50.050050 -0.373765 -0.044701 0.099797 0.389433
50.150150 -0.269201 -0.188876 0.072281 0.336702
50.250250 -0.105056 -0.287933 0.028759 0.307846
50.350350 0.088880 -0.302336 -0.022926 0.315962
50.450450 0.260464 -0.233599 -0.068864 0.356584
50.550551 0.383350 -0.117948 -0.101935 0.413836
50.650651 0.459241 0.013581 -0.122513 0.475496
50.750751 0.497808 0.144693 -0.133136 0.535233
50.850851 0.508283 0.267999 -0.136247 0.590541
50.950951 0.497606 0.380348 -0.133689 0.640428
51.051051 0.470793 0.480482 -0.126796 0.684534
51.151151 0.431581 0.568034 -0.116564 0.722850
51.251251 0.382787 0.643017 -0.103743 0.755486
51.351351 0.326640 0.705672 -0.088930 0.782672
51.451451 0.264947 0.756354 -0.072607 0.804698
51.551552 0.199168 0.795353 -0.055165 0.821765
51.651652 0.130545 0.822962 -0.036934 0.834070
51.751752 0.060161 0.839374 -0.018205 0.841724
51.851852 -0.011007 0.844579 0.000762 0.844651
51.951952 -0.082004 0.838463 0.019712 0.842694
52.052052 -0.151863 0.820938 0.038388 0.835748
52.152152 -0.219595 0.792043 0.056527 0.823863
52.252252 -0.284110 0.751670 0.073836 0.806956
52.352352 -0.344193 0.699665 0.089994 0.784920
52.452452 -0.398433 0.635883 0.104624 0.757655
52.552553 -0.445060 0.560056 0.117255 0.724907
52.652653 -0.481917 0.472044 0.127311 0.686497
52.752753 -0.506210 0.371863 0.134047 0.642261
52.852853 -0.514079 0.259804 0.136435 0.591937
52.952953 -0.500003 0.136939 0.132997 0.535204
53.053053 -0.456483 0.006449 0.121726 0.472478
53.153153 -0.373602 -0.123749 0.099957 0.406058
53.253253 -0.240293 -0.235380 0.064691 0.342534
53.353353 -0.055398 -0.291819 0.015526 0.297437
53.453453 0.145013 -0.251108 -0.038028 0.292455
53.553554 0.296857 -0.122338 -0.078856 0.330619
53.653654 0.376728 0.040027 -0.100575 0.391972
53.753754 0.399946 0.198382 -0.107175 0.459129
53.853854 0.385528 0.339086 -0.103692 0.523797
53.953954 0.346721 0.458878 -0.093651 0.582713
54.054054 0.291960 0.557894 -0.079301 0.634646
54.154154 0.226803 0.637263 -0.062128 0.679267
54.254254 0.155051 0.698261 -0.043149 0.716569
54.354354 0.079478 0.742190 -0.023107 0.746791
54.454454 0.002191 0.770217 -0.002567 0.770224
54.554555 -0.075139 0.783304 0.018023 0.787106
54.654655 -0.151109 0.782288 0.038287 0.797668
54.754755 -0.224463 0.767806 0.057887 0.802035
54.854855 -0.293974 0.740255 0.076497 0.800156
54.954955 -0.358416 0.700005 0.093787 0.792001
55.055055 -0.416495 0.647397 0.109412 0.777536
55.155155 -0.466692 0.582614 0.122966 0.756545
55.255255 -0.507270 0.505896 0.133985 0.728838
55.355355 -0.536168 0.417622 0.141920 0.694281
55.455455 -0.550808 0.318350 0.146080 0.652745
55.555556 -0.548036 0.209150 0.145621 0.604395
55.655656 -0.523473 0.091857 0.139372 0.549441
55.755756 -0.470754 -0.030001 0.125626 0.488151
55.855856 -0.381822 -0.148879 0.102214 0.422375
55.955956 -0.248181 -0.248816 0.066830 0.357728
56.056056 -0.068482 -0.298590 0.019032 0.306933
56.156156 0.128461 -0.258501 -0.033595 0.290609
56.256256 0.281228 -0.128302 -0.074672 0.318004
56.356356 0.358697 0.040149 -0.095767 0.373426
56.456456 0.374857 0.204156 -0.100499 0.438517
56.556557 0.351516 0.347923 -0.094644 0.503559
56.656657 0.303921 0.468385 -0.082260 0.564375
56.756757 0.241629 0.566675 -0.065900 0.619555
56.856857 0.170707 0.645055 -0.047187 0.668927
56.956957 0.095010 0.705653 -0.027155 0.712538
57.057057 0.017121 0.750210 -0.006497 0.750434
57.157157 -0.061117 0.780248 0.014291 0.782768
57.257257 -0.138319 0.797030 0.034838 0.809693
57.357357 -0.213369 0.801451 0.054842 0.831179
57.457457 -0.285345 0.794351 0.074056 0.847289
57.557558 -0.353438 0.776482 0.092262 0.858111
57.657658 -0.416911 0.748496 0.109262 0.863712
57.757758 -0.475069 0.711005 0.124869 0.864182
57.857858 -0.527226 0.664568 0.138899 0.859599
57.957958 -0.572633 0.609661 0.151150 0.849965
58.058058 -0.610449 0.546711 0.161398 0.835219
58.158158 -0.639696 0.476131 0.169380 0.815231
58.258258 -0.659130 0.398298 0.174763 0.789706
58.358358 -0.667302 0.313713 0.177160 0.758349
58.458458 -0.662527 0.223106 0.176120 0.720927
58.558559 -0.642675 0.127507 0.171071 0.677167
58.658659 -0.605086 0.028502 0.161301 0.626865
58.758759 -0.546227 -0.071320 0.145861 0.569847
58.858859 -0.461553 -0.167466 0.123526 0.506295
58.958959 -0.345745 -0.251697 0.092857 0.437623
59.059059 -0.193770 -0.307995 0.052471 0.367642
59.159159 -0.009032 -0.306987 0.003199 0.307137
59.259259 0.173969 -0.212667 -0.045850 0.278559
59.359359 0.287836 -0.034719 -0.076676 0.299890
59.459459 0.309146 0.158893 -0.082857 0.357329
59.559560 0.268268 0.323999 -0.072380 0.426828
59.659660 0.195293 0.452499 -0.053249 0.495712
59.759760 0.107563 0.548309 -0.030098 0.559570
59.859860 0.014227 0.617024 -0.005382 0.617212
59.959960 -0.079761 0.663475 0.019564 0.668538
60.060060 -0.171616 0.691524 0.043990 0.713858
60.160160 -0.259708 0.704246 0.067451 0.753631
60.260260 -0.342966 0.703820 0.089656 0.788052
60.360360 -0.420662 0.691965 0.110408 0.817289
60.460460 -0.492288 0.670130 0.129567 0.841551
60.560561 -0.557432 0.639484 0.147020 0.860979
60.660661 -0.615775 0.601051 0.162678 0.875731
60.760761 -0.667038 0.555724 0.176467 0.885951
60.860861 -0.710889 0.504246 0.188294 0.891673
60.960961 -0.746941 0.447258 0.198056 0.892853
61.061061 -0.774857 0.385420 0.205660 0.889521
61.161161 -0.794203 0.319347 0.210990 0.881622
61.261261 -0.804586 0.249691 0.213938 0.869180
61.361361 -0.805698 0.177184 0.214421 0.852362
61.461461 -0.796997 0.102551 0.212293 0.831137
61.561562 -0.777867 0.026609 0.207386 0.805477
61.661662 -0.747525 -0.049674 0.199491 0.775279
61.761762 -0.704960 -0.125095 0.188333 0.740329
61.861862 -0.648993 -0.198070 0.173594 0.700399
61.961962 -0.578093 -0.266389 0.154861 0.655085
62.062062 -0.490524 -0.326881 0.131663 0.603987
62.162162 -0.384717 -0.374984 0.103568 0.547125
62.262262 -0.259654 -0.403845 0.070289 0.485234
62.362362 -0.116014 -0.402596 0.031977 0.420197
62.462462 0.039685 -0.354702 -0.009671 0.357046
62.562563 0.185331 -0.240531 -0.048808 0.307547
62.662663 0.275202 -0.059062 -0.073244 0.290842
62.762763 0.272943 0.142707 -0.073160 0.316568
62.862863 0.197190 0.309838 -0.053387 0.371125
62.962963 0.087032 0.427062 -0.024310 0.436518
63.063063 -0.032910 0.501666 0.007486 0.502800
63.163163 -0.151231 0.544072 0.038932 0.566039
63.263263 -0.263119 0.562452 0.068725 0.624746
63.363363 -0.366670 0.562716 0.096342 0.678512
63.463463 -0.461223 0.549058 0.121593 0.727307
63.563564 -0.546720 0.524562 0.144458 0.771321
63.663664 -0.623333 0.491525 0.164976 0.810776
63.763764 -0.691211 0.451596 0.183182 0.845735
63.863864 -0.750566 0.406101 0.199128 0.876310
63.963964 -0.801714 0.356171 0.212898 0.902735
64.064064 -0.845003 0.302759 0.224580 0.925273
64.164164 -0.880652 0.246624 0.234233 0.944053
64.264264 -0.908867 0.188418 0.241907 0.959197
64.364364 -0.929910 0.128740 0.247673 0.970901
64.464464 -0.943969 0.068111 0.251578 0.979290
64.564565 -0.951147 0.007002 0.253650 0.984413
64.664665 -0.951478 -0.054139 0.253896 0.986257
64.764765 -0.944919 -0.114869 0.252303 0.984745
64.864865 -0.931400 -0.174733 0.248852 0.979778
64.964965 -0.910781 -0.233242 0.243503 0.971194
65.065065 -0.883007 -0.289900 0.236242 0.958934
65.165165 -0.847982 -0.344150 0.227040 0.942899
65.265265 -0.805508 -0.395351 0.215844 0.922895
65.365365 -0.755421 -0.442784 0.202608 0.898760
65.465465 -0.697448 -0.485558 0.187257 0.870210
65.565566 -0.631344 -0.522629 0.169723 0.836984
65.665666 -0.556851 -0.552698 0.149933 0.798772
65.765766 -0.473812 -0.574220 0.127842 0.755361
65.865866 -0.382163 -0.585195 0.103428 0.706540
65.965966 -0.281829 -0.582687 0.076663 0.651789
66.066066 -0.173176 -0.562625 0.047634 0.590598
66.166166 -0.057648 -0.519339 0.016711 0.522795
66.266266 0.060855 -0.444672 -0.015085 0.449070
66.366366 0.172293 -0.326984 -0.045108 0.372341
66.466466 0.251562 -0.154400 -0.066694 0.302607
66.566567 0.249175 0.061529 -0.066613 0.265163
66.666667 0.135918 0.248288 -0.036888 0.285449
66.766767 -0.032299 0.346473 0.007722 0.348061
66.866867 -0.197386 0.371399 0.051686 0.423757
66.966967 -0.340729 0.352255 0.089965 0.498271
67.067067 -0.460490 0.307834 0.122019 0.567187
67.167167 -0.558907 0.248815 0.148418 0.629534
67.267267 -0.638483 0.181268 0.169815 0.685095
67.367367 -0.701541 0.108956 0.186819 0.734120
67.467467 -0.750285 0.034380 0.200010 0.777248
67.567568 -0.786434 -0.040788 0.209845 0.814971
67.667668 -0.811261 -0.115373 0.216658 0.847583
67.767768 -0.825759 -0.188484 0.220713 0.875282
67.867868 -0.830753 -0.259420 0.222227 0.898239
67.967968 -0.826996 -0.327612 0.221401 0.916663
68.068068 -0.814946 -0.392501 0.218354 0.930523
68.168168 -0.794984 -0.453564 0.213187 0.939770
68.268268 -0.767534 -0.510335 0.206013 0.944452
68.368368 -0.732964 -0.562352 0.196927 0.944593
68.468468 -0.691596 -0.609128 0.186015 0.940183
68.568569 -0.643624 -0.650057 0.173326 0.931058
68.668669 -0.589197 -0.684431 0.158899 0.916977
68.768769 -0.528566 -0.711564 0.142798 0.897829
68.868869 -0.462068 -0.730754 0.125113 0.873591
68.968969 -0.390012 -0.741093 0.105923 0.844126
69.069069 -0.312743 -0.741445 0.085316 0.809214
69.169169 -0.230701 -0.730359 0.063407 0.768549
69.269269 -0.144529 -0.705996 0.040363 0.721768
69.369369 -0.055259 -0.666084 0.016452 0.668575
69.469469 0.035429 -0.607402 -0.007885 0.608486
69.569570 0.124531 -0.525443 -0.031860 0.540937
69.669670 0.206231 -0.414210 -0.053935 0.465843
69.769770 0.268434 -0.266169 -0.070905 0.384617
69.869870 0.285156 -0.076968 -0.075852 0.304945
69.969970 0.208595 0.129755 -0.055966 0.251953
70.070070 0.023018 0.262336 -0.006814 0.263432
70.170170 -0.181252 0.268711 0.047648 0.327609
70.270270 -0.341053 0.199370 0.090445 0.405272
70.370370 -0.452388 0.099364 0.120395 0.478564
70.470470 -0.523920 -0.010174 0.139754 0.542335
70.570571 -0.563679 -0.119436 0.150639 0.595559
70.670671 -0.577664 -0.223400 0.154636 0.638370
70.770771 -0.570171 -0.319140 0.152884 0.671058
70.870871 -0.544381 -0.404678 0.146226 0.693899
70.970971 -0.502768 -0.478465 0.135318 0.707118
71.071071 -0.447367 -0.539120 0.120699 0.710884
71.171171 -0.379898 -0.585193 0.102824 0.705228
71.271271 -0.301879 -0.614936 0.082093 0.689939
71.371371 -0.214877 -0.626249 0.058919 0.664704
71.471471 -0.120769 -0.616576 0.033796 0.629200
71.571572 -0.022044 -0.582619 0.007379 0.583083
71.671672 0.077524 -0.519760 -0.019337 0.525865
71.771772 0.171312 -0.421476 -0.044604 0.457142
71.871872 0.246246 -0.279745 -0.064953 0.378303
71.971972 0.274210 -0.089342 -0.072901 0.297469
72.072072 0.201562 0.124849 -0.054077 0.243184
72.172172 0.011403 0.259887 -0.003710 0.260164
72.272272 -0.194156 0.264352 0.051100 0.331949
72.372372 -0.354118 0.196924 0.093935 0.415935
72.472472 -0.468803 0.102141 0.124766 0.495758
72.572573 -0.548260 -0.001053 0.146222 0.567425
72.672673 -0.600651 -0.104483 0.160461 0.630433
72.772773 -0.631685 -0.204344 0.168994 0.685085
72.872873 -0.645415 -0.298676 0.172899 0.731889
72.972973 -0.644715 -0.386368 0.172938 0.771262
73.073073 -0.631795 -0.466753 0.169699 0.803630
73.173173 -0.608342 -0.539359 0.163631 0.829315
73.273273 -0.575751 -0.603859 0.155105 0.848642
73.373373 -0.535162 -0.659957 0.144425 0.861859
73.473473 -0.487451 -0.707248 0.131822 0.869014
73.573574 -0.433420 -0.745342 0.117510 0.870170
73.673674 -0.373863 -0.773896 0.101700 0.865466
73.773774 -0.309516 -0.792487 0.084587 0.854980
73.873874 -0.241091 -0.800566 0.066359 0.838709
73.973974 -0.169287 -0.797313 0.047201 0.816452
74.074074 -0.094889 -0.781653 0.027319 0.787866
74.174174 -0.018878 -0.752313 0.006971 0.752582
74.274274 0.057452 -0.707647 -0.013501 0.710104
74.374374 0.132293 -0.645693 -0.033620 0.659964
74.474474 0.202937 -0.563944 -0.052671 0.601656
74.574575 0.265108 -0.459308 -0.069521 0.534864
74.674675 0.311395 -0.328089 -0.082204 0.459747
74.774775 0.327778 -0.166950 -0.086988 0.377991
74.874875 0.286608 0.019971 -0.076489 0.297311
74.974975 0.147204 0.191893 -0.039753 0.245096
75.075075 -0.071874 0.252692 0.018518 0.263367
75.175175 -0.266129 0.192893 0.070479 0.336154
75.275275 -0.400209 0.083029 0.106521 0.422384
75.375375 -0.486852 -0.038462 0.129941 0.505360
75.475475 -0.540010 -0.157941 0.144426 0.580874
75.575576 -0.569055 -0.270647 0.152462 0.648319
75.675676 -0.580170 -0.374963 0.155695 0.708121
75.775776 -0.577528 -0.470462 0.155236 0.760902
75.875876 -0.564073 -0.557193 0.151871 0.807284
75.975976 -0.542006 -0.635436 0.146187 0.847891
76.076076 -0.512858 -0.705376 0.138593 0.883056
76.176176 -0.477677 -0.767006 0.129369 0.912804
76.276276 -0.437387 -0.820419 0.118762 0.937283
76.376376 -0.392771 -0.865691 0.106979 0.956627
76.476476 -0.344464 -0.902796 0.094191 0.970859
76.576577 -0.293060 -0.931745 0.080556 0.980062
76.676677 -0.239137 -0.952643 0.066229 0.984429
76.776777 -0.183227 -0.965556 0.051351 0.984128
76.876877 -0.125800 -0.970382 0.036048 0.979167
76.976977 -0.067325 -0.966983 0.020444 0.969539
77.077077 -0.008281 -0.955086 0.004667 0.955133
77.177177 0.050817 -0.934256 -0.011148 0.935703
77.277277 0.109383 -0.904105 -0.026845 0.911094
77.377377 0.166743 -0.864211 -0.042245 0.881163
77.477477 0.222098 -0.814090 -0.057138 0.845775
77.577578 0.274458 -0.753139 -0.071259 0.804750
77.677678 0.322504 -0.680499 -0.084259 0.757752
77.777778 0.364367 -0.594987 -0.095644 0.704216
77.877878 0.397409 -0.495265 -0.104713 0.643573
77.977978 0.417804 -0.380045 -0.110449 0.575494
78.078078 0.419485 -0.248221 -0.111237 0.499955
78.178178 0.392000 -0.099952 -0.104288 0.417769
78.278278 0.316753 0.058579 -0.084628 0.333056
78.378378 0.166331 0.197735 -0.044869 0.262257
78.478478 -0.054885 0.239175 0.014022 0.245792
78.578579 -0.250312 0.148277 0.066376 0.298409
78.678679 -0.366606 0.001559 0.097769 0.379422
78.778779 -0.423128 -0.148349 0.113229 0.462456
78.878879 -0.442060 -0.286135 0.118633 0.539782
78.978979 -0.436788 -0.408723 0.117542 0.609634
79.079079 -0.415166 -0.516247 0.112052 0.671885
79.179179 -0.381986 -0.609526 0.103443 0.726730
79.279279 -0.340454 -0.689560 0.092573 0.774578
79.379379 -0.292822 -0.757275 0.080044 0.815854
79.479479 -0.240727 -0.813470 0.066295 0.850927
79.579580 -0.185439 -0.858875 0.051667 0.880184
79.679680 -0.127965 -0.894130 0.036429 0.903975
79.779780 -0.069119 -0.919728 0.020801 0.922556
79.879880 -0.009587 -0.936054 0.004966 0.936117
79.979980 0.050024 -0.943567 -0.010913 0.944955
80.080080 0.109177 -0.942693 -0.026691 0.949369
80.180180 0.167371 -0.933676 -0.042234 0.949498
80.280280 0.224095 -0.916567 -0.057406 0.945309
80.380380 0.278845 -0.891462 -0.072073 0.936831
80.480480 0.331089 -0.858412 -0.086091 0.924069
80.580581 0.380172 -0.817237 -0.099287 0.906788
80.680681 0.425324 -0.767677 -0.111457 0.884676
80.780781 0.465752 -0.709643 -0.122388 0.857612
80.880881 0.500556 -0.643100 -0.131842 0.825540
80.980981 0.528504 -0.567818 -0.139489 0.788157
81.081081 0.547945 -0.483474 -0.144891 0.744973
81.181181 0.556733 -0.389825 -0.147476 0.695460
81.281281 0.551872 -0.286753 -0.146445 0.638934
81.381381 0.529155 -0.174593 -0.140675 0.574698
81.481481 0.482556 -0.054875 -0.128555 0.502393
81.581582 0.402873 0.067942 -0.107620 0.422498
81.681682 0.275943 0.181024 -0.074059 0.338229
81.781782 0.087266 0.247464 -0.023911 0.263487
81.881882 -0.133022 0.194610 0.034976 0.238309
81.981982 -0.275905 0.022667 0.073525 0.286432
82.082082 -0.315647 -0.166847 0.084612 0.366920
82.182182 -0.295445 -0.328515 0.079640 0.448946
82.282282 -0.244736 -0.457974 0.066449 0.523499
82.382382 -0.178443 -0.559243 0.049030 0.589065
82.482482 -0.104361 -0.636752 0.029472 0.645920
82.582583 -0.026854 -0.693949 0.008948 0.694526
82.682683 0.051384 -0.733566 -0.011816 0.735458
82.782783 0.128569 -0.757805 -0.032338 0.769315
82.882883 0.203435 -0.768331 -0.052278 0.796524
82.982983 0.275005 -0.766411 -0.071370 0.817378
83.083083 0.342485 -0.753112 -0.089401 0.832145
83.183183 0.405192 -0.729341 -0.106186 0.841068
83.283283 0.462494 -0.695870 -0.121555 0.844341
83.383383 0.513639 -0.653177 -0.135305 0.841886
83.483483 0.557776 -0.601609 -0.147209 0.833498
83.583584 0.594036 -0.541583 -0.157034 0.819055
83.683684 0.621390 -0.473481 -0.164504 0.798355
83.783784 0.638634 -0.397723 -0.169298 0.771167
83.883884 0.644275 -0.314796 -0.171016 0.737179
83.983984 0.636501 -0.225381 -0.169173 0.696096
84.084084 0.612945 -0.130475 -0.163135 0.647564
84.184184 0.570348 -0.031656 -0.152029 0.591110
84.284284 0.504432 0.068229 -0.134706 0.526548
84.384384 0.408975 0.163633 -0.109493 0.453900
84.484484 0.275290 0.242543 -0.074043 0.374291
84.584585 0.096317 0.277568 -0.026402 0.294988
84.684685 -0.108341 0.214963 0.028341 0.242384
84.784785 -0.247058 0.032512 0.065806 0.257730
84.884885 -0.266846 -0.174770 0.071617 0.326925
84.984985 -0.216347 -0.342609 0.058581 0.409413
85.085085 -0.136761 -0.467874 0.037678 0.488906
85.185185 -0.046633 -0.559458 0.013877 0.561570
85.285285 0.045936 -0.625238 -0.010642 0.627014
85.385385 0.137131 -0.670697 -0.034846 0.685458
85.485485 0.225021 -0.699652 -0.058211 0.737249
85.585586 0.308597 -0.715090 -0.080461 0.782982
85.685686 0.387272 -0.719140 -0.101433 0.823062
85.785786 0.460675 -0.713392 -0.121024 0.857786
85.885886 0.528624 -0.699200 -0.139183 0.887522
85.985986 0.591040 -0.677701 -0.155884 0.912637
86.086086 0.647789 -0.649720 -0.171091 0.933294
86.186186 0.698666 -0.615868 -0.184747 0.949505
86.286286 0.743438 -0.576656 -0.196788 0.961227
86.386386 0.781795 -0.532490 -0.207132 0.968325
86.486486 0.813448 -0.483777 -0.215699 0.970703
86.586587 0.838199 -0.430978 -0.222436 0.968399
86.686687 0.855728 -0.374490 -0.227256 0.961331
86.786787 0.865588 -0.314668 -0.230040 0.949303
86.886887 0.867414 -0.251947 -0.230688 0.932256
86.986987 0.860748 -0.186786 -0.229078 0.910085
87.087087 0.844919 -0.119666 -0.225029 0.882523
87.187187 0.819002 -0.051153 -0.218294 0.849136
87.287287 0.781942 0.018017 -0.208588 0.809485
87.387387 0.732552 0.086852 -0.195593 0.763172
87.487487 0.669319 0.153979 -0.178902 0.709721
87.587588 0.590330 0.217380 -0.157999 0.648619
87.687688 0.493172 0.273922 -0.132233 0.579428
87.787788 0.374678 0.318264 -0.100745 0.501822
87.887888 0.230861 0.340164 -0.062446 0.415822
87.987988 0.059813 0.318411 -0.016771 0.324414
88.088088 -0.120648 0.210340 0.031635 0.244540
88.188188 -0.220282 -0.011805 0.058779 0.228294
88.288288 -0.169831 -0.234906 0.045898 0.293479
88.388388 -0.050956 -0.379998 0.014568 0.383676
88.488488 0.079117 -0.463463 -0.019907 0.470589
88.588589 0.203204 -0.506434 -0.052890 0.548238
88.688689 0.316615 -0.521843 -0.083097 0.616012
88.788789 0.418265 -0.517561 -0.110218 0.674509
88.888889 0.508201 -0.498657 -0.134252 0.724535
88.988989 0.586736 -0.468518 -0.155275 0.766733
89.089089 0.654264 -0.429565 -0.173385 0.801654
89.189189 0.711188 -0.383645 -0.188684 0.829804
89.289289 0.757787 -0.332160 -0.201245 0.851511
89.389389 0.794306 -0.276263 -0.211128 0.867074
89.489489 0.820945 -0.216942 -0.218385 0.876759
89.589590 0.837679 -0.155022 -0.223007 0.880608
89.689690 0.844336 -0.091256 -0.224947 0.878540
89.789790 0.840634 -0.026394 -0.224127 0.870399
89.889890 0.826099 0.038782 -0.220418 0.855879
89.989990 0.800229 0.103396 -0.213685 0.834697
90.090090 0.762584 0.166458 -0.203807 0.806709
90.190190 0.712616 0.226787 -0.190636 0.771749
90.290290 0.649631 0.282921 -0.173983 0.729612
90.390390 0.572741 0.332921 -0.153605 0.680046
90.490490 0.480695 0.373984 -0.129163 0.622587
90.590591 0.371842 0.401725 -0.100203 0.556498
90.690691 0.244379 0.408806 -0.066227 0.480863
90.790791 0.097999 0.382622 -0.027121 0.395902
90.890891 -0.060335 0.299988 0.015319 0.306378
90.990991 -0.191866 0.125221 0.050848 0.234688
91.091091 -0.195586 -0.118807 0.052468 0.234780
91.191191 -0.069166 -0.297379 0.019212 0.305920
91.291291 0.086977 -0.384113 -0.022208 0.394462
91.391391 0.232683 -0.413930 -0.060990 0.478747
91.491491 0.360380 -0.410091 -0.095057 0.554152
91.591592 0.470048 -0.385251 -0.124369 0.620347
91.691692 0.563172 -0.346662 -0.149304 0.677959
91.791792 0.641438 -0.298838 -0.170301 0.727839
91.891892 0.706424 -0.244785 -0.187771 0.770852
91.991992 0.759341 -0.186534 -0.202034 0.807596
92.092092 0.801134 -0.125546 -0.213337 0.838504
92.192192 0.832639 -0.062947 -0.221900 0.863996
92.292292 0.854445 0.000376 -0.227879 0.884311
92.392392 0.866909 0.063683 -0.231366 0.899510
92.492492 0.870437 0.126322 -0.232468 0.909758
92.592593 0.865452 0.187712 -0.231297 0.915282
92.692693 0.852167 0.247283 -0.227907 0.916122
92.792793 0.830748 0.304476 -0.222342 0.912296
92.892893 0.801261 0.358689 -0.214617 0.903735
92.992993 0.763620 0.409226 -0.204708 0.890217
93.093093 0.717717 0.455306 -0.192585 0.871499
93.193193 0.663431 0.496033 -0.178212 0.847319
93.293293 0.600599 0.530329 -0.161543 0.817352
93.393393 0.529117 0.556936 -0.142547 0.781321
93.493493 0.449005 0.574394 -0.121227 0.739073
93.593594 0.360266 0.580707 -0.097577 0.690314
93.693694 0.262818 0.572773 -0.071567 0.634243
93.793794 0.156975 0.546153 -0.043271 0.569910
93.893894 0.044253 0.494499 -0.013075 0.496648
93.993994 -0.070925 0.407838 0.017866 0.414344
94.094094 -0.175312 0.270238 0.046060 0.325399
94.194194 -0.228379 0.065200 0.060740 0.245148
94.294294 -0.147984 -0.163313 0.039887 0.223967
94.394394 0.042436 -0.281860 -0.010592 0.285234
94.494494 0.227025 -0.291524 -0.059796 0.374302
94.594595 0.375123 -0.249149 -0.099403 0.461165
94.694695 0.489880 -0.183433 -0.130177 0.539051
94.794795 0.577574 -0.107168 -0.153762 0.607223
94.894895 0.643267 -0.026648 -0.171489 0.666266
94.994995 0.690592 0.054713 -0.184320 0.716857
95.095095 0.722298 0.134879 -0.192982 0.759704
95.195195 0.740574 0.212558 -0.198056 0.795523
95.295295 0.746997 0.286838 -0.199960 0.824781
95.395395 0.742627 0.356969 -0.198975 0.847652
95.495495 0.728259 0.422282 -0.195312 0.864194
95.595596 0.704459 0.482108 -0.189118 0.874332
95.695696 0.671680 0.535770 -0.180514 0.877946
95.795796 0.630388 0.582617 -0.169622 0.874987
95.895896 0.581045 0.621997 -0.156564 0.865451
95.995996 0.524029 0.653126 -0.141438 0.849225
96.096096 0.459624 0.674997 -0.124318 0.826032
96.196196 0.388120 0.686378 -0.105277 0.795509
96.296296 0.309873 0.685741 -0.084407 0.757223
96.396396 0.225388 0.671154 -0.061838 0.710684
96.496496 0.135395 0.639869 -0.037756 0.655125
96.596597 0.041178 0.587887 -0.012495 0.589460
96.696697 -0.054609 0.509547 0.013253 0.512637
96.796797 -0.145989 0.396120 0.037915 0.423865
96.896897 -0.217428 0.234126 0.057385 0.324627
96.996997 -0.222595 0.012350 0.059334 0.230698
97.097097 -0.072550 -0.196054 0.019853 0.209987
97.197197 0.153826 -0.241633 -0.040403 0.289277
97.297297 0.331023 -0.186224 -0.087804 0.389827
97.397397 0.456566 -0.098226 -0.121512 0.482562
97.497497 0.544766 -0.001289 -0.145284 0.563808
97.597598 0.605574 0.096045 -0.161752 0.634120
97.697698 0.645399 0.190195 -0.172615 0.694629
97.797798 0.668394 0.279453 -0.178978 0.746242
97.897898 0.677417 0.362903 -0.181599 0.789665
97.997998 0.674605 0.440028 -0.181048 0.825527
98.098098 0.661568 0.510486 -0.177752 0.854321
98.198198 0.639416 0.573899 -0.172008 0.876242
98.298298 0.609019 0.629901 -0.164045 0.891398
98.398398 0.571151 0.678156 -0.154070 0.899914
98.498498 0.526461 0.718288 -0.142254 0.901850
98.598599 0.475464 0.749780 -0.128735 0.897111
98.698699 0.418568 0.771925 -0.113618 0.885425
98.798799 0.356201 0.783928 -0.097015 0.866507
98.898899 0.288865 0.784928 -0.079060 0.840122
98.998999 0.217119 0.773839 -0.059897 0.805950
99.099099 0.141603 0.749133 -0.039693 0.763431
99.199199 0.063214 0.708891 -0.018684 0.711949
99.299299 -0.016702 0.650355 0.002780 0.650575
99.399399 -0.095881 0.569606 0.024105 0.578122
99.499499 -0.170025 0.461006 0.044158 0.493341
99.599600 -0.229765 0.315877 0.060465 0.395255
99.699700 -0.250642 0.122631 0.066530 0.286856
99.799800 -0.163057 -0.106614 0.043761 0.199672
99.899900 0.074412 -0.214738 -0.019293 0.228083
100.000000 0.282647 -0.156288 -0.074979 0.331568
