0.000000 -0.822546 -0.525122 0.193552 0.994885
0.100100 -0.773374 -0.608394 0.228967 1.010286
0.200200 -0.717126 -0.686071 0.262275 1.026524
0.300300 -0.654622 -0.757733 0.293283 1.043410
0.400400 -0.586689 -0.823078 0.321846 1.060776
0.500501 -0.514142 -0.881909 0.347860 1.078476
0.600601 -0.437765 -0.934130 0.371267 1.096393
0.700701 -0.358311 -0.979728 0.392041 1.114428
0.800801 -0.276445 -1.018664 0.410148 1.132396
0.900901 -0.192800 -1.050948 0.425576 1.150121
1.001001 -0.107981 -1.076720 0.438367 1.167541
1.101101 -0.022554 -1.096185 0.448589 1.184636
1.201201 0.062975 -1.109492 0.456291 1.201307
1.301301 0.148137 -1.116766 0.461511 1.217416
1.401401 0.232490 -1.118128 0.464287 1.232811
1.501502 0.315628 -1.113762 0.464684 1.247404
1.601602 0.397177 -1.103879 0.462778 1.261136
1.701702 0.476768 -1.088630 0.458622 1.273875
1.801802 0.554055 -1.068181 0.452275 1.285511
1.901902 0.628728 -1.042744 0.443815 1.295988
2.002002 0.700483 -1.012516 0.433315 1.305231
2.102102 0.769075 -0.977755 0.420875 1.313247
2.202202 0.834274 -0.938720 0.406594 1.320048
2.302302 0.895883 -0.895679 0.390577 1.325669
2.402402 0.953768 -0.848949 0.372950 1.330218
2.502503 1.007781 -0.798802 0.353822 1.333752
2.602603 1.057817 -0.745532 0.333309 1.336371
2.702703 1.103789 -0.689425 0.311527 1.338172
2.802803 1.145561 -0.630724 0.288571 1.339178
2.902903 1.182974 -0.569650 0.264528 1.339367
3.003003 1.215881 -0.506432 0.239489 1.338729
3.103103 1.244122 -0.441297 0.213541 1.337230
3.203203 1.267567 -0.374485 0.186780 1.334860
3.303303 1.286194 -0.306273 0.159319 1.331721
3.403403 1.300005 -0.236938 0.131271 1.327925
3.503504 1.308970 -0.166744 0.102743 1.323541
3.603604 1.313053 -0.095951 0.073842 1.318624
3.703704 1.312217 -0.024822 0.044673 1.313212
3.803804 1.306450 0.046376 0.015347 1.307362
3.903904 1.295761 0.117376 -0.014028 1.301142
4.004004 1.280166 0.187908 -0.043339 1.294609
4.104104 1.259683 0.257698 -0.072476 1.287813
4.204204 1.234299 0.326459 -0.101320 1.280756
4.304304 1.203962 0.393885 -0.129746 1.273382
4.404404 1.168722 0.459681 -0.157634 1.265728
4.504505 1.128652 0.523550 -0.184859 1.257829
4.604605 1.083764 0.585156 -0.211283 1.249637
4.704705 1.034114 0.644160 -0.236767 1.241125
4.804805 0.979791 0.700223 -0.261168 1.232279
4.904905 0.920969 0.753040 -0.284357 1.223157
5.005005 0.857862 0.802319 -0.306209 1.213839
5.105105 0.790702 0.847772 -0.326601 1.204407
5.205205 0.719751 0.889120 -0.345409 1.194940
5.305305 0.645276 0.926073 -0.362510 1.185498
5.405405 0.567557 0.958319 -0.377766 1.176096
5.505506 0.486908 0.985564 -0.391051 1.166763
5.605606 0.403705 1.007575 -0.402258 1.157582
5.705706 0.318346 1.024129 -0.411286 1.148625
5.805806 0.231243 1.034971 -0.418019 1.139902
5.905906 0.142825 1.039786 -0.422317 1.131329
6.006006 0.053576 1.038327 -0.424066 1.122865
6.106106 -0.035975 1.030392 -0.423168 1.114484
6.206206 -0.125265 1.015825 -0.419547 1.106170
6.306306 -0.213706 0.994617 -0.413182 1.098023
6.406406 -0.300715 0.966876 -0.404102 1.090219
6.506507 -0.385731 0.932816 -0.392381 1.083004
6.606607 -0.468188 0.892647 -0.378089 1.076555
6.706707 -0.547485 0.846520 -0.361272 1.070912
6.806807 -0.623031 0.794646 -0.342003 1.066113
6.906907 -0.694269 0.737325 -0.320387 1.062217
7.007007 -0.760628 0.674867 -0.296539 1.059215
7.107107 -0.821551 0.607625 -0.270587 1.057057
7.207207 -0.876584 0.536060 -0.242709 1.055778
7.307307 -0.925321 0.460678 -0.213101 1.055393
7.407407 -0.967431 0.382026 -0.181979 1.055927
7.507508 -1.002703 0.300701 -0.149582 1.057454
7.607608 -1.030884 0.217280 -0.116139 1.059916
7.707708 -1.051808 0.132353 -0.081889 1.063260
7.807808 -1.065472 0.046539 -0.047084 1.067527
7.907908 -1.071852 -0.039568 -0.011969 1.072649
8.008008 -1.070921 -0.125378 0.023218 1.078485
8.108108 -1.062789 -0.210321 0.058239 1.084965
8.208208 -1.047624 -0.293847 0.092864 1.092010
8.308308 -1.025607 -0.375424 0.126871 1.099504
8.408408 -0.997059 -0.454587 0.160060 1.107427
8.508509 -0.962369 -0.530924 0.192253 1.115794
8.608609 -0.921865 -0.604024 0.223272 1.124514
8.708709 -0.875854 -0.673486 0.252945 1.133439
8.808809 -0.824655 -0.738927 0.281107 1.142405
8.908909 -0.768665 -0.800044 0.307623 1.151324
9.009009 -0.708327 -0.856598 0.332383 1.160157
9.109109 -0.644089 -0.908402 0.355300 1.168881
9.209209 -0.576395 -0.955285 0.376291 1.177453
9.309309 -0.505694 -0.997143 0.395302 1.185868
9.409409 -0.432478 -1.033989 0.412325 1.194228
9.509510 -0.357179 -1.065791 0.427337 1.202541
9.609610 -0.280193 -1.092478 0.440296 1.210734
9.709710 -0.201904 -1.113988 0.451169 1.218724
9.809810 -0.122685 -1.130212 0.459900 1.226352
9.909910 -0.042908 -1.141059 0.466442 1.233460
10.010010 0.037046 -1.146569 0.470802 1.240019
10.110110 0.116806 -1.146848 0.473014 1.246052
10.210210 0.196008 -1.141909 0.473072 1.251468
10.310310 0.274277 -1.131689 0.470942 1.256079
10.410410 0.351258 -1.116257 0.466643 1.259829
10.510511 0.426626 -1.095782 0.460234 1.262760
10.610611 0.500044 -1.070368 0.451751 1.264836
10.710711 0.571174 -1.040116 0.441225 1.266002
10.810811 0.639700 -1.005174 0.428708 1.266247
10.910911 0.705326 -0.965719 0.414267 1.265589
11.011011 0.767780 -0.921964 0.397979 1.264077
11.111111 0.826822 -0.874149 0.379939 1.261794
11.211211 0.882211 -0.822508 0.360234 1.258803
11.311311 0.933653 -0.767222 0.338932 1.255075
11.411411 0.980866 -0.708493 0.316108 1.250593
11.511512 1.023626 -0.646577 0.291861 1.245413
11.611612 1.061722 -0.581745 0.266297 1.239595
11.711712 1.094914 -0.514255 0.239514 1.233152
11.811812 1.122949 -0.444370 0.211615 1.226075
11.911912 1.145681 -0.372412 0.182726 1.218468
12.012012 1.163029 -0.298730 0.152990 1.210488
12.112112 1.174886 -0.223663 0.122541 1.202247
12.212212 1.181161 -0.147558 0.091521 1.193855
12.312312 1.181702 -0.070764 0.060067 1.185342
12.412412 1.176432 0.006355 0.028328 1.176790
12.512513 1.165424 0.083418 -0.003540 1.168411
12.612613 1.148728 0.160049 -0.035380 1.160363
12.712713 1.126239 0.235845 -0.067030 1.152619
12.812813 1.097831 0.310373 -0.098316 1.145090
12.912913 1.063517 0.383205 -0.129062 1.137793
13.013013 1.023302 0.453880 -0.159080 1.130691
13.113113 0.977185 0.521906 -0.188168 1.123692
13.213213 0.925241 0.586789 -0.216121 1.116736
13.313313 0.867660 0.648065 -0.242743 1.109840
13.413413 0.804708 0.705295 -0.267850 1.103059
13.513514 0.736721 0.758076 -0.291265 1.096482
13.613614 0.664040 0.805986 -0.312808 1.090143
13.713714 0.587003 0.848562 -0.332280 1.083993
13.813814 0.505999 0.885349 -0.349484 1.077969
13.913914 0.421463 0.915895 -0.364224 1.071986
14.014014 0.333922 0.939841 -0.376338 1.066038
14.114114 0.243969 0.956910 -0.385697 1.060170
14.214214 0.152230 0.966849 -0.392182 1.054409
14.314314 0.059360 0.969407 -0.395672 1.048728
14.414414 -0.033943 0.964401 -0.396074 1.043118
14.514515 -0.126951 0.951822 -0.393365 1.037698
14.614615 -0.218930 0.931754 -0.387560 1.032618
14.714715 -0.309115 0.904195 -0.378638 1.027856
14.814815 -0.396723 0.869190 -0.366598 1.023365
14.914915 -0.480957 0.826871 -0.351472 1.019101
15.015015 -0.561047 0.777485 -0.333341 1.015072
15.115115 -0.636274 0.721411 -0.312341 1.011353
15.215215 -0.705962 0.659100 -0.288640 1.008022
15.315315 -0.769495 0.591081 -0.262439 1.005173
15.415415 -0.826243 0.517889 -0.233939 1.002803
15.515516 -0.875723 0.440171 -0.203394 1.001005
15.615616 -0.917611 0.358666 -0.171097 0.999963
15.715716 -0.951617 0.274108 -0.137342 0.999786
15.815816 -0.977465 0.187230 -0.102421 1.000491
15.915916 -0.995027 0.098788 -0.066643 1.002137
16.016016 -1.004320 0.009551 -0.030320 1.004823
16.116116 -1.005315 -0.079737 0.006241 1.008492
16.216216 -0.998003 -0.168340 0.042740 1.013003
16.316316 -0.982583 -0.255553 0.078882 1.018332
16.416416 -0.959438 -0.340732 0.114395 1.024551
16.516517 -0.929012 -0.423302 0.149029 1.031725
16.616617 -0.891683 -0.502698 0.182545 1.039772
16.716717 -0.847751 -0.578341 0.214696 1.048454
16.816817 -0.797617 -0.649723 0.245265 1.057586
16.916917 -0.741843 -0.716484 0.274087 1.067148
17.017017 -0.681054 -0.778369 0.301044 1.077182
17.117117 -0.615838 -0.835159 0.326030 1.087678
17.217217 -0.546747 -0.886653 0.348947 1.098567
17.317317 -0.474331 -0.932713 0.369725 1.109793
17.417417 -0.399135 -0.973251 0.388314 1.121301
17.517518 -0.321710 -1.008297 0.404710 1.133115
17.617618 -0.242582 -1.037932 0.418934 1.145275
17.717718 -0.162219 -1.062168 0.430978 1.157695
17.817818 -0.081054 -1.080995 0.440827 1.170234
17.917918 0.000489 -1.094461 0.448489 1.182788
18.018018 0.082005 -1.102663 0.453993 1.195283
18.118118 0.163122 -1.105790 0.457407 1.207726
18.218218 0.243499 -1.104064 0.458813 1.220147
18.318318 0.322812 -1.097622 0.458259 1.232470
18.418418 0.400757 -1.086616 0.455798 1.244625
18.518519 0.477035 -1.071158 0.451470 1.256490
18.618619 0.551373 -1.051402 0.445329 1.267981
18.718719 0.623564 -1.027598 0.437473 1.279130
18.818819 0.693399 -0.999958 0.427983 1.289918
18.918919 0.760662 -0.968649 0.416922 1.300274
19.019019 0.825174 -0.933874 0.404369 1.310171
19.119119 0.886822 -0.895888 0.390424 1.319659
19.219219 0.945483 -0.854918 0.375178 1.328752
19.319319 1.000983 -0.811121 0.358691 1.337364
19.419419 1.053155 -0.764655 0.341022 1.345410
19.519520 1.101917 -0.715740 0.322261 1.352907
19.619620 1.147221 -0.664605 0.302498 1.359898
19.719720 1.188989 -0.611446 0.281814 1.366375
19.819820 1.227165 -0.556465 0.260288 1.372348
19.919920 1.261735 -0.499871 0.238006 1.377859
20.020020 1.292681 -0.441864 0.215050 1.382937
20.120120 1.320015 -0.382645 0.191503 1.387635
20.220220 1.343749 -0.322403 0.167442 1.391992
20.320320 1.363905 -0.261325 0.142944 1.396051
20.420420 1.380520 -0.199589 0.118083 1.399862
20.520521 1.393567 -0.137360 0.092927 1.403400
20.620621 1.402950 -0.074791 0.067535 1.406564
20.720721 1.408576 -0.012044 0.041971 1.409252
20.820821 1.410404 0.050715 0.016302 1.411410
20.920921 1.408410 0.113315 -0.009402 1.412992
21.021021 1.402551 0.175582 -0.035071 1.413933
21.121121 1.392742 0.237333 -0.060632 1.414119
21.221221 1.378989 0.298391 -0.086014 1.413523
21.321321 1.361389 0.358595 -0.111146 1.412206
21.421421 1.339967 0.417769 -0.135957 1.410151
21.521522 1.314742 0.475736 -0.160374 1.407335
21.621622 1.285782 0.532329 -0.184325 1.403775
21.721722 1.253178 0.587390 -0.207745 1.399514
21.821822 1.217003 0.640754 -0.230562 1.394568
21.921922 1.177313 0.692241 -0.252704 1.388929
22.022022 1.134224 0.741706 -0.274106 1.382651
22.122122 1.087823 0.788978 -0.294696 1.375751
22.222222 1.038186 0.833875 -0.314399 1.368220
22.322322 0.985399 0.876213 -0.333136 1.360051
22.422422 0.929611 0.915853 -0.350846 1.351316
22.522523 0.870989 0.952669 -0.367473 1.342102
22.622623 0.809627 0.986452 -0.382930 1.332374
22.722723 0.745634 1.016992 -0.397127 1.322102
22.822823 0.679131 1.044066 -0.409970 1.311247
22.922923 0.610287 1.067500 -0.421382 1.299834
23.023023 0.539328 1.087185 -0.431314 1.287974
23.123123 0.466484 1.103018 -0.439717 1.275778
23.223223 0.391980 1.114859 -0.446528 1.263308
23.323323 0.316044 1.122553 -0.451677 1.250608
23.423423 0.238921 1.125931 -0.455089 1.237703
23.523524 0.160862 1.124771 -0.456667 1.224554
23.623624 0.082141 1.118772 -0.456278 1.211028
23.723724 0.003068 1.107564 -0.453764 1.196917
23.823824 -0.075994 1.090931 -0.449027 1.182172
23.923924 -0.154640 1.068735 -0.442000 1.166821
24.024024 -0.232436 1.040864 -0.432625 1.150907
24.124124 -0.308919 1.007247 -0.420861 1.134505
24.224224 -0.383584 0.967805 -0.406662 1.117657
24.324324 -0.455869 0.922445 -0.389976 1.100365
24.424424 -0.525145 0.871068 -0.370744 1.082584
24.524525 -0.590789 0.813724 -0.348972 1.064406
24.624625 -0.652146 0.750532 -0.324691 1.045953
24.724725 -0.708472 0.681603 -0.297927 1.027266
24.824825 -0.758985 0.607127 -0.268738 1.008405
24.924925 -0.802860 0.527388 -0.237217 0.989441
25.025025 -0.839205 0.442747 -0.203489 0.970411
25.125125 -0.867091 0.353687 -0.167728 0.951354
25.225225 -0.885695 0.260880 -0.130188 0.932450
25.325325 -0.894254 0.165155 -0.091188 0.913938
25.425425 -0.891951 0.067466 -0.051098 0.895957
25.525526 -0.878162 -0.031053 -0.010365 0.878772
25.625626 -0.852420 -0.129107 0.030491 0.862681
25.725726 -0.814348 -0.225250 0.070889 0.847894
25.825826 -0.763829 -0.317905 0.110184 0.834649
25.925926 -0.700989 -0.405383 0.147682 0.823123
26.026026 -0.626284 -0.485950 0.182660 0.813476
26.126126 -0.540545 -0.557900 0.214397 0.805858
26.226226 -0.444984 -0.619657 0.242216 0.800409
26.326326 -0.341230 -0.669948 0.265552 0.797362
26.426426 -0.231202 -0.707853 0.283977 0.796965
26.526527 -0.116997 -0.732905 0.297245 0.799495
26.626627 -0.000744 -0.744940 0.305234 0.805049
26.726727 0.115500 -0.744010 0.307909 0.813448
26.826827 0.229767 -0.730500 0.305377 0.824426
26.926927 0.340297 -0.705155 0.297898 0.837728
27.027027 0.445572 -0.668962 0.285835 0.853080
27.127127 0.544336 -0.623020 0.269606 0.870140
27.227227 0.635693 -0.568618 0.249716 0.888701
27.327327 0.719088 -0.507108 0.226704 0.908648
27.427427 0.794157 -0.439746 0.201075 0.929781
27.527528 0.860707 -0.367682 0.173295 0.951860
27.627628 0.918699 -0.291981 0.143800 0.974648
27.727728 0.968189 -0.213595 0.112981 0.997887
27.827828 1.009411 -0.133400 0.081204 1.021421
27.927928 1.042685 -0.052173 0.048794 1.045129
28.028028 1.068187 0.029422 0.016030 1.068713
28.128128 1.086131 0.110790 -0.016841 1.091897
28.228228 1.096853 0.191402 -0.049591 1.114532
28.328328 1.100602 0.270775 -0.082017 1.136385
28.428428 1.097629 0.348474 -0.113934 1.157240
28.528529 1.088210 0.424104 -0.145172 1.176920
28.628629 1.072679 0.497330 -0.175587 1.195328
28.728729 1.051430 0.567884 -0.205056 1.212455
28.828829 1.024776 0.635494 -0.233461 1.228219
28.928929 0.993015 0.699913 -0.260693 1.242545
29.029029 0.956493 0.760950 -0.286664 1.255428
29.129129 0.915530 0.818427 -0.311294 1.266855
29.229229 0.870398 0.872146 -0.334493 1.276760
29.329329 0.821376 0.921938 -0.356185 1.285106
29.429429 0.768786 0.967694 -0.376317 1.291928
29.529530 0.712965 1.009348 -0.394853 1.297310
29.629630 0.654234 1.046845 -0.411763 1.301329
29.729730 0.592887 1.080114 -0.427008 1.304031
29.829830 0.529200 1.109075 -0.440550 1.305444
29.929930 0.463431 1.133618 -0.452336 1.305552
30.030030 0.395812 1.153569 -0.462289 1.304262
30.130130 0.326598 1.168804 -0.470352 1.301538
30.230230 0.256059 1.179204 -0.476469 1.297348
30.330330 0.184460 1.184608 -0.480566 1.291614
30.430430 0.112090 1.184905 -0.482590 1.284311
30.530531 0.039251 1.179975 -0.482485 1.275411
30.630631 -0.033742 1.169673 -0.480183 1.264852
30.730731 -0.106548 1.153829 -0.475604 1.252546
30.830831 -0.178801 1.132290 -0.468678 1.238430
30.930931 -0.250118 1.104982 -0.459364 1.222522
31.031031 -0.320078 1.071808 -0.447609 1.204813
31.131131 -0.388218 1.032636 -0.433349 1.185260
31.231231 -0.454036 0.987372 -0.416532 1.163852
31.331331 -0.516986 0.935940 -0.397112 1.140595
31.431431 -0.576471 0.878301 -0.375057 1.115527
31.531532 -0.631873 0.814494 -0.350368 1.088771
31.631632 -0.682512 0.744603 -0.323060 1.060483
31.731732 -0.727649 0.668757 -0.293168 1.030852
31.831832 -0.766416 0.587111 -0.260731 1.000036
31.931932 -0.797906 0.499934 -0.225837 0.968292
32.032032 -0.821185 0.407663 -0.188639 0.936012
32.132132 -0.835181 0.310832 -0.149329 0.903573
32.232232 -0.838695 0.210154 -0.108166 0.871363
32.332332 -0.830426 0.106579 -0.065507 0.839796
32.432432 -0.809095 0.001388 -0.021842 0.809390
32.532533 -0.773382 -0.103758 0.022182 0.780626
32.632633 -0.722320 -0.206780 0.065740 0.754205
32.732733 -0.655628 -0.305262 0.107848 0.731207
32.832833 -0.573519 -0.396485 0.147388 0.712635
32.932933 -0.476903 -0.477603 0.183168 0.699351
33.033033 -0.367548 -0.545876 0.214019 0.692009
33.133133 -0.248074 -0.599049 0.238949 0.691011
33.233233 -0.121788 -0.635702 0.257289 0.696525
33.333333 0.007746 -0.655373 0.268755 0.708380
33.433433 0.137084 -0.658500 0.273437 0.726073
33.533534 0.263182 -0.646065 0.271657 0.748641
33.633634 0.383571 -0.619587 0.263973 0.775046
33.733734 0.496484 -0.581011 0.251134 0.804449
33.833834 0.600774 -0.532333 0.233930 0.836081
33.933934 0.695829 -0.475465 0.213126 0.869291
34.034034 0.781343 -0.412085 0.189404 0.903430
34.134134 0.857231 -0.343635 0.163350 0.937876
34.234234 0.923677 -0.271408 0.135501 0.972215
34.334334 0.980952 -0.196499 0.106311 1.006072
34.434434 1.029461 -0.119845 0.076176 1.039209
34.534535 1.069693 -0.042242 0.045435 1.071491
34.634635 1.102088 0.035654 0.014367 1.102758
34.734735 1.127158 0.113299 -0.016790 1.132962
34.834835 1.145417 0.190242 -0.047839 1.162093
34.934935 1.157341 0.266116 -0.078616 1.190141
35.035035 1.163405 0.340625 -0.108988 1.217134
35.135135 1.164015 0.413517 -0.138841 1.243063
35.235235 1.159498 0.484567 -0.168074 1.267868
35.335335 1.150190 0.553595 -0.196604 1.291533
35.435435 1.136432 0.620460 -0.224365 1.314073
35.535536 1.118517 0.685033 -0.251296 1.335478
35.635636 1.096667 0.747172 -0.277333 1.355677
35.735736 1.071102 0.806757 -0.302422 1.374618
35.835836 1.042067 0.863704 -0.326520 1.392301
35.935936 1.009829 0.917971 -0.349604 1.408775
36.036036 0.974656 0.969545 -0.371663 1.424115
36.136136 0.936762 1.018383 -0.392671 1.438339
36.236236 0.896319 1.064421 -0.412600 1.451419
36.336336 0.853496 1.107600 -0.431419 1.463337
36.436436 0.808474 1.147895 -0.449114 1.474108
36.536537 0.761437 1.185295 -0.465676 1.483767
36.636637 0.712538 1.219757 -0.481084 1.492300
36.736737 0.661911 1.251222 -0.495308 1.499670
36.836837 0.609710 1.279669 -0.508337 1.505890
36.936937 0.556109 1.305133 -0.520181 1.511032
37.037037 0.501271 1.327643 -0.530847 1.515159
37.137137 0.445343 1.347208 -0.540335 1.518309
37.237237 0.388450 1.363789 -0.548625 1.520462
37.337337 0.330697 1.377274 -0.555669 1.521517
37.437437 0.272210 1.387612 -0.561443 1.521441
37.537538 0.213121 1.394777 -0.565933 1.520231
37.637638 0.153564 1.398740 -0.569123 1.517879
37.737738 0.093671 1.399453 -0.570989 1.514355
37.837838 0.033575 1.396815 -0.571488 1.509575
37.937938 -0.026581 1.390815 -0.570611 1.503553
38.038038 -0.086655 1.381543 -0.568391 1.496408
38.138138 -0.146505 1.369052 -0.564847 1.488227
38.238238 -0.205982 1.353273 -0.559945 1.478957
38.338338 -0.264923 1.334118 -0.553646 1.468529
38.438438 -0.323172 1.311587 -0.545945 1.456969
38.538539 -0.380577 1.285718 -0.536854 1.444341
38.638639 -0.436977 1.256534 -0.526378 1.430699
38.738739 -0.492213 1.224064 -0.514525 1.416101
38.838839 -0.546131 1.188378 -0.501320 1.400651
38.938939 -0.598559 1.149501 -0.486768 1.384402
39.039039 -0.649295 1.107426 -0.470860 1.367364
39.139139 -0.698116 1.062129 -0.453583 1.349527
39.239239 -0.744751 1.013550 -0.434903 1.330819
39.339339 -0.788948 0.961692 -0.414815 1.311245
39.439439 -0.830465 0.906605 -0.393334 1.290858
39.539540 -0.869036 0.848338 -0.370472 1.269705
39.639640 -0.904348 0.786924 -0.346235 1.247787
39.739740 -0.936046 0.722398 -0.320628 1.225089
39.839840 -0.963753 0.654826 -0.293667 1.201607
39.939940 -0.987015 0.584267 -0.265366 1.177279
40.040040 -1.005352 0.510825 -0.235754 1.152065
40.140140 -1.018293 0.434672 -0.204889 1.125983
40.240240 -1.025368 0.356046 -0.172856 1.099103
40.340340 -1.025987 0.275213 -0.139750 1.071411
40.440440 -1.019531 0.192514 -0.105692 1.042917
40.540541 -1.005485 0.108414 -0.070862 1.013792
40.640641 -0.983309 0.023473 -0.035472 0.984228
40.740741 -0.952512 -0.061640 0.000214 0.954504
40.840841 -0.912578 -0.146121 0.035882 0.924898
40.940941 -0.862902 -0.228998 0.071148 0.895602
41.041041 -0.802907 -0.309086 0.105543 0.866795
41.141141 -0.732260 -0.385023 0.138517 0.838830
41.241241 -0.650871 -0.455249 0.169433 0.812153
41.341341 -0.558879 -0.517988 0.197561 0.787202
41.441441 -0.456939 -0.571431 0.222141 0.764640
41.541542 -0.346135 -0.613683 0.242367 0.745089
41.641642 -0.228048 -0.642898 0.257444 0.729110
41.741742 -0.104887 -0.657647 0.266725 0.717386
41.841842 0.020686 -0.656938 0.269737 0.710460
41.941942 0.145711 -0.640284 0.266200 0.708560
42.042042 0.267140 -0.607964 0.256149 0.711756
42.142142 0.382161 -0.561097 0.239968 0.720043
42.242242 0.488425 -0.501387 0.218295 0.733212
42.342342 0.584125 -0.430842 0.191904 0.750769
42.442442 0.668211 -0.351719 0.161693 0.772242
42.542543 0.740250 -0.266256 0.128567 0.797114
42.642643 0.800088 -0.176408 0.093323 0.824602
42.742743 0.848156 -0.083958 0.056704 0.854185
42.842843 0.885358 0.009568 0.019358 0.885621
42.942943 0.912560 0.102980 -0.018204 0.918533
43.043043 0.930495 0.195333 -0.055576 0.952399
43.143143 0.939887 0.285882 -0.092433 0.986742
43.243243 0.941557 0.374070 -0.128526 1.021263
43.343343 0.936247 0.459468 -0.163659 1.055677
43.443443 0.924647 0.541763 -0.197686 1.089751
43.543544 0.907377 0.620715 -0.230492 1.123275
43.643644 0.885003 0.696155 -0.261993 1.156072
43.743744 0.858123 0.768029 -0.292152 1.188107
43.843844 0.827331 0.836381 -0.320970 1.219439
43.943944 0.793168 0.901299 -0.348470 1.250155
44.044044 0.756053 0.962834 -0.374661 1.280248
44.144144 0.716283 1.020955 -0.399523 1.309591
44.244244 0.674148 1.075674 -0.423052 1.338104
44.344344 0.629983 1.127120 -0.445294 1.365857
44.444444 0.584050 1.175360 -0.466269 1.392836
44.544545 0.536551 1.220404 -0.485976 1.418959
44.644645 0.487684 1.262289 -0.504424 1.444179
44.744745 0.437636 1.301063 -0.521628 1.468464
44.844845 0.386576 1.336767 -0.537601 1.491778
44.944945 0.334672 1.369488 -0.552374 1.514140
45.045045 0.282080 1.399307 -0.565976 1.535564
45.145145 0.228927 1.426252 -0.578414 1.556010
45.245245 0.175349 1.450428 -0.589730 1.575522
45.345345 0.121466 1.471917 -0.599952 1.594125
45.445445 0.067382 1.490752 -0.609092 1.611792
45.545546 0.013202 1.507062 -0.617200 1.628603
45.645646 -0.040980 1.520990 -0.624332 1.644652
45.745746 -0.095081 1.532599 -0.630511 1.659954
45.845846 -0.149027 1.541992 -0.635779 1.674563
45.945946 -0.202748 1.549260 -0.640169 1.688529
46.046046 -0.256173 1.554409 -0.643684 1.701806
46.146146 -0.309237 1.557476 -0.646336 1.714383
46.246246 -0.361874 1.558489 -0.648135 1.726245
46.346346 -0.414022 1.557475 -0.649090 1.737372
46.446446 -0.465632 1.554505 -0.649231 1.747798
46.546547 -0.516650 1.549624 -0.648572 1.757529
46.646647 -0.567019 1.542854 -0.647122 1.766544
46.746747 -0.616684 1.534221 -0.644890 1.774828
46.846847 -0.665591 1.523748 -0.641885 1.782367
46.946947 -0.713690 1.511470 -0.638118 1.789159
47.047047 -0.760943 1.497441 -0.633612 1.795224
47.147147 -0.807299 1.481687 -0.628376 1.800551
47.247247 -0.852721 1.464255 -0.622427 1.805157
47.347347 -0.897189 1.445218 -0.615795 1.809090
47.447447 -0.940669 1.424624 -0.608499 1.812369
47.547548 -0.983132 1.402520 -0.600559 1.815016
47.647648 -1.024560 1.378970 -0.591998 1.817070
47.747748 -1.064945 1.354044 -0.582845 1.818585
47.847848 -1.104263 1.327790 -0.573121 1.819586
47.947948 -1.142457 1.300211 -0.562824 1.820035
48.048048 -1.179437 1.271278 -0.551941 1.819851
48.148148 -1.215098 1.240949 -0.540451 1.818930
48.248248 -1.249381 1.209236 -0.528357 1.817241
48.348348 -1.282244 1.176174 -0.515673 1.814788
48.448448 -1.313604 1.141756 -0.502395 1.811509
48.548549 -1.343388 1.105992 -0.488522 1.807364
48.648649 -1.371556 1.068918 -0.474072 1.802358
48.748749 -1.398042 1.030556 -0.459048 1.796467
48.848849 -1.422798 0.990940 -0.443466 1.789686
48.948949 -1.445794 0.950119 -0.427343 1.782041
49.049049 -1.466966 0.908120 -0.410690 1.773510
49.149149 -1.486278 0.864989 -0.393524 1.764112
49.249249 -1.503699 0.820778 -0.375866 1.753871
49.349349 -1.519151 0.775511 -0.357723 1.742757
49.449449 -1.532550 0.729217 -0.339105 1.730739
49.549550 -1.543819 0.681928 -0.320024 1.717794
49.649650 -1.552901 0.633692 -0.300497 1.703926
49.749750 -1.559721 0.584552 -0.280541 1.689123
49.849850 -1.564244 0.534570 -0.260179 1.673415
49.949950 -1.566463 0.483818 -0.239441 1.656870
50.050050 -1.566332 0.432360 -0.218351 1.639515
50.150150 -1.563792 0.380255 -0.196933 1.621364
50.250250 -1.558725 0.327555 -0.175205 1.602377
50.350350 -1.551003 0.274315 -0.153186 1.582506
50.450450 -1.540508 0.220604 -0.130901 1.561719
50.550551 -1.527171 0.166505 -0.108382 1.540040
50.650651 -1.510896 0.112104 -0.085663 1.517469
50.750751 -1.491528 0.057494 -0.062776 1.493955
50.850851 -1.468953 0.002779 -0.039762 1.469494
50.950951 -1.443033 -0.051922 -0.016666 1.444063
51.051051 -1.413603 -0.106476 0.006463 1.417622
51.151151 -1.380516 -0.160735 0.029566 1.390156
51.251251 -1.343617 -0.214528 0.052579 1.361651
51.351351 -1.302789 -0.267672 0.075430 1.332140
51.451451 -1.257942 -0.319969 0.098038 1.301695
51.551552 -1.208954 -0.371189 0.120315 1.270364
51.651652 -1.155714 -0.421079 0.142158 1.238221
51.751752 -1.098082 -0.469343 0.163450 1.205314
51.851852 -1.035829 -0.515603 0.184043 1.171606
51.951952 -0.968703 -0.559405 0.203757 1.137030
52.052052 -0.896508 -0.600248 0.222391 1.101582
52.152152 -0.819179 -0.637618 0.239737 1.065404
52.252252 -0.736628 -0.670881 0.255538 1.028592
52.352352 -0.648825 -0.699314 0.269497 0.991283
52.452452 -0.555838 -0.722102 0.281280 0.953680
52.552553 -0.457793 -0.738246 0.290473 0.915945
52.652653 -0.355015 -0.746669 0.296627 0.878373
52.752753 -0.248058 -0.746175 0.299237 0.841340
52.852853 -0.137736 -0.735355 0.297704 0.805199
52.952953 -0.025253 -0.712568 0.291324 0.770234
53.053053 0.087629 -0.676287 0.279425 0.736967
53.153153 0.198516 -0.625315 0.261454 0.706248
53.253253 0.304404 -0.558899 0.237023 0.679124
53.353353 0.401777 -0.477046 0.206042 0.656849
53.453453 0.486817 -0.380689 0.168794 0.640630
53.553554 0.555745 -0.271836 0.126002 0.631367
53.653654 0.605546 -0.153676 0.078893 0.629703
53.753754 0.634402 -0.030231 0.029068 0.635787
53.853854 0.641856 0.094233 -0.021737 0.649100
53.953954 0.628784 0.215692 -0.071851 0.668621
54.054054 0.597103 0.330793 -0.119849 0.693051
54.154154 0.549429 0.437061 -0.164648 0.721113
54.254254 0.488603 0.532899 -0.205518 0.751633
54.354354 0.417477 0.617534 -0.242069 0.783730
54.454454 0.338646 0.690797 -0.274163 0.816729
54.554555 0.254334 0.752896 -0.301826 0.850081
54.654655 0.166414 0.804322 -0.325211 0.883397
54.754755 0.076411 0.845658 -0.344515 0.916334
54.854855 -0.014444 0.877462 -0.359937 0.948527
54.954955 -0.105142 0.900371 -0.371709 0.979740
55.055055 -0.194866 0.915050 -0.380083 1.009828
55.155155 -0.282939 0.922056 -0.385269 1.038593
55.255255 -0.368818 0.921962 -0.387489 1.065922
55.355355 -0.452077 0.915364 -0.386974 1.091794
55.455455 -0.532382 0.902824 -0.383947 1.116216
55.555556 -0.609529 0.884959 -0.378655 1.139323
55.655656 -0.683341 0.862285 -0.371304 1.161187
55.755756 -0.753588 0.835146 -0.362031 1.181706
55.855856 -0.820145 0.803943 -0.350995 1.200899
55.955956 -0.882996 0.769133 -0.338383 1.218913
56.056056 -0.942105 0.731089 -0.324348 1.235821
56.156156 -0.997421 0.690125 -0.309017 1.251644
56.256256 -1.048829 0.646484 -0.292486 1.266306
56.356356 -1.096243 0.600402 -0.274849 1.279755
56.456456 -1.139702 0.552175 -0.256230 1.292080
56.556557 -1.179242 0.502071 -0.236739 1.303355
56.656657 -1.214816 0.450300 -0.216460 1.313546
56.756757 -1.246419 0.397076 -0.195482 1.322665
56.856857 -1.274111 0.342627 -0.173898 1.330787
56.956957 -1.297908 0.287150 -0.151791 1.337931
57.057057 -1.317764 0.230821 -0.129231 1.344053
57.157157 -1.333664 0.173818 -0.106291 1.349137
57.257257 -1.345590 0.116317 -0.083043 1.353158
57.357357 -1.353446 0.058485 -0.059551 1.356017
57.457457 -1.357196 0.000493 -0.035887 1.357670
57.557558 -1.356832 -0.057479 -0.012122 1.358103
57.657658 -1.352357 -0.115259 0.011672 1.357310
57.757758 -1.343806 -0.172672 0.035423 1.355318
57.857858 -1.331230 -0.229549 0.059060 1.352166
57.957958 -1.314656 -0.285716 0.082512 1.347873
58.058058 -1.294098 -0.340998 0.105705 1.342439
58.158158 -1.269556 -0.395209 0.128564 1.335849
58.258258 -1.240969 -0.448139 0.151005 1.328019
58.358358 -1.208303 -0.499574 0.172940 1.318893
58.458458 -1.171576 -0.549308 0.194285 1.308463
58.558559 -1.130804 -0.597122 0.214950 1.296718
58.658659 -1.086032 -0.642800 0.234844 1.283670
58.758759 -1.037284 -0.686100 0.253869 1.269307
58.858859 -0.984596 -0.726767 0.271918 1.253618
58.958959 -0.928071 -0.764575 0.288897 1.236670
59.059059 -0.867749 -0.799224 0.304681 1.218433
59.159159 -0.803678 -0.830388 0.319136 1.198871
59.259259 -0.735942 -0.857730 0.332121 1.177971
59.359359 -0.664646 -0.880883 0.343483 1.155721
59.459459 -0.589972 -0.899518 0.353082 1.132196
59.559560 -0.512091 -0.913212 0.360741 1.107397
59.659660 -0.431215 -0.921507 0.366267 1.081330
59.759760 -0.347647 -0.923980 0.369478 1.054093
59.859860 -0.261767 -0.920226 0.370197 1.025857
59.959960 -0.174027 -0.909812 0.368237 0.996816
60.060060 -0.084966 -0.892322 0.363412 0.967226
60.160160 0.004770 -0.867356 0.355541 0.937411
60.260260 0.094419 -0.834346 0.344371 0.907546
60.360360 0.183052 -0.792732 0.329650 0.877838
60.460460 0.269541 -0.742049 0.311155 0.848591
60.560561 0.352540 -0.681902 0.288691 0.820132
60.660661 0.430486 -0.612100 0.262138 0.792906
60.760761 0.501614 -0.532701 0.231473 0.767442
60.860861 0.563920 -0.444027 0.196775 0.744235
60.960961 0.615240 -0.346783 0.158277 0.723761
61.061061 0.653521 -0.242257 0.116452 0.706639
61.161161 0.676838 -0.132252 0.071989 0.693385
61.261261 0.683832 -0.019099 0.025806 0.684585
61.361361 0.674009 0.094486 -0.020996 0.680923
61.461461 0.647434 0.205689 -0.067262 0.682644
61.561562 0.605015 0.311846 -0.111877 0.689789
61.661662 0.548329 0.410633 -0.153847 0.702107
61.761762 0.479370 0.500228 -0.192374 0.719048
61.861862 0.400435 0.579411 -0.226896 0.739964
61.961962 0.313781 0.647422 -0.257043 0.763993
62.062062 0.221571 0.703970 -0.282639 0.790286
62.162162 0.125831 0.749314 -0.303737 0.818267
62.262262 0.028316 0.784101 -0.320556 0.847569
62.362362 -0.069548 0.809055 -0.333354 0.877799
62.462462 -0.166628 0.824964 -0.342426 0.908618
62.562563 -0.262037 0.832647 -0.348083 0.939748
62.662663 -0.355098 0.832908 -0.350636 0.970967
62.762763 -0.445313 0.826525 -0.350393 1.002109
62.862863 -0.532348 0.814267 -0.347658 1.033098
62.962963 -0.615974 0.796825 -0.342710 1.063863
63.063063 -0.696038 0.774799 -0.335789 1.094320
63.163163 -0.772471 0.748758 -0.327128 1.124439
63.263263 -0.845224 0.719174 -0.316918 1.154145
63.363363 -0.914293 0.686477 -0.305336 1.183391
63.463463 -0.979685 0.651043 -0.292536 1.212113
63.563564 -1.041457 0.613224 -0.278663 1.240294
63.663664 -1.099671 0.573331 -0.263847 1.267911
63.763764 -1.154327 0.531604 -0.248185 1.294863
63.863864 -1.205459 0.488274 -0.231775 1.321084
63.963964 -1.253178 0.443580 -0.214715 1.346596
64.064064 -1.297630 0.397748 -0.197103 1.371458
64.164164 -1.338906 0.350961 -0.179017 1.395668
64.264264 -1.377105 0.303385 -0.160526 1.419236
64.364364 -1.412383 0.255183 -0.141702 1.442229
64.464464 -1.444864 0.206493 -0.122604 1.464686
64.564565 -1.474640 0.157434 -0.103284 1.486612
64.664665 -1.501772 0.108110 -0.083786 1.507988
64.764765 -1.526295 0.058615 -0.064149 1.528766
64.864865 -1.548239 0.009038 -0.044411 1.548902
64.964965 -1.567611 -0.040536 -0.024607 1.568328
65.065065 -1.584482 -0.090030 -0.004769 1.587044
65.165165 -1.598912 -0.139368 0.015069 1.605045
65.265265 -1.610922 -0.188479 0.034877 1.622286
65.365365 -1.620566 -0.237296 0.054627 1.638758
65.465465 -1.627851 -0.285751 0.074291 1.654410
65.565566 -1.632814 -0.333782 0.093842 1.669221
65.665666 -1.635485 -0.381328 0.113255 1.683167
65.765766 -1.635946 -0.428342 0.132507 1.696277
65.865866 -1.634286 -0.474784 0.151582 1.708592
65.965966 -1.630495 -0.520591 0.170451 1.720053
66.066066 -1.624562 -0.565696 0.189090 1.730598
66.166166 -1.616513 -0.610048 0.207476 1.740206
66.266266 -1.606394 -0.653602 0.225589 1.748882
66.366366 -1.594236 -0.696309 0.243408 1.756611
66.466466 -1.580074 -0.738123 0.260915 1.763387
66.566567 -1.563965 -0.779011 0.278093 1.769231
66.666667 -1.545928 -0.818920 0.294921 1.774120
66.766767 -1.526001 -0.857810 0.311381 1.778054
66.866867 -1.504238 -0.895650 0.327459 1.781053
66.966967 -1.480653 -0.932387 0.343132 1.783092
67.067067 -1.455303 -0.967993 0.358389 1.784197
67.167167 -1.428255 -1.002452 0.373221 1.784410
67.267267 -1.399521 -1.035707 0.387603 1.783700
67.367367 -1.369134 -1.067719 0.401519 1.782069
67.467467 -1.337196 -1.098503 0.414973 1.779608
67.567568 -1.303783 -1.128053 0.427961 1.776374
67.667668 -1.268931 -1.156337 0.440467 1.772374
67.767768 -1.232658 -1.183304 0.452471 1.767593
67.867868 -1.194987 -1.208907 0.463953 1.762016
67.967968 -1.155961 -1.233116 0.474899 1.755662
68.068068 -1.115567 -1.255840 0.485273 1.748460
68.168168 -1.073795 -1.276989 0.495037 1.740344
68.268268 -1.030673 -1.296507 0.504169 1.731301
68.368368 -0.986232 -1.314338 0.512644 1.721319
68.468468 -0.940502 -1.330423 0.520437 1.710387
68.568569 -0.893486 -1.344658 0.527507 1.698436
68.668669 -0.845178 -1.356919 0.533801 1.685378
68.768769 -0.795618 -1.367136 0.539291 1.671198
68.868869 -0.744873 -1.375283 0.543963 1.655940
68.968969 -0.692996 -1.381304 0.547795 1.639611
69.069069 -0.640037 -1.385126 0.550753 1.622206
69.169169 -0.586039 -1.386659 0.552801 1.603700
69.269269 -0.531053 -1.385807 0.553898 1.584071
69.369369 -0.475146 -1.382502 0.554013 1.563331
69.469469 -0.418373 -1.376614 0.553093 1.541432
69.569570 -0.360779 -1.367959 0.551061 1.518269
69.669670 -0.302427 -1.356352 0.547839 1.493747
69.769770 -0.243387 -1.341568 0.543333 1.467738
69.869870 -0.183758 -1.323420 0.537465 1.440165
69.969970 -0.123653 -1.301691 0.530141 1.410935
70.070070 -0.063199 -1.276050 0.521224 1.379845
70.170170 -0.002559 -1.246168 0.510573 1.346710
70.270270 0.058068 -1.211753 0.498065 1.311406
70.370370 0.118438 -1.172494 0.483565 1.273815
70.470470 0.178254 -1.128017 0.466913 1.233777
70.570571 0.237162 -1.077958 0.447949 1.191175
70.670671 0.294728 -1.021941 0.426509 1.145922
70.770771 0.350415 -0.959523 0.402396 1.097906
70.870871 0.403546 -0.890210 0.375391 1.047016
70.970971 0.453271 -0.813480 0.345257 0.993181
71.071071 0.498512 -0.728798 0.311746 0.936401
71.171171 0.537855 -0.635595 0.274589 0.876737
71.271271 0.569372 -0.533259 0.233483 0.814287
71.371371 0.590480 -0.421306 0.188164 0.749380
71.471471 0.597742 -0.299640 0.138500 0.682833
71.571572 0.586555 -0.168946 0.084651 0.616243
71.671672 0.550739 -0.031486 0.027383 0.552317
71.771772 0.482731 0.107330 -0.031288 0.495508
71.871872 0.376175 0.236928 -0.087195 0.453040
71.971972 0.231387 0.341757 -0.133957 0.433915
72.072072 0.060218 0.407414 -0.165362 0.443799
72.172172 -0.117844 0.429804 -0.179219 0.480352
72.272272 -0.286610 0.415841 -0.177935 0.535472
72.372372 -0.438568 0.376559 -0.165833 0.601364
72.472472 -0.572436 0.321365 -0.146737 0.672674
72.572573 -0.689622 0.256613 -0.123284 0.746075
72.672673 -0.792270 0.186365 -0.097198 0.819678
72.772773 -0.882463 0.113141 -0.069564 0.892401
72.872873 -0.962030 0.038538 -0.041086 0.963678
72.972973 -1.032450 -0.036437 -0.012215 1.033165
73.073073 -1.094990 -0.111131 0.016748 1.100742
73.173173 -1.150673 -0.185122 0.045603 1.166361
73.273273 -1.200394 -0.258144 0.074218 1.230078
73.373373 -1.244896 -0.330030 0.102504 1.291972
73.473473 -1.284722 -0.400663 0.130400 1.352053
73.573574 -1.320370 -0.469978 0.157866 1.410382
73.673674 -1.352324 -0.537962 0.184884 1.467094
73.773774 -1.380998 -0.604627 0.211447 1.522314
73.873874 -1.406739 -0.669991 0.237554 1.576145
73.973974 -1.429789 -0.734056 0.263200 1.628622
74.074074 -1.450333 -0.796817 0.288377 1.679746
74.174174 -1.468549 -0.858282 0.313085 1.729539
74.274274 -1.484582 -0.918454 0.337320 1.778011
74.374374 -1.498588 -0.977354 0.361087 1.825204
74.474474 -1.510714 -1.035012 0.384394 1.871167
74.574575 -1.521110 -1.091467 0.407255 1.915968
74.674675 -1.529920 -1.146765 0.429683 1.959682
74.774775 -1.537237 -1.200927 0.451684 2.002334
74.874875 -1.543122 -1.253952 0.473257 2.043916
74.974975 -1.547646 -1.305854 0.494406 2.084442
75.075075 -1.550936 -1.356697 0.515153 2.124009
75.175175 -1.553128 -1.406561 0.535529 2.162733
75.275275 -1.554313 -1.455494 0.555549 2.200679
75.375375 -1.554537 -1.503511 0.575219 2.237858
75.475475 -1.553843 -1.550619 0.594540 2.274275
75.575576 -1.552275 -1.596838 0.613520 2.309947
75.675676 -1.549890 -1.642197 0.632170 2.344911
75.775776 -1.546746 -1.686733 0.650502 2.379211
75.875876 -1.542899 -1.730484 0.668531 2.412891
75.975976 -1.538414 -1.773500 0.686275 2.446015
76.076076 -1.533319 -1.815794 0.703740 2.478593
76.176176 -1.527605 -1.857334 0.720912 2.510574
76.276276 -1.521284 -1.898117 0.737790 2.541945
76.376376 -1.514374 -1.938145 0.754374 2.572705
76.476476 -1.506881 -1.977407 0.770660 2.602834
76.576577 -1.498827 -2.015912 0.786650 2.632338
76.676677 -1.490254 -2.053700 0.802359 2.661263
76.776777 -1.481204 -2.090809 0.817803 2.689656
76.876877 -1.471699 -2.127256 0.832988 2.717533
76.976977 -1.461763 -2.163058 0.847920 2.744912
77.077077 -1.451408 -2.198219 0.862600 2.771792
77.177177 -1.440634 -2.232725 0.877023 2.798152
77.277277 -1.429458 -2.266585 0.891191 2.824001
77.377377 -1.417902 -2.299823 0.905115 2.849362
77.477477 -1.405995 -2.332468 0.918805 2.874271
77.577578 -1.393764 -2.364552 0.932274 2.898762
77.677678 -1.381223 -2.396090 0.945527 2.922849
77.777778 -1.368378 -2.427076 0.958561 2.946522
77.877878 -1.355234 -2.457509 0.971377 2.969778
77.977978 -1.341815 -2.487421 0.983987 2.992652
78.078078 -1.328147 -2.516846 0.996404 3.015180
78.178178 -1.314243 -2.545802 1.008635 3.037382
78.278278 -1.300109 -2.574287 1.020679 3.059252
78.378378 -1.285749 -2.602300 1.032535 3.080786
78.478478 -1.271171 -2.629846 1.044206 3.101989
78.578579 -1.256376 -2.656920 1.055689 3.122849
78.678679 -1.241368 -2.683518 1.066983 3.143360
78.778779 -1.226164 -2.709664 1.078096 3.163549
78.878879 -1.210775 -2.735377 1.089037 3.183436
78.978979 -1.195209 -2.760662 1.099808 3.203023
79.079079 -1.179468 -2.785516 1.110406 3.222304
79.179179 -1.163547 -2.809918 1.120824 3.241254
79.279279 -1.147449 -2.833863 1.131059 3.259864
79.379379 -1.131176 -2.857349 1.141110 3.278130
79.479479 -1.114733 -2.880376 1.150979 3.296051
79.579580 -1.098129 -2.902958 1.160669 3.313639
79.679680 -1.081374 -2.925113 1.170187 3.330915
79.779780 -1.064477 -2.946852 1.179540 3.347889
79.879880 -1.047446 -2.968187 1.188730 3.364574
79.979980 -1.030295 -2.989153 1.197772 3.381006
80.080080 -1.013042 -3.009792 1.206683 3.397232
80.180180 -0.995697 -3.030125 1.215471 3.413274
80.280280 -0.978262 -3.050151 1.224135 3.429128
80.380380 -0.960743 -3.069882 1.232681 3.444808
80.480480 -0.943147 -3.089333 1.241114 3.460328
80.580581 -0.925471 -3.108485 1.249427 3.475665
80.680681 -0.907710 -3.127315 1.257610 3.490791
80.780781 -0.889869 -3.145835 1.265668 3.505718
80.880881 -0.871958 -3.164070 1.273611 3.520474
80.980981 -0.853979 -3.182020 1.281439 3.535055
81.081081 -0.835929 -3.199668 1.289145 3.549444
81.181181 -0.817808 -3.217003 1.296725 3.563624
81.281281 -0.799613 -3.234006 1.304171 3.577574
81.381381 -0.781342 -3.250662 1.311476 3.591276
81.481481 -0.762999 -3.266974 1.318643 3.604734
81.581582 -0.744588 -3.282952 1.325674 3.617955
81.681682 -0.726110 -3.298587 1.332567 3.630929
81.781782 -0.707561 -3.313860 1.339313 3.643634
81.881882 -0.688946 -3.328768 1.345911 3.656066
81.981982 -0.670265 -3.343313 1.352362 3.668226
82.082082 -0.651520 -3.357489 1.358664 3.680105
82.182182 -0.632710 -3.371282 1.364810 3.691689
82.282282 -0.613837 -3.384681 1.370797 3.702964
82.382382 -0.594905 -3.397701 1.376630 3.713946
82.482482 -0.575919 -3.410362 1.382317 3.724654
82.582583 -0.556884 -3.422665 1.387859 3.735091
82.682683 -0.537801 -3.434619 1.393259 3.745265
82.782783 -0.518676 -3.446243 1.398525 3.755195
82.882883 -0.499513 -3.457546 1.403661 3.764891
82.982983 -0.480313 -3.468533 1.408668 3.774356
83.083083 -0.461081 -3.479212 1.413549 3.783601
83.183183 -0.441820 -3.489597 1.418311 3.792638
83.283283 -0.422532 -3.499705 1.422960 3.801484
83.383383 -0.403220 -3.509523 1.427491 3.810127
83.483483 -0.383882 -3.519032 1.431896 3.818544
83.583584 -0.364519 -3.528228 1.436174 3.826730
83.683684 -0.345133 -3.537107 1.440322 3.834680
83.783784 -0.325725 -3.545669 1.444340 3.842393
83.883884 -0.306298 -3.553913 1.448229 3.849868
83.983984 -0.286854 -3.561849 1.451992 3.857115
84.084084 -0.267395 -3.569488 1.455634 3.864145
84.184184 -0.247924 -3.576834 1.459157 3.870962
84.284284 -0.228443 -3.583909 1.462568 3.877589
84.384384 -0.208955 -3.590719 1.465871 3.884032
84.484484 -0.189459 -3.597242 1.469056 3.890266
84.584585 -0.169958 -3.603472 1.472122 3.896285
84.684685 -0.150452 -3.609427 1.475075 3.902108
84.784785 -0.130946 -3.615131 1.477925 3.907760
84.884885 -0.111440 -3.620596 1.480677 3.913252
84.984985 -0.091937 -3.625819 1.483330 3.918582
85.085085 -0.072436 -3.630815 1.485890 3.923765
85.185185 -0.052941 -3.635606 1.488366 3.928825
85.285285 -0.033453 -3.640214 1.490766 3.933784
85.385385 -0.013972 -3.644639 1.493092 3.938644
85.485485 0.005501 -3.648875 1.495340 3.943395
85.585586 0.024964 -3.652935 1.497515 3.948051
85.685686 0.044416 -3.656817 1.499617 3.952611
85.785786 0.063857 -3.660516 1.501644 3.957069
85.885886 0.083286 -3.664042 1.503600 3.961433
85.985986 0.102702 -3.667411 1.505491 3.965723
86.086086 0.122105 -3.670620 1.507316 3.969933
86.186186 0.141492 -3.673652 1.509068 3.974044
86.286286 0.160863 -3.676485 1.510738 3.978033
86.386386 0.180214 -3.679089 1.512314 3.981867
86.486486 0.199544 -3.681444 1.513788 3.985524
86.586587 0.218851 -3.683554 1.515160 3.989007
86.686687 0.238135 -3.685412 1.516428 3.992308
86.786787 0.257391 -3.686998 1.517584 3.995405
86.886887 0.276621 -3.688318 1.518631 3.998306
86.986987 0.295821 -3.689379 1.519571 4.001016
87.087087 0.314991 -3.690173 1.520400 4.003524
87.187187 0.334127 -3.690677 1.521109 4.005809
87.287287 0.353227 -3.690879 1.521695 4.007857
87.387387 0.372289 -3.690786 1.522157 4.009671
87.487487 0.391313 -3.690401 1.522500 4.011258
87.587588 0.410298 -3.689738 1.522727 4.012631
87.687688 0.429246 -3.688818 1.522849 4.013813
87.787788 0.448157 -3.687662 1.522872 4.014827
87.887888 0.467029 -3.686265 1.522796 4.015666
87.987988 0.485859 -3.684606 1.522611 4.016307
88.088088 0.504643 -3.682664 1.522310 4.016729
88.188188 0.523378 -3.680429 1.521886 4.016917
88.288288 0.542062 -3.677900 1.521341 4.016872
88.388388 0.560692 -3.675071 1.520672 4.016586
88.488488 0.579266 -3.671934 1.519875 4.016051
88.588589 0.597783 -3.668486 1.518948 4.015263
88.688689 0.616239 -3.664726 1.517893 4.014220
88.788789 0.634634 -3.660657 1.516709 4.012926
88.888889 0.652968 -3.656288 1.515401 4.011390
88.988989 0.671240 -3.651619 1.513969 4.009612
89.089089 0.689448 -3.646656 1.512413 4.007597
89.189189 0.707593 -3.641407 1.510740 4.005354
89.289289 0.725673 -3.635874 1.508948 4.002888
89.389389 0.743690 -3.630067 1.507042 4.000204
89.489489 0.761644 -3.623996 1.505026 3.997318
89.589590 0.779532 -3.617656 1.502899 3.994222
89.689690 0.797349 -3.611032 1.500653 3.990899
89.789790 0.815091 -3.604109 1.498282 3.987333
89.889890 0.832750 -3.596859 1.495776 3.983492
89.989990 0.850321 -3.589267 1.493127 3.979361
90.090090 0.867805 -3.581346 1.490341 3.974952
90.190190 0.885203 -3.573111 1.487424 3.970282
90.290290 0.902520 -3.564584 1.484385 3.965376
90.390390 0.919760 -3.555791 1.481235 3.960261
90.490490 0.936925 -3.546743 1.477979 3.954950
90.590591 0.954012 -3.537433 1.474614 3.949438
90.690691 0.971012 -3.527839 1.471129 3.943695
90.790791 0.987923 -3.517954 1.467523 3.937717
90.890891 1.004747 -3.507793 1.463802 3.931520
90.990991 1.021485 -3.497364 1.459968 3.925111
91.091091 1.038132 -3.486655 1.456018 3.918478
91.191191 1.054682 -3.475651 1.451944 3.911604
91.291291 1.071138 -3.464367 1.447753 3.904506
91.391391 1.087501 -3.452816 1.443450 3.897198
91.491491 1.103772 -3.441000 1.439036 3.889681
91.591592 1.119948 -3.428920 1.434511 3.881958
91.691692 1.136031 -3.416583 1.429879 3.874037
91.791792 1.152024 -3.404006 1.425146 3.865935
91.891892 1.167936 -3.391214 1.420322 3.857683
91.991992 1.183768 -3.378219 1.415413 3.849294
92.092092 1.199521 -3.365026 1.410422 3.840773
92.192192 1.215198 -3.351649 1.405352 3.832136
92.292292 1.230799 -3.338086 1.400205 3.823383
92.392392 1.246316 -3.324322 1.394973 3.814495
92.492492 1.261749 -3.310362 1.389658 3.805477
92.592593 1.277104 -3.296221 1.384267 3.796348
92.692693 1.292379 -3.281898 1.378800 3.787108
92.792793 1.307572 -3.267393 1.373256 3.777755
92.892893 1.322681 -3.252701 1.367633 3.768285
92.992993 1.337695 -3.237801 1.361922 3.758672
93.093093 1.352606 -3.222676 1.356116 3.748898
93.193193 1.367408 -3.207314 1.350211 3.738949
93.293293 1.382094 -3.191703 1.344200 3.728810
93.393393 1.396662 -3.175845 1.338085 3.718485
93.493493 1.411123 -3.159763 1.331875 3.708000
93.593594 1.425480 -3.143474 1.325577 3.697374
93.693694 1.439722 -3.126952 1.319182 3.686580
93.793794 1.453834 -3.110169 1.312676 3.675583
93.893894 1.467812 -3.093121 1.306058 3.664377
93.993994 1.481649 -3.075800 1.299324 3.652954
94.094094 1.495335 -3.058183 1.292465 3.641287
94.194194 1.508859 -3.040259 1.285476 3.629364
94.294294 1.522224 -3.022034 1.278359 3.617190
94.394394 1.535430 -3.003515 1.271118 3.604772
94.494494 1.548477 -2.984705 1.263753 3.592119
94.594595 1.561361 -2.965600 1.256263 3.579221
94.694695 1.574070 -2.946184 1.248641 3.566062
94.794795 1.586599 -2.926451 1.240885 3.552634
94.894895 1.598946 -2.906400 1.232993 3.538934
94.994995 1.611103 -2.886024 1.224963 3.524957
95.095095 1.623069 -2.865326 1.216796 3.510703
95.195195 1.634851 -2.844322 1.208500 3.496195
95.295295 1.646448 -2.823015 1.200074 3.481434
95.395395 1.657846 -2.801385 1.191510 3.466396
95.495495 1.669025 -2.779404 1.182797 3.451050
95.595596 1.679963 -2.757040 1.173920 3.435351
95.695696 1.690635 -2.734259 1.164866 3.419259
95.795796 1.701030 -2.711046 1.155627 3.402756
95.895896 1.711143 -2.687403 1.146205 3.385843
95.995996 1.720968 -2.663325 1.136597 3.368514
96.096096 1.730491 -2.638798 1.126797 3.350750
96.196196 1.739700 -2.613809 1.116799 3.332536
96.296296 1.748585 -2.588351 1.106601 3.313861
96.396396 1.757141 -2.562423 1.096202 3.294725
96.496496 1.765356 -2.536016 1.085597 3.275115
96.596597 1.773210 -2.509106 1.074776 3.255001
96.696697 1.780692 -2.481687 1.063738 3.234373
96.796797 1.787795 -2.453758 1.052480 3.213231
96.896897 1.794511 -2.425313 1.041001 3.191566
96.996997 1.800832 -2.396351 1.029299 3.169376
97.097097 1.806749 -2.366868 1.017373 3.146657
97.197197 1.812252 -2.336860 1.005222 3.123403
97.297297 1.817328 -2.306316 0.992839 3.099597
97.397397 1.821972 -2.275241 0.980228 3.075248
97.497497 1.826190 -2.243650 0.967394 3.050375
97.597598 1.829981 -2.211551 0.954340 3.024988
97.697698 1.833345 -2.178950 0.941070 2.999098
97.797798 1.836266 -2.145841 0.927579 2.972694
97.897898 1.838728 -2.112210 0.913863 2.945759
97.997998 1.840719 -2.078053 0.899919 2.918288
98.098098 1.842228 -2.043368 0.885746 2.890277
98.198198 1.843218 -2.008124 0.871330 2.861683
98.298298 1.843655 -1.972292 0.856659 2.832466
98.398398 1.843511 -1.935855 0.841724 2.802601
98.498498 1.842763 -1.898798 0.826520 2.772066
98.598599 1.841371 -1.861094 0.811033 2.740820
98.698699 1.839279 -1.822697 0.795245 2.708798
98.798799 1.836440 -1.783575 0.779139 2.675950
98.898899 1.832826 -1.743716 0.762711 2.642257
98.998999 1.828411 -1.703111 0.745956 2.607704
99.099099 1.823153 -1.661735 0.728863 2.572253
99.199199 1.817021 -1.619577 0.711427 2.535887
99.299299 1.809970 -1.576616 0.693638 2.498568
99.399399 1.801950 -1.532826 0.675483 2.460255
99.499499 1.792927 -1.488198 0.656958 2.420932
99.599600 1.782855 -1.442715 0.638056 2.380570
99.699700 1.771688 -1.396360 0.618767 2.339139
99.799800 1.759382 -1.349123 0.599088 2.296620
99.899900 1.745873 -1.300978 0.579004 2.252968
100.000000 1.731069 -1.251884 0.558498 2.208106
