0.000000 0.637991 0.822729 0.437129 1.129158
0.100100 0.559787 0.894133 0.423786 1.136851
0.200200 0.479002 0.961295 0.408459 1.149073
0.300300 0.396095 1.024061 0.391292 1.165634
0.400400 0.311523 1.082358 0.372441 1.186279
0.500501 0.225734 1.136222 0.352088 1.210753
0.600601 0.139142 1.185751 0.330413 1.238765
0.700701 0.052108 1.231032 0.307577 1.269945
0.800801 -0.035046 1.272216 0.283737 1.303943
0.900901 -0.122041 1.309536 0.259055 1.340481
1.001001 -0.208646 1.343222 0.233675 1.379269
1.101101 -0.294673 1.373518 0.207725 1.420047
1.201201 -0.379983 1.400706 0.181323 1.462615
1.301301 -0.464466 1.425033 0.154571 1.506765
1.401401 -0.548028 1.446687 0.127548 1.552258
1.501502 -0.630600 1.465863 0.100326 1.598898
1.601602 -0.712134 1.482743 0.072967 1.646507
1.701702 -0.792598 1.497500 0.045522 1.694931
1.801802 -0.872013 1.510368 0.018039 1.744117
1.901902 -0.950422 1.521582 -0.009444 1.794047
2.002002 -1.027859 1.531321 -0.036899 1.844669
2.102102 -1.104329 1.539696 -0.064301 1.895875
2.202202 -1.179824 1.546784 -0.091629 1.947542
2.302302 -1.254346 1.552664 -0.118867 1.999570
2.402402 -1.327923 1.557439 -0.145999 2.051905
2.502503 -1.400591 1.561209 -0.173017 2.104510
2.602603 -1.472390 1.564069 -0.199914 2.157362
2.702703 -1.543340 1.566083 -0.226683 2.210407
2.802803 -1.613462 1.567311 -0.253317 2.263602
2.902903 -1.682815 1.567845 -0.279819 2.316960
3.003003 -1.751455 1.567765 -0.306190 2.370492
3.103103 -1.819414 1.567124 -0.332431 2.424182
3.203203 -1.886702 1.565953 -0.358538 2.477983
3.303303 -1.953347 1.564294 -0.384512 2.531883
3.403403 -2.019394 1.562201 -0.410358 2.585888
3.503504 -2.084868 1.559708 -0.436077 2.639987
3.603604 -2.149782 1.556839 -0.461669 2.694150
3.703704 -2.214137 1.553607 -0.487131 2.748344
3.803804 -2.277937 1.550026 -0.512462 2.802533
3.903904 -2.341174 1.546102 -0.537657 2.856677
4.004004 -2.403848 1.541844 -0.562713 2.910741
4.104104 -2.465964 1.537267 -0.587630 2.964706
4.204204 -2.527560 1.532403 -0.612414 3.018587
4.304304 -2.588681 1.527288 -0.637075 3.072417
4.404404 -2.649363 1.521949 -0.661620 3.126211
4.504505 -2.709645 1.516415 -0.686056 3.179994
4.604605 -2.769558 1.510710 -0.710390 3.233782
4.704705 -2.829127 1.504851 -0.734629 3.287585
4.804805 -2.888363 1.498848 -0.758773 3.341395
4.904905 -2.947264 1.492705 -0.782822 3.395194
5.005005 -3.005843 1.486430 -0.806777 3.448979
5.105105 -3.064115 1.480037 -0.830643 3.502753
5.205205 -3.122091 1.473531 -0.854421 3.556512
5.305305 -3.179779 1.466920 -0.878113 3.610253
5.405405 -3.237193 1.460214 -0.901722 3.663979
5.505506 -3.294338 1.453417 -0.925249 3.717684
5.605606 -3.351220 1.446533 -0.948695 3.771360
5.705706 -3.407858 1.439573 -0.972066 3.825020
5.805806 -3.464276 1.432549 -0.995366 3.878680
5.905906 -3.520476 1.425464 -1.018598 3.932332
6.006006 -3.576452 1.418317 -1.041758 3.985962
6.106106 -3.632199 1.411106 -1.064845 4.039552
6.206206 -3.687712 1.403832 -1.087857 4.093091
6.306306 -3.743009 1.396503 -1.110799 4.146591
6.406406 -3.798099 1.389124 -1.133673 4.200052
6.506507 -3.852977 1.381694 -1.156478 4.253464
6.606607 -3.907645 1.374215 -1.179213 4.306820
6.706707 -3.962110 1.366691 -1.201881 4.360124
6.806807 -4.016383 1.359126 -1.224484 4.413379
6.906907 -4.070466 1.351523 -1.247024 4.466585
7.007007 -4.124363 1.343883 -1.269501 4.519737
7.107107 -4.178085 1.336211 -1.291919 4.572845
7.207207 -4.231647 1.328513 -1.314281 4.625918
7.307307 -4.285057 1.320791 -1.336589 4.678960
7.407407 -4.338320 1.313048 -1.358847 4.731975
7.507508 -4.391446 1.305288 -1.381056 4.784965
7.607608 -4.444444 1.297514 -1.403219 4.837938
7.707708 -4.497319 1.289727 -1.425338 4.890895
7.807808 -4.550079 1.281931 -1.447415 4.943842
7.907908 -4.602732 1.274128 -1.469453 4.996783
8.008008 -4.655279 1.266319 -1.491451 5.049714
8.108108 -4.707723 1.258504 -1.513411 5.102637
8.208208 -4.760076 1.250687 -1.535336 5.155560
8.308308 -4.812352 1.242873 -1.557232 5.208496
8.408408 -4.864545 1.235059 -1.579095 5.261436
8.508509 -4.916648 1.227244 -1.600924 5.314369
8.608609 -4.968670 1.219431 -1.622721 5.367301
8.708709 -5.020614 1.211621 -1.644489 5.420234
8.808809 -5.072478 1.203812 -1.666224 5.473161
8.908909 -5.124263 1.196007 -1.687929 5.526084
9.009009 -5.175973 1.188204 -1.709604 5.579003
9.109109 -5.227605 1.180405 -1.731249 5.631912
9.209209 -5.279156 1.172609 -1.752862 5.684806
9.309309 -5.330617 1.164813 -1.774440 5.737674
9.409409 -5.381999 1.157020 -1.795987 5.790525
9.509510 -5.433306 1.149231 -1.817505 5.843361
9.609610 -5.484541 1.141447 -1.838993 5.896184
9.709710 -5.535708 1.133669 -1.860454 5.948997
9.809810 -5.586813 1.125899 -1.881890 6.001803
9.909910 -5.637857 1.118135 -1.903300 6.054603
10.010010 -5.688832 1.110378 -1.924683 6.107385
10.110110 -5.739738 1.102627 -1.946038 6.160150
10.210210 -5.790586 1.094883 -1.967368 6.212905
10.310310 -5.841377 1.087148 -1.988675 6.265653
10.410410 -5.892116 1.079423 -2.009959 6.318396
10.510511 -5.942807 1.071707 -2.031223 6.371137
10.610611 -5.993451 1.064002 -2.052466 6.423875
10.710711 -6.044044 1.056306 -2.073688 6.476606
10.810811 -6.094585 1.048620 -2.094887 6.529328
10.910911 -6.145073 1.040943 -2.116064 6.582037
11.011011 -6.195503 1.033274 -2.137217 6.634728
11.111111 -6.245877 1.025615 -2.158346 6.687401
11.211211 -6.296196 1.017964 -2.179451 6.740055
11.311311 -6.346454 1.010321 -2.200532 6.792685
11.411411 -6.396654 1.002687 -2.221588 6.845292
11.511512 -6.446797 0.995062 -2.242621 6.897876
11.611612 -6.496889 0.987446 -2.263631 6.950442
11.711712 -6.546932 0.979840 -2.284620 7.002991
11.811812 -6.596917 0.972243 -2.305585 7.055516
11.911912 -6.646841 0.964654 -2.326525 7.108007
12.012012 -6.696704 0.957073 -2.347439 7.160468
12.112112 -6.746506 0.949501 -2.368329 7.212897
12.212212 -6.796250 0.941938 -2.389193 7.265294
12.312312 -6.845937 0.934383 -2.410034 7.317662
12.412412 -6.895566 0.926837 -2.430850 7.369999
12.512513 -6.945133 0.919299 -2.451641 7.422299
12.612613 -6.994630 0.911769 -2.472403 7.474554
12.712713 -7.044055 0.904246 -2.493136 7.526759
12.812813 -7.093406 0.896729 -2.513838 7.578912
12.912913 -7.142678 0.889219 -2.534509 7.631009
13.013013 -7.191878 0.881716 -2.555151 7.683055
13.113113 -7.241010 0.874221 -2.575765 7.735054
13.213213 -7.290069 0.866732 -2.596349 7.787000
13.313313 -7.339052 0.859251 -2.616902 7.838888
13.413413 -7.387959 0.851776 -2.637425 7.890721
13.513514 -7.436796 0.844309 -2.657919 7.942501
13.613614 -7.485557 0.836849 -2.678382 7.994223
13.713714 -7.534241 0.829396 -2.698814 8.045886
13.813814 -7.582845 0.821949 -2.719214 8.097485
13.913914 -7.631374 0.814510 -2.739583 8.149025
14.014014 -7.679838 0.807079 -2.759925 8.200517
14.114114 -7.728244 0.799657 -2.780243 8.251967
14.214214 -7.776595 0.792244 -2.800538 8.303378
14.314314 -7.824894 0.784841 -2.820810 8.354754
14.414414 -7.873141 0.777448 -2.841061 8.406093
14.514515 -7.921334 0.770064 -2.861288 8.457393
14.614615 -7.969471 0.762690 -2.881491 8.508652
14.714715 -8.017551 0.755325 -2.901671 8.559868
14.814815 -8.065572 0.747969 -2.921825 8.611038
14.914915 -8.113532 0.740621 -2.941955 8.662160
15.015015 -8.161434 0.733283 -2.962060 8.713238
15.115115 -8.209277 0.725954 -2.982139 8.764268
15.215215 -8.257062 0.718635 -3.002195 8.815253
15.315315 -8.304788 0.711324 -3.022226 8.866190
15.415415 -8.352451 0.704022 -3.042231 8.917076
15.515516 -8.400054 0.696729 -3.062210 8.967914
15.615616 -8.447596 0.689445 -3.082164 9.018700
15.715716 -8.495075 0.682170 -3.102092 9.069434
15.815816 -8.542495 0.674904 -3.121995 9.120119
15.915916 -8.589852 0.667646 -3.141871 9.170750
16.016016 -8.637149 0.660398 -3.161723 9.221332
16.116116 -8.684389 0.653160 -3.181550 9.271865
16.216216 -8.731570 0.645930 -3.201353 9.322349
16.316316 -8.778693 0.638709 -3.221131 9.372784
16.416416 -8.825762 0.631499 -3.240887 9.423174
16.516517 -8.872779 0.624297 -3.260620 9.473521
16.616617 -8.919743 0.617106 -3.280330 9.523823
16.716717 -8.966655 0.609924 -3.300019 9.574081
16.816817 -9.013514 0.602752 -3.319684 9.624294
16.916917 -9.060317 0.595589 -3.339326 9.674460
17.017017 -9.107063 0.588436 -3.358944 9.724575
17.117117 -9.153750 0.581291 -3.378537 9.774638
17.217217 -9.200378 0.574156 -3.398105 9.824649
17.317317 -9.246948 0.567031 -3.417649 9.874608
17.417417 -9.293457 0.559914 -3.437168 9.924513
17.517518 -9.339906 0.552807 -3.456661 9.974364
17.617618 -9.386298 0.545708 -3.476130 10.024164
17.717718 -9.432634 0.538620 -3.495575 10.073914
17.817818 -9.478913 0.531540 -3.514996 10.123612
17.917918 -9.525126 0.524470 -3.534390 10.173250
18.018018 -9.571271 0.517408 -3.553756 10.222823
18.118118 -9.617346 0.510355 -3.573093 10.272331
18.218218 -9.663357 0.503311 -3.592403 10.321781
18.318318 -9.709312 0.496277 -3.611689 10.371177
18.418418 -9.755209 0.489252 -3.630951 10.420522
18.518519 -9.801047 0.482236 -3.650188 10.469811
18.618619 -9.846821 0.475229 -3.669399 10.519040
18.718719 -9.892528 0.468230 -3.688582 10.568206
18.818819 -9.938167 0.461241 -3.707736 10.617307
18.918919 -9.983738 0.454261 -3.726862 10.666343
19.019019 -10.029239 0.447289 -3.745960 10.715313
19.119119 -10.074671 0.440326 -3.765029 10.764215
19.219219 -10.120037 0.433373 -3.784070 10.813054
19.319319 -10.165336 0.426428 -3.803084 10.861830
19.419419 -10.210568 0.419492 -3.822070 10.910541
19.519520 -10.255732 0.412565 -3.841027 10.959186
19.619620 -10.300829 0.405647 -3.859957 11.007765
19.719720 -10.345862 0.398738 -3.878860 11.056284
19.819820 -10.390835 0.391838 -3.897738 11.104744
19.919920 -10.435749 0.384948 -3.916591 11.153148
20.020020 -10.480602 0.378067 -3.935419 11.201494
20.120120 -10.525398 0.371195 -3.954222 11.249785
20.220220 -10.570138 0.364332 -3.973002 11.298022
20.320320 -10.614822 0.357479 -3.991758 11.346205
20.420420 -10.659447 0.350635 -4.010489 11.394331
20.520521 -10.704013 0.343801 -4.029196 11.442399
20.620621 -10.748524 0.336976 -4.047879 11.490415
20.720721 -10.792981 0.330160 -4.066539 11.538379
20.820821 -10.837385 0.323354 -4.085177 11.586291
20.920921 -10.881734 0.316557 -4.103791 11.634150
21.021021 -10.926030 0.309770 -4.122383 11.681958
21.121121 -10.970272 0.302992 -4.140951 11.729712
21.221221 -11.014463 0.296223 -4.159498 11.777418
21.321321 -11.058610 0.289465 -4.178026 11.825081
21.421421 -11.102712 0.282716 -4.196535 11.872702
21.521522 -11.146768 0.275976 -4.215023 11.920277
21.621622 -11.190776 0.269246 -4.233491 11.967807
21.721722 -11.234736 0.262526 -4.251938 12.015290
21.821822 -11.278649 0.255815 -4.270365 12.062727
21.921922 -11.322514 0.249114 -4.288771 12.110117
22.022022 -11.366330 0.242422 -4.307156 12.157459
22.122122 -11.410096 0.235740 -4.325520 12.204753
22.222222 -11.453816 0.229067 -4.343864 12.252000
22.322322 -11.497491 0.222403 -4.362188 12.299205
22.422422 -11.541124 0.215750 -4.380494 12.346369
22.522523 -11.584711 0.209106 -4.398780 12.393487
22.622623 -11.628244 0.202471 -4.417043 12.440552
22.722723 -11.671722 0.195845 -4.435283 12.487561
22.822823 -11.715143 0.189229 -4.453499 12.534514
22.922923 -11.758510 0.182622 -4.471692 12.581412
23.023023 -11.801820 0.176024 -4.489861 12.628254
23.123123 -11.845071 0.169436 -4.508005 12.675036
23.223223 -11.888257 0.162857 -4.526122 12.721751
23.323323 -11.931374 0.156287 -4.544210 12.768396
23.423423 -11.974419 0.149726 -4.562269 12.814969
23.523524 -12.017393 0.143174 -4.580298 12.861468
23.623624 -12.060300 0.136631 -4.598300 12.907899
23.723724 -12.103143 0.130097 -4.616274 12.954265
23.823824 -12.145924 0.123573 -4.634223 13.000567
23.923924 -12.188647 0.117057 -4.652147 13.046811
24.024024 -12.231317 0.110551 -4.670049 13.093002
24.124124 -12.273934 0.104055 -4.687928 13.139138
24.224224 -12.316493 0.097567 -4.705783 13.185216
24.324324 -12.358994 0.091089 -4.723613 13.231234
24.424424 -12.401436 0.084620 -4.741419 13.277192
24.524525 -12.443825 0.078160 -4.759202 13.323096
24.624625 -12.486161 0.071709 -4.776963 13.368947
24.724725 -12.528444 0.065268 -4.794701 13.414743
24.824825 -12.570676 0.058836 -4.812417 13.460487
24.924925 -12.612859 0.052413 -4.830113 13.506182
25.025025 -12.654992 0.045999 -4.847787 13.551826
25.125125 -12.697074 0.039595 -4.865439 13.597417
25.225225 -12.739102 0.033200 -4.883069 13.642954
25.325325 -12.781077 0.026814 -4.900675 13.688435
25.425425 -12.823000 0.020437 -4.918260 13.733864
25.525526 -12.864875 0.014069 -4.935825 13.779245
25.625626 -12.906703 0.007710 -4.953369 13.824576
25.725726 -12.948481 0.001361 -4.970891 13.869856
25.825826 -12.990207 -0.004979 -4.988392 13.915084
25.925926 -13.031885 -0.011310 -5.005872 13.960261
26.026026 -13.073511 -0.017632 -5.023330 14.005386
26.126126 -13.115081 -0.023945 -5.040764 14.050453
26.226226 -13.156594 -0.030248 -5.058175 14.095461
26.326326 -13.198054 -0.036543 -5.075562 14.140413
26.426426 -13.239462 -0.042828 -5.092928 14.185313
26.526527 -13.280819 -0.049105 -5.110272 14.230160
26.626627 -13.322124 -0.055372 -5.127594 14.274953
26.726727 -13.363375 -0.061630 -5.144893 14.319690
26.826827 -13.404570 -0.067879 -5.162168 14.364368
26.926927 -13.445710 -0.074119 -5.179421 14.408991
27.027027 -13.486797 -0.080350 -5.196650 14.453557
27.127127 -13.527827 -0.086571 -5.213856 14.498066
27.227227 -13.568800 -0.092784 -5.231038 14.542514
27.327327 -13.609716 -0.098988 -5.248196 14.586903
27.427427 -13.650575 -0.105182 -5.265329 14.631232
27.527528 -13.691377 -0.111368 -5.282439 14.675502
27.627628 -13.732123 -0.117544 -5.299525 14.719714
27.727728 -13.772813 -0.123711 -5.316588 14.763868
27.827828 -13.813449 -0.129870 -5.333627 14.807965
27.927928 -13.854030 -0.136019 -5.350644 14.852005
28.028028 -13.894551 -0.142159 -5.367635 14.895981
28.128128 -13.935010 -0.148290 -5.384600 14.939893
28.228228 -13.975408 -0.154412 -5.401540 14.983742
28.328328 -14.015749 -0.160525 -5.418456 15.027530
28.428428 -14.056033 -0.166629 -5.435348 15.071259
28.528529 -14.096259 -0.172724 -5.452215 15.114927
28.628629 -14.136426 -0.178810 -5.469058 15.158532
28.728729 -14.176535 -0.184887 -5.485876 15.202078
28.828829 -14.216593 -0.190955 -5.502673 15.245569
28.928929 -14.256601 -0.197014 -5.519448 15.289009
29.029029 -14.296560 -0.203064 -5.536203 15.332397
29.129129 -14.336472 -0.209106 -5.552937 15.375736
29.229229 -14.376335 -0.215138 -5.569651 15.419024
29.329329 -14.416153 -0.221162 -5.586345 15.462265
29.429429 -14.455926 -0.227177 -5.603020 15.505459
29.529530 -14.495657 -0.233183 -5.619676 15.548608
29.629630 -14.535345 -0.239180 -5.636315 15.591713
29.729730 -14.574993 -0.245169 -5.652935 15.634775
29.829830 -14.614600 -0.251149 -5.669538 15.677795
29.929930 -14.654164 -0.257121 -5.686123 15.720771
30.030030 -14.693688 -0.263083 -5.702690 15.763704
30.130130 -14.733175 -0.269038 -5.719240 15.806598
30.230230 -14.772626 -0.274983 -5.735775 15.849454
30.330330 -14.812042 -0.280920 -5.752295 15.892275
30.430430 -14.851426 -0.286849 -5.768800 15.935062
30.530531 -14.890776 -0.292769 -5.785291 15.977813
30.630631 -14.930089 -0.298681 -5.801765 16.020526
30.730731 -14.969367 -0.304584 -5.818224 16.063201
30.830831 -15.008612 -0.310479 -5.834668 16.105843
30.930931 -15.047828 -0.316366 -5.851099 16.148455
31.031031 -15.087019 -0.322244 -5.867518 16.191039
31.131131 -15.126188 -0.328115 -5.883927 16.233602
31.231231 -15.165339 -0.333977 -5.900328 16.276146
31.331331 -15.204471 -0.339831 -5.916719 16.318670
31.431431 -15.243583 -0.345677 -5.933101 16.361173
31.531532 -15.282672 -0.351515 -5.949472 16.403653
31.631632 -15.321738 -0.357345 -5.965832 16.446109
31.731732 -15.360783 -0.363167 -5.982182 16.488543
31.831832 -15.399807 -0.368982 -5.998522 16.530955
31.931932 -15.438812 -0.374788 -6.014854 16.573347
32.032032 -15.477799 -0.380586 -6.031176 16.615721
32.132132 -15.516767 -0.386376 -6.047490 16.658076
32.232232 -15.555716 -0.392159 -6.063794 16.700410
32.332332 -15.594646 -0.397934 -6.080089 16.742724
32.432432 -15.633555 -0.403701 -6.096374 16.785017
32.532533 -15.672442 -0.409460 -6.112649 16.827287
32.632633 -15.711306 -0.415211 -6.128913 16.869532
32.732733 -15.750145 -0.420954 -6.145166 16.911751
32.832833 -15.788958 -0.426689 -6.161407 16.953944
32.932933 -15.827746 -0.432416 -6.177636 16.996109
33.033033 -15.866509 -0.438136 -6.193854 17.038248
33.133133 -15.905245 -0.443847 -6.210060 17.080359
33.233233 -15.943951 -0.449551 -6.226253 17.122439
33.333333 -15.982626 -0.455246 -6.242431 17.164485
33.433433 -16.021268 -0.460933 -6.258595 17.206496
33.533534 -16.059875 -0.466613 -6.274744 17.248470
33.633634 -16.098448 -0.472284 -6.290878 17.290408
33.733734 -16.136984 -0.477947 -6.306996 17.332308
33.833834 -16.175481 -0.483602 -6.323096 17.374165
33.933934 -16.213937 -0.489249 -6.339179 17.415978
34.034034 -16.252353 -0.494887 -6.355246 17.457750
34.134134 -16.290733 -0.500518 -6.371296 17.499483
34.234234 -16.329077 -0.506140 -6.387330 17.541177
34.334334 -16.367385 -0.511755 -6.403349 17.582834
34.434434 -16.405657 -0.517361 -6.419352 17.624453
34.534535 -16.443891 -0.522959 -6.435339 17.666030
34.634635 -16.482084 -0.528550 -6.451308 17.707565
34.734735 -16.520238 -0.534132 -6.467260 17.749057
34.834835 -16.558352 -0.539706 -6.483195 17.790506
34.934935 -16.596425 -0.545272 -6.499112 17.831912
35.035035 -16.634457 -0.550829 -6.515012 17.873275
35.135135 -16.672448 -0.556379 -6.530894 17.914593
35.235235 -16.710393 -0.561920 -6.546756 17.955863
35.335335 -16.748292 -0.567454 -6.562599 17.997083
35.435435 -16.786145 -0.572978 -6.578422 18.038254
35.535536 -16.823953 -0.578495 -6.594227 18.079377
35.635636 -16.861721 -0.584004 -6.610013 18.120458
35.735736 -16.899450 -0.589505 -6.625783 18.161496
35.835836 -16.937138 -0.594997 -6.641535 18.202490
35.935936 -16.974785 -0.600482 -6.657270 18.243441
36.036036 -17.012391 -0.605959 -6.672988 18.284349
36.136136 -17.049960 -0.611427 -6.688689 18.325216
36.236236 -17.087492 -0.616888 -6.704373 18.366043
36.336336 -17.124985 -0.622341 -6.720042 18.406830
36.436436 -17.162440 -0.627787 -6.735693 18.447575
36.536537 -17.199856 -0.633224 -6.751329 18.488279
36.636637 -17.237236 -0.638653 -6.766948 18.528944
36.736737 -17.274579 -0.644075 -6.782551 18.569569
36.836837 -17.311885 -0.649489 -6.798139 18.610155
36.936937 -17.349153 -0.654895 -6.813709 18.650700
37.037037 -17.386382 -0.660294 -6.829263 18.691204
37.137137 -17.423571 -0.665684 -6.844800 18.731664
37.237237 -17.460719 -0.671067 -6.860320 18.772081
37.337337 -17.497826 -0.676441 -6.875822 18.812454
37.437437 -17.534893 -0.681808 -6.891306 18.852783
37.537538 -17.571916 -0.687167 -6.906772 18.893066
37.637638 -17.608895 -0.692518 -6.922219 18.933301
37.737738 -17.645831 -0.697861 -6.937648 18.973490
37.837838 -17.682724 -0.703196 -6.953058 19.013632
37.937938 -17.719572 -0.708523 -6.968449 19.053727
38.038038 -17.756375 -0.713842 -6.983821 19.093773
38.138138 -17.793132 -0.719153 -6.999174 19.133770
38.238238 -17.829842 -0.724456 -7.014506 19.173716
38.338338 -17.866505 -0.729751 -7.029819 19.213612
38.438438 -17.903120 -0.735038 -7.045111 19.253456
38.538539 -17.939685 -0.740317 -7.060382 19.293247
38.638639 -17.976201 -0.745587 -7.075633 19.332984
38.738739 -18.012666 -0.750850 -7.090862 19.372667
38.838839 -18.049081 -0.756104 -7.106070 19.412296
38.938939 -18.085448 -0.761351 -7.121258 19.451874
39.039039 -18.121770 -0.766589 -7.136426 19.491403
39.139139 -18.158048 -0.771820 -7.151576 19.530884
39.239239 -18.194281 -0.777043 -7.166707 19.570318
39.339339 -18.230471 -0.782258 -7.181819 19.609705
39.439439 -18.266617 -0.787465 -7.196913 19.649044
39.539540 -18.302721 -0.792664 -7.211988 19.688338
39.639640 -18.338783 -0.797856 -7.227046 19.727588
39.739740 -18.374803 -0.803040 -7.242086 19.766792
39.839840 -18.410779 -0.808216 -7.257107 19.805948
39.939940 -18.446712 -0.813385 -7.272110 19.845059
40.040040 -18.482606 -0.818546 -7.287096 19.884127
40.140140 -18.518460 -0.823699 -7.302065 19.923152
40.240240 -18.554273 -0.828845 -7.317017 19.962133
40.340340 -18.590045 -0.833983 -7.331951 20.001070
40.440440 -18.625774 -0.839114 -7.346866 20.039960
40.540541 -18.661460 -0.844237 -7.361764 20.078805
40.640641 -18.697102 -0.849352 -7.376643 20.117601
40.740741 -18.732700 -0.854459 -7.391502 20.156350
40.840841 -18.768251 -0.859559 -7.406343 20.195049
40.940941 -18.803753 -0.864651 -7.421162 20.233694
41.041041 -18.839205 -0.869734 -7.435960 20.272286
41.141141 -18.874608 -0.874810 -7.450738 20.310825
41.241241 -18.909964 -0.879878 -7.465496 20.349313
41.341341 -18.945272 -0.884939 -7.480233 20.387750
41.441441 -18.980532 -0.889991 -7.494951 20.426134
41.541542 -19.015744 -0.895035 -7.509648 20.464467
41.641642 -19.050908 -0.900072 -7.524325 20.502748
41.741742 -19.086022 -0.905101 -7.538981 20.540976
41.841842 -19.121086 -0.910122 -7.553615 20.579149
41.941942 -19.156099 -0.915135 -7.568228 20.617267
42.042042 -19.191061 -0.920140 -7.582820 20.655330
42.142142 -19.225972 -0.925137 -7.597391 20.693338
42.242242 -19.260831 -0.930126 -7.611939 20.731289
42.342342 -19.295636 -0.935107 -7.626465 20.769183
42.442442 -19.330387 -0.940080 -7.640969 20.807018
42.542543 -19.365084 -0.945045 -7.655450 20.844796
42.642643 -19.399728 -0.950002 -7.669908 20.882515
42.742743 -19.434319 -0.954951 -7.684345 20.920178
42.842843 -19.468860 -0.959892 -7.698760 20.957786
42.942943 -19.503350 -0.964826 -7.713154 20.995340
43.043043 -19.537790 -0.969751 -7.727527 21.032840
43.143143 -19.572180 -0.974669 -7.741879 21.070285
43.243243 -19.606520 -0.979579 -7.756209 21.107676
43.343343 -19.640808 -0.984481 -7.770518 21.145011
43.443443 -19.675045 -0.989375 -7.784806 21.182291
43.543544 -19.709234 -0.994261 -7.799073 21.219519
43.643644 -19.743377 -0.999140 -7.813321 21.256698
43.743744 -19.777474 -1.004011 -7.827550 21.293827
43.843844 -19.811525 -1.008875 -7.841759 21.330906
43.943944 -19.845529 -1.013731 -7.855948 21.367934
44.044044 -19.879485 -1.018580 -7.870118 21.404911
44.144144 -19.913395 -1.023421 -7.884267 21.441837
44.244244 -19.947260 -1.028254 -7.898398 21.478715
44.344344 -19.981079 -1.033080 -7.912509 21.515543
44.444444 -20.014852 -1.037899 -7.926601 21.552321
44.544545 -20.048579 -1.042710 -7.940673 21.589050
44.644645 -20.082260 -1.047513 -7.954726 21.625728
44.744745 -20.115896 -1.052309 -7.968760 21.662358
44.844845 -20.149489 -1.057098 -7.982776 21.698941
44.944945 -20.183038 -1.061879 -7.996773 21.735477
45.045045 -20.216543 -1.066653 -8.010752 21.771966
45.145145 -20.250006 -1.071420 -8.024712 21.808409
45.245245 -20.283425 -1.076179 -8.038654 21.844804
45.345345 -20.316799 -1.080931 -8.052577 21.881150
45.445445 -20.350126 -1.085676 -8.066481 21.917446
45.545546 -20.383406 -1.090413 -8.080364 21.953691
45.645646 -20.416640 -1.095142 -8.094228 21.989885
45.745746 -20.449827 -1.099864 -8.108073 22.026030
45.845846 -20.482969 -1.104579 -8.121898 22.062125
45.945946 -20.516067 -1.109286 -8.135704 22.098172
46.046046 -20.549119 -1.113986 -8.149492 22.134170
46.146146 -20.582125 -1.118679 -8.163260 22.170118
46.246246 -20.615085 -1.123364 -8.177008 22.206016
46.346346 -20.647999 -1.128042 -8.190737 22.241864
46.446446 -20.680865 -1.132712 -8.204447 22.277661
46.546547 -20.713685 -1.137375 -8.218136 22.313407
46.646647 -20.746458 -1.142031 -8.231806 22.349103
46.746747 -20.779183 -1.146679 -8.245456 22.384746
46.846847 -20.811860 -1.151319 -8.259085 22.420337
46.946947 -20.844488 -1.155953 -8.272694 22.455876
47.047047 -20.877070 -1.160578 -8.286283 22.491364
47.147147 -20.909603 -1.165197 -8.299852 22.526800
47.247247 -20.942087 -1.169808 -8.313401 22.562183
47.347347 -20.974522 -1.174411 -8.326929 22.597512
47.447447 -21.006907 -1.179007 -8.340436 22.632788
47.547548 -21.039242 -1.183595 -8.353922 22.668008
47.647648 -21.071525 -1.188176 -8.367386 22.703173
47.747748 -21.103756 -1.192749 -8.380828 22.738281
47.847848 -21.135931 -1.197314 -8.394248 22.773330
47.947948 -21.168051 -1.201871 -8.407644 22.808317
48.048048 -21.200113 -1.206421 -8.421016 22.843243
48.148148 -21.232119 -1.210963 -8.434365 22.878108
48.248248 -21.264071 -1.215497 -8.447691 22.912914
48.348348 -21.295970 -1.220023 -8.460995 22.947663
48.448448 -21.327819 -1.224542 -8.474278 22.982358
48.548549 -21.359620 -1.229053 -8.487541 23.017000
48.648649 -21.391373 -1.233557 -8.500784 23.051590
48.748749 -21.423078 -1.238054 -8.514007 23.086129
48.848849 -21.454736 -1.242544 -8.527210 23.120617
48.948949 -21.486348 -1.247026 -8.540393 23.155054
49.049049 -21.517915 -1.251501 -8.553558 23.189443
49.149149 -21.549437 -1.255969 -8.566704 23.223783
49.249249 -21.580913 -1.260430 -8.579830 23.258074
49.349349 -21.612344 -1.264884 -8.592937 23.292314
49.449449 -21.643727 -1.269331 -8.606025 23.326504
49.549550 -21.675063 -1.273770 -8.619092 23.360642
49.649650 -21.706350 -1.278202 -8.632140 23.394727
49.749750 -21.737589 -1.282626 -8.645166 23.428760
49.849850 -21.768781 -1.287044 -8.658174 23.462742
49.949950 -21.799926 -1.291454 -8.671161 23.496673
50.050050 -21.831023 -1.295857 -8.684128 23.530552
50.150150 -21.862069 -1.300253 -8.697075 23.564377
50.250250 -21.893065 -1.304641 -8.710000 23.598146
50.350350 -21.924011 -1.309022 -8.722904 23.631861
50.450450 -21.954907 -1.313395 -8.735787 23.665522
50.550551 -21.985755 -1.317762 -8.748650 23.699130
50.650651 -22.016554 -1.322121 -8.761493 23.732686
50.750751 -22.047304 -1.326472 -8.774316 23.766190
50.850851 -22.078007 -1.330817 -8.787118 23.799641
50.950951 -22.108662 -1.335154 -8.799900 23.833040
51.051051 -22.139269 -1.339485 -8.812663 23.866388
51.151151 -22.169829 -1.343808 -8.825405 23.899684
51.251251 -22.200339 -1.348123 -8.838127 23.932926
51.351351 -22.230798 -1.352432 -8.850827 23.966113
51.451451 -22.261208 -1.356733 -8.863507 23.999247
51.551552 -22.291571 -1.361027 -8.876167 24.032330
51.651652 -22.321888 -1.365314 -8.888808 24.065362
51.751752 -22.352158 -1.369594 -8.901429 24.098344
51.851852 -22.382381 -1.373867 -8.914031 24.131275
51.951952 -22.412560 -1.378133 -8.926613 24.164158
52.052052 -22.442695 -1.382392 -8.939178 24.196993
52.152152 -22.472788 -1.386644 -8.951724 24.229782
52.252252 -22.502840 -1.390890 -8.964254 24.262528
52.352352 -22.532852 -1.395129 -8.976767 24.295229
52.452452 -22.562824 -1.399362 -8.989262 24.327887
52.552553 -22.592756 -1.403587 -9.001741 24.360502
52.652653 -22.622651 -1.407807 -9.014204 24.393075
52.752753 -22.652507 -1.412020 -9.026650 24.425607
52.852853 -22.682325 -1.416226 -9.039081 24.458098
52.952953 -22.712105 -1.420426 -9.051495 24.490547
53.053053 -22.741847 -1.424620 -9.063893 24.522955
53.153153 -22.771553 -1.428807 -9.076276 24.555323
53.253253 -22.801222 -1.432987 -9.088643 24.587651
53.353353 -22.830854 -1.437162 -9.100995 24.619940
53.453453 -22.860450 -1.441330 -9.113331 24.652189
53.553554 -22.890009 -1.445492 -9.125652 24.684397
53.653654 -22.919529 -1.449647 -9.137956 24.716563
53.753754 -22.949009 -1.453796 -9.150243 24.748687
53.853854 -22.978452 -1.457938 -9.162514 24.780769
53.953954 -23.007858 -1.462075 -9.174770 24.812812
54.054054 -23.037229 -1.466205 -9.187011 24.844816
54.154154 -23.066563 -1.470328 -9.199237 24.876779
54.254254 -23.095860 -1.474445 -9.211446 24.908703
54.354354 -23.125122 -1.478557 -9.223641 24.940588
54.454454 -23.154348 -1.482661 -9.235820 24.972434
54.554555 -23.183538 -1.486760 -9.247984 25.004242
54.654655 -23.212694 -1.490853 -9.260134 25.036012
54.754755 -23.241815 -1.494939 -9.272269 25.067743
54.854855 -23.270902 -1.499020 -9.284389 25.099438
54.954955 -23.299955 -1.503094 -9.296495 25.131097
55.055055 -23.328975 -1.507162 -9.308587 25.162719
55.155155 -23.357961 -1.511225 -9.320664 25.194304
55.255255 -23.386915 -1.515281 -9.332728 25.225853
55.355355 -23.415836 -1.519331 -9.344777 25.257367
55.455455 -23.444724 -1.523376 -9.356813 25.288845
55.555556 -23.473577 -1.527414 -9.368834 25.320286
55.655656 -23.502395 -1.531446 -9.380839 25.351687
55.755756 -23.531176 -1.535472 -9.392830 25.383049
55.855856 -23.559919 -1.539492 -9.404803 25.414369
55.955956 -23.588624 -1.543505 -9.416762 25.445647
56.056056 -23.617291 -1.547513 -9.428704 25.476886
56.156156 -23.645921 -1.551514 -9.440630 25.508082
56.256256 -23.674511 -1.555508 -9.452539 25.539236
56.356356 -23.703060 -1.559497 -9.464432 25.570345
56.456456 -23.731568 -1.563479 -9.476307 25.601410
56.556557 -23.760035 -1.567454 -9.488165 25.632430
56.656657 -23.788461 -1.571423 -9.500005 25.663405
56.756757 -23.816849 -1.575386 -9.511829 25.694338
56.856857 -23.845197 -1.579342 -9.523637 25.725229
56.956957 -23.873506 -1.583292 -9.535428 25.756077
57.057057 -23.901777 -1.587236 -9.547204 25.786884
57.157157 -23.930010 -1.591174 -9.558963 25.817649
57.257257 -23.958207 -1.595106 -9.570707 25.848375
57.357357 -23.986367 -1.599031 -9.582435 25.879060
57.457457 -24.014491 -1.602951 -9.594148 25.909706
57.557558 -24.042578 -1.606864 -9.605845 25.940312
57.657658 -24.070628 -1.610772 -9.617527 25.970879
57.757758 -24.098641 -1.614673 -9.629194 26.001405
57.857858 -24.126619 -1.618569 -9.640845 26.031892
57.957958 -24.154562 -1.622458 -9.652481 26.062341
58.058058 -24.182468 -1.626341 -9.664102 26.092750
58.158158 -24.210339 -1.630219 -9.675708 26.123121
58.258258 -24.238176 -1.634090 -9.687300 26.153455
58.358358 -24.265980 -1.637956 -9.698877 26.183753
58.458458 -24.293750 -1.641816 -9.710441 26.214014
58.558559 -24.321488 -1.645670 -9.721990 26.244239
58.658659 -24.349192 -1.649519 -9.733525 26.274428
58.758759 -24.376863 -1.653362 -9.745047 26.304581
58.858859 -24.404500 -1.657199 -9.756553 26.334697
58.958959 -24.432103 -1.661030 -9.768046 26.364776
59.059059 -24.459671 -1.664855 -9.779523 26.394817
59.159159 -24.487204 -1.668674 -9.790986 26.424819
59.259259 -24.514702 -1.672488 -9.802434 26.454783
59.359359 -24.542165 -1.676295 -9.813867 26.484710
59.459459 -24.569595 -1.680097 -9.825286 26.514599
59.559560 -24.596991 -1.683893 -9.836691 26.544452
59.659660 -24.624352 -1.687684 -9.848081 26.574268
59.759760 -24.651678 -1.691468 -9.859456 26.604044
59.859860 -24.678967 -1.695247 -9.870816 26.633781
59.959960 -24.706218 -1.699019 -9.882159 26.663476
60.060060 -24.733431 -1.702786 -9.893487 26.693130
60.160160 -24.760607 -1.706546 -9.904799 26.722743
60.260260 -24.787747 -1.710301 -9.916095 26.752317
60.360360 -24.814851 -1.714050 -9.927377 26.781852
60.460460 -24.841919 -1.717793 -9.938643 26.811348
60.560561 -24.868950 -1.721530 -9.949894 26.840803
60.660661 -24.895944 -1.725261 -9.961129 26.870219
60.760761 -24.922903 -1.728986 -9.972349 26.899595
60.860861 -24.949824 -1.732706 -9.983554 26.928931
60.960961 -24.976709 -1.736419 -9.994743 26.958227
61.061061 -25.003555 -1.740127 -10.005916 26.987482
61.161161 -25.030363 -1.743828 -10.017073 27.016694
61.261261 -25.057133 -1.747524 -10.028214 27.045866
61.361361 -25.083865 -1.751214 -10.039339 27.074995
61.461461 -25.110556 -1.754897 -10.050447 27.104081
61.561562 -25.137207 -1.758575 -10.061538 27.133122
61.661662 -25.163817 -1.762246 -10.072611 27.162119
61.761762 -25.190388 -1.765911 -10.083669 27.191073
61.861862 -25.216920 -1.769571 -10.094710 27.219985
61.961962 -25.243413 -1.773224 -10.105735 27.248855
62.062062 -25.269871 -1.776872 -10.116744 27.277686
62.162162 -25.296292 -1.780514 -10.127739 27.306477
62.262262 -25.322675 -1.784150 -10.138717 27.335227
62.362362 -25.349021 -1.787780 -10.149680 27.363937
62.462462 -25.375329 -1.791404 -10.160627 27.392605
62.562563 -25.401600 -1.795022 -10.171558 27.421232
62.662663 -25.427834 -1.798635 -10.182474 27.449820
62.762763 -25.454032 -1.802242 -10.193374 27.478368
62.862863 -25.480194 -1.805843 -10.204260 27.506877
62.962963 -25.506321 -1.809439 -10.215130 27.535347
63.063063 -25.532412 -1.813029 -10.225986 27.563779
63.163163 -25.558468 -1.816613 -10.236827 27.592173
63.263263 -25.584490 -1.820191 -10.247653 27.620529
63.363363 -25.610478 -1.823764 -10.258465 27.648848
63.463463 -25.636431 -1.827332 -10.269262 27.677129
63.563564 -25.662349 -1.830894 -10.280045 27.705372
63.663664 -25.688233 -1.834450 -10.290813 27.733578
63.763764 -25.714083 -1.838001 -10.301567 27.761747
63.863864 -25.739899 -1.841546 -10.312307 27.789878
63.963964 -25.765681 -1.845086 -10.323032 27.817973
64.064064 -25.791430 -1.848620 -10.333743 27.846032
64.164164 -25.817146 -1.852149 -10.344440 27.874055
64.264264 -25.842828 -1.855672 -10.355123 27.902041
64.364364 -25.868476 -1.859190 -10.365792 27.929989
64.464464 -25.894089 -1.862703 -10.376446 27.957899
64.564565 -25.919667 -1.866209 -10.387085 27.985771
64.664665 -25.945208 -1.869710 -10.397709 28.013603
64.764765 -25.970713 -1.873206 -10.408317 28.041396
64.864865 -25.996183 -1.876696 -10.418911 28.069151
64.964965 -26.021619 -1.880180 -10.429490 28.096868
65.065065 -26.047020 -1.883659 -10.440055 28.124548
65.165165 -26.072388 -1.887133 -10.450606 28.152191
65.265265 -26.097720 -1.890600 -10.461141 28.179795
65.365365 -26.123014 -1.894063 -10.471661 28.207358
65.465465 -26.148271 -1.897519 -10.482165 28.234880
65.565566 -26.173490 -1.900970 -10.492653 28.262361
65.665666 -26.198672 -1.904415 -10.503126 28.289801
65.765766 -26.223816 -1.907855 -10.513583 28.317201
65.865866 -26.248923 -1.911288 -10.524024 28.344559
65.965966 -26.273992 -1.914716 -10.534449 28.371877
66.066066 -26.299023 -1.918139 -10.544859 28.399154
66.166166 -26.324018 -1.921556 -10.555253 28.426390
66.266266 -26.348976 -1.924967 -10.565632 28.453587
66.366366 -26.373897 -1.928372 -10.575995 28.480743
66.466466 -26.398781 -1.931773 -10.586343 28.507860
66.566567 -26.423630 -1.935167 -10.596676 28.534937
66.666667 -26.448443 -1.938556 -10.606994 28.561976
66.766767 -26.473222 -1.941940 -10.617298 28.588977
66.866867 -26.497966 -1.945318 -10.627587 28.615941
66.966967 -26.522676 -1.948691 -10.637861 28.642867
67.067067 -26.547352 -1.952058 -10.648122 28.669757
67.167167 -26.571995 -1.955421 -10.658368 28.696609
67.267267 -26.596603 -1.958777 -10.668600 28.723425
67.367367 -26.621178 -1.962129 -10.678817 28.750203
67.467467 -26.645719 -1.965475 -10.689021 28.776946
67.567568 -26.670227 -1.968816 -10.699210 28.803651
67.667668 -26.694701 -1.972152 -10.709386 28.830321
67.767768 -26.719144 -1.975482 -10.719548 28.856956
67.867868 -26.743556 -1.978807 -10.729697 28.883557
67.967968 -26.767938 -1.982128 -10.739834 28.910126
68.068068 -26.792290 -1.985443 -10.749957 28.936661
68.168168 -26.816611 -1.988754 -10.760068 28.963163
68.268268 -26.840902 -1.992059 -10.770166 28.989632
68.368368 -26.865164 -1.995359 -10.780252 29.016070
68.468468 -26.889397 -1.998655 -10.790325 29.042476
68.568569 -26.913601 -2.001945 -10.800386 29.068850
68.668669 -26.937776 -2.005231 -10.810435 29.095193
68.768769 -26.961923 -2.008512 -10.820472 29.121505
68.868869 -26.986045 -2.011788 -10.830498 29.147789
68.968969 -27.010141 -2.015059 -10.840514 29.174045
69.069069 -27.034210 -2.018326 -10.850517 29.200272
69.169169 -27.058253 -2.021588 -10.860510 29.226470
69.269269 -27.082270 -2.024846 -10.870492 29.252640
69.369369 -27.106263 -2.028099 -10.880463 29.278783
69.469469 -27.130230 -2.031347 -10.890424 29.304899
69.569570 -27.154173 -2.034591 -10.900373 29.330987
69.669670 -27.178090 -2.037830 -10.910312 29.357047
69.769770 -27.201981 -2.041065 -10.920241 29.383080
69.869870 -27.225847 -2.044295 -10.930158 29.409085
69.969970 -27.249687 -2.047521 -10.940064 29.435061
70.070070 -27.273503 -2.050742 -10.949960 29.461010
70.170170 -27.297293 -2.053958 -10.959845 29.486932
70.270270 -27.321059 -2.057170 -10.969719 29.512827
70.370370 -27.344799 -2.060377 -10.979583 29.538693
70.470470 -27.368513 -2.063580 -10.989435 29.564532
70.570571 -27.392200 -2.066778 -10.999276 29.590341
70.670671 -27.415859 -2.069972 -11.009106 29.616120
70.770771 -27.439491 -2.073160 -11.018923 29.641868
70.870871 -27.463095 -2.076344 -11.028729 29.667586
70.970971 -27.486673 -2.079524 -11.038524 29.693276
71.071071 -27.510223 -2.082698 -11.048307 29.718935
71.171171 -27.533745 -2.085868 -11.058078 29.744563
71.271271 -27.557240 -2.089034 -11.067838 29.770162
71.371371 -27.580707 -2.092194 -11.077586 29.795731
71.471471 -27.604147 -2.095351 -11.087322 29.821270
71.571572 -27.627560 -2.098502 -11.097047 29.846780
71.671672 -27.650947 -2.101649 -11.106761 29.872260
71.771772 -27.674305 -2.104791 -11.116463 29.897710
71.871872 -27.697637 -2.107929 -11.126153 29.923130
71.971972 -27.720941 -2.111062 -11.135832 29.948521
72.072072 -27.744218 -2.114190 -11.145499 29.973882
72.172172 -27.767466 -2.117314 -11.155154 29.999211
72.272272 -27.790685 -2.120433 -11.164797 30.024509
72.372372 -27.813874 -2.123547 -11.174428 30.049773
72.472472 -27.837032 -2.126656 -11.184045 30.075004
72.572573 -27.860160 -2.129761 -11.193649 30.100202
72.672673 -27.883256 -2.132860 -11.203241 30.125366
72.772773 -27.906322 -2.135955 -11.212819 30.150496
72.872873 -27.929355 -2.139045 -11.222383 30.175591
72.972973 -27.952356 -2.142129 -11.231935 30.200651
73.073073 -27.975327 -2.145209 -11.241473 30.225677
73.173173 -27.998267 -2.148285 -11.250999 30.250670
73.273273 -28.021178 -2.151355 -11.260512 30.275632
73.373373 -28.044061 -2.154421 -11.270014 30.300563
73.473473 -28.066916 -2.157482 -11.279504 30.325463
73.573574 -28.089746 -2.160539 -11.288982 30.350335
73.673674 -28.112548 -2.163592 -11.298450 30.375178
73.773774 -28.135323 -2.166640 -11.307906 30.399991
73.873874 -28.158072 -2.169683 -11.317350 30.424776
73.973974 -28.180795 -2.172722 -11.326784 30.449531
74.074074 -28.203491 -2.175756 -11.336207 30.474258
74.174174 -28.226162 -2.178787 -11.345618 30.498958
74.274274 -28.248808 -2.181813 -11.355019 30.523629
74.374374 -28.271430 -2.184834 -11.364410 30.548275
74.474474 -28.294027 -2.187851 -11.373791 30.572893
74.574575 -28.316600 -2.190864 -11.383161 30.597485
74.674675 -28.339148 -2.193873 -11.392520 30.622050
74.774775 -28.361673 -2.196878 -11.401870 30.646588
74.874875 -28.384173 -2.199878 -11.411209 30.671101
74.974975 -28.406649 -2.202874 -11.420538 30.695586
75.075075 -28.429097 -2.205866 -11.429855 30.720043
75.175175 -28.451518 -2.208853 -11.439161 30.744468
75.275275 -28.473910 -2.211835 -11.448454 30.768862
75.375375 -28.496274 -2.214813 -11.457736 30.793225
75.475475 -28.518609 -2.217787 -11.467006 30.817558
75.575576 -28.540918 -2.220756 -11.476264 30.841861
75.675676 -28.563200 -2.223720 -11.485511 30.866135
75.775776 -28.585455 -2.226680 -11.494747 30.890379
75.875876 -28.607684 -2.229636 -11.503971 30.914595
75.975976 -28.629888 -2.232588 -11.513186 30.938784
76.076076 -28.652068 -2.235535 -11.522389 30.962947
76.176176 -28.674224 -2.238479 -11.531583 30.987083
76.276276 -28.696355 -2.241418 -11.540766 31.011192
76.376376 -28.718464 -2.244353 -11.549940 31.035277
76.476476 -28.740550 -2.247284 -11.559104 31.059337
76.576577 -28.762614 -2.250211 -11.568259 31.083372
76.676677 -28.784657 -2.253134 -11.577404 31.107385
76.776777 -28.806679 -2.256053 -11.586541 31.131374
76.876877 -28.828679 -2.258968 -11.595668 31.155339
76.976977 -28.850657 -2.261879 -11.604786 31.179281
77.077077 -28.872615 -2.264787 -11.613895 31.203200
77.177177 -28.894552 -2.267690 -11.622996 31.227097
77.277277 -28.916469 -2.270590 -11.632088 31.250972
77.377377 -28.938365 -2.273486 -11.641171 31.274824
77.477477 -28.960241 -2.276378 -11.650245 31.298652
77.577578 -28.982094 -2.279266 -11.659309 31.322457
77.677678 -29.003924 -2.282150 -11.668364 31.346237
77.777778 -29.025731 -2.285030 -11.677409 31.369990
77.877878 -29.047513 -2.287906 -11.686443 31.393717
77.977978 -29.069270 -2.290777 -11.695467 31.417416
78.078078 -29.091001 -2.293645 -11.704480 31.441088
78.178178 -29.112708 -2.296508 -11.713483 31.464733
78.278278 -29.134391 -2.299367 -11.722475 31.488351
78.378378 -29.156051 -2.302223 -11.731458 31.511944
78.478478 -29.177687 -2.305074 -11.740431 31.535512
78.578579 -29.199299 -2.307921 -11.749393 31.559053
78.678679 -29.220887 -2.310764 -11.758345 31.582567
78.778779 -29.242451 -2.313603 -11.767287 31.606055
78.878879 -29.263991 -2.316438 -11.776219 31.629517
78.978979 -29.285508 -2.319269 -11.785141 31.652954
79.079079 -29.307001 -2.322096 -11.794054 31.676366
79.179179 -29.328471 -2.324919 -11.802956 31.699752
79.279279 -29.349918 -2.327738 -11.811848 31.723112
79.379379 -29.371342 -2.330553 -11.820731 31.746447
79.479479 -29.392741 -2.333364 -11.829603 31.769755
79.579580 -29.414115 -2.336171 -11.838465 31.793036
79.679680 -29.435465 -2.338974 -11.847317 31.816290
79.779780 -29.456791 -2.341773 -11.856158 31.839518
79.879880 -29.478092 -2.344568 -11.864989 31.862720
79.979980 -29.499367 -2.347359 -11.873809 31.885892
80.080080 -29.520616 -2.350145 -11.882617 31.909035
80.180180 -29.541837 -2.352927 -11.891414 31.932149
80.280280 -29.563030 -2.355705 -11.900200 31.955231
80.380380 -29.584194 -2.358479 -11.908973 31.978283
80.480480 -29.605329 -2.361248 -11.917734 32.001303
80.580581 -29.626436 -2.364013 -11.926484 32.024292
80.680681 -29.647514 -2.366773 -11.935221 32.047249
80.780781 -29.668561 -2.369529 -11.943945 32.070173
80.880881 -29.689577 -2.372280 -11.952656 32.093063
80.980981 -29.710559 -2.375027 -11.961353 32.115915
81.081081 -29.731507 -2.377769 -11.970036 32.138731
81.181181 -29.752421 -2.380506 -11.978705 32.161510
81.281281 -29.773300 -2.383238 -11.987359 32.184251
81.381381 -29.794145 -2.385966 -11.995999 32.206954
81.481481 -29.814955 -2.388688 -12.004624 32.229620
81.581582 -29.835732 -2.391406 -12.013236 32.252249
81.681682 -29.856478 -2.394120 -12.021835 32.274845
81.781782 -29.877192 -2.396829 -12.030420 32.297406
81.881882 -29.897875 -2.399533 -12.038993 32.319932
81.981982 -29.918525 -2.402233 -12.047551 32.342423
82.082082 -29.939142 -2.404929 -12.056096 32.364879
82.182182 -29.959727 -2.407619 -12.064628 32.387299
82.282282 -29.980280 -2.410305 -12.073146 32.409683
82.382382 -30.000800 -2.412987 -12.081651 32.432033
82.482482 -30.021289 -2.415664 -12.090142 32.454349
82.582583 -30.041748 -2.418336 -12.098621 32.476632
82.682683 -30.062176 -2.421005 -12.107087 32.498881
82.782783 -30.082574 -2.423668 -12.115541 32.521097
82.882883 -30.102939 -2.426328 -12.123981 32.543278
82.982983 -30.123273 -2.428982 -12.132407 32.565424
83.083083 -30.143577 -2.431633 -12.140821 32.587538
83.183183 -30.163851 -2.434279 -12.149223 32.609619
83.283283 -30.184096 -2.436920 -12.157613 32.631668
83.383383 -30.204309 -2.439558 -12.165989 32.653683
83.483483 -30.224491 -2.442190 -12.174352 32.675664
83.583584 -30.244641 -2.444819 -12.182702 32.697610
83.683684 -30.264760 -2.447442 -12.191039 32.719522
83.783784 -30.284847 -2.450062 -12.199363 32.741400
83.883884 -30.304905 -2.452677 -12.207675 32.763244
83.983984 -30.324932 -2.455288 -12.215973 32.785057
84.084084 -30.344929 -2.457894 -12.224260 32.806836
84.184184 -30.364896 -2.460496 -12.232533 32.828583
84.284284 -30.384833 -2.463094 -12.240794 32.850296
84.384384 -30.404740 -2.465687 -12.249043 32.871977
84.484484 -30.424618 -2.468276 -12.257279 32.893626
84.584585 -30.444466 -2.470861 -12.265504 32.915244
84.684685 -30.464287 -2.473442 -12.273716 32.936830
84.784785 -30.484079 -2.476018 -12.281916 32.958386
84.884885 -30.503844 -2.478591 -12.290106 32.979912
84.984985 -30.523582 -2.481159 -12.298283 33.001409
85.085085 -30.543293 -2.483724 -12.306450 33.022876
85.185185 -30.562977 -2.486284 -12.314605 33.044314
85.285285 -30.582635 -2.488840 -12.322749 33.065723
85.385385 -30.602267 -2.491393 -12.330883 33.087104
85.485485 -30.621874 -2.493941 -12.339006 33.108458
85.585586 -30.641456 -2.496486 -12.347118 33.129784
85.685686 -30.661013 -2.499027 -12.355220 33.151084
85.785786 -30.680546 -2.501564 -12.363312 33.172356
85.885886 -30.700053 -2.504097 -12.371393 33.193601
85.985986 -30.719536 -2.506626 -12.379464 33.214819
86.086086 -30.738994 -2.509152 -12.387524 33.236009
86.186186 -30.758427 -2.511673 -12.395574 33.257173
86.286286 -30.777837 -2.514191 -12.403614 33.278312
86.386386 -30.797225 -2.516706 -12.411645 33.299426
86.486486 -30.816590 -2.519216 -12.419666 33.320516
86.586587 -30.835933 -2.521723 -12.427678 33.341581
86.686687 -30.855253 -2.524227 -12.435680 33.362621
86.786787 -30.874550 -2.526727 -12.443673 33.383637
86.886887 -30.893825 -2.529223 -12.451656 33.404627
86.986987 -30.913078 -2.531715 -12.459630 33.425594
87.087087 -30.932310 -2.534204 -12.467595 33.446539
87.187187 -30.951522 -2.536690 -12.475551 33.467460
87.287287 -30.970714 -2.539172 -12.483499 33.488360
87.387387 -30.989886 -2.541651 -12.491439 33.509238
87.487487 -31.009038 -2.544127 -12.499370 33.530095
87.587588 -31.028171 -2.546599 -12.507293 33.550930
87.687688 -31.047285 -2.549068 -12.515208 33.571745
87.787788 -31.066381 -2.551534 -12.523115 33.592540
87.887888 -31.085458 -2.553996 -12.531015 33.613315
87.987988 -31.104520 -2.556455 -12.538908 33.634072
88.088088 -31.123565 -2.558912 -12.546793 33.654811
88.188188 -31.142594 -2.561365 -12.554672 33.675534
88.288288 -31.161608 -2.563815 -12.562544 33.696239
88.388388 -31.180607 -2.566263 -12.570410 33.716927
88.488488 -31.199590 -2.568707 -12.578269 33.737598
88.588589 -31.218558 -2.571148 -12.586122 33.758253
88.688689 -31.237511 -2.573587 -12.593968 33.778890
88.788789 -31.256448 -2.576022 -12.601807 33.799511
88.888889 -31.275370 -2.578454 -12.609640 33.820115
88.988989 -31.294276 -2.580884 -12.617466 33.840702
89.089089 -31.313168 -2.583311 -12.625286 33.861273
89.189189 -31.332045 -2.585734 -12.633099 33.881827
89.289289 -31.350907 -2.588155 -12.640906 33.902366
89.389389 -31.369754 -2.590573 -12.648707 33.922887
89.489489 -31.388586 -2.592988 -12.656501 33.943393
89.589590 -31.407404 -2.595400 -12.664289 33.963883
89.689690 -31.426209 -2.597809 -12.672072 33.984358
89.789790 -31.445002 -2.600216 -12.679849 34.004821
89.889890 -31.463782 -2.602620 -12.687621 34.025269
89.989990 -31.482550 -2.605021 -12.695387 34.045704
90.090090 -31.501303 -2.607420 -12.703147 34.066123
90.190190 -31.520043 -2.609816 -12.710901 34.086526
90.290290 -31.538770 -2.612209 -12.718650 34.106915
90.390390 -31.557482 -2.614599 -12.726392 34.127290
90.490490 -31.576182 -2.616986 -12.734129 34.147649
90.590591 -31.594867 -2.619371 -12.741860 34.167992
90.690691 -31.613538 -2.621753 -12.749585 34.188321
90.790791 -31.632194 -2.624132 -12.757303 34.208632
90.890891 -31.650834 -2.626508 -12.765014 34.228927
90.990991 -31.669459 -2.628881 -12.772719 34.249205
91.091091 -31.688069 -2.631251 -12.780417 34.269465
91.191191 -31.706661 -2.633618 -12.788109 34.289708
91.291291 -31.725238 -2.635983 -12.795793 34.309932
91.391391 -31.743798 -2.638344 -12.803470 34.330139
91.491491 -31.762341 -2.640702 -12.811140 34.350326
91.591592 -31.780866 -2.643058 -12.818803 34.370495
91.691692 -31.799376 -2.645410 -12.826458 34.390646
91.791792 -31.817869 -2.647760 -12.834107 34.410779
91.891892 -31.836347 -2.650106 -12.841749 34.430896
91.991992 -31.854811 -2.652450 -12.849385 34.450997
92.092092 -31.873259 -2.654791 -12.857015 34.471080
92.192192 -31.891692 -2.657129 -12.864638 34.491147
92.292292 -31.910109 -2.659464 -12.872254 34.511197
92.392392 -31.928510 -2.661797 -12.879864 34.531230
92.492492 -31.946896 -2.664126 -12.887467 34.551245
92.592593 -31.965266 -2.666453 -12.895063 34.571243
92.692693 -31.983621 -2.668777 -12.902652 34.591225
92.792793 -32.001959 -2.671097 -12.910235 34.611188
92.892893 -32.020281 -2.673415 -12.917811 34.631133
92.992993 -32.038586 -2.675730 -12.925379 34.651060
93.093093 -32.056874 -2.678042 -12.932940 34.670968
93.193193 -32.075143 -2.680351 -12.940494 34.690856
93.293293 -32.093395 -2.682657 -12.948040 34.710724
93.393393 -32.111626 -2.684960 -12.955577 34.730570
93.493493 -32.129838 -2.687260 -12.963106 34.750395
93.593594 -32.148028 -2.689556 -12.970626 34.770197
93.693694 -32.166197 -2.691849 -12.978137 34.789975
93.793794 -32.184345 -2.694138 -12.985639 34.809730
93.893894 -32.202472 -2.696425 -12.993133 34.829462
93.993994 -32.220578 -2.698708 -13.000617 34.849171
94.094094 -32.238662 -2.700988 -13.008093 34.868856
94.194194 -32.256725 -2.703264 -13.015559 34.888518
94.294294 -32.274766 -2.705537 -13.023017 34.908157
94.394394 -32.292786 -2.707807 -13.030465 34.927772
94.494494 -32.310784 -2.710074 -13.037905 34.947363
94.594595 -32.328760 -2.712337 -13.045335 34.966931
94.694695 -32.346715 -2.714597 -13.052756 34.986475
94.794795 -32.364648 -2.716854 -13.060168 35.005995
94.894895 -32.382559 -2.719108 -13.067571 35.025492
94.994995 -32.400449 -2.721358 -13.074965 35.044966
95.095095 -32.418318 -2.723605 -13.082350 35.064416
95.195195 -32.436165 -2.725848 -13.089726 35.083842
95.295295 -32.453990 -2.728088 -13.097093 35.103245
95.395395 -32.471793 -2.730325 -13.104451 35.122623
95.495495 -32.489574 -2.732559 -13.111799 35.141977
95.595596 -32.507331 -2.734789 -13.119137 35.161306
95.695696 -32.525064 -2.737016 -13.126466 35.180608
95.795796 -32.542772 -2.739239 -13.133783 35.199882
95.895896 -32.560453 -2.741459 -13.141090 35.219127
95.995996 -32.578106 -2.743675 -13.148385 35.238342
96.096096 -32.595732 -2.745887 -13.155668 35.257527
96.196196 -32.613331 -2.748095 -13.162941 35.276683
96.296296 -32.630905 -2.750300 -13.170203 35.295812
96.396396 -32.648454 -2.752501 -13.177455 35.314914
96.496496 -32.665979 -2.754699 -13.184696 35.333989
96.596597 -32.683481 -2.756893 -13.191929 35.353039
96.696697 -32.700961 -2.759084 -13.199151 35.372065
96.796797 -32.718417 -2.761272 -13.206364 35.391065
96.896897 -32.735848 -2.763456 -13.213567 35.410038
96.996997 -32.753256 -2.765637 -13.220759 35.428985
97.097097 -32.770638 -2.767814 -13.227941 35.447904
97.197197 -32.787995 -2.769988 -13.235113 35.466797
97.297297 -32.805329 -2.772158 -13.242275 35.485664
97.397397 -32.822641 -2.774325 -13.249427 35.504506
97.497497 -32.839929 -2.776489 -13.256570 35.523323
97.597598 -32.857194 -2.778650 -13.263703 35.542115
97.697698 -32.874436 -2.780807 -13.270826 35.560881
97.797798 -32.891653 -2.782960 -13.277940 35.579621
97.897898 -32.908847 -2.785111 -13.285043 35.598334
97.997998 -32.926014 -2.787257 -13.292135 35.617019
98.098098 -32.943155 -2.789400 -13.299217 35.635675
98.198198 -32.960269 -2.791540 -13.306287 35.654302
98.298298 -32.977356 -2.793675 -13.313346 35.672900
98.398398 -32.994414 -2.795807 -13.320393 35.691467
98.498498 -33.011444 -2.797936 -13.327428 35.710001
98.598599 -33.028442 -2.800060 -13.334451 35.728503
98.698699 -33.045410 -2.802180 -13.341460 35.746971
98.798799 -33.062346 -2.804296 -13.348457 35.765404
98.898899 -33.079250 -2.806408 -13.355440 35.783802
98.998999 -33.096123 -2.808516 -13.362410 35.802166
99.099099 -33.112963 -2.810620 -13.369367 35.820496
99.199199 -33.129772 -2.812720 -13.376311 35.838790
99.299299 -33.146549 -2.814816 -13.383241 35.857050
99.399399 -33.163293 -2.816908 -13.390159 35.875275
99.499499 -33.180005 -2.818996 -13.397062 35.893464
99.599600 -33.196683 -2.821080 -13.403952 35.911617
99.699700 -33.213327 -2.823159 -13.410828 35.929732
99.799800 -33.229937 -2.825234 -13.417690 35.947810
99.899900 -33.246512 -2.827305 -13.424537 35.965850
100.000000 -33.263052 -2.829372 -13.431370 35.983853
