0.000000 0.672047 0.021951 -0.891042 1.116281
0.100100 0.735943 0.032971 -0.811484 1.095995
0.200200 0.795896 0.043809 -0.727679 1.079299
0.300300 0.851377 0.054396 -0.639876 1.066416
0.400400 0.901886 0.064661 -0.548419 1.057517
0.500501 0.947011 0.074535 -0.453765 1.052753
0.600601 0.986421 0.083956 -0.356445 1.052201
0.700701 1.019804 0.092860 -0.257017 1.055784
0.800801 1.046981 0.101195 -0.156088 1.063379
0.900901 1.067960 0.108928 -0.054297 1.074873
1.001001 1.082824 0.116035 0.047746 1.090070
1.101101 1.091772 0.122504 0.149470 1.108744
1.201201 1.095125 0.128342 0.250372 1.130688
1.301301 1.093233 0.133562 0.350017 1.155642
1.401401 1.086410 0.138177 0.448025 1.183260
1.501502 1.075022 0.142208 0.544091 1.213232
1.601602 1.059442 0.145681 0.637975 1.245252
1.701702 1.040044 0.148626 0.729500 1.279043
1.801802 1.017289 0.151087 0.818608 1.314467
1.901902 0.991634 0.153115 0.905318 1.351438
2.002002 0.963451 0.154748 0.989652 1.389819
2.102102 0.933015 0.156016 1.071598 1.429399
2.202202 0.900549 0.156940 1.151137 1.469944
2.302302 0.866269 0.157544 1.228278 1.511260
2.402402 0.830403 0.157854 1.303087 1.553229
2.502503 0.793162 0.157899 1.375651 1.595761
2.602603 0.754737 0.157703 1.446070 1.638785
2.702703 0.715279 0.157285 1.514407 1.682199
2.802803 0.674919 0.156664 1.580733 1.725913
2.902903 0.633808 0.155862 1.645186 1.769927
3.003003 0.592072 0.154899 1.707895 1.814235
3.103103 0.549809 0.153792 1.768954 1.858801
3.203203 0.507092 0.152550 1.828404 1.903543
3.303303 0.463994 0.151185 1.886328 1.948430
3.403403 0.420589 0.149710 1.942832 1.993465
3.503504 0.376933 0.148136 1.997987 2.038621
3.603604 0.333073 0.146469 2.051838 2.083850
3.703704 0.289046 0.144716 2.104415 2.129097
3.803804 0.244887 0.142881 2.155745 2.174309
3.903904 0.200626 0.140968 2.205838 2.219424
4.004004 0.156292 0.138982 2.254713 2.264393
4.104104 0.111914 0.136926 2.302400 2.309182
4.204204 0.067518 0.134808 2.348981 2.353815
4.304304 0.023129 0.132635 2.394551 2.398333
4.404404 -0.021233 0.130415 2.439182 2.442758
4.504505 -0.065552 0.128152 2.482955 2.487124
4.604605 -0.109815 0.125852 2.525934 2.531450
4.704705 -0.154012 0.123519 2.568174 2.575751
4.804805 -0.198132 0.121156 2.609704 2.620017
4.904905 -0.242164 0.118763 2.650534 2.664222
5.005005 -0.286103 0.116344 2.690693 2.708361
5.105105 -0.329940 0.113900 2.730219 2.752441
5.205205 -0.373672 0.111435 2.769136 2.796455
5.305305 -0.417291 0.108950 2.807467 2.840400
5.405405 -0.460797 0.106447 2.845243 2.884280
5.505506 -0.504183 0.103926 2.882481 2.928087
5.605606 -0.547445 0.101391 2.919195 2.971813
5.705706 -0.590586 0.098841 2.955425 3.015477
5.805806 -0.633608 0.096280 2.991213 3.059098
5.905906 -0.676507 0.093709 3.026569 3.102670
6.006006 -0.719278 0.091127 3.061491 3.146171
6.106106 -0.761917 0.088535 3.095977 3.189581
6.206206 -0.804417 0.085935 3.130026 3.232883
6.306306 -0.846785 0.083326 3.163671 3.276096
6.406406 -0.889018 0.080710 3.196930 3.319221
6.506507 -0.931115 0.078087 3.229800 3.362243
6.606607 -0.973072 0.075458 3.262289 3.405157
6.706707 -1.014891 0.072824 3.294413 3.447966
6.806807 -1.056575 0.070185 3.326191 3.490677
6.906907 -1.098123 0.067542 3.357634 3.533290
7.007007 -1.139536 0.064896 3.388747 3.575802
7.107107 -1.180816 0.062247 3.419552 3.618223
7.207207 -1.221970 0.059595 3.450074 3.660570
7.307307 -1.263000 0.056942 3.480326 3.702848
7.407407 -1.303910 0.054287 3.510321 3.745061
7.507508 -1.344702 0.051631 3.540075 3.787218
7.607608 -1.385381 0.048976 3.569603 3.829327
7.707708 -1.425948 0.046320 3.598916 3.871391
7.807808 -1.466409 0.043664 3.628028 3.913419
7.907908 -1.506767 0.041009 3.656952 3.955417
8.008008 -1.547021 0.038355 3.685690 3.997382
8.108108 -1.587175 0.035701 3.714252 4.039315
8.208208 -1.627233 0.033049 3.742654 4.081230
8.308308 -1.667205 0.030399 3.770919 4.123145
8.408408 -1.707088 0.027750 3.799041 4.165048
8.508509 -1.746876 0.025102 3.827012 4.206926
8.608609 -1.786576 0.022457 3.854845 4.248787
8.708709 -1.826189 0.019813 3.882549 4.290634
8.808809 -1.865713 0.017172 3.910119 4.332460
8.908909 -1.905151 0.014533 3.937562 4.374266
9.009009 -1.944504 0.011896 3.964882 4.416054
9.109109 -1.983772 0.009261 3.992080 4.457818
9.209209 -2.022950 0.006629 4.019151 4.499549
9.309309 -2.062036 0.003999 4.046086 4.541236
9.409409 -2.101034 0.001371 4.072901 4.582889
9.509510 -2.139949 -0.001253 4.099602 4.624513
9.609610 -2.178782 -0.003876 4.126194 4.666110
9.709710 -2.217537 -0.006495 4.152686 4.707687
9.809810 -2.256218 -0.009112 4.179085 4.749247
9.909910 -2.294826 -0.011726 4.205393 4.790793
10.010010 -2.333355 -0.014337 4.231603 4.832309
10.110110 -2.371806 -0.016945 4.257716 4.873797
10.210210 -2.410186 -0.019550 4.283745 4.915267
10.310310 -2.448498 -0.022153 4.309695 4.956723
10.410410 -2.486744 -0.024752 4.335573 4.998170
10.510511 -2.524928 -0.027349 4.361384 5.039611
10.610611 -2.563050 -0.029943 4.387130 5.081047
10.710711 -2.601110 -0.032534 4.412810 5.122472
10.810811 -2.639106 -0.035121 4.438421 5.163884
10.910911 -2.677037 -0.037706 4.463963 5.205278
11.011011 -2.714900 -0.040288 4.489431 5.246646
11.111111 -2.752697 -0.042866 4.514829 5.287992
11.211211 -2.790429 -0.045442 4.540157 5.329314
11.311311 -2.828092 -0.048014 4.565412 5.370605
11.411411 -2.865688 -0.050583 4.590596 5.411866
11.511512 -2.903218 -0.053149 4.615711 5.453099
11.611612 -2.940688 -0.055712 4.640767 5.494312
11.711712 -2.978098 -0.058272 4.665765 5.535505
11.811812 -3.015443 -0.060829 4.690697 5.576669
11.911912 -3.052720 -0.063382 4.715557 5.617793
12.012012 -3.089929 -0.065932 4.740349 5.658880
12.112112 -3.127072 -0.068478 4.765073 5.699929
12.212212 -3.164150 -0.071022 4.789731 5.740942
12.312312 -3.201164 -0.073562 4.814328 5.781922
12.412412 -3.238114 -0.076099 4.838862 5.822866
12.512513 -3.274997 -0.078632 4.863329 5.863767
12.612613 -3.311808 -0.081162 4.887720 5.904614
12.712713 -3.348543 -0.083689 4.912033 5.945403
12.812813 -3.385201 -0.086211 4.936265 5.986128
12.912913 -3.421780 -0.088730 4.960413 6.026786
13.013013 -3.458285 -0.091245 4.984486 6.067385
13.113113 -3.494719 -0.093757 5.008488 6.107929
13.213213 -3.531078 -0.096265 5.032413 6.148411
13.313313 -3.567359 -0.098769 5.056258 6.188825
13.413413 -3.603565 -0.101270 5.080027 6.229175
13.513514 -3.639698 -0.103767 5.103723 6.269463
13.613614 -3.675756 -0.106260 5.127344 6.309685
13.713714 -3.711736 -0.108749 5.150885 6.349837
13.813814 -3.747637 -0.111234 5.174346 6.389915
13.913914 -3.783462 -0.113715 5.197732 6.429925
14.014014 -3.819222 -0.116193 5.221056 6.469883
14.114114 -3.854921 -0.118668 5.244326 6.509797
14.214214 -3.890562 -0.121139 5.267546 6.549671
14.314314 -3.926150 -0.123607 5.290722 6.589513
14.414414 -3.961683 -0.126072 5.313852 6.629318
14.514515 -3.997161 -0.128533 5.336935 6.669084
14.614615 -4.032581 -0.130991 5.359969 6.708810
14.714715 -4.067943 -0.133446 5.382953 6.748493
14.814815 -4.103246 -0.135897 5.405885 6.788128
14.914915 -4.138488 -0.138345 5.428763 6.827715
15.015015 -4.173672 -0.140790 5.451593 6.867257
15.115115 -4.208796 -0.143231 5.474371 6.906751
15.215215 -4.243862 -0.145668 5.497100 6.946200
15.315315 -4.278870 -0.148103 5.519779 6.985601
15.415415 -4.313816 -0.150533 5.542404 7.024949
15.515516 -4.348704 -0.152961 5.564979 7.064249
15.615616 -4.383531 -0.155384 5.587503 7.103497
15.715716 -4.418297 -0.157805 5.609974 7.142693
15.815816 -4.453005 -0.160221 5.632396 7.181838
15.915916 -4.487652 -0.162634 5.654766 7.220931
16.016016 -4.522240 -0.165044 5.677087 7.259973
16.116116 -4.556774 -0.167451 5.699363 7.298971
16.216216 -4.591250 -0.169854 5.721593 7.337919
16.316316 -4.625671 -0.172253 5.743777 7.376820
16.416416 -4.660040 -0.174650 5.765921 7.415680
16.516517 -4.694358 -0.177043 5.788025 7.454500
16.616617 -4.728625 -0.179433 5.810092 7.493281
16.716717 -4.762844 -0.181820 5.832121 7.532023
16.816817 -4.797011 -0.184203 5.854111 7.570724
16.916917 -4.831126 -0.186584 5.876061 7.609381
17.017017 -4.865186 -0.188961 5.897967 7.647991
17.117117 -4.899191 -0.191334 5.919829 7.686550
17.217217 -4.933140 -0.193704 5.941646 7.725060
17.317317 -4.967036 -0.196071 5.963421 7.763522
17.417417 -5.000874 -0.198435 5.985151 7.801933
17.517518 -5.034657 -0.200794 6.006836 7.840291
17.617618 -5.068386 -0.203151 6.028479 7.878602
17.717718 -5.102064 -0.205504 6.050083 7.916868
17.817818 -5.135688 -0.207854 6.071646 7.955085
17.917918 -5.169253 -0.210201 6.093160 7.993244
18.018018 -5.202753 -0.212543 6.114620 8.031338
18.118118 -5.236189 -0.214882 6.136026 8.069366
18.218218 -5.269567 -0.217217 6.157385 8.107337
18.318318 -5.302893 -0.219549 6.178705 8.145261
18.418418 -5.336168 -0.221878 6.199986 8.183137
18.518519 -5.369387 -0.224203 6.221224 8.220962
18.618619 -5.402549 -0.226525 6.242415 8.258729
18.718719 -5.435650 -0.228843 6.263558 8.296434
18.818819 -5.468689 -0.231157 6.284650 8.334075
18.918919 -5.501665 -0.233468 6.305690 8.371652
19.019019 -5.534579 -0.235774 6.326679 8.409163
19.119119 -5.567429 -0.238077 6.347616 8.446608
19.219219 -5.600220 -0.240377 6.368505 8.483991
19.319319 -5.632951 -0.242672 6.389346 8.521313
19.419419 -5.665621 -0.244964 6.410138 8.558572
19.519520 -5.698230 -0.247252 6.430881 8.595766
19.619620 -5.730778 -0.249537 6.451575 8.632897
19.719720 -5.763270 -0.251818 6.472225 8.669971
19.819820 -5.795708 -0.254095 6.492834 8.706991
19.919920 -5.828094 -0.256370 6.513405 8.743961
20.020020 -5.860427 -0.258640 6.533936 8.780878
20.120120 -5.892710 -0.260908 6.554429 8.817746
20.220220 -5.924944 -0.263172 6.574888 8.854568
20.320320 -5.957129 -0.265433 6.595311 8.891343
20.420420 -5.989263 -0.267691 6.615696 8.928066
20.520521 -6.021346 -0.269946 6.636044 8.964739
20.620621 -6.053381 -0.272197 6.656358 9.001368
20.720721 -6.085370 -0.274446 6.676641 9.037952
20.820821 -6.117314 -0.276691 6.696891 9.074493
20.920921 -6.149211 -0.278933 6.717109 9.110991
21.021021 -6.181063 -0.281172 6.737296 9.147445
21.121121 -6.212868 -0.283408 6.757451 9.183855
21.221221 -6.244631 -0.285641 6.777578 9.220226
21.321321 -6.276359 -0.287872 6.797684 9.256569
21.421421 -6.308051 -0.290100 6.817770 9.292882
21.521522 -6.339704 -0.292325 6.837832 9.329161
21.621622 -6.371319 -0.294547 6.857870 9.365407
21.721722 -6.402895 -0.296767 6.877884 9.401618
21.821822 -6.434432 -0.298983 6.897874 9.437794
21.921922 -6.465930 -0.301198 6.917840 9.473937
22.022022 -6.497389 -0.303409 6.937780 9.510043
22.122122 -6.528807 -0.305617 6.957695 9.546111
22.222222 -6.560187 -0.307823 6.977587 9.582146
22.322322 -6.591533 -0.310026 6.997459 9.618153
22.422422 -6.622846 -0.312227 7.017314 9.654133
22.522523 -6.654122 -0.314425 7.037147 9.690080
22.622623 -6.685355 -0.316620 7.056950 9.725984
22.722723 -6.716542 -0.318812 7.076723 9.761843
22.822823 -6.747682 -0.321001 7.096462 9.797654
22.922923 -6.778777 -0.323187 7.116171 9.833420
23.023023 -6.809826 -0.325370 7.135848 9.869140
23.123123 -6.840825 -0.327549 7.155489 9.904807
23.223223 -6.871768 -0.329725 7.175089 9.940413
23.323323 -6.902652 -0.331897 7.194644 9.975954
23.423423 -6.933475 -0.334065 7.214150 10.011426
23.523524 -6.964236 -0.336230 7.233609 10.046827
23.623624 -6.994940 -0.338390 7.253024 10.082165
23.723724 -7.025590 -0.340548 7.272400 10.117445
23.823824 -7.056188 -0.342702 7.291738 10.152668
23.923924 -7.086739 -0.344852 7.311043 10.187843
24.024024 -7.117247 -0.347000 7.330320 10.222974
24.124124 -7.147713 -0.349145 7.349569 10.258064
24.224224 -7.178132 -0.351287 7.368786 10.293105
24.324324 -7.208503 -0.353426 7.387969 10.328094
24.424424 -7.238827 -0.355561 7.407120 10.363033
24.524525 -7.269108 -0.357693 7.426242 10.397929
24.624625 -7.299347 -0.359823 7.445337 10.432784
24.724725 -7.329545 -0.361950 7.464405 10.467596
24.824825 -7.359702 -0.364073 7.483447 10.502368
24.924925 -7.389822 -0.366195 7.502466 10.537104
25.025025 -7.419904 -0.368313 7.521463 10.571803
25.125125 -7.449946 -0.370429 7.540433 10.606462
25.225225 -7.479945 -0.372541 7.559377 10.641078
25.325325 -7.509903 -0.374651 7.578292 10.675650
25.425425 -7.539821 -0.376758 7.597183 10.710184
25.525526 -7.569703 -0.378863 7.616052 10.744682
25.625626 -7.599549 -0.380964 7.634900 10.779145
25.725726 -7.629357 -0.383063 7.653724 10.813572
25.825826 -7.659126 -0.385160 7.672524 10.847958
25.925926 -7.688858 -0.387253 7.691302 10.882308
26.026026 -7.718551 -0.389344 7.710054 10.916618
26.126126 -7.748199 -0.391432 7.728777 10.950882
26.226226 -7.777803 -0.393517 7.747470 10.985097
26.326326 -7.807364 -0.395599 7.766136 11.019270
26.426426 -7.836888 -0.397678 7.784777 11.053403
26.526527 -7.866372 -0.399755 7.803394 11.087496
26.626627 -7.895816 -0.401828 7.821985 11.121548
26.726727 -7.925218 -0.403899 7.840550 11.155556
26.826827 -7.954576 -0.405967 7.859084 11.189517
26.926927 -7.983892 -0.408031 7.877592 11.223434
27.027027 -8.013168 -0.410093 7.896073 11.257309
27.127127 -8.042399 -0.412152 7.914524 11.291135
27.227227 -8.071585 -0.414208 7.932945 11.324913
27.327327 -8.100725 -0.416261 7.951335 11.358643
27.427427 -8.129822 -0.418311 7.969696 11.392324
27.527528 -8.158874 -0.420357 7.988027 11.425957
27.627628 -8.187883 -0.422401 8.006329 11.459544
27.727728 -8.216848 -0.424442 8.024602 11.493084
27.827828 -8.245772 -0.426480 8.042848 11.526580
27.927928 -8.274653 -0.428515 8.061067 11.560031
28.028028 -8.303487 -0.430547 8.079252 11.593428
28.128128 -8.332271 -0.432575 8.097402 11.626770
28.228228 -8.361007 -0.434600 8.115520 11.660059
28.328328 -8.389699 -0.436623 8.133607 11.693299
28.428428 -8.418346 -0.438642 8.151665 11.726492
28.528529 -8.446948 -0.440658 8.169692 11.759634
28.628629 -8.475503 -0.442671 8.187686 11.792723
28.728729 -8.504014 -0.444681 8.205651 11.825765
28.828829 -8.532487 -0.446688 8.223592 11.858766
28.928929 -8.560923 -0.448692 8.241512 11.891730
29.029029 -8.589325 -0.450695 8.259411 11.924659
29.129129 -8.617692 -0.452694 8.277289 11.957552
29.229229 -8.646025 -0.454691 8.295148 11.990412
29.329329 -8.674326 -0.456686 8.312989 12.023239
29.429429 -8.702597 -0.458678 8.330814 12.056038
29.529530 -8.730840 -0.460669 8.348624 12.088809
29.629630 -8.759054 -0.462657 8.366420 12.121554
29.729730 -8.787243 -0.464643 8.384204 12.154275
29.829830 -8.815405 -0.466627 8.401976 12.186973
29.929930 -8.843540 -0.468608 8.419734 12.219644
30.030030 -8.871649 -0.470588 8.437479 12.252292
30.130130 -8.899735 -0.472566 8.455215 12.284920
30.230230 -8.927801 -0.474542 8.472945 12.317533
30.330330 -8.955848 -0.476517 8.490669 12.350131
30.430430 -8.983878 -0.478489 8.508389 12.382718
30.530531 -9.011889 -0.480461 8.526104 12.415290
30.630631 -9.039879 -0.482430 8.543810 12.447845
30.730731 -9.067849 -0.484398 8.561510 12.480384
30.830831 -9.095803 -0.486364 8.579207 12.512912
30.930931 -9.123743 -0.488329 8.596903 12.545433
31.031031 -9.151674 -0.490292 8.614602 12.577953
31.131131 -9.179601 -0.492255 8.632310 12.610479
31.231231 -9.207528 -0.494217 8.650029 12.643015
31.331331 -9.235451 -0.496178 8.667758 12.675559
31.431431 -9.263372 -0.498139 8.685496 12.708109
31.531532 -9.291288 -0.500098 8.703240 12.740664
31.631632 -9.319198 -0.502057 8.720991 12.773222
31.731732 -9.347103 -0.504015 8.738749 12.805784
31.831832 -9.375005 -0.505972 8.756516 12.838352
31.931932 -9.402905 -0.507928 8.774293 12.870930
32.032032 -9.430806 -0.509883 8.792082 12.903519
32.132132 -9.458705 -0.511838 8.809882 12.936116
32.232232 -9.486603 -0.513792 8.827691 12.968722
32.332332 -9.514499 -0.515746 8.845510 13.001336
32.432432 -9.542392 -0.517699 8.863338 13.033956
32.532533 -9.570280 -0.519650 8.881173 13.066581
32.632633 -9.598163 -0.521601 8.899015 13.099209
32.732733 -9.626038 -0.523551 8.916860 13.131836
32.832833 -9.653905 -0.525500 8.934709 13.164462
32.932933 -9.681764 -0.527447 8.952562 13.197088
33.033033 -9.709615 -0.529394 8.970419 13.229712
33.133133 -9.737456 -0.531340 8.988278 13.262334
33.233233 -9.765285 -0.533284 9.006137 13.294950
33.333333 -9.793100 -0.535227 9.023994 13.327555
33.433433 -9.820897 -0.537168 9.041846 13.360148
33.533534 -9.848677 -0.539108 9.059692 13.392726
33.633634 -9.876439 -0.541046 9.077534 13.425289
33.733734 -9.904181 -0.542983 9.095368 13.457836
33.833834 -9.931899 -0.544917 9.113191 13.490360
33.933934 -9.959593 -0.546850 9.131002 13.522860
34.034034 -9.987263 -0.548781 9.148803 13.555338
34.134134 -10.014913 -0.550710 9.166596 13.587798
34.234234 -10.042544 -0.552637 9.184382 13.620241
34.334334 -10.070156 -0.554563 9.202162 13.652669
34.434434 -10.097749 -0.556487 9.219935 13.685080
34.534535 -10.125319 -0.558410 9.237698 13.717470
34.634635 -10.152865 -0.560330 9.255449 13.749836
34.734735 -10.180388 -0.562249 9.273190 13.782180
34.834835 -10.207887 -0.564165 9.290920 13.814501
34.934935 -10.235362 -0.566080 9.308638 13.846799
35.035035 -10.262813 -0.567993 9.326345 13.879072
35.135135 -10.290237 -0.569904 9.344038 13.911320
35.235235 -10.317633 -0.571813 9.361716 13.943537
35.335335 -10.344997 -0.573719 9.379375 13.975722
35.435435 -10.372331 -0.575623 9.397018 14.007874
35.535536 -10.399637 -0.577525 9.414645 14.039998
35.635636 -10.426919 -0.579426 9.432261 14.072097
35.735736 -10.454177 -0.581324 9.449865 14.104174
35.835836 -10.481412 -0.583220 9.467459 14.136227
35.935936 -10.508622 -0.585115 9.485040 14.168256
36.036036 -10.535808 -0.587007 9.502610 14.200261
36.136136 -10.562973 -0.588898 9.520171 14.232247
36.236236 -10.590117 -0.590788 9.537723 14.264213
36.336336 -10.617240 -0.592675 9.555266 14.296159
36.436436 -10.644341 -0.594561 9.572800 14.328084
36.536537 -10.671421 -0.596445 9.590325 14.359989
36.636637 -10.698480 -0.598327 9.607840 14.391875
36.736737 -10.725520 -0.600208 9.625349 14.423743
36.836837 -10.752541 -0.602087 9.642850 14.455594
36.936937 -10.779539 -0.603964 9.660341 14.487423
37.037037 -10.806516 -0.605839 9.677822 14.519231
37.137137 -10.833469 -0.607713 9.695292 14.551016
37.237237 -10.860398 -0.609585 9.712750 14.582776
37.337337 -10.887304 -0.611455 9.730197 14.614513
37.437437 -10.914184 -0.613323 9.747631 14.646224
37.537538 -10.941037 -0.615189 9.765050 14.677907
37.637638 -10.967863 -0.617053 9.782455 14.709562
37.737738 -10.994662 -0.618914 9.799845 14.741188
37.837838 -11.021434 -0.620774 9.817220 14.772785
37.937938 -11.048177 -0.622632 9.834580 14.804352
38.038038 -11.074892 -0.624487 9.851924 14.835889
38.138138 -11.101576 -0.626341 9.869250 14.867394
38.238238 -11.128229 -0.628192 9.886558 14.898864
38.338338 -11.154852 -0.630041 9.903848 14.930300
38.438438 -11.181442 -0.631887 9.921118 14.961701
38.538539 -11.207997 -0.633731 9.938368 14.993064
38.638639 -11.234519 -0.635573 9.955596 15.024389
38.738739 -11.261006 -0.637412 9.972803 15.055675
38.838839 -11.287457 -0.639248 9.989988 15.086921
38.938939 -11.313877 -0.641083 10.007155 15.118133
39.039039 -11.340268 -0.642915 10.024305 15.149314
39.139139 -11.366631 -0.644745 10.041439 15.180464
39.239239 -11.392966 -0.646573 10.058557 15.211584
39.339339 -11.419273 -0.648399 10.075661 15.242676
39.439439 -11.445553 -0.650223 10.092749 15.273738
39.539540 -11.471807 -0.652045 10.109824 15.304773
39.639640 -11.498037 -0.653865 10.126886 15.335782
39.739740 -11.524240 -0.655683 10.143934 15.366764
39.839840 -11.550416 -0.657499 10.160967 15.397716
39.939940 -11.576566 -0.659313 10.177986 15.428642
40.040040 -11.602693 -0.661125 10.194994 15.459543
40.140140 -11.628797 -0.662935 10.211990 15.490421
40.240240 -11.654877 -0.664744 10.228974 15.521274
40.340340 -11.680932 -0.666551 10.245945 15.552101
40.440440 -11.706961 -0.668355 10.262902 15.582901
40.540541 -11.732963 -0.670158 10.279845 15.613672
40.640641 -11.758938 -0.671959 10.296772 15.644413
40.740741 -11.784885 -0.673758 10.313683 15.675124
40.840841 -11.810801 -0.675554 10.330576 15.705801
40.940941 -11.836683 -0.677348 10.347448 15.736440
41.041041 -11.862531 -0.679139 10.364299 15.767040
41.141141 -11.888346 -0.680929 10.381129 15.797603
41.241241 -11.914129 -0.682715 10.397941 15.828131
41.341341 -11.939880 -0.684500 10.414733 15.858624
41.441441 -11.965599 -0.686282 10.431506 15.889080
41.541542 -11.991286 -0.688062 10.448259 15.919500
41.641642 -12.016940 -0.689840 10.464992 15.949883
41.741742 -12.042560 -0.691615 10.481704 15.980229
41.841842 -12.068146 -0.693388 10.498395 16.010535
41.941942 -12.093695 -0.695158 10.515062 16.040799
42.042042 -12.119209 -0.696926 10.531707 16.071024
42.142142 -12.144688 -0.698691 10.548329 16.101207
42.242242 -12.170128 -0.700454 10.564927 16.131347
42.342342 -12.195531 -0.702214 10.581500 16.161443
42.442442 -12.220894 -0.703971 10.598048 16.191493
42.542543 -12.246219 -0.705726 10.614570 16.221499
42.642643 -12.271505 -0.707478 10.631067 16.251459
42.742743 -12.296753 -0.709227 10.647540 16.281377
42.842843 -12.321966 -0.710974 10.663989 16.311253
42.942943 -12.347144 -0.712718 10.680417 16.341091
43.043043 -12.372287 -0.714460 10.696824 16.370888
43.143143 -12.397396 -0.716199 10.713208 16.400646
43.243243 -12.422469 -0.717936 10.729569 16.430363
43.343343 -12.447505 -0.719671 10.745908 16.460038
43.443443 -12.472506 -0.721403 10.762223 16.489672
43.543544 -12.497475 -0.723132 10.778519 16.519270
43.643644 -12.522414 -0.724860 10.794797 16.548834
43.743744 -12.547322 -0.726585 10.811056 16.578364
43.843844 -12.572200 -0.728308 10.827298 16.607860
43.943944 -12.597047 -0.730029 10.843520 16.637321
44.044044 -12.621861 -0.731747 10.859723 16.666746
44.144144 -12.646645 -0.733464 10.875908 16.696137
44.244244 -12.671400 -0.735178 10.892075 16.725494
44.344344 -12.696125 -0.736890 10.908224 16.754819
44.444444 -12.720820 -0.738600 10.924355 16.784109
44.544545 -12.745484 -0.740308 10.940468 16.813365
44.644645 -12.770117 -0.742013 10.956562 16.842587
44.744745 -12.794722 -0.743716 10.972639 16.871777
44.844845 -12.819301 -0.745418 10.988701 16.900937
44.944945 -12.843851 -0.747117 11.004747 16.930067
45.045045 -12.868374 -0.748815 11.020778 16.959166
45.145145 -12.892870 -0.750510 11.036792 16.988235
45.245245 -12.917338 -0.752203 11.052791 17.017275
45.345345 -12.941777 -0.753894 11.068773 17.046281
45.445445 -12.966186 -0.755584 11.084735 17.075252
45.545546 -12.990562 -0.757270 11.100678 17.104187
45.645646 -13.014907 -0.758955 11.116602 17.133087
45.745746 -13.039222 -0.760637 11.132507 17.161952
45.845846 -13.063507 -0.762317 11.148395 17.190784
45.945946 -13.087764 -0.763995 11.164266 17.219584
46.046046 -13.111991 -0.765671 11.180118 17.248351
46.146146 -13.136187 -0.767345 11.195953 17.277083
46.246246 -13.160353 -0.769017 11.211768 17.305780
46.346346 -13.184488 -0.770686 11.227565 17.334442
46.446446 -13.208591 -0.772353 11.243342 17.363068
46.546547 -13.232663 -0.774018 11.259100 17.391659
46.646647 -13.256703 -0.775681 11.274839 17.420214
46.746747 -13.280711 -0.777341 11.290557 17.448731
46.846847 -13.304685 -0.778999 11.306253 17.477210
46.946947 -13.328627 -0.780655 11.321930 17.505651
47.047047 -13.352537 -0.782308 11.337586 17.534055
47.147147 -13.376413 -0.783960 11.353222 17.562422
47.247247 -13.400256 -0.785608 11.368836 17.590750
47.347347 -13.424064 -0.787255 11.384428 17.619037
47.447447 -13.447837 -0.788898 11.399997 17.647284
47.547548 -13.471575 -0.790540 11.415544 17.675489
47.647648 -13.495276 -0.792179 11.431066 17.703652
47.747748 -13.518938 -0.793815 11.446563 17.731769
47.847848 -13.542560 -0.795448 11.462033 17.759839
47.947948 -13.566139 -0.797079 11.477474 17.787857
48.048048 -13.589675 -0.798707 11.492885 17.815825
48.148148 -13.613168 -0.800331 11.508268 17.843741
48.248248 -13.636621 -0.801953 11.523622 17.871610
48.348348 -13.660036 -0.803573 11.538953 17.899434
48.448448 -13.683416 -0.805189 11.554260 17.927217
48.548549 -13.706761 -0.806804 11.569545 17.954960
48.648649 -13.730074 -0.808416 11.584810 17.982666
48.748749 -13.753354 -0.810026 11.600054 18.010334
48.848849 -13.776602 -0.811634 11.615277 18.037965
48.948949 -13.799819 -0.813239 11.630482 18.065560
49.049049 -13.823006 -0.814842 11.645668 18.093121
49.149149 -13.846163 -0.816444 11.660836 18.120648
49.249249 -13.869290 -0.818043 11.675985 18.148141
49.349349 -13.892386 -0.819639 11.691115 18.175598
49.449449 -13.915450 -0.821234 11.706225 18.203019
49.549550 -13.938481 -0.822826 11.721314 18.230401
49.649650 -13.961478 -0.824416 11.736382 18.257743
49.749750 -13.984442 -0.826004 11.751427 18.285047
49.849850 -14.007373 -0.827589 11.766453 18.312313
49.949950 -14.030272 -0.829172 11.781458 18.339543
50.050050 -14.053138 -0.830753 11.796441 18.366733
50.150150 -14.075968 -0.832331 11.811402 18.393881
50.250250 -14.098761 -0.833906 11.826338 18.420987
50.350350 -14.121519 -0.835480 11.841251 18.448050
50.450450 -14.144241 -0.837050 11.856140 18.475071
50.550551 -14.166928 -0.838619 11.871008 18.502053
50.650651 -14.189582 -0.840185 11.885853 18.528995
50.750751 -14.212202 -0.841748 11.900677 18.555898
50.850851 -14.234789 -0.843309 11.915479 18.582762
50.950951 -14.257342 -0.844868 11.930261 18.609587
51.051051 -14.279862 -0.846425 11.945020 18.636373
51.151151 -14.302349 -0.847979 11.959759 18.663121
51.251251 -14.324800 -0.849531 11.974474 18.689827
51.351351 -14.347215 -0.851080 11.989165 18.716490
51.451451 -14.369594 -0.852627 12.003833 18.743111
51.551552 -14.391941 -0.854172 12.018481 18.769695
51.651652 -14.414256 -0.855714 12.033108 18.796242
51.751752 -14.436539 -0.857254 12.047715 18.822752
51.851852 -14.458791 -0.858792 12.062301 18.849224
51.951952 -14.481011 -0.860328 12.076869 18.875662
52.052052 -14.503203 -0.861862 12.091419 18.902067
52.152152 -14.525369 -0.863393 12.105953 18.928441
52.252252 -14.547509 -0.864923 12.120472 18.954787
52.352352 -14.569624 -0.866451 12.134976 18.981104
52.452452 -14.591713 -0.867978 12.149466 19.007394
52.552553 -14.613779 -0.869502 12.163943 19.033657
52.652653 -14.635823 -0.871025 12.178407 19.059895
52.752753 -14.657844 -0.872546 12.192858 19.086108
52.852853 -14.679842 -0.874065 12.207297 19.112296
52.952953 -14.701818 -0.875583 12.221723 19.138459
53.053053 -14.723772 -0.877099 12.236137 19.164598
53.153153 -14.745705 -0.878614 12.250539 19.190713
53.253253 -14.767616 -0.880127 12.264930 19.216806
53.353353 -14.789507 -0.881638 12.279311 19.242876
53.453453 -14.811377 -0.883148 12.293680 19.268923
53.553554 -14.833226 -0.884656 12.308037 19.294947
53.653654 -14.855051 -0.886162 12.322381 19.320944
53.753754 -14.876852 -0.887667 12.336710 19.346914
53.853854 -14.898630 -0.889170 12.351027 19.372859
53.953954 -14.920388 -0.890671 12.365333 19.398782
54.054054 -14.942126 -0.892171 12.379629 19.424683
54.154154 -14.963842 -0.893670 12.393913 19.450560
54.254254 -14.985537 -0.895166 12.408185 19.476414
54.354354 -15.007212 -0.896661 12.422446 19.502246
54.454454 -15.028867 -0.898155 12.436697 19.528056
54.554555 -15.050502 -0.899647 12.450938 19.553845
54.654655 -15.072118 -0.901138 12.465168 19.579612
54.754755 -15.093716 -0.902627 12.479389 19.605360
54.854855 -15.115294 -0.904115 12.493600 19.631088
54.954955 -15.136856 -0.905602 12.507803 19.656796
55.055055 -15.158399 -0.907087 12.521997 19.682487
55.155155 -15.179925 -0.908570 12.536182 19.708158
55.255255 -15.201434 -0.910053 12.550359 19.733811
55.355355 -15.222926 -0.911534 12.564528 19.759447
55.455455 -15.244401 -0.913013 12.578689 19.785064
55.555556 -15.265857 -0.914492 12.592840 19.810661
55.655656 -15.287292 -0.915968 12.606979 19.836236
55.755756 -15.308706 -0.917444 12.621107 19.861786
55.855856 -15.330097 -0.918917 12.635221 19.887310
55.955956 -15.351465 -0.920389 12.649322 19.912808
56.056056 -15.372810 -0.921859 12.663410 19.938282
56.156156 -15.394132 -0.923327 12.677485 19.963729
56.256256 -15.415430 -0.924794 12.691545 19.989148
56.356356 -15.436701 -0.926258 12.705589 20.014537
56.456456 -15.457946 -0.927721 12.719617 20.039896
56.556557 -15.479163 -0.929182 12.733629 20.065223
56.656657 -15.500354 -0.930641 12.747624 20.090520
56.756757 -15.521521 -0.932098 12.761604 20.115789
56.856857 -15.542663 -0.933554 12.775570 20.141030
56.956957 -15.563781 -0.935007 12.789522 20.166244
57.057057 -15.584875 -0.936459 12.803460 20.191431
57.157157 -15.605946 -0.937910 12.817384 20.216592
57.257257 -15.626996 -0.939358 12.831296 20.241728
57.357357 -15.648023 -0.940805 12.845196 20.266840
57.457457 -15.669029 -0.942251 12.859084 20.291928
57.557558 -15.690013 -0.943694 12.872959 20.316992
57.657658 -15.710976 -0.945137 12.886821 20.342030
57.757758 -15.731916 -0.946577 12.900671 20.367045
57.857858 -15.752836 -0.948016 12.914510 20.392036
57.957958 -15.773734 -0.949454 12.928336 20.417004
58.058058 -15.794612 -0.950890 12.942151 20.441948
58.158158 -15.815469 -0.952324 12.955955 20.466869
58.258258 -15.836307 -0.953757 12.969748 20.491770
58.358358 -15.857127 -0.955189 12.983532 20.516651
58.458458 -15.877929 -0.956619 12.997306 20.541512
58.558559 -15.898712 -0.958048 13.011071 20.566353
58.658659 -15.919478 -0.959475 13.024826 20.591175
58.758759 -15.940226 -0.960901 13.038572 20.615976
58.858859 -15.960954 -0.962326 13.052308 20.640758
58.958959 -15.981664 -0.963749 13.066033 20.665518
59.059059 -16.002353 -0.965171 13.079747 20.690255
59.159159 -16.023021 -0.966591 13.093449 20.714969
59.259259 -16.043669 -0.968009 13.107141 20.739660
59.359359 -16.064298 -0.969427 13.120820 20.764329
59.459459 -16.084907 -0.970842 13.134490 20.788978
59.559560 -16.105497 -0.972257 13.148150 20.813605
59.659660 -16.126068 -0.973669 13.161798 20.838211
59.759760 -16.146617 -0.975081 13.175435 20.862792
59.859860 -16.167144 -0.976490 13.189058 20.887348
59.959960 -16.187647 -0.977898 13.202667 20.911877
60.060060 -16.208126 -0.979304 13.216261 20.936378
60.160160 -16.228582 -0.980709 13.229842 20.960853
60.260260 -16.249016 -0.982112 13.243410 20.985303
60.360360 -16.269428 -0.983513 13.256966 21.009729
60.460460 -16.289818 -0.984913 13.270508 21.034130
60.560561 -16.310186 -0.986311 13.284037 21.058504
60.660661 -16.330531 -0.987707 13.297553 21.082854
60.760761 -16.350854 -0.989102 13.311056 21.107178
60.860861 -16.371154 -0.990495 13.324546 21.131476
60.960961 -16.391431 -0.991887 13.338022 21.155748
61.061061 -16.411684 -0.993276 13.351483 21.179992
61.161161 -16.431912 -0.994664 13.364929 21.204207
61.261261 -16.452116 -0.996050 13.378360 21.228395
61.361361 -16.472295 -0.997435 13.391776 21.252554
61.461461 -16.492447 -0.998817 13.405175 21.276681
61.561562 -16.512572 -1.000198 13.418557 21.300777
61.661662 -16.532669 -1.001577 13.431921 21.324840
61.761762 -16.552740 -1.002953 13.445269 21.348873
61.861862 -16.572785 -1.004328 13.458601 21.372876
61.961962 -16.592807 -1.005702 13.471919 21.396852
62.062062 -16.612805 -1.007073 13.485222 21.420801
62.162162 -16.632780 -1.008443 13.498512 21.444724
62.262262 -16.652732 -1.009812 13.511788 21.468620
62.362362 -16.672660 -1.011178 13.525049 21.492488
62.462462 -16.692563 -1.012543 13.538295 21.516328
62.562563 -16.712443 -1.013906 13.551527 21.540140
62.662663 -16.732299 -1.015267 13.564744 21.563926
62.762763 -16.752132 -1.016627 13.577948 21.587685
62.862863 -16.771944 -1.017985 13.591139 21.611420
62.962963 -16.791734 -1.019342 13.604317 21.635129
63.063063 -16.811502 -1.020697 13.617482 21.658814
63.163163 -16.831248 -1.022050 13.630635 21.682475
63.263263 -16.850974 -1.023402 13.643776 21.706112
63.363363 -16.870680 -1.024753 13.656905 21.729726
63.463463 -16.890365 -1.026102 13.670021 21.753317
63.563564 -16.910028 -1.027449 13.683126 21.776883
63.663664 -16.929671 -1.028795 13.696218 21.800426
63.763764 -16.949293 -1.030139 13.709298 21.823945
63.863864 -16.968895 -1.031482 13.722367 21.847442
63.963964 -16.988477 -1.032824 13.735424 21.870916
64.064064 -17.008040 -1.034164 13.748470 21.894368
64.164164 -17.027583 -1.035502 13.761505 21.917798
64.264264 -17.047106 -1.036839 13.774529 21.941206
64.364364 -17.066609 -1.038175 13.787540 21.964590
64.464464 -17.086090 -1.039509 13.800539 21.987949
64.564565 -17.105548 -1.040841 13.813524 22.011283
64.664665 -17.124984 -1.042172 13.826495 22.034590
64.764765 -17.144396 -1.043501 13.839452 22.057870
64.864865 -17.163786 -1.044829 13.852396 22.081125
64.964965 -17.183156 -1.046155 13.865327 22.104357
65.065065 -17.202505 -1.047479 13.878247 22.127565
65.165165 -17.221833 -1.048802 13.891154 22.150749
65.265265 -17.241138 -1.050123 13.904047 22.173907
65.365365 -17.260419 -1.051443 13.916925 22.197036
65.465465 -17.279675 -1.052761 13.929788 22.220136
65.565566 -17.298905 -1.054077 13.942634 22.243207
65.665666 -17.318111 -1.055391 13.955465 22.266249
65.765766 -17.337292 -1.056704 13.968281 22.289262
65.865866 -17.356449 -1.058014 13.981081 22.312246
65.965966 -17.375580 -1.059323 13.993865 22.335201
66.066066 -17.394686 -1.060631 14.006634 22.358127
66.166166 -17.413768 -1.061936 14.019387 22.381024
66.266266 -17.432825 -1.063240 14.032126 22.403893
66.366366 -17.451859 -1.064542 14.044849 22.426734
66.466466 -17.470869 -1.065843 14.057558 22.449548
66.566567 -17.489855 -1.067141 14.070252 22.472334
66.666667 -17.508819 -1.068438 14.082932 22.495094
66.766767 -17.527761 -1.069734 14.095599 22.517829
66.866867 -17.546681 -1.071028 14.108253 22.540539
66.966967 -17.565580 -1.072320 14.120895 22.563225
67.067067 -17.584458 -1.073611 14.133524 22.585887
67.167167 -17.603315 -1.074901 14.146140 22.608525
67.267267 -17.622151 -1.076189 14.158743 22.631138
67.367367 -17.640966 -1.077475 14.171334 22.653727
67.467467 -17.659760 -1.078760 14.183913 22.676292
67.567568 -17.678533 -1.080043 14.196479 22.698834
67.667668 -17.697286 -1.081325 14.209033 22.721352
67.767768 -17.716021 -1.082606 14.221577 22.743849
67.867868 -17.734738 -1.083885 14.234110 22.766327
67.967968 -17.753438 -1.085163 14.246635 22.788785
68.068068 -17.772120 -1.086440 14.259149 22.811224
68.168168 -17.790786 -1.087715 14.271654 22.833644
68.268268 -17.809434 -1.088989 14.284150 22.856045
68.368368 -17.828068 -1.090262 14.296637 22.878429
68.468468 -17.846685 -1.091534 14.309116 22.900795
68.568569 -17.865285 -1.092805 14.321586 22.923142
68.668669 -17.883871 -1.094074 14.334048 22.945473
68.768769 -17.902442 -1.095342 14.346502 22.967789
68.868869 -17.921001 -1.096610 14.358951 22.990091
68.968969 -17.939547 -1.097876 14.371394 23.012381
69.069069 -17.958081 -1.099141 14.383831 23.034656
69.169169 -17.976602 -1.100406 14.396262 23.056918
69.269269 -17.995111 -1.101669 14.408687 23.079167
69.369369 -18.013609 -1.102931 14.421107 23.101405
69.469469 -18.032096 -1.104193 14.433523 23.123630
69.569570 -18.050570 -1.105454 14.445933 23.145844
69.669670 -18.069033 -1.106713 14.458337 23.168045
69.769770 -18.087485 -1.107972 14.470737 23.190234
69.869870 -18.105924 -1.109230 14.483130 23.212409
69.969970 -18.124350 -1.110486 14.495518 23.234571
70.070070 -18.142765 -1.111742 14.507901 23.256721
70.170170 -18.161169 -1.112997 14.520278 23.278860
70.270270 -18.179561 -1.114251 14.532651 23.300986
70.370370 -18.197941 -1.115504 14.545017 23.323099
70.470470 -18.216309 -1.116756 14.557378 23.345199
70.570571 -18.234662 -1.118007 14.569731 23.367283
70.670671 -18.253001 -1.119257 14.582076 23.389351
70.770771 -18.271325 -1.120506 14.594414 23.411402
70.870871 -18.289634 -1.121754 14.606744 23.433438
70.970971 -18.307930 -1.123000 14.619067 23.455458
71.071071 -18.326211 -1.124246 14.631382 23.477463
71.171171 -18.344476 -1.125490 14.643688 23.499450
71.271271 -18.362727 -1.126733 14.655988 23.521421
71.371371 -18.380964 -1.127975 14.668279 23.543377
71.471471 -18.399186 -1.129216 14.680563 23.565316
71.571572 -18.417394 -1.130456 14.692839 23.587239
71.671672 -18.435588 -1.131695 14.705108 23.609147
71.771772 -18.453767 -1.132933 14.717369 23.631039
71.871872 -18.471931 -1.134169 14.729622 23.652914
71.971972 -18.490081 -1.135405 14.741868 23.674774
72.072072 -18.508216 -1.136639 14.754105 23.696616
72.172172 -18.526335 -1.137872 14.766333 23.718441
72.272272 -18.544437 -1.139104 14.778552 23.740246
72.372372 -18.562521 -1.140335 14.790760 23.762031
72.472472 -18.580586 -1.141564 14.802957 23.783794
72.572573 -18.598632 -1.142792 14.815143 23.805536
72.672673 -18.616660 -1.144019 14.827317 23.827256
72.772773 -18.634667 -1.145244 14.839480 23.848953
72.872873 -18.652655 -1.146468 14.851630 23.870627
72.972973 -18.670623 -1.147690 14.863768 23.892278
73.073073 -18.688571 -1.148911 14.875895 23.913906
73.173173 -18.706501 -1.150130 14.888010 23.935514
73.273273 -18.724413 -1.151349 14.900116 23.957102
73.373373 -18.742310 -1.152566 14.912212 23.978671
73.473473 -18.760192 -1.153782 14.924301 24.000224
73.573574 -18.778059 -1.154996 14.936382 24.021761
73.673674 -18.795912 -1.156210 14.948455 24.043282
73.773774 -18.813751 -1.157423 14.960520 24.064788
73.873874 -18.831575 -1.158635 14.972577 24.086277
73.973974 -18.849385 -1.159845 14.984627 24.107750
74.074074 -18.867182 -1.161055 14.996670 24.129208
74.174174 -18.884965 -1.162263 15.008705 24.150652
74.274274 -18.902735 -1.163471 15.020735 24.172082
74.374374 -18.920494 -1.164677 15.032759 24.193499
74.474474 -18.938241 -1.165883 15.044776 24.214903
74.574575 -18.955975 -1.167088 15.056788 24.236294
74.674675 -18.973698 -1.168291 15.068793 24.257672
74.774775 -18.991409 -1.169494 15.080794 24.279038
74.874875 -19.009109 -1.170696 15.092788 24.300391
74.974975 -19.026796 -1.171897 15.104777 24.321731
75.075075 -19.044468 -1.173097 15.116757 24.343054
75.175175 -19.062124 -1.174296 15.128727 24.364358
75.275275 -19.079762 -1.175493 15.140688 24.385642
75.375375 -19.097384 -1.176690 15.152639 24.406908
75.475475 -19.114990 -1.177885 15.164580 24.428155
75.575576 -19.132580 -1.179079 15.176513 24.449384
75.675676 -19.150156 -1.180271 15.188437 24.470597
75.775776 -19.167716 -1.181463 15.200353 24.491793
75.875876 -19.185262 -1.182654 15.212261 24.512973
75.975976 -19.202795 -1.183843 15.224163 24.534139
76.076076 -19.220316 -1.185032 15.236058 24.555291
76.176176 -19.237825 -1.186220 15.247948 24.576431
76.276276 -19.255322 -1.187406 15.259831 24.597557
76.376376 -19.272809 -1.188592 15.271709 24.618672
76.476476 -19.290284 -1.189778 15.283582 24.639775
76.576577 -19.307750 -1.190962 15.295451 24.660869
76.676677 -19.325208 -1.192146 15.307317 24.681953
76.776777 -19.342656 -1.193328 15.319179 24.703028
76.876877 -19.360095 -1.194511 15.331037 24.724094
76.976977 -19.377525 -1.195692 15.342891 24.745150
77.077077 -19.394946 -1.196873 15.354741 24.766197
77.177177 -19.412359 -1.198053 15.366589 24.787236
77.277277 -19.429764 -1.199232 15.378434 24.808267
77.377377 -19.447161 -1.200410 15.390276 24.829290
77.477477 -19.464550 -1.201588 15.402114 24.850304
77.577578 -19.481928 -1.202765 15.413947 24.871307
77.677678 -19.499295 -1.203942 15.425775 24.892298
77.777778 -19.516649 -1.205117 15.437597 24.913276
77.877878 -19.533992 -1.206291 15.449412 24.934239
77.977978 -19.551320 -1.207464 15.461219 24.955188
78.078078 -19.568635 -1.208637 15.473019 24.976121
78.178178 -19.585936 -1.209808 15.484812 24.997038
78.278278 -19.603224 -1.210978 15.496598 25.017942
78.378378 -19.620502 -1.212148 15.508379 25.038834
78.478478 -19.637768 -1.213316 15.520153 25.059713
78.578579 -19.655021 -1.214484 15.531921 25.080578
78.678679 -19.672261 -1.215650 15.543681 25.101428
78.778779 -19.689488 -1.216816 15.555435 25.122264
78.878879 -19.706702 -1.217980 15.567183 25.143086
78.978979 -19.723906 -1.219144 15.578924 25.163896
79.079079 -19.741098 -1.220307 15.590660 25.184693
79.179179 -19.758277 -1.221469 15.602389 25.205477
79.279279 -19.775445 -1.222630 15.614112 25.226247
79.379379 -19.792601 -1.223790 15.625829 25.247005
79.479479 -19.809743 -1.224949 15.637539 25.267747
79.579580 -19.826872 -1.226107 15.649241 25.288474
79.679680 -19.843988 -1.227264 15.660936 25.309187
79.779780 -19.861091 -1.228421 15.672624 25.329886
79.879880 -19.878180 -1.229576 15.684305 25.350568
79.979980 -19.895254 -1.230730 15.695976 25.371233
80.080080 -19.912312 -1.231883 15.707638 25.391880
80.180180 -19.929353 -1.233034 15.719290 25.412508
80.280280 -19.946376 -1.234184 15.730931 25.433115
80.380380 -19.963381 -1.235334 15.742561 25.453700
80.480480 -19.980368 -1.236481 15.754179 25.474265
80.580581 -19.997336 -1.237628 15.765787 25.494807
80.680681 -20.014286 -1.238773 15.777382 25.515328
80.780781 -20.031215 -1.239917 15.788964 25.535825
80.880881 -20.048122 -1.241059 15.800532 25.556295
80.980981 -20.065005 -1.242199 15.812085 25.576737
81.081081 -20.081863 -1.243338 15.823621 25.597150
81.181181 -20.098696 -1.244475 15.835140 25.617533
81.281281 -20.115505 -1.245610 15.846643 25.637886
81.381381 -20.132288 -1.246744 15.858129 25.658208
81.481481 -20.149045 -1.247876 15.869598 25.678500
81.581582 -20.165779 -1.249006 15.881051 25.698763
81.681682 -20.182491 -1.250135 15.892490 25.719001
81.781782 -20.199181 -1.251262 15.903915 25.739213
81.881882 -20.215849 -1.252388 15.915326 25.759398
81.981982 -20.232494 -1.253512 15.926721 25.779556
82.082082 -20.249115 -1.254634 15.938101 25.799687
82.182182 -20.265713 -1.255755 15.949466 25.819789
82.282282 -20.282288 -1.256874 15.960815 25.839864
82.382382 -20.298841 -1.257992 15.972150 25.859912
82.482482 -20.315372 -1.259108 15.983471 25.879935
82.582583 -20.331881 -1.260223 15.994778 25.899932
82.682683 -20.348370 -1.261336 16.006072 25.919905
82.782783 -20.364837 -1.262448 16.017351 25.939852
82.882883 -20.381282 -1.263558 16.028616 25.959772
82.982983 -20.397704 -1.264667 16.039867 25.979666
83.083083 -20.414106 -1.265774 16.051103 25.999535
83.183183 -20.430487 -1.266880 16.062328 26.019380
83.283283 -20.446849 -1.267984 16.073539 26.039202
83.383383 -20.463188 -1.269087 16.084736 26.058998
83.483483 -20.479505 -1.270188 16.095918 26.078767
83.583584 -20.495799 -1.271288 16.107085 26.098508
83.683684 -20.512071 -1.272386 16.118238 26.118224
83.783784 -20.528321 -1.273483 16.129376 26.137913
83.883884 -20.544550 -1.274578 16.140501 26.157578
83.983984 -20.560758 -1.275672 16.151612 26.177217
84.084084 -20.576946 -1.276764 16.162710 26.196832
84.184184 -20.593113 -1.277855 16.173794 26.216423
84.284284 -20.609258 -1.278945 16.184865 26.235988
84.384384 -20.625382 -1.280033 16.195922 26.255528
84.484484 -20.641487 -1.281119 16.206966 26.275045
84.584585 -20.657572 -1.282204 16.217998 26.294539
84.684685 -20.673638 -1.283288 16.229017 26.314010
84.784785 -20.689685 -1.284371 16.240025 26.333459
84.884885 -20.705714 -1.285452 16.251021 26.352887
84.984985 -20.721726 -1.286532 16.262007 26.372295
85.085085 -20.737720 -1.287611 16.272981 26.391682
85.185185 -20.753696 -1.288688 16.283945 26.411049
85.285285 -20.769656 -1.289765 16.294898 26.430395
85.385385 -20.785599 -1.290840 16.305841 26.449723
85.485485 -20.801527 -1.291914 16.316775 26.469034
85.585586 -20.817441 -1.292987 16.327700 26.488327
85.685686 -20.833338 -1.294059 16.338616 26.507601
85.785786 -20.849220 -1.295130 16.349522 26.526859
85.885886 -20.865087 -1.296199 16.360419 26.546098
85.985986 -20.880939 -1.297268 16.371307 26.565320
86.086086 -20.896775 -1.298335 16.382186 26.584523
86.186186 -20.912596 -1.299402 16.393055 26.603710
86.286286 -20.928404 -1.300467 16.403917 26.622881
86.386386 -20.944199 -1.301532 16.414772 26.642038
86.486486 -20.959981 -1.302595 16.425619 26.661180
86.586587 -20.975751 -1.303658 16.436459 26.680308
86.686687 -20.991508 -1.304719 16.447292 26.699421
86.786787 -21.007251 -1.305780 16.458117 26.718519
86.886887 -21.022982 -1.306840 16.468935 26.737603
86.986987 -21.038701 -1.307898 16.479746 26.756673
87.087087 -21.054408 -1.308956 16.490551 26.775730
87.187187 -21.070105 -1.310014 16.501350 26.794776
87.287287 -21.085792 -1.311070 16.512144 26.813811
87.387387 -21.101469 -1.312126 16.522933 26.832834
87.487487 -21.117136 -1.313181 16.533717 26.851847
87.587588 -21.132794 -1.314235 16.544497 26.870850
87.687688 -21.148443 -1.315288 16.555272 26.889843
87.787788 -21.164084 -1.316341 16.566043 26.908827
87.887888 -21.179717 -1.317393 16.576811 26.927803
87.987988 -21.195343 -1.318445 16.587577 26.946773
88.088088 -21.210964 -1.319496 16.598340 26.965737
88.188188 -21.226580 -1.320547 16.609103 26.984696
88.288288 -21.242190 -1.321597 16.619863 27.003650
88.388388 -21.257795 -1.322647 16.630623 27.022599
88.488488 -21.273396 -1.323696 16.641381 27.041544
88.588589 -21.288991 -1.324745 16.652137 27.060483
88.688689 -21.304581 -1.325793 16.662893 27.079418
88.788789 -21.320166 -1.326841 16.673646 27.098348
88.888889 -21.335745 -1.327889 16.684399 27.117273
88.988989 -21.351320 -1.328936 16.695150 27.136193
89.089089 -21.366890 -1.329982 16.705900 27.155109
89.189189 -21.382456 -1.331028 16.716649 27.174021
89.289289 -21.398017 -1.332074 16.727397 27.192928
89.389389 -21.413572 -1.333119 16.738144 27.211831
89.489489 -21.429124 -1.334164 16.748889 27.230730
89.589590 -21.444672 -1.335209 16.759634 27.249625
89.689690 -21.460216 -1.336253 16.770380 27.268519
89.789790 -21.475760 -1.337297 16.781127 27.287411
89.889890 -21.491301 -1.338340 16.791875 27.306304
89.989990 -21.506840 -1.339384 16.802623 27.325194
90.090090 -21.522374 -1.340427 16.813371 27.344081
90.190190 -21.537905 -1.341469 16.824118 27.362965
90.290290 -21.553433 -1.342512 16.834866 27.381847
90.390390 -21.568958 -1.343554 16.845613 27.400726
90.490490 -21.584479 -1.344595 16.856360 27.419601
90.590591 -21.599996 -1.345636 16.867107 27.438474
90.690691 -21.615509 -1.346677 16.877852 27.457343
90.790791 -21.631016 -1.347718 16.888596 27.476206
90.890891 -21.646518 -1.348757 16.899338 27.495064
90.990991 -21.662014 -1.349797 16.910078 27.513916
91.091091 -21.677505 -1.350836 16.920816 27.532762
91.191191 -21.692988 -1.351874 16.931551 27.551601
91.291291 -21.708465 -1.352912 16.942283 27.570433
91.391391 -21.723934 -1.353949 16.953012 27.589257
91.491491 -21.739396 -1.354985 16.963738 27.608074
91.591592 -21.754850 -1.356021 16.974460 27.626881
91.691692 -21.770297 -1.357057 16.985179 27.645682
91.791792 -21.785738 -1.358092 16.995895 27.664476
91.891892 -21.801173 -1.359126 17.006609 27.683264
91.991992 -21.816603 -1.360160 17.017322 27.702047
92.092092 -21.832027 -1.361193 17.028032 27.720825
92.192192 -21.847445 -1.362226 17.038741 27.739597
92.292292 -21.862858 -1.363259 17.049447 27.758362
92.392392 -21.878263 -1.364291 17.060150 27.777121
92.492492 -21.893663 -1.365322 17.070851 27.795873
92.592593 -21.909056 -1.366353 17.081550 27.814619
92.692693 -21.924444 -1.367383 17.092246 27.833358
92.792793 -21.939824 -1.368413 17.102939 27.852090
92.892893 -21.955196 -1.369442 17.113628 27.870814
92.992993 -21.970561 -1.370471 17.124314 27.889530
93.093093 -21.985918 -1.371499 17.134996 27.908237
93.193193 -22.001266 -1.372526 17.145673 27.926934
93.293293 -22.016604 -1.373552 17.156345 27.945620
93.393393 -22.031931 -1.374578 17.167010 27.964293
93.493493 -22.047247 -1.375603 17.177669 27.982954
93.593594 -22.062550 -1.376627 17.188321 28.001600
93.693694 -22.077840 -1.377650 17.198965 28.020231
93.793794 -22.093117 -1.378672 17.209600 28.038846
93.893894 -22.108381 -1.379693 17.220229 28.057447
93.993994 -22.123633 -1.380713 17.230850 28.076034
94.094094 -22.138871 -1.381733 17.241462 28.094605
94.194194 -22.154096 -1.382751 17.252067 28.113160
94.294294 -22.169308 -1.383768 17.262664 28.131701
94.394394 -22.184507 -1.384785 17.273252 28.150226
94.494494 -22.199691 -1.385800 17.283832 28.168734
94.594595 -22.214862 -1.386815 17.294404 28.187227
94.694695 -22.230020 -1.387828 17.304967 28.205705
94.794795 -22.245164 -1.388841 17.315523 28.224166
94.894895 -22.260295 -1.389852 17.326070 28.242612
94.994995 -22.275412 -1.390863 17.336609 28.261042
95.095095 -22.290516 -1.391873 17.347139 28.279456
95.195195 -22.305606 -1.392881 17.357661 28.297855
95.295295 -22.320683 -1.393889 17.368175 28.316238
95.395395 -22.335745 -1.394896 17.378680 28.334604
95.495495 -22.350792 -1.395902 17.389176 28.352952
95.595596 -22.365824 -1.396906 17.399662 28.371282
95.695696 -22.380840 -1.397909 17.410137 28.389593
95.795796 -22.395837 -1.398912 17.420600 28.407882
95.895896 -22.410814 -1.399912 17.431049 28.426147
95.995996 -22.425771 -1.400912 17.441486 28.444387
96.096096 -22.440707 -1.401910 17.451908 28.462603
96.196196 -22.455624 -1.402906 17.462318 28.480796
96.296296 -22.470523 -1.403902 17.472716 28.498968
96.396396 -22.485405 -1.404896 17.483102 28.517118
96.496496 -22.500269 -1.405889 17.493477 28.535248
96.596597 -22.515119 -1.406881 17.503843 28.553361
96.696697 -22.529953 -1.407872 17.514199 28.571455
96.796797 -22.544771 -1.408862 17.524545 28.589531
96.896897 -22.559572 -1.409850 17.534879 28.607586
96.996997 -22.574356 -1.410838 17.545203 28.625620
97.097097 -22.589122 -1.411824 17.555514 28.643634
97.197197 -22.603870 -1.412809 17.565814 28.661626
97.297297 -22.618602 -1.413793 17.576104 28.679599
97.397397 -22.633319 -1.414775 17.586384 28.697554
97.497497 -22.648020 -1.415757 17.596654 28.715491
97.597598 -22.662706 -1.416738 17.606913 28.733409
97.697698 -22.677375 -1.417717 17.617162 28.751307
97.797798 -22.692027 -1.418695 17.627400 28.769185
97.897898 -22.706662 -1.419672 17.637627 28.787043
97.997998 -22.721277 -1.420648 17.647841 28.804877
98.098098 -22.735873 -1.421623 17.658042 28.822688
98.198198 -22.750449 -1.422596 17.668229 28.840475
98.298298 -22.765004 -1.423567 17.678402 28.858237
98.398398 -22.779538 -1.424537 17.688560 28.875973
98.498498 -22.794048 -1.425506 17.698703 28.893681
98.598599 -22.808534 -1.426473 17.708829 28.911359
98.698699 -22.822995 -1.427438 17.718937 28.929006
98.798799 -22.837430 -1.428402 17.729027 28.946622
98.898899 -22.851839 -1.429363 17.739099 28.964207
98.998999 -22.866222 -1.430324 17.749153 28.981760
99.099099 -22.880580 -1.431282 17.759190 28.999281
99.199199 -22.894911 -1.432239 17.769207 29.016771
99.299299 -22.909215 -1.433193 17.779207 29.034228
99.399399 -22.923494 -1.434146 17.789188 29.051653
99.499499 -22.937745 -1.435098 17.799150 29.069045
99.599600 -22.951969 -1.436047 17.809092 29.086403
99.699700 -22.966163 -1.436995 17.819014 29.103726
99.799800 -22.980328 -1.437940 17.828915 29.121012
99.899900 -22.994464 -1.438884 17.838795 29.138263
100.000000 -23.008571 -1.439825 17.848655 29.155478
