0.000000 0.667161 -0.294637 0.402429 0.832985
0.100100 0.738253 -0.259398 0.325156 0.847367
0.200200 0.800274 -0.220997 0.243934 0.865322
0.300300 0.853112 -0.180085 0.159957 0.886464
0.400400 0.896889 -0.137283 0.074321 0.910373
0.500501 0.931958 -0.093169 -0.011998 0.936681
0.600601 0.958801 -0.048254 -0.098172 0.965021
0.700701 0.977884 -0.002970 -0.183512 0.994958
0.800801 0.989748 0.042313 -0.267458 1.026121
0.900901 0.995026 0.087294 -0.349585 1.058257
1.001001 0.994311 0.131725 -0.429564 1.091114
1.101101 0.988177 0.175415 -0.507161 1.124490
1.201201 0.977212 0.218224 -0.582235 1.158258
1.301301 0.961926 0.260042 -0.654688 1.192283
1.401401 0.942730 0.300776 -0.724432 1.226380
1.501502 0.920019 0.340362 -0.791426 1.260411
1.601602 0.894151 0.378750 -0.855650 1.294254
1.701702 0.865453 0.415910 -0.917114 1.327813
1.801802 0.834296 0.451858 -0.975916 1.361117
1.901902 0.801035 0.486632 -1.032197 1.394238
2.002002 0.765945 0.520262 -1.086060 1.427189
2.102102 0.729228 0.552748 -1.137546 1.459902
2.202202 0.691044 0.584082 -1.186672 1.492275
2.302302 0.651547 0.614263 -1.233467 1.524229
2.402402 0.610901 0.643317 -1.278006 1.555749
2.502503 0.569259 0.671274 -1.320374 1.586837
2.602603 0.526762 0.698169 -1.360663 1.617505
2.702703 0.483520 0.724020 -1.398925 1.647722
2.802803 0.439635 0.748845 -1.435213 1.677464
2.902903 0.395221 0.772698 -1.469647 1.706788
3.003003 0.350375 0.795630 -1.502336 1.735743
3.103103 0.305176 0.817672 -1.533352 1.764338
3.203203 0.259686 0.838832 -1.562721 1.792532
3.303303 0.213968 0.859136 -1.590503 1.820329
3.403403 0.168085 0.878628 -1.616788 1.847767
3.503504 0.122088 0.897331 -1.641630 1.874848
3.603604 0.076020 0.915257 -1.665057 1.901549
3.703704 0.029923 0.932411 -1.687084 1.927832
3.803804 -0.016163 0.948793 -1.707724 1.953661
3.903904 -0.062202 0.964400 -1.726975 1.978984
4.004004 -0.108157 0.979230 -1.744840 2.003760
4.104104 -0.153994 0.993290 -1.761338 2.027967
4.204204 -0.199684 1.006615 -1.776543 2.051646
4.304304 -0.245205 1.019254 -1.790540 2.074858
4.404404 -0.290537 1.031239 -1.803396 2.097642
4.504505 -0.335664 1.042611 -1.815186 2.120049
4.604605 -0.380573 1.053401 -1.825970 2.142115
4.704705 -0.425249 1.063637 -1.835798 2.163866
4.804805 -0.469677 1.073330 -1.844695 2.185299
4.904905 -0.513835 1.082479 -1.852664 2.206388
5.005005 -0.557711 1.091099 -1.859732 2.227138
5.105105 -0.601295 1.099207 -1.865934 2.247559
5.205205 -0.644574 1.106813 -1.871292 2.267652
5.305305 -0.687537 1.113930 -1.875827 2.287416
5.405405 -0.730177 1.120573 -1.879569 2.306864
5.505506 -0.772482 1.126747 -1.882533 2.325987
5.605606 -0.814440 1.132461 -1.884731 2.344780
5.705706 -0.856054 1.137736 -1.886207 2.363271
5.805806 -0.897326 1.142599 -1.887003 2.381493
5.905906 -0.938248 1.147053 -1.887131 2.399438
6.006006 -0.978802 1.151094 -1.886585 2.417080
6.106106 -1.018971 1.154718 -1.885362 2.434392
6.206206 -1.058741 1.157922 -1.883459 2.451354
6.306306 -1.098116 1.160728 -1.880913 2.467991
6.406406 -1.137093 1.163144 -1.877742 2.484311
6.506507 -1.175657 1.165169 -1.873945 2.500292
6.606607 -1.213800 1.166806 -1.869529 2.515926
6.706707 -1.251519 1.168064 -1.864512 2.531221
6.806807 -1.288816 1.168955 -1.858916 2.546187
6.906907 -1.325686 1.169485 -1.852751 2.560825
7.007007 -1.362121 1.169659 -1.846028 2.575130
7.107107 -1.398128 1.169491 -1.838770 2.589120
7.207207 -1.433716 1.168997 -1.831006 2.602821
7.307307 -1.468887 1.168187 -1.822753 2.616241
7.407407 -1.503642 1.167071 -1.814027 2.629389
7.507508 -1.537985 1.165657 -1.804846 2.642276
7.607608 -1.571923 1.163960 -1.795230 2.654919
7.707708 -1.605456 1.161985 -1.785192 2.667322
7.807808 -1.638590 1.159743 -1.774751 2.679501
7.907908 -1.671331 1.157244 -1.763921 2.691464
8.008008 -1.703674 1.154491 -1.752709 2.703210
8.108108 -1.735618 1.151488 -1.741125 2.714740
8.208208 -1.767179 1.148250 -1.729192 2.726078
8.308308 -1.798373 1.144795 -1.716936 2.737255
8.408408 -1.829186 1.141117 -1.704352 2.748252
8.508509 -1.859604 1.137211 -1.691435 2.759045
8.608609 -1.889635 1.133088 -1.678199 2.769650
8.708709 -1.919283 1.128753 -1.664657 2.780074
8.808809 -1.948536 1.124205 -1.650806 2.790302
8.908909 -1.977397 1.119448 -1.636655 2.800340
9.009009 -2.005865 1.114487 -1.622211 2.810186
9.109109 -2.033935 1.109323 -1.607477 2.819836
9.209209 -2.061593 1.103951 -1.592448 2.829269
9.309309 -2.088821 1.098366 -1.577119 2.838465
9.409409 -2.115634 1.092580 -1.561507 2.847445
9.509510 -2.142038 1.086599 -1.545622 2.856216
9.609610 -2.168035 1.080428 -1.529474 2.864784
9.709710 -2.193632 1.074074 -1.513073 2.873160
9.809810 -2.218837 1.067544 -1.496430 2.881352
9.909910 -2.243649 1.060841 -1.479552 2.889363
10.010010 -2.268047 1.053958 -1.462428 2.897164
10.110110 -2.292030 1.046898 -1.445066 2.904757
10.210210 -2.315617 1.039672 -1.427481 2.912165
10.310310 -2.338810 1.032285 -1.409681 2.919392
10.410410 -2.361619 1.024744 -1.391677 2.926450
10.510511 -2.384048 1.017052 -1.373476 2.933345
10.610611 -2.406097 1.009213 -1.355083 2.940079
10.710711 -2.427758 1.001227 -1.336497 2.946640
10.810811 -2.449025 0.993092 -1.317721 2.953022
10.910911 -2.469891 0.984809 -1.298756 2.959219
11.011011 -2.490340 0.976374 -1.279597 2.965209
11.111111 -2.510378 0.967792 -1.260252 2.971002
11.211211 -2.530000 0.959064 -1.240724 2.976592
11.311311 -2.549196 0.950188 -1.221012 2.981967
11.411411 -2.567963 0.941167 -1.201120 2.987125
11.511512 -2.586305 0.932003 -1.181053 2.992071
11.611612 -2.604237 0.922705 -1.160824 2.996823
11.711712 -2.621758 0.913275 -1.140436 3.001380
11.811812 -2.638848 0.903709 -1.119885 3.005720
11.911912 -2.655487 0.894001 -1.099167 3.009820
12.012012 -2.671677 0.884156 -1.078287 3.013684
12.112112 -2.687418 0.874175 -1.057249 3.017312
12.212212 -2.702708 0.864060 -1.036057 3.020702
12.312312 -2.717554 0.853816 -1.014719 3.023865
12.412412 -2.731950 0.843444 -0.993236 3.026791
12.512513 -2.745877 0.832941 -0.971606 3.029464
12.612613 -2.759311 0.822300 -0.949825 3.031855
12.712713 -2.772240 0.811522 -0.927892 3.033953
12.812813 -2.784650 0.800604 -0.905809 3.035743
12.912913 -2.796529 0.789546 -0.883576 3.037213
13.013013 -2.807893 0.778356 -0.861202 3.038382
13.113113 -2.818750 0.767037 -0.838696 3.039261
13.213213 -2.829081 0.755588 -0.816055 3.039828
13.313313 -2.838869 0.744006 -0.793280 3.040068
13.413413 -2.848118 0.732295 -0.770377 3.039986
13.513514 -2.856834 0.720459 -0.747352 3.039588
13.613614 -2.865001 0.708497 -0.724205 3.038860
13.713714 -2.872607 0.696409 -0.700938 3.037790
13.813814 -2.879638 0.684193 -0.677552 3.036364
13.913914 -2.886102 0.671854 -0.654055 3.034595
14.014014 -2.892043 0.659406 -0.630461 3.032525
14.114114 -2.897474 0.646854 -0.606778 3.030174
14.214214 -2.902407 0.634202 -0.583012 3.027553
14.314314 -2.906853 0.621455 -0.559169 3.024677
14.414414 -2.910801 0.608615 -0.535253 3.021535
14.514515 -2.914242 0.595680 -0.511264 3.018117
14.614615 -2.917166 0.582651 -0.487206 3.014417
14.714715 -2.919564 0.569529 -0.463081 3.010425
14.814815 -2.921419 0.556313 -0.438892 3.006127
14.914915 -2.922723 0.543003 -0.414641 3.001515
15.015015 -2.923485 0.529605 -0.390334 2.996599
15.115115 -2.923688 0.516117 -0.365974 2.991365
15.215215 -2.923338 0.502543 -0.341565 2.985821
15.315315 -2.922425 0.488884 -0.317112 2.979955
15.415415 -2.920924 0.475139 -0.292616 2.973748
15.515516 -2.918847 0.461311 -0.268084 2.967211
15.615616 -2.916175 0.447401 -0.243518 2.960329
15.715716 -2.912904 0.433411 -0.218923 2.953097
15.815816 -2.909036 0.419344 -0.194304 2.945521
15.915916 -2.904554 0.405199 -0.169664 2.937585
16.016016 -2.899462 0.390982 -0.145011 2.929296
16.116116 -2.893770 0.376694 -0.120348 2.920666
16.216216 -2.887461 0.362339 -0.095680 2.911680
16.316316 -2.880532 0.347917 -0.071013 2.902336
16.416416 -2.873001 0.333434 -0.046352 2.892657
16.516517 -2.864864 0.318892 -0.021703 2.882639
16.616617 -2.856113 0.304294 0.002931 2.872279
16.716717 -2.846749 0.289642 0.027542 2.861578
16.816817 -2.836753 0.274937 0.052127 2.850522
16.916917 -2.826107 0.260181 0.076678 2.839094
17.017017 -2.814795 0.245376 0.101191 2.827281
17.117117 -2.802792 0.230522 0.125657 2.815062
17.217217 -2.790098 0.215623 0.150071 2.802438
17.317317 -2.776706 0.200681 0.174426 2.789408
17.417417 -2.762593 0.185700 0.198715 2.775949
17.517518 -2.747750 0.170681 0.222929 2.762057
17.617618 -2.732183 0.155629 0.247064 2.747741
17.717718 -2.715896 0.140548 0.271112 2.733010
17.817818 -2.698860 0.125441 0.295063 2.717838
17.917918 -2.681024 0.110308 0.318906 2.702177
18.018018 -2.662349 0.095153 0.342626 2.685991
18.118118 -2.642817 0.079979 0.366215 2.669268
18.218218 -2.622455 0.064792 0.389667 2.652039
18.318318 -2.601291 0.049598 0.412978 2.634336
18.418418 -2.579313 0.034400 0.436137 2.616153
18.518519 -2.556485 0.019203 0.459130 2.597458
18.618619 -2.532768 0.004012 0.481941 2.578216
18.718719 -2.508127 -0.011167 0.504554 2.558398
18.818819 -2.482534 -0.026330 0.526953 2.537981
18.918919 -2.455969 -0.041470 0.549122 2.516950
19.019019 -2.428406 -0.056581 0.571045 2.495286
19.119119 -2.399825 -0.071654 0.592706 2.472973
19.219219 -2.370231 -0.086685 0.614093 2.450024
19.319319 -2.339602 -0.101665 0.635188 2.426425
19.419419 -2.307904 -0.116585 0.655970 2.402147
19.519520 -2.275112 -0.131436 0.676416 2.377173
19.619620 -2.241208 -0.146210 0.696507 2.351491
19.719720 -2.206193 -0.160897 0.716229 2.325115
19.819820 -2.170066 -0.175490 0.735565 2.298051
19.919920 -2.132817 -0.189978 0.754496 2.270300
20.020020 -2.094402 -0.204348 0.772988 2.241828
20.120120 -2.054813 -0.218590 0.791021 2.212635
20.220220 -2.014041 -0.232691 0.808574 2.182727
20.320320 -1.972039 -0.246635 0.825605 2.152066
20.420420 -1.928755 -0.260403 0.842073 2.120611
20.520521 -1.884154 -0.273979 0.857938 2.088338
20.620621 -1.838230 -0.287347 0.873173 2.055259
20.720721 -1.790957 -0.300488 0.887739 2.021361
20.820821 -1.742287 -0.313379 0.901583 1.986610
20.920921 -1.692178 -0.325994 0.914652 1.950981
21.021021 -1.640586 -0.338307 0.926890 1.914445
21.121121 -1.587450 -0.350284 0.938223 1.876955
21.221221 -1.532762 -0.361901 0.948608 1.838529
21.321321 -1.476532 -0.373135 0.958006 1.799208
21.421421 -1.418700 -0.383946 0.966330 1.758954
21.521522 -1.359176 -0.394279 0.973466 1.717688
21.621622 -1.297893 -0.404081 0.979306 1.675365
21.721722 -1.234779 -0.413292 0.983725 1.631933
21.821822 -1.169760 -0.421844 0.986587 1.587338
21.921922 -1.102769 -0.429661 0.987744 1.541540
22.022022 -1.033707 -0.436646 0.987002 1.494451
22.122122 -0.962489 -0.442695 0.984153 1.446001
22.222222 -0.889061 -0.447699 0.978995 1.396172
22.322322 -0.813387 -0.451542 0.971309 1.344965
22.422422 -0.735406 -0.454072 0.960809 1.292346
22.522523 -0.654992 -0.455060 0.947061 1.238151
22.622623 -0.572012 -0.454224 0.929526 1.182174
22.722723 -0.486404 -0.451251 0.907631 1.124283
22.822823 -0.398162 -0.445774 0.880712 1.064378
22.922923 -0.307368 -0.437367 0.848017 1.002446
23.023023 -0.214204 -0.425479 0.808587 0.938471
23.123123 -0.118988 -0.409345 0.761105 0.872355
23.223223 -0.022351 -0.387968 0.703892 0.804042
23.323323 0.074534 -0.360119 0.634965 0.733772
23.423423 0.169576 -0.324228 0.551889 0.662164
23.523524 0.259162 -0.278384 0.451922 0.590675
23.623624 0.337220 -0.220593 0.332639 0.522521
23.723724 0.393750 -0.149211 0.193006 0.463200
23.823824 0.414727 -0.064856 0.036847 0.421382
23.923924 0.387162 0.026705 -0.122931 0.407087
24.024024 0.310087 0.114863 -0.267009 0.425019
24.124124 0.197575 0.190321 -0.381342 0.469765
24.224224 0.067657 0.249840 -0.463574 0.530941
24.324324 -0.066708 0.294707 -0.518527 0.600143
24.424424 -0.198639 0.327680 -0.552502 0.672376
24.524525 -0.325115 0.351447 -0.570930 0.745101
24.624625 -0.445043 0.368081 -0.577761 0.816918
24.724725 -0.558201 0.379104 -0.575783 0.887037
24.824825 -0.664824 0.385694 -0.567073 0.955156
24.924925 -0.765348 0.388759 -0.553184 1.021227
25.025025 -0.860171 0.388946 -0.535206 1.085182
25.125125 -0.949661 0.386739 -0.513944 1.146979
25.225225 -1.034161 0.382520 -0.490016 1.206618
25.325325 -1.114025 0.376604 -0.463924 1.264163
25.425425 -1.189651 0.369274 -0.436099 1.319779
25.525526 -1.261392 0.360755 -0.406883 1.373611
25.625626 -1.329526 0.351223 -0.376535 1.425754
25.725726 -1.394241 0.340805 -0.345250 1.476229
25.825826 -1.455721 0.329613 -0.313195 1.525077
25.925926 -1.514208 0.317759 -0.280525 1.572416
26.026026 -1.569830 0.305321 -0.247354 1.618261
26.126126 -1.622657 0.292355 -0.213771 1.662584
26.226226 -1.672827 0.278926 -0.179866 1.705433
26.326326 -1.720518 0.265099 -0.145722 1.746910
26.426426 -1.765901 0.250931 -0.111409 1.787116
26.526527 -1.809078 0.236464 -0.076983 1.826090
26.626627 -1.850133 0.221734 -0.042493 1.863858
26.726727 -1.889127 0.206772 -0.007982 1.900426
26.826827 -1.926115 0.191604 0.026512 1.935804
26.926927 -1.961208 0.176262 0.060955 1.970056
27.027027 -1.994485 0.160770 0.095316 2.003223
27.127127 -2.025971 0.145147 0.129568 2.035292
27.227227 -2.055715 0.129413 0.163684 2.066277
27.327327 -2.083776 0.113587 0.197641 2.096207
27.427427 -2.110212 0.097685 0.231421 2.125110
27.527528 -2.135083 0.081724 0.265006 2.153018
27.627628 -2.158441 0.065718 0.298379 2.179958
27.727728 -2.180330 0.049680 0.331526 2.205950
27.827828 -2.200818 0.033623 0.364436 2.231041
27.927928 -2.219929 0.017558 0.397096 2.255234
28.028028 -2.237636 0.001494 0.429481 2.278480
28.128128 -2.253948 -0.014558 0.461576 2.300771
28.228228 -2.268919 -0.030588 0.493373 2.322143
28.328328 -2.282615 -0.046589 0.524870 2.342646
28.428428 -2.295077 -0.062552 0.556062 2.362307
28.528529 -2.306308 -0.078469 0.586932 2.381114
28.628629 -2.316315 -0.094332 0.617469 2.399059
28.728729 -2.325162 -0.110136 0.647674 2.416193
28.828829 -2.332928 -0.125876 0.677556 2.432587
28.928929 -2.339661 -0.141548 0.707116 2.448278
29.029029 -2.345394 -0.157147 0.736351 2.463287
29.129129 -2.350147 -0.172668 0.765257 2.477625
29.229229 -2.353947 -0.188106 0.793829 2.491308
29.329329 -2.356826 -0.203459 0.822069 2.504360
29.429429 -2.358820 -0.218724 0.849979 2.516810
29.529530 -2.359958 -0.233896 0.877558 2.528679
29.629630 -2.360266 -0.248974 0.904806 2.539984
29.729730 -2.359773 -0.263955 0.931724 2.550747
29.829830 -2.358489 -0.278836 0.958308 2.560971
29.929930 -2.356412 -0.293610 0.984548 2.570646
30.030030 -2.353568 -0.308277 1.010445 2.579790
30.130130 -2.350003 -0.322836 1.036010 2.588446
30.230230 -2.345753 -0.337290 1.061251 2.596647
30.330330 -2.340836 -0.351634 1.086168 2.604404
30.430430 -2.335280 -0.365871 1.110765 2.611742
30.530531 -2.329082 -0.379994 1.135035 2.618649
30.630631 -2.322222 -0.393997 1.158959 2.625097
30.730731 -2.314724 -0.407879 1.182543 2.631107
30.830831 -2.306626 -0.421643 1.205798 2.636713
30.930931 -2.297964 -0.435291 1.228735 2.641952
31.031031 -2.288787 -0.448829 1.251373 2.646871
31.131131 -2.279156 -0.462265 1.273741 2.651538
31.231231 -2.269098 -0.475602 1.295847 2.655978
31.331331 -2.258610 -0.488835 1.317685 2.660183
31.431431 -2.247692 -0.501963 1.339247 2.664145
31.531532 -2.236327 -0.514978 1.360521 2.667842
31.631632 -2.224514 -0.527877 1.381498 2.671264
31.731732 -2.212269 -0.540660 1.402184 2.674428
31.831832 -2.199616 -0.553331 1.422587 2.677356
31.931932 -2.186574 -0.565890 1.442715 2.680067
32.032032 -2.173158 -0.578339 1.462572 2.682575
32.132132 -2.159365 -0.590675 1.482152 2.684870
32.232232 -2.145193 -0.602893 1.501446 2.686945
32.332332 -2.130650 -0.614994 1.520457 2.688806
32.432432 -2.115729 -0.626972 1.539174 2.690439
32.532533 -2.100418 -0.638821 1.557583 2.691823
32.632633 -2.084714 -0.650536 1.575674 2.692950
32.732733 -2.068602 -0.662110 1.593433 2.693795
32.832833 -2.052085 -0.673541 1.610854 2.694357
32.932933 -2.035166 -0.684825 1.627934 2.694634
33.033033 -2.017846 -0.695961 1.644668 2.694623
33.133133 -2.000125 -0.706944 1.661050 2.694320
33.233233 -1.981982 -0.717763 1.677054 2.693686
33.333333 -1.963395 -0.728407 1.692657 2.692691
33.433433 -1.944354 -0.738867 1.707842 2.691313
33.533534 -1.924854 -0.749139 1.722598 2.689538
33.633634 -1.904901 -0.759219 1.736921 2.687370
33.733734 -1.884480 -0.769098 1.750790 2.684780
33.833834 -1.863565 -0.778760 1.764172 2.681724
33.933934 -1.842149 -0.788197 1.777052 2.678186
34.034034 -1.820251 -0.797412 1.789440 2.674186
34.134134 -1.797892 -0.806410 1.801347 2.669750
34.234234 -1.775090 -0.815193 1.812780 2.664893
34.334334 -1.751850 -0.823759 1.823738 2.659620
34.434434 -1.728171 -0.832103 1.834209 2.653920
34.534535 -1.704031 -0.840208 1.844161 2.647754
34.634635 -1.679420 -0.848064 1.853574 2.641098
34.734735 -1.654345 -0.855669 1.862445 2.633957
34.834835 -1.628810 -0.863019 1.870765 2.626326
34.934935 -1.602811 -0.870106 1.878524 2.618194
35.035035 -1.576349 -0.876923 1.885706 2.609551
35.135135 -1.549415 -0.883461 1.892292 2.600377
35.235235 -1.521988 -0.889699 1.898244 2.590626
35.335335 -1.494057 -0.895624 1.903533 2.580269
35.435435 -1.465630 -0.901234 1.908157 2.569311
35.535536 -1.436725 -0.906530 1.912126 2.557773
35.635636 -1.407370 -0.911523 1.915459 2.545692
35.735736 -1.377579 -0.916214 1.918164 2.533086
35.835836 -1.347345 -0.920590 1.920216 2.519931
35.935936 -1.316666 -0.924642 1.921597 2.506214
36.036036 -1.285552 -0.928368 1.922305 2.491940
36.136136 -1.254021 -0.931770 1.922351 2.477135
36.236236 -1.222079 -0.934846 1.921728 2.461799
36.336336 -1.189724 -0.937584 1.920415 2.445915
36.436436 -1.156956 -0.939972 1.918393 2.429471
36.536537 -1.123776 -0.942004 1.915649 2.412458
36.636637 -1.090194 -0.943674 1.912174 2.394880
36.736737 -1.056219 -0.944978 1.907964 2.376743
36.836837 -1.021852 -0.945907 1.903002 2.358037
36.936937 -0.987082 -0.946437 1.897242 2.338718
37.037037 -0.951909 -0.946553 1.890657 2.318766
37.137137 -0.916327 -0.946234 1.883209 2.298149
37.237237 -0.880333 -0.945461 1.874863 2.276838
37.337337 -0.843933 -0.944222 1.865600 2.254826
37.437437 -0.807126 -0.942496 1.855379 2.232081
37.537538 -0.769904 -0.940253 1.844146 2.208552
37.637638 -0.732268 -0.937470 1.831857 2.184208
37.737738 -0.694224 -0.934130 1.818488 2.159038
37.837838 -0.655779 -0.930212 1.803997 2.133013
37.937938 -0.616935 -0.925690 1.788340 2.106103
38.038038 -0.577697 -0.920534 1.771465 2.078269
38.138138 -0.538064 -0.914705 1.753300 2.049453
38.238238 -0.498044 -0.908170 1.733786 2.019612
38.338338 -0.457648 -0.900899 1.712873 1.988716
38.438438 -0.416883 -0.892846 1.690479 1.956702
38.538539 -0.375758 -0.883961 1.666516 1.923501
38.638639 -0.334291 -0.874206 1.640916 1.889072
38.738739 -0.292499 -0.863526 1.613586 1.853346
38.838839 -0.250405 -0.851872 1.584443 1.816273
38.938939 -0.208051 -0.839234 1.553474 1.777886
39.039039 -0.165473 -0.825577 1.520624 1.738176
39.139139 -0.122710 -0.810849 1.485807 1.697103
39.239239 -0.079806 -0.794991 1.448925 1.654619
39.339339 -0.036811 -0.777929 1.409857 1.610660
39.439439 0.006214 -0.759584 1.368467 1.565155
39.539540 0.049197 -0.739881 1.324638 1.518062
39.639640 0.092052 -0.718732 1.278224 1.469322
39.739740 0.134669 -0.695993 1.228990 1.418788
39.839840 0.176915 -0.671507 1.176679 1.366306
39.939940 0.218631 -0.645142 1.121082 1.311805
40.040040 0.259628 -0.616766 1.061995 1.255245
40.140140 0.299649 -0.586163 0.999083 1.196471
40.240240 0.338351 -0.553064 0.931925 1.135273
40.340340 0.375290 -0.517157 0.860045 1.071434
40.440440 0.409867 -0.478067 0.782880 1.004709
40.540541 0.441257 -0.435332 0.699758 0.934818
40.640641 0.468312 -0.388392 0.609891 0.861471
40.740741 0.489378 -0.336566 0.512372 0.784406
40.840841 0.501914 -0.278976 0.406105 0.703325
40.940941 0.501930 -0.214564 0.289956 0.618098
41.041041 0.483160 -0.142331 0.163331 0.529508
41.141141 0.435281 -0.061910 0.027565 0.440525
41.241241 0.341737 0.024179 -0.109602 0.359696
41.341341 0.184252 0.103936 -0.223001 0.307378
41.441441 -0.025323 0.152164 -0.269488 0.310514
41.541542 -0.230498 0.156873 -0.238353 0.366811
41.641642 -0.396483 0.132451 -0.162257 0.448408
41.741742 -0.523592 0.094264 -0.068848 0.536446
41.841842 -0.620456 0.050360 0.029027 0.623173
41.941942 -0.694607 0.004501 0.126040 0.705964
42.042042 -0.751574 -0.041515 0.220017 0.784216
42.142142 -0.795084 -0.086800 0.310078 0.857812
42.242242 -0.827751 -0.130902 0.395911 0.926851
42.342342 -0.851511 -0.173588 0.477471 0.991555
42.442442 -0.867820 -0.214744 0.554832 1.052172
42.542543 -0.877821 -0.254323 0.628132 1.108963
42.642643 -0.882423 -0.292321 0.697539 1.162188
42.742743 -0.882391 -0.328767 0.763250 1.212127
42.842843 -0.878340 -0.363695 0.825450 1.259017
42.942943 -0.870783 -0.397151 0.884318 1.303077
43.043043 -0.860112 -0.429164 0.939982 1.344448
43.143143 -0.846643 -0.459759 0.992548 1.383233
43.243243 -0.830662 -0.488966 1.042127 1.419548
43.343343 -0.812385 -0.516796 1.088780 1.453440
43.443443 -0.792037 -0.543284 1.132612 1.485022
43.543544 -0.769870 -0.568497 1.173796 1.514492
43.643644 -0.746078 -0.592483 1.212451 1.541981
43.743744 -0.720804 -0.615264 1.248647 1.567554
43.843844 -0.694170 -0.636853 1.282432 1.591253
43.943944 -0.666279 -0.657257 1.313837 1.613097
44.044044 -0.637226 -0.676482 1.342892 1.633108
44.144144 -0.607124 -0.694558 1.369673 1.651367
44.244244 -0.576073 -0.711512 1.394246 1.667942
44.344344 -0.544148 -0.727347 1.416634 1.682850
44.444444 -0.511422 -0.742071 1.436864 1.696114
44.544545 -0.477958 -0.755680 1.454940 1.707731
44.644645 -0.443821 -0.768176 1.470880 1.717719
44.744745 -0.409091 -0.779597 1.484766 1.726168
44.844845 -0.373835 -0.789958 1.496640 1.733124
44.944945 -0.338103 -0.799253 1.506498 1.738579
45.045045 -0.301949 -0.807483 1.514356 1.742549
45.145145 -0.265426 -0.814650 1.520225 1.745047
45.245245 -0.228582 -0.820746 1.524101 1.746069
45.345345 -0.191458 -0.825738 1.525933 1.745558
45.445445 -0.154101 -0.829601 1.525684 1.743473
45.545546 -0.116558 -0.832314 1.523324 1.739784
45.645646 -0.078880 -0.833875 1.518862 1.734506
45.745746 -0.041121 -0.834280 1.512300 1.727647
45.845846 -0.003331 -0.833519 1.503630 1.719206
45.945946 0.034436 -0.831593 1.492862 1.709202
46.046046 0.072126 -0.828471 1.479952 1.697594
46.146146 0.109681 -0.824114 1.464842 1.684327
46.246246 0.147041 -0.818500 1.447504 1.669380
46.346346 0.184141 -0.811594 1.427885 1.652709
46.446446 0.220911 -0.803353 1.405923 1.634258
46.546547 0.257277 -0.793749 1.381582 1.614000
46.646647 0.293161 -0.782741 1.354803 1.591891
46.746747 0.328465 -0.770264 1.325485 1.567835
46.846847 0.363088 -0.756257 1.293541 1.541754
46.946947 0.396928 -0.740680 1.258918 1.513616
47.047047 0.429869 -0.723482 1.221544 1.483368
47.147147 0.461764 -0.704575 1.181292 1.450897
47.247247 0.492446 -0.683866 1.138024 1.416077
47.347347 0.521727 -0.661258 1.091601 1.378787
47.447447 0.549389 -0.636639 1.041867 1.338890
47.547548 0.575169 -0.609881 0.988639 1.296218
47.647648 0.598757 -0.580838 0.931712 1.250588
47.747748 0.619751 -0.549317 0.870820 1.201735
47.847848 0.637645 -0.515087 0.805640 1.149331
47.947948 0.651832 -0.477900 0.735845 1.093042
48.048048 0.661573 -0.437491 0.661100 1.032536
48.148148 0.665953 -0.393578 0.581071 0.967492
48.248248 0.663810 -0.345852 0.495426 0.897611
48.348348 0.653634 -0.293990 0.403874 0.822668
48.448448 0.633191 -0.237572 0.306092 0.742337
48.548549 0.599181 -0.176149 0.201904 0.656363
48.648649 0.546449 -0.109364 0.091663 0.564774
48.748749 0.466394 -0.037388 -0.022661 0.468439
48.848849 0.345064 0.037225 -0.133769 0.371953
48.948949 0.164114 0.103343 -0.218043 0.291814
49.049049 -0.068118 0.131103 -0.223246 0.267706
49.149149 -0.273299 0.101935 -0.131022 0.319765
49.249249 -0.407296 0.042655 0.001751 0.409528
49.349349 -0.487176 -0.023491 0.136452 0.506469
49.449449 -0.532856 -0.088400 0.262317 0.600466
49.549550 -0.556397 -0.149796 0.377572 0.688896
49.649650 -0.564777 -0.207177 0.482658 0.771267
49.749750 -0.562352 -0.260622 0.578560 0.847877
49.849850 -0.552024 -0.310409 0.666341 0.919291
49.949950 -0.535701 -0.356816 0.746868 0.985954
50.050050 -0.514646 -0.400052 0.820765 1.048121
50.150150 -0.489782 -0.440304 0.888545 1.106014
50.250250 -0.461846 -0.477766 0.950699 1.159910
50.350350 -0.431422 -0.512620 1.007671 1.210084
50.450450 -0.398980 -0.545039 1.059862 1.256805
50.550551 -0.364901 -0.575179 1.107629 1.300317
50.650651 -0.329489 -0.603167 1.151257 1.340809
50.750751 -0.292987 -0.629104 1.190975 1.378417
50.850851 -0.255606 -0.653086 1.227000 1.413289
50.950951 -0.217524 -0.675205 1.259529 1.445556
51.051051 -0.178893 -0.695524 1.288707 1.475304
51.151151 -0.139842 -0.714103 1.314665 1.502612
51.251251 -0.100485 -0.730968 1.337475 1.527498
51.351351 -0.060923 -0.746132 1.357177 1.549952
51.451451 -0.021254 -0.759668 1.373923 1.570099
51.551552 0.018430 -0.771661 1.387885 1.588089
51.651652 0.058052 -0.782151 1.399148 1.603978
51.751752 0.097536 -0.791161 1.407768 1.617795
51.851852 0.136816 -0.798722 1.413816 1.629586
51.951952 0.175827 -0.804874 1.417374 1.639416
52.052052 0.214515 -0.809663 1.418538 1.647368
52.152152 0.252828 -0.813138 1.417404 1.653526
52.252252 0.290716 -0.815331 1.414040 1.657947
52.352352 0.328124 -0.816251 1.408474 1.660641
52.452452 0.364997 -0.815904 1.400727 1.661614
52.552553 0.401292 -0.814322 1.390865 1.660922
52.652653 0.436960 -0.811524 1.378930 1.658600
52.752753 0.471944 -0.807505 1.364926 1.654636
52.852853 0.506189 -0.802266 1.348866 1.649029
52.952953 0.539633 -0.795800 1.330747 1.641764
53.053053 0.572215 -0.788102 1.310574 1.632832
53.153153 0.603887 -0.779188 1.288383 1.622266
53.253253 0.634580 -0.769047 1.264168 1.610045
53.353353 0.664219 -0.757662 1.237915 1.596143
53.453453 0.692733 -0.745025 1.209621 1.580545
53.553554 0.720014 -0.731094 1.179232 1.563173
53.653654 0.745941 -0.715817 1.146678 1.543921
53.753754 0.770393 -0.699155 1.111909 1.522716
53.853854 0.793289 -0.681105 1.074941 1.499569
53.953954 0.814547 -0.661677 1.035802 1.474513
54.054054 0.834036 -0.640837 0.994460 1.447494
54.154154 0.851570 -0.618521 0.950834 1.418389
54.254254 0.866974 -0.594682 0.904873 1.387114
54.354354 0.880085 -0.569295 0.856562 1.353641
54.454454 0.890678 -0.542302 0.805843 1.317870
54.554555 0.898493 -0.513641 0.752653 1.279689
54.654655 0.903243 -0.483251 0.696938 1.238992
54.754755 0.904586 -0.451063 0.638637 1.195655
54.854855 0.902130 -0.417003 0.577696 1.149548
54.954955 0.895379 -0.380983 0.514048 1.100499
55.055055 0.883740 -0.342907 0.447639 1.048314
55.155155 0.866430 -0.302658 0.378405 0.992720
55.255255 0.842523 -0.260132 0.306341 0.933466
55.355355 0.810856 -0.215243 0.231514 0.870297
55.455455 0.769720 -0.167879 0.154053 0.802736
55.555556 0.716813 -0.117998 0.074326 0.730253
55.655656 0.648971 -0.065728 -0.006821 0.652326
55.755756 0.561524 -0.011592 -0.087549 0.568426
55.855856 0.447836 0.042861 -0.163780 0.478767
55.955956 0.298671 0.093344 -0.226001 0.385998
56.056056 0.105135 0.128000 -0.251113 0.300824
56.156156 -0.114907 0.119797 -0.193823 0.255191
56.256256 -0.276377 0.052719 -0.041683 0.284431
56.356356 -0.335691 -0.037771 0.132943 0.363028
56.456456 -0.329905 -0.122987 0.285485 0.453282
56.556557 -0.291186 -0.196793 0.411093 0.540846
56.656657 -0.235773 -0.259748 0.513909 0.622222
56.756757 -0.171770 -0.313478 0.598433 0.697062
56.856857 -0.103412 -0.359398 0.668032 0.765589
56.956957 -0.033108 -0.398641 0.725215 0.828220
57.057057 0.037674 -0.432131 0.771933 0.885459
57.157157 0.108006 -0.460603 0.809690 0.937773
57.257257 0.177282 -0.484651 0.839674 0.985580
57.357357 0.245087 -0.504746 0.862812 1.029214
57.457457 0.311121 -0.521248 0.879814 1.068910
57.557558 0.375165 -0.534461 0.891270 1.104880
57.657658 0.437050 -0.544641 0.897675 1.137307
57.757758 0.496653 -0.552013 0.899456 1.166363
57.857858 0.553883 -0.556781 0.897000 1.192225
57.957958 0.608651 -0.559106 0.890614 1.215010
58.058058 0.660874 -0.559121 0.880555 1.234807
58.158158 0.710497 -0.556963 0.867081 1.251736
58.258258 0.757486 -0.552766 0.850437 1.265929
58.358358 0.801785 -0.546630 0.830817 1.277466
58.458458 0.843341 -0.538647 0.808396 1.286417
58.558559 0.882085 -0.528890 0.783319 1.292822
58.658659 0.917929 -0.517416 0.755706 1.296690
58.758759 0.950776 -0.504273 0.725663 1.298019
58.858859 0.980523 -0.489506 0.693290 1.296800
58.958959 1.007042 -0.473147 0.658670 1.293000
59.059059 1.030157 -0.455208 0.621858 1.286524
59.159159 1.049739 -0.435726 0.582947 1.277355
59.259259 1.065660 -0.414743 0.542037 1.265482
59.359359 1.077752 -0.392288 0.499211 1.250860
59.459459 1.085881 -0.368409 0.454582 1.233494
59.559560 1.089825 -0.343128 0.408234 1.213306
59.659660 1.089288 -0.316454 0.360240 1.190153
59.759760 1.083937 -0.288400 0.310687 1.163882
59.859860 1.073352 -0.258973 0.259668 1.134275
59.959960 1.057047 -0.228184 0.207300 1.101085
60.060060 1.034541 -0.196077 0.153751 1.064125
60.160160 1.005354 -0.162723 0.099246 1.023262
60.260260 0.968877 -0.128211 0.044060 0.978316
60.360360 0.924319 -0.092654 -0.011451 0.929022
60.460460 0.870608 -0.056207 -0.066797 0.874973
60.560561 0.806431 -0.019117 -0.121282 0.815724
60.660661 0.730205 0.018217 -0.173880 0.750843
60.760761 0.639766 0.055138 -0.222988 0.679753
60.860861 0.532274 0.090496 -0.265984 0.601874
60.960961 0.403977 0.122135 -0.298255 0.516788
61.061061 0.250249 0.145626 -0.310923 0.424858
61.161161 0.068640 0.151256 -0.285998 0.330733
61.261261 -0.123873 0.117978 -0.188811 0.254780
61.361361 -0.244632 0.026521 -0.000575 0.246066
61.461461 -0.229856 -0.083394 0.194769 0.312607
61.561562 -0.141564 -0.171650 0.336858 0.403704
61.661662 -0.031172 -0.236481 0.432439 0.493861
61.761762 0.082338 -0.283756 0.495760 0.577126
61.861862 0.192370 -0.318069 0.536382 0.652594
61.961962 0.296554 -0.342517 0.560344 0.720589
62.062062 0.394129 -0.359276 0.571718 0.781843
62.162162 0.484887 -0.369814 0.573190 0.836914
62.262262 0.568810 -0.375146 0.566597 0.886178
62.362362 0.646006 -0.376054 0.553324 0.930004
62.462462 0.716631 -0.373152 0.534451 0.968731
62.562563 0.780868 -0.366940 0.510843 1.002677
62.662663 0.838906 -0.357832 0.483210 1.032133
62.762763 0.890897 -0.346162 0.452125 1.057328
62.862863 0.936993 -0.332217 0.418078 1.078477
62.962963 0.977289 -0.316234 0.381474 1.095728
63.063063 1.011828 -0.298404 0.342652 1.109167
63.163163 1.040661 -0.278907 0.301928 1.118895
63.263263 1.063832 -0.257910 0.259590 1.125008
63.363363 1.081353 -0.235559 0.215903 1.127576
63.463463 1.093132 -0.211974 0.171100 1.126564
63.563564 1.099060 -0.187270 0.125410 1.121931
63.663664 1.099060 -0.161573 0.079073 1.113684
63.763764 1.093037 -0.135006 0.032332 1.101817
63.863864 1.080798 -0.107689 -0.014561 1.086247
63.963964 1.062160 -0.079752 -0.061337 1.066915
64.064064 1.036922 -0.051337 -0.107700 1.043764
64.164164 1.004752 -0.022598 -0.153309 1.016632
64.264264 0.965238 0.006286 -0.197760 0.985309
64.364364 0.917848 0.035096 -0.240557 0.949497
64.464464 0.861961 0.063557 -0.281084 0.908859
64.564565 0.796885 0.091313 -0.318564 0.863045
64.664665 0.721714 0.117877 -0.351945 0.811561
64.764765 0.635402 0.142580 -0.379818 0.753874
64.864865 0.536910 0.164491 -0.400306 0.689620
64.964965 0.424897 0.182162 -0.410535 0.618272
65.065065 0.297815 0.193186 -0.405869 0.539207
65.165165 0.154771 0.193388 -0.378606 0.452433
65.265265 -0.001886 0.174551 -0.314383 0.359595
65.365365 -0.153752 0.120963 -0.188422 0.271614
65.465465 -0.228431 0.017019 0.013431 0.229458
65.565566 -0.151201 -0.098489 0.206797 0.274457
65.665666 -0.000014 -0.176071 0.317491 0.363045
65.765766 0.155262 -0.220193 0.367061 0.455329
65.865866 0.296769 -0.243056 0.380955 0.540624
65.965966 0.421881 -0.252122 0.373139 0.617076
66.066066 0.531409 -0.251751 0.351317 0.684980
66.166166 0.626761 -0.244625 0.320051 0.745053
66.266266 0.709237 -0.232461 0.282187 0.797925
66.366366 0.779974 -0.216449 0.239653 0.844182
66.466466 0.839914 -0.197448 0.193814 0.884311
66.566567 0.889866 -0.176109 0.145689 0.918750
66.666667 0.930489 -0.152936 0.096057 0.947853
66.766767 0.962334 -0.128333 0.045543 0.971921
66.866867 0.985831 -0.102631 -0.005341 0.991173
66.966967 1.001324 -0.076110 -0.056155 1.005781
67.067067 1.009099 -0.049017 -0.106509 1.015887
67.167167 1.009309 -0.021574 -0.156036 1.021527
67.267267 1.002074 0.006013 -0.204382 1.022723
67.367367 0.987505 0.033539 -0.251203 1.019507
67.467467 0.965668 0.060801 -0.296143 1.011885
67.567568 0.936547 0.087585 -0.338816 0.999794
67.667668 0.900120 0.113668 -0.378811 0.983175
67.767768 0.856418 0.138811 -0.415710 0.962047
67.867868 0.805383 0.162744 -0.449008 0.936342
67.967968 0.746862 0.185139 -0.478087 0.905895
68.068068 0.680625 0.205592 -0.502174 0.870458
68.168168 0.606391 0.223595 -0.520299 0.829709
68.268268 0.523900 0.238511 -0.531264 0.783327
68.368368 0.432938 0.249514 -0.533537 0.730995
68.468468 0.333245 0.255395 -0.524886 0.672149
68.568569 0.224780 0.254404 -0.502150 0.606137
68.668669 0.108282 0.243989 -0.460870 0.532594
68.768769 -0.013686 0.220044 -0.394135 0.451607
68.868869 -0.133215 0.175832 -0.291327 0.365423
68.968969 -0.225874 0.100906 -0.138326 0.283435
69.069069 -0.228879 -0.008448 0.059439 0.236622
69.169169 -0.096612 -0.111366 0.219472 0.264394
69.269269 0.088149 -0.167096 0.284280 0.341330
69.369369 0.258299 -0.186378 0.286185 0.428202
69.469469 0.401722 -0.185170 0.256307 0.511236
69.569570 0.520649 -0.172354 0.210228 0.587347
69.669670 0.618960 -0.152599 0.155619 0.656213
69.769770 0.700053 -0.128557 0.096604 0.718285
69.869870 0.766443 -0.101801 0.035536 0.773990
69.969970 0.820176 -0.073361 -0.026126 0.823865
70.070070 0.862974 -0.043947 -0.087430 0.868505
70.170170 0.896087 -0.014048 -0.147738 0.908293
70.270270 0.920443 0.015976 -0.206581 0.943476
70.370370 0.936843 0.045849 -0.263616 0.974305
70.470470 0.945923 0.075350 -0.318565 1.000965
70.570571 0.948090 0.104286 -0.371159 1.023479
70.670671 0.943774 0.132493 -0.421188 1.041952
70.770771 0.933391 0.159832 -0.468480 1.056522
70.870871 0.917276 0.186173 -0.512866 1.067280
70.970971 0.895764 0.211402 -0.554203 1.074348
71.071071 0.869050 0.235385 -0.592289 1.077710
71.171171 0.837303 0.257985 -0.626909 1.077333
71.271271 0.800754 0.279086 -0.657899 1.073279
71.371371 0.759562 0.298546 -0.685034 1.065521
71.471471 0.713843 0.316205 -0.708046 1.053987
71.571572 0.663757 0.331905 -0.726682 1.038653
71.671672 0.609418 0.345451 -0.740613 1.019428
71.771772 0.550891 0.356592 -0.749398 0.996111
71.871872 0.488302 0.365071 -0.752598 0.968566
71.971972 0.421777 0.370564 -0.749656 0.936588
72.072072 0.351439 0.372659 -0.739848 0.899866
72.172172 0.277467 0.370835 -0.722273 0.858012
72.272272 0.200130 0.364424 -0.695775 0.810531
72.372372 0.119872 0.352547 -0.658858 0.756805
72.472472 0.037457 0.334032 -0.609554 0.696086
72.572573 -0.045737 0.307343 -0.545361 0.627670
72.672673 -0.127146 0.270218 -0.462696 0.550701
72.772773 -0.201535 0.219155 -0.356252 0.464286
72.872873 -0.256988 0.148819 -0.218713 0.368817
72.972973 -0.263035 0.052653 -0.044141 0.271861
73.073073 -0.150640 -0.060040 0.137357 0.212519
73.173173 0.078937 -0.123021 0.206582 0.253064
73.273273 0.283066 -0.120428 0.162483 0.347893
73.373373 0.429963 -0.090358 0.079889 0.446559
73.473473 0.535290 -0.050864 -0.011669 0.537828
73.573574 0.611827 -0.008422 -0.102981 0.620490
73.673674 0.667414 0.034386 -0.190908 0.695032
73.773774 0.707082 0.076405 -0.274338 0.762276
73.873874 0.734216 0.117079 -0.352921 0.823003
73.973974 0.751194 0.156133 -0.426622 0.877881
74.074074 0.759804 0.193441 -0.495556 0.927523
74.174174 0.761351 0.228938 -0.559863 0.972376
74.274274 0.756880 0.262612 -0.619721 1.012861
74.374374 0.747241 0.294478 -0.675318 1.049353
74.474474 0.733041 0.324527 -0.726760 1.082057
74.574575 0.714780 0.352760 -0.774142 1.111146
74.674675 0.692928 0.379200 -0.817597 1.136840
74.774775 0.667872 0.403865 -0.857233 1.159313
74.874875 0.639921 0.426755 -0.893111 1.178672
74.974975 0.609299 0.447839 -0.925214 1.194917
75.075075 0.576176 0.467057 -0.953470 1.207984
75.175175 0.540719 0.484354 -0.977811 1.217822
75.275275 0.503113 0.499695 -0.998211 1.224436
75.375375 0.463555 0.513064 -1.014678 1.227880
75.475475 0.422230 0.524441 -1.027211 1.228202
75.575576 0.379320 0.533810 -1.035818 1.225462
75.675676 0.334985 0.541129 -1.040452 1.219663
75.775776 0.289379 0.546342 -1.041043 1.210785
75.875876 0.242668 0.549410 -1.037554 1.198857
75.975976 0.195023 0.550294 -1.029946 1.183911
76.076076 0.146607 0.548910 -1.018100 1.165900
76.176176 0.097589 0.545151 -1.001854 1.144738
76.276276 0.048158 0.538906 -0.981046 1.120353
76.376376 -0.001473 0.530055 -0.955500 1.092676
76.476476 -0.051062 0.518445 -0.924987 1.061599
76.576577 -0.100325 0.503886 -0.889220 1.026975
76.676677 -0.148923 0.486175 -0.847899 0.988675
76.776777 -0.196419 0.465004 -0.800550 0.946408
76.876877 -0.242251 0.439999 -0.746609 0.899838
76.976977 -0.285681 0.410726 -0.685436 0.848606
77.077077 -0.325704 0.376641 -0.616245 0.792275
77.177177 -0.360922 0.337091 -0.538128 0.730395
77.277277 -0.389186 0.291156 -0.449839 0.662263
77.377377 -0.407113 0.237625 -0.349852 0.587029
77.477477 -0.409013 0.174958 -0.236485 0.503813
77.577578 -0.384263 0.101321 -0.108483 0.411938
77.677678 -0.311567 0.016150 0.031054 0.313527
77.777778 -0.150616 -0.069538 0.154480 0.226683
77.877878 0.099186 -0.100532 0.162120 0.215005
77.977978 0.285126 -0.051204 0.037261 0.292074
78.078078 0.372514 0.021281 -0.110320 0.389089
78.178178 0.403760 0.091931 -0.243751 0.480508
78.278278 0.403842 0.155945 -0.359195 0.562519
78.378378 0.385347 0.212981 -0.458469 0.635647
78.478478 0.354885 0.263480 -0.543644 0.700653
78.578579 0.316256 0.307957 -0.616383 0.758145
78.678679 0.271999 0.346963 -0.678171 0.808878
78.778779 0.223830 0.380972 -0.730191 0.853474
78.878879 0.172986 0.410400 -0.773435 0.892499
78.978979 0.120384 0.435606 -0.808726 0.926435
79.079079 0.066703 0.456813 -0.836599 0.955524
79.179179 0.012491 0.474206 -0.857491 0.979958
79.279279 -0.041789 0.487985 -0.871854 1.000002
79.379379 -0.095742 0.498273 -0.879985 1.015784
79.479479 -0.149003 0.505122 -0.882048 1.027306
79.579580 -0.201241 0.508597 -0.878224 1.034624
79.679680 -0.252144 0.508774 -0.868713 1.037830
79.779780 -0.301406 0.505702 -0.853658 1.036973
79.879880 -0.348675 0.499342 -0.833060 1.031943
79.979980 -0.393564 0.489620 -0.806861 1.022569
80.080080 -0.435682 0.476494 -0.775058 1.008752
80.180180 -0.474543 0.459848 -0.737536 0.990258
80.280280 -0.509597 0.439549 -0.694164 0.966828
80.380380 -0.540248 0.415489 -0.644859 0.938266
80.480480 -0.565748 0.387504 -0.589473 0.904272
80.580581 -0.585151 0.355381 -0.527800 0.864448
80.680681 -0.597249 0.318861 -0.459612 0.818304
80.780781 -0.600361 0.277590 -0.384591 0.765114
80.880881 -0.592104 0.231120 -0.302392 0.703878
80.980981 -0.569017 0.178941 -0.212763 0.633299
81.081081 -0.525940 0.120598 -0.115880 0.551892
81.181181 -0.454444 0.055983 -0.013177 0.458069
81.281281 -0.338988 -0.013371 0.089583 0.350879
81.381381 -0.149567 -0.076714 0.167217 0.237102
81.481481 0.115288 -0.077835 0.118084 0.182465
81.581582 0.254030 0.015987 -0.077891 0.266183
81.681682 0.262462 0.112730 -0.253964 0.382220
81.781782 0.224202 0.192057 -0.389616 0.488829
81.881882 0.167703 0.256678 -0.495227 0.582458
81.981982 0.103377 0.309799 -0.578590 0.664401
82.082082 0.035861 0.353661 -0.644640 0.736154
82.182182 -0.032475 0.389830 -0.696661 0.798974
82.282282 -0.100273 0.419478 -0.737028 0.853948
82.382382 -0.166705 0.443441 -0.767406 0.901855
82.482482 -0.231233 0.462382 -0.789098 0.943367
82.582583 -0.293487 0.476815 -0.803101 0.979009
82.682683 -0.353184 0.487134 -0.810177 1.009170
82.782783 -0.410062 0.493600 -0.810852 1.034056
82.882883 -0.463876 0.496411 -0.805526 1.053792
82.982983 -0.514430 0.495764 -0.794595 1.068551
83.083083 -0.561581 0.491864 -0.778456 1.078563
83.183183 -0.605194 0.484891 -0.757459 1.084031
83.283283 -0.645040 0.474926 -0.731796 1.084968
83.383383 -0.680780 0.461965 -0.701521 1.081205
83.483483 -0.712088 0.446019 -0.666720 1.072622
83.583584 -0.738677 0.427139 -0.627542 1.059198
83.683684 -0.760187 0.405347 -0.584092 1.040843
83.783784 -0.776194 0.380642 -0.536453 1.017422
83.883884 -0.786219 0.353026 -0.484721 0.988798
83.983984 -0.789647 0.322472 -0.428964 0.954747
84.084084 -0.785685 0.288925 -0.369237 0.914940
84.184184 -0.773280 0.252301 -0.305593 0.868910
84.284284 -0.751031 0.212496 -0.238115 0.816028
84.384384 -0.717248 0.169464 -0.167045 0.755690
84.484484 -0.669511 0.123185 -0.092817 0.687048
84.584585 -0.604244 0.073755 -0.016290 0.608946
84.684685 -0.515915 0.021648 0.060608 0.519914
84.784785 -0.395364 -0.031492 0.133146 0.418368
84.884885 -0.226501 -0.079621 0.187317 0.304515
84.984985 0.009082 -0.096283 0.171861 0.197203
85.085085 0.199555 -0.015384 -0.010802 0.200439
85.185185 0.198632 0.098172 -0.215386 0.309005
85.285285 0.126270 0.184963 -0.357909 0.422202
85.385385 0.036896 0.250132 -0.458160 0.523295
85.485485 -0.055229 0.300360 -0.530936 0.612502
85.585586 -0.145527 0.339674 -0.584388 0.691423
85.685686 -0.232277 0.370558 -0.623322 0.761443
85.785786 -0.314812 0.394682 -0.650881 0.823728
85.885886 -0.392883 0.413213 -0.669217 0.879177
85.985986 -0.466424 0.426992 -0.679858 0.928483
86.086086 -0.535429 0.436637 -0.683923 0.972156
86.186186 -0.599972 0.442660 -0.682318 1.010679
86.286286 -0.660205 0.445522 -0.675845 1.044570
86.386386 -0.716216 0.445554 -0.665084 1.074161
86.486486 -0.768034 0.442995 -0.650463 1.099647
86.586587 -0.815687 0.438053 -0.632348 1.121204
86.686687 -0.859196 0.430903 -0.611052 1.138982
86.786787 -0.898541 0.421682 -0.586825 1.153064
86.886887 -0.933706 0.410515 -0.559898 1.163535
86.986987 -0.964729 0.397544 -0.530516 1.170552
87.087087 -0.991617 0.382884 -0.498889 1.174221
87.187187 -1.014336 0.366630 -0.465193 1.174606
87.287287 -1.032844 0.348870 -0.429592 1.171762
87.387387 -1.047022 0.329662 -0.392220 1.165663
87.487487 -1.056741 0.309066 -0.353204 1.156277
87.587588 -1.061922 0.287157 -0.312698 1.143642
87.687688 -1.062405 0.263994 -0.270837 1.127719
87.787788 -1.057966 0.239623 -0.227748 1.108413
87.887888 -1.048416 0.214109 -0.183588 1.085691
87.987988 -1.033545 0.187525 -0.138523 1.059514
88.088088 -1.013065 0.159939 -0.092736 1.029797
88.188188 -0.986574 0.131421 -0.046430 0.996371
88.288288 -0.953542 0.102051 0.000150 0.958987
88.388388 -0.913365 0.071935 0.046695 0.917383
88.488488 -0.865245 0.041216 0.092793 0.871182
88.588589 -0.808166 0.010095 0.137885 0.819906
88.688689 -0.740890 -0.021122 0.181181 0.763015
88.788789 -0.661749 -0.051959 0.221501 0.699767
88.888889 -0.568569 -0.081633 0.257012 0.629277
88.988989 -0.458332 -0.108750 0.284617 0.550366
89.089089 -0.326980 -0.130625 0.298693 0.461732
89.189189 -0.169643 -0.141395 0.287726 0.362709
89.289289 0.014275 -0.125738 0.223972 0.257249
89.389389 0.170926 -0.046442 0.050731 0.184245
89.489489 0.135364 0.079786 -0.170013 0.231504
89.589590 -0.010006 0.163552 -0.292981 0.335689
89.689690 -0.159218 0.210926 -0.349586 0.438235
89.789790 -0.294493 0.238071 -0.372407 0.531123
89.889890 -0.415121 0.253024 -0.376071 0.614635
89.989990 -0.522624 0.259881 -0.367673 0.689824
90.090090 -0.618609 0.260976 -0.351109 0.757669
90.190190 -0.704613 0.257851 -0.328863 0.819218
90.290290 -0.781873 0.251528 -0.302540 0.875284
90.390390 -0.851330 0.242703 -0.273212 0.926452
90.490490 -0.913738 0.231878 -0.241639 0.973177
90.590591 -0.969735 0.219437 -0.208390 1.015857
90.690691 -1.019813 0.205669 -0.173892 1.054778
90.790791 -1.064292 0.190784 -0.138461 1.090086
90.890891 -1.103505 0.174967 -0.102367 1.121969
90.990991 -1.137805 0.158383 -0.065839 1.150661
91.091091 -1.167414 0.141159 -0.029062 1.176276
91.191191 -1.192481 0.123398 0.007806 1.198874
91.291291 -1.213198 0.105199 0.044623 1.218568
91.391391 -1.229736 0.086650 0.081264 1.235460
91.491491 -1.242171 0.067825 0.117612 1.249568
91.591592 -1.250605 0.048793 0.153558 1.260941
91.691692 -1.255225 0.029624 0.189016 1.269722
91.791792 -1.256144 0.010380 0.223893 1.275983
91.891892 -1.253455 -0.008881 0.258105 1.279784
91.991992 -1.247267 -0.028105 0.291574 1.281202
92.092092 -1.237573 -0.047237 0.324201 1.280205
92.192192 -1.224378 -0.066223 0.355888 1.276771
92.292292 -1.207684 -0.085007 0.386533 1.270879
92.392392 -1.187433 -0.103527 0.416017 1.262452
92.492492 -1.163631 -0.121724 0.444233 1.251478
92.592593 -1.136290 -0.139537 0.471073 1.237956
92.692693 -1.105312 -0.156889 0.496378 1.221769
92.792793 -1.070579 -0.173694 0.519972 1.202780
92.892893 -1.032008 -0.189860 0.541674 1.180889
92.992993 -0.989471 -0.205282 0.561265 1.155947
93.093093 -0.942805 -0.219829 0.578485 1.127763
93.193193 -0.891828 -0.233354 0.593026 1.096125
93.293293 -0.836265 -0.245659 0.604483 1.060701
93.393393 -0.775836 -0.256514 0.612386 1.021145
93.493493 -0.710266 -0.265646 0.616187 0.977104
93.593594 -0.639178 -0.272686 0.615152 0.928072
93.693694 -0.562131 -0.277150 0.608321 0.873418
93.793794 -0.478741 -0.278447 0.594554 0.812540
93.893894 -0.388608 -0.275765 0.572310 0.744716
93.993994 -0.291207 -0.267828 0.539185 0.668770
94.094094 -0.186101 -0.252616 0.491456 0.583076
94.194194 -0.073546 -0.226783 0.423135 0.485678
94.294294 0.043576 -0.183823 0.323050 0.374234
94.394394 0.148944 -0.108927 0.167648 0.249309
94.494494 0.141073 0.022207 -0.067290 0.157869
94.594595 -0.088864 0.113582 -0.187646 0.236662
94.694695 -0.295544 0.125190 -0.168659 0.362580
94.794795 -0.448235 0.110966 -0.113519 0.475515
94.894895 -0.565086 0.087368 -0.048400 0.573845
94.994995 -0.657001 0.059775 0.019107 0.659991
95.095095 -0.730319 0.030442 0.086161 0.736013
95.195195 -0.789054 0.000484 0.151524 0.803471
95.295295 -0.835891 -0.029483 0.214607 0.863504
95.395395 -0.872643 -0.059090 0.275091 0.916882
95.495495 -0.900643 -0.088096 0.332802 0.964197
95.595596 -0.920907 -0.116335 0.387636 1.005915
95.695696 -0.934155 -0.143675 0.439494 1.042326
95.795796 -0.940883 -0.170000 0.488262 1.073574
95.895896 -0.941500 -0.195206 0.533833 1.099775
95.995996 -0.936427 -0.219220 0.576153 1.121118
96.096096 -0.926023 -0.241971 0.615168 1.137761
96.196196 -0.910657 -0.263410 0.650860 1.149913
96.296296 -0.890687 -0.283503 0.683234 1.157802
96.396396 -0.866324 -0.302181 0.712208 1.161495
96.496496 -0.837800 -0.319392 0.737733 1.161107
96.596597 -0.805360 -0.335092 0.759777 1.156786
96.696697 -0.769099 -0.349182 0.778181 1.148480
96.796797 -0.729052 -0.361534 0.792720 1.136058
96.896897 -0.685246 -0.372000 0.803131 1.119359
96.996997 -0.637707 -0.380416 0.809125 1.098213
97.097097 -0.586453 -0.386591 0.810360 1.072410
97.197197 -0.531536 -0.390323 0.806484 1.041777
97.297297 -0.473043 -0.391399 0.797126 1.006168
97.397397 -0.411034 -0.389529 0.781778 0.965328
97.497497 -0.345539 -0.384308 0.759714 0.918834
97.597598 -0.276596 -0.375193 0.729961 0.866094
97.697698 -0.204310 -0.361458 0.691234 0.806349
97.797798 -0.128931 -0.342112 0.641792 0.738621
97.897898 -0.050992 -0.315666 0.579052 0.661473
97.997998 0.028280 -0.279811 0.499087 0.572871
98.098098 0.105821 -0.230748 0.395642 0.470080
98.198198 0.172775 -0.161267 0.257424 0.349465
98.298298 0.193942 -0.056024 0.063564 0.211643
98.398398 0.011756 0.072288 -0.132620 0.151499
98.498498 -0.249619 0.077475 -0.091490 0.276916
98.598599 -0.403051 0.035571 0.013705 0.404850
98.698699 -0.497038 -0.012939 0.119329 0.511325
98.798799 -0.555616 -0.060840 0.217016 0.599589
98.898899 -0.590014 -0.106198 0.305448 0.672825
98.998999 -0.606489 -0.148372 0.384679 0.733363
99.099099 -0.608898 -0.187119 0.455011 0.782819
99.199199 -0.599698 -0.222297 0.516667 0.822191
99.299299 -0.580650 -0.253817 0.569824 0.852219
99.399399 -0.553080 -0.281598 0.614593 0.873453
99.499499 -0.517958 -0.305514 0.650935 0.886192
99.599600 -0.475995 -0.325371 0.678637 0.890497
99.699700 -0.427760 -0.340913 0.697344 0.886278
99.799800 -0.373785 -0.351844 0.706631 0.873405
99.899900 -0.314584 -0.357813 0.705959 0.851688
100.000000 -0.250662 -0.358353 0.694588 0.820793
