0.000000 0.800856 0.156347 0.463142 0.938251
0.100100 0.829012 0.214577 0.392231 0.941886
0.200200 0.847760 0.270358 0.316890 0.944569
0.300300 0.856961 0.323079 0.238005 0.946260
0.400400 0.856571 0.372172 0.156479 0.946949
0.500501 0.846634 0.417102 0.073233 0.946640
0.600601 0.827288 0.457382 -0.010804 0.945368
0.700701 0.798755 0.492568 -0.094695 0.943186
0.800801 0.761230 0.522191 -0.177491 0.940031
0.900901 0.714986 0.545814 -0.258224 0.935840
1.001001 0.660480 0.563113 -0.335944 0.930693
1.101101 0.598285 0.573836 -0.409720 0.924718
1.201201 0.528976 0.577712 -0.478583 0.917937
1.301301 0.453187 0.574481 -0.541535 0.910311
1.401401 0.371643 0.563920 -0.597553 0.901773
1.501502 0.285226 0.545927 -0.645673 0.892347
1.601602 0.194953 0.520495 -0.684968 0.882102
1.701702 0.101932 0.487638 -0.714460 0.870996
1.801802 0.007419 0.447483 -0.733230 0.859024
1.901902 -0.087171 0.400324 -0.740491 0.846277
2.002002 -0.180280 0.346576 -0.735519 0.832829
2.102102 -0.270241 0.286862 -0.717847 0.818917
2.202202 -0.355268 0.221984 -0.687189 0.804811
2.302302 -0.433531 0.152924 -0.643522 0.790857
2.402402 -0.503233 0.080885 -0.587215 0.777565
2.502503 -0.562580 0.007216 -0.518880 0.765366
2.602603 -0.609962 -0.066579 -0.439556 0.754782
2.702703 -0.644003 -0.138892 -0.350662 0.746320
2.802803 -0.663528 -0.208048 -0.253905 0.740285
2.902903 -0.667700 -0.272368 -0.151311 0.736820
3.003003 -0.656193 -0.330274 -0.045195 0.736012
3.103103 -0.629165 -0.380348 0.061958 0.737802
3.203203 -0.587346 -0.421468 0.167634 0.742100
3.303303 -0.532133 -0.452968 0.269473 0.748973
3.403403 -0.465286 -0.474556 0.365406 0.758430
3.503504 -0.388735 -0.486237 0.453703 0.770317
3.603604 -0.304500 -0.488299 0.533017 0.784387
3.703704 -0.214597 -0.481261 0.602392 0.800337
3.803804 -0.120965 -0.465845 0.661275 0.817881
3.903904 -0.025385 -0.442903 0.709469 0.836751
4.004004 0.070566 -0.413334 0.747039 0.856675
4.104104 0.165531 -0.378045 0.774263 0.877384
4.204204 0.258349 -0.337892 0.791509 0.898555
4.304304 0.348026 -0.293659 0.799179 0.919807
4.404404 0.433786 -0.246134 0.797876 0.940935
4.504505 0.515004 -0.196052 0.788251 0.961772
4.604605 0.591131 -0.144047 0.770861 0.982045
4.704705 0.661741 -0.090714 0.746301 1.001546
4.804805 0.726507 -0.036592 0.715172 1.020109
4.904905 0.785240 0.017821 0.678125 1.037676
5.005005 0.837838 0.072082 0.635801 1.054235
5.105105 0.884254 0.125800 0.588803 1.069776
5.205205 0.924481 0.178625 0.537705 1.084296
5.305305 0.958525 0.230245 0.483030 1.097771
5.405405 0.986383 0.280366 0.425258 1.110135
5.505506 1.008083 0.328725 0.364849 1.121341
5.605606 1.023724 0.375097 0.302267 1.131403
5.705706 1.033410 0.419276 0.237945 1.140328
5.805806 1.037202 0.461051 0.172287 1.148059
5.905906 1.035089 0.500188 0.105669 1.154454
6.006006 1.027110 0.536479 0.038472 1.159415
6.106106 1.013328 0.569725 -0.028921 1.162866
6.206206 0.993825 0.599743 -0.096129 1.164740
6.306306 0.968782 0.626404 -0.162781 1.165083
6.406406 0.938443 0.649629 -0.228522 1.164008
6.506507 0.903106 0.669381 -0.293025 1.161694
6.606607 0.863023 0.685600 -0.355963 1.158260
6.706707 0.818361 0.698166 -0.416987 1.153702
6.806807 0.769301 0.706964 -0.475743 1.148022
6.906907 0.716061 0.711904 -0.531885 1.141250
7.007007 0.658839 0.712863 -0.585035 1.133362
7.107107 0.597837 0.709712 -0.634794 1.124306
7.207207 0.533330 0.702377 -0.680794 1.114116
7.307307 0.465615 0.690789 -0.722652 1.102820
7.407407 0.395020 0.674900 -0.759995 1.090469
7.507508 0.321929 0.654710 -0.792474 1.077172
7.607608 0.246718 0.630162 -0.819657 1.062926
7.707708 0.169812 0.601227 -0.841114 1.047752
7.807808 0.091707 0.567959 -0.856487 1.031774
7.907908 0.012933 0.530382 -0.865337 1.015027
8.008008 -0.065914 0.488520 -0.867168 0.997486
8.108108 -0.144167 0.442481 -0.861556 0.979210
8.208208 -0.221073 0.392425 -0.848090 0.960274
8.308308 -0.295788 0.338557 -0.826346 0.940722
8.408408 -0.367411 0.281202 -0.796049 0.920738
8.508509 -0.434972 0.220784 -0.757027 0.900576
8.608609 -0.497367 0.157786 -0.709086 0.880382
8.708709 -0.553363 0.092797 -0.652085 0.860254
8.808809 -0.601616 0.026546 -0.586019 0.840277
8.908909 -0.640794 -0.040075 -0.511165 0.820678
9.009009 -0.669595 -0.106015 -0.428085 0.801781
9.109109 -0.686790 -0.170090 -0.337631 0.783968
9.209209 -0.691236 -0.230977 -0.240960 0.767607
9.309309 -0.682064 -0.287289 -0.139584 0.753147
9.409409 -0.658886 -0.337676 -0.035382 0.741221
9.509510 -0.621580 -0.380795 0.069534 0.732258
9.609610 -0.570383 -0.415378 0.172851 0.726466
9.709710 -0.506055 -0.440372 0.272146 0.723935
9.809810 -0.429780 -0.454940 0.364965 0.724486
9.909910 -0.343227 -0.458601 0.449015 0.727828
10.010010 -0.248573 -0.451419 0.522433 0.733828
10.110110 -0.148229 -0.433883 0.583857 0.742371
10.210210 -0.044596 -0.406660 0.632230 0.753044
10.310310 0.059993 -0.370565 0.666793 0.765200
10.410410 0.163320 -0.326726 0.687414 0.778435
10.510511 0.263419 -0.276448 0.694480 0.792537
10.610611 0.358570 -0.221000 0.688538 0.807154
10.710711 0.447318 -0.161619 0.670323 0.821917
10.810811 0.528501 -0.099517 0.640792 0.836559
10.910911 0.601241 -0.035834 0.601039 0.850895
11.011011 0.664921 0.028379 0.552244 0.864811
11.111111 0.719169 0.092182 0.495631 0.878267
11.211211 0.763771 0.154737 0.432386 0.891205
11.311311 0.798531 0.215287 0.363588 0.903436
11.411411 0.823393 0.273159 0.290301 0.914804
11.511512 0.838499 0.327784 0.213591 0.925281
11.611612 0.844082 0.378675 0.134473 0.934855
11.711712 0.840381 0.425389 0.053895 0.943451
11.811812 0.827666 0.467529 -0.027241 0.950976
11.911912 0.806392 0.504823 -0.108077 0.957495
12.012012 0.777119 0.537098 -0.187822 0.963154
12.112112 0.740376 0.564196 -0.265739 0.968034
12.212212 0.696715 0.586009 -0.341150 0.972215
12.312312 0.646639 0.602409 -0.413392 0.975670
12.412412 0.590719 0.613348 -0.481871 0.978440
12.512513 0.529647 0.618922 -0.546121 0.980734
12.612613 0.464082 0.619224 -0.605702 0.982693
12.712713 0.394573 0.614236 -0.660088 0.984220
12.812813 0.321670 0.603931 -0.708744 0.985151
12.912913 0.246005 0.588404 -0.751253 0.985454
13.013013 0.168217 0.567745 -0.787189 0.985037
13.113113 0.088957 0.542042 -0.816109 0.983746
13.213213 0.008919 0.511443 -0.837639 0.981475
13.313313 -0.071177 0.476183 -0.851511 0.978206
13.413413 -0.150592 0.436551 -0.857542 0.973978
13.513514 -0.228589 0.392888 -0.855629 0.968873
13.613614 -0.304406 0.345541 -0.845659 0.962913
13.713714 -0.377243 0.294856 -0.827486 0.956026
13.813814 -0.446265 0.241229 -0.801009 0.948135
13.913914 -0.510596 0.185099 -0.766168 0.939139
14.014014 -0.569381 0.126985 -0.723049 0.929042
14.114114 -0.621784 0.067475 -0.671869 0.917919
14.214214 -0.666952 0.007203 -0.612911 0.905834
14.314314 -0.703981 -0.053132 -0.546514 0.892799
14.414414 -0.731993 -0.112765 -0.473152 0.878864
14.514515 -0.750254 -0.170875 -0.393522 0.864257
14.614615 -0.758125 -0.226598 -0.308476 0.849269
14.714715 -0.754851 -0.278964 -0.218937 0.833999
14.814815 -0.739752 -0.326939 -0.126006 0.818535
14.914915 -0.712296 -0.369424 -0.031014 0.802995
15.015015 -0.672199 -0.405330 0.064489 0.787593
15.115115 -0.619509 -0.433614 0.158736 0.772664
15.215215 -0.554578 -0.453303 0.249802 0.758578
15.315315 -0.478138 -0.463551 0.335628 0.745750
15.415415 -0.391231 -0.463612 0.414041 0.734457
15.515516 -0.295417 -0.453078 0.482964 0.725124
15.615616 -0.192724 -0.431947 0.540562 0.718282
15.715716 -0.085468 -0.400519 0.585245 0.714305
15.815816 0.023825 -0.359397 0.615736 0.713347
15.915916 0.132520 -0.309600 0.631342 0.715546
16.016016 0.238059 -0.252483 0.632001 0.721003
16.116116 0.338060 -0.189526 0.618013 0.729482
16.216216 0.430420 -0.122301 0.590083 0.740552
16.316316 0.513523 -0.052450 0.549470 0.753906
16.416416 0.586308 0.018452 0.497819 0.769364
16.516517 0.648169 0.089009 0.436898 0.786718
16.616617 0.698749 0.158009 0.368384 0.805559
16.716717 0.737832 0.224402 0.293821 0.825277
16.816817 0.765517 0.287323 0.214727 0.845387
16.916917 0.782292 0.346146 0.132580 0.865665
17.017017 0.788848 0.400442 0.048709 0.886007
17.117117 0.785896 0.449904 -0.035737 0.906269
17.217217 0.774124 0.494309 -0.119769 0.926258
17.317317 0.754257 0.533536 -0.202534 0.945825
17.417417 0.727021 0.567540 -0.283303 0.964843
17.517518 0.693198 0.596394 -0.361490 0.983303
17.617618 0.653553 0.620226 -0.436622 1.001224
17.717718 0.608714 0.639113 -0.508258 1.018491
17.817818 0.559238 0.653116 -0.575995 1.034929
17.917918 0.505685 0.662340 -0.639505 1.050418
18.018018 0.448607 0.666927 -0.698523 1.064882
18.118118 0.388564 0.667085 -0.752889 1.078344
18.218218 0.326090 0.663040 -0.802498 1.090853
18.318318 0.261643 0.654951 -0.847196 1.102343
18.418418 0.195662 0.642977 -0.886854 1.112750
18.518519 0.128557 0.627247 -0.921314 1.121956
18.618619 0.060732 0.607916 -0.950467 1.129884
18.718719 -0.007412 0.585210 -0.974329 1.136593
18.818819 -0.075494 0.559325 -0.992878 1.142082
18.918919 -0.143147 0.530422 -1.006050 1.146288
19.019019 -0.210014 0.498690 -1.013834 1.149198
19.119119 -0.275762 0.464356 -1.016309 1.150893
19.219219 -0.340061 0.427629 -1.013522 1.151406
19.319319 -0.402557 0.388673 -1.005425 1.150651
19.419419 -0.462890 0.347661 -0.991978 1.148546
19.519520 -0.520741 0.304811 -0.973256 1.145123
19.619620 -0.575807 0.260356 -0.949370 1.140458
19.719720 -0.627760 0.214516 -0.920388 1.134555
19.819820 -0.676280 0.167523 -0.886407 1.127446
19.919920 -0.721069 0.119625 -0.847568 1.119206
20.020020 -0.761823 0.071076 -0.804015 1.109895
20.120120 -0.798258 0.022141 -0.755932 1.099609
20.220220 -0.830078 -0.026906 -0.703507 1.088429
20.320320 -0.856998 -0.075778 -0.646955 1.076447
20.420420 -0.878741 -0.124176 -0.586520 1.063772
20.520521 -0.894950 -0.171777 -0.522418 1.050411
20.620621 -0.905172 -0.218211 -0.454851 1.036264
20.720721 -0.908949 -0.263075 -0.384071 1.021229
20.820821 -0.905880 -0.305941 -0.310426 1.005277
20.920921 -0.895584 -0.346350 -0.234332 0.988403
21.021021 -0.877665 -0.383793 -0.156272 0.970574
21.121121 -0.851668 -0.417684 -0.076806 0.951681
21.221221 -0.817305 -0.447455 0.003385 0.931781
21.321321 -0.774465 -0.472566 0.083509 0.911092
21.421421 -0.722989 -0.492384 0.162664 0.889727
21.521522 -0.662799 -0.506243 0.239819 0.867812
21.621622 -0.594007 -0.513506 0.313817 0.845585
21.721722 -0.516922 -0.513568 0.383384 0.823373
21.821822 -0.432021 -0.505827 0.447089 0.801494
21.921922 -0.340014 -0.489720 0.503365 0.780264
22.022022 -0.241986 -0.464884 0.550633 0.760178
22.122122 -0.139339 -0.431083 0.587239 0.741685
22.222222 -0.033833 -0.388295 0.611561 0.725207
22.322322 0.072373 -0.336820 0.622151 0.711166
22.422422 0.176830 -0.277411 0.618045 0.700146
22.522523 0.276905 -0.211229 0.598791 0.692708
22.622623 0.369880 -0.139688 0.564280 0.689011
22.722723 0.453184 -0.064529 0.515071 0.689085
22.822823 0.524576 0.012302 0.452362 0.692794
22.922923 0.582442 0.088808 0.378002 0.700007
23.023023 0.625945 0.163121 0.294327 0.710665
23.123123 0.654901 0.233642 0.203812 0.724585
23.223223 0.669605 0.299077 0.108865 0.741397
23.323323 0.670778 0.358469 0.011718 0.760645
23.423423 0.659437 0.411170 -0.085645 0.781827
23.523524 0.636701 0.456764 -0.181522 0.804345
23.623624 0.603676 0.494969 -0.274453 0.827492
23.723724 0.561431 0.525604 -0.363177 0.850507
23.823824 0.511219 0.548776 -0.446739 0.872970
23.923924 0.454311 0.564750 -0.524433 0.894635
24.024024 0.391888 0.573857 -0.595742 0.915312
24.124124 0.325052 0.576486 -0.660316 0.934886
24.224224 0.254786 0.573010 -0.717886 0.953214
24.324324 0.181976 0.563776 -0.768228 0.970120
24.424424 0.107425 0.549098 -0.811136 0.985388
24.524525 0.031901 0.529372 -0.846575 0.998971
24.624625 -0.043884 0.505004 -0.874572 1.010857
24.724725 -0.119274 0.476333 -0.895100 1.020942
24.824825 -0.193650 0.443699 -0.908161 1.029139
24.924925 -0.266418 0.407441 -0.913781 1.035366
25.025025 -0.336996 0.367877 -0.911960 1.039505
25.125125 -0.404804 0.325327 -0.902705 1.041432
25.225225 -0.469309 0.280149 -0.886130 1.041134
25.325325 -0.529998 0.232719 -0.862392 1.038641
25.425425 -0.586309 0.183393 -0.831574 1.033879
25.525526 -0.637726 0.132555 -0.793845 1.026867
25.625626 -0.683724 0.080614 -0.749410 1.017641
25.725726 -0.723723 0.027984 -0.698430 1.006162
25.825826 -0.757127 -0.024880 -0.641120 0.992419
25.925926 -0.783285 -0.077486 -0.577706 0.976363
26.026026 -0.801512 -0.129288 -0.508476 0.957959
26.126126 -0.811093 -0.179674 -0.433795 0.937194
26.226226 -0.811298 -0.227963 -0.354134 0.914102
26.326326 -0.801469 -0.273412 -0.270127 0.888861
26.426426 -0.780986 -0.315203 -0.182566 0.861755
26.526527 -0.749329 -0.352463 -0.092431 0.833227
26.626627 -0.705943 -0.384175 -0.000899 0.803708
26.726727 -0.650208 -0.409133 0.090594 0.773542
26.826827 -0.581660 -0.425988 0.180232 0.743154
26.926927 -0.500191 -0.433332 0.265789 0.713170
27.027027 -0.406171 -0.429739 0.344570 0.684382
27.127127 -0.300602 -0.413845 0.413420 0.657682
27.227227 -0.185489 -0.384706 0.468968 0.634299
27.327327 -0.063925 -0.342027 0.507941 0.615689
27.427427 0.059995 -0.286282 0.527432 0.603110
27.527528 0.181413 -0.218937 0.525488 0.597479
27.627628 0.295226 -0.142485 0.501633 0.599246
27.727728 0.396810 -0.060141 0.457014 0.608225
27.827828 0.482787 0.024591 0.394385 0.623881
27.927928 0.551286 0.108458 0.317437 0.645326
28.028028 0.601564 0.188756 0.229969 0.671114
28.128128 0.633975 0.263471 0.135633 0.699812
28.228228 0.649757 0.331292 0.037711 0.730315
28.328328 0.650370 0.391389 -0.061106 0.761512
28.428428 0.637420 0.443331 -0.158663 0.792478
28.528529 0.612547 0.486982 -0.253255 0.822498
28.628629 0.577382 0.522455 -0.343596 0.851109
28.728729 0.533511 0.550047 -0.428753 0.878075
28.828829 0.482284 0.570048 -0.507986 0.903106
28.928929 0.424914 0.582778 -0.580732 0.925976
29.029029 0.362541 0.588633 -0.646619 0.946595
29.129129 0.296184 0.587999 -0.705366 0.964889
29.229229 0.226738 0.581205 -0.756711 0.980725
29.329329 0.155037 0.568594 -0.800468 0.994024
29.429429 0.081873 0.550556 -0.836572 1.004823
29.529530 0.007978 0.527503 -0.865041 1.013222
29.629630 -0.065967 0.499829 -0.885915 1.019326
29.729730 -0.139329 0.467892 -0.899215 1.023193
29.829830 -0.211499 0.432034 -0.904956 1.024856
29.929930 -0.281875 0.392567 -0.903114 1.024294
30.030030 -0.349827 0.349772 -0.893585 1.021378
30.130130 -0.414738 0.303969 -0.876342 1.016061
30.230230 -0.475968 0.255503 -0.851378 1.008302
30.330330 -0.532830 0.204719 -0.818645 0.997997
30.430430 -0.584630 0.152017 -0.778180 0.985122
30.530531 -0.630629 0.097833 -0.730037 0.969648
30.630631 -0.670007 0.042646 -0.674269 0.951508
30.730731 -0.701847 -0.012996 -0.610956 0.930605
30.830831 -0.725168 -0.068455 -0.540269 0.906887
30.930931 -0.738995 -0.122993 -0.462549 0.880450
31.031031 -0.742223 -0.175739 -0.378241 0.851379
31.131131 -0.733598 -0.225649 -0.287943 0.819753
31.231231 -0.711807 -0.271475 -0.192535 0.785772
31.331331 -0.675487 -0.311719 -0.093262 0.749767
31.431431 -0.623311 -0.344597 0.008120 0.712271
31.531532 -0.554203 -0.368058 0.109185 0.674188
31.631632 -0.467506 -0.379756 0.206653 0.636775
31.731732 -0.363372 -0.377186 0.296241 0.601720
31.831832 -0.243277 -0.357886 0.372547 0.571015
31.931932 -0.110813 -0.320181 0.429566 0.547104
32.032032 0.027889 -0.264020 0.461690 0.532580
32.132132 0.164760 -0.191473 0.465069 0.529241
32.232232 0.291186 -0.106820 0.439019 0.537529
32.332332 0.400042 -0.015649 0.386360 0.556374
32.432432 0.487085 0.076459 0.312494 0.583738
32.532533 0.550895 0.164992 0.223604 0.617014
32.632633 0.592392 0.246912 0.125542 0.653953
32.732733 0.614029 0.320608 0.023182 0.693079
32.832833 0.618560 0.385408 -0.079881 0.733169
32.932933 0.608628 0.441222 -0.181119 0.773246
33.033033 0.586627 0.488300 -0.278789 0.812583
33.133133 0.554651 0.527086 -0.371737 0.850674
33.233233 0.514548 0.558154 -0.459245 0.887244
33.333333 0.467881 0.582101 -0.540894 0.922128
33.433433 0.415954 0.599498 -0.616452 0.955211
33.533534 0.359793 0.610778 -0.685711 0.986256
33.633634 0.300278 0.616348 -0.748552 1.015077
33.733734 0.238212 0.616659 -0.804994 1.041647
33.833834 0.174287 0.612127 -0.855104 1.065963
33.933934 0.109108 0.603141 -0.898980 1.088049
34.034034 0.043198 0.590020 -0.936677 1.107860
34.134134 -0.022980 0.573022 -0.968204 1.125301
34.234234 -0.088995 0.552428 -0.993639 1.140357
34.334334 -0.154451 0.528483 -1.013029 1.152986
34.434434 -0.218982 0.501442 -1.026467 1.163199
34.534535 -0.282252 0.471565 -1.034077 1.171049
34.634635 -0.343932 0.439071 -1.035930 1.176530
34.734735 -0.403724 0.404201 -1.032152 1.179708
34.834835 -0.461350 0.367190 -1.022881 1.180659
34.934935 -0.516531 0.328259 -1.008232 1.179445
35.035035 -0.569008 0.287632 -0.988343 1.176148
35.135135 -0.618501 0.245519 -0.963308 1.170805
35.235235 -0.664694 0.202117 -0.933167 1.163387
35.335335 -0.707279 0.157637 -0.897993 1.153900
35.435435 -0.745956 0.112303 -0.857887 1.142380
35.535536 -0.780387 0.066349 -0.812926 1.128829
35.635636 -0.810157 0.020016 -0.763141 1.113166
35.735736 -0.834838 -0.026426 -0.708589 1.095331
35.835836 -0.854009 -0.072676 -0.649389 1.075323
35.935936 -0.867275 -0.118408 -0.585725 1.053214
36.036036 -0.874240 -0.163264 -0.517833 1.029126
36.136136 -0.874403 -0.206831 -0.445941 1.003106
36.236236 -0.867165 -0.248629 -0.370305 0.975150
36.336336 -0.851886 -0.288102 -0.291267 0.945277
36.436436 -0.827932 -0.324622 -0.209298 0.913595
36.536537 -0.794669 -0.357468 -0.125012 0.880290
36.636637 -0.751353 -0.385766 -0.039189 0.845507
36.736737 -0.697202 -0.408469 0.047148 0.809420
36.836837 -0.631573 -0.424414 0.132651 0.772404
36.936937 -0.554083 -0.432345 0.215594 0.735127
37.037037 -0.464605 -0.430866 0.293779 0.698433
37.137137 -0.363441 -0.418476 0.364452 0.663353
37.237237 -0.251562 -0.393633 0.424189 0.631004
37.337337 -0.130955 -0.354945 0.468900 0.602497
37.437437 -0.005145 -0.301837 0.494453 0.579324
37.537538 0.120762 -0.234929 0.497277 0.563080
37.637638 0.240525 -0.156310 0.475200 0.555067
37.737738 0.347605 -0.069530 0.428201 0.555895
37.837838 0.436323 0.020914 0.358596 0.565160
37.937938 0.503190 0.110350 0.270967 0.582066
38.038038 0.547380 0.194867 0.171039 0.605683
38.138138 0.569955 0.271734 0.064281 0.634681
38.238238 0.572884 0.339268 -0.044748 0.667309
38.338338 0.558700 0.396701 -0.152496 0.701978
38.438438 0.530282 0.444057 -0.256407 0.737652
38.538539 0.490392 0.481829 -0.354809 0.773649
38.638639 0.441430 0.510702 -0.446671 0.809440
38.738739 0.385445 0.531461 -0.531444 0.844660
38.838839 0.324188 0.544955 -0.608958 0.879149
38.938939 0.259064 0.551944 -0.679198 0.912724
39.039039 0.191200 0.553085 -0.742237 0.945186
39.139139 0.121528 0.548965 -0.798208 0.976354
39.239239 0.050810 0.540069 -0.847222 1.006002
39.339339 -0.020298 0.526891 -0.889511 1.034048
39.439439 -0.091247 0.509919 -0.925379 1.060504
39.539540 -0.161576 0.489575 -0.955115 1.085373
39.639640 -0.230892 0.466219 -0.978958 1.108616
39.739740 -0.298850 0.440162 -0.997109 1.130168
39.839840 -0.365148 0.411693 -1.009778 1.149990
39.939940 -0.429496 0.381056 -1.017105 1.167979
40.040040 -0.491632 0.348482 -1.019235 1.184054
40.140140 -0.551334 0.314204 -1.016354 1.198194
40.240240 -0.608410 0.278449 -1.008665 1.210413
40.340340 -0.662640 0.241411 -0.996290 1.220641
40.440440 -0.713814 0.203278 -0.979351 1.228813
40.540541 -0.761795 0.164250 -0.958054 1.234981
40.640641 -0.806441 0.124519 -0.932590 1.239184
40.740741 -0.847643 0.084271 -0.903166 1.241495
40.840841 -0.885273 0.043681 -0.869960 1.241953
40.940941 -0.919137 0.002920 -0.833076 1.240498
41.041041 -0.949006 -0.037840 -0.792595 1.237033
41.141141 -0.974701 -0.078421 -0.748649 1.231530
41.241241 -0.996051 -0.118638 -0.701387 1.223984
41.341341 -1.012842 -0.158300 -0.650936 1.214341
41.441441 -1.024927 -0.197215 -0.597480 1.202644
41.541542 -1.032116 -0.235174 -0.541193 1.188890
41.641642 -1.034176 -0.271952 -0.482236 1.173043
41.741742 -1.030938 -0.307325 -0.420829 1.155154
41.841842 -1.022206 -0.341047 -0.357202 1.135258
41.941942 -1.007700 -0.372828 -0.291579 1.113318
42.042042 -0.987142 -0.402357 -0.224228 1.089320
42.142142 -0.960315 -0.429317 -0.155476 1.063339
42.242242 -0.926989 -0.453355 -0.085697 1.035463
42.342342 -0.886856 -0.474049 -0.015316 1.005719
42.442442 -0.839679 -0.490960 0.055159 0.974241
42.542543 -0.785224 -0.503596 0.125123 0.941192
42.642643 -0.723103 -0.511291 0.193825 0.906567
42.742743 -0.653110 -0.513397 0.260379 0.870589
42.842843 -0.575270 -0.509305 0.323756 0.833754
42.942943 -0.489602 -0.498243 0.382662 0.796484
43.043043 -0.396174 -0.479230 0.435413 0.759078
43.143143 -0.295368 -0.451219 0.479934 0.721927
43.243243 -0.188140 -0.413291 0.513844 0.685742
43.343343 -0.076129 -0.364652 0.534354 0.651384
43.443443 0.038098 -0.304888 0.538466 0.619963
43.543544 0.150813 -0.234238 0.523215 0.592761
43.643644 0.257144 -0.153946 0.486267 0.571208
43.743744 0.351481 -0.066612 0.426868 0.556949
43.843844 0.428433 0.023960 0.346450 0.551504
43.943944 0.483909 0.113313 0.248693 0.555748
44.044044 0.515813 0.197159 0.138802 0.569386
44.144144 0.524151 0.272022 0.022529 0.590963
44.244244 0.510973 0.335768 -0.094751 0.618718
44.344344 0.479772 0.387724 -0.208775 0.651229
44.444444 0.434142 0.428057 -0.316584 0.686977
44.544545 0.377333 0.457405 -0.416303 0.724506
44.644645 0.312243 0.476745 -0.506935 0.762735
44.744745 0.241291 0.487159 -0.588090 0.800872
44.844845 0.166429 0.489694 -0.659742 0.838307
44.944945 0.089235 0.485385 -0.722177 0.874701
45.045045 0.010957 0.475157 -0.775802 0.909815
45.145145 -0.067434 0.459765 -0.820991 0.943375
45.245245 -0.145170 0.439952 -0.858279 0.975333
45.345345 -0.221642 0.416352 -0.888166 1.005640
45.445445 -0.296353 0.389476 -0.911051 1.034181
45.545546 -0.368954 0.359846 -0.927479 1.061053
45.645646 -0.439188 0.327929 -0.937992 1.086394
45.745746 -0.506817 0.294086 -0.942974 1.110203
45.845846 -0.571685 0.258659 -0.942849 1.132560
45.945946 -0.633673 0.221945 -0.938001 1.153536
46.046046 -0.692609 0.184179 -0.928662 1.173048
46.146146 -0.748375 0.145584 -0.915097 1.191076
46.246246 -0.800859 0.106366 -0.897544 1.207590
46.346346 -0.849965 0.066713 -0.876226 1.222564
46.446446 -0.895660 0.026804 -0.851413 1.236054
46.546547 -0.937887 -0.013196 -0.823324 1.248066
46.646647 -0.976572 -0.053134 -0.792146 1.258575
46.746747 -1.011645 -0.092864 -0.758058 1.267558
46.846847 -1.043043 -0.132244 -0.721235 1.274993
46.946947 -1.070717 -0.171142 -0.681855 1.280879
47.047047 -1.094649 -0.209430 -0.640110 1.285246
47.147147 -1.114783 -0.246981 -0.596162 1.288081
47.247247 -1.131098 -0.283676 -0.550189 1.289404
47.347347 -1.143616 -0.319407 -0.502387 1.289290
47.447447 -1.152320 -0.354063 -0.452926 1.287767
47.547548 -1.157198 -0.387533 -0.401979 1.284865
47.647648 -1.158262 -0.419716 -0.349723 1.280640
47.747748 -1.155546 -0.450519 -0.296344 1.275176
47.847848 -1.149043 -0.479834 -0.242011 1.268507
47.947948 -1.138655 -0.507516 -0.186877 1.260568
48.048048 -1.124218 -0.533381 -0.131099 1.251219
48.148148 -1.105533 -0.557220 -0.074845 1.240282
48.248248 -1.082510 -0.578860 -0.018315 1.227698
48.348348 -1.055103 -0.598145 0.038268 1.213459
48.448448 -1.023173 -0.614853 0.094667 1.197451
48.548549 -0.986614 -0.628765 0.150616 1.179592
48.648649 -0.945383 -0.639688 0.205831 1.159878
48.748749 -0.899400 -0.647380 0.259986 1.138250
48.848849 -0.848618 -0.651604 0.312731 1.114693
48.948949 -0.793041 -0.652130 0.363681 1.089243
49.049049 -0.732620 -0.648654 0.412380 1.061858
49.149149 -0.667384 -0.640896 0.458337 1.032580
49.249249 -0.597395 -0.628551 0.500992 1.001474
49.349349 -0.522693 -0.611219 0.539649 0.968513
49.449449 -0.443380 -0.588462 0.573491 0.933684
49.549550 -0.359664 -0.559822 0.601572 0.897022
49.649650 -0.271918 -0.524854 0.622821 0.858672
49.749750 -0.180685 -0.483074 0.635949 0.818803
49.849850 -0.086802 -0.434084 0.639543 0.777804
49.949950 0.008517 -0.377606 0.632048 0.736304
50.050050 0.103579 -0.313451 0.611631 0.695034
50.150150 0.196017 -0.241707 0.576299 0.654955
50.250250 0.282542 -0.162906 0.523969 0.617180
50.350350 0.358837 -0.078379 0.452953 0.583158
50.450450 0.419668 0.009374 0.362669 0.554741
50.550551 0.459601 0.096550 0.254506 0.534161
50.650651 0.473943 0.178257 0.132328 0.523362
50.750751 0.460082 0.249311 0.002349 0.523294
50.850851 0.418854 0.305544 -0.127783 0.533970
50.950951 0.354119 0.344675 -0.250821 0.554177
51.051051 0.271517 0.366507 -0.361354 0.581915
51.151151 0.177063 0.372464 -0.456318 0.615066
51.251251 0.076051 0.364795 -0.534661 0.651706
51.351351 -0.027349 0.346012 -0.596778 0.690374
51.451451 -0.130114 0.318503 -0.643896 0.730052
51.551552 -0.230181 0.284294 -0.677501 0.769944
51.651652 -0.326217 0.245065 -0.699176 0.809519
51.751752 -0.417377 0.202165 -0.710387 0.848365
51.851852 -0.503099 0.156630 -0.712340 0.886042
51.951952 -0.583014 0.109293 -0.706081 0.922172
52.052052 -0.656950 0.060840 -0.692587 0.956536
52.152152 -0.724937 0.011842 -0.672832 0.989129
52.252252 -0.787019 -0.037244 -0.647611 1.019895
52.352352 -0.843284 -0.086046 -0.617617 1.048801
52.452452 -0.893867 -0.134260 -0.583477 1.075857
52.552553 -0.938845 -0.181622 -0.545694 1.100999
52.652653 -0.978350 -0.227916 -0.504745 1.124225
52.752753 -1.012515 -0.272956 -0.461058 1.145542
52.852853 -1.041396 -0.316562 -0.414981 1.164872
52.952953 -1.064952 -0.358537 -0.366799 1.182037
53.053053 -1.083198 -0.398716 -0.316805 1.196937
53.153153 -1.096244 -0.436971 -0.265306 1.209580
53.253253 -1.104214 -0.473193 -0.212595 1.219998
53.353353 -1.107267 -0.507299 -0.158952 1.228274
53.453453 -1.105540 -0.539204 -0.104640 1.234467
53.553554 -1.099108 -0.568804 -0.049900 1.238574
53.653654 -1.088075 -0.596013 0.005032 1.240630
53.753754 -1.072531 -0.620741 0.059926 1.240659
53.853854 -1.052508 -0.642864 0.114551 1.238616
53.953954 -1.027992 -0.662232 0.168667 1.234410
54.054054 -0.998953 -0.678674 0.222021 1.227924
54.154154 -0.965376 -0.692020 0.274346 1.219061
54.254254 -0.927259 -0.702099 0.325359 1.207730
54.354354 -0.884657 -0.708769 0.374777 1.193913
54.454454 -0.837651 -0.711895 0.422305 1.177623
54.554555 -0.786317 -0.711329 0.467626 1.158860
54.654655 -0.730754 -0.706921 0.510406 1.137653
54.754755 -0.671048 -0.698486 0.550261 1.113991
54.854855 -0.607249 -0.685770 0.586725 1.087786
54.954955 -0.539457 -0.668522 0.619293 1.058990
55.055055 -0.467824 -0.646485 0.647406 1.027588
55.155155 -0.392506 -0.619322 0.670361 0.993481
55.255255 -0.313752 -0.586695 0.687379 0.956630
55.355355 -0.231934 -0.548284 0.697594 0.917086
55.455455 -0.147565 -0.503758 0.699995 0.874951
55.555556 -0.061371 -0.452873 0.693526 0.830565
55.655656 0.025664 -0.395354 0.676847 0.784274
55.755756 0.112167 -0.330853 0.648144 0.736299
55.855856 0.196174 -0.259289 0.605512 0.687284
55.955956 0.274947 -0.181020 0.547077 0.638480
56.056056 0.344635 -0.096968 0.470894 0.591538
56.156156 0.400012 -0.009083 0.375475 0.548702
56.256256 0.434366 0.079070 0.260671 0.512714
56.356356 0.440659 0.161935 0.129324 0.486958
56.456456 0.414113 0.232603 -0.011448 0.475106
56.556557 0.354614 0.284717 -0.151234 0.479256
56.656657 0.267470 0.314700 -0.279338 0.498605
56.756757 0.161682 0.322979 -0.388355 0.530355
56.856857 0.046505 0.312906 -0.475487 0.571105
56.956957 -0.070954 0.288677 -0.541268 0.617528
57.057057 -0.186019 0.254134 -0.587837 0.666888
57.157157 -0.295957 0.212419 -0.617928 0.717320
57.257257 -0.399321 0.165924 -0.634190 0.767584
57.357357 -0.495378 0.116365 -0.638803 0.816706
57.457457 -0.583912 0.065025 -0.633691 0.864145
57.557558 -0.664996 0.012852 -0.620489 0.909611
57.657658 -0.738853 -0.039461 -0.600542 0.952949
57.757758 -0.805808 -0.091402 -0.574991 0.994130
57.857858 -0.866230 -0.142597 -0.544787 1.033190
57.957958 -0.920462 -0.192766 -0.510701 1.070152
58.058058 -0.968818 -0.241698 -0.473367 1.105035
58.158158 -1.011578 -0.289224 -0.433313 1.137849
58.258258 -1.048929 -0.335196 -0.390956 1.168526
58.358358 -1.081069 -0.379494 -0.346672 1.197041
58.458458 -1.108234 -0.422036 -0.300806 1.223430
58.558559 -1.130635 -0.462755 -0.253662 1.247726
58.658659 -1.148487 -0.501604 -0.205511 1.269986
58.758759 -1.161966 -0.538534 -0.156594 1.290234
58.858859 -1.171231 -0.573502 -0.107124 1.308496
58.958959 -1.176495 -0.606501 -0.057302 1.324865
59.059059 -1.177875 -0.637489 -0.007308 1.339341
59.159159 -1.175470 -0.666418 0.042695 1.351912
59.259259 -1.169387 -0.693253 0.092548 1.362583
59.359359 -1.159724 -0.717956 0.142101 1.371354
59.459459 -1.146624 -0.740520 0.191217 1.378289
59.559560 -1.130170 -0.760909 0.239757 1.383383
59.659660 -1.110434 -0.779078 0.287583 1.386626
59.759760 -1.087533 -0.795016 0.334572 1.388062
59.859860 -1.061605 -0.808729 0.380613 1.387773
59.959960 -1.032778 -0.820224 0.425596 1.385832
60.060060 -1.001189 -0.829514 0.469423 1.382328
60.160160 -0.966982 -0.836624 0.512003 1.377368
60.260260 -0.930214 -0.841505 0.553206 1.370936
60.360360 -0.890934 -0.844100 0.592893 1.363007
60.460460 -0.849209 -0.844365 0.630930 1.353581
60.560561 -0.805097 -0.842243 0.667171 1.342636
60.660661 -0.758674 -0.837688 0.701472 1.330177
60.760761 -0.710023 -0.830657 0.733686 1.316213
60.860861 -0.659204 -0.821072 0.763631 1.300709
60.960961 -0.606272 -0.808836 0.791096 1.283595
61.061061 -0.551318 -0.793882 0.815889 1.264862
61.161161 -0.494427 -0.776116 0.837779 1.244463
61.261261 -0.435726 -0.755484 0.856560 1.222419
61.361361 -0.375391 -0.731991 0.872084 1.198858
61.461461 -0.313574 -0.705574 0.884107 1.173801
61.561562 -0.250448 -0.676173 0.892376 1.147288
61.661662 -0.186207 -0.643708 0.896582 1.119327
61.761762 -0.121067 -0.608062 0.896341 1.089874
61.861862 -0.055295 -0.569125 0.891226 1.058889
61.961962 0.010785 -0.526733 0.880677 1.026234
62.062062 0.076762 -0.480727 0.864059 0.991760
62.162162 0.142120 -0.431039 0.840793 0.955471
62.262262 0.206229 -0.377677 0.810329 0.917499
62.362362 0.268298 -0.320669 0.771996 0.877947
62.462462 0.327333 -0.260105 0.725050 0.836958
62.562563 0.382073 -0.196196 0.668704 0.794756
62.662663 0.430926 -0.129329 0.602161 0.751679
62.762763 0.471886 -0.060161 0.524700 0.708241
62.862863 0.502511 0.010256 0.435862 0.665280
62.962963 0.519802 0.080319 0.335593 0.623913
63.063063 0.520269 0.147695 0.224608 0.585613
63.163163 0.500326 0.209174 0.104981 0.552360
63.263263 0.456855 0.260705 -0.019398 0.526364
63.363363 0.388488 0.297923 -0.142546 0.509902
63.463463 0.296748 0.317129 -0.256971 0.504643
63.563564 0.186563 0.316612 -0.355406 0.511237
63.663664 0.065187 0.297182 -0.432653 0.528918
63.763764 -0.059837 0.261598 -0.486474 0.555582
63.863864 -0.182188 0.213703 -0.517532 0.588813
63.963964 -0.297565 0.157422 -0.528440 0.626558
64.064064 -0.403585 0.096092 -0.522566 0.667225
64.164164 -0.499172 0.032229 -0.503102 0.709453
64.264264 -0.584153 -0.032351 -0.472895 0.752270
64.364364 -0.658962 -0.096387 -0.434424 0.795138
64.464464 -0.724244 -0.159036 -0.389659 0.837649
64.564565 -0.780694 -0.219749 -0.340138 0.879470
64.664665 -0.828988 -0.278164 -0.287066 0.920328
64.764765 -0.869732 -0.334043 -0.231386 0.959978
64.864865 -0.903497 -0.387235 -0.173858 0.998240
64.964965 -0.930765 -0.437636 -0.115092 1.034937
65.065065 -0.952078 -0.485230 -0.055599 1.070043
65.165165 -0.967913 -0.530024 0.004199 1.103539
65.265265 -0.978641 -0.572014 0.063962 1.135355
65.365365 -0.984644 -0.611233 0.123401 1.165486
65.465465 -0.986207 -0.647686 0.182268 1.193869
65.565566 -0.983622 -0.681405 0.240353 1.220490
65.665666 -0.977153 -0.712424 0.297472 1.245337
65.765766 -0.967094 -0.740815 0.353482 1.268474
65.865866 -0.953730 -0.766665 0.408266 1.289984
65.965966 -0.937213 -0.789968 0.461682 1.309798
66.066066 -0.917681 -0.810718 0.513593 1.327848
66.166166 -0.895297 -0.828937 0.563889 1.344122
66.266266 -0.870239 -0.844668 0.612480 1.358643
66.366366 -0.842655 -0.857934 0.659272 1.371407
66.466466 -0.812690 -0.868763 0.704180 1.382419
66.566567 -0.780501 -0.877201 0.747138 1.391717
66.666667 -0.746204 -0.883254 0.788053 1.399280
66.766767 -0.709926 -0.886948 0.826851 1.405117
66.866867 -0.671802 -0.888319 0.863472 1.409259
66.966967 -0.631932 -0.887364 0.897820 1.411678
67.067067 -0.590445 -0.884120 0.929841 1.412409
67.167167 -0.547475 -0.878635 0.959494 1.411509
67.267267 -0.503113 -0.870896 0.986671 1.408936
67.367367 -0.457467 -0.860910 1.011292 1.404689
67.467467 -0.410684 -0.848760 1.033359 1.398888
67.567568 -0.362893 -0.834499 1.052843 1.391603
67.667668 -0.314201 -0.818134 1.069660 1.382837
67.767768 -0.264712 -0.799653 1.083697 1.372558
67.867868 -0.214534 -0.779045 1.094838 1.360738
67.967968 -0.163789 -0.756324 1.102995 1.347387
68.068068 -0.112590 -0.731430 1.107969 1.332390
68.168168 -0.061066 -0.704311 1.109557 1.315636
68.268268 -0.009364 -0.674953 1.107603 1.297086
68.368368 0.042350 -0.643348 1.101943 1.276702
68.468468 0.093896 -0.609484 1.092398 1.254440
68.568569 0.145065 -0.573312 1.078697 1.230170
68.668669 0.195612 -0.534774 1.060523 1.203726
68.768769 0.245270 -0.493869 1.037633 1.175051
68.868869 0.293749 -0.450641 1.009840 1.144178
68.968969 0.340704 -0.405121 0.976885 1.111084
69.069069 0.385726 -0.357344 0.938455 1.075722
69.169169 0.428321 -0.307357 0.894184 1.038023
69.269269 0.467895 -0.255237 0.843663 0.997918
69.369369 0.503760 -0.201127 0.786511 0.955419
69.469469 0.535005 -0.145211 0.722208 0.910440
69.569570 0.560436 -0.087756 0.650122 0.862814
69.669670 0.578558 -0.029200 0.569630 0.812441
69.769770 0.587401 0.029773 0.480086 0.759217
69.869870 0.584538 0.088094 0.381073 0.703322
69.969970 0.566766 0.144083 0.272479 0.645158
70.070070 0.529724 0.195053 0.154820 0.585339
70.170170 0.468062 0.236776 0.030267 0.525415
70.270270 0.376120 0.262888 -0.095760 0.468772
70.370370 0.250004 0.264603 -0.212241 0.421382
70.470470 0.092984 0.232748 -0.301061 0.391734
70.570571 -0.078014 0.164577 -0.342429 0.387852
70.670671 -0.236706 0.069694 -0.328540 0.410884
70.770771 -0.363524 -0.035339 -0.269143 0.453692
70.870871 -0.453082 -0.137251 -0.181333 0.506954
70.970971 -0.508867 -0.229227 -0.079518 0.563750
71.071071 -0.536942 -0.308894 0.026912 0.620037
71.171171 -0.543018 -0.376004 0.132405 0.673631
71.271271 -0.531656 -0.431099 0.233743 0.723285
71.371371 -0.506450 -0.475006 0.329058 0.768376
71.471471 -0.470272 -0.508647 0.417283 0.808705
71.571572 -0.425417 -0.532915 0.497830 0.844282
71.671672 -0.373676 -0.548559 0.570322 0.875110
71.771772 -0.316467 -0.556169 0.634457 0.901116
71.871872 -0.255036 -0.556350 0.690113 0.922402
71.971972 -0.190507 -0.549760 0.737364 0.939273
72.072072 -0.123846 -0.536987 0.776313 0.952027
72.172172 -0.055884 -0.518511 0.807005 0.960851
72.272272 0.012635 -0.494715 0.829401 0.965820
72.372372 0.081015 -0.466031 0.843590 0.967157
72.472472 0.148596 -0.432876 0.849666 0.965088
72.572573 0.214742 -0.395602 0.847639 0.959743
72.672673 0.278800 -0.354538 0.837462 0.951193
72.772773 0.340091 -0.309995 0.819041 0.939461
72.872873 0.397886 -0.262304 0.792262 0.924552
72.972973 0.451373 -0.211806 0.756962 0.906417
73.073073 0.499676 -0.158908 0.713021 0.885057
73.173173 0.541798 -0.104074 0.660310 0.860457
73.273273 0.576652 -0.047875 0.598792 0.832689
73.373373 0.602986 0.008999 0.528479 0.801850
73.473473 0.619237 0.065685 0.449392 0.767934
73.573574 0.623654 0.121078 0.361780 0.731087
73.673674 0.614331 0.173758 0.266273 0.691734
73.773774 0.589092 0.221879 0.163960 0.650494
73.873874 0.545520 0.263022 0.056667 0.608263
73.973974 0.480999 0.293957 -0.052625 0.566162
74.074074 0.393304 0.310579 -0.159133 0.525805
74.174174 0.281837 0.308207 -0.255655 0.489676
74.274274 0.149236 0.282367 -0.332417 0.460981
74.374374 0.003346 0.230817 -0.378643 0.443462
74.474474 -0.142654 0.155722 -0.386035 0.440026
74.574575 -0.273829 0.064325 -0.353114 0.451453
74.674675 -0.378818 -0.033430 -0.286082 0.475882
74.774775 -0.452735 -0.128655 -0.195234 0.509546
74.874875 -0.496105 -0.215356 -0.090955 0.548426
74.974975 -0.512521 -0.290484 0.018478 0.589406
75.075075 -0.506856 -0.353194 0.127273 0.630751
75.175175 -0.483814 -0.403862 0.231818 0.671506
75.275275 -0.447254 -0.443289 0.329955 0.710923
75.375375 -0.400206 -0.472349 0.420401 0.748342
75.475475 -0.345126 -0.491948 0.502442 0.783309
75.575576 -0.284036 -0.502993 0.575753 0.815580
75.675676 -0.218617 -0.506374 0.640296 0.845096
75.775776 -0.150244 -0.502912 0.696182 0.871873
75.875876 -0.080055 -0.493354 0.743626 0.895983
75.975976 -0.008999 -0.478408 0.782943 0.917581
76.076076 0.062133 -0.458615 0.814313 0.936639
76.176176 0.132642 -0.434354 0.837733 0.952919
76.276276 0.201898 -0.406044 0.853331 0.966338
76.376376 0.269321 -0.374092 0.861252 0.976849
76.476476 0.334351 -0.338849 0.861579 0.984341
76.576577 0.396476 -0.300690 0.854464 0.988796
76.676677 0.455259 -0.260018 0.840183 0.990342
76.776777 0.510286 -0.217222 0.819005 0.989114
76.876877 0.561094 -0.172650 0.791089 0.985118
76.976977 0.607224 -0.126658 0.756608 0.978376
77.077077 0.648154 -0.079602 0.715683 0.968836
77.177177 0.683275 -0.031851 0.668375 0.956350
77.277277 0.712021 0.016180 0.614858 0.940896
77.377377 0.733821 0.064035 0.555375 0.922515
77.477477 0.748099 0.111216 0.490226 0.901300
77.577578 0.754229 0.157167 0.419770 0.877365
77.677678 0.751444 0.201240 0.344386 0.850745
77.777778 0.738781 0.242642 0.264517 0.821365
77.877878 0.715229 0.280443 0.180790 0.789231
77.977978 0.679873 0.313586 0.094126 0.754601
78.078078 0.631773 0.340817 0.005755 0.717862
78.178178 0.569897 0.360570 -0.082663 0.679431
78.278278 0.493192 0.370876 -0.168824 0.639757
78.378378 0.400948 0.369408 -0.249519 0.599568
78.478478 0.293279 0.353594 -0.320393 0.560083
78.578579 0.171674 0.320740 -0.375648 0.522932
78.678679 0.040071 0.268760 -0.408289 0.490446
78.778779 -0.094122 0.197483 -0.411354 0.465908
78.878879 -0.220139 0.109769 -0.379874 0.452564
78.978979 -0.325856 0.012077 -0.313602 0.452410
79.079079 -0.401579 -0.086763 -0.218406 0.465289
79.179179 -0.443029 -0.178309 -0.104384 0.488840
79.279279 -0.451700 -0.256810 0.017605 0.519898
79.379379 -0.432532 -0.319612 0.138720 0.555409
79.479479 -0.391506 -0.366380 0.253021 0.592901
79.579580 -0.334348 -0.398147 0.357053 0.630711
79.679680 -0.265876 -0.416527 0.449147 0.667771
79.779780 -0.189909 -0.423230 0.528685 0.703348
79.879880 -0.109399 -0.419879 0.595693 0.736965
79.979980 -0.026661 -0.408062 0.650710 0.768537
80.080080 0.056550 -0.389204 0.694510 0.798137
80.180180 0.138907 -0.364464 0.727816 0.825740
80.280280 0.219370 -0.334772 0.751226 0.851197
80.380380 0.297141 -0.300979 0.765429 0.874507
80.480480 0.371589 -0.263835 0.771099 0.895701
80.580581 0.442128 -0.223936 0.768688 0.914607
80.680681 0.508234 -0.181807 0.758597 0.931034
80.780781 0.569559 -0.137979 0.741388 0.945035
80.880881 0.625867 -0.092948 0.717669 0.956764
80.980981 0.676859 -0.047142 0.687878 0.966197
81.081081 0.722196 -0.000956 0.652363 0.973214
81.181181 0.761573 0.045225 0.611486 0.977729
81.281281 0.794653 0.091018 0.565575 0.979609
81.381381 0.821113 0.136040 0.514974 0.978739
81.481481 0.840718 0.179914 0.460094 0.975121
81.581582 0.853251 0.222262 0.401365 0.968778
81.681682 0.858398 0.262672 0.339184 0.959630
81.781782 0.855756 0.300684 0.273950 0.947511
81.881882 0.845001 0.335832 0.206142 0.932365
81.981982 0.825811 0.367612 0.136302 0.914156
82.082082 0.797790 0.395443 0.065033 0.892790
82.182182 0.760477 0.418648 -0.006961 0.868125
82.282282 0.713406 0.436460 -0.078830 0.840035
82.382382 0.656277 0.448095 -0.149548 0.808612
82.482482 0.588835 0.452658 -0.217865 0.774010
82.582583 0.510792 0.449030 -0.282193 0.736321
82.682683 0.422055 0.435948 -0.340524 0.695800
82.782783 0.322894 0.412019 -0.390312 0.652966
82.882883 0.214092 0.375652 -0.428222 0.608542
82.982983 0.097407 0.325191 -0.449931 0.563627
83.083083 -0.023664 0.259353 -0.450167 0.520072
83.183183 -0.142969 0.177964 -0.423096 0.480751
83.283283 -0.250953 0.083196 -0.363702 0.449642
83.383383 -0.334923 -0.019107 -0.270210 0.430757
83.483483 -0.382530 -0.119166 -0.147662 0.427006
83.583584 -0.387589 -0.205995 -0.008648 0.439015
83.683684 -0.352761 -0.271795 0.131537 0.464343
83.783784 -0.287069 -0.314068 0.260632 0.498976
83.883884 -0.201053 -0.334389 0.371744 0.538918
83.983984 -0.103745 -0.336268 0.462536 0.581187
84.084084 -0.001786 -0.323517 0.533329 0.623784
84.184184 0.100338 -0.299475 0.585602 0.665344
84.284284 0.199713 -0.266984 0.621425 0.705220
84.384384 0.294461 -0.228249 0.642756 0.742927
84.484484 0.383306 -0.184917 0.651164 0.777902
84.584585 0.465462 -0.138345 0.648190 0.809904
84.684685 0.540542 -0.089666 0.635353 0.838987
84.784785 0.608392 -0.039788 0.614021 0.865301
84.884885 0.668919 0.010563 0.585306 0.888902
84.984985 0.722042 0.060791 0.550124 0.909767
85.085085 0.767824 0.110394 0.509361 0.928003
85.185185 0.806408 0.158954 0.463835 0.943770
85.285285 0.837970 0.206123 0.414282 0.957241
85.385385 0.862562 0.251566 0.361301 0.968420
85.485485 0.880194 0.294970 0.305420 0.977257
85.585586 0.891008 0.336080 0.247189 0.983844
85.685686 0.895063 0.374630 0.187101 0.988177
85.785786 0.892386 0.410352 0.125622 0.990214
85.885886 0.883098 0.443023 0.063230 0.990015
85.985986 0.867361 0.472449 0.000394 0.987686
86.086086 0.845222 0.498374 -0.062424 0.983196
86.186186 0.816642 0.520489 -0.124744 0.976409
86.286286 0.781570 0.538451 -0.186048 0.967158
86.386386 0.739916 0.551861 -0.245758 0.955208
86.486486 0.691661 0.560332 -0.303248 0.940387
86.586587 0.636941 0.563548 -0.357875 0.922689
86.686687 0.575851 0.561106 -0.408886 0.902016
86.786787 0.508480 0.552518 -0.455394 0.878186
86.886887 0.435100 0.537372 -0.496474 0.851215
86.986987 0.356078 0.515217 -0.531049 0.821130
87.087087 0.271855 0.485483 -0.557777 0.787854
87.187187 0.183056 0.447486 -0.574967 0.751226
87.287287 0.090670 0.400579 -0.580657 0.711230
87.387387 -0.003769 0.344244 -0.572607 0.668129
87.487487 -0.097984 0.278113 -0.548157 0.622434
87.587588 -0.188571 0.202218 -0.504294 0.575121
87.687688 -0.270522 0.117420 -0.437927 0.527968
87.787788 -0.336611 0.026078 -0.346446 0.483748
87.887888 -0.376931 -0.066899 -0.229041 0.446108
87.987988 -0.380249 -0.152960 -0.089728 0.419568
88.088088 -0.338587 -0.220657 0.059753 0.408536
88.188188 -0.253385 -0.259920 0.201451 0.415145
88.288288 -0.136849 -0.267307 0.318678 0.437877
88.388388 -0.005497 -0.246511 0.402654 0.472153
88.488488 0.126753 -0.204783 0.452830 0.512891
88.588589 0.250990 -0.149457 0.473299 0.556188
88.688689 0.362548 -0.086341 0.469464 0.599410
88.788789 0.459481 -0.019629 0.446503 0.640994
88.888889 0.541376 0.047787 0.408827 0.680082
88.988989 0.608513 0.113930 0.359956 0.716126
89.089089 0.661544 0.177451 0.302710 0.748841
89.189189 0.701322 0.237426 0.239386 0.778158
89.289289 0.728659 0.293192 0.171811 0.804006
89.389389 0.744397 0.344290 0.101501 0.826416
89.489489 0.749370 0.390406 0.029728 0.845491
89.589590 0.744216 0.431239 -0.042434 0.861176
89.689690 0.729468 0.466505 -0.114035 0.873359
89.789790 0.705615 0.495936 -0.184195 0.881915
89.889890 0.673049 0.519231 -0.252058 0.886639
89.989990 0.632222 0.536139 -0.316806 0.887421
90.090090 0.583722 0.546528 -0.377687 0.884348
90.190190 0.528162 0.550288 -0.433972 0.877556
90.290290 0.466171 0.547331 -0.484943 0.867212
90.390390 0.398411 0.537575 -0.529871 0.853511
90.490490 0.325522 0.520866 -0.567924 0.836543
90.590591 0.248159 0.496951 -0.598094 0.816247
90.690691 0.167057 0.465477 -0.619133 0.792403
90.790791 0.083196 0.426213 -0.629778 0.764983
90.890891 -0.002155 0.379071 -0.628739 0.734174
90.990991 -0.087398 0.324010 -0.614508 0.700172
91.091091 -0.170412 0.261056 -0.585220 0.663078
91.191191 -0.248333 0.190521 -0.538804 0.623119
91.291291 -0.317385 0.113360 -0.473442 0.581147
91.391391 -0.372514 0.031420 -0.387630 0.538527
91.491491 -0.407022 -0.052043 -0.280720 0.497171
91.591592 -0.412879 -0.131597 -0.154455 0.460047
91.691692 -0.382199 -0.199231 -0.014974 0.431269
91.791792 -0.310925 -0.245464 0.125697 0.415604
91.891892 -0.203231 -0.262831 0.251458 0.416670
91.991992 -0.071842 -0.249737 0.348204 0.434484
92.092092 0.067276 -0.211070 0.409630 0.465697
92.192192 0.201298 -0.154883 0.437493 0.505875
92.292292 0.322810 -0.088666 0.437499 0.550884
92.392392 0.428624 -0.017951 0.415923 0.597522
92.492492 0.518244 0.053548 0.378455 0.643951
92.592593 0.592535 0.123521 0.329700 0.689244
92.692693 0.652682 0.190573 0.273027 0.732704
92.792793 0.700015 0.253903 0.210964 0.773947
92.892893 0.735776 0.313042 0.145402 0.812714
92.992993 0.760982 0.367691 0.077752 0.848726
93.093093 0.776570 0.417692 0.009121 0.881823
93.193193 0.783398 0.462978 -0.059607 0.911929
93.293293 0.782223 0.503529 -0.127717 0.939003
93.393393 0.773792 0.539403 -0.194632 0.963115
93.493493 0.758889 0.570759 -0.259910 0.984495
93.593594 0.738167 0.597731 -0.323180 1.003303
93.693694 0.712016 0.620293 -0.384052 1.019425
93.793794 0.680768 0.638404 -0.442156 1.032718
93.893894 0.644833 0.652106 -0.497194 1.043194
93.993994 0.604579 0.661428 -0.548881 1.050844
94.094094 0.560302 0.666330 -0.596886 1.055561
94.194194 0.512316 0.666805 -0.640913 1.057292
94.294294 0.460983 0.662906 -0.680722 1.056092
94.394394 0.406651 0.654672 -0.716066 1.052003
94.494494 0.349660 0.642133 -0.746689 1.045056
94.594595 0.290332 0.625270 -0.772267 1.035206
94.694695 0.228985 0.604017 -0.792406 1.022339
94.794795 0.165976 0.578334 -0.806717 1.006385
94.894895 0.101711 0.548200 -0.814800 0.987303
94.994995 0.036635 0.513566 -0.816174 0.965004
95.095095 -0.028739 0.474420 -0.810354 0.939454
95.195195 -0.093814 0.430803 -0.796874 0.910714
95.295295 -0.157881 0.382725 -0.775107 0.878746
95.395395 -0.220045 0.330149 -0.744190 0.843348
95.495495 -0.279156 0.273086 -0.703101 0.804273
95.595596 -0.333683 0.211627 -0.650614 0.761202
95.695696 -0.381592 0.146062 -0.585373 0.713868
95.795796 -0.420214 0.077037 -0.506042 0.662263
95.895896 -0.445968 0.005769 -0.411407 0.606776
95.995996 -0.453827 -0.065570 -0.300529 0.548248
96.096096 -0.436697 -0.133060 -0.173498 0.488375
96.196196 -0.385313 -0.189734 -0.033485 0.430797
96.296296 -0.290105 -0.224203 0.109304 0.382590
96.396396 -0.148802 -0.222125 0.233198 0.354771
96.496496 0.021727 -0.175525 0.309810 0.356739
96.596597 0.188666 -0.093685 0.324919 0.387226
96.696697 0.326993 0.003752 0.288454 0.436056
96.796797 0.429568 0.101436 0.219366 0.492889
96.896897 0.499299 0.191695 0.132956 0.551111
96.996997 0.541773 0.271663 0.039003 0.607322
97.097097 0.562281 0.340713 -0.056692 0.659893
97.197197 0.565129 0.399118 -0.150698 0.708079
97.297297 0.553660 0.447443 -0.240939 0.751529
97.397397 0.530592 0.486416 -0.326168 0.790262
97.497497 0.498133 0.516790 -0.405642 0.824472
97.597598 0.458022 0.539230 -0.478890 0.854335
97.697698 0.411674 0.554324 -0.545613 0.880025
97.797798 0.360221 0.562533 -0.605553 0.901608
97.897898 0.304616 0.564245 -0.658489 0.919114
97.997998 0.245717 0.559836 -0.704274 0.932629
98.098098 0.184294 0.549647 -0.742775 0.942226
98.198198 0.121020 0.533885 -0.773731 0.947807
98.298298 0.056542 0.512739 -0.796867 0.949260
98.398398 -0.008487 0.486424 -0.811954 0.946546
98.498498 -0.073408 0.455147 -0.818739 0.939617
98.598599 -0.137528 0.419070 -0.816864 0.928332
98.698699 -0.200082 0.378314 -0.805842 0.912434
98.798799 -0.260214 0.333049 -0.785182 0.891708
98.898899 -0.316979 0.283528 -0.754450 0.866059
98.998999 -0.369271 0.230060 -0.713161 0.835396
99.099099 -0.415714 0.173001 -0.660665 0.799516
99.199199 -0.454648 0.112870 -0.596322 0.758317
99.299299 -0.483881 0.050398 -0.519366 0.711633
99.399399 -0.500529 -0.013308 -0.429029 0.659373
99.499499 -0.500798 -0.076474 -0.324826 0.601796
99.599600 -0.479425 -0.136180 -0.206843 0.539608
99.699700 -0.429227 -0.187439 -0.076850 0.474632
99.799800 -0.341288 -0.221751 0.059127 0.411274
99.899900 -0.207826 -0.225525 0.185632 0.358487
100.000000 -0.033934 -0.183610 0.273022 0.330764
