0.000000 -0.491286 0.813603 -0.253462 0.983644
0.100100 -0.513488 0.753602 -0.325002 0.968097
0.200200 -0.530323 0.685760 -0.393124 0.951869
0.300300 -0.541319 0.610403 -0.456895 0.935078
0.400400 -0.546032 0.527995 -0.515342 0.917882
0.500501 -0.544052 0.439152 -0.567449 0.900469
0.600601 -0.535032 0.344660 -0.612193 0.883080
0.700701 -0.518703 0.245498 -0.648549 0.865989
0.800801 -0.494806 0.142796 -0.675417 0.849360
0.900901 -0.463203 0.037913 -0.691741 0.833367
1.001001 -0.423996 -0.067551 -0.696683 0.818354
1.101101 -0.377497 -0.171806 -0.689612 0.804727
1.201201 -0.324157 -0.272892 -0.670011 0.792757
1.301301 -0.264630 -0.368704 -0.637580 0.782611
1.401401 -0.199801 -0.457052 -0.592328 0.774383
1.501502 -0.130827 -0.535833 -0.534736 0.768229
1.601602 -0.059079 -0.603117 -0.465720 0.764287
1.701702 0.013941 -0.657125 -0.386498 0.762488
1.801802 0.086627 -0.696446 -0.298670 0.762722
1.901902 0.157355 -0.720164 -0.204179 0.764909
2.002002 0.224550 -0.727794 -0.105154 0.768872
2.102102 0.286811 -0.719464 -0.003837 0.774534
2.202202 0.342927 -0.695755 0.097539 0.781785
2.302302 0.391950 -0.657668 0.196889 0.790517
2.402402 0.433247 -0.606634 0.292350 0.800735
2.502503 0.466403 -0.544213 0.382307 0.812317
2.602603 0.491284 -0.472147 0.465478 0.825198
2.702703 0.507975 -0.392219 0.540880 0.839301
2.802803 0.516653 -0.306119 0.607742 0.854394
2.902903 0.517594 -0.215449 0.665495 0.870175
3.003003 0.511197 -0.121738 0.713804 0.886374
3.103103 0.497917 -0.026405 0.752491 0.902697
3.203203 0.478285 0.069250 0.781570 0.918915
3.303303 0.452960 0.164067 0.801337 0.935003
3.403403 0.422607 0.257044 0.812198 0.950965
3.503504 0.387849 0.347321 0.814580 0.966747
3.603604 0.349278 0.434158 0.808938 0.982277
3.703704 0.307457 0.516926 0.795750 0.997477
3.803804 0.262930 0.595113 0.775539 1.012301
3.903904 0.216216 0.668308 0.748852 1.026725
4.004004 0.167797 0.736181 0.716226 1.040720
4.104104 0.118121 0.798468 0.678191 1.054252
4.204204 0.067598 0.854924 0.635228 1.067230
4.304304 0.016609 0.905298 0.587769 1.079497
4.404404 -0.034481 0.949477 0.536308 1.091019
4.504505 -0.085329 0.987390 0.481330 1.101771
4.604605 -0.135610 1.018909 0.423255 1.111625
4.704705 -0.185017 1.043958 0.362514 1.120489
4.804805 -0.233258 1.062500 0.299534 1.128289
4.904905 -0.280071 1.074596 0.234756 1.135036
5.005005 -0.325218 1.080349 0.168611 1.140767
5.105105 -0.368478 1.079876 0.101514 1.145519
5.205205 -0.409646 1.073308 0.033865 1.149325
5.305305 -0.448522 1.060769 -0.033953 1.152196
5.405405 -0.484900 1.042357 -0.101561 1.154101
5.505506 -0.518588 1.018192 -0.168587 1.155019
5.605606 -0.549428 0.988462 -0.234670 1.154988
5.705706 -0.577264 0.953356 -0.299454 1.154034
5.805806 -0.601921 0.913026 -0.362571 1.152121
5.905906 -0.623181 0.867569 -0.423626 1.149126
6.006006 -0.640851 0.817139 -0.482225 1.144966
6.106106 -0.654750 0.761926 -0.537971 1.139580
6.206206 -0.664707 0.702150 -0.590464 1.132915
6.306306 -0.670620 0.638124 -0.639350 1.125035
6.406406 -0.672441 0.570225 -0.684321 1.116077
6.506507 -0.670169 0.498878 -0.725115 1.106254
6.606607 -0.663783 0.424492 -0.761442 1.095717
6.706707 -0.653196 0.347442 -0.792934 1.084493
6.806807 -0.638337 0.268146 -0.819226 1.072617
6.906907 -0.619174 0.187066 -0.839979 1.060158
7.007007 -0.595660 0.104700 -0.854813 1.047128
7.107107 -0.567757 0.021590 -0.863329 1.033514
7.207207 -0.535509 -0.061657 -0.865222 1.019402
7.307307 -0.498990 -0.144380 -0.860194 1.004873
7.407407 -0.458326 -0.225872 -0.848000 0.990043
7.507508 -0.413719 -0.305384 -0.828488 0.975098
7.607608 -0.365363 -0.382084 -0.801442 0.960098
7.707708 -0.313524 -0.455096 -0.766726 0.945134
7.807808 -0.258577 -0.523543 -0.724377 0.930420
7.907908 -0.200935 -0.586461 -0.674434 0.916064
8.008008 -0.141075 -0.642814 -0.616988 0.902101
8.108108 -0.079583 -0.691606 -0.552329 0.888662
8.208208 -0.017135 -0.731858 -0.480889 0.875879
8.308308 0.045510 -0.762595 -0.403237 0.863841
8.408408 0.107520 -0.783036 -0.320173 0.852769
8.508509 0.168011 -0.792571 -0.232683 0.842934
8.608609 0.226045 -0.790625 -0.141858 0.834450
8.708709 0.280643 -0.776740 -0.048925 0.827332
8.808809 0.330812 -0.750657 0.044740 0.821538
8.908909 0.375632 -0.712485 0.137655 0.817119
9.009009 0.414289 -0.662661 0.228286 0.814168
9.109109 0.446097 -0.601913 0.315124 0.812776
9.209209 0.470493 -0.531197 0.396705 0.812963
9.309309 0.487117 -0.451728 0.471721 0.814777
9.409409 0.495890 -0.364998 0.539121 0.818402
9.509510 0.496826 -0.272523 0.597987 0.823828
9.609610 0.490036 -0.175831 0.647539 0.830878
9.709710 0.475777 -0.076481 0.687209 0.839327
9.809810 0.454373 0.023992 0.716544 0.848802
9.909910 0.426265 0.124089 0.735291 0.858925
10.010010 0.392087 0.222399 0.743558 0.869524
10.110110 0.352568 0.317658 0.741680 0.880511
10.210210 0.308387 0.408682 0.729974 0.891619
10.310310 0.260191 0.494349 0.708742 0.902439
10.410410 0.208711 0.573742 0.678544 0.912777
10.510511 0.154710 0.646156 0.640119 0.922608
10.610611 0.098899 0.710935 0.594158 0.931790
10.710711 0.041962 0.767513 0.541366 0.940167
10.810811 -0.015430 0.815470 0.482517 0.947656
10.910911 -0.072641 0.854516 0.418417 0.954226
11.011011 -0.129067 0.884489 0.349894 0.959899
11.111111 -0.184151 0.905350 0.277786 0.964746
11.211211 -0.237371 0.917111 0.202907 0.968818
11.311311 -0.288209 0.919731 0.126029 0.972035
11.411411 -0.336181 0.913247 0.047924 0.974338
11.511512 -0.380860 0.897856 -0.030626 0.975775
11.611612 -0.421855 0.873813 -0.108860 0.976402
11.711712 -0.458779 0.841371 -0.186022 0.976210
11.811812 -0.491261 0.800813 -0.261364 0.975167
11.911912 -0.519033 0.752603 -0.334185 0.973389
12.012012 -0.541902 0.697307 -0.403834 0.971070
12.112112 -0.559682 0.635488 -0.469674 0.968340
12.212212 -0.572226 0.567749 -0.531107 0.965327
12.312312 -0.579369 0.494677 -0.587509 0.962051
12.412412 -0.581029 0.416944 -0.638338 0.958599
12.512513 -0.577270 0.335346 -0.683201 0.955229
12.612613 -0.568171 0.250668 -0.721729 0.952127
12.712713 -0.553714 0.163655 -0.753432 0.949232
12.812813 -0.533891 0.075082 -0.777819 0.946403
12.912913 -0.508838 -0.014199 -0.794567 0.943639
13.013013 -0.478705 -0.103308 -0.803367 0.940866
13.113113 -0.443671 -0.191327 -0.803919 0.937943
13.213213 -0.403995 -0.277311 -0.796042 0.934771
13.313313 -0.360040 -0.360323 -0.779710 0.931348
13.413413 -0.312241 -0.439447 -0.755029 0.927727
13.513514 -0.261093 -0.513815 -0.722222 0.924002
13.613614 -0.207113 -0.582553 -0.681546 0.920200
13.713714 -0.150838 -0.644762 -0.633274 0.916245
13.813814 -0.092856 -0.699567 -0.577767 0.912048
13.913914 -0.033800 -0.746113 -0.515474 0.907492
14.014014 0.025643 -0.783678 -0.447006 0.902565
14.114114 0.084754 -0.811665 -0.373105 0.897324
14.214214 0.142791 -0.829547 -0.294587 0.891806
14.314314 0.198984 -0.836830 -0.212335 0.885983
14.414414 0.252555 -0.833157 -0.127331 0.879857
14.514515 0.302761 -0.818442 -0.040665 0.873593
14.614615 0.348898 -0.792775 0.046518 0.867402
14.714715 0.390215 -0.756204 0.133027 0.861283
14.814815 0.425981 -0.708915 0.217620 0.855207
14.914915 0.455508 -0.651284 0.299000 0.849153
15.015015 0.478207 -0.583921 0.375880 0.843168
15.115115 0.493615 -0.507689 0.447008 0.837389
15.215215 0.501382 -0.423624 0.511199 0.831964
15.315315 0.501284 -0.332946 0.567353 0.827060
15.415415 0.493165 -0.236970 0.614409 0.822718
15.515516 0.477089 -0.137196 0.651536 0.819106
15.615616 0.453342 -0.035241 0.678172 0.816503
15.715716 0.422315 0.067250 0.693899 0.815088
15.815816 0.384485 0.168627 0.698429 0.814903
15.915916 0.340504 0.267278 0.691768 0.816041
16.016016 0.291168 0.361695 0.674208 0.818632
16.116116 0.237291 0.450426 0.646107 0.822584
16.216216 0.179734 0.532125 0.607956 0.827691
16.316316 0.119451 0.605700 0.560551 0.833882
16.416416 0.057425 0.670368 0.504924 0.841213
16.516517 -0.005399 0.725575 0.442190 0.849718
16.616617 -0.068135 0.770848 0.373425 0.859241
16.716717 -0.129937 0.805738 0.299653 0.869419
16.816817 -0.190020 0.830042 0.221962 0.879968
16.916917 -0.247704 0.843904 0.141495 0.890815
17.017017 -0.302420 0.847690 0.059353 0.901975
17.117117 -0.353679 0.841819 -0.023447 0.913399
17.217217 -0.401056 0.826735 -0.105973 0.924969
17.317317 -0.444211 0.802974 -0.187368 0.936588
17.417417 -0.482881 0.771127 -0.266856 0.948168
17.517518 -0.516920 0.731903 -0.343775 0.959724
17.617618 -0.546259 0.686046 -0.417555 0.971293
17.717718 -0.570804 0.634188 -0.487657 0.982762
17.817818 -0.590465 0.576926 -0.553574 0.993950
17.917918 -0.605220 0.514888 -0.614879 1.004727
18.018018 -0.615098 0.448722 -0.671217 1.015002
18.118118 -0.620223 0.379104 -0.722358 1.024791
18.218218 -0.620755 0.306699 -0.768138 1.034136
18.318318 -0.616801 0.232098 -0.808353 1.042951
18.418418 -0.608486 0.155876 -0.842841 1.051158
18.518519 -0.595915 0.078587 -0.871420 1.058614
18.618619 -0.579234 0.000776 -0.893975 1.065225
18.718719 -0.558679 -0.077019 -0.910539 1.071044
18.818819 -0.534460 -0.154284 -0.921115 1.076059
18.918919 -0.506758 -0.230519 -0.925675 1.080193
19.019019 -0.475794 -0.305244 -0.924258 1.083423
19.119119 -0.441837 -0.378023 -0.917011 1.085831
19.219219 -0.405139 -0.448425 -0.904057 1.087447
19.319319 -0.365910 -0.515989 -0.885431 1.088174
19.419419 -0.324371 -0.580257 -0.861192 1.087919
19.519520 -0.280795 -0.640841 -0.831520 1.086715
19.619620 -0.235473 -0.697390 -0.796646 1.084641
19.719720 -0.188681 -0.749527 -0.756763 1.081703
19.819820 -0.140710 -0.796903 -0.712102 1.077934
19.919920 -0.091862 -0.839216 -0.662944 1.073414
20.020020 -0.042445 -0.876172 -0.609580 1.068207
20.120120 0.007229 -0.907521 -0.552339 1.062415
20.220220 0.056840 -0.933020 -0.491563 1.056121
20.320320 0.106067 -0.952457 -0.427615 1.049418
20.420420 0.154584 -0.965656 -0.360890 1.042415
20.520521 0.202046 -0.972369 -0.291766 1.035110
20.620621 0.248078 -0.972274 -0.220625 1.027393
20.720721 0.292279 -0.965070 -0.147896 1.019147
20.820821 0.334251 -0.950556 -0.074071 1.010330
20.920921 0.373584 -0.928584 0.000310 1.000916
21.021021 0.409844 -0.899020 0.074661 0.990850
21.121121 0.442554 -0.861707 0.148339 0.979999
21.221221 0.471281 -0.816676 0.220663 0.968379
21.321321 0.495660 -0.764140 0.290929 0.956154
21.421421 0.515268 -0.704284 0.358374 0.943371
21.521522 0.529683 -0.637362 0.422188 0.930074
21.621622 0.538540 -0.563781 0.481551 0.916388
21.721722 0.541523 -0.484082 0.535645 0.902495
21.821822 0.538327 -0.398892 0.583607 0.888543
21.921922 0.528676 -0.308950 0.624551 0.874650
22.022022 0.512425 -0.215182 0.657680 0.861061
22.122122 0.489473 -0.118635 0.682185 0.847959
22.222222 0.459794 -0.020493 0.697293 0.835492
22.322322 0.423486 0.077905 0.702324 0.823813
22.422422 0.380864 0.175108 0.696863 0.813227
22.522523 0.332409 0.269584 0.680700 0.804066
22.622623 0.278645 0.359702 0.653634 0.796408
22.722723 0.220271 0.443811 0.615718 0.790314
22.822823 0.158142 0.520278 0.567257 0.785798
22.922923 0.093273 0.587657 0.508924 0.782972
23.023023 0.026800 0.644802 0.441759 0.782073
23.123123 -0.040118 0.690830 0.367002 0.783292
23.223223 -0.106336 0.725078 0.286013 0.786669
23.323323 -0.170758 0.747163 0.200246 0.792155
23.423423 -0.232363 0.756982 0.111212 0.799614
23.523524 -0.290216 0.754619 0.020409 0.808760
23.623624 -0.343445 0.740277 -0.070695 0.819123
23.723724 -0.391249 0.714271 -0.160661 0.830103
23.823824 -0.433063 0.677349 -0.248156 0.841383
23.923924 -0.468509 0.630489 -0.331990 0.852780
24.024024 -0.497349 0.574753 -0.411133 0.864133
24.124124 -0.519479 0.511280 -0.484716 0.875337
24.224224 -0.534861 0.441184 -0.551995 0.886239
24.324324 -0.543508 0.365553 -0.612309 0.896634
24.424424 -0.545460 0.285438 -0.665068 0.906265
24.524525 -0.540918 0.201942 -0.709899 0.915057
24.624625 -0.530150 0.116141 -0.746547 0.922974
24.724725 -0.513397 0.029051 -0.774753 0.929873
24.824825 -0.490944 -0.058339 -0.794343 0.935633
24.924925 -0.463107 -0.145064 -0.805207 0.940143
25.025025 -0.430211 -0.230176 -0.807257 0.943253
25.125125 -0.392605 -0.312736 -0.800449 0.944808
25.225225 -0.350720 -0.391858 -0.784899 0.944788
25.325325 -0.305030 -0.466690 -0.760809 0.943225
25.425425 -0.255990 -0.536349 -0.728334 0.940038
25.525526 -0.204116 -0.600020 -0.687765 0.935258
25.625626 -0.149961 -0.656911 -0.639463 0.928942
25.725726 -0.094091 -0.706188 -0.583785 0.921064
25.825826 -0.037121 -0.747043 -0.521179 0.911635
25.925926 0.020287 -0.778643 -0.452151 0.900631
26.026026 0.077410 -0.800170 -0.377308 0.888046
26.126126 0.133461 -0.810839 -0.297379 0.873903
26.226226 0.187583 -0.809929 -0.213238 0.858279
26.326326 0.238876 -0.796896 -0.125938 0.841406
26.426426 0.286396 -0.771352 -0.036697 0.823622
26.526527 0.329191 -0.733144 0.053113 0.805412
26.626627 0.366245 -0.682213 0.141955 0.787211
26.726727 0.396446 -0.618578 0.228105 0.769311
26.826827 0.418673 -0.542560 0.309630 0.752016
26.926927 0.431898 -0.454926 0.384466 0.735736
27.027027 0.435223 -0.356919 0.450454 0.720915
27.127127 0.427926 -0.250251 0.505419 0.707951
27.227227 0.409693 -0.137232 0.547440 0.697404
27.327327 0.380668 -0.020638 0.575016 0.689912
27.427427 0.341370 0.096469 0.587046 0.685903
27.527528 0.292730 0.210902 0.582990 0.685600
27.627628 0.236091 0.319535 0.562981 0.689049
27.727728 0.173089 0.419526 0.527779 0.696069
27.827828 0.105584 0.508591 0.478841 0.706471
27.927928 0.035473 0.585082 0.418069 0.719973
28.028028 -0.035467 0.647746 0.347433 0.735896
28.128128 -0.105613 0.695912 0.269020 0.753538
28.228228 -0.173551 0.729540 0.184991 0.772379
28.328328 -0.238072 0.748833 0.097336 0.791773
28.428428 -0.298186 0.754277 0.007888 0.811118
28.528529 -0.353102 0.746591 -0.081687 0.829911
28.628629 -0.402248 0.726713 -0.169921 0.847814
28.728729 -0.445256 0.695759 -0.255553 0.864662
28.828829 -0.481821 0.654757 -0.337477 0.880198
28.928929 -0.511743 0.604741 -0.414738 0.894204
29.029029 -0.534951 0.546808 -0.486549 0.906587
29.129129 -0.551432 0.482015 -0.552230 0.917264
29.229229 -0.561172 0.411351 -0.611149 0.926082
29.329329 -0.564226 0.335803 -0.662773 0.932943
29.429429 -0.560747 0.256386 -0.706713 0.937877
29.529530 -0.550960 0.174103 -0.742692 0.940989
29.629630 -0.535117 0.089928 -0.770493 0.942389
29.729730 -0.513464 0.004799 -0.789915 0.942143
29.829830 -0.486259 -0.080357 -0.800781 0.940295
29.929930 -0.453758 -0.164609 -0.802906 0.936830
30.030030 -0.416193 -0.246989 -0.796051 0.931621
30.130130 -0.373881 -0.326520 -0.780094 0.924635
30.230230 -0.327190 -0.402181 -0.754973 0.915853
30.330330 -0.276511 -0.472893 -0.720621 0.905197
30.430430 -0.222333 -0.537561 -0.677113 0.892684
30.530531 -0.165212 -0.595035 -0.624594 0.878339
30.630631 -0.105783 -0.644079 -0.563276 0.862153
30.730731 -0.044783 -0.683364 -0.493472 0.844101
30.830831 0.016916 -0.711523 -0.415681 0.824221
30.930931 0.078290 -0.727262 -0.330679 0.802738
31.031031 0.138147 -0.729232 -0.239470 0.779878
31.131131 0.195100 -0.716056 -0.143342 0.755875
31.231231 0.247550 -0.686501 -0.043997 0.731095
31.331331 0.293690 -0.639572 0.056393 0.706036
31.431431 0.331537 -0.574694 0.155120 0.681361
31.531532 0.359058 -0.492016 0.248955 0.658012
31.631632 0.374271 -0.392573 0.334195 0.637086
31.731732 0.375482 -0.278527 0.406877 0.619769
31.831832 0.361486 -0.153296 0.463024 0.607093
31.931932 0.332030 -0.021562 0.499335 0.600037
32.032032 0.288058 0.111066 0.513784 0.599406
32.132132 0.231523 0.238837 0.505820 0.605393
32.232232 0.165202 0.356519 0.476478 0.617600
32.332332 0.092274 0.460006 0.428120 0.635143
32.432432 0.015936 0.546633 0.364026 0.656945
32.532533 -0.060956 0.614985 0.287731 0.681697
32.632633 -0.136048 0.664913 0.202775 0.708333
32.732733 -0.207587 0.697374 0.112459 0.736254
32.832833 -0.274336 0.713702 0.019523 0.764861
32.932933 -0.335468 0.715395 -0.073827 0.793586
33.033033 -0.390469 0.704007 -0.165830 0.821943
33.133133 -0.439073 0.681081 -0.255120 0.849554
33.233233 -0.481225 0.648151 -0.340658 0.876199
33.333333 -0.517000 0.606636 -0.421680 0.901726
33.433433 -0.546544 0.557821 -0.497613 0.926009
33.533534 -0.569953 0.502758 -0.567951 0.948778
33.633634 -0.587360 0.442414 -0.632300 0.969806
33.733734 -0.598999 0.377739 -0.690432 0.989031
33.833834 -0.605119 0.309598 -0.742192 1.006414
33.933934 -0.605981 0.238783 -0.787494 1.021948
34.034034 -0.601799 0.165999 -0.826229 1.035554
34.134134 -0.592747 0.091891 -0.858268 1.047100
34.234234 -0.579051 0.017081 -0.883569 1.056544
34.334334 -0.560911 -0.057837 -0.902076 1.063817
34.434434 -0.538560 -0.132301 -0.913798 1.068914
34.534535 -0.512253 -0.205769 -0.918792 1.071878
34.634635 -0.482210 -0.277712 -0.917071 1.072693
34.734735 -0.448692 -0.347627 -0.908724 1.071424
34.834835 -0.411967 -0.415029 -0.893864 1.068157
34.934935 -0.372298 -0.479432 -0.872597 1.062961
35.035035 -0.329965 -0.540370 -0.845064 1.055940
35.135135 -0.285240 -0.597345 -0.811376 1.047146
35.235235 -0.238388 -0.649813 -0.771604 1.036561
35.335335 -0.189706 -0.697233 -0.725874 1.024214
35.435435 -0.139526 -0.739071 -0.674365 1.010179
35.535536 -0.088204 -0.774741 -0.617261 0.994492
35.635636 -0.036124 -0.803558 -0.554731 0.977107
35.735736 0.016276 -0.824818 -0.487016 0.958005
35.835836 0.068492 -0.837839 -0.414469 0.937257
35.935936 0.119963 -0.841992 -0.337566 0.915037
36.036036 0.170063 -0.836674 -0.256898 0.891595
36.136136 0.218074 -0.821189 -0.173146 0.867114
36.236236 0.263158 -0.794786 -0.087131 0.841742
36.336336 0.304368 -0.756764 0.000114 0.815679
36.436436 0.340659 -0.706587 0.087311 0.789263
36.536537 0.370895 -0.643922 0.172912 0.762953
36.636637 0.393798 -0.568602 0.255047 0.737180
36.736737 0.408004 -0.480796 0.331504 0.712409
36.836837 0.412227 -0.381296 0.399807 0.689321
36.936937 0.405423 -0.271663 0.457375 0.668850
37.037037 0.386843 -0.154209 0.501614 0.651954
37.137137 0.356185 -0.032004 0.530152 0.639495
37.237237 0.313703 0.091191 0.541045 0.632024
37.337337 0.260269 0.211136 0.533009 0.629616
37.437437 0.197593 0.323548 0.506023 0.632286
37.537538 0.127989 0.424583 0.461275 0.639865
37.637638 0.054043 0.511229 0.400888 0.651910
37.737738 -0.021642 0.581440 0.327610 0.667734
37.837838 -0.096680 0.634070 0.244417 0.686390
37.937938 -0.169050 0.669113 0.154421 0.707203
38.038038 -0.237235 0.687538 0.060569 0.729834
38.138138 -0.300154 0.690677 -0.034642 0.753874
38.238238 -0.356990 0.679820 -0.129150 0.778638
38.338338 -0.407209 0.656359 -0.221266 0.803483
38.438438 -0.450609 0.621904 -0.309678 0.828078
38.538539 -0.487215 0.578076 -0.393420 0.852250
38.638639 -0.517167 0.526358 -0.471785 0.875840
38.738739 -0.540701 0.468115 -0.544290 0.898744
38.838839 -0.558160 0.404621 -0.610677 0.920971
38.938939 -0.569870 0.336971 -0.670764 0.942457
39.039039 -0.576128 0.266111 -0.724427 0.963085
39.139139 -0.577226 0.192883 -0.771591 0.982724
39.239239 -0.573405 0.118029 -0.812169 1.001170
39.339339 -0.564972 0.042240 -0.846206 1.018352
39.439439 -0.552268 -0.033850 -0.873835 1.034279
39.539540 -0.535613 -0.109679 -0.895200 1.048948
39.639640 -0.515284 -0.184735 -0.910411 1.062305
39.739740 -0.491535 -0.258543 -0.919568 1.074270
39.839840 -0.464623 -0.330662 -0.922790 1.084782
39.939940 -0.434765 -0.400658 -0.920146 1.093717
40.040040 -0.402186 -0.468117 -0.911725 1.100967
40.140140 -0.367131 -0.532664 -0.897671 1.106494
40.240240 -0.329855 -0.593954 -0.878165 1.110297
40.340340 -0.290582 -0.651605 -0.853316 1.112283
40.440440 -0.249538 -0.705242 -0.823240 1.112366
40.540541 -0.206988 -0.754571 -0.788164 1.110596
40.640641 -0.163193 -0.799296 -0.748307 1.107009
40.740741 -0.118421 -0.839158 -0.703920 1.101687
40.840841 -0.072939 -0.873869 -0.655240 1.094672
40.940941 -0.027013 -0.903055 -0.602442 1.085898
41.041041 0.019075 -0.926292 -0.545703 1.075255
41.141141 0.065017 -0.943220 -0.485269 1.062722
41.241241 0.110483 -0.953486 -0.421433 1.048307
41.341341 0.155114 -0.956678 -0.354496 1.031969
41.441441 0.198532 -0.952484 -0.284845 1.013794
41.541542 0.240316 -0.940533 -0.212902 0.993822
41.641642 0.279994 -0.920408 -0.139136 0.972063
41.741742 0.317073 -0.891801 -0.064114 0.948659
41.841842 0.351003 -0.854391 0.011509 0.923753
41.941942 0.381134 -0.807791 0.086973 0.897415
42.042042 0.406757 -0.751686 0.161377 0.869785
42.142142 0.427133 -0.685934 0.233669 0.841160
42.242242 0.441457 -0.610515 0.302617 0.811905
42.342342 0.448810 -0.525510 0.366753 0.782367
42.442442 0.448298 -0.431349 0.424430 0.753109
42.542543 0.439034 -0.328829 0.473781 0.724808
42.642643 0.420033 -0.219090 0.512580 0.697973
42.742743 0.390644 -0.103995 0.538662 0.673480
42.842843 0.350714 0.013836 0.550166 0.652590
42.942943 0.300448 0.131175 0.545404 0.636350
43.043043 0.240544 0.244208 0.523085 0.625393
43.143143 0.172416 0.348803 0.482827 0.620091
43.243243 0.098230 0.441065 0.425555 0.620713
43.343343 0.020590 0.517725 0.353263 0.627103
43.443443 -0.057760 0.576583 0.268821 0.638787
43.543544 -0.134222 0.616584 0.175585 0.654997
43.643644 -0.206608 0.637796 0.076977 0.674830
43.743744 -0.273295 0.641372 -0.023781 0.697577
43.843844 -0.333279 0.629175 -0.123982 0.722709
43.943944 -0.386064 0.603365 -0.221519 0.749777
44.044044 -0.431456 0.565989 -0.314821 0.778210
44.144144 -0.469401 0.518846 -0.402689 0.807278
44.244244 -0.500069 0.463655 -0.484315 0.836424
44.344344 -0.523900 0.402125 -0.559321 0.865457
44.444444 -0.541306 0.335671 -0.627463 0.894090
44.544545 -0.552646 0.265464 -0.688566 0.921961
44.644645 -0.558323 0.192549 -0.742608 0.948824
44.744745 -0.558748 0.117834 -0.789657 0.974496
44.844845 -0.554307 0.042108 -0.829818 0.998813
44.944945 -0.545415 -0.033943 -0.863310 1.021731
45.045045 -0.532460 -0.109723 -0.890358 1.043212
45.145145 -0.515755 -0.184712 -0.911125 1.063141
45.245245 -0.495660 -0.258470 -0.925892 1.081555
45.345345 -0.472498 -0.330605 -0.934916 1.098463
45.445445 -0.446531 -0.400755 -0.938375 1.113797
45.545546 -0.418077 -0.468649 -0.936593 1.127664
45.645646 -0.387441 -0.534071 -0.929906 1.140205
45.745746 -0.354860 -0.596782 -0.918534 1.151425
45.845846 -0.320581 -0.656605 -0.902747 1.161402
45.945946 -0.284834 -0.713381 -0.882799 1.170204
46.046046 -0.247796 -0.766880 -0.858823 1.177745
46.146146 -0.209655 -0.816916 -0.830995 1.184002
46.246246 -0.170595 -0.863304 -0.799481 1.188935
46.346346 -0.130793 -0.905866 -0.764446 1.192509
46.446446 -0.090437 -0.944491 -0.726111 1.194771
46.546547 -0.049704 -0.979037 -0.684662 1.195720
46.646647 -0.008770 -1.009340 -0.640267 1.195318
46.746747 0.032189 -1.035238 -0.593098 1.193532
46.846847 0.072993 -1.056572 -0.543335 1.190330
46.946947 0.113460 -1.073203 -0.491172 1.185701
47.047047 0.153406 -1.085025 -0.436828 1.179674
47.147147 0.192637 -1.091886 -0.380508 1.172225
47.247247 0.230962 -1.093678 -0.322439 1.163376
47.347347 0.268192 -1.090349 -0.262880 1.153211
47.447447 0.304126 -1.081800 -0.202082 1.141762
47.547548 0.338554 -1.067938 -0.140311 1.129070
47.647648 0.371268 -1.048711 -0.077856 1.115211
47.747748 0.402062 -1.024098 -0.015020 1.100298
47.847848 0.430703 -0.994036 0.047873 1.084391
47.947948 0.456895 -0.958360 0.110472 1.067432
48.048048 0.480285 -0.916840 0.172371 1.049276
48.148148 0.500464 -0.869227 0.233096 1.029735
48.248248 0.517064 -0.815427 0.292135 1.008771
48.348348 0.529720 -0.755440 0.348927 0.986430
48.448448 0.537967 -0.689199 0.402793 0.962625
48.548549 0.541331 -0.616733 0.452983 0.937332
48.648649 0.539363 -0.538226 0.498690 0.910654
48.748749 0.531545 -0.453919 0.538966 0.882648
48.848849 0.517372 -0.364221 0.572776 0.853465
48.948949 0.496374 -0.269760 0.599004 0.823385
49.049049 0.468023 -0.171351 0.616328 0.792632
49.149149 0.431907 -0.070150 0.623396 0.761635
49.249249 0.387731 0.032294 0.618789 0.730943
49.349349 0.335293 0.133971 0.600948 0.701077
49.449449 0.274689 0.232283 0.568406 0.672678
49.549550 0.206468 0.324028 0.520026 0.646568
49.649650 0.131807 0.405494 0.455319 0.623790
49.749750 0.052576 0.472621 0.374650 0.605391
49.849850 -0.028618 0.521604 0.279685 0.592548
49.949950 -0.108611 0.549489 0.173473 0.586368
50.050050 -0.184074 0.554574 0.060100 0.587407
50.150150 -0.251966 0.536863 -0.055736 0.595664
50.250250 -0.309891 0.497905 -0.169375 0.610434
50.350350 -0.356385 0.440541 -0.276790 0.630634
50.450450 -0.390949 0.368392 -0.374963 0.655096
50.550551 -0.413935 0.285286 -0.462060 0.682810
50.650651 -0.426166 0.194744 -0.537168 0.712806
50.750751 -0.428642 0.099719 -0.599994 0.744090
50.850851 -0.422545 0.002682 -0.650832 0.775973
50.950951 -0.409024 -0.094409 -0.690239 0.807864
51.051051 -0.389138 -0.190035 -0.718907 0.839267
51.151151 -0.363873 -0.283032 -0.737637 0.869839
51.251251 -0.334111 -0.372525 -0.747247 0.899324
51.351351 -0.300657 -0.457891 -0.748592 0.927603
51.451451 -0.264230 -0.538714 -0.742526 0.954659
51.551552 -0.225439 -0.614693 -0.729803 0.980450
51.651652 -0.184817 -0.685650 -0.711133 1.004979
51.751752 -0.142819 -0.751452 -0.687138 1.028220
51.851852 -0.099824 -0.811942 -0.658304 1.050038
51.951952 -0.056171 -0.866967 -0.625060 1.070274
52.052052 -0.012169 -0.916450 -0.587838 1.088844
52.152152 0.031894 -0.960443 -0.547111 1.105803
52.252252 0.075764 -0.998960 -0.503284 1.121140
52.352352 0.119210 -1.032025 -0.456725 1.134850
52.452452 0.162020 -1.059692 -0.407796 1.146950
52.552553 0.203992 -1.081950 -0.356803 1.157384
52.652653 0.244941 -1.098838 -0.304056 1.166144
52.752753 0.284691 -1.110400 -0.249852 1.173227
52.852853 0.323055 -1.116598 -0.194460 1.178546
52.952953 0.359815 -1.117301 -0.138130 1.181909
53.053053 0.394773 -1.112441 -0.081130 1.183196
53.153153 0.427756 -1.102050 -0.023745 1.182393
53.253253 0.458604 -1.086186 0.033740 1.179515
53.353353 0.487171 -1.064950 0.091040 1.174625
53.453453 0.513308 -1.038427 0.147869 1.167767
53.553554 0.536831 -1.006645 0.203928 1.158925
53.653654 0.557571 -0.969668 0.258915 1.148120
53.753754 0.575347 -0.927562 0.312509 1.135367
53.853854 0.589931 -0.880335 0.364354 1.120607
53.953954 0.601052 -0.827966 0.414044 1.103732
54.054054 0.608405 -0.770433 0.461122 1.084600
54.154154 0.611675 -0.707756 0.505090 1.063100
54.254254 0.610528 -0.639994 0.545395 1.039130
54.354354 0.604655 -0.567303 0.581460 1.012687
54.454454 0.593740 -0.489910 0.612660 0.983815
54.554555 0.577437 -0.408101 0.638282 0.952567
54.654655 0.555391 -0.322265 0.657537 0.919059
54.754755 0.527195 -0.232898 0.669486 0.883396
54.854855 0.492355 -0.140641 0.672971 0.845626
54.954955 0.450409 -0.046404 0.666711 0.805931
55.055055 0.400942 0.048543 0.649279 0.764639
55.155155 0.343554 0.142443 0.618964 0.722105
55.255255 0.278071 0.232872 0.573995 0.678986
55.355355 0.204729 0.316548 0.512697 0.636376
55.455455 0.124402 0.389151 0.433736 0.595853
55.555556 0.039016 0.445453 0.336842 0.559833
55.655656 -0.048162 0.479445 0.223327 0.531095
55.755756 -0.132357 0.485154 0.096858 0.512127
55.855856 -0.207816 0.459126 -0.035829 0.505241
55.955956 -0.269319 0.402282 -0.166097 0.511812
56.056056 -0.313603 0.319623 -0.285806 0.531216
56.156156 -0.340026 0.218610 -0.389330 0.561236
56.256256 -0.349936 0.106846 -0.474031 0.598812
56.356356 -0.345817 -0.009339 -0.539812 0.641150
56.456456 -0.330581 -0.125337 -0.588311 0.686369
56.556557 -0.306831 -0.238188 -0.621707 0.733075
56.656657 -0.276629 -0.346081 -0.642063 0.780090
56.756757 -0.241646 -0.448040 -0.651351 0.826674
56.856857 -0.203232 -0.543661 -0.651405 0.872467
56.956957 -0.162397 -0.632816 -0.643706 0.917162
57.057057 -0.119904 -0.715498 -0.629427 0.960465
57.157157 -0.076353 -0.791839 -0.609577 1.002209
57.257257 -0.032217 -0.862027 -0.585003 1.042285
57.357357 0.012136 -0.926188 -0.556352 1.080509
57.457457 0.056405 -0.984524 -0.524215 1.116812
57.557558 0.100343 -1.037271 -0.489116 1.151188
57.657658 0.143756 -1.084668 -0.451508 1.183651
57.757758 0.186485 -1.126975 -0.411796 1.214259
57.857858 0.228406 -1.164457 -0.370334 1.243091
57.957958 0.269414 -1.197334 -0.327423 1.270196
58.058058 0.309420 -1.225799 -0.283319 1.295606
58.158158 0.348344 -1.250015 -0.238249 1.319335
58.258258 0.386098 -1.270069 -0.192402 1.341329
58.358358 0.422608 -1.286062 -0.145953 1.361563
58.458458 0.457819 -1.298134 -0.099075 1.380060
58.558559 0.491683 -1.306411 -0.051922 1.396838
58.658659 0.524159 -1.311028 -0.004639 1.411935
58.758759 0.555205 -1.312093 0.042641 1.425363
58.858859 0.584779 -1.309702 0.089794 1.437132
58.958959 0.612867 -1.304005 0.136705 1.447316
59.059059 0.639423 -1.295071 0.183260 1.455904
59.159159 0.664398 -1.282956 0.229350 1.462875
59.259259 0.687750 -1.267728 0.274866 1.468225
59.359359 0.709436 -1.249446 0.319704 1.471946
59.459459 0.729438 -1.228219 0.363772 1.474086
59.559560 0.747711 -1.204100 0.406966 1.474635
59.659660 0.764207 -1.177136 0.449181 1.473575
59.759760 0.778901 -1.147416 0.490327 1.470942
59.859860 0.791790 -1.115052 0.530324 1.466805
59.959960 0.802863 -1.080149 0.569096 1.461225
60.060060 0.812121 -1.042821 0.606571 1.454285
60.160160 0.819574 -1.003191 0.642686 1.446077
60.260260 0.825166 -0.961301 0.677332 1.436586
60.360360 0.828837 -0.917189 0.710391 1.425785
60.460460 0.830535 -0.870912 0.741748 1.413671
60.560561 0.830197 -0.822516 0.771277 1.400224
60.660661 0.827770 -0.772067 0.798854 1.385445
60.760761 0.823204 -0.719639 0.824356 1.369346
60.860861 0.816416 -0.665286 0.847623 1.351889
60.960961 0.807303 -0.609056 0.868465 1.333012
61.061061 0.795793 -0.551035 0.886718 1.312705
61.161161 0.781786 -0.491304 0.902177 1.290927
61.261261 0.765218 -0.429980 0.914670 1.267699
61.361361 0.746080 -0.367229 0.924080 1.243148
61.461461 0.724297 -0.303197 0.930202 1.217296
61.561562 0.699798 -0.238047 0.932824 1.190187
61.661662 0.672490 -0.171962 0.931688 1.161833
61.761762 0.642243 -0.105148 0.926467 1.132198
61.861862 0.608927 -0.037856 0.916804 1.101251
61.961962 0.572357 0.029610 0.902224 1.068868
62.062062 0.532343 0.096870 0.882197 1.034913
62.162162 0.488772 0.163451 0.856257 0.999395
62.262262 0.441597 0.228792 0.823981 0.962444
62.362362 0.390763 0.292195 0.784850 0.924156
62.462462 0.336251 0.352797 0.738301 0.884658
62.562563 0.278110 0.409528 0.683746 0.844137
62.662663 0.216498 0.461060 0.620601 0.802866
62.762763 0.151734 0.505757 0.548346 0.761246
62.862863 0.084390 0.541664 0.466649 0.719919
62.962963 0.015373 0.566403 0.375433 0.679705
63.063063 -0.053955 0.577182 0.275069 0.641649
63.163163 -0.121621 0.571005 0.166744 0.607159
63.263263 -0.184952 0.544883 0.052727 0.577827
63.363363 -0.240667 0.496578 -0.063302 0.555443
63.463463 -0.285205 0.425391 -0.176280 0.541640
63.563564 -0.315505 0.333049 -0.280408 0.537674
63.663664 -0.329722 0.223761 -0.370220 0.543920
63.763764 -0.327576 0.103345 -0.441676 0.559521
63.863864 -0.310439 -0.021871 -0.492962 0.582977
63.963964 -0.280829 -0.146308 -0.524504 0.612678
64.064064 -0.241636 -0.265855 -0.538211 0.647100
64.164164 -0.195504 -0.377860 -0.536521 0.684730
64.264264 -0.144681 -0.480898 -0.522019 0.724361
64.364364 -0.090988 -0.574495 -0.497223 0.765215
64.464464 -0.035793 -0.658698 -0.464273 0.806668
64.564565 0.019902 -0.733824 -0.424917 0.848203
64.664665 0.075363 -0.800323 -0.380564 0.889397
64.764765 0.130055 -0.858673 -0.332340 0.929884
64.864865 0.183583 -0.909375 -0.281163 0.969391
64.964965 0.235652 -0.952880 -0.227771 1.007667
65.065065 0.286069 -0.989729 -0.172797 1.044633
65.165165 0.334695 -1.020413 -0.116760 1.080230
65.265265 0.381420 -1.045320 -0.060074 1.114354
65.365365 0.426175 -1.064859 -0.003094 1.146978
65.465465 0.468895 -1.079334 0.053887 1.178019
65.565566 0.509545 -1.089064 0.110616 1.207448
65.665666 0.548098 -1.094335 0.166877 1.235244
65.765766 0.584572 -1.095474 0.222493 1.261463
65.865866 0.618999 -1.092796 0.277318 1.286184
65.965966 0.651346 -1.086467 0.331199 1.309334
66.066066 0.681581 -1.076633 0.383995 1.330843
66.166166 0.709700 -1.063474 0.435588 1.350699
66.266266 0.735719 -1.047184 0.485880 1.368926
66.366366 0.759638 -1.027924 0.534776 1.385519
66.466466 0.781466 -1.005850 0.582189 1.400488
66.566567 0.801229 -0.981133 0.628054 1.413874
66.666667 0.818918 -0.953894 0.672283 1.425659
66.766767 0.834544 -0.924267 0.714809 1.435857
66.866867 0.848129 -0.892394 0.755577 1.444502
66.966967 0.859660 -0.858378 0.794506 1.451574
67.067067 0.869163 -0.822349 0.831551 1.457113
67.167167 0.876671 -0.784450 0.866679 1.461180
67.267267 0.882166 -0.744763 0.899806 1.463742
67.367367 0.885648 -0.703392 0.930871 1.464804
67.467467 0.887187 -0.660492 0.959885 1.464490
67.567568 0.886826 -0.616193 0.986834 1.462872
67.667668 0.884567 -0.570590 1.011661 1.459962
67.767768 0.880392 -0.523767 1.034289 1.455739
67.867868 0.874287 -0.475810 1.054638 1.450184
67.967968 0.866257 -0.426821 1.072656 1.443318
68.068068 0.856238 -0.376868 1.088202 1.435046
68.168168 0.844171 -0.326030 1.101135 1.425278
68.268268 0.830033 -0.274408 1.111356 1.413989
68.368368 0.813804 -0.222111 1.118767 1.401160
68.468468 0.795459 -0.169254 1.123260 1.386765
68.568569 0.774933 -0.115950 1.124661 1.370703
68.668669 0.752140 -0.062326 1.122761 1.352846
68.768769 0.727053 -0.008529 1.117424 1.333160
68.868869 0.699682 0.045276 1.108566 1.311687
68.968969 0.670012 0.098912 1.096054 1.288423
69.069069 0.638016 0.152184 1.079724 1.263341
69.169169 0.603656 0.204870 1.059379 1.236389
69.269269 0.566894 0.256716 1.034803 1.207514
69.369369 0.527719 0.307445 1.005807 1.176715
69.469469 0.486084 0.356711 0.972106 1.143901
69.569570 0.441917 0.404085 0.933317 1.108898
69.669670 0.395165 0.449058 0.889048 1.071548
69.769770 0.345779 0.490994 0.838825 1.031633
69.869870 0.293775 0.529159 0.782218 0.989029
69.969970 0.239206 0.562632 0.718736 0.943586
70.070070 0.182152 0.590161 0.647725 0.894995
70.170170 0.122826 0.610182 0.568545 0.843001
70.270270 0.061654 0.620781 0.480664 0.787533
70.370370 -0.000637 0.619470 0.383660 0.728656
70.470470 -0.062827 0.602914 0.277346 0.666614
70.570571 -0.122864 0.566820 0.162225 0.602244
70.670671 -0.177297 0.505725 0.040234 0.537411
70.770771 -0.220393 0.413174 -0.083782 0.475715
70.870871 -0.243305 0.283799 -0.199496 0.423719
70.970971 -0.235243 0.119345 -0.289160 0.391403
71.071071 -0.189980 -0.063361 -0.332711 0.388334
71.171171 -0.113777 -0.236207 -0.322361 0.415519
71.271271 -0.021711 -0.378097 -0.268297 0.464125
71.371371 0.073025 -0.483385 -0.187379 0.523550
71.471471 0.163082 -0.555647 -0.093183 0.586534
71.571572 0.245378 -0.600888 0.005809 0.649084
71.671672 0.318958 -0.624559 0.104732 0.709068
71.771772 0.383749 -0.630921 0.200834 0.765284
71.871872 0.440152 -0.623434 0.292581 0.817317
71.971972 0.488815 -0.604954 0.379201 0.865277
72.072072 0.530405 -0.577709 0.460342 0.909391
72.172172 0.565497 -0.543385 0.535844 0.949833
72.272272 0.594560 -0.503272 0.605630 0.986697
72.372372 0.618105 -0.458493 0.669793 1.020242
72.472472 0.636608 -0.409983 0.728486 1.050737
72.572573 0.650445 -0.358479 0.781834 1.078355
72.672673 0.659931 -0.304590 0.829943 1.103218
72.772773 0.665325 -0.248826 0.872897 1.125398
72.872873 0.666857 -0.191633 0.910776 1.144961
72.972973 0.664710 -0.133398 0.943620 1.161918
73.073073 0.659070 -0.074478 0.971495 1.176317
73.173173 0.650097 -0.015198 0.994447 1.188185
73.273273 0.637965 0.044139 1.012557 1.197588
73.373373 0.622831 0.103250 1.025891 1.204588
73.473473 0.604798 0.161861 1.034437 1.209148
73.573574 0.583982 0.219708 1.038212 1.211277
73.673674 0.560537 0.276545 1.037298 1.211060
73.773774 0.534602 0.332133 1.031766 1.208574
73.873874 0.506305 0.386231 1.021660 1.203872
73.973974 0.475732 0.438565 1.006944 1.196911
74.074074 0.442948 0.488835 0.987533 1.187596
74.174174 0.408038 0.536728 0.963363 1.175857
74.274274 0.371083 0.581896 0.934343 1.161595
74.374374 0.332191 0.623993 0.900424 1.144762
74.474474 0.291486 0.662641 0.861565 1.125323
74.574575 0.249116 0.697460 0.817757 1.103284
74.674675 0.205250 0.728031 0.769001 1.078665
74.774775 0.160058 0.753824 0.715230 1.051391
74.874875 0.113734 0.774182 0.656338 1.021310
74.974975 0.066527 0.788392 0.592264 0.988314
75.075075 0.018767 0.795805 0.523115 0.952527
75.175175 -0.029149 0.795733 0.449079 0.914173
75.275275 -0.076730 0.787242 0.370331 0.873374
75.375375 -0.123340 0.769094 0.287086 0.830142
75.475475 -0.168131 0.739817 0.199741 0.784534
75.575576 -0.209973 0.697744 0.109005 0.736761
75.675676 -0.247366 0.641066 0.016070 0.687324
75.775776 -0.278302 0.567843 -0.077168 0.637065
75.875876 -0.300121 0.476229 -0.167747 0.587372
75.975976 -0.309469 0.365071 -0.251203 0.540510
76.076076 -0.302182 0.234618 -0.320951 0.499368
76.176176 -0.273925 0.088269 -0.368188 0.467321
76.276276 -0.222392 -0.065221 -0.383917 0.448447
76.376376 -0.149431 -0.212155 -0.362485 0.445796
76.476476 -0.061607 -0.338070 -0.305050 0.459502
76.576577 0.031998 -0.433429 -0.219716 0.486990
76.676677 0.123413 -0.496071 -0.117447 0.524510
76.776777 0.207609 -0.529014 -0.007886 0.568348
76.876877 0.282198 -0.537167 0.102232 0.615333
76.976977 0.346543 -0.525650 0.208745 0.663305
77.077077 0.400863 -0.498844 0.309272 0.710764
77.177177 0.445711 -0.460201 0.402520 0.756615
77.277277 0.481885 -0.412573 0.487955 0.800331
77.377377 0.510239 -0.358234 0.565478 0.841689
77.477477 0.531598 -0.298976 0.635256 0.880644
77.577578 0.546722 -0.236213 0.697581 0.917235
77.677678 0.556228 -0.171028 0.752737 0.951448
77.777778 0.560602 -0.104275 0.800939 0.983184
77.877878 0.560292 -0.036661 0.842444 1.012414
77.977978 0.555782 0.031216 0.877625 1.039276
78.078078 0.547509 0.098869 0.906857 1.063922
78.178178 0.535827 0.165890 0.930433 1.086433
78.278278 0.521009 0.231922 0.948551 1.106792
78.378378 0.503299 0.296647 0.961394 1.124984
78.478478 0.482940 0.359791 0.969163 1.141034
78.578579 0.460129 0.421086 0.971998 1.154907
78.678679 0.435054 0.480285 0.970035 1.166582
78.778779 0.407937 0.537206 0.963504 1.176156
78.878879 0.378977 0.591672 0.952604 1.183703
78.978979 0.348340 0.643489 0.937468 1.189229
79.079079 0.316174 0.692446 0.918195 1.192698
79.179179 0.282605 0.738294 0.894826 1.194009
79.279279 0.247777 0.780808 0.867442 1.193110
79.379379 0.211838 0.819770 0.836136 1.189967
79.479479 0.174937 0.854957 0.801004 1.184551
79.579580 0.137240 0.886176 0.762176 1.176883
79.679680 0.098913 0.913244 0.719798 1.167008
79.779780 0.060128 0.935944 0.674000 1.154938
79.879880 0.021060 0.954042 0.624909 1.140680
79.979980 -0.018100 0.967384 0.572722 1.124353
80.080080 -0.057156 0.975833 0.517657 1.106113
80.180180 -0.095898 0.979152 0.459894 1.086019
80.280280 -0.134087 0.976984 0.399575 1.064020
80.380380 -0.171467 0.969014 0.336904 1.040141
80.480480 -0.207744 0.954897 0.272120 1.014414
80.580581 -0.242548 0.934092 0.205456 0.986696
80.680681 -0.275437 0.905975 0.137211 0.956809
80.780781 -0.305944 0.870081 0.067814 0.924793
80.880881 -0.333552 0.825999 -0.002190 0.890806
80.980981 -0.357582 0.773119 -0.072132 0.854857
81.081081 -0.377176 0.710708 -0.141141 0.816877
81.181181 -0.391308 0.638074 -0.208066 0.776886
81.281281 -0.398702 0.554529 -0.271358 0.734916
81.381381 -0.397831 0.459575 -0.328972 0.691160
81.481481 -0.386969 0.353183 -0.378260 0.646192
81.581582 -0.364155 0.236016 -0.415782 0.600988
81.681682 -0.327178 0.109861 -0.437015 0.556864
81.781782 -0.273946 -0.021487 -0.436371 0.515682
81.881882 -0.203508 -0.151126 -0.408097 0.480414
81.981982 -0.117298 -0.268524 -0.347866 0.454834
82.082082 -0.020399 -0.360728 -0.255485 0.442508
82.182182 0.078475 -0.416274 -0.137293 0.445300
82.282282 0.169578 -0.430169 -0.005238 0.462417
82.382382 0.245753 -0.405707 0.127581 0.491192
82.482482 0.303929 -0.351174 0.251277 0.528049
82.582583 0.344179 -0.275680 0.360307 0.569455
82.682683 0.368337 -0.187120 0.452602 0.612809
82.782783 0.378864 -0.091516 0.528221 0.656453
82.882883 0.378115 0.006887 0.588164 0.699254
82.982983 0.368133 0.105172 0.633778 0.740444
83.083083 0.350674 0.201355 0.666540 0.779610
83.183183 0.327210 0.294111 0.687901 0.816563
83.283283 0.298955 0.382570 0.699196 0.851239
83.383383 0.266836 0.466073 0.701445 0.883431
83.483483 0.231598 0.544119 0.695493 0.912915
83.583584 0.193916 0.616404 0.682187 0.939647
83.683684 0.154361 0.682698 0.662269 0.963590
83.783784 0.113428 0.742859 0.636415 0.984749
83.883884 0.071553 0.796779 0.605233 1.003137
83.983984 0.029125 0.844431 0.569302 1.018831
84.084084 -0.013509 0.885810 0.529161 1.031917
84.184184 -0.056036 0.920887 0.485271 1.042430
84.284284 -0.098174 0.949733 0.438112 1.050511
84.384384 -0.139655 0.972338 0.388093 1.056201
84.484484 -0.180203 0.988533 0.335534 1.059364
84.584585 -0.219557 0.998235 0.280788 1.059962
84.684685 -0.257482 1.001491 0.224245 1.058096
84.784785 -0.293759 0.998379 0.166293 1.053902
84.884885 -0.328150 0.988896 0.107299 1.047430
84.984985 -0.360387 0.972962 0.047624 1.038654
85.085085 -0.390227 0.950588 -0.012348 1.027641
85.185185 -0.417431 0.921824 -0.072217 1.014506
85.285285 -0.441758 0.886735 -0.131571 0.999380
85.385385 -0.462884 0.845254 -0.189950 0.982241
85.485485 -0.480439 0.797281 -0.246846 0.963022
85.585586 -0.494085 0.742850 -0.301716 0.941796
85.685686 -0.503405 0.681947 -0.353925 0.918549
85.785786 -0.507920 0.614566 -0.402735 0.893235
85.885886 -0.507169 0.540845 -0.447351 0.865943
85.985986 -0.500684 0.461042 -0.486887 0.836841
86.086086 -0.487855 0.375440 -0.520230 0.805976
86.186186 -0.467949 0.284439 -0.545996 0.773300
86.286286 -0.440167 0.188706 -0.562537 0.738786
86.386386 -0.403633 0.089294 -0.567849 0.702386
86.486486 -0.357565 -0.012140 -0.559693 0.664271
86.586587 -0.301466 -0.113122 -0.535767 0.625080
86.686687 -0.235107 -0.210071 -0.493493 0.585611
86.786787 -0.158876 -0.297922 -0.430324 0.546972
86.886887 -0.074490 -0.370015 -0.344780 0.511208
86.986987 0.014468 -0.418186 -0.237320 0.481051
87.087087 0.102083 -0.433810 -0.111726 0.459451
87.187187 0.180332 -0.410384 0.023653 0.448881
87.287287 0.241038 -0.347168 0.156647 0.450737
87.387387 0.278711 -0.250681 0.274734 0.464758
87.487487 0.292138 -0.132162 0.369059 0.488892
87.587588 0.283821 -0.003550 0.436074 0.520315
87.687688 0.258176 0.125535 0.476626 0.556405
87.787788 0.219826 0.248659 0.493856 0.595020
87.887888 0.172654 0.361977 0.491374 0.634260
87.987988 0.119726 0.463385 0.472608 0.672620
88.088088 0.063427 0.551899 0.440633 0.709065
88.188188 0.005594 0.627259 0.398119 0.742956
88.288288 -0.052366 0.689689 0.347380 0.774007
88.388388 -0.109375 0.739545 0.290304 0.801977
88.488488 -0.164587 0.777256 0.228460 0.826686
88.588589 -0.217334 0.803337 0.163203 0.848069
88.688689 -0.267069 0.818307 0.095697 0.866089
88.788789 -0.313348 0.822707 0.026965 0.880772
88.888889 -0.355804 0.817092 -0.042084 0.892192
88.988989 -0.394096 0.801937 -0.110624 0.900363
89.089089 -0.427920 0.777710 -0.177898 0.905315
89.189189 -0.457012 0.744908 -0.243190 0.907133
89.289289 -0.481095 0.703963 -0.305802 0.905831
89.389389 -0.499914 0.655338 -0.365056 0.901470
89.489489 -0.513239 0.599533 -0.420283 0.894143
89.589590 -0.520747 0.536961 -0.470729 0.883793
89.689690 -0.522065 0.468033 -0.515564 0.870295
89.789790 -0.516790 0.393225 -0.553868 0.853503
89.889890 -0.504441 0.313069 -0.584569 0.833183
89.989990 -0.484575 0.228284 -0.606537 0.809205
90.090090 -0.456865 0.139841 -0.618663 0.781681
90.190190 -0.421023 0.048957 -0.619748 0.750829
90.290290 -0.376819 -0.042843 -0.608489 0.716999
90.390390 -0.324125 -0.133599 -0.583471 0.680694
90.490490 -0.262921 -0.220736 -0.543066 0.642473
90.590591 -0.193445 -0.300742 -0.485458 0.602939
90.690691 -0.116489 -0.368797 -0.408879 0.562817
90.790791 -0.034014 -0.418765 -0.312546 0.523647
90.890891 0.050311 -0.443365 -0.197606 0.488008
90.990991 0.130657 -0.434902 -0.068280 0.459210
91.091091 0.199037 -0.387395 0.066812 0.440630
91.191191 0.246951 -0.300362 0.194842 0.434931
91.291291 0.268780 -0.181577 0.302307 0.443399
91.391391 0.263987 -0.044602 0.379957 0.464808
91.491491 0.236441 0.096534 0.425054 0.495877
91.591592 0.192108 0.231177 0.440197 0.533031
91.691692 0.136842 0.353029 0.430516 0.573323
91.791792 0.075383 0.459313 0.401605 0.614767
91.891892 0.011195 0.549498 0.358484 0.656189
91.991992 -0.053356 0.624086 0.305118 0.696726
92.092092 -0.116686 0.684068 0.244568 0.735784
92.192192 -0.177756 0.730710 0.179223 0.773082
92.292292 -0.235875 0.765193 0.110887 0.808365
92.392392 -0.290554 0.788515 0.040932 0.841340
92.492492 -0.341519 0.801753 -0.029547 0.871961
92.592593 -0.388646 0.805991 -0.099691 0.900337
92.692693 -0.431834 0.802072 -0.168816 0.926444
92.792793 -0.471038 0.790765 -0.236376 0.950295
92.892893 -0.506224 0.772728 -0.301909 0.971864
92.992993 -0.537323 0.748470 -0.364995 0.991033
93.093093 -0.564295 0.718478 -0.425267 1.007716
93.193193 -0.587117 0.683219 -0.482402 1.021864
93.293293 -0.605773 0.643130 -0.536105 1.033434
93.393393 -0.620298 0.598668 -0.586141 1.042466
93.493493 -0.630806 0.550345 -0.632373 1.049138
93.593594 -0.637378 0.498604 -0.674649 1.053569
93.693694 -0.639943 0.443747 -0.712671 1.055622
93.793794 -0.638408 0.386065 -0.746117 1.055131
93.893894 -0.632764 0.325916 -0.774749 1.052068
93.993994 -0.622989 0.263658 -0.798312 1.046391
94.094094 -0.609002 0.199639 -0.816464 1.037956
94.194194 -0.590750 0.134241 -0.828888 1.026675
94.294294 -0.568248 0.067898 -0.835334 1.012570
94.394394 -0.541502 0.001071 -0.835527 0.995656
94.494494 -0.510517 -0.065740 -0.829163 0.975941
94.594595 -0.475259 -0.131972 -0.815843 0.953356
94.694695 -0.435671 -0.196968 -0.795069 0.927761
94.794795 -0.391742 -0.259965 -0.766350 0.899075
94.894895 -0.343509 -0.320061 -0.729183 0.867264
94.994995 -0.291037 -0.376149 -0.682981 0.832258
95.095095 -0.234492 -0.426902 -0.627179 0.794094
95.195195 -0.174201 -0.470732 -0.561292 0.752983
95.295295 -0.110645 -0.505558 -0.484772 0.709109
95.395395 -0.044582 -0.528574 -0.397048 0.662590
95.495495 0.022689 -0.536112 -0.297849 0.613714
95.595596 0.088968 -0.523381 -0.187595 0.563059
95.695696 0.150618 -0.484494 -0.068249 0.511936
95.795796 0.201903 -0.413142 0.055250 0.463145
95.895896 0.234590 -0.304579 0.173135 0.421636
95.995996 0.238939 -0.160045 0.269595 0.394192
96.096096 0.208265 0.007407 0.326204 0.387089
96.196196 0.145274 0.173801 0.332251 0.402122
96.296296 0.061738 0.316612 0.291928 0.435059
96.396396 -0.029060 0.425016 0.219028 0.479016
96.496496 -0.117784 0.498399 0.127585 0.527780
96.596597 -0.199370 0.540760 0.027902 0.577017
96.696697 -0.271598 0.557403 -0.073298 0.624369
96.796797 -0.333763 0.553244 -0.171876 0.668594
96.896897 -0.385877 0.532345 -0.265328 0.709007
96.996997 -0.428295 0.498029 -0.352138 0.745299
97.097097 -0.461497 0.452976 -0.431384 0.777341
97.197197 -0.485981 0.399358 -0.502484 0.805080
97.297297 -0.502202 0.338950 -0.565041 0.828472
97.397397 -0.510662 0.273307 -0.618865 0.847624
97.497497 -0.511867 0.203789 -0.663891 0.862721
97.597598 -0.506256 0.131568 -0.700070 0.873901
97.697698 -0.494229 0.057694 -0.727369 0.881282
97.797798 -0.476102 -0.016873 -0.745676 0.884868
97.897898 -0.452153 -0.091213 -0.754854 0.884628
97.997998 -0.422688 -0.164416 -0.754808 0.880586
98.098098 -0.388009 -0.235565 -0.745435 0.872763
98.198198 -0.348349 -0.303649 -0.726466 0.860989
98.298298 -0.303964 -0.367575 -0.697621 0.845092
98.398398 -0.255200 -0.426150 -0.658688 0.824985
98.498498 -0.202465 -0.478025 -0.609466 0.800593
98.598599 -0.146250 -0.521572 -0.549698 0.771748
98.698699 -0.087184 -0.554770 -0.479100 0.738178
98.798799 -0.026170 -0.575214 -0.397576 0.699730
98.898899 0.035488 -0.580097 -0.305395 0.656535
98.998999 0.095893 -0.565950 -0.203334 0.608966
99.099099 0.152197 -0.528355 -0.093044 0.557656
99.199199 0.200101 -0.462252 0.021974 0.504183
99.299299 0.233030 -0.362335 0.134864 0.451417
99.399399 0.241764 -0.225710 0.233184 0.404684
99.499499 0.216247 -0.058180 0.297805 0.372606
99.599600 0.152216 0.118871 0.308863 0.364276
99.699700 0.059079 0.273453 0.261024 0.382624
99.799800 -0.044488 0.383529 0.169443 0.421645
99.899900 -0.143125 0.445986 0.055909 0.471714
100.000000 -0.229232 0.468202 -0.063263 0.525131
